timestep,x_cm,y_cm,z_cm,yaw_deg,basis_xx,basis_xy,basis_xz,basis_yx,basis_yy,basis_yz,basis_zx,basis_zy,basis_zz,teleport_flag,throttle_cmd,steering_cmd,cmd_move_cm,cmd_turn_deg,lidar_cm_0,lidar_cm_1,lidar_cm_2,lidar_cm_3,lidar_cm_4,lidar_cm_5,lidar_cm_6,lidar_cm_7,lidar_cm_8,lidar_cm_9,lidar_cm_10,lidar_cm_11,lidar_cm_12,lidar_cm_13,lidar_cm_14,lidar_cm_15,lidar_cm_16,lidar_class_0,lidar_class_1,lidar_class_2,lidar_class_3,lidar_class_4,lidar_class_5,lidar_class_6,lidar_class_7,lidar_class_8,lidar_class_9,lidar_class_10,lidar_class_11,lidar_class_12,lidar_class_13,lidar_class_14,lidar_class_15,lidar_class_16
0,-6232.670,6235.973,-499.144,105.884,-0.273778,-0.961751,0.008976,0.961754,-0.273671,0.011540,-0.008642,0.011792,0.999893,1,0.08000,-0.12000,4.800,-0.240,-1,400.000,-1,450.000,-1,350.000,350.000,275.000,275.000,-1,-1,-1,-1,875.000,-1,-1,-1,2,0,2,0,2,0,0,0,0,2,2,2,2,0,2,2,2
1,-6235.220,6245.228,-499.234,105.404,-0.265722,-0.964007,0.009080,0.964002,-0.265603,0.012467,-0.009606,0.012066,0.999881,0,0.16000,-0.24000,9.600,-0.480,-1,400.000,-1,450.000,-1,325.000,350.000,275.000,275.000,-1,-1,-1,-1,900.000,-1,-1,-1,2,0,2,0,2,0,0,0,0,2,2,2,2,0,2,2,2
2,-6238.870,6259.157,-499.370,104.684,-0.253605,-0.967264,0.009244,0.967245,-0.253467,0.013854,-0.011057,0.012455,0.999861,0,0.24000,-0.36000,14.400,-0.720,-1,400.000,-1,450.000,-1,325.000,350.000,275.000,275.000,-1,-1,-1,-1,900.000,-1,-1,-1,2,0,2,0,2,0,0,0,0,2,2,2,2,0,2,2,2
3,-6243.504,6277.790,-499.550,103.966,-0.241492,-0.970357,0.009459,0.970316,-0.241329,0.015688,-0.012940,0.012967,0.999832,0,0.32000,-0.35887,19.200,-0.718,-1,400.000,-1,450.000,-1,325.000,350.000,275.000,275.000,-1,-1,-1,-1,900.000,-1,-1,-1,2,0,2,0,2,0,0,0,0,2,2,2,2,0,2,2,2
4,-6249.007,6301.151,-499.772,103.255,-0.229453,-0.973271,0.009727,0.973200,-0.229256,0.017968,-0.015258,0.013589,0.999791,0,0.40000,-0.35584,24.000,-0.712,-1,400.000,-1,450.000,-1,325.000,350.000,250.000,275.000,-1,-1,-1,-1,900.000,-1,-1,-1,2,0,2,0,2,0,0,0,0,2,2,2,2,0,2,2,2
5,-6255.265,6329.263,-500.038,102.550,-0.217515,-0.976005,0.010045,0.975891,-0.217277,0.020692,-0.018012,0.014304,0.999735,0,0.48000,-0.35205,28.800,-0.704,-1,400.000,-1,450.000,-1,325.000,350.000,275.000,275.000,-1,-1,-1,-1,900.000,-1,-1,-1,2,0,2,0,2,0,0,0,0,2,2,2,2,0,2,2,2
6,-6262.168,6362.146,-500.348,101.855,-0.205709,-0.978558,0.010415,0.978383,-0.205419,0.023859,-0.021208,0.015097,0.999661,0,0.56000,-0.34752,33.600,-0.695,-1,400.000,-1,450.000,-1,350.000,350.000,275.000,275.000,-1,-1,-1,-1,900.000,-1,-1,-1,2,0,2,0,2,0,0,0,0,2,2,2,2,0,2,2,2
7,-6269.553,6399.540,-500.700,101.171,-0.194065,-0.980929,0.010831,0.980675,-0.193711,0.027441,-0.024820,0.015947,0.999565,0,0.63526,-0.34225,38.116,-0.684,-1,425.000,-1,450.000,-1,350.000,350.000,275.000,275.000,-1,-1,-1,-1,900.000,-1,-1,-1,2,0,2,0,2,0,0,0,0,2,2,2,2,0,2,2,2
8,-6276.550,6437.303,-501.054,100.498,-0.182602,-0.983122,0.011270,0.982775,-0.182181,0.031044,-0.028467,0.016744,0.999454,0,0.64009,-0.33628,38.405,-0.673,-1,425.000,-1,450.000,-1,350.000,350.000,275.000,275.000,-1,-1,-1,-1,900.000,-1,-1,-1,2,0,2,0,2,0,0,0,0,2,2,2,2,0,2,2,2
9,-6283.162,6475.430,-501.413,99.838,-0.171325,-0.985145,0.011729,0.984690,-0.170834,0.034667,-0.032149,0.017489,0.999330,0,0.64493,-0.33027,38.696,-0.661,-1,425.000,-1,450.000,-1,350.000,350.000,275.000,300.000,-1,-1,-1,-1,900.000,-1,-1,-1,2,0,2,0,2,0,0,0,0,2,2,2,2,0,2,2,2
10,-6289.388,6513.917,-501.870,99.189,-0.160248,-0.986996,0.012595,0.986435,-0.159671,0.038094,-0.035588,0.018529,0.999195,0,0.64978,-0.32422,38.987,-0.648,-1,425.000,-1,450.000,-1,350.000,350.000,275.000,300.000,-1,-1,-1,-1,875.000,1000.000,-1,-1,2,0,2,0,2,0,0,0,0,2,2,2,2,0,0,2,2
11,-6295.230,6552.759,-503.082,98.553,-0.149463,-0.988633,0.016315,0.988020,-0.148689,0.041321,-0.038426,0.022296,0.999013,0,0.65465,-0.31814,39.279,-0.636,-1,425.000,-1,450.000,-1,350.000,350.000,300.000,275.000,-1,-1,-1,-1,875.000,975.000,-1,-1,2,0,2,0,2,0,0,0,0,2,2,2,2,0,0,2,2
12,-6300.690,6591.952,-504.559,97.929,-0.138906,-0.990098,0.020263,0.989438,-0.137899,0.044674,-0.041438,0.026255,0.998796,0,0.65953,-0.31202,39.572,-0.624,-1,425.000,-1,450.000,-1,350.000,350.000,300.000,275.000,-1,-1,-1,-1,875.000,950.000,-1,-1,2,0,2,0,2,0,0,0,0,2,2,2,2,0,0,2,2
13,-6305.767,6631.493,-506.900,97.317,-0.128408,-0.991501,0.020925,0.990749,-0.127319,0.046961,-0.043897,0.026761,0.998678,0,0.66442,-0.30586,39.865,-0.612,-1,425.000,-1,450.000,-1,350.000,350.000,300.000,275.000,-1,-1,-1,-1,875.000,925.000,-1,-1,2,0,2,0,2,0,0,0,0,2,2,2,2,0,0,2,2
14,-6310.465,6671.377,-509.374,96.718,-0.118099,-0.992777,0.021110,0.991901,-0.116941,0.049564,-0.046737,0.026792,0.998548,0,0.66932,-0.29966,40.159,-0.599,-1,425.000,-1,450.000,-1,350.000,350.000,300.000,275.000,-1,-1,-1,-1,850.000,900.000,-1,-1,2,0,2,0,2,0,0,0,0,2,2,2,2,0,0,2,2
15,-6314.786,6711.601,-511.871,96.131,-0.107995,-0.993923,0.021315,0.992913,-0.106767,0.052189,-0.049596,0.026801,0.998410,0,0.67425,-0.29343,40.455,-0.587,-1,425.000,-1,450.000,-1,350.000,350.000,275.000,275.000,-1,-1,-1,-1,850.000,875.000,-1,-1,2,0,2,0,2,0,0,0,0,2,2,2,2,0,0,2,2
16,-6318.731,6752.161,-514.390,95.557,-0.098099,-0.994943,0.021541,0.993792,-0.096798,0.054836,-0.052474,0.026786,0.998263,0,0.67918,-0.28716,40.751,-0.574,-1,425.000,-1,450.000,-1,350.000,350.000,275.000,275.000,-1,-1,-1,-1,825.000,850.000,-1,-1,2,0,2,0,2,0,0,0,0,2,2,2,2,0,0,2,2
17,-6322.305,6793.054,-516.933,94.995,-0.088414,-0.995846,0.021785,0.994544,-0.087040,0.057505,-0.055370,0.026750,0.998108,0,0.68414,-0.28085,41.048,-0.562,-1,425.000,-1,425.000,-1,350.000,350.000,275.000,275.000,-1,-1,-1,-1,825.000,850.000,-1,-1,2,0,2,0,2,0,0,0,0,2,2,2,2,0,0,2,2
18,-6325.510,6834.276,-519.497,94.446,-0.078941,-0.996635,0.022047,0.995174,-0.077494,0.060195,-0.058284,0.026692,0.997943,0,0.68911,-0.27450,41.346,-0.549,-1,425.000,-1,425.000,-1,350.000,350.000,275.000,275.000,-1,-1,-1,-1,800.000,825.000,-1,-1,2,0,2,0,2,0,0,0,0,2,2,2,2,0,0,2,2
19,-6328.350,6875.825,-522.085,93.910,-0.069685,-0.997319,0.022325,0.995689,-0.068163,0.062906,-0.061216,0.026613,0.997770,0,0.69410,-0.26812,41.646,-0.536,-1,400.000,-1,425.000,-1,350.000,350.000,275.000,275.000,-1,-1,-1,-1,775.000,800.000,-1,-1,2,0,2,0,2,0,0,0,0,2,2,2,2,0,0,2,2
20,-6331.010,6917.951,-524.708,93.614,-0.064613,-0.997654,0.022627,0.995849,-0.063006,0.065693,-0.064113,0.026778,0.997583,0,0.70349,-0.14812,42.209,-0.296,-1,400.000,-1,425.000,-1,325.000,350.000,275.000,275.000,-1,-1,-1,-1,775.000,775.000,-1,-1,2,0,2,0,2,0,0,0,0,2,2,2,2,0,0,2,2
21,-6333.648,6960.383,-527.349,93.557,-0.063728,-0.997704,0.022934,0.995719,-0.062026,0.068537,-0.066957,0.027204,0.997385,0,0.70854,-0.02812,42.513,-0.056,-1,400.000,-1,425.000,-1,325.000,350.000,275.000,275.000,-1,-1,-1,-1,750.000,775.000,-1,-1,2,0,2,0,2,0,0,0,0,2,2,2,2,0,0,2,2
22,-6336.362,7003.116,-530.006,93.634,-0.065160,-0.997604,0.023236,0.995432,-0.063354,0.071422,-0.069779,0.027783,0.997176,0,0.71364,0.03818,42.819,0.076,-1,400.000,-1,400.000,-1,325.000,325.000,275.000,275.000,-1,-1,-1,-1,750.000,750.000,-1,-1,2,0,2,0,2,0,0,0,0,2,2,2,2,0,0,2,2
23,-6339.149,7046.016,-532.671,93.718,-0.066723,-0.997494,0.023535,0.995126,-0.064811,0.074319,-0.072607,0.028379,0.996957,0,0.71651,0.04187,42.991,0.084,-1,400.000,-1,400.000,-1,325.000,325.000,275.000,275.000,-1,-1,-1,-1,725.000,750.000,-1,-1,2,0,2,0,2,0,0,0,0,2,2,2,2,0,0,2,2
24,-6341.999,7088.913,-535.335,93.801,-0.068289,-0.997381,0.023832,0.994810,-0.066268,0.077216,-0.075434,0.028981,0.996730,0,0.71651,0.04187,42.991,0.084,-1,375.000,-1,400.000,-1,325.000,325.000,275.000,275.000,-1,-1,-1,-1,725.000,725.000,-1,-1,2,0,2,0,2,0,0,0,0,2,2,2,2,0,0,2,2
25,-6344.912,7131.805,-537.996,93.885,-0.069857,-0.997265,0.024127,0.994483,-0.067724,0.080112,-0.078259,0.029590,0.996494,0,0.71651,0.04187,42.991,0.084,-1,375.000,-1,400.000,-1,325.000,325.000,300.000,275.000,-1,-1,-1,-1,700.000,700.000,-1,-1,2,0,2,0,2,0,0,0,0,2,2,2,2,0,0,2,2
26,-6347.887,7174.694,-540.654,93.969,-0.071428,-0.997147,0.024419,0.994145,-0.069180,0.083007,-0.081081,0.030205,0.996250,0,0.71651,0.04187,42.991,0.084,-1,375.000,-1,400.000,-1,325.000,325.000,300.000,275.000,-1,-1,-1,-1,675.000,700.000,-1,-1,2,0,2,0,2,0,0,0,0,2,2,2,2,0,0,2,2
27,-6350.925,7217.577,-543.544,94.052,-0.073041,-0.996999,0.025647,0.993897,-0.070634,0.084735,-0.082669,0.031680,0.996073,0,0.71651,0.04187,42.991,0.084,-1,375.000,-1,375.000,975.000,300.000,325.000,300.000,275.000,-1,-1,-1,-1,675.000,675.000,-1,-1,2,0,2,0,0,0,0,0,0,2,2,2,2,0,0,2,2
28,-6354.026,7260.456,-546.710,94.136,-0.074508,-0.996881,0.026026,0.993858,-0.072090,0.083963,-0.081825,0.032122,0.996129,0,0.71651,0.04187,42.991,0.084,-1,375.000,-1,375.000,950.000,300.000,325.000,300.000,275.000,-1,-1,-1,-1,675.000,675.000,-1,-1,2,0,2,0,0,0,0,0,0,2,2,2,2,0,0,2,2
29,-6356.750,7298.549,-549.519,94.089,-0.073683,-0.996931,0.026442,0.994017,-0.071272,0.082766,-0.080628,0.032382,0.996218,0,0.63651,-0.02348,38.191,-0.047,-1,375.000,-1,375.000,950.000,300.000,325.000,300.000,275.000,-1,-1,-1,-1,675.000,675.000,-1,1000.000,2,0,2,0,0,0,0,0,0,2,2,2,2,0,0,2,0
30,-6359.104,7331.856,-551.975,94.042,-0.072858,-0.996982,0.026807,0.994162,-0.070454,0.081721,-0.079586,0.032604,0.996295,0,0.55651,-0.02348,33.391,-0.047,-1,375.000,-1,375.000,925.000,325.000,325.000,300.000,275.000,-1,-1,-1,-1,675.000,675.000,-1,1000.000,2,0,2,0,0,0,0,0,0,2,2,2,2,0,0,2,0
31,-6361.096,7360.377,-554.079,93.995,-0.072033,-0.997033,0.027119,0.994293,-0.069637,0.080826,-0.078698,0.032787,0.996359,0,0.47651,-0.02348,28.591,-0.047,-1,375.000,-1,400.000,900.000,325.000,325.000,300.000,275.000,-1,-1,-1,-1,675.000,675.000,-1,975.000,2,0,2,0,0,0,0,0,0,2,2,2,2,0,0,2,0
32,-6362.734,7384.112,-555.830,93.948,-0.071210,-0.997086,0.027379,0.994410,-0.068820,0.080080,-0.077963,0.032929,0.996412,0,0.39651,-0.02348,23.791,-0.047,-1,375.000,-1,400.000,900.000,325.000,325.000,300.000,275.000,-1,-1,-1,-1,675.000,650.000,-1,975.000,2,0,2,0,0,0,0,0,0,2,2,2,2,0,0,2,0
33,-6364.026,7403.058,-557.228,93.901,-0.070386,-0.997138,0.027586,0.994514,-0.068002,0.079483,-0.077380,0.033029,0.996454,0,0.31651,-0.02348,18.991,-0.047,-1,375.000,-1,400.000,875.000,325.000,325.000,300.000,275.000,-1,-1,-1,-1,675.000,650.000,-1,950.000,2,0,2,0,0,0,0,0,0,2,2,2,2,0,0,2,0
34,-6364.980,7417.217,-558.273,93.854,-0.069564,-0.997192,0.027740,0.994605,-0.067185,0.079035,-0.076949,0.033089,0.996486,0,0.23651,-0.02348,14.191,-0.047,-1,375.000,-1,400.000,875.000,325.000,325.000,300.000,275.000,-1,-1,-1,-1,675.000,650.000,-1,950.000,2,0,2,0,0,0,0,0,0,2,2,2,2,0,0,2,0
35,-6365.604,7426.587,-558.964,93.807,-0.068742,-0.997246,0.027842,0.994684,-0.066367,0.078734,-0.076670,0.033106,0.996507,0,0.15651,-0.02348,9.391,-0.047,-1,375.000,-1,400.000,875.000,325.000,325.000,300.000,275.000,-1,-1,-1,-1,675.000,650.000,-1,950.000,2,0,2,0,0,0,0,0,0,2,2,2,2,0,0,2,0
36,-6365.905,7431.167,-559.302,93.761,-0.067922,-0.997301,0.027892,0.994750,-0.065550,0.078581,-0.076541,0.033083,0.996517,0,0.07651,-0.02348,4.591,-0.047,-1,375.000,-1,400.000,875.000,325.000,325.000,300.000,275.000,-1,-1,-1,-1,675.000,650.000,-1,950.000,2,0,2,0,0,0,0,0,0,2,2,2,2,0,0,2,0
37,-6365.891,7430.959,-559.285,93.714,-0.067102,-0.997356,0.027891,0.994804,-0.064733,0.078576,-0.076563,0.033018,0.996518,0,-0.00349,-0.02348,-0.209,-0.047,-1,375.000,-1,400.000,875.000,325.000,325.000,300.000,275.000,-1,-1,-1,-1,675.000,650.000,-1,950.000,2,0,2,0,0,0,0,0,0,2,2,2,2,0,0,2,0
38,-6365.571,7425.960,-558.915,93.667,-0.066284,-0.997412,0.027840,0.994846,-0.063916,0.078719,-0.076736,0.032914,0.996508,0,-0.08349,-0.02348,-5.009,-0.047,-1,375.000,-1,400.000,875.000,325.000,325.000,300.000,275.000,-1,-1,-1,-1,675.000,650.000,-1,950.000,2,0,2,0,0,0,0,0,0,2,2,2,2,0,0,2,0
39,-6364.952,7416.170,-558.191,93.620,-0.065466,-0.997469,0.027741,0.994875,-0.063099,0.079011,-0.077060,0.032771,0.996488,0,-0.16349,-0.02348,-9.809,-0.047,-1,375.000,-1,400.000,875.000,325.000,325.000,300.000,275.000,-1,-1,-1,-1,675.000,650.000,-1,950.000,2,0,2,0,0,0,0,0,0,2,2,2,2,0,0,2,0
40,-6364.206,7404.232,-557.309,93.573,-0.064650,-0.997526,0.027621,0.994898,-0.062281,0.079369,-0.077452,0.032612,0.996463,0,-0.19935,-0.02348,-11.961,-0.047,-1,375.000,-1,400.000,875.000,325.000,325.000,300.000,275.000,-1,-1,-1,-1,675.000,650.000,-1,950.000,2,0,2,0,0,0,0,0,0,2,2,2,2,0,0,2,0
41,-6363.471,7392.294,-556.426,93.526,-0.063833,-0.997582,0.027504,0.994920,-0.061464,0.079728,-0.077845,0.032454,0.996437,0,-0.19935,-0.02348,-11.961,-0.047,-1,375.000,-1,400.000,900.000,325.000,325.000,300.000,275.000,-1,-1,-1,-1,675.000,650.000,-1,950.000,2,0,2,0,0,0,0,0,0,2,2,2,2,0,0,2,0
42,-6362.745,7380.356,-555.543,93.479,-0.063016,-0.997637,0.027390,0.994941,-0.060647,0.080088,-0.078238,0.032298,0.996411,0,-0.19935,-0.02348,-11.961,-0.047,-1,375.000,-1,400.000,900.000,325.000,325.000,300.000,275.000,-1,-1,-1,-1,675.000,650.000,-1,975.000,2,0,2,0,0,0,0,0,0,2,2,2,2,0,0,2,0
43,-6362.029,7368.416,-554.660,93.432,-0.062199,-0.997691,0.027277,0.994962,-0.059830,0.080449,-0.078631,0.032143,0.996385,0,-0.19935,-0.02348,-11.961,-0.047,-1,375.000,-1,400.000,900.000,325.000,325.000,300.000,275.000,-1,-1,-1,-1,675.000,675.000,-1,975.000,2,0,2,0,0,0,0,0,0,2,2,2,2,0,0,2,0
44,-6361.322,7356.477,-553.778,93.385,-0.061383,-0.997745,0.027166,0.994981,-0.059012,0.080810,-0.079024,0.031990,0.996359,0,-0.19935,-0.02348,-11.961,-0.047,-1,375.000,-1,400.000,900.000,325.000,325.000,300.000,275.000,-1,-1,-1,-1,675.000,675.000,-1,975.000,2,0,2,0,0,0,0,0,0,2,2,2,2,0,0,2,0
45,-6360.626,7344.536,-552.895,93.338,-0.060566,-0.997797,0.027057,0.995000,-0.058195,0.081171,-0.079418,0.031838,0.996333,0,-0.19935,-0.02348,-11.961,-0.047,-1,375.000,-1,375.000,925.000,325.000,325.000,300.000,275.000,-1,-1,-1,-1,675.000,675.000,-1,975.000,2,0,2,0,0,0,0,0,0,2,2,2,2,0,0,2,0
46,-6359.939,7332.595,-552.011,93.291,-0.059749,-0.997850,0.026951,0.995018,-0.057377,0.081534,-0.079812,0.031688,0.996306,0,-0.19935,-0.02348,-11.961,-0.047,-1,375.000,-1,375.000,925.000,325.000,325.000,300.000,275.000,-1,-1,-1,-1,675.000,675.000,-1,975.000,2,0,2,0,0,0,0,0,0,2,2,2,2,0,0,2,0
47,-6359.262,7320.653,-551.128,93.244,-0.058932,-0.997901,0.026847,0.995035,-0.056560,0.081897,-0.080206,0.031540,0.996279,0,-0.19935,-0.02348,-11.961,-0.047,-1,375.000,-1,375.000,925.000,325.000,325.000,300.000,275.000,-1,-1,-1,-1,675.000,675.000,-1,1000.000,2,0,2,0,0,0,0,0,0,2,2,2,2,0,0,2,0
48,-6358.595,7308.711,-550.245,93.197,-0.058116,-0.997952,0.026744,0.995051,-0.055742,0.082260,-0.080601,0.031392,0.996252,0,-0.19935,-0.02348,-11.961,-0.047,-1,375.000,-1,375.000,925.000,325.000,325.000,300.000,275.000,-1,-1,-1,-1,675.000,675.000,-1,1000.000,2,0,2,0,0,0,0,0,0,2,2,2,2,0,0,2,0
49,-6357.938,7296.769,-549.362,93.150,-0.057299,-0.998001,0.026644,0.995066,-0.054925,0.082625,-0.080996,0.031247,0.996225,0,-0.19935,-0.02348,-11.961,-0.047,-1,375.000,-1,375.000,950.000,300.000,325.000,300.000,275.000,-1,-1,-1,-1,675.000,675.000,-1,1000.000,2,0,2,0,0,0,0,0,0,2,2,2,2,0,0,2,0
50,-6357.290,7284.826,-548.479,93.103,-0.056482,-0.998051,0.026546,0.995081,-0.054107,0.082989,-0.081391,0.031102,0.996197,0,-0.19935,-0.02348,-11.961,-0.047,-1,375.000,-1,375.000,950.000,300.000,325.000,300.000,275.000,-1,-1,-1,-1,675.000,675.000,-1,1000.000,2,0,2,0,0,0,0,0,0,2,2,2,2,0,0,2,0
51,-6356.653,7272.882,-547.595,93.056,-0.055666,-0.998099,0.026449,0.995094,-0.053289,0.083355,-0.081787,0.030960,0.996169,0,-0.19935,-0.02348,-11.961,-0.047,-1,375.000,-1,375.000,950.000,300.000,325.000,300.000,275.000,-1,-1,-1,-1,675.000,675.000,-1,1000.000,2,0,2,0,0,0,0,0,0,2,2,2,2,0,0,2,0
52,-6356.025,7260.938,-546.712,93.009,-0.054849,-0.998147,0.026355,0.995107,-0.052471,0.083720,-0.082182,0.030818,0.996141,0,-0.19935,-0.02348,-11.961,-0.047,-1,375.000,-1,375.000,950.000,300.000,325.000,300.000,275.000,-1,-1,-1,-1,675.000,675.000,-1,-1,2,0,2,0,0,0,0,0,0,2,2,2,2,0,0,2,2
53,-6355.406,7248.993,-545.828,92.962,-0.054032,-0.998194,0.026263,0.995119,-0.051654,0.084087,-0.082578,0.030678,0.996112,0,-0.19935,-0.02348,-11.961,-0.047,-1,375.000,-1,375.000,975.000,300.000,325.000,300.000,275.000,-1,-1,-1,-1,675.000,675.000,-1,-1,2,0,2,0,0,0,0,0,0,2,2,2,2,0,0,2,2
54,-6354.798,7237.048,-544.945,92.915,-0.053216,-0.998240,0.026173,0.995130,-0.050836,0.084454,-0.082975,0.030540,0.996084,0,-0.19935,-0.02348,-11.961,-0.047,-1,375.000,-1,375.000,975.000,300.000,325.000,300.000,275.000,-1,-1,-1,-1,675.000,675.000,-1,-1,2,0,2,0,0,0,0,0,0,2,2,2,2,0,0,2,2
55,-6354.410,7229.897,-544.402,93.108,-0.056594,-0.998055,0.026149,0.994934,-0.054198,0.084673,-0.083091,0.030808,0.996066,0,-0.11935,0.09652,-7.161,0.193,-1,375.000,-1,375.000,975.000,300.000,325.000,300.000,275.000,-1,-1,-1,-1,675.000,675.000,-1,-1,2,0,2,0,0,0,0,0,0,2,2,2,2,0,0,2,2
56,-6354.267,7227.541,-544.212,93.482,-0.063124,-0.997663,0.026151,0.994550,-0.060705,0.084768,-0.082983,0.031359,0.996057,0,-0.03935,0.18683,-2.361,0.374,-1,375.000,-1,375.000,975.000,300.000,325.000,300.000,275.000,-1,-1,-1,-1,675.000,675.000,-1,-1,2,0,2,0,0,0,0,0,0,2,2,2,2,0,0,2,2
57,-6354.431,7229.974,-544.396,93.856,-0.069645,-0.997230,0.026110,0.994131,-0.067209,0.084775,-0.082785,0.031861,0.996058,0,0.04065,0.18683,2.439,0.374,-1,375.000,-1,375.000,975.000,300.000,325.000,300.000,275.000,-1,-1,-1,-1,675.000,675.000,-1,-1,2,0,2,0,0,0,0,0,0,2,2,2,2,0,0,2,2
58,-6354.965,7237.194,-544.954,94.229,-0.076157,-0.996756,0.026034,0.993677,-0.073710,0.084694,-0.082500,0.032320,0.996067,0,0.12065,0.18683,7.239,0.374,-1,375.000,-1,375.000,975.000,300.000,325.000,300.000,275.000,-1,-1,-1,-1,675.000,675.000,-1,-1,2,0,2,0,0,0,0,0,0,2,2,2,2,0,0,2,2
59,-6355.931,7249.194,-545.849,94.603,-0.082670,-0.996235,0.026088,0.993197,-0.080207,0.084421,-0.082010,0.032889,0.996089,0,0.20065,0.18683,12.039,0.374,-1,375.000,-1,375.000,975.000,300.000,325.000,300.000,275.000,-1,-1,-1,-1,675.000,675.000,-1,-1,2,0,2,0,0,0,0,0,0,2,2,2,2,0,0,2,2
60,-6357.392,7265.970,-547.088,94.977,-0.089182,-0.995669,0.026249,0.992688,-0.086701,0.083980,-0.081340,0.033547,0.996122,0,0.28065,0.18683,16.839,0.374,-1,375.000,-1,375.000,950.000,300.000,325.000,300.000,275.000,-1,-1,-1,-1,675.000,675.000,-1,-1,2,0,2,0,0,0,0,0,0,2,2,2,2,0,0,2,2
61,-6359.410,7287.514,-548.676,95.350,-0.095690,-0.995058,0.026495,0.992149,-0.093190,0.083398,-0.080517,0.034267,0.996164,0,0.36065,0.18683,21.639,0.374,-1,375.000,-1,375.000,950.000,300.000,325.000,300.000,275.000,-1,-1,-1,-1,675.000,675.000,-1,-1,2,0,2,0,0,0,0,0,0,2,2,2,2,0,0,2,2
62,-6362.047,7313.821,-550.614,95.724,-0.102196,-0.994402,0.026836,0.991579,-0.099675,0.082680,-0.079542,0.035059,0.996215,0,0.44065,0.18683,26.439,0.374,-1,375.000,-1,400.000,925.000,300.000,325.000,300.000,275.000,-1,-1,-1,-1,675.000,675.000,-1,1000.000,2,0,2,0,0,0,0,0,0,2,2,2,2,0,0,2,0
63,-6365.366,7344.884,-552.901,96.098,-0.108699,-0.993700,0.027283,0.990977,-0.106154,0.081829,-0.078418,0.035931,0.996273,0,0.52065,0.18683,31.239,0.374,-1,375.000,-1,400.000,900.000,300.000,325.000,300.000,275.000,-1,-1,-1,-1,675.000,675.000,-1,1000.000,2,0,2,0,0,0,0,0,0,2,2,2,2,0,0,2,0
64,-6369.428,7380.693,-555.535,96.471,-0.115199,-0.992952,0.027848,0.990342,-0.112628,0.080852,-0.077146,0.036893,0.996337,0,0.60065,0.18683,36.039,0.374,-1,375.000,-1,400.000,900.000,300.000,325.000,300.000,275.000,-1,-1,-1,-1,675.000,675.000,-1,975.000,2,0,2,0,0,0,0,0,0,2,2,2,2,0,0,2,0
65,-6374.296,7421.241,-558.517,96.845,-0.121696,-0.992157,0.028544,0.989674,-0.119097,0.079755,-0.075730,0.037955,0.996406,0,0.68065,0.18683,40.839,0.374,-1,375.000,-1,400.000,875.000,300.000,325.000,300.000,275.000,-1,-1,-1,-1,675.000,650.000,-1,975.000,2,0,2,0,0,0,0,0,0,2,2,2,2,0,0,2,0
66,-6380.031,7466.518,-561.844,97.219,-0.128190,-0.991314,0.029384,0.988972,-0.125559,0.078546,-0.074174,0.039129,0.996477,0,0.76065,0.18683,45.639,0.374,-1,375.000,-1,400.000,850.000,300.000,325.000,300.000,275.000,-1,-1,-1,-1,675.000,650.000,-1,950.000,2,0,2,0,0,0,0,0,0,2,2,2,2,0,0,2,0
67,-6386.292,7513.484,-565.296,97.592,-0.134681,-0.990425,0.030321,0.988228,-0.132015,0.077319,-0.072576,0.040378,0.996545,0,0.78970,0.18683,47.382,0.374,-1,375.000,-1,400.000,825.000,325.000,325.000,300.000,275.000,-1,-1,-1,-1,650.000,650.000,-1,925.000,2,0,2,0,0,0,0,0,0,2,2,2,2,0,0,2,0
68,-6392.859,7560.408,-568.744,97.966,-0.141167,-0.989490,0.031324,0.987437,-0.138464,0.076127,-0.070990,0.041677,0.996606,0,0.78970,0.18683,47.382,0.374,-1,375.000,-1,375.000,800.000,325.000,325.000,300.000,275.000,-1,-1,-1,-1,650.000,650.000,-1,925.000,2,0,2,0,0,0,0,0,0,2,2,2,2,0,0,2,0
69,-6399.732,7607.289,-572.189,98.340,-0.147647,-0.988510,0.032392,0.986601,-0.144905,0.074972,-0.069417,0.043027,0.996659,0,0.78970,0.18683,47.382,0.374,-1,375.000,-1,375.000,775.000,325.000,325.000,300.000,275.000,-1,-1,-1,-1,650.000,625.000,-1,900.000,2,0,2,0,0,0,0,0,0,2,2,2,2,0,0,2,0
70,-6406.911,7654.123,-575.631,98.713,-0.154123,-0.987483,0.033527,0.985719,-0.151340,0.073856,-0.067858,0.044431,0.996705,0,0.78970,0.18683,47.382,0.374,-1,375.000,-1,375.000,750.000,300.000,300.000,300.000,275.000,-1,-1,-1,-1,650.000,625.000,-1,875.000,2,0,2,0,0,0,0,0,0,2,2,2,2,0,0,2,0
71,-6414.394,7700.910,-579.070,99.087,-0.160592,-0.986410,0.034728,0.984791,-0.157766,0.072782,-0.066314,0.045888,0.996743,0,0.78970,0.18683,47.382,0.374,-1,375.000,-1,375.000,725.000,300.000,300.000,300.000,275.000,-1,-1,-1,-1,650.000,600.000,-1,850.000,2,0,2,0,0,0,0,0,0,2,2,2,2,0,0,2,0
72,-6422.183,7747.647,-582.464,99.461,-0.167041,-0.985297,0.035865,0.983827,-0.164185,0.071605,-0.064664,0.047246,0.996788,0,0.78970,0.18683,47.382,0.374,-1,375.000,-1,350.000,700.000,300.000,300.000,300.000,275.000,-1,-1,-1,-1,625.000,600.000,-1,825.000,2,0,2,0,0,0,0,0,0,2,2,2,2,0,0,2,0
73,-6430.277,7794.332,-585.724,99.834,-0.173439,-0.984162,0.036659,0.982850,-0.170600,0.070011,-0.062648,0.048173,0.996872,0,0.78970,0.18683,47.382,0.374,-1,350.000,-1,350.000,675.000,300.000,300.000,300.000,275.000,-1,-1,-1,-1,625.000,600.000,-1,825.000,2,0,2,0,0,0,0,0,0,2,2,2,2,0,0,2,0
74,-6438.674,7840.964,-588.738,100.208,-0.179785,-0.983024,0.036613,0.981822,-0.177014,0.068492,-0.060848,0.048261,0.996980,0,0.78970,0.18683,47.382,0.374,-1,350.000,-1,350.000,650.000,300.000,300.000,300.000,275.000,-1,-1,-1,-1,625.000,575.000,-1,825.000,2,0,2,0,0,0,0,0,0,2,2,2,2,0,0,2,0
75,-6447.374,7887.540,-590.966,100.582,-0.185906,-0.981976,0.034080,0.980882,-0.183445,0.064953,-0.057531,0.045504,0.997306,0,0.78970,0.18683,47.382,0.374,-1,350.000,-1,350.000,700.000,300.000,300.000,300.000,275.000,-1,650.000,675.000,-1,625.000,600.000,-1,850.000,2,0,2,0,0,0,0,0,0,2,0,0,2,0,0,2,0
76,-6456.378,7934.058,-593.055,100.955,-0.192081,-0.980852,0.032154,0.979866,-0.189863,0.061763,-0.054476,0.043371,0.997573,0,0.78970,0.18683,47.382,0.374,-1,350.000,-1,350.000,700.000,300.000,300.000,300.000,275.000,-1,600.000,650.000,-1,625.000,600.000,-1,900.000,2,0,2,0,0,0,0,0,0,2,0,0,2,0,0,2,0
77,-6465.686,7980.516,-594.640,101.329,-0.198333,-0.979594,0.032568,0.978842,-0.196255,0.057899,-0.050326,0.043362,0.997791,0,0.78970,0.18683,47.382,0.374,-1,350.000,-1,350.000,725.000,300.000,300.000,300.000,275.000,-1,550.000,600.000,-1,650.000,600.000,-1,950.000,2,0,2,0,0,0,0,0,0,2,0,0,2,0,0,2,0
78,-6475.297,8026.912,-596.233,101.703,-0.204578,-0.978292,0.033062,0.977759,-0.202640,0.054072,-0.046198,0.043389,0.997990,0,0.78970,0.18683,47.382,0.374,-1,375.000,-1,350.000,750.000,300.000,300.000,300.000,300.000,-1,500.000,550.000,-1,650.000,625.000,-1,-1,2,0,2,0,0,0,0,0,0,2,0,0,2,0,0,2,2
79,-6485.210,8073.245,-597.836,102.076,-0.210817,-0.976947,0.033639,0.976619,-0.209015,0.050284,-0.042093,0.043453,0.998168,0,0.78970,0.18683,47.382,0.374,-1,375.000,-1,350.000,775.000,300.000,300.000,300.000,300.000,-1,475.000,525.000,-1,650.000,625.000,-1,-1,2,0,2,0,0,0,0,0,0,2,0,0,2,0,0,2,2
80,-6495.425,8119.512,-599.447,102.450,-0.217047,-0.975558,0.034297,0.975421,-0.215380,0.046538,-0.038013,0.043555,0.998328,0,0.78970,0.18683,47.382,0.374,-1,375.000,-1,350.000,825.000,300.000,300.000,300.000,300.000,-1,450.000,475.000,-1,675.000,625.000,-1,-1,2,0,2,0,0,0,0,0,0,2,0,0,2,0,0,2,2
81,-6505.942,8165.712,-601.069,102.824,-0.223269,-0.974127,0.035037,0.974165,-0.221737,0.042836,-0.033959,0.043695,0.998468,0,0.78970,0.18683,47.382,0.374,-1,375.000,-1,375.000,850.000,300.000,300.000,300.000,275.000,-1,425.000,450.000,-1,675.000,625.000,-1,-1,2,0,2,0,0,0,0,0,0,2,0,0,2,0,0,2,2
82,-6516.609,8212.072,-602.721,102.957,-0.225405,-0.973603,0.035903,0.973801,-0.224008,0.039143,-0.030068,0.043785,0.998588,0,0.79286,0.06683,47.572,0.134,-1,375.000,-1,375.000,875.000,300.000,300.000,300.000,275.000,-1,400.000,450.000,-1,700.000,650.000,-1,-1,2,0,2,0,0,0,0,0,0,2,0,0,2,0,0,2,2
83,-6527.190,8258.452,-604.400,102.851,-0.223463,-0.974016,0.036833,0.974356,-0.222200,0.035456,-0.026351,0.043811,0.998692,0,0.79286,-0.05317,47.572,-0.106,-1,400.000,-1,375.000,900.000,325.000,300.000,300.000,275.000,-1,350.000,400.000,-1,700.000,650.000,-1,-1,2,0,2,0,0,0,0,0,0,2,0,0,2,0,0,2,2
84,-6537.491,8304.895,-606.112,102.504,-0.217435,-0.975344,0.037769,0.975808,-0.216309,0.031754,-0.022802,0.043760,0.998782,0,0.79286,-0.17317,47.572,-0.346,-1,400.000,-1,375.000,925.000,325.000,300.000,300.000,275.000,-1,300.000,350.000,-1,725.000,650.000,-1,-1,2,0,2,0,0,0,0,0,0,2,0,0,2,0,0,2,2
85,-6547.315,8351.441,-607.694,101.918,-0.207311,-0.977538,0.037963,0.978073,-0.206323,0.028364,-0.019894,0.043011,0.998877,0,0.79286,-0.29317,47.572,-0.586,-1,400.000,-1,375.000,950.000,325.000,300.000,300.000,275.000,-1,275.000,325.000,-1,725.000,675.000,-1,-1,2,0,2,0,0,0,0,0,0,2,0,0,2,0,0,2,2
86,-6556.466,8398.125,-609.262,101.092,-0.193065,-0.980456,0.037845,0.981034,-0.192212,0.025046,-0.017282,0.041963,0.998970,0,0.79286,-0.41317,47.572,-0.826,-1,400.000,-1,375.000,950.000,325.000,300.000,300.000,275.000,-1,250.000,300.000,-1,725.000,675.000,-1,-1,2,0,2,0,0,0,0,0,0,2,0,0,2,0,0,2,2
87,-6564.748,8444.970,-610.861,100.025,-0.174663,-0.983913,0.037536,0.984517,-0.173942,0.021711,-0.014832,0.040747,0.999059,0,0.79286,-0.53317,47.572,-1.066,-1,400.000,-1,375.000,950.000,325.000,325.000,300.000,275.000,-1,225.000,275.000,-1,750.000,675.000,-1,-1,2,0,2,0,0,0,0,0,0,2,0,0,2,0,0,2,2
88,-6571.958,8491.993,-612.278,98.719,-0.152078,-0.987706,0.036189,0.988282,-0.151478,0.018812,-0.013098,0.038625,0.999168,0,0.79286,-0.65317,47.572,-1.306,-1,400.000,-1,375.000,950.000,325.000,325.000,275.000,275.000,-1,225.000,250.000,-1,750.000,700.000,-1,-1,2,0,2,0,0,0,0,0,0,2,0,0,2,0,0,2,2
89,-6577.897,8539.193,-613.268,97.173,-0.125276,-0.991584,0.032656,0.992045,-0.124788,0.016578,-0.012363,0.034473,0.999329,0,0.79286,-0.77317,47.572,-1.546,-1,400.000,-1,375.000,950.000,325.000,325.000,275.000,275.000,-1,225.000,275.000,-1,750.000,700.000,-1,-1,2,0,2,0,0,0,0,0,0,2,0,0,2,0,0,2,2
90,-6582.361,8586.555,-613.826,95.386,-0.094276,-0.995071,0.030765,0.995463,-0.093825,0.015812,-0.012848,0.032116,0.999402,0,0.79286,-0.89317,47.572,-1.786,-1,400.000,-1,375.000,925.000,325.000,325.000,275.000,275.000,-1,275.000,325.000,-1,750.000,675.000,-1,-1,2,0,2,0,0,0,0,0,0,2,0,0,2,0,0,2,2
91,-6585.269,8634.038,-614.291,93.505,-0.061540,-0.997671,0.029413,0.998014,-0.061109,0.015318,-0.013485,0.030297,0.999450,0,0.79286,-0.94069,47.572,-1.881,-1,400.000,-1,375.000,875.000,325.000,325.000,275.000,275.000,-1,325.000,350.000,-1,750.000,675.000,-1,-1,2,0,2,0,0,0,0,0,0,2,0,0,2,0,0,2,2
92,-6586.617,8681.591,-614.805,91.624,-0.028730,-0.999194,0.028024,0.999490,-0.028324,0.014777,-0.013972,0.028434,0.999498,0,0.79286,-0.94069,47.572,-1.881,-1,400.000,-1,375.000,850.000,325.000,325.000,275.000,275.000,-1,350.000,400.000,-1,750.000,675.000,-1,-1,2,0,2,0,0,0,0,0,0,2,0,0,2,0,0,2,2
93,-6586.402,8729.162,-615.363,89.742,0.004117,-0.999638,0.026600,0.999889,0.004495,0.014188,-0.014303,0.026539,0.999545,0,0.79286,-0.94069,47.572,-1.881,-1,400.000,-1,375.000,825.000,325.000,300.000,275.000,275.000,-1,400.000,425.000,-1,750.000,675.000,-1,-1,2,0,2,0,0,0,0,0,0,2,0,0,2,0,0,2,2
94,-6584.626,8776.701,-615.956,87.861,0.036964,-0.999000,0.025144,0.999212,0.037313,0.013550,-0.014475,0.024623,0.999592,0,0.79286,-0.94069,47.572,-1.881,-1,400.000,-1,375.000,775.000,325.000,300.000,275.000,275.000,-1,425.000,450.000,-1,725.000,675.000,-1,-1,2,0,2,0,0,0,0,0,0,2,0,0,2,0,0,2,2
95,-6581.290,8824.156,-616.577,85.980,0.069776,-0.997282,0.023656,0.997457,0.070094,0.012862,-0.014486,0.022699,0.999637,0,0.79286,-0.94069,47.572,-1.881,-1,400.000,-1,375.000,750.000,325.000,300.000,275.000,275.000,-1,450.000,500.000,-1,725.000,650.000,-1,-1,2,0,2,0,0,0,0,0,0,2,0,0,2,0,0,2,2
96,-6577.070,8866.719,-617.152,84.338,0.098346,-0.994903,0.022293,0.995049,0.098634,0.012204,-0.014340,0.020982,0.999677,0,0.71286,-0.82069,42.772,-1.641,-1,400.000,-1,375.000,725.000,325.000,300.000,275.000,275.000,-1,475.000,525.000,-1,725.000,650.000,-1,975.000,2,0,2,0,0,0,0,0,0,2,0,0,2,0,0,2,0
97,-6572.400,8904.403,-617.671,82.937,0.122679,-0.992223,0.021063,0.992346,0.122940,0.011588,-0.014087,0.019481,0.999711,0,0.63286,-0.70069,37.972,-1.401,-1,400.000,-1,375.000,700.000,325.000,300.000,275.000,275.000,-1,500.000,550.000,-1,700.000,650.000,-1,925.000,2,0,2,0,0,0,0,0,0,2,0,0,2,0,0,2,0
98,-6567.655,8937.233,-618.128,81.775,0.142791,-0.989551,0.019975,0.989657,0.143029,0.011027,-0.013768,0.018194,0.999740,0,0.55286,-0.58069,33.172,-1.161,-1,375.000,-1,375.000,700.000,325.000,300.000,275.000,275.000,-1,525.000,550.000,-1,700.000,625.000,-1,900.000,2,0,2,0,0,0,0,0,0,2,0,0,2,0,0,2,0
99,-6563.145,8965.245,-618.520,80.854,0.158708,-0.987142,0.019036,0.987234,0.158926,0.010530,-0.013420,0.017121,0.999763,0,0.47286,-0.46069,28.372,-0.921,-1,375.000,-1,375.000,675.000,325.000,300.000,275.000,275.000,-1,550.000,575.000,-1,700.000,625.000,-1,875.000,2,0,2,0,0,0,0,0,0,2,0,0,2,0,0,2,0
100,-6559.122,8988.470,-618.846,80.173,0.170454,-0.985197,0.018250,0.985279,0.170656,0.010107,-0.013072,0.016258,0.999782,0,0.39286,-0.34069,23.572,-0.681,-1,375.000,-1,375.000,675.000,300.000,300.000,275.000,275.000,-1,550.000,575.000,-1,700.000,625.000,-1,850.000,2,0,2,0,0,0,0,0,0,2,0,0,2,0,0,2,0
101,-6555.775,9006.942,-619.104,79.731,0.178054,-0.983863,0.017622,0.983938,0.178242,0.009763,-0.012747,0.015601,0.999797,0,0.31286,-0.22069,18.772,-0.441,-1,375.000,-1,375.000,675.000,300.000,300.000,275.000,275.000,-1,575.000,600.000,-1,700.000,625.000,-1,850.000,2,0,2,0,0,0,0,0,0,2,0,0,2,0,0,2,0
102,-6553.236,9020.681,-619.297,79.530,0.181521,-0.983237,0.017156,0.983308,0.181700,0.009504,-0.012462,0.015145,0.999808,0,0.23286,-0.10069,13.972,-0.201,-1,375.000,-1,375.000,650.000,300.000,300.000,275.000,275.000,-1,575.000,600.000,-1,675.000,600.000,-1,850.000,2,0,2,0,0,0,0,0,0,2,0,0,2,0,0,2,0
103,-6551.575,9029.701,-619.426,79.569,0.180865,-0.983363,0.016855,0.983432,0.181038,0.009331,-0.012227,0.014888,0.999814,0,0.15286,0.01931,9.172,0.039,-1,375.000,-1,375.000,650.000,300.000,300.000,275.000,275.000,-1,575.000,600.000,-1,675.000,600.000,-1,850.000,2,0,2,0,0,0,0,0,0,2,0,0,2,0,0,2,0
104,-6550.805,9034.004,-619.492,79.847,0.176085,-0.984233,0.016719,0.984301,0.176254,0.009246,-0.012047,0.014829,0.999817,0,0.07286,0.13931,4.372,0.279,-1,375.000,-1,375.000,675.000,300.000,300.000,275.000,275.000,-1,575.000,600.000,-1,675.000,625.000,-1,850.000,2,0,2,0,0,0,0,0,0,2,0,0,2,0,0,2,0
105,-6550.877,9033.582,-619.496,80.366,0.167168,-0.985786,0.016750,0.985856,0.167337,0.009247,-0.011918,0.014967,0.999817,0,-0.00714,0.25931,-0.428,0.519,-1,375.000,-1,375.000,675.000,300.000,300.000,275.000,275.000,-1,575.000,625.000,-1,675.000,625.000,-1,875.000,2,0,2,0,0,0,0,0,0,2,0,0,2,0,0,2,0
106,-6551.683,9028.417,-619.440,81.124,0.154098,-0.987910,0.016946,0.987985,0.154270,0.009331,-0.011832,0.015304,0.999813,0,-0.08714,0.37931,-5.228,0.759,-1,375.000,-1,375.000,675.000,300.000,300.000,275.000,275.000,-1,575.000,625.000,-1,700.000,625.000,-1,875.000,2,0,2,0,0,0,0,0,0,2,0,0,2,0,0,2,0
107,-6553.098,9018.489,-619.322,81.890,0.140875,-0.989876,0.017298,0.989957,0.141052,0.009497,-0.011841,0.015787,0.999805,0,-0.16714,0.38287,-10.028,0.766,-1,375.000,-1,375.000,700.000,300.000,300.000,275.000,275.000,-1,575.000,600.000,-1,700.000,625.000,-1,900.000,2,0,2,0,0,0,0,0,0,2,0,0,2,0,0,2,0
108,-6554.994,9003.782,-619.140,82.656,0.127623,-0.991663,0.017805,0.991751,0.127809,0.009742,-0.011936,0.016415,0.999794,0,-0.24714,0.38287,-14.828,0.766,-1,375.000,-1,375.000,700.000,300.000,300.000,275.000,275.000,-1,575.000,600.000,-1,700.000,625.000,-1,925.000,2,0,2,0,0,0,0,0,0,2,0,0,2,0,0,2,0
109,-6557.242,8984.284,-618.897,83.422,0.114345,-0.993269,0.018463,0.993367,0.114544,0.010061,-0.012108,0.017191,0.999779,0,-0.32714,0.38287,-19.628,0.766,-1,375.000,-1,375.000,700.000,325.000,300.000,275.000,275.000,-1,550.000,600.000,-1,700.000,625.000,-1,925.000,2,0,2,0,0,0,0,0,0,2,0,0,2,0,0,2,0
110,-6559.716,8959.981,-618.592,84.187,0.101044,-0.994695,0.019271,0.994805,0.101257,0.010449,-0.012345,0.018116,0.999760,0,-0.40714,0.38287,-24.428,0.766,-1,375.000,-1,375.000,725.000,325.000,300.000,275.000,275.000,-1,550.000,575.000,-1,700.000,650.000,-1,950.000,2,0,2,0,0,0,0,0,0,2,0,0,2,0,0,2,0
111,-6562.069,8933.340,-618.258,84.953,0.087723,-0.995941,0.020147,0.996065,0.087953,0.010863,-0.012591,0.019115,0.999738,0,-0.44575,0.38287,-26.745,0.766,-1,400.000,-1,375.000,725.000,325.000,300.000,275.000,275.000,-1,525.000,575.000,-1,700.000,650.000,-1,975.000,2,0,2,0,0,0,0,0,0,2,0,0,2,0,0,2,0
112,-6564.066,8906.670,-617.927,85.719,0.074386,-0.997008,0.021015,0.997147,0.074634,0.011265,-0.012799,0.020117,0.999716,0,-0.44575,0.38287,-26.745,0.766,-1,400.000,-1,375.000,750.000,325.000,300.000,275.000,275.000,-1,525.000,550.000,-1,700.000,650.000,-1,1000.000,2,0,2,0,0,0,0,0,0,2,0,0,2,0,0,2,0
113,-6565.706,8879.975,-617.600,86.485,0.061037,-0.997896,0.021875,0.998051,0.061302,0.011655,-0.012971,0.021121,0.999693,0,-0.44575,0.38287,-26.745,0.766,-1,400.000,-1,375.000,750.000,325.000,300.000,275.000,275.000,-1,500.000,525.000,-1,725.000,650.000,-1,-1,2,0,2,0,0,0,0,0,0,2,0,0,2,0,0,2,2
114,-6566.989,8853.261,-617.277,87.250,0.047677,-0.998604,0.022728,0.998777,0.047959,0.012033,-0.013107,0.022126,0.999669,0,-0.44575,0.38287,-26.745,0.766,-1,400.000,-1,375.000,750.000,325.000,300.000,275.000,275.000,-1,475.000,525.000,-1,725.000,650.000,-1,-1,2,0,2,0,0,0,0,0,0,2,0,0,2,0,0,2,2
115,-6567.915,8826.532,-616.960,88.016,0.034309,-0.999133,0.023572,0.999324,0.034608,0.012400,-0.013205,0.023131,0.999645,0,-0.44575,0.38287,-26.745,0.766,-1,400.000,-1,375.000,775.000,325.000,300.000,275.000,275.000,-1,450.000,500.000,-1,725.000,675.000,-1,-1,2,0,2,0,0,0,0,0,0,2,0,0,2,0,0,2,2
116,-6568.484,8799.793,-616.649,88.782,0.020936,-0.999483,0.024409,0.999693,0.021252,0.012756,-0.013268,0.024134,0.999621,0,-0.44575,0.38287,-26.745,0.766,-1,400.000,-1,375.000,775.000,325.000,300.000,275.000,275.000,-1,450.000,475.000,-1,725.000,675.000,-1,-1,2,0,2,0,0,0,0,0,0,2,0,0,2,0,0,2,2
117,-6568.696,8773.049,-616.345,89.548,0.007560,-0.999653,0.025237,0.999883,0.007892,0.013101,-0.013295,0.025135,0.999596,0,-0.44575,0.38287,-26.745,0.766,-1,400.000,-1,375.000,800.000,325.000,325.000,275.000,275.000,-1,425.000,450.000,-1,750.000,675.000,-1,-1,2,0,2,0,0,0,0,0,0,2,0,0,2,0,0,2,2
118,-6568.550,8746.305,-616.050,90.313,-0.005817,-0.999644,0.026057,0.999895,-0.005468,0.013434,-0.013287,0.026133,0.999570,0,-0.44575,0.38287,-26.745,0.766,-1,400.000,-1,375.000,800.000,325.000,325.000,275.000,275.000,-1,400.000,450.000,-1,750.000,675.000,-1,-1,2,0,2,0,0,0,0,0,0,2,0,0,2,0,0,2,2
119,-6568.046,8719.565,-615.764,91.079,-0.019191,-0.999455,0.026869,0.999728,-0.018827,0.013757,-0.013244,0.027126,0.999544,0,-0.44575,0.38287,-26.745,0.766,-1,400.000,-1,375.000,825.000,325.000,325.000,275.000,275.000,-1,375.000,425.000,-1,750.000,675.000,-1,-1,2,0,2,0,0,0,0,0,0,2,0,0,2,0,0,2,2
120,-6567.185,8692.834,-615.488,91.845,-0.032561,-0.999087,0.027672,0.999383,-0.032181,0.014069,-0.013166,0.028113,0.999518,0,-0.44575,0.38287,-26.745,0.766,-1,400.000,-1,375.000,825.000,325.000,325.000,275.000,275.000,-1,350.000,400.000,-1,750.000,675.000,-1,-1,2,0,2,0,0,0,0,0,0,2,0,0,2,0,0,2,2
121,-6565.968,8666.116,-615.223,92.611,-0.045924,-0.998539,0.028466,0.998860,-0.045529,0.014370,-0.013053,0.029094,0.999491,0,-0.44575,0.38287,-26.745,0.766,-1,400.000,-1,375.000,850.000,325.000,325.000,275.000,275.000,-1,350.000,375.000,-1,750.000,675.000,-1,-1,2,0,2,0,0,0,0,0,0,2,0,0,2,0,0,2,2
122,-6564.393,8639.418,-614.970,93.376,-0.059277,-0.997813,0.029251,0.998158,-0.058868,0.014662,-0.012908,0.030066,0.999465,0,-0.44575,0.38287,-26.745,0.766,-1,400.000,-1,375.000,850.000,325.000,325.000,275.000,275.000,-1,325.000,350.000,-1,750.000,675.000,-1,-1,2,0,2,0,0,0,0,0,0,2,0,0,2,0,0,2,2
123,-6562.461,8612.743,-614.730,94.142,-0.072619,-0.996908,0.030027,0.997279,-0.072196,0.014943,-0.012729,0.031030,0.999437,0,-0.44575,0.38287,-26.745,0.766,-1,400.000,-1,375.000,875.000,325.000,325.000,275.000,275.000,-1,300.000,325.000,-1,750.000,675.000,-1,-1,2,0,2,0,0,0,0,0,0,2,0,0,2,0,0,2,2
124,-6560.609,8590.050,-614.532,94.668,-0.081773,-0.996178,0.030686,0.996571,-0.081338,0.015178,-0.012624,0.031822,0.999414,0,-0.37946,0.26287,-22.768,0.526,-1,400.000,-1,375.000,875.000,325.000,325.000,275.000,275.000,-1,275.000,300.000,-1,750.000,675.000,-1,-1,2,0,2,0,0,0,0,0,0,2,0,0,2,0,0,2,2
125,-6558.568,8567.374,-614.342,95.142,-0.090031,-0.995446,0.031341,0.995860,-0.089583,0.015410,-0.012532,0.032599,0.999390,0,-0.37946,0.23725,-22.768,0.475,-1,400.000,-1,375.000,900.000,325.000,325.000,275.000,275.000,-1,250.000,300.000,-1,775.000,675.000,-1,-1,2,0,2,0,0,0,0,0,0,2,0,0,2,0,0,2,2
126,-6556.340,8544.716,-614.141,95.617,-0.098280,-0.994642,0.032075,0.995082,-0.097821,0.015582,-0.012361,0.033449,0.999364,0,-0.37946,0.23725,-22.768,0.475,-1,400.000,-1,375.000,900.000,325.000,325.000,275.000,275.000,-1,225.000,275.000,-1,775.000,700.000,-1,-1,2,0,2,0,0,0,0,0,0,2,0,0,2,0,0,2,2
127,-6553.925,8522.076,-613.688,96.091,-0.106559,-0.993732,0.033777,0.994223,-0.106048,0.016593,-0.012907,0.035350,0.999292,0,-0.37946,0.23725,-22.768,0.475,-1,400.000,-1,375.000,900.000,325.000,325.000,275.000,275.000,-1,225.000,250.000,-1,775.000,675.000,-1,-1,2,0,2,0,0,0,0,0,0,2,0,0,2,0,0,2,2
128,-6551.322,8499.458,-613.224,96.566,-0.114832,-0.992752,0.035448,0.993294,-0.114266,0.017604,-0.013426,0.037231,0.999216,0,-0.37946,0.23725,-22.768,0.475,-1,400.000,-1,375.000,875.000,325.000,325.000,275.000,275.000,-1,225.000,250.000,-1,775.000,675.000,-1,-1,2,0,2,0,0,0,0,0,0,2,0,0,2,0,0,2,2
129,-6548.532,8476.861,-612.574,97.040,-0.123100,-0.991728,0.036357,0.992292,-0.122478,0.018854,-0.014245,0.038398,0.999161,0,-0.37946,0.23725,-22.768,0.475,-1,400.000,-1,375.000,875.000,325.000,300.000,275.000,275.000,-1,225.000,250.000,-1,775.000,675.000,-1,-1,2,0,2,0,0,0,0,0,0,2,0,0,2,0,0,2,2
130,-6545.555,8454.289,-611.774,97.515,-0.131368,-0.990658,0.036607,0.991212,-0.130684,0.020498,-0.015523,0.038978,0.999119,0,-0.37946,0.23725,-22.768,0.475,-1,400.000,-1,375.000,875.000,325.000,300.000,300.000,275.000,-1,225.000,250.000,-1,750.000,675.000,-1,-1,2,0,2,0,0,0,0,0,0,2,0,0,2,0,0,2,2
131,-6542.390,8431.742,-610.981,97.989,-0.139628,-0.989519,0.036830,0.990062,-0.138881,0.022140,-0.016793,0.039555,0.999076,0,-0.37946,0.23725,-22.768,0.475,-1,400.000,-1,375.000,875.000,325.000,300.000,300.000,275.000,-1,225.000,275.000,-1,750.000,675.000,-1,-1,2,0,2,0,0,0,0,0,0,2,0,0,2,0,0,2,2
132,-6539.039,8409.222,-610.196,98.464,-0.147879,-0.988312,0.037025,0.988841,-0.147067,0.023780,-0.018057,0.040128,0.999031,0,-0.37946,0.23725,-22.768,0.475,-1,400.000,-1,375.000,875.000,325.000,300.000,300.000,275.000,-1,250.000,275.000,-1,750.000,675.000,-1,-1,2,0,2,0,0,0,0,0,0,2,0,0,2,0,0,2,2
133,-6535.502,8386.731,-609.419,98.938,-0.156120,-0.987038,0.037192,0.987549,-0.155244,0.025417,-0.019314,0.040697,0.998985,0,-0.37946,0.23725,-22.768,0.475,-1,400.000,-1,375.000,875.000,325.000,300.000,300.000,275.000,-1,250.000,275.000,-1,750.000,675.000,-1,-1,2,0,2,0,0,0,0,0,0,2,0,0,2,0,0,2,2
134,-6531.778,8364.269,-608.651,99.413,-0.164351,-0.985695,0.037332,0.986187,-0.163409,0.027053,-0.020566,0.041263,0.998937,0,-0.37946,0.23725,-22.768,0.475,-1,400.000,-1,375.000,875.000,325.000,300.000,300.000,275.000,-1,275.000,300.000,-1,725.000,675.000,-1,-1,2,0,2,0,0,0,0,0,0,2,0,0,2,0,0,2,2
