timestep,x_cm,y_cm,z_cm,yaw_deg,basis_xx,basis_xy,basis_xz,basis_yx,basis_yy,basis_yz,basis_zx,basis_zy,basis_zz,teleport_flag,throttle_cmd,steering_cmd,cmd_move_cm,cmd_turn_deg,lidar_cm_0,lidar_cm_1,lidar_cm_2,lidar_cm_3,lidar_cm_4,lidar_cm_5,lidar_cm_6,lidar_cm_7,lidar_cm_8,lidar_cm_9,lidar_cm_10,lidar_cm_11,lidar_cm_12,lidar_cm_13,lidar_cm_14,lidar_cm_15,lidar_cm_16,lidar_class_0,lidar_class_1,lidar_class_2,lidar_class_3,lidar_class_4,lidar_class_5,lidar_class_6,lidar_class_7,lidar_class_8,lidar_class_9,lidar_class_10,lidar_class_11,lidar_class_12,lidar_class_13,lidar_class_14,lidar_class_15,lidar_class_16
0,-6231.677,1640.242,144.776,44.705,0.731325,-0.681922,-0.012072,0.647805,0.688983,0.325039,-0.213334,-0.245530,0.945623,1,0.00000,0.00000,4.800,0.240,-1,975.000,-1,550.000,0.000,825.000,650.000,150.000,675.000,50.000,0.000,-1,-1,-1,825.000,-1,0.000,2,1,2,1,1,1,1,1,0,1,0,2,2,2,1,2,1
1,-4266.565,8851.341,283.841,-128.971,-0.629775,0.776557,-0.018538,-0.776193,-0.628195,0.053810,0.030141,0.048277,0.998379,1,0.08000,0.12000,4.800,0.240,-1,375.000,-1,375.000,-1,325.000,325.000,300.000,300.000,-1,600.000,575.000,-1,725.000,800.000,-1,-1,2,0,2,0,2,0,0,0,0,2,0,0,2,0,1,2,2
2,-4272.540,8843.827,284.121,-128.491,-0.623256,0.781803,-0.018328,-0.781409,-0.621676,0.054020,0.030839,0.047990,0.998372,0,0.16000,0.24000,9.600,0.480,-1,375.000,-1,375.000,-1,325.000,325.000,300.000,300.000,-1,600.000,575.000,-1,725.000,775.000,-1,-1,2,0,2,0,2,0,0,0,0,2,0,0,2,0,1,2,2
3,-4281.360,8832.444,284.610,-127.771,-0.613389,0.789576,-0.017967,-0.789143,-0.611821,0.054118,0.031737,0.047374,0.998373,0,0.24000,0.36000,14.400,0.720,-1,375.000,-1,375.000,-1,325.000,325.000,300.000,300.000,-1,600.000,575.000,-1,750.000,750.000,-1,-1,2,0,2,0,2,0,0,0,0,2,0,0,2,0,1,2,2
4,-4292.904,8817.103,285.271,-126.960,-0.602155,0.798188,-0.017491,-0.797704,-0.600601,0.054283,0.032822,0.046640,0.998372,0,0.32000,0.40564,19.200,0.811,-1,375.000,-1,375.000,-1,325.000,325.000,300.000,300.000,-1,600.000,575.000,-1,750.000,725.000,-1,-1,2,0,2,0,2,0,0,0,0,2,0,0,2,0,1,2,2
5,-4307.063,8797.725,286.108,-126.154,-0.590870,0.806590,-0.016905,-0.806049,-0.589331,0.054532,0.034022,0.045848,0.998369,0,0.40000,0.40313,24.000,0.806,-1,375.000,-1,375.000,-1,325.000,325.000,300.000,300.000,-1,600.000,600.000,-1,750.000,725.000,-1,-1,2,0,2,0,2,0,0,0,0,2,0,0,2,0,0,2,2
6,-4323.728,8774.236,287.128,-125.353,-0.579551,0.814775,-0.016216,-0.814169,-0.578029,0.054871,0.035335,0.045003,0.998362,0,0.48000,0.40019,28.800,0.800,-1,375.000,-1,375.000,-1,325.000,325.000,300.000,300.000,-1,600.000,600.000,-1,750.000,725.000,-1,-1,2,0,2,0,2,0,0,0,0,2,0,0,2,0,0,2,2
7,-4342.788,8746.565,288.336,-124.560,-0.568215,0.822735,-0.015432,-0.822058,-0.566711,0.055306,0.036757,0.044112,0.998350,0,0.56000,0.39680,33.600,0.794,-1,400.000,-1,375.000,-1,325.000,325.000,300.000,300.000,-1,600.000,625.000,-1,750.000,725.000,-1,-1,2,0,2,0,2,0,0,0,0,2,0,0,2,0,0,2,2
8,-4364.135,8714.646,289.801,-123.774,-0.556886,0.830456,-0.014878,-0.829715,-0.555389,0.055815,0.038088,0.043427,0.998330,0,0.64000,0.39295,38.400,0.786,-1,400.000,-1,375.000,-1,325.000,325.000,300.000,300.000,-1,600.000,625.000,-1,750.000,725.000,-1,-1,2,0,2,0,2,0,0,0,0,2,0,0,2,0,0,2,2
9,-4387.662,8678.414,291.487,-122.996,-0.545579,0.837936,-0.014343,-0.837129,-0.544088,0.056410,0.039464,0.042783,0.998305,0,0.72000,0.38862,43.200,0.777,-1,400.000,-1,375.000,-1,325.000,325.000,300.000,300.000,-1,625.000,650.000,-1,750.000,750.000,-1,-1,2,0,2,0,2,0,0,0,0,2,0,0,2,0,0,2,2
10,-4413.260,8637.810,293.397,-122.229,-0.534315,0.845172,-0.013818,-0.844296,-0.532828,0.057093,0.040890,0.042172,0.998273,0,0.80000,0.38381,48.000,0.768,-1,400.000,-1,375.000,-1,325.000,325.000,300.000,300.000,-1,625.000,675.000,-1,775.000,750.000,-1,-1,2,0,2,0,2,0,0,0,0,2,0,0,2,0,0,2,2
11,-4440.826,8592.777,295.498,-121.472,-0.523106,0.852164,-0.013251,-0.851220,-0.521630,0.057670,0.042232,0.041447,0.998248,0,0.88000,0.37852,52.800,0.757,-1,400.000,-1,400.000,-1,325.000,325.000,300.000,300.000,-1,650.000,700.000,-1,775.000,750.000,-1,-1,2,0,2,0,2,0,0,0,0,2,0,0,2,0,0,2,2
12,-4469.295,8544.872,297.726,-120.722,-0.511911,0.858945,-0.012673,-0.857938,-0.510453,0.058133,0.043464,0.040632,0.998228,0,0.92877,0.37482,55.726,0.750,-1,400.000,-1,400.000,-1,325.000,325.000,300.000,-1,-1,675.000,725.000,-1,775.000,775.000,-1,-1,2,0,2,0,2,0,0,0,2,2,0,0,2,0,0,2,2
13,-4497.019,8496.805,299.988,-119.975,-0.500671,0.865552,-0.012174,-0.864485,-0.499229,0.058612,0.044654,0.039870,0.998207,0,0.92482,0.37343,55.489,0.747,-1,400.000,-1,400.000,-1,325.000,325.000,300.000,-1,-1,675.000,750.000,-1,800.000,775.000,-1,-1,2,0,2,0,2,0,0,0,2,2,0,0,2,0,0,2,2
14,-4523.991,8448.607,302.308,-119.231,-0.489375,0.871995,-0.011707,-0.870874,-0.487954,0.058989,0.045726,0.039063,0.998190,0,0.92054,0.37232,55.232,0.745,-1,400.000,-1,400.000,-1,325.000,325.000,300.000,-1,-1,700.000,775.000,-1,800.000,775.000,-1,-1,2,0,2,0,2,0,0,0,2,2,0,0,2,0,0,2,2
15,-4550.206,8400.301,304.795,-118.488,-0.477997,0.878292,-0.011087,-0.877140,-0.476628,0.058743,0.046309,0.037804,0.998212,0,0.91600,0.37151,54.960,0.743,-1,400.000,-1,400.000,-1,325.000,325.000,300.000,-1,-1,750.000,825.000,-1,800.000,800.000,-1,-1,2,0,2,0,2,0,0,0,2,2,0,0,2,0,0,2,2
16,-4575.662,8351.911,307.327,-117.746,-0.466551,0.884432,-0.010452,-0.883250,-0.465236,0.058516,0.046891,0.036533,0.998232,0,0.91129,0.37100,54.678,0.742,-1,400.000,-1,400.000,-1,325.000,325.000,300.000,-1,-1,800.000,875.000,-1,800.000,800.000,-1,-1,2,0,2,0,2,0,0,0,2,2,0,0,2,0,0,2,2
17,-4600.358,8303.451,309.813,-117.004,-0.455044,0.890411,-0.010212,-0.889217,-0.453766,0.058226,0.047211,0.035576,0.998251,0,0.90650,0.37080,54.390,0.742,-1,400.000,-1,400.000,-1,325.000,325.000,300.000,-1,-1,875.000,950.000,-1,825.000,800.000,-1,-1,2,0,2,0,2,0,0,0,2,2,0,0,2,0,0,2,2
18,-4624.297,8254.934,312.308,-116.262,-0.443460,0.896237,-0.010102,-0.895038,-0.442214,0.057913,0.047437,0.034724,0.998270,0,0.90170,0.37089,54.102,0.742,-1,400.000,-1,400.000,-1,325.000,325.000,300.000,-1,-1,950.000,-1,-1,825.000,825.000,-1,-1,2,0,2,0,2,0,0,0,2,2,0,2,2,0,0,2,2
19,-4647.484,8206.366,314.816,-115.520,-0.431793,0.901916,-0.010132,-0.900718,-0.430573,0.057571,0.047562,0.033985,0.998290,0,0.89699,0.37128,53.819,0.743,-1,400.000,-1,400.000,-1,325.000,325.000,300.000,-1,-1,-1,-1,-1,825.000,825.000,-1,-1,2,0,2,0,2,0,0,0,2,2,2,2,2,0,0,2,2
20,-4669.924,8157.748,317.358,-114.776,-0.420038,0.907447,-0.010406,-0.906261,-0.418834,0.057167,0.047517,0.033443,0.998310,0,0.89245,0.37195,53.547,0.744,-1,400.000,-1,400.000,-1,325.000,325.000,300.000,-1,-1,-1,-1,-1,825.000,825.000,-1,-1,2,0,2,0,2,0,0,0,2,2,2,2,2,0,0,2,2
21,-4691.624,8109.078,319.900,-114.030,-0.408184,0.912836,-0.010740,-0.911667,-0.406994,0.056737,0.047421,0.032951,0.998331,0,0.88815,0.37290,53.289,0.746,-1,400.000,-1,400.000,-1,325.000,325.000,300.000,-1,-1,-1,-1,-1,825.000,850.000,-1,-1,2,0,2,0,2,0,0,0,2,2,2,2,2,0,0,2,2
22,-4712.592,8060.349,322.443,-113.282,-0.396223,0.918087,-0.011128,-0.916936,-0.395044,0.056282,0.047276,0.032504,0.998353,0,0.88415,0.37411,53.049,0.748,-1,400.000,-1,400.000,-1,325.000,325.000,300.000,350.000,-1,-1,-1,-1,825.000,850.000,-1,-1,2,0,2,0,2,0,0,0,1,2,2,2,2,0,0,2,2
23,-4732.835,8011.551,324.989,-112.531,-0.384148,0.923199,-0.011565,-0.922070,-0.382979,0.055798,0.047084,0.032099,0.998375,0,0.88050,0.37558,52.830,0.751,-1,400.000,-1,400.000,-1,325.000,325.000,300.000,300.000,-1,-1,-1,-1,850.000,850.000,-1,-1,2,0,2,0,2,0,0,0,0,2,2,2,2,0,0,2,2
24,-4752.362,7962.673,327.473,-111.776,-0.371944,0.928181,-0.011727,-0.927062,-0.370796,0.055381,0.047056,0.031471,0.998396,0,0.87724,0.37729,52.634,0.755,-1,400.000,-1,400.000,-1,325.000,325.000,300.000,300.000,-1,-1,-1,-1,850.000,850.000,-1,-1,2,0,2,0,2,0,0,0,0,2,2,2,2,0,0,2,2
25,-4771.179,7913.700,329.801,-111.018,-0.359578,0.933044,-0.011488,-0.931956,-0.358491,0.054251,0.046501,0.030214,0.998461,0,0.87439,0.37922,52.464,0.758,-1,400.000,-1,400.000,-1,325.000,325.000,300.000,300.000,-1,-1,-1,-1,850.000,875.000,-1,-1,2,0,2,0,2,0,0,0,0,2,2,2,2,0,0,2,2
26,-4789.292,7864.617,332.047,-110.255,-0.347061,0.937778,-0.011028,-0.936733,-0.346055,0.052706,0.045610,0.028623,0.998549,0,0.87197,0.38137,52.318,0.763,-1,400.000,-1,400.000,-1,325.000,325.000,300.000,300.000,-1,-1,-1,-1,850.000,875.000,-1,-1,2,0,2,0,2,0,0,0,0,2,2,2,2,0,0,2,2
27,-4806.706,7815.409,334.317,-109.487,-0.334405,0.942371,-0.010546,-0.941372,-0.333478,0.051104,0.044642,0.027017,0.998638,0,0.86999,0.38371,52.199,0.767,-1,400.000,-1,400.000,-1,325.000,325.000,300.000,300.000,-1,-1,-1,-1,850.000,875.000,-1,-1,2,0,2,0,2,0,0,0,0,2,2,2,2,0,0,2,2
28,-4823.425,7766.058,336.501,-108.715,-0.321622,0.946811,-0.010367,-0.945856,-0.320753,0.049737,0.043767,0.025802,0.998709,0,0.86843,0.38624,52.106,0.772,-1,400.000,-1,400.000,-1,325.000,325.000,300.000,300.000,-1,-1,-1,-1,850.000,875.000,-1,-1,2,0,2,0,2,0,0,0,0,2,2,2,2,0,0,2,2
29,-4839.452,7716.550,338.483,-107.937,-0.308719,0.951088,-0.011120,-0.950211,-0.307872,0.048096,0.042320,0.025415,0.998781,0,0.86730,0.38895,52.038,0.778,-1,400.000,-1,400.000,-1,325.000,325.000,300.000,300.000,-1,-1,-1,-1,850.000,875.000,-1,-1,2,0,2,0,2,0,0,0,0,2,2,2,2,0,0,2,2
30,-4854.786,7666.869,340.467,-107.153,-0.295665,0.955218,-0.011888,-0.954415,-0.294838,0.046493,0.040906,0.025093,0.998848,0,0.86657,0.39182,51.994,0.784,-1,400.000,-1,400.000,-1,325.000,325.000,300.000,300.000,-1,-1,-1,-1,850.000,875.000,-1,-1,2,0,2,0,2,0,0,0,0,2,2,2,2,0,0,2,2
31,-4869.429,7617.001,342.454,-106.364,-0.282456,0.959197,-0.012669,-0.958466,-0.281647,0.044923,0.039522,0.024831,0.998910,0,0.86623,0.39484,51.974,0.790,-1,400.000,-1,400.000,-1,325.000,325.000,300.000,300.000,-1,-1,-1,-1,850.000,850.000,-1,-1,2,0,2,0,2,0,0,0,0,2,2,2,2,0,0,2,2
32,-4882.285,7571.613,344.260,-105.814,-0.273229,0.961856,-0.013405,-0.961189,-0.272433,0.043533,0.038221,0.024779,0.998962,0,0.78623,0.27484,47.174,0.550,-1,400.000,-1,400.000,-1,325.000,325.000,300.000,300.000,-1,-1,-1,-1,850.000,850.000,-1,-1,2,0,2,0,2,0,0,0,0,2,2,2,2,0,0,2,2
33,-4893.612,7530.781,345.883,-105.504,-0.268018,0.963311,-0.014104,-0.962703,-0.267229,0.042317,0.036996,0.024920,0.999005,0,0.70623,0.15484,42.374,0.310,-1,400.000,-1,400.000,-1,325.000,325.000,300.000,300.000,-1,-1,-1,-1,850.000,850.000,-1,-1,2,0,2,0,2,0,0,0,0,2,2,2,2,0,0,2,2
34,-4904.194,7492.452,347.404,-105.435,-0.266841,0.963627,-0.014814,-0.963076,-0.266055,0.041212,0.035772,0.025264,0.999041,0,0.66272,0.03484,39.763,0.070,-1,400.000,-1,400.000,-1,325.000,325.000,300.000,300.000,-1,-1,-1,-1,825.000,850.000,-1,-1,2,0,2,0,2,0,0,0,0,2,2,2,2,0,0,2,2
35,-4915.322,7452.611,348.983,-105.605,-0.269703,0.962817,-0.015627,-0.962329,-0.268915,0.040107,0.034414,0.025855,0.999073,0,0.68943,-0.08516,41.366,-0.170,-1,400.000,-1,400.000,-1,325.000,325.000,300.000,300.000,-1,-1,-1,-1,825.000,850.000,-1,-1,2,0,2,0,2,0,0,0,0,2,2,2,2,0,0,2,2
36,-4926.677,7412.897,350.554,-105.956,-0.275603,0.961130,-0.016519,-0.960705,-0.274810,0.039054,0.032997,0.026634,0.999101,0,0.68843,-0.17571,41.306,-0.351,-1,400.000,-1,400.000,-1,325.000,325.000,325.000,300.000,-1,-1,-1,-1,825.000,850.000,-1,-1,2,0,2,0,2,0,0,0,0,2,2,2,2,0,0,2,2
37,-4938.261,7373.297,352.113,-106.306,-0.281461,0.959414,-0.017469,-0.959052,-0.280663,0.038042,0.031596,0.027461,0.999123,0,0.68766,-0.17480,41.259,-0.350,-1,400.000,-1,400.000,-1,325.000,325.000,325.000,300.000,-1,-1,-1,-1,825.000,850.000,-1,-1,2,0,2,0,2,0,0,0,0,2,2,2,2,0,0,2,2
38,-4950.073,7333.809,353.660,-106.654,-0.287276,0.957670,-0.018475,-0.957371,-0.286471,0.037073,0.030211,0.028338,0.999142,0,0.68694,-0.17382,41.217,-0.348,-1,400.000,-1,400.000,-1,325.000,325.000,325.000,300.000,-1,-1,-1,-1,825.000,850.000,-1,-1,2,0,2,0,2,0,0,0,0,2,2,2,2,0,0,2,2
39,-4962.111,7294.431,355.080,-106.999,-0.293039,0.955912,-0.018981,-0.955654,-0.292238,0.036369,0.029218,0.028796,0.999158,0,0.68630,-0.17277,41.178,-0.346,-1,400.000,-1,400.000,-1,325.000,325.000,325.000,300.000,-1,-1,-1,-1,825.000,850.000,-1,-1,2,0,2,0,2,0,0,0,0,2,2,2,2,0,0,2,2
40,-4974.376,7255.158,356.282,-107.343,-0.298733,0.954153,-0.018742,-0.953919,-0.297963,0.035458,0.028248,0.028470,0.999195,0,0.68572,-0.17165,41.143,-0.343,-1,400.000,-1,400.000,-1,325.000,325.000,325.000,300.000,-1,-1,-1,-1,825.000,850.000,-1,-1,2,0,2,0,2,0,0,0,0,2,2,2,2,0,0,2,2
41,-4986.864,7215.988,357.400,-107.683,-0.304366,0.952378,-0.018352,-0.952171,-0.303640,0.034245,0.027042,0.027897,0.999245,0,0.68521,-0.17047,41.113,-0.341,-1,400.000,-1,400.000,-1,325.000,325.000,325.000,300.000,-1,-1,-1,-1,825.000,850.000,-1,-1,2,0,2,0,2,0,0,0,0,2,2,2,2,0,0,2,2
42,-4999.576,7176.917,358.511,-108.022,-0.309951,0.950581,-0.018041,-0.950401,-0.309265,0.033068,0.025854,0.027396,0.999290,0,0.68478,-0.16922,41.087,-0.338,-1,400.000,-1,400.000,-1,325.000,325.000,325.000,300.000,-1,-1,-1,-1,825.000,850.000,-1,-1,2,0,2,0,2,0,0,0,0,2,2,2,2,0,0,2,2
43,-5010.862,7142.430,359.401,-108.120,-0.311567,0.950053,-0.018041,-0.949891,-0.310899,0.032385,0.025158,0.027227,0.999313,0,0.60478,-0.04922,36.287,-0.098,-1,400.000,-1,400.000,-1,325.000,325.000,325.000,300.000,-1,-1,-1,-1,825.000,850.000,-1,-1,2,0,2,0,2,0,0,0,0,2,2,2,2,0,0,2,2
44,-5020.581,7112.480,360.096,-107.979,-0.309213,0.950817,-0.018306,-0.950671,-0.308551,0.031950,0.024730,0.027283,0.999322,0,0.52478,0.07078,31.487,0.142,-1,400.000,-1,400.000,-1,325.000,325.000,325.000,300.000,-1,-1,-1,-1,825.000,850.000,-1,-1,2,0,2,0,2,0,0,0,0,2,2,2,2,0,0,2,2
45,-5028.649,7087.042,360.624,-107.597,-0.302871,0.952846,-0.018803,-0.952722,-0.302211,0.031457,0.024291,0.027442,0.999328,0,0.44478,0.19078,26.687,0.382,-1,400.000,-1,400.000,-1,325.000,325.000,325.000,300.000,-1,-1,-1,-1,825.000,850.000,-1,-1,2,0,2,0,2,0,0,0,0,2,2,2,2,0,0,2,2
46,-5035.039,7066.109,361.054,-106.976,-0.292513,0.956068,-0.019208,-0.955959,-0.291857,0.031012,0.024043,0.027434,0.999334,0,0.36478,0.31078,21.887,0.622,-1,400.000,-1,400.000,-1,325.000,325.000,325.000,300.000,-1,-1,-1,-1,825.000,850.000,-1,-1,2,0,2,0,2,0,0,0,0,2,2,2,2,0,0,2,2
47,-5039.842,7049.711,361.389,-106.325,-0.281635,0.959323,-0.019516,-0.959224,-0.280982,0.030637,0.023907,0.027349,0.999340,0,0.28478,0.32531,17.087,0.651,-1,400.000,-1,400.000,-1,325.000,325.000,325.000,300.000,-1,-1,-1,-1,825.000,825.000,-1,-1,2,0,2,0,2,0,0,0,0,2,2,2,2,0,0,2,2
48,-5043.162,7037.881,361.629,-105.673,-0.270697,0.962462,-0.019730,-0.962369,-0.270049,0.030339,0.023872,0.027200,0.999345,0,0.20478,0.32601,12.287,0.652,-1,400.000,-1,400.000,-1,325.000,325.000,325.000,300.000,-1,-1,-1,-1,825.000,825.000,-1,-1,2,0,2,0,2,0,0,0,0,2,2,2,2,0,0,2,2
49,-5045.102,7030.650,361.769,-105.020,-0.259707,0.965483,-0.019854,-0.965391,-0.259063,0.030121,0.023938,0.026990,0.999349,0,0.12478,0.32653,7.487,0.653,-1,400.000,-1,400.000,-1,325.000,325.000,325.000,300.000,-1,-1,-1,-1,825.000,825.000,-1,-1,2,0,2,0,2,0,0,0,0,2,2,2,2,0,0,2,2
50,-5045.769,7028.047,361.809,-104.366,-0.248673,0.968383,-0.019895,-0.968288,-0.248032,0.029988,0.024105,0.026722,0.999352,0,0.04478,0.32686,2.687,0.654,-1,400.000,-1,400.000,-1,325.000,325.000,325.000,300.000,-1,-1,-1,-1,825.000,825.000,-1,-1,2,0,2,0,2,0,0,0,0,2,2,2,2,0,0,2,2
51,-5045.268,7030.100,361.745,-103.712,-0.237603,0.971159,-0.019861,-0.971056,-0.236965,0.029945,0.024374,0.026401,0.999354,0,-0.03522,0.32698,-2.113,0.654,-1,400.000,-1,400.000,-1,325.000,325.000,325.000,300.000,-1,-1,-1,-1,825.000,825.000,-1,-1,2,0,2,0,2,0,0,0,0,2,2,2,2,0,0,2,2
52,-5043.706,7036.835,361.578,-103.059,-0.226506,0.973809,-0.019761,-0.973695,-0.225871,0.029997,0.024748,0.026035,0.999355,0,-0.11522,0.32688,-6.913,0.654,-1,400.000,-1,400.000,-1,325.000,325.000,325.000,300.000,-1,-1,-1,-1,825.000,825.000,-1,-1,2,0,2,0,2,0,0,0,0,2,2,2,2,0,0,2,2
53,-5041.190,7048.274,361.305,-102.405,-0.215392,0.976331,-0.019603,-0.976202,-0.214758,0.030153,0.025229,0.025631,0.999353,0,-0.19522,0.32656,-11.713,0.653,-1,400.000,-1,400.000,-1,325.000,325.000,325.000,300.000,-1,-1,-1,-1,825.000,825.000,-1,-1,2,0,2,0,2,0,0,0,0,2,2,2,2,0,0,2,2
54,-5037.826,7064.441,360.924,-101.753,-0.204270,0.978722,-0.019399,-0.978574,-0.203636,0.030416,0.025818,0.025196,0.999349,0,-0.27522,0.32601,-16.513,0.652,-1,400.000,-1,400.000,-1,325.000,325.000,325.000,300.000,-1,-1,-1,-1,825.000,825.000,-1,-1,2,0,2,0,2,0,0,0,0,2,2,2,2,0,0,2,2
55,-5033.722,7085.355,360.436,-101.103,-0.193150,0.980982,-0.019160,-0.980811,-0.192515,0.030794,0.026520,0.024740,0.999342,0,-0.35522,0.32523,-21.313,0.650,-1,400.000,-1,400.000,-1,325.000,325.000,325.000,300.000,-1,-1,-1,-1,825.000,825.000,-1,-1,2,0,2,0,2,0,0,0,0,2,2,2,2,0,0,2,2
56,-5028.984,7111.035,359.837,-100.455,-0.182040,0.983109,-0.018897,-0.982911,-0.181402,0.031292,0.027335,0.024271,0.999332,0,-0.43522,0.32422,-26.113,0.648,-1,400.000,-1,400.000,-1,325.000,325.000,325.000,300.000,-1,-1,-1,-1,825.000,825.000,-1,-1,2,0,2,0,2,0,0,0,0,2,2,2,2,0,0,2,2
57,-5024.187,7138.783,359.191,-99.809,-0.170951,0.985103,-0.018649,-0.984876,-0.170309,0.031855,0.028205,0.023812,0.999318,0,-0.46932,0.32299,-28.159,0.646,-1,400.000,-1,400.000,-1,325.000,325.000,325.000,300.000,-1,-1,-1,-1,825.000,825.000,-1,-1,2,0,2,0,2,0,0,0,0,2,2,2,2,0,0,2,2
58,-5019.697,7166.608,358.541,-99.165,-0.159886,0.986963,-0.018435,-0.986707,-0.159239,0.032440,0.029081,0.023377,0.999304,0,-0.46976,0.32167,-28.185,0.643,-1,400.000,-1,400.000,-1,325.000,325.000,325.000,300.000,-1,-1,-1,-1,825.000,825.000,-1,-1,2,0,2,0,2,0,0,0,0,2,2,2,2,0,0,2,2
59,-5015.515,7194.507,357.801,-98.525,-0.148854,0.988684,-0.018606,-0.988410,-0.148193,0.032928,0.029798,0.023292,0.999285,0,-0.47017,0.32035,-28.210,0.641,-1,400.000,-1,400.000,-1,325.000,325.000,325.000,300.000,-1,-1,-1,-1,825.000,825.000,-1,-1,2,0,2,0,2,0,0,0,0,2,2,2,2,0,0,2,2
60,-5011.641,7222.474,356.959,-97.886,-0.137864,0.990266,-0.019134,-0.989974,-0.137172,0.033702,0.030750,0.023589,0.999249,0,-0.47057,0.31904,-28.234,0.638,-1,400.000,-1,400.000,-1,325.000,325.000,325.000,300.000,-1,-1,-1,-1,850.000,825.000,-1,-1,2,0,2,0,2,0,0,0,0,2,2,2,2,0,0,2,2
61,-5008.075,7250.505,356.082,-97.251,-0.126899,0.991722,-0.019595,-0.991412,-0.126180,0.034360,0.031603,0.023787,0.999217,0,-0.47095,0.31774,-28.257,0.635,-1,400.000,-1,400.000,-1,325.000,325.000,325.000,300.000,-1,-1,-1,-1,850.000,825.000,-1,-1,2,0,2,0,2,0,0,0,0,2,2,2,2,0,0,2,2
62,-5004.816,7278.595,354.978,-96.618,-0.115935,0.993071,-0.019194,-0.992726,-0.115220,0.034929,0.032476,0.023103,0.999205,0,-0.47131,0.31645,-28.278,0.633,-1,400.000,-1,400.000,-1,325.000,325.000,325.000,300.000,-1,-1,-1,-1,850.000,825.000,-1,-1,2,0,2,0,2,0,0,0,0,2,2,2,2,0,0,2,2
63,-5001.864,7306.740,353.820,-95.988,-0.104998,0.994298,-0.018613,-0.993908,-0.104290,0.035646,0.033502,0.022242,0.999191,0,-0.47164,0.31516,-28.298,0.630,-1,400.000,-1,400.000,-1,325.000,325.000,325.000,300.000,-1,-1,-1,-1,850.000,825.000,-1,-1,2,0,2,0,2,0,0,0,0,2,2,2,2,0,0,2,2
64,-4999.572,7330.126,352.858,-95.597,-0.098220,0.994999,-0.018180,-0.994573,-0.097515,0.036260,0.034306,0.021643,0.999177,0,-0.39164,0.19516,-23.498,0.390,-1,400.000,-1,400.000,-1,325.000,325.000,325.000,300.000,-1,-1,-1,-1,850.000,825.000,-1,-1,2,0,2,0,2,0,0,0,0,2,2,2,2,0,0,2,2
65,-4997.797,7348.740,352.094,-95.447,-0.095609,0.995258,-0.017877,-0.994807,-0.094905,0.036763,0.034892,0.021299,0.999164,0,-0.31164,0.07516,-18.698,0.150,-1,400.000,-1,400.000,-1,325.000,325.000,325.000,300.000,-1,-1,-1,-1,850.000,825.000,-1,-1,2,0,2,0,2,0,0,0,0,2,2,2,2,0,0,2,2
66,-4996.476,7362.575,351.528,-95.453,-0.095720,0.995251,-0.017678,-0.994783,-0.095015,0.037144,0.035288,0.021141,0.999154,0,-0.23164,-0.00316,-13.898,-0.006,-1,400.000,-1,400.000,-1,325.000,325.000,325.000,300.000,-1,-1,-1,-1,850.000,850.000,-1,-1,2,0,2,0,2,0,0,0,0,2,2,2,2,0,0,2,2
67,-4995.611,7371.633,351.158,-95.461,-0.095852,0.995241,-0.017548,-0.994761,-0.095146,0.037394,0.035547,0.021041,0.999146,0,-0.15164,-0.00376,-9.098,-0.008,-1,400.000,-1,400.000,-1,325.000,325.000,325.000,300.000,-1,-1,-1,-1,850.000,850.000,-1,-1,2,0,2,0,2,0,0,0,0,2,2,2,2,0,0,2,2
68,-4995.201,7375.912,350.982,-95.469,-0.095996,0.995228,-0.017488,-0.994742,-0.095290,0.037513,0.035668,0.020998,0.999143,0,-0.07164,-0.00415,-4.298,-0.008,-1,400.000,-1,400.000,-1,325.000,325.000,300.000,300.000,-1,-1,-1,-1,850.000,850.000,-1,-1,2,0,2,0,2,0,0,0,0,2,2,2,2,0,0,2,2
69,-4995.249,7375.412,351.003,-95.478,-0.096147,0.995213,-0.017497,-0.994729,-0.095440,0.037500,0.035650,0.021010,0.999143,0,0.00836,-0.00433,0.502,-0.009,-1,400.000,-1,400.000,-1,325.000,325.000,300.000,300.000,-1,-1,-1,-1,850.000,850.000,-1,-1,2,0,2,0,2,0,0,0,0,2,2,2,2,0,0,2,2
70,-4995.756,7370.135,351.219,-95.486,-0.096296,0.995198,-0.017575,-0.994720,-0.095590,0.037354,0.035495,0.021079,0.999148,0,0.08836,-0.00431,5.302,-0.009,-1,400.000,-1,400.000,-1,325.000,325.000,325.000,300.000,-1,-1,-1,-1,850.000,850.000,-1,-1,2,0,2,0,2,0,0,0,0,2,2,2,2,0,0,2,2
71,-4996.723,7360.080,351.631,-95.495,-0.096437,0.995181,-0.017722,-0.994716,-0.095731,0.037078,0.035202,0.021204,0.999155,0,0.16836,-0.00408,10.102,-0.008,-1,400.000,-1,400.000,-1,325.000,325.000,325.000,300.000,-1,-1,-1,-1,850.000,850.000,-1,-1,2,0,2,0,2,0,0,0,0,2,2,2,2,0,0,2,2
72,-4998.152,7345.247,352.238,-95.502,-0.096562,0.995165,-0.017940,-0.994719,-0.095858,0.036670,0.034773,0.021386,0.999166,0,0.24836,-0.00365,14.902,-0.007,-1,400.000,-1,400.000,-1,325.000,325.000,325.000,300.000,-1,-1,-1,-1,850.000,825.000,-1,-1,2,0,2,0,2,0,0,0,0,2,2,2,2,0,0,2,2
73,-5000.043,7325.637,353.040,-95.508,-0.096665,0.995150,-0.018231,-0.994729,-0.095962,0.036132,0.034207,0.021627,0.999181,0,0.32836,-0.00301,19.702,-0.006,-1,400.000,-1,400.000,-1,325.000,325.000,325.000,300.000,-1,-1,-1,-1,850.000,825.000,-1,-1,2,0,2,0,2,0,0,0,0,2,2,2,2,0,0,2,2
74,-5002.396,7301.249,354.036,-95.512,-0.096737,0.995136,-0.018597,-0.994746,-0.096036,0.035465,0.033507,0.021930,0.999198,0,0.40836,-0.00215,24.502,-0.004,-1,400.000,-1,400.000,-1,325.000,325.000,325.000,300.000,-1,-1,-1,-1,850.000,825.000,-1,-1,2,0,2,0,2,0,0,0,0,2,2,2,2,0,0,2,2
75,-5005.212,7272.083,355.227,-95.514,-0.096770,0.995125,-0.019042,-0.994770,-0.096072,0.034671,0.032673,0.022297,0.999217,0,0.48836,-0.00105,29.302,-0.002,-1,400.000,-1,400.000,-1,325.000,325.000,325.000,300.000,-1,-1,-1,-1,850.000,825.000,-1,-1,2,0,2,0,2,0,0,0,0,2,2,2,2,0,0,2,2
76,-5008.488,7238.139,356.547,-95.514,-0.096751,0.995122,-0.019289,-0.994797,-0.096061,0.033934,0.031916,0.022471,0.999238,0,0.56836,0.00029,34.102,0.001,-1,400.000,-1,400.000,-1,325.000,325.000,325.000,300.000,-1,-1,-1,-1,850.000,825.000,-1,-1,2,0,2,0,2,0,0,0,0,2,2,2,2,0,0,2,2
77,-5012.224,7199.417,357.750,-95.510,-0.096636,0.995149,-0.018426,-0.994839,-0.095997,0.032866,0.030938,0.021507,0.999290,0,0.64836,0.00190,38.902,0.004,-1,400.000,-1,400.000,-1,325.000,325.000,325.000,300.000,-1,-1,-1,-1,850.000,825.000,-1,-1,2,0,2,0,2,0,0,0,0,2,2,2,2,0,0,2,2
78,-5016.415,7155.917,358.825,-95.502,-0.096483,0.995164,-0.018422,-0.994882,-0.095865,0.031918,0.029997,0.021407,0.999321,0,0.72836,0.00380,43.702,0.008,-1,400.000,-1,400.000,-1,325.000,325.000,325.000,300.000,-1,-1,-1,-1,850.000,825.000,-1,-1,2,0,2,0,2,0,0,0,0,2,2,2,2,0,0,2,2
79,-5021.055,7107.638,359.976,-95.490,-0.096255,0.995183,-0.018609,-0.994939,-0.095657,0.030756,0.028828,0.021476,0.999354,0,0.80836,0.00600,48.502,0.012,-1,400.000,-1,400.000,-1,325.000,325.000,325.000,300.000,-1,-1,-1,-1,850.000,825.000,-1,-1,2,0,2,0,2,0,0,0,0,2,2,2,2,0,0,2,2
80,-5026.139,7054.580,361.244,-95.473,-0.095938,0.995209,-0.018831,-0.995006,-0.095360,0.029490,0.027553,0.021566,0.999388,0,0.88836,0.00853,53.302,0.017,-1,400.000,-1,400.000,-1,325.000,325.000,325.000,300.000,-1,-1,-1,-1,825.000,825.000,-1,-1,2,0,2,0,2,0,0,0,0,2,2,2,2,0,0,2,2
81,-5031.497,6998.425,362.588,-95.451,-0.095520,0.995245,-0.019082,-0.995082,-0.094964,0.028159,0.026213,0.021678,0.999421,0,0.94018,0.01140,56.411,0.023,-1,400.000,-1,400.000,-1,325.000,325.000,325.000,300.000,-1,-1,-1,-1,825.000,825.000,-1,-1,2,0,2,0,2,0,0,0,0,2,2,2,2,0,0,2,2
82,-5036.832,6942.217,363.938,-95.421,-0.094992,0.995290,-0.019350,-0.995167,-0.094459,0.026838,0.024884,0.021806,0.999453,0,0.94100,0.01454,56.460,0.029,-1,400.000,-1,400.000,-1,325.000,325.000,325.000,300.000,-1,-1,-1,-1,825.000,800.000,-1,-1,2,0,2,0,2,0,0,0,0,2,2,2,2,0,0,2,2
83,-5042.137,6885.946,365.292,-95.386,-0.094352,0.995345,-0.019635,-0.995260,-0.093840,0.025525,0.023563,0.021950,0.999481,0,0.94202,0.01779,56.521,0.036,-1,400.000,-1,400.000,-1,325.000,325.000,325.000,300.000,-1,-1,-1,-1,825.000,800.000,-1,-1,2,0,2,0,2,0,0,0,0,2,2,2,2,0,0,2,2
84,-5047.408,6829.597,366.652,-95.344,-0.093595,0.995411,-0.019935,-0.995362,-0.093105,0.024219,0.022252,0.022109,0.999508,0,0.94324,0.02114,56.594,0.042,-1,400.000,-1,400.000,-1,325.000,325.000,325.000,300.000,-1,-1,-1,-1,825.000,800.000,-1,-1,2,0,2,0,2,0,0,0,0,2,2,2,2,0,0,2,2
85,-5052.638,6773.161,368.018,-95.294,-0.092719,0.995486,-0.020249,-0.995472,-0.092251,0.022921,0.020950,0.022282,0.999532,0,0.94464,0.02458,56.678,0.049,-1,400.000,-1,400.000,-1,325.000,325.000,325.000,300.000,-1,-1,-1,-1,825.000,800.000,-1,-1,2,0,2,0,2,0,0,0,0,2,2,2,2,0,0,2,2
86,-5057.821,6716.626,369.389,-95.238,-0.091719,0.995572,-0.020577,-0.995591,-0.091274,0.021629,0.019655,0.022470,0.999554,0,0.94621,0.02811,56.773,0.056,-1,400.000,-1,400.000,-1,325.000,325.000,325.000,300.000,-1,-1,-1,-1,825.000,800.000,-1,-1,2,0,2,0,2,0,0,0,0,2,2,2,2,0,0,2,2
87,-5062.951,6659.981,370.767,-95.175,-0.090594,0.995668,-0.020917,-0.995719,-0.090171,0.020343,0.018369,0.022670,0.999574,0,0.94795,0.03173,56.877,0.063,-1,400.000,-1,400.000,-1,325.000,325.000,325.000,300.000,-1,-1,-1,-1,800.000,775.000,-1,-1,2,0,2,0,2,0,0,0,0,2,2,2,2,0,0,2,2
88,-5068.021,6603.216,372.151,-95.104,-0.089339,0.995774,-0.021268,-0.995855,-0.088939,0.019061,0.017089,0.022883,0.999592,0,0.94984,0.03543,56.991,0.071,-1,400.000,-1,400.000,-1,325.000,325.000,325.000,300.000,-1,-1,-1,-1,800.000,775.000,-1,-1,2,0,2,0,2,0,0,0,0,2,2,2,2,0,0,2,2
89,-5073.024,6546.323,373.274,-95.026,-0.087946,0.995914,-0.020524,-0.995992,-0.087578,0.018190,0.016318,0.022041,0.999624,0,0.95189,0.03921,57.113,0.078,-1,400.000,-1,400.000,-1,325.000,325.000,325.000,300.000,-1,-1,-1,-1,825.000,775.000,-1,-1,2,0,2,0,2,0,0,0,0,2,2,2,2,0,0,2,2
90,-5077.953,6489.291,374.062,-94.939,-0.086437,0.996050,-0.020317,-0.996130,-0.086081,0.017758,0.015939,0.021774,0.999636,0,0.95407,0.04306,57.244,0.086,-1,400.000,-1,400.000,-1,325.000,325.000,325.000,300.000,-1,-1,-1,-1,825.000,775.000,-1,-1,2,0,2,0,2,0,0,0,0,2,2,2,2,0,0,2,2
91,-5082.800,6432.112,374.842,-94.845,-0.084791,0.996194,-0.020187,-0.996278,-0.084448,0.017277,0.015507,0.021577,0.999647,0,0.95640,0.04699,57.384,0.094,-1,400.000,-1,400.000,-1,325.000,325.000,325.000,300.000,-1,-1,-1,-1,825.000,775.000,-1,-1,2,0,2,0,2,0,0,0,0,2,2,2,2,0,0,2,2
92,-5087.558,6374.778,375.632,-94.743,-0.083006,0.996347,-0.020061,-0.996435,-0.082675,0.016793,0.015073,0.021383,0.999658,0,0.95885,0.05099,57.531,0.102,-1,400.000,-1,400.000,-1,325.000,325.000,325.000,300.000,-1,-1,-1,-1,825.000,800.000,-1,-1,2,0,2,0,2,0,0,0,0,2,2,2,2,0,0,2,2
93,-5091.605,6322.203,376.360,-94.401,-0.077046,0.996828,-0.019927,-0.996919,-0.076727,0.016293,0.014712,0.021121,0.999669,0,0.87885,0.17099,52.731,0.342,-1,400.000,-1,400.000,-1,325.000,325.000,325.000,300.000,-1,-1,-1,-1,825.000,800.000,-1,-1,2,0,2,0,2,0,0,0,0,2,2,2,2,0,0,2,2
94,-5094.925,6272.465,377.053,-93.819,-0.066904,0.997564,-0.019761,-0.997655,-0.066598,0.015753,0.014399,0.020769,0.999681,0,0.83082,0.29099,49.849,0.582,-1,400.000,-1,400.000,-1,325.000,325.000,325.000,300.000,-1,-1,-1,-1,825.000,800.000,-1,-1,2,0,2,0,2,0,0,0,0,2,2,2,2,0,0,2,2
95,-5097.543,6222.475,377.755,-92.997,-0.052573,0.998426,-0.019529,-0.998518,-0.052281,0.015141,0.014096,0.020296,0.999695,0,0.83431,0.41099,50.059,0.822,-1,400.000,-1,400.000,-1,325.000,325.000,325.000,300.000,-1,-1,-1,-1,825.000,800.000,-1,-1,2,0,2,0,2,0,0,0,0,2,2,2,2,0,0,2,2
96,-5099.281,6172.239,378.467,-91.981,-0.034829,0.999209,-0.019211,-0.999298,-0.034554,0.014462,0.013786,0.019701,0.999711,0,0.83777,0.50844,50.266,1.017,-1,400.000,-1,400.000,-1,325.000,325.000,325.000,300.000,-1,-1,-1,-1,850.000,800.000,-1,-1,2,0,2,0,2,0,0,0,0,2,2,2,2,0,0,2,2
97,-5100.132,6121.775,379.192,-90.966,-0.017111,0.999677,-0.018808,-0.999763,-0.016853,0.013760,0.013438,0.019039,0.999728,0,0.84118,0.50738,50.471,1.015,-1,400.000,-1,400.000,-1,325.000,325.000,325.000,300.000,-1,-1,-1,-1,850.000,800.000,-1,-1,2,0,2,0,2,0,0,0,0,2,2,2,2,0,0,2,2
98,-5100.091,6071.102,379.927,-89.954,0.000571,0.999832,-0.018317,-0.999915,0.000810,0.013039,0.013051,0.018308,0.999747,0,0.84455,0.50614,50.673,1.012,-1,400.000,-1,400.000,-1,325.000,325.000,325.000,300.000,-1,-1,-1,-1,850.000,800.000,-1,-1,2,0,2,0,2,0,0,0,0,2,2,2,2,0,0,2,2
99,-5099.153,6020.239,380.671,-88.944,0.018205,0.999677,-0.017734,-0.999755,0.018425,0.012303,0.012625,0.017505,0.999767,0,0.84785,0.50472,50.871,1.009,-1,400.000,-1,400.000,-1,325.000,325.000,325.000,300.000,-1,-1,-1,-1,875.000,800.000,-1,-1,2,0,2,0,2,0,0,0,0,2,2,2,2,0,0,2,2
100,-5097.316,5969.208,381.422,-87.938,0.035778,0.999214,-0.017055,-0.999286,0.035978,0.011555,0.012159,0.016629,0.999788,0,0.85108,0.50311,51.065,1.006,-1,400.000,-1,400.000,-1,325.000,325.000,325.000,300.000,-1,-1,-1,-1,875.000,-1,-1,-1,2,0,2,0,2,0,0,0,0,2,2,2,2,0,2,2,2
101,-5094.576,5918.027,382.169,-86.935,0.053276,0.998447,-0.016315,-0.998511,0.053457,0.010826,0.011682,0.015714,0.999808,0,0.85422,0.50129,51.253,1.003,-1,400.000,-1,400.000,-1,325.000,325.000,325.000,325.000,-1,-1,-1,-1,900.000,-1,-1,-1,2,0,2,0,2,0,0,0,0,2,2,2,2,0,2,2,2
102,-5090.932,5866.721,382.567,-85.937,0.070687,0.997369,-0.016073,-0.997440,0.070848,0.009685,0.010798,0.015347,0.999824,0,0.85726,0.49926,51.436,0.999,-1,400.000,-1,400.000,-1,325.000,325.000,325.000,300.000,-1,-1,-1,-1,925.000,-1,-1,-1,2,0,2,0,2,0,0,0,0,2,2,2,2,0,2,2,2
103,-5086.383,5815.311,382.814,-84.943,0.088008,0.996004,-0.015211,-0.996073,0.088141,0.008307,0.009614,0.014420,0.999850,0,0.86018,0.49701,51.611,0.994,-1,400.000,-1,400.000,-1,325.000,325.000,325.000,300.000,-1,-1,-1,-1,925.000,-1,-1,-1,2,0,2,0,2,0,0,0,0,2,2,2,2,0,2,2,2
104,-5080.929,5763.822,383.063,-83.954,0.105216,0.994348,-0.014224,-0.994414,0.105322,0.006942,0.008401,0.013414,0.999875,0,0.86296,0.49453,51.777,0.989,-1,400.000,-1,400.000,-1,325.000,325.000,325.000,300.000,-1,-1,-1,-1,925.000,-1,-1,-1,2,0,2,0,2,0,0,0,0,2,2,2,2,0,2,2,2
105,-5074.573,5712.278,383.312,-82.970,0.122296,0.992407,-0.013111,-0.992468,0.122377,0.005596,0.007158,0.012328,0.999898,0,0.86557,0.49180,51.934,0.984,-1,400.000,-1,400.000,-1,325.000,325.000,325.000,300.000,-1,-1,-1,-1,925.000,-1,-1,-1,2,0,2,0,2,0,0,0,0,2,2,2,2,0,2,2,2
106,-5067.318,5660.705,383.559,-81.992,0.139235,0.990188,-0.011872,-0.990242,0.139294,0.004277,0.005889,0.011161,0.999920,0,0.86801,0.48882,52.080,0.978,-1,400.000,-1,400.000,-1,325.000,325.000,325.000,300.000,-1,-1,-1,-1,925.000,-1,-1,-1,2,0,2,0,2,0,0,0,0,2,2,2,2,0,2,2,2
107,-5059.170,5609.131,383.803,-81.021,0.156020,0.987698,-0.010507,-0.987743,0.156059,0.002992,0.004595,0.009911,0.999940,0,0.87023,0.48558,52.214,0.971,-1,400.000,-1,400.000,-1,325.000,325.000,325.000,300.000,-1,-1,-1,-1,950.000,-1,-1,-1,2,0,2,1,2,0,0,0,0,2,2,2,2,0,2,2,2
108,-5050.134,5557.584,384.041,-80.057,0.172636,0.984944,-0.009016,-0.984980,0.172658,0.001748,0.003278,0.008579,0.999958,0,0.87221,0.48206,52.333,0.964,-1,400.000,-1,450.000,-1,325.000,325.000,325.000,300.000,-1,-1,-1,-1,950.000,-1,-1,-1,2,0,2,1,2,0,0,0,0,2,2,2,2,0,2,2,2
109,-5040.220,5506.095,384.274,-79.101,0.189069,0.981936,-0.007402,-0.981962,0.189078,0.000552,0.001941,0.007164,0.999972,0,0.87393,0.47825,52.436,0.956,-1,400.000,-1,475.000,-1,325.000,325.000,325.000,300.000,-1,-1,-1,-1,950.000,-1,-1,-1,2,0,2,1,2,0,1,0,0,2,2,2,2,0,2,2,2
110,-5029.437,5454.693,384.498,-78.152,0.205305,0.978682,-0.005665,-0.978698,0.205305,-0.000589,0.000586,0.005665,0.999984,0,0.87534,0.47414,52.520,0.948,-1,400.000,-1,525.000,-1,325.000,325.000,325.000,325.000,-1,-1,-1,-1,950.000,-1,-1,-1,2,0,2,1,2,0,1,0,0,2,2,2,2,0,2,2,2
111,-5017.799,5403.413,384.712,-77.213,0.221331,0.975191,-0.003808,-0.975199,0.221326,-0.001668,-0.000784,0.004083,0.999991,0,0.87641,0.46973,52.584,0.939,-1,425.000,-1,525.000,-1,325.000,325.000,325.000,325.000,-1,-1,-1,-1,950.000,-1,-1,-1,2,0,2,1,2,0,1,0,0,2,2,2,2,0,2,2,2
112,-5005.320,5352.288,384.915,-76.283,0.237131,0.971476,-0.001835,-0.971475,0.237126,-0.002679,-0.002167,0.002417,0.999995,0,0.87710,0.46500,52.626,0.930,-1,425.000,-1,525.000,-1,325.000,325.000,325.000,325.000,-1,-1,-1,-1,950.000,-1,-1,-1,2,0,2,1,2,0,1,0,0,2,2,2,2,0,2,2,2
113,-4992.017,5301.353,385.002,-75.363,0.252694,0.967546,-0.000193,-0.967541,0.252692,-0.003417,-0.003257,0.001050,0.999994,0,0.87738,0.45994,52.643,0.920,-1,425.000,-1,525.000,-1,325.000,325.000,325.000,325.000,-1,-1,-1,-1,975.000,-1,-1,-1,2,0,2,1,2,0,0,0,0,2,2,2,2,1,2,2,2
114,-4977.911,5250.647,382.670,-74.454,0.268086,0.963380,-0.005346,-0.963334,0.268002,-0.012734,-0.010835,0.008563,0.999905,0,0.87720,0.45456,52.632,0.909,-1,400.000,-1,450.000,-1,325.000,300.000,325.000,300.000,-1,-1,-1,-1,925.000,-1,-1,-1,2,0,2,1,2,0,0,0,0,2,2,2,2,1,2,2,2
115,-4963.023,5200.207,380.478,-73.556,0.283293,0.958984,-0.009696,-0.958865,0.283040,-0.021592,-0.017962,0.015414,0.999720,0,0.87652,0.44885,52.591,0.898,-1,400.000,-1,400.000,-1,300.000,300.000,350.000,275.000,-1,-1,-1,-1,875.000,-1,-1,-1,2,0,2,1,2,0,0,0,0,2,2,2,2,1,2,2,2
116,-4947.379,5150.072,378.607,-72.671,0.298228,0.954418,-0.012114,-0.954209,0.297805,-0.028238,-0.023344,0.019980,0.999528,0,0.87531,0.44282,52.519,0.886,-1,400.000,-1,375.000,-1,300.000,300.000,350.000,275.000,-1,-1,-1,-1,850.000,-1,-1,-1,2,0,2,1,2,0,0,0,0,2,2,2,2,1,2,2,2
117,-4931.007,5100.282,376.899,-71.798,0.312824,0.949740,-0.011601,-0.949394,0.312302,-0.033449,-0.028145,0.021477,0.999373,0,0.87354,0.43649,52.412,0.873,-1,375.000,-1,350.000,-1,300.000,275.000,350.000,275.000,-1,-1,-1,-1,825.000,-1,-1,-1,2,0,2,0,2,0,0,0,1,2,2,2,2,0,2,2,2
118,-4913.936,5050.878,375.668,-70.938,0.327059,0.944955,-0.009645,-0.944479,0.326520,-0.036664,-0.031496,0.021100,0.999281,0,0.87117,0.42987,52.270,0.860,-1,375.000,-1,350.000,-1,300.000,275.000,350.000,375.000,-1,-1,-1,-1,800.000,-1,-1,-1,2,0,2,0,2,0,0,0,1,2,2,2,2,0,2,2,2
119,-4896.198,5001.899,374.931,-70.092,0.340914,0.940073,-0.006340,-0.939503,0.340452,-0.037768,-0.033347,0.018832,0.999266,0,0.86820,0.42300,52.092,0.846,-1,375.000,-1,350.000,-1,300.000,275.000,325.000,550.000,-1,-1,-1,-1,800.000,-1,-1,-1,2,0,2,0,2,0,0,0,1,2,2,2,2,0,2,2,2
120,-4877.828,4953.383,374.696,-69.260,0.354387,0.935097,-0.001763,-0.934492,0.354089,-0.036674,-0.033670,0.014645,0.999326,0,0.86462,0.41592,51.877,0.832,-1,375.000,-1,350.000,-1,300.000,300.000,325.000,650.000,-1,-1,-1,-1,825.000,-1,-1,-1,2,0,2,0,2,0,0,0,1,2,2,2,2,0,2,2,2
121,-4858.858,4905.367,374.969,-68.443,0.367495,0.930017,0.004000,-0.929459,0.367418,-0.033305,-0.032444,0.008521,0.999437,0,0.86046,0.40868,51.628,0.817,-1,400.000,-1,-1,-1,300.000,300.000,325.000,750.000,-1,-1,-1,-1,825.000,-1,-1,-1,2,0,2,2,2,0,0,0,1,2,2,2,2,0,2,2,2
122,-4841.214,4861.991,375.549,-67.865,0.376657,0.926300,0.009938,-0.925858,0.376784,-0.028644,-0.030278,0.001588,0.999540,0,0.78046,0.28868,46.828,0.577,-1,400.000,-1,-1,-1,325.000,325.000,325.000,825.000,-1,-1,-1,-1,850.000,-1,-1,-1,2,0,2,2,2,0,1,0,1,2,2,2,2,0,2,2,2
123,-4825.001,4823.217,376.441,-67.309,0.385463,0.922583,0.016061,-0.922322,0.385751,-0.022767,-0.027200,-0.006038,0.999612,0,0.70046,0.27806,42.028,0.556,-1,400.000,-1,-1,-1,325.000,550.000,300.000,900.000,-1,-1,-1,-1,875.000,-1,-1,-1,2,0,2,2,2,0,1,0,1,2,2,2,2,0,2,2,2
124,-4809.843,4787.928,376.151,-66.755,0.394286,0.918790,0.019080,-0.918572,0.394647,-0.021909,-0.027659,-0.008888,0.999578,0,0.64011,0.27707,38.407,0.554,-1,425.000,-1,-1,-1,350.000,600.000,300.000,950.000,-1,-1,-1,-1,900.000,-1,-1,-1,2,1,2,2,2,1,1,0,1,2,2,2,2,0,2,2,2
125,-4794.451,4753.024,375.213,-66.202,0.403069,0.914937,0.020641,-0.914677,0.403490,-0.023717,-0.030028,-0.009321,0.999506,0,0.63578,0.27635,38.147,0.553,-1,425.000,-1,-1,-1,375.000,600.000,300.000,1000.000,-1,-1,-1,-1,875.000,-1,-1,-1,2,1,2,2,2,1,1,0,1,2,2,2,2,0,2,2,2
126,-4778.834,4718.516,373.753,-65.651,0.411881,0.911022,0.019852,-0.910716,0.412284,-0.024854,-0.030827,-0.007843,0.999494,0,0.63128,0.27579,37.877,0.552,-1,425.000,-1,-1,-1,400.000,600.000,300.000,-1,-1,-1,-1,-1,875.000,-1,-1,-1,2,1,2,2,2,1,1,0,2,2,2,2,2,0,2,2,2
127,-4763.004,4684.411,371.070,-65.100,0.420824,0.907042,0.013479,-0.906710,0.421035,-0.024608,-0.027996,-0.001865,0.999606,0,0.62668,0.27540,37.601,0.551,-1,425.000,-1,-1,-1,425.000,600.000,325.000,-1,-1,-1,-1,-1,925.000,-1,-1,-1,2,1,2,2,2,1,1,0,2,2,2,2,2,0,2,2,2
128,-4746.966,4650.711,366.334,-64.550,0.429848,0.902895,0.003365,-0.902314,0.429700,-0.034470,-0.032568,0.011781,0.999400,0,0.62201,0.27519,37.321,0.550,-1,400.000,-1,-1,-1,400.000,575.000,325.000,-1,-1,-1,0.000,-1,900.000,-1,-1,-1,2,1,2,2,2,1,1,0,2,2,2,1,2,0,2,2,2
129,-4730.723,4617.420,357.724,-63.999,0.439625,0.898074,-0.013900,-0.896794,0.438033,-0.062347,-0.049903,0.039875,0.997958,0,0.61734,0.27515,37.040,0.550,-1,375.000,-1,-1,-1,350.000,500.000,350.000,-1,-1,-1,0.000,-1,800.000,-1,-1,-1,2,1,2,2,2,1,1,0,2,2,2,0,2,0,2,2,2
130,-4714.280,4584.538,349.901,-63.449,0.449868,0.892642,-0.028431,-0.890646,0.446052,-0.088242,-0.066087,0.065019,0.995693,0,0.61270,0.27527,36.762,0.551,-1,350.000,-1,900.000,-1,325.000,425.000,400.000,-1,-1,-1,0.000,-1,700.000,-1,-1,-1,2,0,2,1,2,1,1,0,2,2,2,0,2,0,2,2,2
131,-4697.642,4552.060,342.865,-62.898,0.460392,0.886800,-0.040301,-0.884001,0.453844,-0.112107,-0.081126,0.087239,0.992879,0,0.60815,0.27555,36.489,0.551,-1,300.000,-1,775.000,-1,300.000,400.000,425.000,-1,-1,-1,0.000,-1,625.000,-1,-1,-1,2,1,2,1,2,1,1,0,2,2,2,0,2,0,2,2,2
132,-4680.814,4519.980,336.613,-62.346,0.471034,0.880720,-0.049592,-0.876979,0.461493,-0.133910,-0.095051,0.106567,0.989752,0,0.60372,0.27599,36.223,0.552,-1,275.000,-1,675.000,-1,250.000,350.000,475.000,-1,-1,-1,0.000,-1,550.000,-1,-1,-1,2,1,2,1,2,1,1,0,2,2,2,0,2,0,2,2,2
133,-4663.799,4488.288,331.002,-61.793,0.481577,0.874605,-0.056117,-0.869786,0.469106,-0.153009,-0.107498,0.122495,0.986630,0,0.59946,0.27658,35.968,0.553,-1,250.000,-1,575.000,-1,225.000,325.000,500.000,75.000,-1,-1,0.000,-1,500.000,875.000,-1,-1,2,1,2,1,2,1,1,0,1,2,2,0,2,0,1,2,2
134,-4644.118,4452.582,325.413,-61.158,0.493372,0.867739,-0.060098,-0.861422,0.477865,-0.172037,-0.120565,0.136648,0.983255,0,0.67946,0.31709,40.768,0.634,-1,225.000,1000.000,475.000,-1,200.000,275.000,550.000,50.000,-1,-1,0.000,-1,425.000,750.000,-1,-1,2,0,0,1,2,1,1,0,0,2,2,0,2,0,1,2,2
135,-4621.850,4412.821,320.172,-60.764,0.501470,0.862986,-0.061507,-0.854608,0.483015,-0.190637,-0.134809,0.148163,0.979732,0,0.75946,0.19709,45.568,0.394,-1,200.000,725.000,400.000,-1,175.000,250.000,575.000,-1,-1,-1,0.000,-1,375.000,625.000,900.000,-1,2,0,0,1,2,1,1,0,2,2,2,0,2,0,1,0,2
136,-4597.124,4368.934,315.445,-60.610,0.505750,0.860607,-0.059775,-0.849470,0.484729,-0.208421,-0.150394,0.156186,0.976211,0,0.83946,0.07709,50.368,0.154,-1,175.000,525.000,350.000,-1,150.000,225.000,600.000,-1,-1,-1,0.000,-1,325.000,525.000,575.000,900.000,2,0,0,1,2,1,1,0,2,2,2,0,2,0,1,0,1
137,-4572.023,4324.213,311.759,-60.696,0.505978,0.860760,-0.055475,-0.846427,0.483119,-0.223959,-0.165974,0.160274,0.973018,0,0.85463,-0.04291,51.278,-0.086,-1,150.000,400.000,300.000,-1,150.000,200.000,600.000,-1,-1,-1,0.000,-1,275.000,450.000,375.000,775.000,2,0,0,1,2,1,1,0,2,2,2,0,2,0,1,0,1
138,-4263.559,-8855.085,246.879,141.440,-0.781919,-0.623333,0.007663,0.623289,-0.781956,-0.007493,0.010663,-0.001082,0.999943,1,0.00000,0.00000,51.116,-0.326,-1,400.000,-1,400.000,700.000,325.000,325.000,300.000,325.000,-1,-1,-1,-1,800.000,600.000,-1,675.000,2,0,2,0,1,0,0,0,0,2,2,2,2,0,1,2,1
139,-4259.819,-8858.092,246.832,141.200,-0.779301,-0.626603,0.007661,0.626559,-0.779338,-0.007500,0.010670,-0.001044,0.999943,0,-0.08000,-0.12000,-4.800,-0.240,-1,400.000,-1,400.000,700.000,325.000,325.000,300.000,325.000,-1,-1,-1,-1,800.000,600.000,-1,675.000,2,0,2,0,1,0,0,0,0,2,2,2,2,0,1,2,1
