timestep,x_cm,y_cm,z_cm,yaw_deg,basis_xx,basis_xy,basis_xz,basis_yx,basis_yy,basis_yz,basis_zx,basis_zy,basis_zz,teleport_flag,throttle_cmd,steering_cmd,cmd_move_cm,cmd_turn_deg,lidar_cm_0,lidar_cm_1,lidar_cm_2,lidar_cm_3,lidar_cm_4,lidar_cm_5,lidar_cm_6,lidar_cm_7,lidar_cm_8,lidar_cm_9,lidar_cm_10,lidar_cm_11,lidar_cm_12,lidar_cm_13,lidar_cm_14,lidar_cm_15,lidar_cm_16,lidar_class_0,lidar_class_1,lidar_class_2,lidar_class_3,lidar_class_4,lidar_class_5,lidar_class_6,lidar_class_7,lidar_class_8,lidar_class_9,lidar_class_10,lidar_class_11,lidar_class_12,lidar_class_13,lidar_class_14,lidar_class_15,lidar_class_16
0,6227.857,-5578.715,-136.855,-136.743,-0.727054,0.685259,-0.042581,-0.684469,-0.728282,-0.033262,-0.053804,0.004962,0.998539,1,0.08000,0.12000,4.800,0.240,-1,400.000,-1,400.000,-1,325.000,325.000,350.000,350.000,-1,-1,-1,-1,825.000,725.000,-1,-1,2,0,2,0,2,0,0,0,0,2,2,2,2,0,0,2,2
1,6220.921,-5585.352,-137.314,-136.263,-0.721247,0.691335,-0.043104,-0.690522,-0.722515,-0.033944,-0.054610,0.005282,0.998494,0,0.16000,0.24000,9.600,0.480,-1,400.000,-1,400.000,-1,325.000,325.000,350.000,350.000,-1,-1,-1,-1,825.000,725.000,-1,-1,2,0,2,0,2,0,0,0,0,2,2,2,2,0,0,2,2
2,6210.642,-5595.438,-137.992,-135.543,-0.712444,0.700358,-0.043847,-0.699507,-0.713769,-0.034994,-0.055805,0.005740,0.998425,0,0.24000,0.36000,14.400,0.720,-1,400.000,-1,400.000,-1,325.000,325.000,350.000,350.000,-1,-1,-1,-1,825.000,700.000,-1,-1,2,0,2,0,2,0,0,0,0,2,2,2,2,0,0,2,2
3,6197.113,-5609.061,-138.865,-134.801,-0.703239,0.709539,-0.044824,-0.708633,-0.704639,-0.036374,-0.057394,0.006184,0.998332,0,0.32000,0.37094,19.200,0.742,-1,400.000,-1,375.000,-1,325.000,325.000,350.000,350.000,-1,-1,-1,-1,800.000,700.000,-1,-1,2,0,2,0,2,0,0,0,0,2,2,2,2,0,0,2,2
4,6180.495,-5626.378,-140.140,-133.820,-0.690922,0.721509,-0.045296,-0.720543,-0.692375,-0.037867,-0.058683,0.006474,0.998256,0,0.40000,0.49094,24.000,0.982,-1,400.000,-1,375.000,-1,325.000,325.000,350.000,350.000,-1,-1,-1,-1,800.000,675.000,-1,-1,2,0,2,0,2,0,0,0,0,2,2,2,2,0,0,2,2
5,6161.002,-5647.578,-141.968,-132.598,-0.675336,0.736104,-0.045513,-0.735134,-0.676827,-0.038514,-0.059155,0.007448,0.998221,0,0.48000,0.61094,28.800,1.222,-1,400.000,-1,375.000,-1,325.000,300.000,350.000,350.000,-1,-1,-1,-1,800.000,675.000,-1,-1,2,0,2,0,2,0,0,0,0,2,2,2,2,0,0,2,2
6,6138.790,-5672.790,-144.044,-131.381,-0.659520,0.750309,-0.045495,-0.749319,-0.661037,-0.039371,-0.059614,0.008125,0.998188,0,0.56000,0.60849,33.600,1.217,-1,400.000,-1,375.000,-1,325.000,300.000,350.000,350.000,-1,-1,-1,-1,800.000,675.000,-1,-1,2,0,2,0,2,0,0,0,0,2,2,2,2,0,0,2,2
7,6114.009,-5702.123,-146.346,-130.192,-0.643802,0.763857,-0.045175,-0.762833,-0.645330,-0.040425,-0.060032,0.008435,0.998161,0,0.64000,0.59426,38.400,1.189,-1,400.000,-1,375.000,-1,300.000,300.000,350.000,325.000,-1,-1,-1,-1,800.000,650.000,-1,-1,2,0,2,0,2,0,0,0,0,2,2,2,2,0,0,2,2
8,6086.801,-5735.679,-148.849,-129.036,-0.628270,0.776722,-0.044495,-0.775649,-0.629788,-0.041655,-0.060377,0.008342,0.998141,0,0.72000,0.57803,43.200,1.156,-1,400.000,-1,375.000,-1,300.000,300.000,350.000,325.000,-1,-1,-1,-1,800.000,650.000,-1,-1,2,0,2,0,2,0,0,0,0,2,2,2,2,0,0,2,2
9,6057.915,-5772.763,-151.470,-127.917,-0.613008,0.788882,-0.043429,-0.787749,-0.614494,-0.043001,-0.060610,0.007851,0.998131,0,0.78345,0.55979,47.007,1.120,-1,400.000,-1,375.000,-1,325.000,300.000,350.000,325.000,-1,-1,-1,-1,800.000,625.000,-1,-1,2,0,2,0,2,0,0,0,0,2,2,2,2,0,0,2,2
10,6029.225,-5811.063,-154.049,-126.837,-0.598086,0.800329,-0.042021,-0.799125,-0.599520,-0.044443,-0.060762,0.006999,0.998128,0,0.79757,0.53998,47.854,1.080,-1,400.000,-1,350.000,-1,325.000,300.000,350.000,325.000,-1,-1,-1,-1,800.000,625.000,-1,1000.000,2,0,2,0,2,0,0,0,0,2,2,2,2,0,0,2,0
11,6000.733,-5850.573,-156.968,-125.797,-0.583573,0.811089,-0.039724,-0.809684,-0.584908,-0.047899,-0.062085,0.004212,0.998062,0,0.81187,0.51986,48.712,1.040,-1,400.000,-1,350.000,-1,325.000,300.000,350.000,325.000,-1,-1,-1,-1,775.000,625.000,-1,950.000,2,0,2,0,2,0,0,0,0,2,2,2,2,0,0,2,0
12,5972.581,-5891.099,-159.805,-124.787,-0.569322,0.821279,-0.037058,-0.819678,-0.570525,-0.051271,-0.063250,0.001186,0.997997,0,0.82240,0.50498,49.344,1.010,-1,400.000,-1,350.000,1000.000,300.000,300.000,325.000,325.000,-1,-1,-1,-1,775.000,600.000,-1,900.000,2,0,2,0,0,0,0,0,0,2,2,2,2,0,0,2,0
13,5945.148,-5932.115,-162.488,-123.777,-0.554929,0.831207,-0.033903,-0.829421,-0.555960,-0.054490,-0.064141,-0.002118,0.997939,0,0.82240,0.50498,49.344,1.010,-1,400.000,-1,350.000,950.000,300.000,300.000,325.000,350.000,-1,-1,-1,-1,750.000,600.000,-1,875.000,2,0,2,0,0,0,0,0,0,2,2,2,2,0,0,2,0
14,5918.442,-5973.608,-165.026,-122.767,-0.540396,0.840865,-0.030292,-0.838913,-0.541214,-0.057542,-0.064780,-0.005684,0.997883,0,0.82240,0.50498,49.344,1.010,-1,400.000,-1,350.000,925.000,300.000,300.000,325.000,350.000,-1,-1,-1,-1,750.000,600.000,-1,825.000,2,0,2,0,0,0,0,0,0,2,2,2,2,0,0,2,0
15,5892.472,-6015.564,-168.032,-121.757,-0.525646,0.850266,-0.027283,-0.848327,-0.526304,-0.057837,-0.063536,-0.007257,0.997953,0,0.82240,0.50498,49.344,1.010,-1,400.000,-1,350.000,900.000,300.000,300.000,325.000,350.000,-1,-1,-1,-1,750.000,575.000,-1,800.000,2,0,2,0,0,0,0,0,0,2,2,2,2,0,0,2,0
16,5867.246,-6057.972,-170.947,-120.747,-0.510738,0.859399,-0.024090,-0.857493,-0.511228,-0.057887,-0.062064,-0.008908,0.998032,0,0.82240,0.50498,49.344,1.010,-1,400.000,-1,350.000,850.000,300.000,300.000,350.000,350.000,-1,250.000,-1,-1,750.000,575.000,-1,775.000,2,0,2,0,0,0,0,0,0,2,0,2,2,0,0,2,0
17,5842.633,-6101.066,-173.943,-119.733,-0.495565,0.868303,-0.021583,-0.866417,-0.495932,-0.058074,-0.061130,-0.010080,0.998079,0,0.82712,0.50705,49.627,1.014,-1,400.000,-1,350.000,825.000,300.000,300.000,350.000,350.000,-1,300.000,-1,-1,750.000,575.000,-1,750.000,2,0,2,0,0,0,0,0,0,2,0,2,2,0,0,2,0
18,5818.630,-6144.885,-177.073,-118.714,-0.480185,0.876968,-0.018668,-0.875109,-0.480407,-0.058254,-0.060055,-0.011636,0.998127,0,0.83271,0.50939,49.963,1.019,-1,400.000,-1,350.000,775.000,300.000,300.000,350.000,350.000,-1,325.000,-1,-1,750.000,575.000,-1,725.000,2,0,2,0,0,0,0,0,0,2,0,2,2,0,0,2,0
19,5795.254,-6189.428,-180.073,-117.691,-0.464600,0.885387,-0.015401,-0.883561,-0.464658,-0.058426,-0.058885,-0.013537,0.998173,0,0.83840,0.51165,50.304,1.023,-1,400.000,-1,350.000,750.000,300.000,300.000,350.000,325.000,-1,350.000,-1,-1,750.000,550.000,-1,700.000,2,0,2,0,0,0,0,0,0,2,0,2,2,0,0,2,0
20,5772.525,-6234.693,-182.916,-116.663,-0.448805,0.893550,-0.011934,-0.891763,-0.448690,-0.058610,-0.057726,-0.015662,0.998210,0,0.84419,0.51381,50.651,1.028,-1,400.000,-1,350.000,725.000,300.000,300.000,350.000,325.000,-1,375.000,-1,-1,775.000,550.000,-1,675.000,2,0,2,0,0,0,0,0,0,2,0,2,2,0,0,2,0
21,5750.462,-6280.679,-185.608,-115.631,-0.432806,0.901449,-0.008273,-0.899709,-0.432510,-0.058806,-0.056589,-0.018008,0.998235,0,0.85008,0.51589,51.005,1.032,-1,400.000,-1,325.000,675.000,300.000,300.000,350.000,325.000,-1,400.000,-1,-1,775.000,550.000,-1,650.000,2,0,2,0,0,0,0,0,0,2,0,2,2,0,0,2,0
22,5729.085,-6327.383,-188.152,-114.596,-0.416609,0.909075,-0.004425,-0.907391,-0.416124,-0.059014,-0.055489,-0.020570,0.998247,0,0.85607,0.51788,51.364,1.036,-1,400.000,-1,325.000,650.000,300.000,300.000,350.000,325.000,-1,425.000,-1,-1,775.000,550.000,-1,675.000,2,0,2,0,0,0,0,0,0,2,0,2,2,0,0,2,0
23,5708.413,-6374.801,-190.555,-113.556,-0.400219,0.916419,-0.000395,-0.914801,-0.399538,-0.059233,-0.054440,-0.023345,0.998244,0,0.86215,0.51978,51.729,1.040,1000.000,400.000,-1,325.000,625.000,300.000,275.000,350.000,325.000,-1,475.000,-1,-1,775.000,550.000,975.000,700.000,1,0,2,0,0,0,0,0,0,2,0,2,2,0,0,1,0
24,5688.465,-6422.931,-192.821,-112.513,-0.383645,0.923473,0.003810,-0.921932,-0.382759,-0.059464,-0.053455,-0.026326,0.998223,0,0.86833,0.52158,52.100,1.043,950.000,400.000,-1,325.000,700.000,300.000,300.000,350.000,325.000,-1,525.000,-1,-1,775.000,575.000,925.000,725.000,1,0,2,0,0,0,0,0,0,2,0,2,2,0,0,1,0
25,5669.264,-6471.768,-195.370,-111.466,-0.366977,0.930170,0.010540,-0.928820,-0.365773,-0.059185,-0.051197,-0.031509,0.998191,0,0.87461,0.52329,52.477,1.047,925.000,400.000,-1,325.000,925.000,325.000,300.000,350.000,325.000,-1,500.000,-1,-1,775.000,575.000,875.000,900.000,1,0,2,0,0,0,0,0,0,2,0,2,2,1,0,1,0
26,5650.827,-6521.307,-197.745,-110.417,-0.350120,0.936543,0.017424,-0.935420,-0.348605,-0.058860,-0.049051,-0.036907,0.998114,0,0.88099,0.52491,52.859,1.050,875.000,400.000,-1,350.000,-1,325.000,300.000,350.000,325.000,-1,475.000,-1,-1,750.000,600.000,850.000,-1,1,0,2,0,2,0,0,0,0,2,0,2,2,1,0,1,2
27,5633.175,-6571.543,-199.994,-109.364,-0.333085,0.942580,0.024431,-0.941721,-0.331264,-0.058528,-0.047074,-0.042502,0.997987,0,0.88746,0.52643,53.247,1.053,825.000,400.000,-1,350.000,-1,325.000,300.000,350.000,325.000,-1,450.000,-1,-1,700.000,600.000,800.000,-1,1,0,2,0,2,0,0,0,0,2,0,2,2,1,0,1,2
28,5617.650,-6618.987,-202.055,-108.124,-0.312807,0.949313,0.030942,-0.948726,-0.310721,-0.058074,-0.045516,-0.047521,0.997833,0,0.83200,0.61993,49.920,1.240,775.000,400.000,-1,350.000,-1,325.000,300.000,350.000,325.000,-1,425.000,-1,-1,675.000,625.000,750.000,-1,1,0,2,0,2,0,0,0,0,2,0,2,2,1,0,1,2
29,5603.045,-6667.119,-204.525,-106.882,-0.292269,0.955660,0.035954,-0.955328,-0.290029,-0.056846,-0.043898,-0.050962,0.997735,0,0.83831,0.62079,50.299,1.242,725.000,425.000,-1,350.000,-1,325.000,300.000,325.000,325.000,-1,350.000,-1,-1,625.000,625.000,700.000,-1,1,0,2,0,2,0,0,0,0,2,0,2,2,1,0,1,2
30,5589.384,-6715.926,-207.278,-105.639,-0.271565,0.961610,0.039489,-0.961430,-0.269197,-0.056438,-0.043641,-0.053293,0.997625,0,0.84473,0.62150,50.684,1.243,675.000,425.000,-1,375.000,-1,325.000,300.000,325.000,325.000,-1,300.000,-1,-1,600.000,650.000,650.000,-1,1,0,2,0,2,0,0,0,0,2,0,2,2,1,0,1,2
31,5576.688,-6765.397,-209.987,-104.395,-0.250736,0.967097,0.043058,-0.967067,-0.248222,-0.056287,-0.043747,-0.055753,0.997486,0,0.85125,0.62205,51.075,1.244,650.000,425.000,-1,375.000,-1,325.000,300.000,325.000,300.000,-1,250.000,-1,-1,550.000,650.000,600.000,-1,1,0,2,0,2,0,0,0,0,2,0,2,2,1,1,1,2
32,5564.980,-6815.519,-212.660,-103.150,-0.229799,0.972118,0.046673,-0.972234,-0.227119,-0.056383,-0.044210,-0.058334,0.997318,0,0.85786,0.62244,51.472,1.245,600.000,425.000,950.000,375.000,-1,325.000,300.000,325.000,300.000,-1,300.000,-1,-1,525.000,625.000,550.000,-1,1,1,1,0,2,0,0,0,0,2,0,2,2,1,1,1,2
33,5554.282,-6866.278,-215.305,-101.905,-0.208773,0.976667,0.050346,-0.976927,-0.205905,-0.056712,-0.045022,-0.061024,0.997120,0,0.86458,0.62266,51.875,1.245,550.000,400.000,825.000,375.000,-1,325.000,300.000,325.000,300.000,-1,350.000,-1,-1,475.000,600.000,525.000,-1,1,1,1,0,2,0,0,0,0,2,0,2,2,1,1,1,2
34,5544.614,-6917.659,-217.932,-100.660,-0.187676,0.980741,0.054089,-0.981145,-0.184596,-0.057261,-0.046174,-0.063815,0.996893,0,0.87139,0.62271,52.283,1.245,500.000,375.000,750.000,375.000,-1,325.000,325.000,325.000,275.000,1000.000,400.000,-1,-1,450.000,575.000,475.000,-1,1,1,1,0,2,0,0,0,0,0,0,2,2,1,1,1,2
35,5535.997,-6969.647,-220.552,-99.414,-0.166530,0.984335,0.057910,-0.984884,-0.163209,-0.058014,-0.047654,-0.066695,0.996635,0,0.87830,0.62258,52.698,1.245,450.000,325.000,650.000,350.000,-1,300.000,300.000,325.000,275.000,975.000,-1,-1,-1,400.000,550.000,425.000,-1,1,1,1,1,2,1,1,0,0,0,2,2,2,1,1,1,2
36,5528.452,-7022.226,-223.175,-98.170,-0.145351,0.987447,0.061817,-0.988143,-0.141763,-0.058955,-0.049451,-0.069653,0.996345,0,0.88529,0.62226,53.117,1.245,400.000,300.000,575.000,325.000,-1,275.000,275.000,300.000,275.000,950.000,-1,-1,-1,375.000,500.000,375.000,-1,1,1,1,1,2,1,1,0,0,0,2,2,2,1,1,1,2
37,5521.998,-7075.377,-225.812,-96.926,-0.124162,0.990077,0.065816,-0.990922,-0.120275,-0.060063,-0.051551,-0.072676,0.996022,0,0.89237,0.62174,53.542,1.243,325.000,275.000,500.000,300.000,-1,250.000,250.000,300.000,300.000,975.000,-1,-1,-1,325.000,450.000,325.000,-1,1,1,1,1,2,1,1,0,0,0,2,2,2,1,1,1,2
38,5516.656,-7129.084,-228.476,-95.684,-0.102981,0.992223,0.069912,-0.993220,-0.098764,-0.061318,-0.053937,-0.075753,0.995667,0,0.89954,0.62101,53.972,1.242,275.000,225.000,450.000,275.000,-1,225.000,225.000,300.000,300.000,975.000,-1,-1,-1,275.000,400.000,250.000,1000.000,1,1,1,1,2,1,1,0,0,0,2,2,2,1,1,1,1
39,5512.444,-7183.327,-231.180,-94.444,-0.081828,0.993887,0.074107,-0.995038,-0.077247,-0.062700,-0.056592,-0.078870,0.995277,0,0.90679,0.62007,54.407,1.240,225.000,200.000,375.000,250.000,-1,175.000,200.000,300.000,300.000,1000.000,-1,-1,-1,250.000,350.000,200.000,900.000,1,1,1,1,2,1,1,0,0,0,2,2,2,1,1,1,1
40,5509.361,-7238.085,-229.551,-93.206,-0.058794,0.996304,0.062620,-0.997271,-0.055815,-0.048314,-0.044641,-0.065290,0.996867,0,0.91412,0.61888,54.847,1.238,200.000,175.000,350.000,225.000,-1,175.000,200.000,350.000,300.000,-1,-1,-1,-1,225.000,325.000,200.000,825.000,1,1,1,1,2,1,1,0,0,2,2,2,2,1,1,1,1
41,5507.445,-7293.340,-223.360,-91.972,-0.035268,0.997934,0.053709,-0.999250,-0.034353,-0.017864,-0.015982,-0.054299,0.998397,0,0.92151,0.61745,55.291,1.235,200.000,175.000,350.000,250.000,1000.000,175.000,200.000,400.000,300.000,975.000,325.000,375.000,-1,225.000,375.000,200.000,775.000,1,1,1,1,1,1,1,0,0,0,0,0,2,1,1,1,1
42,4263.559,-7543.220,-186.778,-170.450,-0.985817,0.165914,0.025253,-0.165988,-0.986127,-0.000862,0.024760,-0.005041,0.999681,1,0.00000,0.00000,55.739,1.231,225.000,275.000,-1,625.000,-1,300.000,425.000,450.000,250.000,800.000,-1,200.000,-1,375.000,-1,225.000,-1,1,1,2,0,2,1,1,1,0,1,2,0,2,1,2,1,2
43,4258.822,-7543.997,-186.584,-170.690,-0.986486,0.161782,0.025903,-0.161830,-0.986819,0.000275,0.025606,-0.003920,0.999664,0,0.08000,-0.12000,4.800,-0.240,200.000,275.000,-1,625.000,-1,300.000,425.000,450.000,250.000,825.000,-1,175.000,-1,375.000,-1,225.000,-1,1,1,2,0,2,1,1,1,0,1,2,0,2,1,2,1,2
44,4249.335,-7545.471,-186.197,-171.170,-0.987772,0.153510,0.027214,-0.153499,-0.988146,0.002508,0.027276,-0.001700,0.999626,0,0.16000,-0.24000,9.600,-0.480,200.000,275.000,-1,625.000,-1,300.000,450.000,450.000,250.000,825.000,-1,150.000,-1,375.000,-1,225.000,-1,1,1,2,0,2,1,1,1,0,1,2,0,2,1,2,1,2
45,4235.079,-7547.502,-185.622,-171.890,-0.989567,0.141081,0.029203,-0.140973,-0.989997,0.005749,0.029722,0.001572,0.999557,0,0.24000,-0.36000,14.400,-0.720,200.000,300.000,-1,650.000,-1,300.000,450.000,450.000,250.000,825.000,-1,100.000,-1,-1,-1,200.000,-1,1,1,2,0,2,1,1,1,0,1,2,0,2,2,2,1,2
46,4216.028,-7549.893,-184.871,-172.850,-0.991711,0.124473,0.031885,-0.124218,-0.992206,0.009851,0.032862,0.005808,0.999443,0,0.32000,-0.48000,19.200,-0.960,200.000,300.000,-1,650.000,-1,300.000,500.000,450.000,250.000,825.000,-1,75.000,-1,-1,-1,200.000,-1,1,1,2,0,2,1,1,1,0,1,2,0,2,2,2,1,2
47,4192.158,-7552.385,-183.963,-174.042,-0.993975,0.103791,0.035235,-0.103332,-0.994540,0.014602,0.036558,0.010873,0.999272,0,0.40000,-0.59629,24.000,-1.193,175.000,300.000,-1,675.000,-1,325.000,525.000,425.000,250.000,850.000,400.000,25.000,-1,-1,-1,200.000,-1,1,1,2,0,2,1,1,1,0,1,0,0,2,2,2,1,2
48,4163.458,-7554.788,-182.909,-175.218,-0.995761,0.083357,0.038876,-0.082624,-0.996378,0.020088,0.040410,0.016791,0.999042,0,0.48000,-0.58782,28.800,-1.176,175.000,325.000,-1,700.000,-1,400.000,575.000,425.000,250.000,850.000,400.000,0.000,-1,-1,-1,200.000,-1,1,1,2,0,2,1,1,1,0,1,0,0,2,2,2,1,2
49,4129.925,-7556.915,-181.721,-176.374,-0.997082,0.063229,0.042775,-0.062145,-0.997723,0.026213,0.044335,0.023478,0.998741,0,0.56000,-0.57802,33.600,-1.156,150.000,450.000,-1,725.000,-1,475.000,600.000,375.000,250.000,850.000,400.000,0.000,-1,-1,-1,175.000,-1,1,1,2,0,2,1,0,1,0,1,0,0,2,2,2,1,2
50,4091.561,-7558.589,-180.415,-177.507,-0.997954,0.043472,0.046873,-0.041956,-0.998579,0.032859,0.048235,0.030825,0.998360,0,0.64000,-0.56671,38.400,-1.133,150.000,-1,-1,750.000,-1,575.000,625.000,325.000,250.000,875.000,400.000,0.000,800.000,-1,-1,175.000,-1,1,2,2,0,2,1,0,1,0,1,0,0,0,2,2,1,2
51,4048.377,-7559.800,-178.955,-178.401,-0.998315,0.027888,0.050881,-0.025841,-0.998847,0.040467,0.051951,0.039084,0.997885,0,0.72000,-0.44671,43.200,-0.893,150.000,-1,-1,775.000,-1,650.000,675.000,300.000,250.000,900.000,375.000,0.000,575.000,-1,-1,175.000,-1,1,2,2,0,2,1,0,1,0,1,0,0,0,2,2,1,2
52,-6231.277,4919.483,98.585,-70.006,0.359809,0.929848,0.076946,-0.918297,0.338327,0.205587,0.165132,-0.144631,0.975609,1,0.00000,0.00000,48.000,-0.653,-1,-1,-1,225.000,200.000,350.000,225.000,300.000,425.000,275.000,0.000,125.000,-1,-1,325.000,-1,175.000,2,2,2,1,1,1,1,0,1,0,0,0,2,2,1,2,1
53,979.256,1641.053,-365.511,165.234,-0.966942,-0.254845,0.008759,0.254933,-0.966895,0.011063,0.005650,0.012930,0.999900,1,0.08000,-0.12000,4.800,-0.240,-1,400.000,-1,400.000,-1,325.000,325.000,300.000,300.000,-1,-1,-1,-1,700.000,750.000,-1,-1,2,0,2,0,2,0,0,0,0,2,2,2,2,0,0,2,2
54,969.994,1643.577,-365.465,164.754,-0.964772,-0.262936,0.008871,0.263025,-0.964726,0.011010,0.005664,0.012955,0.999900,0,0.16000,-0.24000,9.600,-0.480,-1,400.000,-1,400.000,-1,325.000,325.000,300.000,300.000,-1,-1,-1,-1,700.000,750.000,-1,-1,2,0,2,0,2,0,0,0,0,2,2,2,2,0,0,2,2
55,956.150,1647.538,-365.400,164.034,-0.961391,-0.275038,0.009035,0.275128,-0.961346,0.010921,0.005682,0.012985,0.999900,0,0.24000,-0.36000,14.400,-0.720,-1,400.000,-1,400.000,-1,325.000,325.000,300.000,300.000,-1,-1,-1,-1,700.000,750.000,-1,-1,2,0,2,0,2,0,0,0,0,2,2,2,2,0,0,2,2
56,937.781,1653.128,-365.317,163.074,-0.956646,-0.291106,0.009244,0.291197,-0.956602,0.010789,0.005702,0.013013,0.999899,0,0.32000,-0.48000,19.200,-0.960,-1,400.000,-1,400.000,-1,325.000,325.000,300.000,300.000,-1,-1,-1,-1,700.000,750.000,-1,-1,2,0,2,0,2,0,0,0,0,2,2,2,2,0,0,2,2
57,914.972,1660.594,-365.222,161.874,-0.950338,-0.311076,0.009489,0.311168,-0.950296,0.010602,0.005720,0.013029,0.999899,0,0.40000,-0.60000,24.000,-1.200,-1,375.000,-1,400.000,-1,325.000,325.000,300.000,300.000,-1,-1,-1,-1,700.000,750.000,-1,-1,2,0,2,0,2,0,0,0,0,2,2,2,2,0,0,2,2
58,887.835,1670.239,-365.121,160.434,-0.942218,-0.334859,0.009761,0.334952,-0.942178,0.010346,0.005732,0.013018,0.999899,0,0.48000,-0.72000,28.800,-1.440,-1,375.000,-1,400.000,-1,325.000,325.000,300.000,300.000,-1,-1,-1,-1,700.000,750.000,-1,-1,2,0,2,0,2,0,0,0,0,2,2,2,2,0,0,2,2
59,856.519,1682.414,-365.021,158.754,-0.931993,-0.362337,0.010043,0.362431,-0.931957,0.010006,0.005734,0.012966,0.999899,0,0.56000,-0.84000,33.600,-1.680,-1,375.000,-1,400.000,-1,325.000,325.000,300.000,300.000,-1,-1,-1,-1,700.000,750.000,-1,-1,2,0,2,0,2,0,0,0,0,2,2,2,2,0,0,2,2
60,821.215,1697.521,-364.930,156.834,-0.919327,-0.393359,0.010318,0.393452,-0.919295,0.009564,0.005723,0.012852,0.999901,0,0.64000,-0.96000,38.400,-1.920,-1,375.000,-1,400.000,-1,325.000,325.000,300.000,300.000,-1,-1,-1,-1,700.000,750.000,-1,-1,2,0,2,0,2,0,0,0,0,2,2,2,2,0,0,2,2
61,782.115,1715.891,-364.797,154.834,-0.905038,-0.425202,0.010502,0.425295,-0.905007,0.009291,0.005554,0.012875,0.999902,0,0.72000,-1.00000,43.200,-2.000,-1,375.000,-1,400.000,-1,325.000,325.000,300.000,300.000,-1,-1,-1,-1,700.000,750.000,-1,-1,2,0,2,0,2,0,0,0,0,2,2,2,2,0,0,2,2
62,739.410,1737.806,-364.598,152.834,-0.889646,-0.456526,0.010713,0.456620,-0.889613,0.009268,0.005299,0.013137,0.999900,0,0.80000,-1.00000,48.000,-2.000,-1,375.000,-1,400.000,-1,325.000,325.000,300.000,300.000,-1,-1,-1,-1,725.000,725.000,-1,-1,2,0,2,0,2,0,0,0,0,2,2,2,2,0,0,2,2
63,693.304,1763.537,-364.115,150.834,-0.873155,-0.487285,0.012369,0.487404,-0.873122,0.009777,0.006035,0.014566,0.999876,0,0.88000,-1.00000,52.800,-2.000,-1,375.000,-1,400.000,-1,325.000,325.000,300.000,300.000,-1,-1,-1,-1,725.000,725.000,-1,-1,2,0,2,0,2,0,0,0,0,2,2,2,2,0,0,2,2
64,645.353,1792.538,-363.679,148.834,-0.855600,-0.517449,0.013931,0.517594,-0.855567,0.010085,0.006700,0.015840,0.999852,0,0.93398,-1.00000,56.039,-2.000,-1,375.000,-1,400.000,-1,325.000,325.000,300.000,300.000,-1,-1,-1,-1,750.000,725.000,-1,-1,2,0,2,0,2,0,0,0,0,2,2,2,2,0,0,2,2
65,597.588,1823.753,-363.315,146.834,-0.837003,-0.546984,0.015303,0.547150,-0.836973,0.010190,0.007234,0.016903,0.999831,0,0.95100,-1.00000,57.060,-2.000,-1,400.000,-1,400.000,-1,325.000,325.000,300.000,300.000,-1,-1,-1,-1,750.000,725.000,-1,-1,2,0,2,0,2,0,0,0,0,2,2,2,2,0,0,2,2
66,550.090,1857.217,-362.938,144.834,-0.817394,-0.575855,0.016061,0.576032,-0.817366,0.009993,0.007373,0.017420,0.999821,0,0.96838,-1.00000,58.103,-2.000,-1,400.000,-1,400.000,-1,325.000,325.000,300.000,300.000,-1,-1,-1,-1,775.000,725.000,-1,-1,2,0,2,0,2,0,0,0,0,2,2,2,2,0,0,2,2
67,507.479,1889.240,-362.624,143.074,-0.799318,-0.600686,0.016352,0.600865,-0.799293,0.009656,0.007270,0.017544,0.999820,0,0.88838,-0.88000,53.303,-1.760,-1,400.000,-1,400.000,-1,325.000,325.000,300.000,300.000,-1,-1,-1,-1,800.000,725.000,-1,-1,2,0,2,0,2,0,0,0,0,2,2,2,2,0,0,2,2
68,465.320,1922.709,-362.273,141.554,-0.783098,-0.621681,0.016441,0.621854,-0.783083,0.008790,0.007410,0.017107,0.999826,0,0.89714,-0.76000,53.828,-1.520,-1,400.000,-1,400.000,-1,325.000,325.000,300.000,300.000,-1,-1,-1,-1,800.000,725.000,-1,-1,2,0,2,0,2,0,0,0,0,2,2,2,2,1,0,2,2
69,423.175,1957.731,-361.885,140.274,-0.769010,-0.639029,0.016310,0.639190,-0.769013,0.007443,0.007786,0.016149,0.999839,0,0.91328,-0.64000,54.797,-1.280,-1,400.000,-1,400.000,-1,325.000,325.000,300.000,300.000,-1,-1,-1,-1,750.000,725.000,-1,-1,2,0,2,0,2,0,0,0,0,2,2,2,2,1,0,2,2
70,380.933,1994.150,-361.552,139.234,-0.757282,-0.652893,0.015971,0.653038,-0.757301,0.006099,0.008113,0.015048,0.999854,0,0.92958,-0.52000,55.775,-1.040,-1,400.000,-1,400.000,-1,325.000,325.000,300.000,300.000,-1,1000.000,-1,-1,725.000,725.000,-1,-1,2,0,2,0,2,0,0,0,0,2,0,2,2,1,0,2,2
71,338.463,2031.811,-361.266,138.434,-0.748092,-0.663415,0.015452,0.663541,-0.748125,0.004745,0.008412,0.013802,0.999869,0,0.94604,-0.40000,56.762,-0.800,-1,400.000,-1,400.000,-1,325.000,325.000,300.000,300.000,-1,975.000,1000.000,-1,700.000,750.000,-1,-1,2,0,2,0,2,0,0,0,0,2,0,0,2,1,0,2,2
72,295.623,2070.555,-360.974,137.874,-0.741576,-0.670706,0.014791,0.670814,-0.741616,0.003634,0.008532,0.012617,0.999884,0,0.96269,-0.28000,57.762,-0.560,-1,400.000,-1,400.000,-1,325.000,325.000,275.000,300.000,-1,1000.000,-1,-1,675.000,750.000,1000.000,-1,2,1,2,0,2,0,0,0,0,2,0,2,2,1,0,1,2
73,252.252,2110.222,-360.561,137.554,-0.737828,-0.674842,0.014060,0.674940,-0.737865,0.003356,0.008110,0.011966,0.999896,0,0.97958,-0.16000,58.775,-0.320,-1,400.000,-1,400.000,-1,325.000,325.000,275.000,300.000,-1,-1,-1,-1,625.000,750.000,925.000,-1,2,1,2,0,2,0,0,0,0,2,2,2,2,1,0,1,2
74,208.178,2150.644,-360.109,137.474,-0.736897,-0.675876,0.013256,0.675965,-0.736926,0.003478,0.007418,0.011523,0.999906,0,0.99673,-0.04000,59.804,-0.080,975.000,375.000,975.000,375.000,-1,325.000,325.000,275.000,300.000,-1,-1,-1,-1,600.000,725.000,850.000,-1,1,1,1,0,2,0,0,0,0,2,2,2,2,1,0,1,2
75,163.847,2191.076,-359.728,137.634,-0.738792,-0.673820,0.012366,0.673899,-0.738816,0.003445,0.006814,0.010879,0.999918,0,1.00000,0.08000,60.000,0.160,925.000,375.000,900.000,375.000,-1,325.000,325.000,275.000,300.000,-1,-1,-1,-1,550.000,700.000,775.000,-1,1,1,1,0,2,1,0,0,0,2,2,2,2,1,1,1,2
76,119.234,2231.197,-359.411,138.034,-0.743488,-0.668651,0.011412,0.668719,-0.743508,0.003269,0.006299,0.010062,0.999930,0,1.00000,0.20000,60.000,0.400,850.000,350.000,850.000,375.000,-1,300.000,325.000,275.000,300.000,-1,-1,-1,-1,525.000,650.000,700.000,1000.000,1,1,1,0,2,1,0,0,0,2,2,2,2,1,1,1,1
77,74.176,2270.818,-359.160,138.674,-0.750921,-0.660311,0.010377,0.660367,-0.750938,0.002949,0.005845,0.009067,0.999942,0,1.00000,0.32000,60.000,0.640,800.000,325.000,775.000,375.000,-1,300.000,325.000,275.000,300.000,-1,-1,-1,-1,500.000,600.000,625.000,900.000,1,1,1,0,2,1,1,0,0,2,2,2,2,1,1,1,1
78,28.515,2309.741,-358.650,139.554,-0.760966,-0.648699,0.010936,0.648759,-0.760989,0.002812,0.006498,0.009234,0.999936,0,1.00000,0.44000,60.000,0.880,725.000,325.000,700.000,375.000,-1,275.000,300.000,275.000,300.000,-1,-1,-1,-1,450.000,550.000,575.000,800.000,1,1,1,1,2,1,1,0,0,2,2,2,2,1,1,1,1
79,-17.898,2347.765,-357.560,140.674,-0.773476,-0.633693,0.012989,0.633773,-0.773514,0.002935,0.008187,0.010502,0.999911,0,1.00000,0.56000,60.000,1.120,675.000,300.000,625.000,350.000,-1,250.000,275.000,300.000,300.000,-1,-1,-1,-1,425.000,500.000,550.000,700.000,1,1,1,1,2,1,1,0,0,2,2,2,2,1,1,1,1
80,-65.202,2384.676,-356.181,142.034,-0.788254,-0.615141,0.016043,0.615259,-0.788318,0.003335,0.010596,0.012500,0.999866,0,1.00000,0.68000,60.000,1.360,650.000,275.000,575.000,325.000,900.000,250.000,250.000,300.000,300.000,-1,-1,-1,-1,400.000,450.000,500.000,600.000,1,1,1,1,1,1,1,0,0,2,2,2,2,1,1,1,1
81,-113.517,2420.251,-354.633,143.634,-0.805047,-0.592867,0.020205,0.593051,-0.805154,0.004173,0.013794,0.015342,0.999787,0,1.00000,0.80000,60.000,1.600,600.000,275.000,525.000,275.000,750.000,225.000,250.000,300.000,300.000,-1,-1,-1,-1,375.000,400.000,475.000,500.000,1,1,1,1,1,1,1,0,0,2,2,2,2,1,1,1,1
82,-162.950,2454.257,-352.968,145.474,-0.823557,-0.566675,0.025186,0.566961,-0.823726,0.005534,0.017610,0.018837,0.999667,0,1.00000,0.92000,60.000,1.840,575.000,250.000,475.000,250.000,575.000,225.000,225.000,325.000,275.000,-1,-1,-1,-1,375.000,350.000,475.000,425.000,1,1,1,1,1,1,1,0,0,2,2,2,2,1,1,1,1
83,-213.465,2486.635,-349.274,147.342,-0.841347,-0.539553,0.031899,0.539788,-0.841800,-0.001483,0.027653,0.015971,0.999490,0,1.00000,0.93388,60.000,1.868,550.000,250.000,450.000,225.000,500.000,200.000,200.000,325.000,300.000,-1,650.000,625.000,-1,350.000,325.000,475.000,350.000,1,1,1,1,1,1,1,0,0,2,0,0,2,1,1,1,1
84,-264.879,2517.567,-342.600,148.970,-0.855869,-0.515486,0.041988,0.515077,-0.856890,-0.020866,0.046735,0.003769,0.998900,0,1.00000,0.81388,60.000,1.628,525.000,250.000,450.000,225.000,500.000,200.000,200.000,325.000,350.000,-1,325.000,350.000,-1,375.000,325.000,450.000,350.000,1,1,1,1,1,1,1,0,0,2,0,0,2,1,1,1,1
85,-317.028,2547.245,-335.383,150.358,-0.867428,-0.494567,0.054512,0.492953,-0.869097,-0.040828,0.067569,-0.008544,0.997678,0,1.00000,0.69388,60.000,1.388,525.000,250.000,475.000,225.000,500.000,225.000,200.000,325.000,375.000,-1,200.000,250.000,-1,375.000,325.000,450.000,350.000,1,1,1,1,1,1,1,0,0,2,0,0,2,1,1,1,1
86,-3607.637,-2951.713,-123.027,164.024,-0.960709,-0.274551,-0.040742,0.270442,-0.958965,0.085134,-0.062444,0.070770,0.995536,1,0.00000,0.00000,60.000,1.148,300.000,450.000,-1,525.000,-1,425.000,425.000,250.000,275.000,-1,-1,-1,-1,575.000,-1,450.000,-1,1,1,2,1,2,1,1,1,0,2,2,2,2,1,2,1,2
87,-3612.258,-2950.412,-123.392,164.264,-0.961852,-0.270511,-0.040796,0.266351,-0.960031,0.086006,-0.062431,0.071859,0.995459,0,0.08000,0.12000,4.800,0.240,300.000,450.000,-1,525.000,-1,425.000,425.000,250.000,275.000,-1,-1,-1,-1,575.000,-1,450.000,-1,1,1,2,1,2,1,1,1,0,2,2,2,2,1,2,1,2
88,-3621.520,-2947.888,-124.114,164.744,-0.964087,-0.262416,-0.040902,0.258154,-0.962109,0.087762,-0.062383,0.074051,0.995301,0,0.16000,0.24000,9.600,0.480,275.000,425.000,-1,525.000,-1,400.000,425.000,250.000,275.000,-1,-1,-1,-1,550.000,-1,450.000,-1,1,1,2,1,2,1,1,1,0,2,2,2,2,1,2,1,2
89,-3635.459,-2944.276,-125.175,165.464,-0.967312,-0.250242,-0.041064,0.245828,-0.965086,0.090426,-0.062259,0.077376,0.995056,0,0.24000,0.36000,14.400,0.720,275.000,425.000,-1,500.000,-1,400.000,425.000,250.000,250.000,-1,-1,-1,-1,550.000,-1,425.000,-1,1,1,2,1,2,1,1,1,0,2,2,2,2,1,2,1,2
90,-3654.123,-2939.773,-126.549,166.424,-0.971371,-0.233953,-0.041282,0.229336,-0.968794,0.094036,-0.061994,0.081876,0.994713,0,0.32000,0.48000,19.200,0.960,250.000,400.000,-1,500.000,-1,400.000,400.000,225.000,250.000,-1,-1,-1,-1,525.000,-1,400.000,-1,1,1,2,1,2,1,1,1,0,2,2,2,2,1,2,1,2
91,-3677.559,-2934.604,-128.224,167.549,-0.975776,-0.214775,-0.041621,0.209908,-0.972748,0.098491,-0.061641,0.087369,0.994267,0,0.40000,0.56283,24.000,1.126,250.000,400.000,-1,475.000,-1,375.000,400.000,225.000,250.000,-1,-1,-1,-1,525.000,-1,375.000,-1,1,1,2,1,2,1,1,1,0,2,2,2,2,1,2,1,2
92,-3705.799,-2928.956,-130.225,168.680,-0.979807,-0.195439,-0.042213,0.190273,-0.976261,0.103488,-0.061437,0.093366,0.993735,0,0.48000,0.56513,28.800,1.130,225.000,375.000,-1,475.000,-1,375.000,375.000,225.000,250.000,-1,-1,-1,-1,500.000,-1,350.000,-1,1,1,2,1,2,1,1,1,0,2,2,2,2,1,2,1,2
93,-3738.870,-2923.023,-132.530,169.817,-0.983465,-0.175912,-0.043041,0.170398,-0.979322,0.109055,-0.061335,0.099918,0.993103,0,0.56000,0.56863,33.600,1.137,225.000,350.000,-1,450.000,-1,350.000,375.000,225.000,250.000,-1,-1,-1,-1,475.000,875.000,300.000,-1,1,1,2,1,2,1,1,1,0,2,2,2,2,1,1,1,2
94,-3776.794,-2917.000,-135.111,170.964,-0.986748,-0.156159,-0.044081,0.150246,-0.981911,0.115230,-0.061278,0.107080,0.992360,0,0.64000,0.57341,38.400,1.147,200.000,350.000,-1,425.000,-1,325.000,350.000,225.000,250.000,-1,-1,-1,-1,450.000,775.000,275.000,-1,1,1,2,1,2,1,1,1,0,2,2,2,2,1,1,1,2
95,-3819.587,-2911.090,-137.936,172.123,-0.989653,-0.136145,-0.045301,0.129779,-0.984000,0.122070,-0.061195,0.114928,0.991487,0,0.72000,0.57953,43.200,1.159,200.000,325.000,-1,400.000,-1,300.000,325.000,200.000,250.000,-1,-1,-1,-1,425.000,700.000,250.000,-1,1,1,2,1,2,1,1,1,0,2,2,2,2,1,1,1,2
96,-3867.259,-2905.499,-140.966,173.297,-0.992173,-0.115831,-0.046649,0.108962,-0.985554,0.129657,-0.060993,0.123559,0.990461,0,0.80000,0.58710,48.000,1.174,175.000,300.000,-1,375.000,-1,275.000,300.000,200.000,250.000,-1,-1,-1,1000.000,375.000,625.000,200.000,-1,1,1,2,1,2,1,1,1,0,2,2,2,1,1,1,1,2
97,-3919.815,-2900.446,-143.430,174.489,-0.994278,-0.095141,-0.048574,0.087472,-0.986134,0.141024,-0.061318,0.135968,0.988814,0,0.88000,0.59618,52.800,1.192,150.000,275.000,-1,350.000,-1,275.000,275.000,200.000,250.000,-1,-1,-1,1000.000,350.000,550.000,175.000,-1,1,1,2,1,2,1,1,1,0,2,2,2,1,1,1,1,2
98,-6231.422,7543.473,16.381,18.411,0.948951,-0.310595,0.054980,0.293355,0.933098,0.208016,-0.115911,-0.181268,0.976579,1,0.00000,0.00000,55.360,1.214,300.000,375.000,-1,600.000,-1,350.000,425.000,200.000,125.000,800.000,-1,-1,-1,550.000,-1,425.000,-1,0,0,2,1,2,0,0,0,1,0,2,2,2,0,2,0,2
99,-332.639,4918.394,-346.335,-167.132,-0.974749,0.222161,0.022558,-0.223191,-0.972482,-0.066814,0.007094,-0.070161,0.997510,1,0.08000,-0.12000,4.800,-0.240,575.000,350.000,-1,375.000,-1,300.000,325.000,275.000,275.000,-1,450.000,400.000,750.000,600.000,625.000,775.000,1000.000,1,0,2,0,2,0,0,0,0,2,0,0,0,0,0,1,0
100,-342.010,4916.308,-346.262,-167.445,-0.975930,0.216845,0.023226,-0.217927,-0.973730,-0.066017,0.008300,-0.069489,0.997548,0,0.16000,-0.15682,9.600,-0.314,600.000,350.000,-1,375.000,-1,300.000,325.000,275.000,275.000,-1,475.000,400.000,750.000,600.000,625.000,775.000,1000.000,1,0,2,0,2,0,0,0,0,2,0,0,0,0,0,1,0
101,-356.082,4913.253,-346.155,-167.750,-0.977038,0.211681,0.024259,-0.212835,-0.974932,-0.064878,0.009917,-0.068551,0.997598,0,0.24000,-0.15224,14.400,-0.304,600.000,350.000,-1,375.000,-1,300.000,325.000,275.000,275.000,-1,475.000,400.000,750.000,600.000,625.000,775.000,1000.000,1,0,2,0,2,0,0,0,0,2,0,0,0,0,0,1,0
102,-374.866,4909.276,-346.010,-168.042,-0.978063,0.206724,0.025662,-0.207969,-0.976077,-0.063419,0.011938,-0.067364,0.997657,0,0.32000,-0.14605,19.200,-0.292,600.000,350.000,-1,375.000,-1,300.000,325.000,275.000,275.000,-1,475.000,400.000,750.000,600.000,625.000,800.000,1000.000,1,0,2,0,2,0,0,0,0,2,0,0,0,0,0,1,0
103,-398.370,4904.419,-345.821,-168.318,-0.978995,0.202031,0.027440,-0.203380,-0.977156,-0.061665,0.014355,-0.065950,0.997720,0,0.40000,-0.13823,24.000,-0.276,600.000,375.000,-1,375.000,-1,300.000,325.000,275.000,275.000,-1,500.000,400.000,725.000,600.000,625.000,800.000,1000.000,1,0,2,0,2,0,0,0,0,2,0,0,0,0,0,1,0
104,-426.600,4898.716,-345.582,-168.576,-0.979824,0.197660,0.029598,-0.199126,-0.978157,-0.059641,0.017163,-0.064331,0.997781,0,0.48000,-0.12871,28.800,-0.257,600.000,375.000,-1,375.000,-1,300.000,325.000,275.000,275.000,-1,500.000,400.000,725.000,600.000,625.000,800.000,1000.000,1,0,2,0,2,0,0,0,0,2,0,0,0,0,0,1,0
105,-459.562,4892.197,-345.289,-168.811,-0.980540,0.193670,0.032138,-0.195261,-0.979072,-0.057374,0.020354,-0.062533,0.997835,0,0.56000,-0.11745,33.600,-0.235,600.000,350.000,-1,375.000,-1,300.000,300.000,275.000,275.000,-1,525.000,375.000,725.000,600.000,625.000,800.000,1000.000,1,0,2,0,2,0,0,0,0,2,0,0,0,0,0,1,0
106,-497.259,4884.885,-344.934,-169.020,-0.981134,0.190125,0.035064,-0.191845,-0.979889,-0.054890,0.023923,-0.060581,0.997877,0,0.64000,-0.10438,38.400,-0.209,575.000,350.000,-1,375.000,-1,300.000,300.000,275.000,275.000,-1,550.000,375.000,700.000,600.000,625.000,800.000,1000.000,1,0,2,0,2,0,0,0,0,2,0,0,0,0,0,1,0
107,-539.694,4876.791,-344.513,-169.198,-0.981593,0.187088,0.038376,-0.188940,-0.980599,-0.052215,0.027862,-0.058505,0.997898,0,0.72000,-0.08944,43.200,-0.179,575.000,350.000,-1,375.000,1000.000,300.000,300.000,275.000,275.000,-1,550.000,375.000,700.000,625.000,625.000,800.000,1000.000,1,0,2,0,0,0,0,0,0,2,0,0,0,0,0,1,0
108,-586.867,4867.917,-344.021,-169.344,-0.981908,0.184626,0.042074,-0.186608,-0.981193,-0.049374,0.032167,-0.056332,0.997894,0,0.80000,-0.07257,48.000,-0.145,575.000,350.000,-1,375.000,1000.000,300.000,300.000,275.000,275.000,-1,525.000,350.000,700.000,625.000,625.000,800.000,1000.000,1,0,2,0,0,0,0,0,0,2,0,0,0,0,0,1,0
109,-638.775,4858.250,-342.640,-169.451,-0.982093,0.182778,0.045672,-0.184970,-0.981496,-0.049519,0.035776,-0.057080,0.997728,0,0.88000,-0.05373,52.800,-0.107,575.000,350.000,-1,375.000,1000.000,300.000,300.000,275.000,275.000,-1,525.000,375.000,700.000,625.000,625.000,800.000,-1,1,0,2,0,0,0,0,0,0,2,0,0,0,0,0,1,2
110,-695.414,4847.769,-340.481,-169.517,-0.982071,0.181619,0.050499,-0.184177,-0.981534,-0.051666,0.040182,-0.060041,0.997387,0,0.96000,-0.03289,57.600,-0.066,550.000,350.000,-1,375.000,-1,300.000,300.000,275.000,275.000,-1,525.000,375.000,750.000,625.000,625.000,775.000,-1,1,0,2,0,2,0,0,0,0,2,0,0,0,0,0,1,2
111,-754.417,4836.874,-337.134,-169.537,-0.981945,0.181285,0.054031,-0.183982,-0.981659,-0.049962,0.043983,-0.059000,0.997289,0,1.00000,-0.01007,60.000,-0.020,550.000,350.000,-1,375.000,-1,300.000,300.000,275.000,300.000,-1,550.000,425.000,750.000,625.000,625.000,775.000,-1,1,0,2,0,2,0,0,0,0,2,0,0,0,0,0,1,2
112,-812.892,4826.048,-333.620,-169.509,-0.981630,0.181772,0.057987,-0.184591,-0.981660,-0.047634,0.048265,-0.057463,0.997180,0,0.99114,0.01372,59.469,0.027,550.000,350.000,-1,375.000,-1,300.000,300.000,275.000,300.000,-1,550.000,450.000,775.000,650.000,625.000,800.000,-1,1,0,2,0,2,0,0,0,0,2,0,0,0,0,0,1,2
113,-870.758,4815.275,-330.131,-169.453,-0.981209,0.182752,0.061893,-0.185688,-0.981554,-0.045523,0.052432,-0.056161,0.997044,0,0.98099,0.02823,58.859,0.056,550.000,375.000,-1,375.000,-1,300.000,300.000,300.000,300.000,-1,575.000,475.000,800.000,650.000,650.000,800.000,-1,1,0,2,0,2,0,0,0,0,2,0,0,0,0,0,1,2
114,-927.950,4804.554,-326.674,-169.382,-0.980728,0.183984,0.065742,-0.187031,-0.981385,-0.043612,0.056494,-0.055068,0.996883,0,0.96979,0.03562,58.188,0.071,550.000,375.000,-1,375.000,-1,300.000,300.000,300.000,300.000,-1,575.000,500.000,800.000,675.000,650.000,850.000,-1,1,0,2,0,2,0,0,1,0,2,0,0,0,0,0,1,2
115,-984.411,4793.885,-323.251,-169.298,-0.980195,0.185427,0.069530,-0.188582,-0.981164,-0.041893,0.060452,-0.054175,0.996700,0,0.95766,0.04186,57.460,0.084,550.000,375.000,-1,375.000,-1,300.000,300.000,300.000,300.000,-1,575.000,500.000,825.000,675.000,650.000,-1,-1,1,0,2,0,2,0,0,1,0,2,0,0,0,0,0,2,2
116,-1040.095,4783.268,-319.868,-169.204,-0.979617,0.187041,0.073254,-0.190303,-0.980896,-0.040358,0.064306,-0.053476,0.996496,0,0.94477,0.04694,56.686,0.094,525.000,375.000,-1,375.000,-1,300.000,300.000,300.000,300.000,-1,575.000,525.000,825.000,675.000,675.000,-1,-1,1,0,2,0,2,0,0,1,0,2,0,0,0,0,0,2,2
117,-1094.967,4772.704,-316.525,-169.102,-0.979001,0.188788,0.076913,-0.192158,-0.980589,-0.038999,0.068057,-0.052959,0.996275,0,0.93132,0.05087,55.879,0.102,550.000,375.000,-1,375.000,-1,300.000,300.000,300.000,275.000,-1,575.000,550.000,850.000,700.000,675.000,-1,-1,1,0,2,0,2,0,0,1,0,2,0,0,0,0,0,2,2
118,-1149.005,4762.196,-313.226,-168.995,-0.978356,0.190628,0.080504,-0.194109,-0.980251,-0.037810,0.071707,-0.052618,0.996037,0,0.91750,0.05368,55.050,0.107,550.000,375.000,-1,375.000,-1,300.000,300.000,275.000,275.000,-1,575.000,550.000,850.000,700.000,675.000,-1,-1,1,0,2,0,2,0,0,1,0,2,0,0,0,0,0,2,2
119,-1202.200,4751.745,-309.972,-168.884,-0.977688,0.192525,0.084030,-0.196121,-0.979890,-0.036784,0.075258,-0.052444,0.995784,0,0.90352,0.05540,54.211,0.111,575.000,375.000,-1,375.000,-1,325.000,300.000,275.000,275.000,-1,575.000,550.000,850.000,700.000,675.000,-1,-1,1,0,2,0,2,0,0,1,0,2,0,0,0,1,0,2,2
120,-1254.554,4741.353,-306.700,-168.772,-0.977013,0.194440,0.087403,-0.198171,-0.979500,-0.036163,0.078580,-0.052653,0.995516,0,0.88957,0.05606,53.374,0.112,625.000,375.000,-1,375.000,-1,325.000,300.000,275.000,275.000,-1,500.000,525.000,875.000,700.000,700.000,-1,-1,1,0,2,0,2,0,0,1,0,2,0,0,0,1,0,2,2
121,-1306.078,4731.020,-302.802,-168.661,-0.976411,0.196315,0.089902,-0.200362,-0.978970,-0.038365,0.080480,-0.055473,0.995211,0,0.87583,0.05571,52.550,0.111,-1,375.000,-1,375.000,-1,325.000,300.000,275.000,275.000,-1,450.000,525.000,900.000,700.000,700.000,-1,-1,2,0,2,0,2,0,0,1,0,2,0,0,0,1,0,2,2
122,-1356.795,4720.748,-298.892,-168.552,-0.975824,0.198143,0.092234,-0.202501,-0.978445,-0.040477,0.082225,-0.058176,0.994914,0,0.86245,0.05440,51.747,0.109,-1,375.000,-1,375.000,-1,325.000,300.000,250.000,275.000,-1,450.000,525.000,950.000,725.000,725.000,-1,-1,2,0,2,0,2,0,0,1,0,2,0,0,0,1,0,2,2
123,-1411.238,4709.639,-294.050,-168.467,-0.975445,0.199588,0.093121,-0.203999,-0.978135,-0.040441,0.083013,-0.058445,0.994833,0,0.92607,0.04240,55.564,0.085,-1,375.000,-1,375.000,-1,325.000,300.000,250.000,275.000,-1,475.000,575.000,1000.000,725.000,750.000,-1,-1,2,0,2,0,2,0,0,1,0,2,0,0,0,0,0,2,2
124,-1464.964,4698.579,-289.202,-168.368,-0.974994,0.201288,0.094180,-0.205738,-0.977785,-0.040110,0.084014,-0.058483,0.994747,0,0.91422,0.04982,54.853,0.100,-1,375.000,-1,375.000,-1,325.000,325.000,250.000,300.000,-1,525.000,625.000,-1,725.000,750.000,-1,-1,2,0,2,0,2,0,0,1,0,2,0,0,2,0,0,2,2
125,-1517.970,4687.558,-284.423,-168.254,-0.974491,0.203219,0.095232,-0.207713,-0.977379,-0.039827,0.084984,-0.058592,0.994658,0,0.90232,0.05663,54.139,0.113,-1,375.000,-1,375.000,-1,325.000,325.000,250.000,300.000,-1,550.000,650.000,-1,750.000,775.000,-1,-1,2,0,2,0,2,0,0,1,0,2,0,0,2,0,0,2,2
126,-1570.259,4676.575,-279.712,-168.138,-0.973973,0.205201,0.096278,-0.209742,-0.976955,-0.039588,0.085936,-0.058751,0.994567,0,0.89049,0.05815,53.429,0.116,-1,375.000,-1,375.000,-1,325.000,325.000,250.000,300.000,875.000,575.000,675.000,-1,775.000,800.000,-1,-1,2,0,2,0,2,0,0,1,0,1,0,0,2,0,0,2,2
127,-1617.786,4666.283,-275.437,-167.782,-0.972582,0.211265,0.097219,-0.215870,-0.975624,-0.039460,0.086513,-0.059365,0.994480,0,0.81049,0.17815,48.629,0.356,-1,375.000,-1,375.000,-1,325.000,325.000,225.000,300.000,825.000,625.000,700.000,-1,775.000,800.000,-1,-1,2,0,2,0,2,0,0,1,0,1,0,0,2,0,0,2,2
128,-1661.786,4656.274,-271.494,-167.185,-0.970240,0.221393,0.098076,-0.226077,-0.973312,-0.039406,0.086735,-0.060406,0.994398,0,0.75207,0.29815,45.124,0.596,-1,400.000,-1,400.000,-1,325.000,325.000,225.000,300.000,800.000,650.000,725.000,-1,775.000,825.000,-1,-1,2,0,2,0,2,0,0,1,0,1,0,0,2,0,0,2,2
129,-1705.215,4645.725,-267.626,-166.349,-0.966815,0.235555,0.098911,-0.240333,-0.969891,-0.039386,0.086655,-0.061850,0.994317,0,0.74487,0.41815,44.692,0.836,-1,400.000,-1,400.000,-1,325.000,325.000,225.000,300.000,775.000,675.000,750.000,-1,800.000,825.000,-1,-1,2,0,2,0,2,0,0,1,0,1,0,0,2,0,0,2,2
130,-1748.103,4634.451,-263.838,-165.273,-0.962128,0.253702,0.099725,-0.258590,-0.965184,-0.039379,0.086262,-0.063675,0.994236,0,0.73909,0.53815,44.345,1.076,-1,400.000,-1,400.000,-1,325.000,325.000,225.000,300.000,800.000,725.000,750.000,-1,800.000,850.000,-1,-1,2,0,2,0,2,0,0,1,0,1,0,0,2,0,0,2,2
131,-1790.467,4622.267,-260.139,-163.956,-0.955954,0.275768,0.100520,-0.280776,-0.958966,-0.039364,0.085540,-0.065854,0.994156,0,0.73469,0.65815,44.081,1.316,-1,400.000,-1,400.000,-1,325.000,325.000,225.000,300.000,800.000,750.000,750.000,-1,800.000,850.000,-1,-1,2,0,2,0,2,0,0,1,0,1,0,0,2,0,0,2,2
132,-1832.309,4608.992,-256.250,-162.400,-0.947953,0.301685,0.101839,-0.306740,-0.951038,-0.037918,0.085413,-0.067183,0.994078,0,0.73163,0.77815,43.898,1.556,-1,400.000,-1,425.000,-1,325.000,325.000,225.000,300.000,850.000,775.000,750.000,-1,825.000,900.000,-1,-1,2,0,2,0,2,0,0,1,0,1,0,0,2,0,0,2,2
