timestep,x_cm,y_cm,z_cm,yaw_deg,basis_xx,basis_xy,basis_xz,basis_yx,basis_yy,basis_yz,basis_zx,basis_zy,basis_zz,teleport_flag,throttle_cmd,steering_cmd,cmd_move_cm,cmd_turn_deg,lidar_cm_0,lidar_cm_1,lidar_cm_2,lidar_cm_3,lidar_cm_4,lidar_cm_5,lidar_cm_6,lidar_cm_7,lidar_cm_8,lidar_cm_9,lidar_cm_10,lidar_cm_11,lidar_cm_12,lidar_cm_13,lidar_cm_14,lidar_cm_15,lidar_cm_16,lidar_class_0,lidar_class_1,lidar_class_2,lidar_class_3,lidar_class_4,lidar_class_5,lidar_class_6,lidar_class_7,lidar_class_8,lidar_class_9,lidar_class_10,lidar_class_11,lidar_class_12,lidar_class_13,lidar_class_14,lidar_class_15,lidar_class_16
0,326.390,8194.619,-221.697,-109.177,-0.328522,0.944479,0.005717,-0.944477,-0.328471,-0.008313,-0.005974,-0.008130,0.999949,1,0.08000,0.12000,4.800,0.240,-1,400.000,-1,400.000,-1,325.000,325.000,300.000,300.000,475.000,-1,-1,-1,700.000,725.000,-1,-1,2,0,2,0,2,0,0,0,0,1,2,2,2,0,0,2,2
1,323.300,8185.530,-221.747,-108.779,-0.321953,0.946739,0.005699,-0.946737,-0.321902,-0.008246,-0.005972,-0.008050,0.999950,0,0.16000,0.19902,9.600,0.398,-1,400.000,-1,400.000,-1,325.000,325.000,300.000,300.000,475.000,-1,-1,-1,700.000,725.000,-1,-1,2,0,2,0,2,0,0,0,0,1,2,2,2,0,0,2,2
2,318.759,8171.864,-221.827,-108.382,-0.315384,0.948947,0.005674,-0.948945,-0.315335,-0.008153,-0.005947,-0.007955,0.999951,0,0.24000,0.19851,14.400,0.397,-1,400.000,-1,400.000,-1,325.000,325.000,300.000,300.000,500.000,-1,-1,-1,700.000,725.000,-1,-1,2,0,2,0,2,0,0,0,0,1,2,2,2,0,0,2,2
3,312.830,8153.603,-221.938,-107.986,-0.308826,0.951102,0.005642,-0.951100,-0.308778,-0.008032,-0.005897,-0.007847,0.999952,0,0.32000,0.19774,19.200,0.395,-1,400.000,-1,400.000,1000.000,325.000,325.000,300.000,300.000,500.000,-1,-1,-1,700.000,725.000,-1,1000.000,2,0,2,0,1,0,0,0,0,1,2,2,2,0,0,2,1
4,305.576,8130.725,-222.084,-107.593,-0.302287,0.953200,0.005607,-0.953199,-0.302240,-0.007881,-0.005818,-0.007727,0.999953,0,0.40000,0.19670,24.000,0.393,-1,400.000,-1,400.000,950.000,325.000,325.000,300.000,300.000,525.000,-1,-1,-1,700.000,725.000,-1,975.000,2,0,2,0,1,0,0,0,0,1,2,2,2,0,0,2,1
5,297.058,8103.214,-222.266,-107.202,-0.295778,0.955240,0.005570,-0.955240,-0.295733,-0.007700,-0.005708,-0.007598,0.999955,0,0.48000,0.19537,28.800,0.391,-1,375.000,-1,400.000,925.000,325.000,325.000,300.000,300.000,525.000,-1,-1,-1,700.000,725.000,-1,975.000,2,0,2,0,1,0,0,0,0,1,2,2,2,0,0,2,1
6,287.339,8071.050,-222.486,-106.815,-0.289311,0.957219,0.005535,-0.957219,-0.289267,-0.007485,-0.005564,-0.007464,0.999957,0,0.56000,0.19372,33.600,0.387,-1,375.000,-1,400.000,900.000,325.000,325.000,300.000,300.000,550.000,-1,-1,-1,700.000,725.000,-1,950.000,2,0,2,0,1,0,0,0,0,1,2,2,2,0,0,2,1
7,276.477,8034.218,-222.749,-106.431,-0.282896,0.959135,0.005508,-0.959135,-0.282855,-0.007237,-0.005383,-0.007330,0.999959,0,0.64000,0.19173,38.400,0.383,-1,375.000,-1,375.000,850.000,325.000,325.000,300.000,300.000,550.000,-1,-1,-1,700.000,700.000,-1,925.000,2,0,2,0,1,0,0,0,0,1,2,2,2,0,0,2,1
8,264.531,7992.703,-223.057,-106.052,-0.276549,0.960984,0.005493,-0.960986,-0.276510,-0.006952,-0.005162,-0.007201,0.999961,0,0.72000,0.18934,43.200,0.379,-1,375.000,-1,375.000,825.000,325.000,325.000,300.000,300.000,575.000,-1,-1,-1,700.000,700.000,-1,900.000,2,0,2,0,1,0,0,0,0,1,2,2,2,0,0,2,1
9,251.637,7946.768,-223.385,-105.679,-0.270284,0.962766,0.005373,-0.962768,-0.270247,-0.006684,-0.004983,-0.006979,0.999963,0,0.79517,0.18653,47.710,0.373,-1,375.000,-1,375.000,775.000,300.000,325.000,300.000,300.000,600.000,-1,-1,-1,700.000,700.000,-1,850.000,2,0,2,0,1,0,0,0,0,1,2,2,2,0,0,2,1
10,239.056,7900.819,-223.551,-105.313,-0.264113,0.964480,0.004662,-0.964481,-0.264085,-0.005919,-0.004478,-0.006060,0.999972,0,0.79400,0.18326,47.640,0.367,-1,375.000,-1,375.000,725.000,300.000,300.000,300.000,300.000,600.000,-1,-1,-1,675.000,700.000,-1,825.000,2,0,2,0,1,0,0,0,0,1,2,2,2,0,0,2,1
11,226.778,7854.845,-223.638,-104.953,-0.258045,0.966126,0.003672,-0.966126,-0.258027,-0.004775,-0.003666,-0.004780,0.999982,0,0.79309,0.17982,47.586,0.360,-1,375.000,-1,375.000,700.000,300.000,300.000,300.000,300.000,625.000,-1,-1,-1,675.000,700.000,-1,800.000,2,0,2,0,1,0,0,0,0,1,2,2,2,0,0,2,1
12,214.149,7806.360,-223.691,-104.598,-0.252051,0.967710,0.002748,-0.967710,-0.252040,-0.003737,-0.002923,-0.003602,0.999989,0,0.83505,0.17743,50.103,0.355,-1,375.000,-1,375.000,675.000,300.000,300.000,300.000,300.000,650.000,-1,-1,-1,675.000,675.000,-1,775.000,2,0,2,0,1,0,0,0,0,1,2,2,2,0,0,2,1
13,201.862,7757.958,-223.432,-104.244,-0.246063,0.969249,0.003113,-0.969252,-0.246057,-0.002414,-0.001574,-0.003611,0.999992,0,0.83228,0.17698,49.937,0.354,-1,375.000,-1,375.000,625.000,300.000,300.000,300.000,300.000,675.000,-1,-1,-1,675.000,700.000,-1,750.000,2,0,2,0,1,0,0,0,0,1,2,2,2,0,1,2,1
14,189.912,7709.640,-223.112,-103.892,-0.240088,0.970744,0.003760,-0.970751,-0.240087,-0.000935,-0.000005,-0.003875,0.999992,0,0.82957,0.17631,49.774,0.353,-1,375.000,-1,375.000,600.000,300.000,300.000,300.000,300.000,675.000,-1,-1,-1,675.000,675.000,-1,725.000,2,0,2,0,1,0,0,0,0,1,2,2,2,0,1,2,1
15,176.913,7656.636,-222.775,-103.779,-0.238172,0.971213,0.004447,-0.971221,-0.238178,0.000693,0.001732,-0.004154,0.999990,0,0.90957,0.05631,54.574,0.113,-1,375.000,-1,375.000,575.000,300.000,300.000,300.000,300.000,700.000,-1,-1,-1,675.000,675.000,-1,700.000,2,0,2,0,1,0,0,0,0,1,2,2,2,0,1,2,1
16,163.759,7603.191,-222.444,-103.827,-0.238971,0.971013,0.005148,-0.971020,-0.238985,0.002341,0.003504,-0.004439,0.999984,0,0.91733,-0.02384,55.040,-0.048,-1,375.000,-1,375.000,550.000,300.000,300.000,300.000,300.000,725.000,-1,925.000,-1,675.000,675.000,-1,675.000,2,0,2,0,1,0,0,0,0,1,2,0,2,0,1,2,1
17,150.522,7549.655,-222.117,-103.888,-0.240003,0.970754,0.005878,-0.970758,-0.240028,0.004008,0.005301,-0.004744,0.999975,0,0.91914,-0.03077,55.148,-0.062,-1,375.000,-1,375.000,525.000,300.000,300.000,300.000,300.000,750.000,900.000,850.000,-1,675.000,650.000,-1,650.000,2,0,2,0,1,0,0,0,0,1,0,0,2,0,1,2,1
18,137.194,7496.058,-221.764,-103.964,-0.241279,0.970434,0.006536,-0.970429,-0.241317,0.005822,0.007227,-0.004939,0.999962,0,0.92049,-0.03806,55.229,-0.076,-1,375.000,-1,375.000,500.000,300.000,300.000,300.000,300.000,775.000,800.000,775.000,-1,675.000,650.000,-1,625.000,2,0,2,0,1,0,0,0,0,1,0,0,2,0,1,2,1
19,123.768,7442.433,-221.385,-104.056,-0.242812,0.970047,0.007131,-0.970029,-0.242865,0.007777,0.009276,-0.005029,0.999944,0,0.92134,-0.04570,55.280,-0.091,-1,375.000,-1,375.000,475.000,300.000,325.000,300.000,300.000,800.000,725.000,700.000,-1,675.000,625.000,-1,600.000,2,0,2,0,1,0,0,0,1,1,0,0,2,0,1,2,1
20,110.238,7388.816,-221.010,-104.163,-0.244614,0.969590,0.007755,-0.969554,-0.244683,0.009750,0.011351,-0.005133,0.999922,0,0.92164,-0.05371,55.298,-0.107,-1,375.000,-1,375.000,450.000,300.000,300.000,300.000,300.000,825.000,675.000,650.000,-1,675.000,625.000,-1,575.000,2,0,2,0,1,0,0,0,1,1,0,0,2,0,1,2,1
21,95.478,7331.789,-220.613,-104.511,-0.250469,0.968088,0.008461,-0.968029,-0.250557,0.011865,0.013606,-0.005218,0.999894,0,0.98177,-0.17371,58.906,-0.347,-1,375.000,-1,375.000,425.000,300.000,300.000,300.000,300.000,850.000,625.000,625.000,-1,675.000,600.000,-1,550.000,2,0,2,0,1,0,0,0,1,1,0,0,2,0,1,2,1
22,80.143,7274.948,-220.070,-105.098,-0.260372,0.965471,0.008536,-0.965385,-0.260470,0.013676,0.015428,-0.004680,0.999870,0,0.98121,-0.29371,58.872,-0.587,-1,375.000,-1,375.000,375.000,300.000,300.000,300.000,275.000,900.000,600.000,575.000,-1,675.000,575.000,-1,500.000,2,0,2,0,1,0,0,0,1,1,0,0,2,0,1,2,1
23,64.002,7218.380,-219.093,-105.926,-0.274305,0.961617,0.007100,-0.961481,-0.274387,0.016332,0.017653,-0.002346,0.999841,0,0.98044,-0.41371,58.826,-0.827,-1,375.000,-1,375.000,350.000,300.000,300.000,300.000,275.000,950.000,575.000,550.000,-1,675.000,550.000,-1,450.000,2,0,2,0,1,0,0,0,1,1,0,0,2,0,1,2,1
24,46.976,7162.129,-218.067,-106.840,-0.289639,0.957119,0.005767,-0.956929,-0.289696,0.019028,0.019883,-0.000007,0.999802,0,0.97952,-0.45713,58.771,-0.914,-1,375.000,-1,375.000,325.000,300.000,300.000,300.000,275.000,-1,550.000,525.000,-1,675.000,525.000,-1,425.000,2,0,2,1,1,0,0,0,1,2,0,0,2,0,1,2,1
25,29.064,7106.241,-216.616,-107.771,-0.305163,0.952282,0.005810,-0.952058,-0.305218,0.020675,0.021461,0.000777,0.999769,0,0.97814,-0.46575,58.688,-0.931,-1,375.000,-1,350.000,275.000,300.000,300.000,300.000,250.000,-1,575.000,525.000,-1,700.000,500.000,-1,375.000,2,0,2,1,1,0,0,0,1,2,0,0,2,0,1,2,1
26,10.266,7050.772,-214.954,-108.721,-0.320882,0.947094,0.006860,-0.946823,-0.320954,0.022679,0.023681,0.000782,0.999719,0,0.97613,-0.47469,58.568,-0.949,-1,375.000,-1,350.000,250.000,300.000,300.000,300.000,250.000,-1,575.000,550.000,-1,700.000,475.000,-1,325.000,2,0,2,1,1,0,0,0,1,2,0,0,2,0,1,2,1
27,-9.412,6995.778,-211.574,-109.689,-0.336580,0.941523,0.015742,-0.941143,-0.336901,0.027320,0.031026,-0.005620,0.999503,0,0.97346,-0.48394,58.407,-0.968,-1,400.000,-1,350.000,250.000,325.000,325.000,300.000,250.000,-1,500.000,475.000,-1,725.000,475.000,-1,325.000,2,0,2,1,1,0,0,0,1,2,0,0,2,0,1,2,1
28,-29.964,6941.320,-207.979,-110.675,-0.352338,0.935518,0.025768,-0.935059,-0.353046,0.031985,0.039020,-0.012825,0.999156,0,0.97010,-0.49348,58.206,-0.987,-1,400.000,-1,350.000,250.000,325.000,325.000,300.000,250.000,-1,425.000,425.000,-1,750.000,475.000,-1,325.000,2,0,2,1,1,0,0,0,1,2,0,0,2,0,1,2,1
29,-51.378,6887.457,-204.275,-111.682,-0.368168,0.929061,0.036037,-0.928567,-0.369381,0.036329,0.047063,-0.020087,0.998690,0,0.96606,-0.50329,57.963,-1.007,-1,425.000,-1,350.000,250.000,350.000,350.000,300.000,250.000,-1,325.000,400.000,-1,800.000,475.000,-1,325.000,2,0,2,1,1,0,1,0,1,2,0,0,2,0,1,2,1
30,-73.645,6834.248,-200.472,-112.709,-0.384061,0.922133,0.046571,-0.921658,-0.385900,0.040339,0.055169,-0.027430,0.998100,0,0.96132,-0.51330,57.679,-1.027,-1,425.000,-1,325.000,250.000,350.000,325.000,275.000,225.000,-1,250.000,325.000,-1,825.000,475.000,-1,325.000,2,0,2,1,1,0,1,0,1,2,0,0,2,0,1,2,1
31,-96.746,6781.749,-196.608,-113.752,-0.399932,0.914738,0.057520,-0.914347,-0.402530,0.044033,0.063433,-0.034983,0.997373,0,0.95592,-0.52160,57.355,-1.043,-1,450.000,-1,325.000,250.000,375.000,325.000,275.000,225.000,-1,175.000,275.000,-1,875.000,500.000,-1,325.000,2,0,2,1,1,0,1,0,1,2,0,0,2,0,1,2,1
32,-120.651,6730.011,-192.691,-114.801,-0.415593,0.906941,0.068848,-0.906710,-0.419085,0.047387,0.071831,-0.042731,0.996501,0,0.94987,-0.52457,56.992,-1.049,-1,450.000,-1,325.000,250.000,375.000,325.000,275.000,225.000,800.000,150.000,250.000,-1,925.000,525.000,-1,325.000,2,0,2,1,1,1,1,0,1,0,0,0,2,0,1,2,1
33,-145.331,6679.082,-188.538,-115.855,-0.431120,0.898777,0.079597,-0.898762,-0.435556,0.050168,0.079759,-0.049911,0.995564,0,0.94321,-0.52715,56.593,-1.054,-1,475.000,-1,325.000,250.000,375.000,325.000,275.000,225.000,725.000,125.000,225.000,-1,975.000,600.000,-1,325.000,2,0,2,1,1,1,1,0,1,0,0,0,2,0,1,2,1
34,-170.751,6629.001,-184.225,-116.914,-0.446466,0.890247,0.090158,-0.890508,-0.451920,0.052573,0.087547,-0.056814,0.994539,0,0.93601,-0.52932,56.161,-1.059,-1,500.000,-1,325.000,250.000,375.000,325.000,275.000,225.000,650.000,125.000,225.000,-1,-1,700.000,-1,325.000,2,0,2,1,1,1,1,0,1,0,0,0,2,2,1,2,1
35,-196.880,6579.806,-179.832,-117.976,-0.461557,0.881349,0.100946,-0.881947,-0.468150,0.054825,0.095578,-0.063724,0.993380,0,0.92836,-0.53107,55.702,-1.062,-1,500.000,-1,350.000,250.000,375.000,325.000,275.000,225.000,575.000,100.000,225.000,-1,-1,-1,-1,300.000,2,1,2,1,1,1,1,0,1,0,0,0,2,2,2,2,1
36,-223.685,6531.524,-175.404,-119.041,-0.476368,0.872079,0.112035,-0.873109,-0.484215,0.056706,0.103701,-0.070806,0.992085,0,0.92037,-0.53240,55.222,-1.065,-1,525.000,-1,375.000,250.000,400.000,350.000,250.000,225.000,525.000,100.000,200.000,-1,-1,-1,-1,-1,2,1,2,1,1,1,1,0,1,0,0,0,2,2,2,2,2
37,-253.610,6479.516,-170.542,-119.919,-0.487899,0.864030,0.124123,-0.865638,-0.497227,0.058619,0.112366,-0.078845,0.990534,0,1.00000,-0.43922,60.000,-0.878,-1,525.000,-1,400.000,250.000,400.000,375.000,250.000,225.000,475.000,75.000,200.000,-1,-1,-1,-1,-1,2,1,2,1,1,1,1,0,1,0,0,0,2,2,2,2,2
38,-284.346,6427.983,-165.113,-120.819,-0.499436,0.855394,0.137349,-0.858042,-0.510295,0.057996,0.119697,-0.088886,0.988823,0,1.00000,-0.44967,60.000,-0.899,-1,575.000,-1,450.000,250.000,425.000,400.000,250.000,225.000,425.000,50.000,225.000,-1,-1,-1,-1,-1,2,1,2,1,1,1,1,0,1,0,0,0,2,2,2,2,2
39,-315.899,6376.949,-157.894,-121.741,-0.511199,0.845707,0.153153,-0.850826,-0.523161,0.048969,0.121537,-0.105273,0.986988,0,1.00000,-0.46131,60.000,-0.923,-1,575.000,-1,500.000,-1,450.000,425.000,250.000,225.000,400.000,100.000,275.000,-1,-1,-1,-1,-1,2,0,2,1,2,1,1,0,1,0,0,0,2,2,2,2,2
40,-346.778,6328.316,-152.745,-122.424,-0.521049,0.838575,0.159062,-0.845437,-0.532666,0.038772,0.117240,-0.114275,0.986507,0,0.96015,-0.34131,57.609,-0.683,-1,575.000,-1,575.000,-1,450.000,450.000,250.000,225.000,400.000,150.000,350.000,-1,-1,-1,-1,-1,2,0,2,1,2,1,1,0,1,0,0,0,2,2,2,2,2
41,-5575.428,8855.088,-120.935,150.046,-0.864794,-0.499310,0.053117,0.498155,-0.866418,-0.034066,0.063031,-0.002999,0.998007,1,0.00000,0.00000,57.358,-0.512,-1,275.000,375.000,200.000,250.000,200.000,175.000,275.000,450.000,900.000,125.000,275.000,-1,450.000,250.000,-1,200.000,2,1,1,1,1,1,1,0,0,0,0,0,2,1,1,2,1
42,-5579.597,8857.467,-120.274,150.286,-0.866840,-0.495672,0.053829,0.494339,-0.868494,-0.036695,0.064938,-0.005199,0.997876,0,0.08000,0.12000,4.800,0.240,-1,275.000,375.000,200.000,250.000,200.000,175.000,275.000,450.000,875.000,125.000,275.000,-1,475.000,250.000,-1,200.000,2,1,1,1,1,1,1,0,0,0,0,0,2,1,1,2,1
43,-5587.974,8862.156,-118.937,150.766,-0.870885,-0.488362,0.055326,0.486649,-0.872588,-0.041996,0.068786,-0.009649,0.997585,0,0.16000,0.24000,9.600,0.480,-1,275.000,375.000,200.000,250.000,200.000,175.000,275.000,475.000,800.000,125.000,250.000,-1,525.000,250.000,-1,200.000,2,1,1,1,1,1,1,0,0,0,0,0,2,1,1,2,1
44,-5600.628,8869.031,-116.893,151.486,-0.876831,-0.477316,0.057757,0.474971,-0.878578,-0.050044,0.074631,-0.016447,0.997076,0,0.24000,0.36000,14.400,0.720,-1,275.000,375.000,200.000,225.000,225.000,175.000,275.000,475.000,700.000,100.000,250.000,-1,700.000,225.000,-1,200.000,2,1,1,1,1,1,1,0,0,0,0,0,2,1,1,2,1
45,-5617.652,8877.914,-114.102,152.446,-0.884526,-0.462439,0.061351,0.459129,-0.886278,-0.060927,0.082549,-0.025724,0.996255,0,0.32000,0.48000,19.200,0.960,-1,300.000,375.000,200.000,225.000,225.000,175.000,275.000,500.000,600.000,100.000,225.000,-1,-1,225.000,-1,200.000,2,1,1,1,1,1,1,0,1,0,0,0,2,2,1,2,1
46,-5639.160,8888.567,-110.518,153.646,-0.893757,-0.443609,0.066409,0.438889,-0.895430,-0.074711,0.092607,-0.037628,0.994992,0,0.40000,0.60000,24.000,1.200,-1,300.000,-1,200.000,200.000,225.000,175.000,250.000,475.000,500.000,75.000,225.000,-1,-1,225.000,-1,175.000,2,1,2,1,1,1,1,0,1,0,0,0,2,2,1,2,1
47,-5665.284,8900.698,-106.098,155.086,-0.904239,-0.420689,0.073307,0.413957,-0.905696,-0.091403,0.104846,-0.052304,0.993112,0,0.48000,0.72000,28.800,1.440,-1,350.000,-1,200.000,200.000,225.000,175.000,250.000,475.000,425.000,50.000,200.000,-1,-1,225.000,-1,175.000,2,1,2,1,1,1,1,0,1,0,0,0,2,2,1,2,1
48,-5696.155,8913.975,-100.824,156.717,-0.915280,-0.394311,0.082345,0.384787,-0.916323,-0.110861,0.119168,-0.069784,0.990419,0,0.56000,0.81568,33.600,1.631,-1,425.000,-1,200.000,175.000,225.000,175.000,250.000,475.000,350.000,50.000,200.000,-1,-1,225.000,-1,150.000,2,1,2,1,1,1,1,0,1,0,0,0,2,2,1,2,1
49,-2295.763,4919.492,-104.998,-35.414,0.814991,0.579466,-0.002947,-0.579473,0.814978,-0.004594,-0.000260,0.005452,0.999985,1,0.00000,0.00000,38.400,1.579,-1,400.000,-1,425.000,-1,325.000,325.000,325.000,625.000,-1,-1,-1,-1,875.000,950.000,-1,-1,2,0,2,0,2,0,0,0,1,2,2,2,2,0,0,2,2
50,-2291.862,4916.694,-105.022,-35.654,0.812557,0.582874,-0.003127,-0.582882,0.812542,-0.004878,-0.000302,0.005786,0.999983,0,0.08000,-0.12000,4.800,-0.240,-1,425.000,-1,425.000,-1,325.000,325.000,325.000,625.000,-1,-1,-1,-1,875.000,950.000,-1,-1,2,0,2,0,2,0,0,0,1,2,2,2,2,0,0,2,2
51,-2284.109,4911.033,-105.070,-36.134,0.807646,0.589658,-0.003501,-0.589668,0.807627,-0.005446,-0.000384,0.006463,0.999979,0,0.16000,-0.24000,9.600,-0.480,-1,425.000,-1,425.000,-1,325.000,325.000,325.000,600.000,-1,-1,-1,-1,875.000,950.000,-1,-1,2,0,2,0,2,0,0,0,1,2,2,2,2,0,0,2,2
52,-2272.586,4902.396,-105.140,-36.854,0.800173,0.599756,-0.004088,-0.599769,0.800148,-0.006297,-0.000505,0.007491,0.999972,0,0.24000,-0.36000,14.400,-0.720,-1,425.000,-1,425.000,-1,325.000,350.000,325.000,600.000,-1,-1,-1,-1,900.000,950.000,-1,-1,2,0,2,0,2,0,0,0,1,2,2,2,2,0,0,2,2
53,-2257.418,4890.625,-105.383,-37.814,0.790015,0.613074,-0.004121,-0.613086,0.789983,-0.007233,-0.001179,0.008240,0.999965,0,0.32000,-0.48000,19.200,-0.960,-1,425.000,-1,425.000,-1,325.000,325.000,325.000,600.000,-1,-1,-1,-1,900.000,950.000,-1,-1,2,0,2,0,2,0,0,0,1,2,2,2,2,0,0,2,2
54,-2238.748,4875.545,-105.753,-38.928,0.777944,0.628320,-0.004022,-0.628330,0.777902,-0.008389,-0.002143,0.009053,0.999957,0,0.40000,-0.55730,24.000,-1.115,-1,425.000,-1,425.000,-1,325.000,325.000,325.000,575.000,-1,-1,-1,-1,900.000,950.000,-1,-1,2,0,2,0,2,0,0,0,1,2,2,2,2,0,0,2,2
55,-2216.699,4857.017,-106.280,-40.042,0.765595,0.643310,-0.004154,-0.643316,0.765540,-0.009627,-0.003013,0.010043,0.999945,0,0.48000,-0.55665,28.800,-1.113,-1,425.000,-1,425.000,-1,325.000,325.000,325.000,575.000,-1,-1,-1,-1,900.000,950.000,-1,-1,2,0,2,0,2,0,0,0,1,2,2,2,2,0,0,2,2
56,-2191.400,4834.905,-107.045,-41.153,0.752973,0.658037,-0.004375,-0.658042,0.752910,-0.010360,-0.003523,0.010680,0.999937,0,0.56000,-0.55583,33.600,-1.112,-1,425.000,-1,425.000,-1,325.000,325.000,325.000,550.000,-1,-1,-1,-1,900.000,950.000,-1,-1,2,0,2,0,2,0,0,0,1,2,2,2,2,0,0,2,2
57,-2162.981,4809.080,-107.879,-42.263,0.740094,0.672488,-0.004542,-0.672490,0.740020,-0.011268,-0.004217,0.011394,0.999926,0,0.64000,-0.55480,38.400,-1.110,-1,425.000,-1,425.000,-1,325.000,325.000,325.000,525.000,-1,-1,-1,-1,900.000,950.000,-1,-1,2,0,2,0,2,0,0,0,1,2,2,2,2,0,0,2,2
58,-2131.577,4779.415,-108.740,-43.370,0.726970,0.686654,-0.004472,-0.686649,0.726884,-0.012343,-0.005225,0.012043,0.999914,0,0.72000,-0.55351,43.200,-1.107,-1,425.000,-1,425.000,-1,325.000,325.000,325.000,500.000,-1,-1,-1,-1,900.000,950.000,-1,-1,2,0,2,0,2,0,0,0,1,2,2,2,2,0,0,2,2
59,-2097.326,4745.787,-109.578,-44.474,0.713616,0.700526,-0.003948,-0.700505,0.713518,-0.013585,-0.006699,0.012460,0.999900,0,0.80000,-0.55192,48.000,-1.104,-1,425.000,-1,425.000,-1,325.000,325.000,325.000,450.000,-1,-1,0.000,-1,900.000,950.000,-1,-1,2,0,2,0,2,0,0,0,1,2,2,0,2,0,0,2,2
60,-2061.524,4709.261,-110.312,-45.574,0.700044,0.714094,-0.002747,-0.714046,0.699940,-0.014952,-0.008755,0.012429,0.999884,0,0.85244,-0.54995,51.146,-1.100,-1,425.000,-1,425.000,-1,325.000,325.000,325.000,425.000,-1,-1,0.000,-1,900.000,950.000,-1,-1,2,0,2,0,2,0,0,0,1,2,2,1,2,0,0,2,2
61,-2026.595,4672.235,-110.936,-46.669,0.686266,0.727350,-0.000420,-0.727258,0.686170,-0.016331,-0.011590,0.011513,0.999867,0,0.84836,-0.54761,50.901,-1.095,-1,425.000,-1,425.000,-1,325.000,325.000,325.000,375.000,-1,-1,-1,-1,900.000,925.000,-1,-1,2,0,2,0,2,0,0,0,1,2,2,2,2,0,0,2,2
62,-1992.524,4634.714,-111.580,-47.759,0.672295,0.740279,0.002488,-0.740119,0.672214,-0.018772,-0.015569,0.010779,0.999821,0,0.84469,-0.54505,50.681,-1.090,-1,400.000,-1,425.000,-1,325.000,325.000,300.000,350.000,-1,-1,-1,-1,875.000,925.000,-1,-1,2,0,2,0,2,0,0,0,1,2,2,2,2,0,0,2,2
63,-1959.298,4596.702,-112.068,-48.843,0.658131,0.752879,0.006052,-0.752633,0.658089,-0.021489,-0.020161,0.009587,0.999751,0,0.84144,-0.54228,50.486,-1.085,-1,400.000,-1,425.000,-1,325.000,325.000,300.000,325.000,-1,-1,-1,-1,850.000,900.000,-1,-1,2,0,2,0,2,0,0,0,1,2,2,2,2,0,0,2,2
64,-1926.903,4558.202,-112.374,-49.922,0.643775,0.765146,0.010280,-0.764797,0.643810,-0.024402,-0.025290,0.007847,0.999649,0,0.83859,-0.53932,50.315,-1.079,-1,400.000,-1,425.000,-1,325.000,325.000,300.000,300.000,-1,-1,-1,-1,850.000,875.000,-1,-1,2,0,2,0,2,0,0,0,1,2,2,2,2,0,0,2,2
65,-1895.327,4519.216,-112.807,-50.994,0.629269,0.777067,0.013716,-0.776607,0.629383,-0.027562,-0.030050,0.006692,0.999526,0,0.83615,-0.53617,50.169,-1.072,-1,400.000,-1,400.000,-1,325.000,325.000,300.000,300.000,-1,-1,-1,-1,825.000,850.000,-1,-1,2,0,2,0,2,0,0,0,0,2,2,2,2,0,0,2,2
66,-1864.558,4479.748,-114.265,-52.060,0.614717,0.788633,0.013479,-0.788109,0.614817,-0.029745,-0.031744,0.007662,0.999467,0,0.83409,-0.53285,50.045,-1.066,-1,400.000,-1,400.000,-1,325.000,325.000,300.000,300.000,-1,-1,-1,-1,825.000,850.000,-1,-1,2,0,2,0,2,0,0,0,0,2,2,2,2,0,0,2,2
67,-1834.584,4439.799,-115.921,-53.119,0.600042,0.799857,0.013388,-0.799296,0.600139,-0.030966,-0.032803,0.007880,0.999431,0,0.83240,-0.52936,49.944,-1.059,-1,400.000,-1,400.000,-1,325.000,325.000,300.000,300.000,-1,-1,-1,-1,825.000,850.000,-1,-1,2,0,2,0,2,0,0,0,0,2,2,2,2,0,0,2,2
68,-1808.009,4403.305,-117.425,-53.938,0.588555,0.808349,0.013269,-0.807753,0.588647,-0.032084,-0.033746,0.008165,0.999397,0,0.75240,-0.40936,45.144,-0.819,-1,400.000,-1,400.000,-1,325.000,325.000,325.000,300.000,-1,-1,-1,-1,825.000,850.000,-1,-1,2,0,2,0,2,0,0,0,0,2,2,2,2,0,0,2,2
69,-1784.590,4370.454,-118.781,-54.516,0.580363,0.814251,0.013180,-0.813622,0.580451,-0.033094,-0.034597,0.008483,0.999365,0,0.67240,-0.28936,40.344,-0.579,-1,400.000,-1,400.000,-1,325.000,325.000,325.000,300.000,-1,-1,-1,-1,825.000,850.000,-1,-1,2,0,2,0,2,0,0,0,0,2,2,2,2,0,0,2,2
70,-1764.130,4341.390,-120.162,-54.855,0.575514,0.817671,0.014063,-0.817002,0.575629,-0.034052,-0.035938,0.008108,0.999321,0,0.59240,-0.16936,35.544,-0.339,-1,400.000,-1,400.000,-1,325.000,325.000,300.000,300.000,-1,-1,-1,-1,825.000,850.000,-1,-1,2,0,2,0,2,0,0,0,0,2,2,2,2,0,0,2,2
71,-1746.476,4316.220,-121.352,-54.954,0.574084,0.818663,0.014810,-0.817957,0.574220,-0.034890,-0.037067,0.007916,0.999281,0,0.51240,-0.04936,30.744,-0.099,-1,400.000,-1,400.000,-1,325.000,325.000,300.000,300.000,-1,-1,-1,-1,825.000,825.000,-1,-1,2,0,2,0,2,0,0,0,0,2,2,2,2,0,0,2,2
72,-1731.525,4295.017,-122.351,-54.812,0.576085,0.817244,0.015434,-0.816507,0.576237,-0.035595,-0.037983,0.007903,0.999247,0,0.43240,0.07064,25.944,0.141,-1,400.000,-1,400.000,-1,325.000,325.000,300.000,300.000,-1,-1,-1,-1,825.000,825.000,-1,-1,2,0,2,0,2,0,0,0,0,2,2,2,2,0,0,2,2
73,-1719.226,4277.818,-123.157,-54.431,0.581499,0.813391,0.015943,-0.812627,0.581662,-0.036158,-0.038684,0.008070,0.999219,0,0.35240,0.19064,21.144,0.381,-1,400.000,-1,400.000,-1,325.000,325.000,300.000,300.000,-1,-1,-1,-1,800.000,825.000,-1,-1,2,0,2,0,2,0,0,0,0,2,2,2,2,0,0,2,2
74,-1709.576,4264.628,-123.768,-53.810,0.590279,0.807034,0.016342,-0.806248,0.590446,-0.036574,-0.039166,0.008413,0.999197,0,0.27240,0.31064,16.344,0.621,-1,400.000,-1,400.000,-1,325.000,325.000,300.000,300.000,-1,-1,-1,-1,800.000,825.000,-1,-1,2,0,2,0,2,0,0,0,0,2,2,2,2,0,0,2,2
75,-1702.620,4255.415,-124.184,-52.949,0.602344,0.798064,0.016633,-0.797263,0.602507,-0.036841,-0.039423,0.008931,0.999183,0,0.19240,0.43064,11.544,0.861,-1,400.000,-1,400.000,-1,325.000,325.000,300.000,300.000,-1,-1,-1,-1,800.000,825.000,-1,-1,2,0,2,0,2,0,0,0,0,2,2,2,2,0,0,2,2
76,-1698.454,4250.112,-124.405,-51.847,0.617577,0.786331,0.016812,-0.785521,0.617730,-0.036961,-0.039449,0.009620,0.999175,0,0.11240,0.55064,6.744,1.101,-1,400.000,-1,400.000,-1,325.000,325.000,300.000,300.000,-1,-1,-1,-1,800.000,825.000,-1,-1,2,0,2,0,2,0,0,0,0,2,2,2,2,0,0,2,2
77,-1697.218,4248.612,-124.432,-50.506,0.635824,0.771649,0.016877,-0.770836,0.635962,-0.036939,-0.039237,0.010478,0.999175,0,0.03240,0.67064,1.944,1.341,-1,400.000,-1,400.000,-1,325.000,325.000,300.000,300.000,-1,-1,-1,-1,800.000,825.000,-1,-1,2,0,2,0,2,0,0,0,0,2,2,2,2,0,0,2,2
78,-1699.095,4250.765,-124.265,-48.925,0.656891,0.753798,0.016819,-0.752987,0.657006,-0.036786,-0.038779,0.011500,0.999182,0,-0.04760,0.79064,-2.856,1.581,-1,400.000,-1,400.000,-1,325.000,325.000,300.000,300.000,-1,-1,-1,-1,800.000,825.000,-1,-1,2,0,2,0,2,0,0,0,0,2,2,2,2,0,0,2,2
79,-1704.284,4256.395,-123.915,-47.330,0.677639,0.735206,0.016628,-0.734406,0.677727,-0.036528,-0.038125,0.012541,0.999194,0,-0.12760,0.79761,-7.656,1.595,-1,400.000,-1,400.000,-1,325.000,325.000,300.000,300.000,-1,-1,-1,-1,800.000,825.000,-1,-1,2,0,2,0,2,0,0,0,0,2,2,2,2,0,0,2,2
80,-1712.978,4265.315,-123.388,-45.736,0.697843,0.716066,0.016299,-0.715280,0.697901,-0.036180,-0.037282,0.013590,0.999212,0,-0.20760,0.79677,-12.456,1.594,-1,400.000,-1,400.000,-1,325.000,325.000,300.000,300.000,-1,-1,-1,-1,800.000,825.000,-1,-1,2,0,2,0,2,0,0,0,0,2,2,2,2,0,0,2,2
81,-1725.360,4277.334,-122.688,-44.145,0.717474,0.696406,0.015827,-0.695641,0.717499,-0.035758,-0.036258,0.014645,0.999235,0,-0.28760,0.79536,-17.256,1.591,-1,400.000,-1,400.000,-1,325.000,325.000,325.000,300.000,-1,-1,-1,-1,800.000,825.000,-1,-1,2,0,2,0,2,0,0,0,0,2,2,2,2,0,0,2,2
82,-1741.607,4292.252,-121.865,-42.559,0.736499,0.676262,0.015451,-0.675521,0.736498,-0.035242,-0.035212,0.015518,0.999259,0,-0.36760,0.79337,-22.056,1.587,-1,400.000,-1,400.000,-1,325.000,325.000,325.000,300.000,-1,-1,-1,-1,800.000,825.000,-1,-1,2,0,2,0,2,0,0,0,0,2,2,2,2,0,0,2,2
83,-1761.882,4309.863,-121.008,-40.977,0.754884,0.655673,0.015587,-0.654955,0.754878,-0.034550,-0.034420,0.015873,0.999281,0,-0.44760,0.79079,-26.856,1.582,-1,400.000,-1,400.000,-1,325.000,325.000,300.000,300.000,-1,-1,-1,-1,800.000,825.000,-1,-1,2,0,2,0,2,0,0,0,0,2,2,2,2,0,0,2,2
84,-1786.344,4329.957,-120.009,-39.402,0.772624,0.634672,0.015638,-0.633979,0.772613,-0.033773,-0.033517,0.016180,0.999307,0,-0.52760,0.78760,-31.656,1.575,-1,400.000,-1,400.000,-1,325.000,325.000,300.000,300.000,-1,-1,-1,-1,800.000,825.000,-1,-1,2,0,2,0,2,0,0,0,0,2,2,2,2,0,0,2,2
85,-1812.061,4349.931,-118.993,-37.834,0.789699,0.613295,0.015626,-0.612628,0.789682,-0.033000,-0.032579,0.016487,0.999333,0,-0.54271,0.78381,-32.562,1.568,-1,400.000,-1,400.000,-1,325.000,325.000,300.000,300.000,-1,-1,-1,-1,800.000,825.000,-1,-1,2,0,2,0,2,0,0,0,0,2,2,2,2,0,0,2,2
86,-1834.376,4366.447,-118.134,-36.507,0.803700,0.594831,0.015573,-0.594187,0.803676,-0.032361,-0.031765,0.016755,0.999355,0,-0.46271,0.66381,-27.762,1.328,-1,400.000,-1,400.000,-1,325.000,325.000,300.000,300.000,-1,-1,-1,-1,800.000,825.000,-1,-1,2,0,2,0,2,0,0,0,0,2,2,2,2,0,0,2,2
87,-1853.089,4379.755,-117.430,-35.419,0.814848,0.579467,0.015501,-0.578840,0.814819,-0.031848,-0.031085,0.016979,0.999373,0,-0.38271,0.54381,-22.962,1.088,-1,400.000,-1,400.000,-1,325.000,325.000,300.000,300.000,-1,-1,-1,-1,800.000,825.000,-1,-1,2,0,2,0,2,0,0,0,0,2,2,2,2,0,0,2,2
88,-1868.044,4390.061,-116.878,-34.571,0.823333,0.567348,0.015425,-0.566735,0.823299,-0.031454,-0.030544,0.017155,0.999386,0,-0.30271,0.42381,-18.162,0.848,-1,400.000,-1,400.000,-1,325.000,325.000,300.000,300.000,-1,-1,-1,-1,775.000,850.000,-1,-1,2,0,2,0,2,0,0,0,0,2,2,2,2,0,0,2,2
89,-1879.127,4397.526,-116.473,-33.964,0.829305,0.558584,0.015358,-0.557982,0.829268,-0.031171,-0.030147,0.017280,0.999396,0,-0.22271,0.30381,-13.362,0.608,-1,400.000,-1,400.000,-1,325.000,325.000,300.000,300.000,-1,-1,-1,-1,775.000,850.000,-1,-1,2,0,2,0,2,0,0,0,0,2,2,2,2,0,0,2,2
90,-1886.259,4402.264,-116.215,-33.596,0.832874,0.553252,0.015309,-0.552655,0.832833,-0.030994,-0.029897,0.017353,0.999402,0,-0.14271,0.18381,-8.562,0.368,-1,400.000,-1,400.000,-1,325.000,325.000,300.000,300.000,-1,-1,-1,-1,775.000,850.000,-1,-1,2,0,2,0,2,0,0,0,0,2,2,2,2,0,0,2,2
91,-1889.398,4404.339,-116.102,-33.468,0.834104,0.551395,0.015283,-0.550802,0.834063,-0.030920,-0.029796,0.017373,0.999405,0,-0.06271,0.06381,-3.762,0.128,-1,400.000,-1,400.000,-1,325.000,325.000,300.000,300.000,-1,-1,-1,-1,775.000,850.000,-1,-1,2,0,2,0,2,0,0,0,0,2,2,2,2,0,0,2,2
92,-1888.533,4403.765,-116.135,-33.581,0.833021,0.553030,0.015282,-0.552436,0.832981,-0.030948,-0.029845,0.017338,0.999404,0,0.01729,-0.05619,1.038,-0.112,-1,400.000,-1,400.000,-1,325.000,325.000,300.000,300.000,-1,-1,-1,-1,775.000,850.000,-1,-1,2,0,2,0,2,0,0,0,0,2,2,2,2,0,0,2,2
93,-1883.690,4400.506,-116.312,-33.933,0.829603,0.558144,0.015304,-0.557545,0.829565,-0.031080,-0.030043,0.017251,0.999400,0,0.09729,-0.17619,5.838,-0.352,-1,400.000,-1,400.000,-1,325.000,325.000,300.000,300.000,-1,-1,-1,-1,775.000,850.000,-1,-1,2,0,2,0,2,0,0,0,0,2,2,2,2,0,0,2,2
94,-1874.906,4394.506,-116.634,-34.337,0.825652,0.563971,0.015368,-0.563364,0.825616,-0.031298,-0.030339,0.017183,0.999392,0,0.17729,-0.20168,10.638,-0.403,-1,400.000,-1,400.000,-1,325.000,325.000,300.000,300.000,-1,-1,-1,-1,775.000,850.000,-1,-1,2,0,2,0,2,0,0,0,0,2,2,2,2,0,0,2,2
95,-1862.220,4385.709,-117.101,-34.737,0.821685,0.569732,0.015477,-0.569114,0.821651,-0.031601,-0.030721,0.017158,0.999381,0,0.25729,-0.20039,15.438,-0.401,-1,400.000,-1,400.000,-1,325.000,325.000,300.000,300.000,-1,-1,-1,-1,775.000,825.000,-1,-1,2,0,2,0,2,0,0,0,0,2,2,2,2,0,0,2,2
96,-1845.670,4374.063,-117.714,-35.134,0.817714,0.575412,0.015628,-0.574779,0.817683,-0.031993,-0.031188,0.017178,0.999366,0,0.33729,-0.19852,20.238,-0.397,-1,400.000,-1,400.000,-1,325.000,325.000,300.000,300.000,-1,-1,-1,-1,800.000,825.000,-1,-1,2,0,2,0,2,0,0,0,0,2,2,2,2,0,0,2,2
97,-1825.293,4359.514,-118.475,-35.527,0.813754,0.580994,0.015817,-0.580342,0.813725,-0.032478,-0.031741,0.017250,0.999347,0,0.41729,-0.19606,25.038,-0.392,-1,400.000,-1,400.000,-1,325.000,325.000,300.000,300.000,-1,-1,-1,-1,800.000,825.000,-1,-1,2,0,2,0,2,0,0,0,0,2,2,2,2,0,0,2,2
98,-1801.127,4342.013,-119.385,-35.913,0.809818,0.586461,0.016043,-0.585786,0.809791,-0.033062,-0.032381,0.017376,0.999325,0,0.49729,-0.19299,29.838,-0.386,-1,400.000,-1,400.000,-1,325.000,325.000,300.000,300.000,-1,-1,-1,-1,800.000,825.000,-1,-1,2,0,2,0,2,0,0,0,0,2,2,2,2,0,0,2,2
99,-1773.208,4321.511,-120.446,-36.291,0.805922,0.591798,0.016301,-0.591096,0.805895,-0.033748,-0.033109,0.017563,0.999297,0,0.57729,-0.18932,34.638,-0.379,-1,400.000,-1,400.000,-1,325.000,325.000,300.000,325.000,-1,-1,-1,-1,800.000,825.000,-1,-1,2,0,2,0,2,0,0,0,0,2,2,2,2,0,0,2,2
100,-1741.477,4298.091,-121.677,-36.430,0.804484,0.593742,0.016633,-0.593004,0.804455,-0.034617,-0.033934,0.017985,0.999262,0,0.65729,-0.06932,39.438,-0.139,-1,400.000,-1,400.000,-1,325.000,325.000,300.000,325.000,-1,-1,-1,-1,800.000,825.000,-1,-1,2,0,2,0,2,0,0,0,0,2,2,2,2,0,0,2,2
101,-1708.039,4273.503,-122.998,-36.328,0.805530,0.592310,0.017027,-0.591531,0.805494,-0.035641,-0.034825,0.018638,0.999220,0,0.69176,0.05068,41.506,0.101,-1,400.000,-1,400.000,-1,325.000,325.000,325.000,325.000,-1,-1,-1,-1,800.000,825.000,-1,-1,2,0,2,0,2,0,0,0,0,2,2,2,2,0,0,2,2
102,-1674.372,4249.054,-124.465,-35.987,0.809060,0.587486,0.016811,-0.586669,0.808989,-0.036823,-0.035233,0.019930,0.999180,0,0.69347,0.17068,41.608,0.341,-1,400.000,-1,400.000,-1,325.000,325.000,325.000,300.000,-1,-1,-1,-1,800.000,825.000,-1,-1,2,0,2,0,2,0,0,0,0,2,2,2,2,0,0,2,2
103,-1640.373,4224.888,-125.995,-35.406,0.814990,0.579232,0.016767,-0.578377,0.814886,-0.037955,-0.035648,0.021236,0.999139,0,0.69521,0.29068,41.712,0.581,-1,400.000,-1,400.000,-1,325.000,325.000,325.000,300.000,-1,-1,-1,-1,800.000,825.000,-1,-1,2,0,2,0,2,0,0,0,0,2,2,2,2,0,0,2,2
104,-1606.032,4201.017,-127.600,-34.804,0.821030,0.570628,0.017122,-0.569730,0.820907,-0.038968,-0.036292,0.022239,0.999094,0,0.69703,0.30091,41.822,0.602,-1,400.000,-1,400.000,-1,325.000,325.000,325.000,300.000,-1,-1,-1,-1,775.000,825.000,-1,-1,2,0,2,0,2,0,0,0,0,2,2,2,2,0,0,2,2
105,-1571.330,4177.442,-129.201,-34.191,0.827090,0.561797,0.017483,-0.560856,0.826948,-0.039970,-0.036913,0.023253,0.999048,0,0.69921,0.30660,41.953,0.613,-1,400.000,-1,400.000,-1,325.000,325.000,325.000,300.000,-1,-1,-1,-1,775.000,800.000,-1,-1,2,0,2,0,2,0,0,0,0,2,2,2,2,0,0,2,2
106,-1536.247,4154.163,-130.800,-33.566,0.833168,0.552733,0.017851,-0.551747,0.833005,-0.040960,-0.037510,0.024277,0.999001,0,0.70172,0.31241,42.103,0.625,-1,400.000,-1,400.000,-1,325.000,325.000,325.000,300.000,-1,-1,-1,-1,775.000,800.000,-1,-1,2,0,2,0,2,0,0,0,0,2,2,2,2,0,0,2,2
107,-1500.766,4131.184,-132.433,-32.929,0.839257,0.543431,0.018207,-0.542409,0.839077,-0.041747,-0.037964,0.025161,0.998962,0,0.70454,0.31833,42.273,0.637,-1,400.000,-1,400.000,-1,325.000,325.000,325.000,300.000,-1,-1,-1,-1,775.000,800.000,-1,-1,2,0,2,0,2,0,0,0,0,2,2,2,2,0,0,2,2
108,-1464.869,4108.508,-134.094,-32.281,0.845353,0.533885,0.018549,-0.532833,0.845159,-0.042371,-0.038298,0.025935,0.998930,0,0.70766,0.32435,42.460,0.649,-1,400.000,-1,400.000,-1,325.000,325.000,325.000,300.000,-1,-1,-1,-1,775.000,800.000,-1,-1,2,0,2,0,2,0,0,0,0,2,2,2,2,0,0,2,2
109,-1428.539,4086.141,-135.753,-31.620,0.851454,0.524089,0.018891,-0.523007,0.851244,-0.042986,-0.038610,0.026721,0.998897,0,0.71105,0.33048,42.663,0.661,-1,400.000,-1,400.000,-1,325.000,325.000,325.000,300.000,-1,-1,-1,-1,775.000,800.000,-1,-1,2,0,2,0,2,0,0,0,0,2,2,2,2,0,0,2,2
110,-1391.761,4064.090,-137.407,-30.946,0.857552,0.514037,0.019229,-0.512924,0.857326,-0.043596,-0.038895,0.027523,0.998864,0,0.71470,0.33671,42.882,0.673,-1,400.000,-1,400.000,-1,325.000,325.000,325.000,300.000,-1,-1,-1,-1,775.000,775.000,-1,-1,2,0,2,0,2,0,0,0,0,2,2,2,2,0,0,2,2
111,-1354.521,4042.363,-139.055,-30.260,0.863644,0.503723,0.019549,-0.502580,0.863400,-0.044205,-0.039146,0.028352,0.998831,0,0.71858,0.34305,43.115,0.686,-1,400.000,-1,400.000,-1,325.000,325.000,325.000,300.000,-1,-1,-1,-1,775.000,775.000,-1,-1,2,0,2,0,2,0,0,0,0,2,2,2,2,0,0,2,2
112,-1316.804,4020.971,-140.699,-29.561,0.869723,0.493141,0.019866,-0.491968,0.869459,-0.044808,-0.039369,0.029197,0.998798,0,0.72269,0.34948,43.361,0.699,-1,400.000,-1,400.000,-1,325.000,325.000,325.000,300.000,-1,-1,-1,-1,750.000,775.000,-1,-1,2,0,2,0,2,0,0,0,0,2,2,2,2,0,0,2,2
113,-1278.597,3999.924,-142.339,-28.849,0.875781,0.482286,0.020180,-0.481084,0.875498,-0.045405,-0.039565,0.030057,0.998765,0,0.72701,0.35600,43.621,0.712,-1,400.000,-1,400.000,-1,325.000,325.000,325.000,300.000,-1,-1,-1,-1,750.000,775.000,-1,-1,2,0,2,0,2,0,0,0,0,2,2,2,2,0,0,2,2
114,-1239.887,3979.235,-143.978,-28.124,0.881814,0.471153,0.020475,-0.469922,0.881508,-0.046002,-0.039723,0.030944,0.998731,0,0.73153,0.36262,43.892,0.725,-1,400.000,-1,400.000,-1,325.000,325.000,325.000,300.000,-1,-1,-1,-1,750.000,775.000,-1,-1,2,0,2,0,2,0,0,0,0,2,2,2,2,0,0,2,2
115,-1196.747,3956.886,-145.846,-27.387,0.887807,0.459757,0.020540,-0.458497,0.887463,-0.046800,-0.039745,0.032132,0.998693,0,0.80975,0.36853,48.585,0.737,-1,400.000,-1,400.000,-1,325.000,325.000,325.000,300.000,-1,-1,-1,-1,750.000,775.000,-1,-1,2,0,2,0,2,0,0,0,0,2,2,2,2,0,0,2,2
116,-1149.134,3932.742,-147.880,-26.890,0.891766,0.452026,0.020621,-0.450733,0.891388,-0.047608,-0.039901,0.033161,0.998653,0,0.88975,0.24853,53.385,0.497,-1,400.000,-1,400.000,-1,325.000,325.000,325.000,300.000,-1,-1,-1,-1,750.000,750.000,-1,-1,2,0,2,0,2,0,0,0,0,2,2,2,2,0,0,2,2
117,-1098.829,3907.524,-149.993,-26.624,0.893855,0.447879,0.020685,-0.446557,0.893449,-0.048325,-0.040125,0.033959,0.998617,0,0.93787,0.13273,56.272,0.265,-1,400.000,-1,400.000,-1,325.000,325.000,325.000,300.000,-1,-1,-1,-1,750.000,750.000,-1,-1,2,0,2,0,2,0,0,0,0,2,2,2,2,0,0,2,2
118,-1048.527,3882.597,-152.088,-26.362,0.895902,0.443767,0.020745,-0.442417,0.895468,-0.049032,-0.040336,0.034750,0.998582,0,0.93566,0.13131,56.140,0.263,-1,400.000,-1,400.000,-1,325.000,325.000,325.000,300.000,-1,-1,-1,-1,750.000,750.000,-1,-1,2,0,2,0,2,0,0,0,0,2,2,2,2,0,0,2,2
119,-998.239,3857.960,-154.303,-26.101,0.897913,0.439688,0.020648,-0.438343,0.897469,-0.049038,-0.040092,0.034981,0.998583,0,0.93331,0.13022,55.999,0.260,-1,400.000,-1,400.000,-1,325.000,325.000,300.000,300.000,-1,-1,-1,-1,750.000,750.000,-1,-1,2,0,2,0,2,0,0,0,0,2,2,2,2,0,0,2,2
120,-947.972,3833.614,-156.517,-25.842,0.899894,0.435625,0.020519,-0.434290,0.899442,-0.048944,-0.039777,0.035134,0.998591,0,0.93087,0.12948,55.852,0.259,-1,400.000,-1,400.000,-1,325.000,325.000,300.000,300.000,-1,-1,-1,-1,725.000,750.000,-1,-1,2,0,2,0,2,0,0,0,0,2,2,2,2,0,0,2,2
121,-897.732,3809.561,-158.711,-25.584,0.901851,0.431566,0.020378,-0.430242,0.901391,-0.048845,-0.039449,0.035283,0.998598,0,0.92835,0.12908,55.701,0.258,-1,400.000,-1,400.000,-1,325.000,325.000,300.000,300.000,-1,-1,-1,-1,725.000,750.000,-1,-1,2,0,2,0,2,0,0,0,0,2,2,2,2,0,0,2,2
122,-847.522,3785.798,-160.887,-25.326,0.903789,0.427500,0.020227,-0.426188,0.903321,-0.048741,-0.039109,0.035431,0.998607,0,0.92582,0.12901,55.549,0.258,-1,375.000,-1,400.000,-1,325.000,325.000,300.000,300.000,-1,-1,-1,-1,725.000,725.000,-1,-1,2,0,2,0,2,0,0,0,0,2,2,2,2,0,0,2,2
123,-797.342,3762.327,-163.043,-25.067,0.905713,0.423417,0.020067,-0.422117,0.905236,-0.048638,-0.038760,0.035582,0.998615,0,0.92331,0.12928,55.398,0.259,-1,375.000,-1,400.000,-1,325.000,325.000,300.000,300.000,-1,-1,-1,-1,725.000,725.000,-1,-1,2,0,2,0,2,0,0,0,0,2,2,2,2,0,0,2,2
124,-747.189,3739.145,-165.176,-24.808,0.907627,0.419306,0.019902,-0.418017,0.907141,-0.048555,-0.038413,0.035750,0.998622,0,0.92085,0.12989,55.251,0.260,-1,375.000,-1,400.000,-1,325.000,325.000,300.000,300.000,-1,-1,-1,-1,725.000,725.000,-1,-1,2,0,2,0,2,0,0,0,0,2,2,2,2,0,0,2,2
125,-697.061,3716.252,-167.232,-24.546,0.909543,0.415153,0.019466,-0.413880,0.909033,-0.048610,-0.037875,0.036156,0.998628,0,0.91848,0.13082,55.109,0.262,-1,375.000,-1,375.000,-1,325.000,325.000,300.000,300.000,-1,-1,-1,-1,725.000,725.000,-1,-1,2,0,2,0,2,0,0,0,0,2,2,2,2,0,0,2,2
126,-651.290,3695.370,-169.086,-24.524,0.909713,0.414805,0.018968,-0.413546,0.909179,-0.048713,-0.037452,0.036471,0.998633,0,0.83848,0.01082,50.309,0.022,-1,375.000,-1,375.000,-1,325.000,325.000,300.000,300.000,-1,-1,-1,-1,725.000,725.000,-1,-1,2,0,2,0,2,0,0,0,0,2,2,2,2,0,0,2,2
127,-608.572,3675.683,-170.823,-24.743,0.908138,0.418264,0.018443,-0.417018,0.907585,-0.048837,-0.037165,0.036660,0.998636,0,0.78394,-0.10918,47.036,-0.218,-1,375.000,-1,375.000,-1,325.000,325.000,300.000,300.000,-1,-1,-1,-1,725.000,725.000,-1,-1,2,0,2,0,2,0,0,0,0,2,2,2,2,0,0,2,2
128,-566.047,3655.751,-172.544,-25.113,0.905425,0.424126,0.017952,-0.422890,0.904859,-0.048937,-0.036999,0.036717,0.998641,0,0.78274,-0.18534,46.965,-0.371,-1,375.000,-1,375.000,-1,325.000,325.000,300.000,300.000,-1,-1,-1,-1,725.000,725.000,-1,-1,2,0,2,0,2,0,0,0,0,2,2,2,2,0,0,2,2
129,-523.701,3635.570,-174.254,-25.481,0.902698,0.429919,0.017485,-0.428694,0.902119,-0.049018,-0.036847,0.036753,0.998645,0,0.78182,-0.18370,46.909,-0.367,-1,375.000,-1,375.000,-1,325.000,325.000,300.000,300.000,-1,-1,-1,-1,725.000,725.000,-1,-1,2,0,2,0,2,0,0,0,0,2,2,2,2,0,0,2,2
130,-481.528,3615.142,-175.872,-25.845,0.899961,0.435644,0.016901,-0.434449,0.899380,-0.048681,-0.036408,0.036468,0.998671,0,0.78099,-0.18193,46.860,-0.364,-1,375.000,-1,375.000,-1,325.000,325.000,300.000,300.000,-1,-1,-1,-1,725.000,725.000,-1,-1,2,0,2,0,2,0,0,0,0,2,2,2,2,0,0,2,2
131,-439.523,3594.469,-177.463,-26.205,0.897216,0.441292,0.016276,-0.440132,0.896637,-0.048231,-0.035878,0.036110,0.998704,0,0.78028,-0.18000,46.817,-0.360,-1,375.000,-1,375.000,-1,325.000,325.000,300.000,300.000,-1,-1,-1,-1,725.000,725.000,-1,-1,2,0,2,0,2,0,0,0,0,2,2,2,2,0,0,2,2
132,-397.680,3573.551,-179.051,-26.561,0.894468,0.446858,0.015632,-0.445735,0.893890,-0.047768,-0.035319,0.035760,0.998736,0,0.77967,-0.17794,46.780,-0.356,-1,375.000,-1,375.000,-1,325.000,325.000,300.000,300.000,-1,-1,-1,-1,725.000,700.000,-1,-1,2,0,2,0,2,0,0,0,0,2,2,2,2,0,0,2,2
133,-355.992,3552.390,-180.634,-26.912,0.891720,0.452339,0.014970,-0.451252,0.891143,-0.047292,-0.034732,0.035416,0.998769,0,0.77918,-0.17574,46.751,-0.351,-1,375.000,-1,375.000,-1,325.000,325.000,300.000,300.000,-1,-1,-1,-1,725.000,700.000,-1,-1,2,0,2,0,2,0,0,0,0,2,2,2,2,0,0,2,2
134,-314.453,3530.988,-182.212,-27.259,0.888976,0.457730,0.014289,-0.456681,0.888399,-0.046802,-0.034117,0.035080,0.998802,0,0.77882,-0.17341,46.729,-0.347,-1,375.000,-1,375.000,-1,325.000,325.000,300.000,300.000,-1,-1,-1,-1,725.000,700.000,-1,-1,2,0,2,0,2,0,0,0,0,2,2,2,2,0,0,2,2
135,-274.072,3509.656,-183.763,-27.846,0.884251,0.466813,0.013622,-0.465798,0.883679,-0.046306,-0.033654,0.034601,0.998834,0,0.76115,-0.29341,45.669,-0.587,-1,375.000,-1,375.000,-1,325.000,325.000,300.000,300.000,-1,-1,-1,-1,700.000,700.000,-1,-1,2,0,2,0,2,0,0,0,0,2,2,2,2,0,0,2,2
136,-233.945,3487.841,-185.326,-28.530,0.878619,0.477347,0.012967,-0.476365,0.878055,-0.045782,-0.033240,0.034048,0.998867,0,0.76122,-0.34230,45.673,-0.685,-1,375.000,-1,375.000,-1,325.000,325.000,300.000,300.000,-1,-1,-1,-1,700.000,700.000,-1,-1,2,0,2,0,2,0,0,0,0,2,2,2,2,0,0,2,2
