timestep,x_cm,y_cm,z_cm,yaw_deg,basis_xx,basis_xy,basis_xz,basis_yx,basis_yy,basis_yz,basis_zx,basis_zy,basis_zz,teleport_flag,throttle_cmd,steering_cmd,cmd_move_cm,cmd_turn_deg,lidar_cm_0,lidar_cm_1,lidar_cm_2,lidar_cm_3,lidar_cm_4,lidar_cm_5,lidar_cm_6,lidar_cm_7,lidar_cm_8,lidar_cm_9,lidar_cm_10,lidar_cm_11,lidar_cm_12,lidar_cm_13,lidar_cm_14,lidar_cm_15,lidar_cm_16,lidar_class_0,lidar_class_1,lidar_class_2,lidar_class_3,lidar_class_4,lidar_class_5,lidar_class_6,lidar_class_7,lidar_class_8,lidar_class_9,lidar_class_10,lidar_class_11,lidar_class_12,lidar_class_13,lidar_class_14,lidar_class_15,lidar_class_16
0,-979.343,6232.871,-93.696,18.296,0.949454,-0.313755,0.009730,0.313204,0.948947,0.037456,-0.020985,-0.032515,0.999251,1,0.08000,0.01092,4.800,0.022,775.000,375.000,500.000,375.000,400.000,325.000,325.000,300.000,275.000,-1,375.000,425.000,-1,525.000,400.000,650.000,400.000,1,0,1,1,1,0,0,0,0,2,1,1,2,1,1,1,1
1,-970.217,6235.850,-93.889,18.078,0.950642,-0.310142,0.009590,0.309604,0.950141,0.037119,-0.020624,-0.032318,0.999265,0,0.16000,-0.10908,9.600,-0.218,775.000,375.000,500.000,350.000,400.000,325.000,325.000,300.000,275.000,-1,400.000,425.000,-1,525.000,400.000,625.000,400.000,1,0,1,1,1,0,0,0,0,2,1,1,2,1,1,1,1
2,-956.501,6240.234,-94.173,17.729,0.952511,-0.304359,0.009371,0.303842,0.952019,0.036618,-0.020066,-0.032032,0.999285,0,0.24000,-0.17426,14.400,-0.349,750.000,375.000,475.000,350.000,375.000,325.000,325.000,300.000,275.000,-1,400.000,450.000,-1,500.000,375.000,625.000,375.000,1,0,1,1,1,0,0,0,0,2,1,1,2,1,1,1,1
3,-938.176,6245.967,-94.554,17.373,0.954386,-0.298438,0.009088,0.297946,0.953906,0.035948,-0.019397,-0.031601,0.999312,0,0.32000,-0.17813,19.200,-0.356,725.000,375.000,450.000,325.000,375.000,325.000,325.000,300.000,275.000,-1,425.000,450.000,-1,475.000,375.000,600.000,350.000,1,0,1,1,1,0,1,0,0,2,1,1,2,1,1,1,1
4,-915.226,6252.986,-95.030,17.006,0.956279,-0.292326,0.008737,0.291864,0.955815,0.035106,-0.018613,-0.031021,0.999345,0,0.40000,-0.18352,24.000,-0.367,675.000,375.000,425.000,325.000,350.000,325.000,325.000,300.000,275.000,-1,450.000,475.000,-1,450.000,350.000,550.000,350.000,1,0,1,1,1,0,1,0,0,2,1,1,2,1,1,1,1
5,-887.629,6261.225,-95.598,16.625,0.958202,-0.285972,0.008314,0.285544,0.957759,0.034089,-0.017711,-0.030290,0.999384,0,0.48000,-0.19046,28.800,-0.381,625.000,375.000,400.000,300.000,325.000,325.000,300.000,300.000,275.000,-1,475.000,500.000,-1,425.000,325.000,525.000,325.000,1,1,1,1,1,1,1,0,0,2,1,1,2,1,1,1,1
6,-855.368,6270.614,-96.257,16.227,0.960166,-0.279321,0.007814,0.278932,0.959748,0.032892,-0.016687,-0.029402,0.999428,0,0.56000,-0.19895,33.600,-0.398,575.000,350.000,375.000,275.000,300.000,300.000,275.000,300.000,275.000,-1,500.000,525.000,-1,375.000,300.000,475.000,275.000,1,1,1,1,1,1,1,0,0,2,1,1,2,1,1,1,1
7,-818.420,6281.075,-97.003,15.809,0.962180,-0.272319,0.007233,0.271972,0.961789,0.031509,-0.015537,-0.028350,0.999477,0,0.64000,-0.20903,38.400,-0.418,525.000,300.000,325.000,250.000,250.000,275.000,225.000,300.000,275.000,-1,550.000,575.000,-1,350.000,275.000,425.000,250.000,1,1,1,1,1,1,1,0,0,2,1,1,2,1,1,1,1
8,-776.765,6292.523,-97.834,15.367,0.964251,-0.264909,0.006564,0.264606,0.963892,0.029937,-0.014258,-0.027130,0.999530,0,0.72000,-0.22075,43.200,-0.441,475.000,275.000,300.000,200.000,200.000,225.000,200.000,300.000,275.000,-1,575.000,600.000,-1,300.000,225.000,375.000,200.000,1,1,1,1,1,1,1,0,0,2,1,1,2,1,1,1,1
9,-730.378,6304.864,-98.716,14.899,0.966385,-0.257031,0.005858,0.256772,0.966058,0.028299,-0.012933,-0.025844,0.999582,0,0.80000,-0.23414,48.000,-0.468,400.000,225.000,250.000,175.000,175.000,200.000,175.000,300.000,275.000,-1,625.000,650.000,-1,250.000,200.000,325.000,150.000,1,1,1,1,1,1,1,0,0,2,1,1,2,1,1,1,1
10,-679.239,6318.004,-93.257,14.400,0.968480,-0.248408,-0.018420,0.249002,0.967452,0.045113,0.006614,-0.048278,0.998812,0,0.88000,-0.24928,52.800,-0.499,325.000,200.000,200.000,150.000,150.000,175.000,150.000,275.000,325.000,-1,450.000,425.000,-1,225.000,150.000,275.000,125.000,1,1,1,1,1,1,1,0,0,2,0,0,2,1,1,1,1
11,-627.011,6330.931,-81.042,13.868,0.968752,-0.238581,-0.067808,0.243729,0.966379,0.081900,0.045988,-0.095868,0.994331,0,0.89669,-0.26627,53.802,-0.533,275.000,175.000,200.000,125.000,125.000,150.000,125.000,250.000,450.000,600.000,175.000,275.000,-1,200.000,150.000,225.000,125.000,1,1,1,1,1,1,1,0,0,0,0,0,2,1,1,1,1
12,327.970,-983.898,36.053,-61.156,0.481523,0.875778,0.033872,-0.875701,0.482341,-0.022255,-0.035828,-0.018945,0.999178,1,0.00000,0.00000,54.669,-0.568,-1,400.000,-1,400.000,-1,325.000,325.000,300.000,300.000,-1,-1,-1,-1,725.000,775.000,1000.000,-1,2,0,2,0,2,0,0,0,0,2,2,2,2,1,0,1,2
13,330.304,-988.093,35.873,-60.916,0.485189,0.873754,0.033847,-0.873669,0.486007,-0.022340,-0.035969,-0.018732,0.999177,0,0.08000,0.12000,4.800,0.240,-1,400.000,-1,400.000,-1,325.000,325.000,300.000,300.000,-1,-1,-1,-1,725.000,775.000,1000.000,-1,2,0,2,0,2,0,0,0,0,2,2,2,2,1,0,1,2
14,335.040,-996.443,35.511,-60.436,0.492495,0.869659,0.033794,-0.869560,0.493314,-0.022515,-0.036252,-0.018297,0.999175,0,0.16000,0.24000,9.600,0.480,-1,400.000,-1,400.000,-1,325.000,325.000,300.000,300.000,-1,-1,-1,-1,725.000,775.000,1000.000,-1,2,0,2,0,2,0,0,0,0,2,2,2,2,1,0,1,2
15,342.299,-1008.879,34.962,-59.726,0.503232,0.863494,0.033709,-0.863373,0.504051,-0.022790,-0.036670,-0.017635,0.999172,0,0.24000,0.35474,14.400,0.709,-1,400.000,-1,400.000,-1,325.000,325.000,300.000,300.000,-1,-1,-1,-1,725.000,750.000,975.000,-1,2,0,2,0,2,0,0,0,0,2,2,2,2,1,0,1,2
16,352.183,-1025.340,34.227,-59.017,0.513892,0.857198,0.033580,-0.857051,0.514711,-0.023160,-0.037137,-0.016878,0.999168,0,0.32000,0.35473,19.200,0.709,-1,400.000,-1,400.000,-1,325.000,325.000,300.000,300.000,-1,-1,-1,-1,700.000,750.000,975.000,-1,2,0,2,0,2,0,0,0,0,2,2,2,2,1,0,1,2
17,364.792,-1045.761,33.301,-58.307,0.524478,0.850768,0.033401,-0.850591,0.525297,-0.023634,-0.037653,-0.016015,0.999163,0,0.40000,0.35487,24.000,0.710,-1,400.000,-1,400.000,-1,325.000,325.000,300.000,300.000,-1,-1,-1,-1,700.000,750.000,950.000,-1,2,0,2,0,2,0,0,0,0,2,2,2,2,1,0,1,2
18,380.225,-1070.077,32.312,-57.597,0.534992,0.844198,0.033375,-0.844010,0.535807,-0.023609,-0.037813,-0.015538,0.999164,0,0.48000,0.35514,28.800,0.710,-1,400.000,-1,400.000,-1,325.000,325.000,300.000,300.000,-1,-1,-1,-1,675.000,750.000,925.000,-1,2,0,2,0,2,0,0,0,0,2,2,2,2,1,0,1,2
19,398.580,-1098.220,31.145,-56.886,0.545437,0.837490,0.033309,-0.837293,0.546246,-0.023571,-0.037936,-0.015033,0.999167,0,0.56000,0.35553,33.600,0.711,-1,400.000,-1,400.000,-1,325.000,325.000,300.000,300.000,-1,-1,-1,-1,675.000,750.000,900.000,-1,2,0,2,0,2,0,0,0,0,2,2,2,2,1,0,1,2
20,419.957,-1130.120,29.791,-56.174,0.555814,0.830643,0.033202,-0.830436,0.556616,-0.023553,-0.038045,-0.014481,0.999171,0,0.64000,0.35603,38.400,0.712,-1,400.000,-1,400.000,-1,325.000,325.000,300.000,300.000,-1,-1,-1,-1,650.000,750.000,875.000,-1,2,0,2,0,2,0,0,0,0,2,2,2,2,1,0,1,2
21,444.450,-1165.705,28.245,-55.461,0.566124,0.823657,0.033053,-0.823437,0.566918,-0.023559,-0.038143,-0.013880,0.999176,0,0.72000,0.35663,43.200,0.713,-1,400.000,-1,400.000,-1,325.000,325.000,300.000,300.000,-1,-1,-1,-1,625.000,750.000,850.000,-1,2,0,2,0,2,0,0,0,0,2,2,2,2,1,0,1,2
22,472.155,-1204.902,26.493,-54.746,0.576370,0.816529,0.032831,-0.816295,0.577153,-0.023590,-0.038211,-0.013203,0.999182,0,0.80000,0.35733,48.000,0.715,975.000,400.000,1000.000,400.000,-1,325.000,325.000,300.000,300.000,-1,-1,-1,-1,600.000,750.000,800.000,-1,1,1,1,0,2,0,0,0,0,2,2,2,2,1,0,1,2
23,503.168,-1247.634,24.528,-54.030,0.586551,0.809259,0.032525,-0.809009,0.587320,-0.023645,-0.038237,-0.012444,0.999191,0,0.88000,0.35811,52.800,0.716,925.000,375.000,950.000,400.000,-1,325.000,325.000,300.000,300.000,-1,-1,-1,-1,575.000,750.000,750.000,-1,1,1,1,0,2,0,0,0,0,2,2,2,2,1,0,1,2
24,537.582,-1293.824,22.352,-53.312,0.596669,0.801844,0.032136,-0.801579,0.597421,-0.023668,-0.038177,-0.011638,0.999203,0,0.96000,0.35899,57.600,0.718,875.000,375.000,875.000,400.000,-1,325.000,325.000,300.000,300.000,-1,-1,-1,-1,550.000,750.000,700.000,-1,1,1,1,0,2,0,0,0,0,2,2,2,2,1,0,1,2
25,574.031,-1341.483,20.058,-52.592,0.606725,0.794281,0.031648,-0.794003,0.607454,-0.023637,-0.037999,-0.010788,0.999220,0,1.00000,0.35997,60.000,0.720,825.000,350.000,800.000,400.000,-1,325.000,325.000,300.000,300.000,-1,-1,-1,-1,525.000,750.000,650.000,-1,1,1,1,0,2,1,0,0,0,2,2,2,2,1,0,1,2
26,611.078,-1388.680,17.836,-51.870,0.616738,0.786575,0.030558,-0.786280,0.617422,-0.023544,-0.037387,-0.009507,0.999256,0,1.00000,0.36096,60.000,0.722,750.000,350.000,750.000,400.000,-1,300.000,325.000,300.000,300.000,-1,-1,-1,-1,475.000,750.000,600.000,-1,1,1,1,0,2,1,0,0,0,2,2,2,2,1,0,1,2
27,648.718,-1435.405,15.613,-51.146,0.626683,0.778723,0.029313,-0.778410,0.627316,-0.023494,-0.036684,-0.008094,0.999294,0,1.00000,0.36188,60.000,0.724,700.000,325.000,675.000,400.000,-1,300.000,325.000,300.000,300.000,-1,-1,-1,-1,450.000,675.000,525.000,-1,1,1,1,0,2,1,0,0,0,2,2,2,2,1,1,1,2
28,686.946,-1481.650,13.379,-50.421,0.636555,0.770726,0.027922,-0.770398,0.637133,-0.023444,-0.035858,-0.006588,0.999335,0,1.00000,0.36273,60.000,0.725,650.000,300.000,625.000,400.000,-1,275.000,300.000,300.000,300.000,-1,-1,-1,-1,400.000,600.000,475.000,1000.000,1,1,1,0,2,1,1,0,0,2,2,2,2,1,1,1,1
29,725.758,-1527.406,11.155,-49.694,0.646343,0.762586,0.026521,-0.762245,0.646867,-0.023358,-0.034968,-0.005118,0.999375,0,1.00000,0.36352,60.000,0.727,575.000,275.000,550.000,375.000,-1,250.000,275.000,300.000,300.000,-1,-1,-1,-1,375.000,525.000,425.000,875.000,1,1,1,1,2,1,1,0,0,2,2,2,2,1,1,1,1
30,765.149,-1572.664,9.187,-48.965,0.656013,0.754302,0.025991,-0.753958,0.656513,-0.023200,-0.034564,-0.004376,0.999393,0,1.00000,0.36426,60.000,0.729,500.000,250.000,500.000,325.000,-1,225.000,250.000,300.000,300.000,-1,-1,-1,-1,325.000,475.000,375.000,750.000,1,1,1,1,2,1,1,0,0,2,2,2,2,1,1,1,1
31,805.113,-1617.418,8.930,-48.235,0.665878,0.745881,0.016371,-0.745519,0.666070,-0.023492,-0.028427,0.003438,0.999590,0,1.00000,0.36494,60.000,0.730,450.000,225.000,450.000,300.000,-1,200.000,250.000,325.000,300.000,-1,-1,825.000,-1,300.000,425.000,325.000,650.000,1,1,1,1,2,1,1,0,0,2,2,0,2,1,1,1,1
32,845.645,-1661.656,9.215,-47.504,0.675601,0.737258,0.003820,-0.736986,0.675477,-0.024159,-0.020392,0.013507,0.999701,0,1.00000,0.36558,60.000,0.731,400.000,225.000,400.000,275.000,1000.000,200.000,225.000,350.000,300.000,-1,700.000,525.000,-1,275.000,375.000,300.000,575.000,1,1,1,1,1,1,1,0,0,2,0,0,2,1,1,1,1
33,886.742,-1705.372,10.038,-46.772,0.685067,0.728387,-0.011649,-0.728405,0.684679,-0.025316,-0.010464,0.025829,0.999612,0,1.00000,0.36618,60.000,0.732,375.000,200.000,350.000,250.000,900.000,175.000,200.000,375.000,275.000,-1,500.000,350.000,-1,250.000,325.000,275.000,475.000,1,1,1,1,1,1,1,0,0,2,0,0,2,1,1,1,1
34,928.215,-1748.730,11.526,-46.279,0.691092,0.722119,-0.030587,-0.722765,0.690571,-0.026891,0.001704,0.040691,0.999170,0,1.00000,0.24618,60.000,0.492,350.000,175.000,325.000,225.000,750.000,175.000,175.000,425.000,275.000,-1,350.000,200.000,800.000,225.000,275.000,250.000,400.000,1,1,1,1,1,1,1,0,0,2,0,0,0,1,1,1,1
35,6887.286,3607.634,-127.598,26.153,0.896605,-0.440422,-0.046134,0.441679,0.896916,0.021461,0.031926,-0.039619,0.998705,1,0.00000,0.00000,60.000,0.252,-1,400.000,-1,375.000,-1,325.000,300.000,300.000,300.000,625.000,500.000,575.000,-1,725.000,700.000,-1,-1,2,0,2,0,2,0,0,0,0,1,0,0,2,1,0,2,2
36,6891.604,3609.731,-127.431,25.913,0.898434,-0.436663,-0.046281,0.437923,0.898757,0.021408,0.032247,-0.039501,0.998699,0,0.08000,-0.12000,4.800,-0.240,-1,400.000,-1,375.000,-1,325.000,300.000,300.000,300.000,625.000,500.000,575.000,-1,725.000,700.000,-1,-1,2,0,2,0,2,0,0,0,0,1,0,0,2,1,0,2,2
37,6900.274,3613.854,-127.094,25.433,0.902044,-0.429122,-0.046581,0.430388,0.902392,0.021307,0.032891,-0.039268,0.998687,0,0.16000,-0.24000,9.600,-0.480,-1,400.000,-1,375.000,-1,325.000,300.000,300.000,300.000,625.000,500.000,575.000,-1,725.000,700.000,-1,-1,2,0,2,0,2,0,0,0,0,1,0,0,2,1,0,2,2
38,6913.355,3619.874,-126.586,24.713,0.907341,-0.417755,-0.047045,0.419029,0.907726,0.021169,0.033861,-0.038921,0.998668,0,0.24000,-0.36000,14.400,-0.720,-1,400.000,-1,375.000,-1,325.000,300.000,300.000,300.000,625.000,500.000,575.000,-1,725.000,725.000,1000.000,-1,2,0,2,0,2,0,0,0,0,1,0,0,2,1,0,1,2
39,6930.929,3627.607,-125.900,23.753,0.914179,-0.402495,-0.047689,0.403782,0.914614,0.021013,0.035160,-0.038465,0.998641,0,0.32000,-0.48000,19.200,-0.960,-1,400.000,-1,375.000,-1,325.000,325.000,300.000,300.000,625.000,500.000,575.000,-1,725.000,725.000,975.000,-1,2,0,2,0,2,0,0,0,0,1,0,0,2,1,0,1,2
40,6953.094,3636.812,-125.033,22.553,0.922364,-0.383260,-0.048531,0.384565,0.922862,0.020861,0.036793,-0.037905,0.998604,0,0.40000,-0.60000,24.000,-1.200,-1,400.000,-1,375.000,-1,325.000,325.000,300.000,300.000,650.000,525.000,575.000,-1,725.000,725.000,975.000,-1,2,0,2,0,2,0,0,0,0,1,0,0,2,1,0,1,2
41,6979.957,3647.196,-123.979,21.135,0.931509,-0.360322,-0.049594,0.361649,0.932084,0.020743,0.038752,-0.037258,0.998554,0,0.48000,-0.70877,28.800,-1.418,1000.000,400.000,-1,375.000,-1,325.000,325.000,300.000,300.000,675.000,525.000,575.000,-1,750.000,725.000,950.000,-1,1,0,2,0,2,0,0,0,0,1,0,0,2,1,0,1,2
42,7011.591,3658.522,-122.740,19.701,0.940171,-0.336878,-0.050905,0.338236,0.940834,0.020687,0.040924,-0.036667,0.998489,0,0.56000,-0.71738,33.600,-1.435,925.000,400.000,-1,375.000,-1,325.000,325.000,325.000,300.000,700.000,525.000,575.000,-1,750.000,725.000,925.000,-1,1,0,2,0,2,0,0,0,0,1,0,0,2,1,0,1,2
43,7048.061,3670.544,-121.312,18.245,0.948343,-0.312876,-0.052474,0.314274,0.949106,0.020719,0.043321,-0.036140,0.998407,0,0.64000,-0.72781,38.400,-1.456,875.000,400.000,-1,375.000,-1,325.000,325.000,325.000,300.000,725.000,525.000,575.000,-1,750.000,725.000,900.000,-1,1,0,2,0,2,0,0,0,0,1,0,0,2,1,0,1,2
44,7088.343,3682.679,-119.730,16.765,0.956015,-0.288257,-0.054261,0.289705,0.956889,0.020866,0.045907,-0.035668,0.998309,0,0.70117,-0.74017,42.070,-1.480,825.000,400.000,-1,375.000,-1,325.000,325.000,300.000,300.000,750.000,500.000,550.000,-1,750.000,750.000,875.000,-1,1,0,2,0,2,0,0,0,0,1,0,0,2,1,0,1,2
45,7129.105,3693.796,-118.121,15.256,0.963170,-0.262973,-0.056111,0.264475,0.964161,0.021138,0.048541,-0.035199,0.998201,0,0.70417,-0.75419,42.250,-1.508,800.000,400.000,-1,375.000,-1,325.000,325.000,300.000,300.000,800.000,450.000,500.000,-1,775.000,750.000,875.000,-1,1,0,2,0,2,0,0,0,0,1,0,0,2,1,0,1,2
46,7174.831,3704.885,-116.045,13.632,0.970156,-0.235526,-0.057661,0.237132,0.971212,0.022694,0.050657,-0.035690,0.998078,0,0.78417,-0.81236,47.050,-1.625,750.000,400.000,-1,400.000,-1,325.000,325.000,300.000,300.000,850.000,450.000,475.000,-1,775.000,750.000,875.000,-1,1,0,2,0,2,0,0,0,0,1,0,0,2,1,0,1,2
47,7223.822,3715.298,-113.844,11.999,0.976398,-0.207766,-0.058992,0.209476,0.977509,0.024395,0.052597,-0.036177,0.997960,0,0.83476,-0.81604,50.085,-1.632,725.000,400.000,-1,400.000,-1,325.000,325.000,300.000,300.000,925.000,425.000,475.000,-1,800.000,775.000,875.000,-1,1,0,2,0,2,0,0,0,0,1,0,0,2,1,0,1,2
48,7273.447,3724.369,-111.415,10.360,0.981912,-0.179710,-0.059603,0.181476,0.983061,0.025638,0.053986,-0.035991,0.997893,0,0.84079,-0.81990,50.447,-1.640,700.000,400.000,-1,400.000,-1,325.000,325.000,300.000,300.000,1000.000,425.000,500.000,-1,825.000,775.000,900.000,-1,1,0,2,0,2,0,0,0,0,1,0,0,2,1,0,1,2
49,7323.669,3732.065,-108.697,8.713,0.986703,-0.151385,-0.059164,0.153130,0.987860,0.026155,0.054486,-0.034867,0.997906,0,0.84680,-0.82356,50.808,-1.647,675.000,400.000,-1,400.000,-1,325.000,325.000,300.000,300.000,-1,475.000,550.000,-1,825.000,800.000,975.000,-1,1,0,2,0,2,0,0,0,0,2,0,0,2,0,0,1,2
50,7374.442,3738.351,-105.922,7.059,0.990691,-0.122813,-0.058728,0.124538,0.991856,0.026667,0.054975,-0.033733,0.997918,0,0.85267,-0.82700,51.160,-1.654,650.000,400.000,-1,400.000,-1,325.000,325.000,300.000,300.000,-1,525.000,625.000,-1,825.000,800.000,-1,-1,1,0,2,0,2,0,0,0,0,2,0,0,2,0,0,2,2
51,7425.711,3743.195,-103.091,5.398,0.993862,-0.094025,-0.058290,0.095729,0.995037,0.027163,0.055447,-0.032576,0.997930,0,0.85828,-0.83022,51.497,-1.660,650.000,400.000,-1,375.000,-1,325.000,325.000,300.000,300.000,-1,575.000,675.000,-1,825.000,800.000,-1,-1,1,0,2,0,2,0,0,0,0,2,0,0,2,0,0,2,2
52,7477.412,3746.567,-100.206,3.732,0.996204,-0.065051,-0.057849,0.066733,0.997388,0.027632,0.055901,-0.031388,0.997943,0,0.86351,-0.83322,51.811,-1.666,675.000,400.000,-1,375.000,-1,325.000,325.000,300.000,300.000,-1,625.000,725.000,-1,825.000,825.000,-1,-1,1,0,2,0,2,0,0,0,0,2,0,0,2,0,0,2,2
53,7529.474,3748.439,-97.269,2.060,0.997705,-0.035923,-0.057403,0.037580,0.998899,0.028064,0.056332,-0.030157,0.997957,0,0.86826,-0.83602,52.096,-1.672,750.000,400.000,-1,375.000,-1,325.000,325.000,300.000,300.000,-1,700.000,775.000,-1,825.000,825.000,-1,-1,1,0,2,0,2,0,0,1,0,2,0,0,2,0,0,2,2
54,7581.819,3748.787,-94.284,0.382,0.998355,-0.006670,-0.056951,0.008301,0.999561,0.028444,0.056736,-0.028870,0.997972,0,0.87243,-0.83864,52.346,-1.677,825.000,400.000,-1,400.000,-1,325.000,325.000,300.000,300.000,-1,750.000,825.000,-1,825.000,850.000,-1,-1,1,0,2,0,2,0,0,1,0,2,0,0,2,0,0,2,2
55,7634.364,3747.595,-91.253,-1.300,0.998145,0.022678,-0.056494,-0.021077,0.999364,0.028762,0.057110,-0.027518,0.997989,0,0.87597,-0.84113,52.558,-1.682,900.000,400.000,-1,400.000,-1,325.000,325.000,300.000,325.000,-1,800.000,875.000,-1,825.000,850.000,-1,-1,1,0,2,0,2,0,0,1,0,2,0,0,2,0,0,2,2
56,7687.022,3744.846,-88.180,-2.987,0.997069,0.052093,-0.056034,-0.050527,0.998301,0.029002,0.057450,-0.026086,0.998008,0,0.87883,-0.84356,52.730,-1.687,-1,400.000,-1,400.000,-1,325.000,325.000,300.000,325.000,-1,850.000,925.000,-1,825.000,875.000,-1,-1,2,0,2,0,2,0,0,1,0,2,0,0,2,0,0,2,2
57,7739.707,3740.534,-85.068,-4.679,0.995118,0.081550,-0.055576,-0.080025,0.996366,0.029153,0.057752,-0.024563,0.998029,0,0.88102,-0.84602,52.861,-1.692,-1,400.000,-1,400.000,-1,325.000,325.000,300.000,325.000,-1,900.000,975.000,-1,850.000,875.000,-1,-1,2,0,2,0,2,0,0,1,0,2,0,0,2,0,0,2,2
58,7792.064,3734.682,-81.937,-6.377,0.992286,0.111041,-0.055127,-0.109560,0.993551,0.029199,0.058013,-0.022934,0.998052,0,0.87805,-0.84894,52.683,-1.698,-1,400.000,-1,400.000,-1,325.000,325.000,300.000,325.000,-1,975.000,-1,-1,850.000,900.000,-1,-1,2,0,2,0,2,0,0,1,0,2,0,2,2,0,0,2,2
59,7843.751,3727.352,-78.833,-8.071,0.988591,0.140365,-0.054645,-0.138931,0.989870,0.029237,0.058195,-0.021311,0.998078,0,0.87006,-0.84692,52.204,-1.694,-1,400.000,-1,425.000,-1,325.000,325.000,300.000,325.000,-1,-1,-1,-1,850.000,925.000,-1,-1,2,0,2,0,2,0,0,1,0,2,2,2,2,0,0,2,2
60,7894.697,3718.587,-75.985,-9.762,0.984086,0.169517,-0.053290,-0.168101,0.985312,0.030048,0.057601,-0.020612,0.998127,0,0.86158,-0.84549,51.695,-1.691,-1,400.000,-1,425.000,-1,325.000,325.000,300.000,325.000,-1,-1,-1,-1,850.000,925.000,-1,-1,2,0,2,0,2,0,0,0,0,2,2,2,2,0,0,2,2
61,7944.846,3708.429,-73.322,-11.451,0.978726,0.198496,-0.051914,-0.197143,0.979914,0.030044,0.056835,-0.019170,0.998200,0,0.85279,-0.84467,51.167,-1.689,-1,400.000,-1,425.000,-1,325.000,325.000,300.000,325.000,-1,-1,-1,-1,825.000,925.000,-1,-1,2,0,2,0,2,0,0,0,0,2,2,2,2,0,0,2,2
62,7994.151,3696.918,-70.848,-13.140,0.972528,0.227299,-0.050240,-0.226063,0.973677,0.029127,0.055538,-0.016970,0.998312,0,0.84386,-0.84444,50.632,-1.689,-1,400.000,-1,425.000,-1,325.000,325.000,300.000,325.000,-1,-1,-1,-1,825.000,925.000,-1,-1,2,0,2,0,2,0,0,0,0,2,2,2,2,0,0,2,2
63,8042.582,3684.095,-68.388,-14.830,0.965474,0.255918,-0.048634,-0.254800,0.966587,0.028038,0.054185,-0.014678,0.998423,0,0.83500,-0.84479,50.100,-1.690,-1,400.000,-1,425.000,-1,325.000,325.000,300.000,325.000,-1,-1,-1,-1,825.000,925.000,-1,-1,2,0,2,0,2,0,0,0,0,2,2,2,2,0,0,2,2
64,8093.695,3669.169,-65.775,-16.279,0.958762,0.280296,-0.046994,-0.279302,0.959833,0.026678,0.052584,-0.012452,0.998539,0,0.88747,-0.72479,53.248,-1.450,-1,400.000,-1,425.000,-1,325.000,325.000,300.000,300.000,-1,-1,-1,-1,800.000,925.000,-1,-1,2,0,2,0,2,0,0,0,0,2,2,2,2,0,0,2,2
65,8144.020,3653.312,-63.191,-17.489,0.952699,0.300503,-0.045427,-0.299627,0.953725,0.025153,0.050883,-0.010353,0.998651,0,0.87940,-0.60479,52.764,-1.210,-1,400.000,-1,425.000,-1,325.000,325.000,300.000,300.000,-1,-1,-1,-1,800.000,925.000,-1,-1,2,0,2,0,2,0,0,0,0,2,2,2,2,0,0,2,2
66,8193.670,3636.740,-60.639,-18.458,0.947541,0.316604,-0.043918,-0.315843,0.948521,0.023488,0.049094,-0.008384,0.998759,0,0.87237,-0.48479,52.342,-0.970,-1,400.000,-1,425.000,-1,325.000,325.000,300.000,300.000,-1,-1,-1,-1,800.000,925.000,-1,-1,2,0,2,0,2,0,0,0,0,2,2,2,2,0,0,2,2
67,8242.766,3619.654,-58.119,-19.188,0.943493,0.328661,-0.042453,-0.328009,0.944425,0.021702,0.047226,-0.006551,0.998863,0,0.86641,-0.36479,51.985,-0.730,-1,400.000,-1,425.000,-1,325.000,325.000,325.000,300.000,-1,-1,-1,-1,775.000,950.000,-1,-1,2,0,2,0,2,0,0,0,0,2,2,2,2,0,0,2,2
68,8291.439,3602.249,-55.632,-19.678,0.940711,0.336722,-0.041010,-0.336173,0.941592,0.019818,0.045288,-0.004856,0.998962,0,0.86152,-0.24479,51.691,-0.490,-1,400.000,-1,425.000,-1,325.000,325.000,325.000,300.000,-1,-1,-1,-1,775.000,950.000,-1,-1,2,0,2,0,2,0,0,0,0,2,2,2,2,0,0,2,2
69,8339.818,3584.710,-53.177,-19.927,0.939295,0.340822,-0.039569,-0.340370,0.940122,0.017858,0.043286,-0.003306,0.999057,0,0.85767,-0.12479,51.460,-0.250,-1,400.000,-1,425.000,-1,325.000,325.000,325.000,300.000,-1,-1,-1,-1,775.000,950.000,-1,-1,2,0,2,0,2,0,0,0,0,2,2,2,2,0,0,2,2
70,8388.031,3567.222,-50.752,-19.937,0.939298,0.340981,-0.038105,-0.340618,0.940068,0.015846,0.041224,-0.001905,0.999148,0,0.85478,-0.00479,51.287,-0.010,-1,400.000,-1,425.000,-1,325.000,325.000,325.000,300.000,-1,-1,-1,-1,775.000,950.000,-1,-1,2,0,2,0,2,0,0,0,0,2,2,2,2,0,0,2,2
71,8436.202,3549.969,-48.480,-19.706,0.940714,0.337198,-0.036800,-0.336892,0.941433,0.014412,0.039504,-0.001160,0.999219,0,0.85280,0.11521,51.168,0.230,-1,400.000,-1,425.000,-1,325.000,325.000,325.000,300.000,-1,-1,-1,-1,775.000,950.000,-1,-1,2,0,2,0,2,0,0,0,0,2,2,2,2,0,0,2,2
72,8484.447,3533.134,-46.335,-19.236,0.943501,0.329457,-0.035545,-0.329184,0.944170,0.013442,0.037990,-0.000982,0.999278,0,0.85163,0.23521,51.098,0.470,-1,400.000,-1,425.000,-1,325.000,325.000,325.000,300.000,-1,-1,-1,-1,775.000,950.000,-1,-1,2,0,2,0,2,0,0,0,0,2,2,2,2,0,0,2,2
73,8532.873,3516.907,-44.224,-18.525,0.947566,0.317725,-0.034188,-0.317480,0.948182,0.012522,0.036395,-0.001012,0.999337,0,0.85121,0.35521,51.072,0.710,-1,400.000,-1,425.000,-1,325.000,325.000,325.000,300.000,-1,-1,-1,-1,750.000,925.000,-1,-1,2,0,2,0,2,0,0,0,0,2,2,2,2,0,0,2,2
74,8584.028,3500.704,-42.072,-17.575,0.952756,0.301954,-0.032848,-0.301736,0.953322,0.011514,0.034791,-0.001059,0.999394,0,0.89433,0.47521,53.660,0.950,-1,400.000,-1,425.000,-1,325.000,325.000,325.000,300.000,-1,-1,-1,-1,750.000,900.000,-1,-1,2,0,2,0,2,0,0,0,0,2,2,2,2,0,0,2,2
75,8635.396,3485.601,-40.281,-16.385,0.958832,0.282083,-0.032716,-0.281916,0.959390,0.009716,0.034128,-0.000092,0.999417,0,0.89238,0.59521,53.543,1.190,-1,400.000,-1,425.000,-1,325.000,325.000,325.000,300.000,-1,-1,-1,-1,725.000,900.000,-1,-1,2,0,2,0,2,0,0,0,0,2,2,2,2,0,0,2,2
76,8682.382,3472.629,-38.669,-15.434,0.963386,0.266131,-0.032599,-0.266009,0.963937,0.008110,0.033582,0.000859,0.999436,0,0.81238,0.47521,48.743,0.950,-1,400.000,-1,400.000,-1,325.000,325.000,325.000,300.000,-1,-1,-1,-1,725.000,875.000,-1,-1,2,0,2,0,2,0,0,0,0,2,2,2,2,0,0,2,2
77,8724.882,3461.461,-37.233,-14.724,0.966616,0.254158,-0.032504,-0.254077,0.967161,0.006669,0.033132,0.001812,0.999449,0,0.73238,0.35521,43.943,0.710,-1,400.000,-1,400.000,-1,325.000,325.000,325.000,300.000,-1,-1,-1,-1,725.000,850.000,-1,-1,2,0,2,0,2,0,0,0,0,2,2,2,2,0,0,2,2
78,8762.820,3451.823,-35.964,-14.253,0.968674,0.246209,-0.032442,-0.246165,0.969213,0.005386,0.032770,0.002769,0.999459,0,0.65238,0.23521,39.143,0.470,-1,400.000,-1,400.000,-1,325.000,325.000,325.000,300.000,-1,-1,-1,-1,725.000,850.000,-1,-1,2,0,2,0,2,0,0,0,0,2,2,2,2,0,0,2,2
79,8796.139,3443.502,-34.858,-14.023,0.969657,0.242308,-0.032423,-0.242299,0.970192,0.004254,0.032488,0.003731,0.999465,0,0.57238,0.11521,34.343,0.230,-1,400.000,-1,400.000,-1,325.000,325.000,325.000,300.000,-1,-1,-1,-1,725.000,825.000,-1,-1,2,0,2,0,2,0,0,0,0,2,2,2,2,0,0,2,2
80,8824.801,3436.339,-33.908,-14.032,0.969616,0.242469,-0.032455,-0.242493,0.970148,0.003271,0.032280,0.004699,0.999468,0,0.49238,-0.00479,29.543,-0.010,-1,400.000,-1,400.000,-1,325.000,325.000,325.000,325.000,-1,-1,-1,-1,725.000,825.000,-1,-1,2,0,2,0,2,0,0,0,0,2,2,2,2,0,0,2,2
81,8848.779,3430.235,-33.113,-14.282,0.968547,0.246692,-0.032545,-0.246745,0.969077,0.002435,0.032139,0.005672,0.999467,0,0.41238,-0.12479,24.743,-0.250,-1,400.000,-1,400.000,-1,325.000,325.000,325.000,325.000,1000.000,-1,-1,-1,725.000,825.000,-1,-1,2,0,2,0,2,0,0,0,0,1,2,2,2,0,0,2,2
82,8868.065,3425.156,-32.510,-14.754,0.966485,0.254658,-0.032512,-0.254733,0.967010,0.001882,0.031919,0.006463,0.999470,0,0.33238,-0.23577,19.943,-0.472,-1,400.000,-1,400.000,-1,325.000,325.000,325.000,325.000,975.000,-1,-1,-1,725.000,825.000,-1,-1,2,0,2,0,2,0,0,0,0,1,2,2,2,0,0,2,2
83,8882.676,3421.179,-32.092,-15.227,0.964353,0.262634,-0.032347,-0.262722,0.964870,0.001581,0.031626,0.006974,0.999475,0,0.25238,-0.23660,15.143,-0.473,-1,400.000,-1,400.000,-1,325.000,325.000,325.000,325.000,950.000,-1,-1,-1,725.000,825.000,-1,-1,2,0,2,0,2,0,0,0,0,1,2,2,2,0,0,2,2
84,8892.633,3418.380,-31.816,-15.701,0.962148,0.270616,-0.032225,-0.270713,0.962659,0.001403,0.031402,0.007374,0.999480,0,0.17238,-0.23727,10.343,-0.475,-1,400.000,-1,400.000,-1,325.000,325.000,325.000,325.000,950.000,-1,-1,-1,700.000,825.000,-1,-1,2,0,2,0,2,0,0,0,0,1,2,2,2,0,0,2,2
85,8897.957,3416.836,-31.679,-16.177,0.959870,0.278595,-0.032149,-0.278697,0.960378,0.001354,0.031252,0.007660,0.999482,0,0.09238,-0.23776,5.543,-0.476,-1,400.000,-1,400.000,-1,325.000,325.000,325.000,325.000,950.000,-1,-1,-1,700.000,850.000,-1,-1,2,0,2,0,2,0,0,0,0,1,2,2,2,0,0,2,2
86,8898.668,3416.623,-31.680,-16.653,0.957522,0.286565,-0.032119,-0.286669,0.958029,0.001436,0.031183,0.007832,0.999483,0,0.01238,-0.23803,0.743,-0.476,-1,400.000,-1,400.000,-1,325.000,325.000,325.000,325.000,950.000,-1,-1,-1,700.000,850.000,-1,-1,2,0,2,0,2,0,0,0,0,1,2,2,2,0,0,2,2
87,8894.791,3417.818,-31.820,-17.129,0.955106,0.294517,-0.032138,-0.294618,0.955614,0.001653,0.031198,0.007889,0.999482,0,-0.06762,-0.23807,-4.057,-0.476,-1,400.000,-1,425.000,-1,325.000,325.000,325.000,325.000,950.000,-1,-1,-1,725.000,850.000,-1,-1,2,0,2,0,2,0,0,0,0,1,2,2,2,0,0,2,2
88,8886.349,3420.497,-32.099,-17.605,0.952624,0.302441,-0.032206,-0.302536,0.953136,0.002008,0.031304,0.007831,0.999479,0,-0.14762,-0.23786,-8.857,-0.476,-1,400.000,-1,425.000,-1,325.000,325.000,325.000,325.000,925.000,-1,-1,-1,725.000,850.000,-1,-1,2,0,2,0,2,0,0,0,0,1,2,2,2,0,0,2,2
89,8873.367,3424.735,-32.516,-18.080,0.950079,0.310329,-0.032326,-0.310414,0.950598,0.002502,0.031505,0.007657,0.999474,0,-0.22762,-0.23740,-13.657,-0.475,-1,400.000,-1,425.000,-1,325.000,325.000,325.000,300.000,925.000,-1,-1,-1,725.000,875.000,-1,-1,2,0,2,0,2,0,0,0,0,1,2,2,2,0,0,2,2
90,8859.727,3429.312,-32.955,-18.553,0.947477,0.318172,-0.032453,-0.318246,0.948003,0.003019,0.031726,0.007468,0.999469,0,-0.23978,-0.23668,-14.387,-0.473,-1,400.000,-1,425.000,-1,325.000,325.000,325.000,300.000,900.000,-1,-1,-1,725.000,875.000,-1,-1,2,0,2,0,2,0,0,0,0,1,2,2,2,0,0,2,2
91,8846.119,3434.005,-33.396,-19.025,0.944819,0.325969,-0.032579,-0.326031,0.945352,0.003538,0.031952,0.007279,0.999463,0,-0.23990,-0.23592,-14.394,-0.472,-1,400.000,-1,425.000,-1,325.000,325.000,325.000,300.000,900.000,-1,-1,-1,725.000,875.000,-1,-1,2,0,2,0,2,0,0,0,0,1,2,2,2,0,0,2,2
92,8832.544,3438.811,-33.838,-19.495,0.942105,0.333719,-0.032705,-0.333769,0.942646,0.004059,0.032184,0.007092,0.999457,0,-0.24002,-0.23517,-14.401,-0.470,-1,400.000,-1,425.000,-1,325.000,325.000,325.000,300.000,875.000,-1,-1,-1,725.000,900.000,-1,-1,2,0,2,0,2,0,0,0,0,1,2,2,2,0,0,2,2
93,8819.002,3443.730,-34.281,-19.964,0.939337,0.341421,-0.032830,-0.341460,0.939885,0.004582,0.032421,0.006907,0.999450,0,-0.24013,-0.23441,-14.408,-0.469,-1,400.000,-1,425.000,-1,325.000,325.000,325.000,300.000,875.000,-1,-1,-1,725.000,900.000,-1,-1,2,0,2,0,2,0,0,0,0,1,2,2,2,0,0,2,2
94,8809.985,3447.046,-34.574,-20.193,0.937962,0.345172,-0.032921,-0.345203,0.938515,0.004913,0.032593,0.006756,0.999446,0,-0.16013,-0.11441,-9.608,-0.229,-1,400.000,-1,425.000,-1,325.000,325.000,325.000,300.000,850.000,-1,-1,-1,725.000,900.000,-1,-1,2,0,2,0,2,0,0,0,0,1,2,2,2,0,0,2,2
95,8805.472,3448.705,-34.715,-20.182,0.938027,0.344989,-0.032978,-0.345016,0.938583,0.005053,0.032695,0.006638,0.999443,0,-0.08013,0.00559,-4.808,0.011,-1,400.000,-1,425.000,-1,325.000,325.000,325.000,300.000,850.000,-1,-1,-1,725.000,900.000,-1,-1,2,0,2,0,2,0,0,0,0,1,2,2,2,0,0,2,2
96,8805.465,3448.707,-34.704,-19.930,0.939530,0.340872,-0.033002,-0.340898,0.940087,0.005001,0.032729,0.006552,0.999443,0,-0.00013,0.12559,-0.008,0.251,-1,400.000,-1,425.000,-1,325.000,325.000,325.000,300.000,850.000,-1,-1,-1,725.000,900.000,-1,-1,2,0,2,0,2,0,0,0,0,1,2,2,2,0,0,2,2
97,8809.979,3447.100,-34.547,-19.601,0.941477,0.335460,-0.032978,-0.335490,0.942032,0.004792,0.032674,0.006552,0.999445,0,0.07987,0.16475,4.792,0.329,-1,400.000,-1,425.000,-1,325.000,325.000,325.000,300.000,850.000,-1,-1,-1,725.000,900.000,-1,-1,2,0,2,0,2,0,0,0,0,1,2,2,2,0,0,2,2
98,8819.034,3443.934,-34.250,-19.272,0.943392,0.330045,-0.032899,-0.330082,0.943942,0.004445,0.032522,0.006666,0.999449,0,0.15987,0.16451,9.592,0.329,-1,400.000,-1,425.000,-1,325.000,325.000,325.000,300.000,875.000,-1,-1,-1,725.000,900.000,-1,-1,2,0,2,0,2,0,0,0,0,1,2,2,2,0,0,2,2
99,8832.647,3439.262,-33.812,-18.944,0.945272,0.324634,-0.032766,-0.324683,0.945815,0.003961,0.032276,0.006895,0.999455,0,0.23987,0.16404,14.392,0.328,-1,400.000,-1,425.000,-1,325.000,325.000,325.000,300.000,875.000,-1,-1,-1,725.000,875.000,-1,-1,2,0,2,0,2,0,0,0,0,1,2,2,2,0,0,2,2
100,8850.835,3433.135,-33.235,-18.617,0.947115,0.319235,-0.032580,-0.319300,0.947648,0.003339,0.031940,0.007240,0.999464,0,0.31987,0.16333,19.192,0.327,-1,400.000,-1,425.000,-1,325.000,325.000,325.000,300.000,900.000,-1,-1,-1,725.000,875.000,-1,-1,2,0,2,0,2,0,0,0,0,1,2,2,2,0,0,2,2
101,8873.615,3425.604,-32.522,-18.292,0.948919,0.313858,-0.032342,-0.313942,0.949439,0.002580,0.031516,0.007705,0.999474,0,0.39987,0.16236,23.992,0.325,-1,400.000,-1,425.000,-1,325.000,325.000,325.000,300.000,900.000,-1,-1,-1,725.000,875.000,-1,-1,2,0,2,0,2,0,0,0,0,1,2,2,2,0,0,2,2
102,8901.002,3416.721,-31.676,-17.970,0.950680,0.308512,-0.032052,-0.308619,0.951184,0.001683,0.031007,0.008292,0.999485,0,0.47987,0.16113,28.792,0.322,-1,400.000,-1,425.000,-1,325.000,325.000,325.000,325.000,925.000,-1,-1,-1,725.000,850.000,-1,-1,2,0,2,0,2,0,0,0,0,1,2,2,2,0,0,2,2
103,8933.013,3406.536,-30.699,-17.651,0.952397,0.303206,-0.031712,-0.303339,0.952883,0.000647,0.030414,0.009003,0.999497,0,0.55987,0.15960,33.592,0.319,-1,375.000,-1,400.000,-1,325.000,325.000,325.000,325.000,950.000,-1,-1,-1,700.000,850.000,-1,-1,2,0,2,0,2,0,0,0,0,1,2,2,2,0,0,2,2
104,8969.662,3395.096,-29.597,-17.336,0.954067,0.297952,-0.031323,-0.298114,0.954530,-0.000530,0.029741,0.009844,0.999509,0,0.63987,0.15774,38.392,0.315,-1,375.000,-1,400.000,-1,325.000,325.000,325.000,325.000,975.000,-1,-1,-1,700.000,825.000,-1,-1,2,0,2,0,2,0,0,0,0,1,2,2,2,0,0,2,2
105,9010.961,3382.451,-28.372,-17.024,0.955686,0.292763,-0.030885,-0.292957,0.956124,-0.001851,0.028988,0.010817,0.999521,0,0.71987,0.15552,43.192,0.311,-1,375.000,-1,400.000,-1,325.000,325.000,325.000,325.000,1000.000,-1,-1,-1,700.000,825.000,-1,-1,2,0,2,0,2,0,0,0,0,1,2,2,2,0,0,2,2
106,9056.015,3368.918,-27.057,-16.719,0.957252,0.287652,-0.030409,-0.287880,0.957661,-0.003289,0.028175,0.011903,0.999532,0,0.78405,0.15290,47.043,0.306,-1,375.000,-1,400.000,-1,325.000,325.000,325.000,325.000,-1,-1,-1,-1,700.000,800.000,-1,-1,2,0,2,0,2,0,0,0,0,2,2,2,2,0,0,2,2
107,9101.095,3355.634,-25.765,-16.419,0.958760,0.282634,-0.029946,-0.282893,0.959140,-0.004706,0.027392,0.012984,0.999540,0,0.78327,0.14989,46.996,0.300,-1,375.000,-1,400.000,-1,300.000,325.000,325.000,325.000,-1,-1,-1,-1,675.000,800.000,-1,-1,2,0,2,0,2,0,0,0,0,2,2,2,2,0,0,2,2
108,9146.210,3342.591,-24.386,-16.125,0.960196,0.277712,-0.030003,-0.278016,0.960555,-0.006431,0.027034,0.014516,0.999529,0,0.78271,0.14673,46.962,0.293,-1,375.000,-1,400.000,-1,300.000,325.000,325.000,325.000,-1,-1,-1,-1,675.000,800.000,-1,-1,2,0,2,0,2,0,0,0,0,2,2,2,2,0,0,2,2
109,9191.369,3329.780,-22.907,-15.839,0.961560,0.272891,-0.030558,-0.273259,0.961903,-0.008520,0.027069,0.016543,0.999497,0,0.78235,0.14343,46.941,0.287,-1,375.000,-1,375.000,-1,300.000,325.000,325.000,325.000,-1,-1,-1,-1,675.000,775.000,-1,-1,2,0,2,0,2,0,0,0,0,2,2,2,2,0,0,2,2
110,9236.581,3317.193,-21.440,-15.559,0.962866,0.268178,-0.031125,-0.268612,0.963190,-0.010634,0.027127,0.018600,0.999459,0,0.78220,0.13998,46.932,0.280,-1,375.000,-1,375.000,-1,300.000,300.000,325.000,325.000,-1,-1,-1,-1,675.000,775.000,-1,-1,2,0,2,0,2,0,0,0,0,2,2,2,2,0,0,2,2
111,9281.856,3304.819,-19.814,-15.286,0.964106,0.263582,-0.031996,-0.264069,0.964429,-0.012038,0.027685,0.020055,0.999415,0,0.78226,0.13639,46.935,0.273,-1,375.000,-1,375.000,-1,300.000,300.000,325.000,325.000,-1,-1,-1,-1,675.000,775.000,-1,-1,2,0,2,0,2,0,0,0,0,2,2,2,2,0,0,2,2
112,9327.203,3292.651,-17.968,-15.021,0.965273,0.259109,-0.033321,-0.259635,0.965626,-0.012465,0.028946,0.020683,0.999367,0,0.78251,0.13267,46.951,0.265,-1,375.000,-1,375.000,-1,300.000,300.000,325.000,325.000,-1,-1,-1,-1,675.000,775.000,-1,-1,2,0,2,0,2,0,0,0,0,2,2,2,2,0,0,2,2
113,9372.631,3280.681,-16.125,-14.763,0.966382,0.254762,-0.034680,-0.255326,0.966769,-0.012897,0.030242,0.021318,0.999315,0,0.78297,0.12881,46.978,0.258,-1,375.000,-1,375.000,-1,300.000,300.000,325.000,350.000,-1,-1,-1,-1,675.000,775.000,-1,-1,2,0,2,0,2,0,0,0,0,2,2,2,2,0,0,2,2
114,9418.148,3268.898,-14.305,-14.513,0.967435,0.250543,-0.036034,-0.251151,0.967855,-0.013426,0.031512,0.022039,0.999260,0,0.78363,0.12483,47.018,0.250,-1,375.000,-1,375.000,-1,300.000,300.000,325.000,350.000,-1,-1,-1,-1,675.000,775.000,-1,-1,2,0,2,0,2,0,0,0,0,2,2,2,2,0,0,2,2
115,9463.765,3257.295,-12.720,-14.272,0.968433,0.246457,-0.037380,-0.247115,0.968884,-0.014054,0.032753,0.022848,0.999202,0,0.78448,0.12073,47.069,0.241,-1,375.000,-1,375.000,-1,300.000,300.000,325.000,350.000,-1,-1,-1,-1,675.000,750.000,-1,-1,2,0,2,0,2,0,0,0,0,2,2,2,2,0,0,2,2
116,9509.489,3245.862,-11.165,-14.039,0.969371,0.242511,-0.038824,-0.243217,0.969863,-0.014544,0.034127,0.023541,0.999140,0,0.78552,0.11650,47.131,0.233,-1,375.000,-1,400.000,-1,300.000,300.000,325.000,350.000,-1,-1,-1,-1,675.000,750.000,-1,-1,2,0,2,0,2,0,0,0,0,2,2,2,2,0,0,2,2
117,9555.329,3234.591,-9.610,-13.814,0.970255,0.238708,-0.040305,-0.239464,0.970789,-0.015033,0.035539,0.024237,0.999074,0,0.78675,0.11216,47.205,0.224,-1,375.000,-1,400.000,-1,300.000,300.000,325.000,350.000,-1,-1,-1,-1,675.000,750.000,-1,-1,2,0,2,0,2,0,0,0,0,2,2,2,2,0,0,2,2
118,9601.293,3223.472,-8.056,-13.599,0.971082,0.235053,-0.041822,-0.235862,0.971663,-0.015521,0.036989,0.024936,0.999005,0,0.78816,0.10770,47.290,0.215,-1,375.000,-1,400.000,-1,300.000,300.000,325.000,350.000,-1,-1,975.000,-1,675.000,750.000,-1,-1,2,0,2,0,2,0,0,0,0,2,2,0,2,0,0,2,2
119,9647.389,3212.497,-6.501,-13.393,0.971856,0.231550,-0.043375,-0.232414,0.972485,-0.016009,0.038475,0.025640,0.998931,0,0.78975,0.10312,47.385,0.206,-1,375.000,-1,400.000,-1,300.000,300.000,325.000,350.000,-1,-1,750.000,-1,675.000,750.000,-1,-1,2,0,2,0,2,0,0,0,0,2,2,0,2,0,0,2,2
120,9693.627,3201.656,-4.946,-13.196,0.972575,0.228203,-0.044964,-0.229125,0.973257,-0.016497,0.039997,0.026347,0.998852,0,0.79152,0.09844,47.491,0.197,-1,375.000,-1,375.000,-1,300.000,300.000,325.000,350.000,-1,875.000,650.000,-1,675.000,750.000,-1,-1,2,0,2,0,2,0,0,0,0,2,0,0,2,0,0,2,2
121,9740.012,3190.940,-3.390,-13.009,0.973241,0.225016,-0.046588,-0.226000,0.973979,-0.016986,0.041554,0.027060,0.998770,0,0.79346,0.09364,47.607,0.187,-1,375.000,-1,375.000,-1,300.000,300.000,325.000,350.000,-1,725.000,550.000,-1,675.000,750.000,-1,-1,2,0,2,0,2,0,0,0,0,2,0,0,2,0,0,2,2
122,9786.554,3180.340,-1.711,-12.831,0.973868,0.221990,-0.047971,-0.223055,0.974639,-0.018048,0.042748,0.028276,0.998686,0,0.79556,0.08874,47.734,0.177,-1,375.000,-1,375.000,-1,300.000,300.000,325.000,350.000,-1,650.000,525.000,-1,675.000,750.000,-1,-1,2,0,2,0,2,0,0,0,0,2,0,0,2,0,0,2,2
123,9833.260,3169.847,0.244,-12.664,0.974427,0.219125,-0.049751,-0.220333,0.975216,-0.020179,0.044096,0.030625,0.998558,0,0.79783,0.08373,47.870,0.167,-1,375.000,-1,375.000,-1,300.000,300.000,325.000,350.000,-1,625.000,500.000,-1,675.000,750.000,-1,-1,2,0,2,0,2,0,0,0,0,2,0,0,2,0,0,2,2
124,9880.137,3159.450,2.253,-12.506,0.974939,0.216432,-0.051494,-0.217788,0.975741,-0.022299,0.045419,0.032955,0.998424,0,0.80027,0.07862,48.016,0.157,-1,375.000,-1,375.000,-1,300.000,300.000,325.000,350.000,-1,600.000,500.000,-1,675.000,725.000,-1,-1,2,0,2,0,2,0,0,0,0,2,0,0,2,0,0,2,2
125,9922.315,3150.031,4.486,-12.589,0.974594,0.217836,-0.052097,-0.219240,0.975403,-0.022881,0.045831,0.033722,0.998380,0,0.72027,-0.04138,43.216,-0.083,-1,375.000,-1,375.000,-1,300.000,300.000,325.000,350.000,-1,650.000,525.000,-1,675.000,725.000,-1,-1,2,0,2,0,2,0,0,0,0,2,0,0,2,0,0,2,2
126,9959.759,3141.447,6.557,-12.912,0.973310,0.223322,-0.052872,-0.224765,0.974140,-0.023050,0.046357,0.034319,0.998335,0,0.64027,-0.16138,38.416,-0.323,-1,375.000,-1,375.000,-1,300.000,300.000,325.000,350.000,-1,675.000,550.000,-1,675.000,725.000,-1,-1,2,0,2,0,2,0,0,0,0,2,0,0,2,0,0,2,2
127,9992.762,3133.540,8.357,-13.475,0.971031,0.232872,-0.053566,-0.234360,0.971870,-0.023335,0.046625,0.035213,0.998292,0,0.56561,-0.28138,33.936,-0.563,-1,375.000,-1,375.000,-1,300.000,300.000,325.000,350.000,-1,700.000,575.000,-1,700.000,750.000,-1,-1,2,0,2,0,2,0,0,0,0,2,0,0,2,0,0,2,2
128,10025.772,3125.140,10.131,-14.277,0.967633,0.246455,-0.054278,-0.247999,0.968469,-0.023738,0.046716,0.036431,0.998244,0,0.56769,-0.40138,34.061,-0.803,-1,375.000,-1,375.000,-1,300.000,300.000,325.000,350.000,-1,725.000,600.000,-1,700.000,750.000,-1,-1,2,0,2,0,2,0,0,0,0,2,0,0,2,0,0,2,2
129,10058.752,3116.106,11.873,-15.320,0.962946,0.264023,-0.055018,-0.265635,0.963768,-0.024259,0.046620,0.037975,0.998191,0,0.56992,-0.52138,34.195,-1.043,-1,375.000,-1,375.000,-1,300.000,300.000,325.000,350.000,-1,775.000,625.000,-1,700.000,750.000,-1,-1,2,0,2,0,2,0,0,0,0,2,0,0,2,0,0,2,2
130,10091.660,3106.295,13.579,-16.603,0.956749,0.285512,-0.055801,-0.287202,0.957547,-0.024896,0.046324,0.039845,0.998131,0,0.57232,-0.64138,34.339,-1.283,-1,375.000,-1,375.000,-1,300.000,300.000,325.000,350.000,-1,800.000,675.000,-1,700.000,750.000,-1,-1,2,0,2,0,2,0,0,0,0,2,0,0,2,0,0,2,2
131,10124.445,3095.564,15.244,-18.126,0.948777,0.310829,-0.056645,-0.312609,0.949536,-0.025645,0.045815,0.042039,0.998065,0,0.57494,-0.76138,34.496,-1.523,-1,375.000,-1,400.000,-1,300.000,300.000,325.000,350.000,-1,850.000,700.000,-1,700.000,775.000,-1,-1,2,0,2,0,2,0,0,0,0,2,0,0,2,0,0,2,2
132,10156.915,3083.819,16.853,-19.889,0.938715,0.339853,-0.057566,-0.341735,0.939423,-0.026500,0.045072,0.044549,0.997990,0,0.57548,-0.88138,34.529,-1.763,-1,375.000,-1,400.000,-1,300.000,300.000,325.000,350.000,-1,925.000,750.000,-1,700.000,775.000,-1,-1,2,0,2,0,2,0,0,0,0,2,0,0,2,0,0,2,2
133,10188.956,3070.948,18.400,-21.889,0.926228,0.372384,-0.058588,-0.374378,0.926870,-0.027452,0.044080,0.047361,0.997905,0,0.57548,-1.00000,34.529,-2.000,-1,350.000,-1,400.000,-1,300.000,300.000,325.000,350.000,-1,-1,800.000,-1,675.000,775.000,-1,-1,2,0,2,0,2,0,0,0,0,2,2,0,2,0,0,2,2
134,10220.528,3056.967,19.899,-23.889,0.912611,0.404448,-0.059685,-0.406559,0.913183,-0.028404,0.043015,0.050187,0.997813,0,0.57548,-1.00000,34.529,-2.000,-1,350.000,-1,400.000,-1,300.000,325.000,325.000,350.000,-1,-1,850.000,-1,675.000,800.000,-1,-1,2,0,2,0,2,0,0,0,0,2,2,0,2,0,0,2,2
135,10251.593,3041.893,21.349,-25.889,0.897883,0.436007,-0.060860,-0.438238,0.898380,-0.029350,0.041879,0.053024,0.997715,0,0.57548,-1.00000,34.529,-2.000,-1,375.000,-1,400.000,-1,300.000,325.000,325.000,350.000,-1,-1,900.000,-1,700.000,800.000,-1,-1,2,0,2,0,2,0,0,0,0,2,2,0,2,0,0,2,2
