timestep,x_cm,y_cm,z_cm,yaw_deg,basis_xx,basis_xy,basis_xz,basis_yx,basis_yy,basis_yz,basis_zx,basis_zy,basis_zz,teleport_flag,throttle_cmd,steering_cmd,cmd_move_cm,cmd_turn_deg,lidar_cm_0,lidar_cm_1,lidar_cm_2,lidar_cm_3,lidar_cm_4,lidar_cm_5,lidar_cm_6,lidar_cm_7,lidar_cm_8,lidar_cm_9,lidar_cm_10,lidar_cm_11,lidar_cm_12,lidar_cm_13,lidar_cm_14,lidar_cm_15,lidar_cm_16,lidar_class_0,lidar_class_1,lidar_class_2,lidar_class_3,lidar_class_4,lidar_class_5,lidar_class_6,lidar_class_7,lidar_class_8,lidar_class_9,lidar_class_10,lidar_class_11,lidar_class_12,lidar_class_13,lidar_class_14,lidar_class_15,lidar_class_16
0,4601.563,8996.967,77.706,0.410,0.991161,-0.007143,0.132469,0.011937,0.999301,-0.035428,-0.132123,0.036696,0.990554,1,0.08000,-0.12000,4.800,-0.240,650.000,525.000,-1,925.000,-1,625.000,825.000,275.000,225.000,-1,-1,-1,-1,800.000,-1,800.000,-1,0,1,2,1,2,1,1,0,1,2,2,2,2,1,2,1,2
1,-6231.090,-329.884,127.557,-172.068,-0.992259,0.117084,0.041384,-0.121193,-0.840334,-0.528347,-0.027084,-0.529273,0.848019,1,0.00000,0.00000,9.600,-0.480,625.000,375.000,-1,450.000,-1,325.000,350.000,500.000,150.000,350.000,0.000,650.000,-1,550.000,-1,600.000,-1,1,1,2,1,2,1,1,1,1,1,1,1,2,1,2,1,2
2,1644.222,-6889.227,-375.579,-24.080,0.912630,0.407357,0.034170,-0.408612,0.911494,0.047060,-0.011976,-0.056910,0.998307,1,0.08000,0.12000,4.800,0.240,-1,400.000,-1,375.000,-1,325.000,325.000,300.000,275.000,875.000,-1,-1,-1,775.000,725.000,-1,-1,2,0,2,0,2,0,0,0,0,0,2,2,2,0,0,2,2
3,1653.017,-6893.073,-375.709,-23.625,0.915836,0.400089,0.034246,-0.401362,0.914692,0.047415,-0.012355,-0.057169,0.998288,0,0.16000,0.22783,9.600,0.456,-1,400.000,-1,375.000,-1,325.000,325.000,300.000,275.000,900.000,-1,-1,-1,775.000,725.000,-1,-1,2,0,2,0,2,0,0,0,0,0,2,2,2,0,0,2,2
4,1666.257,-6898.737,-375.920,-23.162,0.919037,0.392672,0.034353,-0.393967,0.917872,0.047975,-0.012694,-0.057625,0.998258,0,0.24000,0.23157,14.400,0.463,-1,400.000,-1,375.000,-1,325.000,325.000,300.000,275.000,900.000,-1,-1,-1,775.000,725.000,-1,-1,2,0,2,0,2,0,0,0,0,0,2,2,2,0,0,2,2
5,1683.971,-6906.142,-376.217,-22.687,0.922253,0.385044,0.034491,-0.386367,0.921057,0.048729,-0.013005,-0.058267,0.998216,0,0.32000,0.23720,19.200,0.474,-1,400.000,-1,375.000,-1,325.000,325.000,300.000,275.000,900.000,-1,-1,-1,750.000,725.000,-1,-1,2,0,2,0,2,0,0,0,0,0,2,2,2,0,0,2,2
6,1706.192,-6915.208,-376.601,-22.198,0.925506,0.377143,0.034662,-0.378499,0.924268,0.049665,-0.013306,-0.059084,0.998164,0,0.40000,0.24475,24.000,0.490,-1,400.000,-1,375.000,-1,325.000,325.000,300.000,275.000,900.000,-1,-1,-1,750.000,725.000,-1,-1,2,0,2,0,2,0,0,0,0,0,2,2,2,0,0,2,2
7,1732.954,-6925.851,-377.078,-21.689,0.928813,0.368904,0.034870,-0.370298,0.927525,0.050767,-0.013614,-0.060066,0.998102,0,0.48000,0.25424,28.800,0.508,-1,400.000,-1,375.000,-1,325.000,325.000,275.000,275.000,925.000,-1,-1,-1,750.000,725.000,-1,-1,2,0,2,0,2,0,0,0,0,0,2,2,2,0,0,2,2
8,1764.289,-6937.978,-377.650,-21.158,0.932190,0.360261,0.035121,-0.361700,0.930842,0.052022,-0.013951,-0.061197,0.998028,0,0.56000,0.26570,33.600,0.531,-1,400.000,-1,375.000,-1,325.000,325.000,275.000,275.000,925.000,-1,-1,-1,750.000,750.000,-1,-1,2,0,2,0,2,0,0,0,0,0,2,2,2,0,0,2,2
9,1800.234,-6951.487,-378.320,-20.599,0.935650,0.351146,0.035424,-0.352637,0.934235,0.053411,-0.014339,-0.062466,0.997944,0,0.64000,0.27915,38.400,0.558,-1,400.000,-1,375.000,-1,325.000,325.000,275.000,275.000,950.000,-1,-1,-1,750.000,750.000,-1,-1,2,0,2,0,2,0,0,0,0,0,2,2,2,0,0,2,2
10,1840.236,-6966.053,-379.082,-20.010,0.939204,0.341490,0.035779,-0.343040,0.937715,0.054895,-0.014804,-0.063831,0.997851,0,0.70953,0.29461,42.572,0.589,-1,400.000,-1,375.000,-1,325.000,325.000,275.000,275.000,950.000,-1,-1,-1,750.000,750.000,-1,-1,2,0,2,0,2,0,0,0,0,0,2,2,2,0,0,2,2
11,1880.990,-6980.394,-379.761,-19.387,0.942845,0.331243,0.036343,-0.332860,0.941324,0.055804,-0.015726,-0.064712,0.997780,0,0.72006,0.31186,43.204,0.624,-1,400.000,-1,375.000,-1,325.000,325.000,275.000,275.000,975.000,-1,-1,-1,750.000,750.000,-1,-1,2,0,2,0,2,0,0,0,0,0,2,2,2,0,0,2,2
12,1922.531,-6994.476,-380.406,-18.728,0.946573,0.320384,0.036790,-0.322058,0.945036,0.056447,-0.016683,-0.065280,0.997728,0,0.73105,0.32946,43.863,0.659,-1,400.000,-1,400.000,-1,325.000,325.000,275.000,300.000,1000.000,-1,-1,-1,725.000,750.000,-1,-1,2,0,2,0,2,0,0,0,0,0,2,2,2,0,0,2,2
13,1964.891,-7008.266,-381.054,-18.033,0.950374,0.308892,0.037093,-0.310613,0.948827,0.056983,-0.017593,-0.065677,0.997686,0,0.74248,0.34743,44.549,0.695,-1,400.000,-1,400.000,-1,325.000,325.000,275.000,300.000,-1,-1,-1,-1,725.000,750.000,-1,-1,2,0,2,0,2,0,0,0,0,2,2,2,2,0,0,2,2
14,2008.104,-7021.726,-381.745,-17.301,0.954223,0.296745,0.037418,-0.298517,0.952670,0.057515,-0.018580,-0.066052,0.997643,0,0.75435,0.36577,45.261,0.732,-1,400.000,-1,400.000,-1,325.000,325.000,275.000,300.000,-1,-1,-1,-1,725.000,750.000,-1,-1,2,0,2,0,2,0,0,0,0,2,2,2,2,0,0,2,2
15,2052.202,-7034.815,-382.544,-16.532,0.958110,0.283931,0.037525,-0.285738,0.956559,0.057878,-0.019462,-0.066176,0.997618,0,0.76666,0.38449,46.000,0.769,-1,375.000,-1,400.000,-1,325.000,325.000,275.000,300.000,-1,-1,-1,-1,725.000,775.000,-1,-1,2,0,2,0,2,0,0,0,0,2,2,2,2,0,0,2,2
16,2097.216,-7047.488,-383.376,-15.725,0.962014,0.270424,0.037421,-0.272256,0.960454,0.058356,-0.020160,-0.066328,0.997594,0,0.77940,0.40359,46.764,0.807,-1,375.000,-1,400.000,-1,325.000,325.000,275.000,300.000,-1,-1,-1,-1,700.000,750.000,-1,-1,2,0,2,0,2,0,0,0,0,2,2,2,2,0,0,2,2
17,2143.175,-7059.699,-384.278,-14.879,0.965903,0.256210,0.037250,-0.258062,0.964340,0.058761,-0.020867,-0.066370,0.997577,0,0.79257,0.42309,47.554,0.846,-1,375.000,-1,400.000,-1,325.000,325.000,275.000,300.000,-1,-1,-1,-1,700.000,750.000,-1,-1,2,0,2,0,2,0,0,0,0,2,2,2,2,0,0,2,2
18,2190.109,-7071.395,-385.248,-13.993,0.969753,0.241270,0.036980,-0.243134,0.968194,0.059051,-0.021557,-0.066256,0.997570,0,0.80616,0.44298,48.370,0.886,-1,375.000,-1,400.000,-1,325.000,325.000,275.000,300.000,-1,-1,-1,-1,700.000,750.000,-1,-1,2,0,2,0,2,0,0,0,0,2,2,2,2,0,0,2,2
19,2238.044,-7082.520,-386.249,-13.066,0.973540,0.225589,0.036451,-0.227444,0.971996,0.059094,-0.022099,-0.065821,0.997587,0,0.82016,0.46328,49.210,0.927,-1,375.000,-1,400.000,-1,325.000,325.000,275.000,300.000,-1,-1,-1,-1,700.000,750.000,-1,-1,2,0,2,0,2,0,0,0,0,2,2,2,2,0,0,2,2
20,2287.006,-7093.016,-387.340,-12.098,0.977226,0.209144,0.035899,-0.210988,0.975703,0.059060,-0.022674,-0.065289,0.997609,0,0.83457,0.48398,50.074,0.968,-1,375.000,-1,400.000,-1,325.000,325.000,275.000,300.000,-1,-1,-1,-1,700.000,750.000,-1,-1,2,0,2,0,2,0,0,0,0,2,2,2,2,0,0,2,2
21,2337.017,-7102.817,-388.525,-11.088,0.980775,0.191917,0.035321,-0.193747,0.979279,0.058944,-0.023277,-0.064655,0.997636,0,0.84938,0.50510,50.963,1.010,-1,375.000,-1,400.000,-1,325.000,325.000,275.000,300.000,-1,-1,-1,-1,675.000,725.000,-1,-1,2,0,2,0,2,0,0,0,0,2,2,2,2,0,0,2,2
22,2388.097,-7111.857,-389.805,-10.035,0.984153,0.173892,0.034719,-0.175705,0.982689,0.058742,-0.023903,-0.063912,0.997669,0,0.86457,0.52664,51.874,1.053,-1,375.000,-1,400.000,-1,325.000,325.000,275.000,300.000,-1,-1,-1,-1,675.000,725.000,-1,-1,2,0,2,0,2,0,0,0,0,2,2,2,2,0,0,2,2
23,2440.264,-7120.061,-391.183,-8.938,0.987318,0.155051,0.034090,-0.156846,0.985892,0.058450,-0.024547,-0.063055,0.997708,0,0.88014,0.54860,52.808,1.097,-1,375.000,-1,400.000,-1,325.000,325.000,275.000,300.000,-1,-1,-1,-1,675.000,725.000,-1,-1,2,0,2,0,2,0,0,0,0,2,2,2,2,0,0,2,2
24,2493.530,-7127.355,-392.661,-7.796,0.990229,0.135381,0.033435,-0.137152,0.988847,0.058062,-0.025202,-0.062081,0.997753,0,0.89606,0.57098,53.764,1.142,-1,375.000,-1,375.000,-1,300.000,325.000,275.000,300.000,-1,-1,-1,-1,675.000,700.000,-1,-1,2,0,2,0,2,0,0,0,0,2,2,2,2,0,0,2,2
25,2547.905,-7133.655,-394.241,-6.608,0.992841,0.114865,0.032753,-0.116610,0.991507,0.057576,-0.025862,-0.060983,0.997804,0,0.91233,0.59378,54.740,1.188,-1,375.000,-1,375.000,-1,300.000,300.000,275.000,300.000,-1,-1,-1,-1,675.000,700.000,-1,-1,2,0,2,0,2,0,0,0,0,2,2,2,2,0,0,2,2
26,2600.008,-7138.676,-395.789,-5.504,0.994886,0.095745,0.032162,-0.097462,0.993611,0.056913,-0.026507,-0.059757,0.997861,0,0.87242,0.55207,52.345,1.104,-1,375.000,-1,375.000,-1,300.000,300.000,275.000,300.000,-1,-1,-1,-1,675.000,700.000,-1,-1,2,0,2,0,2,0,0,0,0,2,2,2,2,0,0,2,2
27,2652.198,-7142.694,-397.064,-4.400,0.996580,0.076590,0.031017,-0.078223,0.995397,0.055371,-0.026634,-0.057608,0.997984,0,0.87242,0.55207,52.345,1.104,-1,375.000,-1,375.000,-1,300.000,300.000,275.000,300.000,-1,-1,-1,-1,675.000,700.000,-1,-1,2,0,2,0,2,0,0,0,0,2,2,2,2,0,0,2,2
28,2704.456,-7145.704,-397.941,-3.296,0.997934,0.057397,0.028877,-0.058931,0.996722,0.055421,-0.025601,-0.057009,0.998045,0,0.87242,0.55207,52.345,1.104,-1,375.000,-1,375.000,-1,300.000,300.000,275.000,300.000,-1,-1,-1,-1,675.000,700.000,-1,-1,2,0,2,0,2,0,0,0,0,2,2,2,2,0,0,2,2
29,2756.762,-7147.706,-398.878,-2.192,0.998914,0.038182,0.026712,-0.039614,0.997682,0.055334,-0.024537,-0.056332,0.998111,0,0.87242,0.55207,52.345,1.104,-1,375.000,-1,375.000,-1,300.000,300.000,275.000,325.000,-1,-1,-1,-1,675.000,700.000,-1,-1,2,0,2,0,2,0,0,0,0,2,2,2,2,0,0,2,2
30,2809.097,-7148.700,-399.849,-1.088,0.999521,0.018951,0.024454,-0.020273,0.998280,0.055013,-0.023369,-0.055482,0.998186,0,0.87242,0.55207,52.345,1.104,-1,375.000,-1,375.000,-1,300.000,300.000,275.000,325.000,-1,-1,875.000,-1,675.000,700.000,-1,-1,2,0,2,0,2,0,0,0,0,2,2,0,2,0,0,2,2
31,2861.442,-7148.686,-400.835,0.017,0.999756,-0.000289,0.022066,-0.000911,0.998519,0.054390,-0.022049,-0.054396,0.998276,0,0.87242,0.55207,52.345,1.104,-1,375.000,-1,375.000,-1,300.000,300.000,275.000,325.000,-1,925.000,725.000,-1,675.000,675.000,-1,-1,2,0,2,0,2,0,0,0,0,2,0,0,2,0,0,2,2
32,2913.776,-7147.663,-401.864,1.121,0.999616,-0.019532,0.019670,0.018453,0.998393,0.053590,-0.020685,-0.053206,0.998369,0,0.87242,0.55207,52.345,1.104,-1,375.000,-1,375.000,-1,300.000,325.000,275.000,325.000,-1,775.000,625.000,-1,675.000,675.000,-1,-1,2,0,2,0,2,0,0,0,0,2,0,0,2,0,0,2,2
33,2966.082,-7145.632,-402.925,2.225,0.999098,-0.038769,0.017316,0.037812,0.997901,0.052573,-0.019318,-0.051870,0.998467,0,0.87242,0.55207,52.345,1.104,-1,375.000,-1,375.000,-1,325.000,325.000,275.000,325.000,-1,675.000,550.000,-1,675.000,675.000,-1,-1,2,0,2,0,2,0,0,0,0,2,0,0,2,0,0,2,2
34,3018.338,-7142.594,-403.998,3.329,0.998203,-0.057996,0.015073,0.057154,0.997047,0.051286,-0.018003,-0.050332,0.998570,0,0.87242,0.55207,52.345,1.104,-1,375.000,-1,375.000,-1,325.000,325.000,275.000,325.000,-1,600.000,500.000,-1,675.000,675.000,-1,-1,2,0,2,0,2,0,0,0,0,2,0,0,2,0,0,2,2
35,3070.526,-7138.549,-405.119,4.433,0.996933,-0.077204,0.012830,0.076476,0.995823,0.049876,-0.016627,-0.048742,0.998673,0,0.87242,0.55207,52.345,1.104,-1,375.000,-1,375.000,-1,325.000,325.000,275.000,300.000,-1,550.000,475.000,-1,675.000,675.000,-1,-1,2,0,2,0,2,0,0,0,0,2,0,0,2,0,0,2,2
36,3122.626,-7133.500,-406.285,5.537,0.995288,-0.096386,0.010599,0.095769,0.994229,0.048346,-0.015197,-0.047103,0.998774,0,0.87242,0.55207,52.345,1.104,-1,375.000,-1,375.000,-1,325.000,325.000,275.000,300.000,-1,500.000,425.000,-1,675.000,675.000,-1,-1,2,0,2,0,2,0,0,0,0,2,0,0,2,0,0,2,2
37,3174.620,-7127.447,-407.493,6.641,0.993268,-0.115536,0.008390,0.115025,0.992264,0.046697,-0.013720,-0.045417,0.998874,0,0.87242,0.55207,52.345,1.104,-1,375.000,-1,375.000,-1,325.000,325.000,275.000,300.000,-1,450.000,375.000,-1,675.000,675.000,-1,-1,2,0,2,0,2,0,0,0,0,2,0,0,2,0,0,2,2
38,3226.487,-7120.393,-408.740,7.746,0.990874,-0.134645,0.006216,0.134235,0.989930,0.044932,-0.012203,-0.043688,0.998971,0,0.87242,0.55207,52.345,1.104,-1,375.000,-1,375.000,-1,325.000,300.000,275.000,300.000,-1,400.000,350.000,-1,700.000,675.000,-1,-1,2,0,2,0,2,0,0,0,0,2,0,0,2,0,0,2,2
39,3278.209,-7112.340,-409.442,8.850,0.988109,-0.153693,0.004271,0.153346,0.987136,0.045257,-0.011171,-0.044064,0.998966,0,0.87242,0.55207,52.345,1.104,-1,375.000,-1,375.000,-1,325.000,325.000,275.000,300.000,-1,400.000,350.000,-1,700.000,675.000,-1,-1,2,0,2,0,2,0,0,0,0,2,0,0,2,0,0,2,2
40,3325.003,-7103.926,-409.824,10.194,0.984244,-0.176800,0.002223,0.176514,0.983225,0.045947,-0.010309,-0.044831,0.998941,0,0.79242,0.67207,47.545,1.344,-1,375.000,-1,375.000,-1,325.000,325.000,275.000,300.000,-1,400.000,375.000,-1,700.000,700.000,-1,-1,2,0,2,0,2,0,0,0,0,2,0,0,2,0,0,2,2
41,3366.848,-7095.201,-409.993,11.778,0.978988,-0.203918,0.000605,0.203679,0.977979,0.045508,-0.009872,-0.044429,0.998964,0,0.71242,0.79207,42.745,1.584,-1,375.000,-1,375.000,-1,325.000,325.000,275.000,300.000,-1,400.000,400.000,-1,700.000,700.000,-1,-1,2,0,2,0,2,0,0,0,0,2,0,0,2,0,0,2,2
42,3408.497,-7085.124,-410.185,13.602,0.972006,-0.234953,-0.001056,0.234764,0.971025,0.044683,-0.009473,-0.043680,0.999001,0,0.71419,0.91207,42.851,1.824,-1,375.000,-1,375.000,-1,325.000,325.000,275.000,300.000,-1,425.000,400.000,-1,700.000,700.000,-1,-1,2,0,2,0,2,0,0,0,0,2,0,0,2,0,0,2,2
43,3450.009,-7073.532,-410.454,15.602,0.963218,-0.268709,-0.002626,0.268564,0.962272,0.043649,-0.009202,-0.042749,0.999043,0,0.71834,1.00000,43.100,2.000,-1,375.000,-1,375.000,-1,325.000,325.000,275.000,300.000,-1,425.000,425.000,-1,700.000,700.000,-1,-1,2,0,2,0,2,0,0,0,0,2,0,0,2,0,0,2,2
44,3491.341,-7060.420,-410.808,17.602,0.953254,-0.302142,-0.004077,0.302037,0.952351,0.042443,-0.008941,-0.041691,0.999091,0,0.72271,1.00000,43.363,2.000,-1,375.000,-1,400.000,-1,325.000,325.000,275.000,300.000,-1,425.000,425.000,-1,700.000,700.000,-1,-1,2,0,2,0,2,0,0,0,0,2,0,0,2,0,0,2,2
45,3532.448,-7045.781,-411.249,19.602,0.942128,-0.335210,-0.005392,0.335141,0.941272,0.041075,-0.008693,-0.040505,0.999142,0,0.72728,1.00000,43.637,2.000,-1,375.000,-1,400.000,-1,325.000,325.000,275.000,300.000,-1,450.000,450.000,-1,700.000,725.000,-1,-1,2,0,2,0,2,0,0,0,0,2,0,0,2,0,0,2,2
46,3573.286,-7029.611,-411.778,21.602,0.929852,-0.367875,-0.006553,0.367836,0.929049,0.039555,-0.008463,-0.039191,0.999196,0,0.73205,1.00000,43.923,2.000,-1,375.000,-1,400.000,-1,325.000,325.000,275.000,300.000,-1,450.000,450.000,-1,700.000,725.000,-1,-1,2,0,2,0,2,0,0,0,0,2,0,0,2,0,0,2,2
47,3613.808,-7011.907,-412.396,23.602,0.916442,-0.400097,-0.007545,0.400083,0.915695,0.037896,-0.008254,-0.037748,0.999253,0,0.73702,1.00000,44.221,2.000,-1,375.000,-1,400.000,-1,325.000,325.000,275.000,300.000,-1,475.000,475.000,-1,700.000,725.000,1000.000,-1,2,0,2,0,2,0,0,0,0,2,0,0,2,0,0,1,2
48,3653.967,-6992.665,-413.103,25.602,0.901914,-0.431836,-0.008352,0.431841,0.901227,0.036112,-0.008068,-0.036176,0.999313,0,0.74217,1.00000,44.530,2.000,1000.000,375.000,-1,400.000,-1,325.000,325.000,275.000,300.000,-1,475.000,500.000,-1,725.000,725.000,975.000,-1,1,0,2,0,2,0,0,0,0,2,0,0,2,0,0,1,2
49,3693.713,-6971.885,-413.834,27.602,0.886286,-0.463057,-0.008650,0.463067,0.885668,0.034080,-0.008120,-0.034210,0.999382,0,0.74752,1.00000,44.851,2.000,1000.000,375.000,-1,400.000,-1,325.000,325.000,275.000,300.000,-1,500.000,475.000,-1,725.000,725.000,925.000,-1,1,0,2,0,2,0,0,0,0,2,0,0,2,1,0,1,2
50,3732.998,-6949.568,-414.640,29.602,0.869578,-0.493720,-0.008653,0.493726,0.869030,0.031945,-0.008252,-0.032050,0.999452,0,0.75304,1.00000,45.182,2.000,1000.000,375.000,-1,400.000,-1,325.000,325.000,300.000,275.000,-1,500.000,450.000,-1,700.000,725.000,900.000,-1,1,0,2,0,2,0,0,0,0,2,0,0,2,1,0,1,2
51,3771.771,-6925.713,-415.384,31.602,0.851815,-0.523778,-0.008276,0.523768,0.851319,0.030379,-0.008866,-0.030213,0.999504,0,0.75873,1.00000,45.524,2.000,975.000,375.000,-1,400.000,-1,325.000,325.000,300.000,275.000,-1,500.000,450.000,-1,675.000,700.000,875.000,-1,1,0,2,0,2,0,0,0,0,2,0,0,2,1,0,1,2
52,3809.981,-6900.325,-415.993,33.602,0.833021,-0.553190,-0.007548,0.553148,0.832552,0.029754,-0.010175,-0.028961,0.999529,0,0.76458,1.00000,45.875,2.000,975.000,375.000,-1,375.000,-1,325.000,325.000,300.000,275.000,-1,550.000,500.000,-1,650.000,700.000,825.000,-1,1,0,2,0,2,0,0,0,0,2,0,0,2,1,0,1,2
53,3847.574,-6873.410,-416.654,35.602,0.813210,-0.581930,-0.006807,0.581859,0.812769,0.029095,-0.011399,-0.027621,0.999553,0,0.77059,1.00000,46.235,2.000,975.000,375.000,-1,375.000,-1,325.000,325.000,300.000,275.000,-1,575.000,525.000,-1,625.000,700.000,800.000,-1,1,0,2,0,2,0,0,0,0,2,0,0,2,1,0,1,2
54,3884.497,-6844.973,-416.864,37.602,0.792408,-0.609934,-0.008371,0.609891,0.791956,0.028965,-0.011037,-0.028057,0.999545,0,0.77674,1.00000,46.604,2.000,975.000,375.000,-1,375.000,-1,325.000,325.000,300.000,275.000,-1,575.000,550.000,-1,625.000,700.000,775.000,-1,1,0,2,0,2,0,0,0,0,2,0,0,2,1,0,1,2
55,3920.694,-6815.025,-417.112,39.602,0.770638,-0.637194,-0.010017,0.637185,0.770178,0.028640,-0.010534,-0.028453,0.999540,0,0.78301,1.00000,46.981,2.000,950.000,375.000,-1,375.000,-1,325.000,325.000,300.000,300.000,-1,575.000,550.000,-1,600.000,700.000,750.000,-1,1,0,2,0,2,0,0,0,0,2,0,0,2,1,0,1,2
56,3956.112,-6783.578,-417.442,41.602,0.747927,-0.663681,-0.011522,0.663705,0.747467,0.028070,-0.010017,-0.028641,0.999540,0,0.78940,1.00000,47.364,2.000,925.000,375.000,975.000,375.000,-1,325.000,325.000,300.000,300.000,-1,575.000,550.000,-1,575.000,725.000,750.000,-1,1,1,1,0,2,0,0,0,0,2,0,0,2,1,0,1,2
57,3990.691,-6750.646,-417.856,43.602,0.724301,-0.689363,-0.012865,0.689418,0.723850,0.027262,-0.009481,-0.028615,0.999546,0,0.79588,1.00000,47.753,2.000,875.000,375.000,925.000,375.000,-1,325.000,325.000,300.000,300.000,-1,575.000,550.000,-1,550.000,725.000,725.000,-1,1,1,1,0,2,0,0,0,0,2,0,0,2,1,0,1,2
58,4024.376,-6716.246,-418.354,45.602,0.699790,-0.714210,-0.014023,0.714292,0.699356,0.026226,-0.008924,-0.028369,0.999558,0,0.80244,1.00000,48.146,2.000,850.000,375.000,850.000,375.000,-1,325.000,325.000,275.000,300.000,-1,575.000,575.000,-1,550.000,725.000,700.000,-1,1,1,1,0,2,1,0,0,0,2,0,0,2,1,1,1,2
59,4057.108,-6680.398,-418.809,47.602,0.674427,-0.738203,-0.014316,0.738290,0.674023,0.024930,-0.008754,-0.027382,0.999587,0,0.80905,1.00000,48.543,2.000,800.000,350.000,800.000,400.000,-1,300.000,325.000,300.000,300.000,-1,575.000,575.000,-1,525.000,650.000,700.000,-1,1,1,1,0,2,1,0,0,0,2,0,0,2,1,1,1,2
60,4088.826,-6643.127,-419.219,49.602,0.648229,-0.761312,-0.014285,0.761403,0.647879,0.022768,-0.008079,-0.025635,0.999639,0,0.81568,1.00000,48.941,2.000,775.000,350.000,750.000,400.000,-1,300.000,325.000,300.000,300.000,-1,600.000,575.000,-1,500.000,600.000,675.000,925.000,1,1,1,0,2,1,1,0,0,2,0,0,2,1,1,1,1
61,4119.472,-6604.461,-419.367,51.602,0.621215,-0.783522,-0.013584,0.783616,0.620966,0.018640,-0.006170,-0.022225,0.999734,0,0.82231,1.00000,49.338,2.000,750.000,325.000,700.000,375.000,-1,300.000,300.000,300.000,300.000,-1,575.000,550.000,-1,500.000,550.000,675.000,800.000,1,1,1,1,2,1,1,0,0,2,0,0,2,1,1,1,1
62,4148.984,-6564.431,-419.597,53.602,0.593447,-0.804776,-0.012484,0.804863,0.593287,0.014371,-0.004159,-0.018576,0.999819,0,0.82889,1.00000,49.733,2.000,725.000,325.000,675.000,350.000,-1,275.000,275.000,300.000,300.000,-1,575.000,475.000,-1,475.000,500.000,700.000,675.000,1,1,1,1,2,1,1,0,0,2,0,0,2,1,1,1,1
63,4177.306,-6523.077,-419.911,55.595,0.565056,-0.824979,-0.010971,0.825050,0.564972,0.009987,-0.002041,-0.014695,0.999890,0,0.83538,0.99667,50.123,1.993,675.000,325.000,625.000,325.000,-1,275.000,275.000,300.000,300.000,-1,550.000,425.000,-1,475.000,450.000,675.000,550.000,1,1,1,1,2,1,1,0,0,2,0,0,2,1,1,1,1
64,4204.383,-6480.446,-420.251,57.579,0.536142,-0.844078,-0.009125,0.844128,0.536111,0.005772,0.000020,-0.010798,0.999942,0,0.84172,0.99157,50.503,1.983,650.000,300.000,600.000,300.000,700.000,250.000,250.000,300.000,275.000,-1,500.000,400.000,-1,450.000,400.000,650.000,475.000,1,1,1,1,1,1,1,0,0,2,0,0,2,1,1,1,1
65,4230.164,-6436.591,-420.168,59.550,0.506779,-0.862041,-0.007716,0.862075,0.506766,0.003701,0.000720,-0.008527,0.999963,0,0.84786,0.98576,50.872,1.972,625.000,300.000,550.000,275.000,525.000,250.000,225.000,300.000,275.000,-1,500.000,400.000,-1,450.000,375.000,625.000,400.000,1,1,1,1,1,1,1,0,0,2,0,0,2,1,1,1,1
66,4254.599,-6391.571,-419.497,61.508,0.477007,-0.878855,-0.008811,0.878895,0.477012,0.001645,0.002757,-0.008528,0.999960,0,0.85372,0.97917,51.223,1.958,600.000,300.000,525.000,250.000,375.000,225.000,225.000,300.000,300.000,-1,500.000,400.000,-1,450.000,325.000,600.000,325.000,1,1,1,1,1,1,1,0,0,2,0,0,2,1,1,1,1
67,4277.640,-6345.454,-415.587,63.452,0.446629,-0.894368,-0.025084,0.894598,0.446854,-0.003915,0.014710,-0.020691,0.999678,0,0.85921,0.97172,51.553,1.943,575.000,300.000,525.000,250.000,350.000,225.000,225.000,300.000,325.000,-1,400.000,375.000,-1,450.000,325.000,575.000,300.000,1,1,1,1,1,1,1,0,0,2,0,0,2,1,1,1,1
68,4299.240,-6298.313,-411.451,65.379,0.415616,-0.908561,-0.042190,0.909122,0.416384,-0.011027,0.027586,-0.033773,0.999049,0,0.86422,0.96333,51.853,1.927,575.000,300.000,550.000,250.000,325.000,250.000,225.000,275.000,350.000,-1,275.000,325.000,-1,450.000,325.000,575.000,275.000,1,1,1,1,1,1,1,0,0,2,0,0,2,1,1,1,1
69,4319.361,-6250.235,-407.135,67.286,0.383985,-0.921400,-0.059820,0.922418,0.385689,-0.019709,0.041232,-0.047611,0.998015,0,0.86862,0.95389,52.117,1.908,550.000,325.000,600.000,225.000,300.000,250.000,225.000,275.000,400.000,-1,200.000,275.000,-1,450.000,325.000,550.000,250.000,1,1,1,1,1,1,1,0,0,2,0,0,2,1,1,1,1
70,4337.963,-6201.316,-402.684,69.173,0.351776,-0.932857,-0.077659,0.934439,0.354864,-0.029935,0.055484,-0.062037,0.996530,0,0.87225,0.94331,52.335,1.887,550.000,325.000,675.000,225.000,275.000,250.000,225.000,275.000,450.000,775.000,150.000,225.000,-1,450.000,325.000,550.000,250.000,1,1,1,1,1,1,1,0,0,0,0,0,2,1,1,1,1
71,4355.015,-6151.666,-398.146,71.036,0.319055,-0.942923,-0.095394,0.945135,0.324016,-0.041634,0.070167,-0.076877,0.994569,0,0.87492,0.93144,52.495,1.863,525.000,325.000,775.000,225.000,250.000,250.000,225.000,250.000,500.000,600.000,100.000,200.000,-1,475.000,325.000,525.000,225.000,1,1,1,1,1,1,1,0,0,0,0,0,2,1,1,1,1
72,4372.083,-6096.970,-393.228,72.659,0.289231,-0.950399,-0.114398,0.953356,0.296769,-0.055140,0.086355,-0.093114,0.991904,0,0.95492,0.81144,57.295,1.623,525.000,325.000,-1,250.000,225.000,275.000,225.000,250.000,550.000,475.000,75.000,175.000,-1,475.000,325.000,525.000,225.000,1,1,2,1,1,1,1,0,0,0,0,0,2,1,1,1,1
73,4388.568,-6039.275,-388.064,74.042,0.262397,-0.955591,-0.134143,0.959393,0.273261,-0.069955,0.103505,-0.110339,0.988490,0,1.00000,0.69144,60.000,1.383,500.000,325.000,-1,250.000,200.000,275.000,225.000,225.000,600.000,375.000,75.000,175.000,-1,475.000,350.000,500.000,200.000,1,1,2,1,1,1,1,0,1,0,0,0,2,1,1,1,1
74,4403.896,-5981.262,-382.731,75.184,0.238857,-0.958876,-0.153313,0.963554,0.253625,-0.085073,0.120459,-0.127405,0.984509,0,1.00000,0.57144,60.000,1.143,475.000,325.000,-1,250.000,200.000,275.000,225.000,225.000,600.000,325.000,50.000,150.000,-1,475.000,400.000,475.000,200.000,1,1,2,1,1,1,1,0,1,0,0,0,2,1,1,1,1
75,5575.426,-4263.572,-253.989,-157.953,-0.925166,0.374803,0.059921,-0.377178,-0.925493,-0.034631,0.042477,-0.054640,0.997602,1,0.00000,0.00000,60.000,0.903,575.000,275.000,-1,250.000,-1,225.000,225.000,375.000,475.000,600.000,75.000,100.000,-1,400.000,-1,450.000,-1,1,1,2,1,2,1,1,0,1,0,0,0,2,1,2,1,2
76,4639.010,8542.312,68.112,24.322,0.899214,-0.411670,0.148129,0.411448,0.910814,0.033587,-0.148745,0.030745,0.988398,1,0.08000,0.12000,4.800,0.240,550.000,525.000,-1,875.000,-1,625.000,825.000,250.000,150.000,-1,-1,-1,-1,750.000,-1,750.000,-1,1,1,2,1,2,1,1,1,1,2,2,2,2,1,2,1,2
77,4919.481,-1639.839,-199.631,128.122,-0.616983,-0.785926,-0.040642,0.786919,-0.616740,-0.019768,-0.009529,-0.044178,0.998978,1,0.00000,0.00000,9.600,0.480,400.000,400.000,-1,400.000,-1,325.000,325.000,300.000,300.000,-1,-1,-1,-1,550.000,800.000,475.000,-1,1,0,2,0,2,0,0,0,0,2,2,2,2,1,0,1,2
78,4922.460,-1643.602,-199.584,128.362,-0.620275,-0.783337,-0.040534,0.784327,-0.620027,-0.019936,-0.009515,-0.044158,0.998979,0,-0.08000,0.12000,-4.800,0.240,400.000,400.000,-1,400.000,-1,325.000,325.000,300.000,300.000,-1,-1,-1,-1,550.000,800.000,475.000,-1,1,0,2,0,2,0,0,0,0,2,2,2,2,1,0,1,2
79,4928.481,-1651.080,-199.486,128.842,-0.626825,-0.778116,-0.040312,0.779102,-0.626569,-0.020272,-0.009485,-0.044114,0.998981,0,-0.16000,0.24000,-9.600,0.480,425.000,400.000,-1,400.000,-1,325.000,325.000,300.000,300.000,-1,-1,-1,-1,550.000,800.000,475.000,-1,1,0,2,0,2,0,0,0,0,2,2,2,2,1,0,1,2
80,4937.653,-1662.181,-199.345,129.562,-0.636570,-0.770182,-0.039980,0.771162,-0.636298,-0.020848,-0.009383,-0.044102,0.998983,0,-0.24000,0.36000,-14.400,0.720,425.000,400.000,-1,400.000,-1,325.000,325.000,300.000,300.000,-1,-1,-1,-1,550.000,800.000,475.000,-1,1,0,2,0,2,0,0,0,0,2,2,2,2,1,0,1,2
81,4950.128,-1676.776,-199.134,130.522,-0.649407,-0.759414,-0.039508,0.760385,-0.649113,-0.021619,-0.009227,-0.044081,0.998985,0,-0.32000,0.48000,-19.200,0.960,425.000,400.000,-1,400.000,-1,325.000,325.000,300.000,300.000,-1,-1,-1,-1,575.000,800.000,500.000,-1,1,0,2,0,2,0,0,0,0,2,2,2,2,1,0,1,2
82,4962.895,-1691.094,-198.893,131.722,-0.665189,-0.745656,-0.039003,0.746618,-0.664877,-0.022363,-0.009257,-0.043996,0.998989,0,-0.31971,0.60000,-19.183,1.200,450.000,400.000,-1,400.000,-1,325.000,325.000,300.000,300.000,-1,-1,-1,-1,575.000,800.000,500.000,-1,1,0,2,0,2,0,0,0,0,2,2,2,2,1,0,1,2
83,4975.888,-1704.949,-198.679,133.162,-0.683724,-0.728709,-0.038784,0.729676,-0.683403,-0.023091,-0.009679,-0.044087,0.998981,0,-0.31656,0.72000,-18.994,1.440,450.000,400.000,-1,400.000,-1,325.000,325.000,300.000,300.000,-1,-1,-1,-1,575.000,800.000,525.000,-1,1,0,2,0,2,0,0,0,0,2,2,2,2,1,0,1,2
84,4989.113,-1718.299,-198.496,134.730,-0.703400,-0.709732,-0.038847,0.710718,-0.703073,-0.023820,-0.010406,-0.044365,0.998961,0,-0.31319,0.78381,-18.792,1.568,475.000,400.000,-1,400.000,-1,325.000,325.000,300.000,300.000,-1,-1,-1,-1,575.000,800.000,525.000,-1,1,0,2,0,2,0,0,0,0,2,2,2,2,1,0,1,2
85,5002.555,-1731.159,-198.290,136.269,-0.722210,-0.690580,-0.038878,0.691584,-0.721879,-0.024532,-0.011124,-0.044605,0.998943,0,-0.31005,0.76973,-18.603,1.539,475.000,400.000,-1,400.000,-1,325.000,325.000,300.000,300.000,-1,-1,-1,-1,575.000,800.000,525.000,-1,1,0,2,0,2,0,0,0,0,2,2,2,2,1,0,1,2
86,5016.223,-1743.560,-198.063,137.782,-0.740183,-0.671280,-0.038879,0.672301,-0.739848,-0.025224,-0.011832,-0.044809,0.998925,0,-0.30758,0.75622,-18.455,1.512,500.000,400.000,-1,400.000,-1,325.000,325.000,300.000,300.000,-1,-1,-1,-1,575.000,825.000,550.000,-1,1,0,2,0,2,0,0,0,0,2,2,2,2,1,0,1,2
87,5030.125,-1755.531,-197.815,139.268,-0.757347,-0.651856,-0.038853,0.652893,-0.757008,-0.025899,-0.012530,-0.044981,0.998909,0,-0.30576,0.74327,-18.346,1.487,500.000,400.000,-1,400.000,-1,325.000,325.000,300.000,300.000,-1,-1,-1,-1,575.000,825.000,550.000,-1,1,0,2,0,2,0,0,0,0,2,2,2,2,1,0,1,2
88,5044.272,-1767.098,-197.546,140.730,-0.773727,-0.632329,-0.038802,0.633381,-0.773384,-0.026555,-0.013218,-0.045122,0.998894,0,-0.30455,0.73085,-18.273,1.462,525.000,400.000,1000.000,400.000,-1,325.000,325.000,300.000,300.000,-1,-1,-1,-1,575.000,825.000,550.000,-1,1,0,1,0,2,0,0,0,0,2,2,2,2,1,0,1,2
89,5058.674,-1778.283,-197.259,142.168,-0.789350,-0.612721,-0.038728,0.613786,-0.789004,-0.027192,-0.013895,-0.045235,0.998880,0,-0.30392,0.71894,-18.235,1.438,550.000,400.000,975.000,400.000,-1,325.000,325.000,300.000,300.000,-1,-1,-1,-1,600.000,825.000,575.000,-1,1,0,1,0,2,0,0,0,0,2,2,2,2,1,0,1,2
90,5073.345,-1789.106,-196.951,143.583,-0.804241,-0.593047,-0.038633,0.594125,-0.803892,-0.027812,-0.014563,-0.045320,0.998866,0,-0.30384,0.70754,-18.230,1.415,575.000,400.000,975.000,400.000,-1,325.000,325.000,300.000,300.000,-1,-1,-1,-1,600.000,825.000,575.000,-1,1,0,1,0,2,0,0,0,0,2,2,2,2,1,0,1,2
91,5088.295,-1799.584,-196.625,144.976,-0.818423,-0.573323,-0.038519,0.574414,-0.818072,-0.028413,-0.015221,-0.045380,0.998854,0,-0.30427,0.69663,-18.256,1.393,600.000,400.000,975.000,400.000,-1,325.000,325.000,300.000,300.000,-1,-1,-1,-1,600.000,825.000,600.000,-1,1,0,1,0,2,0,0,0,0,2,2,2,2,1,0,1,2
92,5103.539,-1809.731,-196.281,146.349,-0.831921,-0.553565,-0.038388,0.554667,-0.831567,-0.028997,-0.015871,-0.045415,0.998842,0,-0.30520,0.68619,-18.312,1.372,625.000,400.000,950.000,400.000,-1,325.000,325.000,300.000,325.000,-1,-1,-1,-1,600.000,825.000,625.000,-1,1,0,1,0,2,0,0,0,0,2,2,2,2,1,0,1,2
93,5119.088,-1819.561,-195.917,147.701,-0.844756,-0.533784,-0.038241,0.534897,-0.844400,-0.029562,-0.016511,-0.045428,0.998831,0,-0.30659,0.67622,-18.396,1.352,650.000,400.000,950.000,400.000,-1,325.000,325.000,300.000,325.000,-1,-1,-1,-1,625.000,825.000,625.000,-1,1,0,1,0,2,0,0,0,0,2,2,2,2,1,0,1,2
94,5134.957,-1829.083,-195.535,149.035,-0.856950,-0.513990,-0.038081,0.515114,-0.856593,-0.030109,-0.017144,-0.045418,0.998821,0,-0.30843,0.66669,-18.506,1.333,675.000,400.000,950.000,400.000,-1,325.000,325.000,300.000,325.000,-1,-1,-1,-1,625.000,825.000,650.000,-1,1,0,1,0,2,0,0,0,0,2,2,2,2,1,0,1,2
95,5151.158,-1838.305,-195.134,150.350,-0.868525,-0.494194,-0.037909,0.495327,-0.868166,-0.030639,-0.017770,-0.045388,0.998811,0,-0.31069,0.65761,-18.642,1.315,700.000,400.000,950.000,400.000,-1,325.000,325.000,300.000,325.000,-1,-1,-1,-1,650.000,825.000,675.000,-1,1,0,1,0,2,0,0,0,0,2,2,2,2,1,0,1,2
96,5167.704,-1847.234,-194.715,151.648,-0.879498,-0.474404,-0.037726,0.475546,-0.879139,-0.031150,-0.018388,-0.045337,0.998803,0,-0.31335,0.64895,-18.801,1.298,725.000,400.000,975.000,400.000,-1,325.000,325.000,300.000,325.000,-1,-1,-1,-1,650.000,825.000,700.000,-1,1,0,1,0,2,0,0,0,0,2,2,2,2,1,0,1,2
97,5182.238,-1854.580,-194.319,153.186,-0.891913,-0.450641,-0.037593,0.451796,-0.891560,-0.031636,-0.019260,-0.045201,0.998792,0,-0.27142,0.76895,-16.285,1.538,775.000,400.000,975.000,400.000,-1,325.000,325.000,300.000,325.000,-1,-1,-1,-1,650.000,825.000,725.000,-1,1,0,1,0,2,0,0,0,0,2,2,2,2,1,0,1,2
98,5197.127,-1861.535,-193.881,154.963,-0.905462,-0.422767,-0.037497,0.423939,-0.905119,-0.032163,-0.020342,-0.045018,0.998779,0,-0.27387,0.88895,-16.432,1.778,825.000,400.000,950.000,400.000,-1,325.000,325.000,300.000,325.000,-1,-1,-1,-1,675.000,825.000,750.000,-1,1,0,1,0,2,0,0,0,0,2,2,2,2,1,0,1,2
99,5212.371,-1868.077,-193.418,156.770,-0.918340,-0.394023,-0.037382,0.395211,-0.918009,-0.032683,-0.021439,-0.044788,0.998766,0,-0.27646,0.90342,-16.588,1.807,925.000,400.000,950.000,400.000,-1,325.000,325.000,300.000,325.000,-1,-1,-1,-1,675.000,825.000,775.000,-1,1,0,1,0,2,0,0,0,0,2,2,2,2,1,0,1,2
100,5227.977,-1874.206,-192.931,158.560,-0.930198,-0.365163,-0.037249,0.366367,-0.929878,-0.033190,-0.022517,-0.044520,0.998755,0,-0.27943,0.89488,-16.766,1.790,-1,400.000,950.000,400.000,-1,325.000,325.000,300.000,325.000,-1,-1,-1,-1,700.000,825.000,800.000,-1,2,0,1,0,2,0,0,0,0,2,2,2,2,1,0,1,2
101,5243.955,-1879.917,-192.420,160.334,-0.941055,-0.336213,-0.037098,0.337431,-0.940748,-0.033683,-0.023575,-0.044215,0.998744,0,-0.28280,0.88681,-16.968,1.774,-1,400.000,950.000,400.000,-1,325.000,325.000,300.000,325.000,-1,-1,-1,-1,700.000,825.000,850.000,-1,2,0,1,0,2,0,0,0,0,2,2,2,2,1,0,1,2
102,5260.316,-1885.203,-191.885,162.092,-0.950931,-0.307191,-0.036932,0.308423,-0.950636,-0.034160,-0.024615,-0.043874,0.998734,0,-0.28655,0.87923,-17.193,1.758,-1,400.000,975.000,400.000,-1,325.000,325.000,300.000,325.000,-1,-1,-1,-1,725.000,825.000,875.000,-1,2,0,1,0,2,0,0,0,0,2,2,2,2,1,0,1,2
103,5277.066,-1890.058,-191.325,163.836,-0.959843,-0.278118,-0.036752,0.279362,-0.959561,-0.034621,-0.025637,-0.043497,0.998725,0,-0.29065,0.87211,-17.439,1.744,-1,400.000,975.000,400.000,-1,325.000,325.000,300.000,325.000,-1,-1,-1,-1,725.000,825.000,925.000,-1,2,0,1,0,2,0,0,0,0,2,2,2,2,1,0,1,2
104,5294.213,-1894.471,-190.740,165.567,-0.967810,-0.249012,-0.036560,0.250267,-0.967542,-0.035064,-0.026642,-0.043085,0.998716,0,-0.29508,0.86546,-17.705,1.731,-1,400.000,975.000,400.000,-1,325.000,325.000,300.000,325.000,-1,-1,975.000,-1,750.000,825.000,1000.000,-1,2,0,1,0,2,0,0,0,0,2,2,0,2,1,0,1,2
105,5311.761,-1898.430,-190.145,167.286,-0.974845,-0.219887,-0.036423,0.221157,-0.974590,-0.035542,-0.027682,-0.042703,0.998704,0,-0.29982,0.85928,-17.989,1.719,-1,400.000,975.000,400.000,-1,325.000,325.000,300.000,325.000,-1,975.000,950.000,-1,750.000,825.000,-1,-1,2,0,1,0,2,0,0,0,0,2,0,0,2,1,0,2,2
106,5329.716,-1901.922,-189.507,168.993,-0.980963,-0.190760,-0.036350,0.192045,-0.980729,-0.035916,-0.028798,-0.042213,0.998694,0,-0.30485,0.85355,-18.291,1.707,-1,400.000,1000.000,400.000,-1,325.000,325.000,300.000,325.000,-1,950.000,925.000,-1,775.000,825.000,-1,-1,2,0,1,0,2,0,0,0,0,2,0,0,2,1,0,2,2
107,5348.080,-1904.933,-188.825,170.690,-0.986181,-0.161644,-0.036297,0.162942,-0.985971,-0.036201,-0.029936,-0.041615,0.998685,0,-0.31014,0.84829,-18.608,1.697,-1,400.000,-1,400.000,-1,325.000,325.000,300.000,325.000,-1,925.000,900.000,-1,775.000,825.000,-1,-1,2,0,2,0,2,0,0,0,0,2,0,0,2,0,0,2,2
108,5366.852,-1907.445,-188.114,172.376,-0.990514,-0.132552,-0.036233,0.133861,-0.990329,-0.036465,-0.031049,-0.040969,0.998678,0,-0.31567,0.84349,-18.940,1.687,-1,400.000,-1,400.000,-1,325.000,325.000,300.000,325.000,-1,900.000,875.000,-1,775.000,825.000,-1,-1,2,0,2,0,2,0,0,0,0,2,0,0,2,0,0,2,2
109,5386.034,-1909.442,-187.374,174.055,-0.993973,-0.103493,-0.036161,0.104812,-0.993814,-0.036707,-0.032138,-0.040276,0.998672,0,-0.32142,0.83914,-19.285,1.678,-1,400.000,-1,400.000,-1,325.000,325.000,300.000,325.000,-1,875.000,875.000,-1,775.000,825.000,-1,-1,2,0,2,0,2,0,0,0,0,2,0,0,2,0,0,2,2
110,5405.622,-1910.906,-186.625,175.725,-0.996567,-0.074480,-0.036141,0.075807,-0.996442,-0.036841,-0.033269,-0.039454,0.998667,0,-0.32737,0.83525,-19.642,1.671,-1,400.000,-1,400.000,-1,325.000,325.000,300.000,325.000,-1,850.000,850.000,-1,775.000,825.000,-1,-1,2,0,2,0,2,0,0,0,0,2,0,0,2,0,0,2,2
111,5425.611,-1911.817,-185.911,177.389,-0.998304,-0.045523,-0.036299,0.046854,-0.998227,-0.036712,-0.034563,-0.038350,0.998666,0,-0.33349,0.83181,-20.010,1.664,-1,400.000,-1,400.000,-1,325.000,325.000,300.000,325.000,-1,850.000,850.000,-1,775.000,800.000,-1,-1,2,0,2,0,2,0,0,0,0,2,0,0,2,0,0,2,2
112,5445.995,-1912.156,-185.161,179.047,-0.999197,-0.016628,-0.036459,0.017963,-0.999169,-0.036591,-0.035820,-0.037217,0.998665,0,-0.33978,0.82883,-20.387,1.658,-1,400.000,-1,400.000,-1,325.000,325.000,325.000,325.000,-1,825.000,825.000,-1,775.000,800.000,-1,-1,2,0,2,0,2,0,0,0,0,2,0,0,2,0,0,2,2
113,5466.766,-1911.902,-184.376,180.699,-0.999255,0.012194,-0.036621,-0.010858,-0.999275,-0.036480,-0.037039,-0.036055,0.998663,0,-0.34620,0.82629,-20.772,1.653,-1,400.000,-1,400.000,-1,325.000,325.000,325.000,325.000,-1,825.000,825.000,-1,750.000,800.000,-1,-1,2,0,2,0,2,0,0,0,0,2,0,0,2,0,0,2,2
114,5487.913,-1911.035,-183.557,182.348,-0.998484,0.040936,-0.036783,-0.039599,-0.998553,-0.036378,-0.038219,-0.034867,0.998661,0,-0.35274,0.82420,-21.165,1.648,-1,400.000,-1,400.000,-1,325.000,325.000,325.000,325.000,-1,800.000,825.000,-1,750.000,800.000,-1,-1,2,0,2,0,2,0,0,0,0,2,0,0,2,0,0,2,2
115,5509.424,-1909.533,-182.702,183.993,-0.996891,0.069589,-0.036946,-0.068252,-0.997008,-0.036286,-0.039361,-0.033652,0.998658,0,-0.35938,0.82255,-21.563,1.645,-1,400.000,-1,400.000,-1,325.000,325.000,325.000,325.000,-1,800.000,800.000,-1,750.000,800.000,-1,-1,2,0,2,0,2,0,0,0,0,2,0,0,2,0,0,2,2
116,5531.284,-1907.375,-181.842,185.635,-0.994483,0.098146,-0.037031,-0.096818,-0.994648,-0.036086,-0.040375,-0.032302,0.998662,0,-0.36610,0.82135,-21.966,1.643,-1,400.000,-1,400.000,-1,325.000,325.000,325.000,325.000,-1,775.000,800.000,-1,750.000,775.000,-1,-1,2,0,2,0,2,0,0,0,0,2,0,0,2,0,0,2,2
117,5553.477,-1904.541,-180.958,187.277,-0.991260,0.126597,-0.037095,-0.125283,-0.991473,-0.035846,-0.041316,-0.030886,0.998669,0,-0.37288,0.82058,-22.373,1.641,-1,400.000,-1,400.000,-1,325.000,325.000,325.000,325.000,-1,750.000,775.000,-1,750.000,775.000,-1,-1,2,0,2,0,2,0,0,0,0,2,0,0,2,0,0,2,2
118,5575.983,-1901.009,-180.037,188.917,-0.987225,0.154936,-0.037166,-0.153636,-0.987485,-0.035615,-0.042219,-0.029450,0.998674,0,-0.37969,0.82025,-22.782,1.640,-1,400.000,-1,400.000,-1,325.000,325.000,300.000,325.000,-1,725.000,750.000,-1,775.000,775.000,-1,-1,2,0,2,0,2,0,0,0,0,2,0,0,2,0,0,2,2
119,5602.036,-1896.112,-178.939,190.644,-0.982102,0.184629,-0.037262,-0.183345,-0.982412,-0.035374,-0.043138,-0.027909,0.998679,0,-0.44182,0.86333,-26.509,1.727,-1,400.000,-1,400.000,-1,325.000,325.000,300.000,325.000,-1,725.000,750.000,-1,775.000,775.000,-1,-1,2,0,2,0,2,0,0,0,0,2,0,0,2,0,0,2,2
120,5628.388,-1890.328,-177.800,192.380,-0.976049,0.214318,-0.037365,-0.213052,-0.976409,-0.035146,-0.044016,-0.026343,0.998683,0,-0.44965,0.86811,-26.979,1.736,-1,400.000,-1,400.000,-1,325.000,325.000,300.000,325.000,-1,700.000,725.000,-1,775.000,775.000,-1,-1,2,0,2,0,2,0,0,0,0,2,0,0,2,0,0,2,2
121,5655.007,-1883.628,-176.618,194.126,-0.969054,0.243987,-0.037475,-0.242739,-0.969462,-0.034932,-0.044854,-0.024755,0.998687,0,-0.45749,0.87326,-27.449,1.747,-1,400.000,-1,400.000,-1,325.000,325.000,300.000,325.000,-1,675.000,725.000,-1,775.000,775.000,-1,-1,2,0,2,0,2,0,0,0,0,2,0,0,2,0,0,2,2
122,5676.766,-1877.341,-175.638,196.113,-0.960003,0.277458,-0.037560,-0.276232,-0.960463,-0.034735,-0.045713,-0.022970,0.998691,0,-0.37749,0.99326,-22.649,1.987,-1,400.000,-1,400.000,-1,325.000,325.000,300.000,325.000,-1,650.000,725.000,-1,775.000,775.000,-1,-1,2,0,2,0,2,0,0,0,0,2,0,0,2,0,0,2,2
123,5693.731,-1871.792,-174.862,198.113,-0.949723,0.310821,-0.037625,-0.309619,-0.950232,-0.034562,-0.046495,-0.021174,0.998694,0,-0.29749,1.00000,-17.849,2.000,-1,400.000,-1,400.000,-1,325.000,325.000,300.000,325.000,-1,650.000,725.000,-1,775.000,775.000,-1,-1,2,0,2,0,2,0,0,0,0,2,0,0,2,0,0,2,2
124,5705.984,-1867.304,-174.300,200.113,-0.938284,0.343807,-0.037672,-0.342629,-0.938840,-0.034407,-0.047198,-0.019376,0.998698,0,-0.21749,1.00000,-13.049,2.000,-1,400.000,-1,400.000,-1,325.000,325.000,300.000,325.000,-1,650.000,725.000,-1,775.000,750.000,-1,-1,2,0,2,0,2,0,0,0,0,2,0,0,2,0,0,2,2
125,5713.627,-1864.198,-173.958,202.113,-0.925700,0.376375,-0.037704,-0.375224,-0.926301,-0.034268,-0.047822,-0.017574,0.998701,0,-0.13749,1.00000,-8.249,2.000,-1,400.000,-1,400.000,-1,325.000,325.000,300.000,325.000,-1,650.000,750.000,-1,800.000,750.000,-1,-1,2,0,2,0,2,0,0,0,0,2,0,0,2,0,0,2,2
126,5716.775,-1862.788,-173.844,204.113,-0.911985,0.408486,-0.037723,-0.407362,-0.912628,-0.034141,-0.048373,-0.015769,0.998705,0,-0.05749,1.00000,-3.449,2.000,-1,400.000,-1,400.000,-1,325.000,325.000,300.000,325.000,-1,675.000,775.000,-1,800.000,750.000,-1,-1,2,0,2,0,2,0,0,0,0,2,0,0,2,0,0,2,2
127,5715.561,-1863.383,-173.961,206.113,-0.897156,0.440099,-0.037733,-0.439004,-0.897841,-0.034027,-0.048853,-0.013963,0.998708,0,0.02251,1.00000,1.351,2.000,-1,400.000,-1,400.000,-1,325.000,325.000,300.000,325.000,-1,675.000,800.000,-1,800.000,750.000,-1,-1,2,0,2,0,2,0,0,0,0,2,0,0,2,0,0,2,2
128,5710.136,-1866.281,-174.313,208.113,-0.881231,0.471176,-0.037739,-0.470110,-0.881955,-0.033931,-0.049272,-0.012159,0.998711,0,0.10251,1.00000,6.151,2.000,-1,400.000,-1,400.000,-1,325.000,325.000,300.000,325.000,-1,725.000,825.000,-1,800.000,750.000,-1,-1,2,0,2,0,2,0,0,0,0,2,0,0,2,0,0,2,2
129,5700.663,-1871.774,-174.903,210.113,-0.864230,0.501679,-0.037745,-0.500642,-0.864992,-0.033860,-0.049636,-0.010366,0.998714,0,0.18251,1.00000,10.951,2.000,-1,400.000,-1,400.000,-1,325.000,325.000,300.000,325.000,-1,750.000,875.000,-1,800.000,750.000,-1,-1,2,0,2,0,2,0,0,0,0,2,0,0,2,0,0,2,2
130,5687.322,-1880.147,-175.731,212.113,-0.846172,0.531570,-0.037752,-0.530562,-0.846971,-0.033827,-0.049956,-0.008594,0.998714,0,0.26251,1.00000,15.751,2.000,-1,400.000,-1,400.000,-1,325.000,325.000,300.000,325.000,-1,800.000,925.000,-1,800.000,750.000,-1,-1,2,0,2,0,2,0,0,0,0,2,0,0,2,0,0,2,2
131,5670.307,-1891.672,-176.802,214.113,-0.827081,0.560813,-0.037763,-0.559831,-0.827914,-0.033871,-0.050260,-0.006873,0.998713,0,0.34251,1.00000,20.551,2.000,-1,400.000,-1,400.000,-1,325.000,325.000,300.000,300.000,-1,850.000,1000.000,-1,800.000,750.000,-1,-1,2,0,2,0,2,0,0,0,0,2,0,0,2,0,0,2,2
132,5649.827,-1906.613,-178.153,216.113,-0.806979,0.589370,-0.037783,-0.588400,-0.807845,-0.034225,-0.050694,-0.005387,0.998700,0,0.42251,1.00000,25.351,2.000,-1,400.000,-1,400.000,-1,325.000,325.000,300.000,300.000,-1,950.000,-1,-1,825.000,750.000,-1,-1,2,0,2,0,2,0,0,0,0,2,0,2,2,0,0,2,2
