timestep,x_cm,y_cm,z_cm,yaw_deg,basis_xx,basis_xy,basis_xz,basis_yx,basis_yy,basis_yz,basis_zx,basis_zy,basis_zz,teleport_flag,throttle_cmd,steering_cmd,cmd_move_cm,cmd_turn_deg,lidar_cm_0,lidar_cm_1,lidar_cm_2,lidar_cm_3,lidar_cm_4,lidar_cm_5,lidar_cm_6,lidar_cm_7,lidar_cm_8,lidar_cm_9,lidar_cm_10,lidar_cm_11,lidar_cm_12,lidar_cm_13,lidar_cm_14,lidar_cm_15,lidar_cm_16,lidar_class_0,lidar_class_1,lidar_class_2,lidar_class_3,lidar_class_4,lidar_class_5,lidar_class_6,lidar_class_7,lidar_class_8,lidar_class_9,lidar_class_10,lidar_class_11,lidar_class_12,lidar_class_13,lidar_class_14,lidar_class_15,lidar_class_16
0,-6231.487,9515.825,-231.779,91.586,-0.028899,-0.999504,-0.012490,0.995653,-0.027676,-0.088933,0.088543,-0.015006,0.995959,1,0.08000,0.02808,4.800,0.056,-1,400.000,-1,400.000,-1,325.000,325.000,300.000,300.000,-1,-1,825.000,-1,725.000,750.000,-1,-1,2,0,2,0,2,0,0,0,0,2,2,0,2,0,0,2,2
1,-6231.762,9525.421,-230.929,91.640,-0.029821,-0.999480,-0.012302,0.995625,-0.028611,-0.088954,0.088555,-0.014901,0.995960,0,0.16000,0.02680,9.600,0.054,-1,400.000,-1,400.000,-1,325.000,325.000,300.000,300.000,-1,-1,825.000,-1,725.000,750.000,-1,-1,2,0,2,0,2,0,0,0,0,2,2,0,2,0,0,2,2
2,-6232.186,9539.815,-229.653,91.688,-0.030649,-0.999458,-0.012016,0.995597,-0.029461,-0.088984,0.088582,-0.014691,0.995961,0,0.24000,0.02436,14.400,0.049,-1,400.000,-1,400.000,-1,325.000,325.000,300.000,300.000,-1,-1,850.000,-1,725.000,750.000,-1,-1,2,0,2,0,2,0,0,0,0,2,2,0,2,0,0,2,2
3,-6232.766,9559.006,-227.954,91.730,-0.031342,-0.999441,-0.011634,0.995572,-0.030185,-0.089025,0.088624,-0.014372,0.995961,0,0.32000,0.02074,19.200,0.041,-1,400.000,-1,400.000,-1,325.000,325.000,300.000,300.000,-1,-1,850.000,-1,725.000,750.000,-1,-1,2,0,2,0,2,0,0,0,0,2,2,0,2,0,0,2,2
4,-6233.504,9582.995,-225.828,91.762,-0.031858,-0.999430,-0.011154,0.995551,-0.030740,-0.089074,0.088680,-0.013942,0.995963,0,0.40000,0.01592,24.000,0.032,-1,400.000,-1,400.000,-1,325.000,325.000,300.000,300.000,-1,-1,875.000,-1,725.000,750.000,-1,-1,2,0,2,0,2,0,0,0,0,2,2,0,2,0,0,2,2
5,-6234.399,9611.781,-223.278,91.781,-0.032153,-0.999427,-0.010579,0.995535,-0.031084,-0.089132,0.088752,-0.013398,0.995964,0,0.48000,0.00985,28.800,0.020,-1,400.000,-1,400.000,-1,325.000,325.000,300.000,300.000,-1,-1,900.000,-1,725.000,750.000,-1,-1,2,0,2,0,2,0,0,0,0,2,2,0,2,0,0,2,2
6,-6235.446,9645.365,-220.301,91.786,-0.032182,-0.999433,-0.009909,0.995526,-0.031172,-0.089198,0.088838,-0.012735,0.995965,0,0.56000,0.00251,33.600,0.005,-1,400.000,-1,400.000,-1,325.000,325.000,300.000,300.000,-1,-1,925.000,-1,725.000,750.000,-1,-1,2,0,2,0,2,0,0,0,0,2,2,0,2,0,0,2,2
7,-6236.635,9683.746,-216.898,91.774,-0.031900,-0.999449,-0.009147,0.995526,-0.030957,-0.089270,0.088938,-0.011953,0.995965,0,0.64000,-0.00616,38.400,-0.012,-1,400.000,-1,400.000,-1,325.000,325.000,300.000,300.000,-1,-1,950.000,-1,725.000,750.000,-1,-1,2,0,2,0,2,0,0,0,0,2,2,0,2,0,0,2,2
8,-6237.948,9726.926,-213.066,91.742,-0.031256,-0.999477,-0.008295,0.995537,-0.030392,-0.089349,0.089051,-0.011050,0.995966,0,0.72000,-0.01622,43.200,-0.032,-1,400.000,-1,400.000,-1,325.000,325.000,300.000,300.000,-1,-1,1000.000,-1,725.000,750.000,-1,-1,2,0,2,0,2,0,0,0,0,2,2,0,2,0,0,2,2
9,-6239.361,9774.905,-208.806,91.686,-0.030202,-0.999517,-0.007356,0.995558,-0.029424,-0.089434,0.089174,-0.010025,0.995966,0,0.80000,-0.02773,48.000,-0.055,-1,400.000,-1,400.000,975.000,325.000,325.000,300.000,300.000,-1,-1,-1,-1,725.000,725.000,-1,975.000,2,0,2,0,1,0,0,0,0,2,2,2,2,0,0,2,1
10,-6240.840,9827.685,-204.110,91.605,-0.028686,-0.999568,-0.006354,0.995592,-0.028003,-0.089509,0.089292,-0.008893,0.995966,0,0.88000,-0.04076,52.800,-0.082,-1,400.000,-1,400.000,950.000,325.000,325.000,300.000,300.000,-1,-1,-1,-1,725.000,725.000,-1,925.000,2,0,2,0,1,0,0,0,0,2,2,2,2,0,1,2,1
11,-6242.341,9885.265,-198.796,91.494,-0.026723,-0.999625,-0.006059,0.995604,-0.026071,-0.089962,0.089770,-0.008437,0.995927,0,0.96000,-0.05537,57.600,-0.111,-1,400.000,-1,400.000,900.000,325.000,325.000,300.000,300.000,-1,-1,-1,-1,725.000,700.000,-1,875.000,2,0,2,0,1,0,0,0,0,2,2,2,2,0,1,2,1
12,-6243.756,9945.249,-193.233,91.351,-0.024197,-0.999690,-0.005820,0.995613,-0.023571,-0.090555,0.090389,-0.007986,0.995874,0,1.00000,-0.07164,60.000,-0.143,-1,400.000,-1,400.000,850.000,325.000,325.000,300.000,300.000,-1,-1,-1,-1,725.000,675.000,-1,825.000,2,0,2,0,1,0,0,0,0,2,2,2,2,0,1,2,1
13,-6244.984,10005.236,-187.667,91.173,-0.021065,-0.999762,-0.005595,0.995627,-0.020468,-0.091143,0.091006,-0.007491,0.995822,0,1.00000,-0.08891,60.000,-0.178,-1,400.000,-1,400.000,775.000,325.000,325.000,300.000,300.000,-1,-1,-1,-1,725.000,650.000,-1,775.000,2,0,2,0,1,0,0,0,0,2,2,2,2,0,1,2,1
14,-6245.989,10065.228,-182.097,90.960,-0.017320,-0.999835,-0.005388,0.995643,-0.016753,-0.091727,0.091622,-0.006954,0.995770,0,1.00000,-0.10645,60.000,-0.213,-1,400.000,-1,400.000,725.000,325.000,325.000,300.000,300.000,-1,-1,-1,-1,725.000,625.000,-1,725.000,2,0,2,0,1,0,0,0,0,2,2,2,2,0,1,2,1
15,-6246.734,10125.224,-176.524,90.712,-0.012954,-0.999903,-0.005203,0.995653,-0.012418,-0.092308,0.092235,-0.006376,0.995717,0,1.00000,-0.12420,60.000,-0.248,-1,400.000,-1,400.000,675.000,325.000,325.000,300.000,300.000,-1,-1,-1,-1,725.000,600.000,-1,650.000,2,0,2,0,1,0,0,0,0,2,2,2,2,0,1,2,1
16,-6247.182,10185.222,-170.947,90.427,-0.007961,-0.999956,-0.005043,0.995649,-0.007458,-0.092888,0.092846,-0.005760,0.995664,0,1.00000,-0.14212,60.000,-0.284,-1,400.000,-1,375.000,600.000,325.000,325.000,300.000,300.000,-1,-1,-1,-1,725.000,575.000,-1,600.000,2,0,2,1,1,0,0,0,0,2,2,2,2,0,1,2,1
17,-6247.422,10245.222,-165.367,90.229,-0.004474,-0.999978,-0.004901,0.995614,-0.003996,-0.093466,0.093445,-0.005298,0.995610,0,1.00000,-0.09917,60.000,-0.198,-1,400.000,-1,375.000,550.000,325.000,325.000,300.000,300.000,-1,-1,-1,-1,725.000,550.000,-1,550.000,2,0,2,1,1,0,1,0,0,2,2,2,2,0,1,2,1
18,-6247.419,10305.222,-159.784,89.997,-0.000405,-0.999988,-0.004781,0.995568,0.000046,-0.094044,0.094043,-0.004798,0.995557,0,1.00000,-0.11580,60.000,-0.232,-1,400.000,-1,350.000,500.000,325.000,325.000,300.000,300.000,-1,-1,-1,-1,725.000,525.000,-1,500.000,2,0,2,1,1,0,1,0,0,2,2,2,2,0,1,2,1
19,-6247.138,10365.221,-154.197,89.732,0.004253,-0.999980,-0.004687,0.995502,0.004678,-0.094623,0.094643,-0.004263,0.995502,0,1.00000,-0.13270,60.000,-0.265,-1,400.000,-1,350.000,450.000,325.000,300.000,300.000,300.000,-1,-1,-1,-1,725.000,500.000,-1,450.000,2,0,2,1,1,0,1,0,0,2,2,2,2,0,1,2,1
20,-6246.548,10425.219,-148.607,89.437,0.009436,-0.999945,-0.004621,0.995409,0.009833,-0.095204,0.095244,-0.003701,0.995447,0,1.00000,-0.14770,60.000,-0.295,-1,375.000,-1,325.000,375.000,325.000,300.000,300.000,300.000,-1,-1,-1,-1,725.000,475.000,-1,400.000,2,0,2,1,1,0,1,0,0,2,2,2,2,0,1,2,1
21,-6245.626,10485.212,-143.012,89.119,0.015004,-0.999877,-0.004582,0.995283,0.015374,-0.095784,0.095843,-0.003123,0.995392,0,1.00000,-0.15875,60.000,-0.317,-1,375.000,-1,300.000,325.000,325.000,300.000,300.000,300.000,-1,-1,-1,-1,725.000,450.000,-1,350.000,2,0,2,1,1,0,1,0,0,2,2,2,2,0,1,2,1
22,-6244.347,10545.199,-135.309,88.780,0.020286,-0.999734,-0.010966,0.994615,0.021295,-0.101430,0.101636,-0.008849,0.994782,0,1.00000,-0.16967,60.000,-0.339,-1,400.000,-1,300.000,300.000,325.000,300.000,300.000,300.000,-1,-1,-1,-1,750.000,425.000,-1,325.000,2,0,2,1,1,0,1,0,0,2,2,2,2,0,1,2,1
23,-6243.075,10600.387,-127.482,88.680,0.021032,-0.999589,-0.019469,0.993816,0.023026,-0.108623,0.109027,-0.017064,0.993892,0,0.92000,-0.04967,55.200,-0.099,-1,400.000,-1,300.000,300.000,350.000,300.000,275.000,325.000,-1,650.000,800.000,-1,800.000,450.000,-1,300.000,2,0,2,1,1,0,1,0,0,2,0,0,2,0,1,2,1
24,-6241.994,10650.777,-120.303,88.772,0.018383,-0.999458,-0.027320,0.993099,0.021418,-0.115309,0.115832,-0.025011,0.992954,0,0.84000,0.04599,50.400,0.092,-1,425.000,-1,325.000,275.000,350.000,325.000,275.000,350.000,-1,475.000,625.000,-1,825.000,450.000,-1,300.000,2,0,2,1,1,0,1,0,0,2,0,0,2,0,1,2,1
25,-6241.075,10696.370,-113.801,88.844,0.016088,-0.999278,-0.034419,0.992402,0.020158,-0.121379,0.121985,-0.032204,0.992009,0,0.76000,0.03598,45.600,0.072,-1,425.000,-1,325.000,275.000,375.000,325.000,275.000,375.000,-1,375.000,525.000,-1,850.000,450.000,-1,300.000,2,0,2,1,1,0,1,0,0,2,0,0,2,0,1,2,1
26,-6240.243,10739.619,-107.626,88.898,0.014081,-0.999053,-0.041157,0.991697,0.019216,-0.127149,0.127819,-0.039025,0.991029,0,0.72092,0.02689,43.255,0.054,-1,450.000,-1,325.000,250.000,375.000,325.000,275.000,375.000,-1,325.000,475.000,-1,900.000,450.000,-1,300.000,2,0,2,1,1,0,1,0,0,2,0,0,2,0,1,2,1
27,-6239.445,10782.602,-101.482,88.935,0.012301,-0.998778,-0.047871,0.990956,0.018574,-0.132892,0.133619,-0.045804,0.989974,0,0.71647,0.01823,42.988,0.036,-1,450.000,-1,325.000,250.000,400.000,325.000,275.000,400.000,900.000,275.000,425.000,-1,925.000,475.000,-1,275.000,2,0,2,1,1,0,1,0,0,0,0,0,2,0,1,2,1
28,-6238.666,10825.285,-95.371,88.954,0.010749,-0.998452,-0.054568,0.990180,0.018235,-0.138604,0.139385,-0.052543,0.988843,0,0.71147,0.00957,42.688,0.019,-1,475.000,-1,325.000,225.000,400.000,350.000,275.000,375.000,800.000,225.000,375.000,-1,975.000,500.000,-1,275.000,2,0,2,1,1,0,1,0,1,0,0,0,2,0,1,2,1
29,-6237.895,10867.637,-89.294,88.956,0.009424,-0.998078,-0.061258,0.989369,0.018197,-0.144281,0.145118,-0.059247,0.987639,0,0.70595,0.00090,42.357,0.002,-1,500.000,-1,325.000,225.000,425.000,350.000,275.000,350.000,725.000,200.000,350.000,-1,-1,525.000,-1,275.000,2,0,2,1,1,0,1,0,1,0,0,0,2,2,1,2,1
30,-6237.120,10909.625,-83.255,88.940,0.008327,-0.997654,-0.067949,0.988526,0.018461,-0.149918,0.150820,-0.065921,0.986361,0,0.69989,-0.00781,41.994,-0.016,-1,500.000,-1,350.000,225.000,425.000,375.000,275.000,325.000,650.000,175.000,325.000,-1,-1,550.000,-1,275.000,2,0,2,1,1,0,1,0,1,0,0,0,2,2,1,2,1
31,-6236.329,10951.219,-77.255,88.907,0.007458,-0.997182,-0.074654,0.987651,0.019029,-0.155513,0.156495,-0.072572,0.985009,0,0.69331,-0.01657,41.599,-0.033,-1,525.000,-1,350.000,200.000,450.000,375.000,250.000,300.000,600.000,150.000,300.000,-1,-1,575.000,-1,250.000,2,0,2,1,1,0,1,0,1,0,0,0,2,2,1,2,1
32,-6235.509,10992.386,-71.295,88.856,0.006818,-0.996659,-0.081384,0.986743,0.019903,-0.161064,0.162146,-0.079207,0.983583,0,0.68621,-0.02538,41.173,-0.051,-1,525.000,-1,375.000,200.000,450.000,400.000,250.000,300.000,525.000,125.000,300.000,-1,-1,600.000,-1,250.000,2,0,2,1,1,0,1,0,1,0,0,0,2,2,1,2,1
33,-6234.651,11033.094,-65.376,88.787,0.006408,-0.996086,-0.088152,0.985804,0.021083,-0.166570,0.167776,-0.085833,0.982081,0,0.67859,-0.03425,40.715,-0.069,-1,550.000,-1,375.000,200.000,475.000,400.000,250.000,275.000,500.000,125.000,275.000,-1,-1,650.000,-1,275.000,2,0,2,1,1,0,1,0,1,0,0,0,2,2,1,2,1
34,-6233.742,11073.314,-59.499,88.701,0.006225,-0.995461,-0.094971,0.984834,0.022571,-0.172027,0.173390,-0.092459,0.980503,0,0.67046,-0.04319,40.227,-0.086,-1,550.000,-1,400.000,175.000,475.000,425.000,250.000,250.000,450.000,100.000,250.000,-1,-1,675.000,-1,500.000,2,0,2,1,1,0,1,0,1,0,0,0,2,2,1,2,1
35,-6232.773,11113.014,-53.665,88.597,0.006270,-0.994780,-0.101854,0.983830,0.024369,-0.177437,0.178992,-0.099094,0.978847,0,0.66182,-0.05218,39.709,-0.104,-1,575.000,-1,425.000,175.000,500.000,425.000,250.000,250.000,425.000,100.000,250.000,-1,-1,725.000,-1,-1,2,0,2,1,1,0,1,0,1,0,0,0,2,2,1,2,2
36,-6231.734,11152.165,-47.705,88.474,0.006553,-0.994016,-0.109039,0.982890,0.026475,-0.182282,0.184078,-0.105978,0.977182,0,0.65270,-0.06122,39.162,-0.122,-1,575.000,-1,425.000,250.000,500.000,450.000,250.000,225.000,375.000,100.000,250.000,-1,-1,-1,-1,-1,2,0,2,1,1,0,1,0,1,0,0,0,2,2,2,2,2
37,2295.763,-8855.085,-264.275,-71.999,0.308837,0.951042,-0.011773,-0.950738,0.309039,0.024337,0.026784,0.003677,0.999634,1,0.00000,0.00000,43.962,-0.362,-1,400.000,-1,400.000,-1,325.000,325.000,300.000,300.000,-1,-1,-1,-1,900.000,900.000,-1,-1,2,0,2,0,2,0,0,0,0,2,2,2,2,0,0,2,2
38,2297.228,-8859.657,-264.147,-72.239,0.304853,0.952328,-0.011657,-0.952029,0.305053,0.024164,0.026568,0.003731,0.999640,0,0.08000,-0.12000,4.800,-0.240,-1,400.000,-1,400.000,-1,325.000,325.000,300.000,300.000,-1,-1,-1,-1,900.000,900.000,-1,-1,2,0,2,0,2,0,0,0,0,2,2,2,2,0,0,2,2
39,2300.079,-8868.823,-263.894,-72.719,0.296869,0.954850,-0.011428,-0.954560,0.297064,0.023817,0.026137,0.003838,0.999651,0,0.16000,-0.24000,9.600,-0.480,-1,400.000,-1,400.000,-1,325.000,325.000,300.000,300.000,-1,-1,-1,-1,900.000,900.000,-1,-1,2,0,2,0,2,0,0,0,0,2,2,2,2,0,0,2,2
40,2304.184,-8882.626,-263.515,-73.439,0.284854,0.958507,-0.011097,-0.958232,0.285042,0.023293,0.025490,0.003999,0.999667,0,0.24000,-0.36000,14.400,-0.720,-1,400.000,-1,400.000,-1,325.000,325.000,300.000,300.000,-1,-1,-1,-1,900.000,900.000,-1,-1,2,0,2,0,2,0,0,0,0,2,2,2,2,0,0,2,2
41,2309.348,-8901.118,-263.014,-74.399,0.268763,0.963147,-0.010678,-0.962891,0.268942,0.022588,0.024627,0.004211,0.999688,0,0.32000,-0.48000,19.200,-0.960,-1,400.000,-1,400.000,-1,325.000,325.000,300.000,300.000,-1,-1,-1,-1,875.000,900.000,-1,-1,2,0,2,0,2,0,0,0,0,2,2,2,2,0,0,2,2
42,2315.317,-8924.364,-262.394,-75.599,0.248544,0.968567,-0.010190,-0.968334,0.248712,0.021698,0.023550,0.004474,0.999713,0,0.40000,-0.60000,24.000,-1.200,-1,400.000,-1,400.000,-1,325.000,325.000,300.000,300.000,-1,-1,-1,-1,875.000,900.000,-1,-1,2,0,2,0,2,0,0,0,0,2,2,2,2,0,0,2,2
43,2321.777,-8952.430,-261.657,-77.039,0.224136,0.974510,-0.009659,-0.974304,0.224293,0.020618,0.022259,0.004790,0.999741,0,0.48000,-0.72000,28.800,-1.440,-1,400.000,-1,400.000,-1,325.000,325.000,300.000,300.000,-1,-1,-1,-1,875.000,900.000,-1,-1,2,0,2,0,2,0,0,0,0,2,2,2,2,0,0,2,2
44,2328.350,-8985.381,-260.809,-78.719,0.195482,0.980665,-0.009119,-0.980488,0.195626,0.019346,0.020756,0.005159,0.999771,0,0.56000,-0.84000,33.600,-1.680,-1,400.000,-1,400.000,-1,325.000,325.000,300.000,300.000,-1,-1,-1,-1,875.000,900.000,-1,-1,2,0,2,0,2,0,0,0,0,2,2,2,2,0,0,2,2
45,2334.727,-9023.248,-259.849,-80.440,0.165951,0.986097,-0.008572,-0.985950,0.166082,0.017895,0.019070,0.005482,0.999803,0,0.64000,-0.86063,38.400,-1.721,-1,400.000,-1,400.000,-1,325.000,325.000,300.000,325.000,-1,-1,-1,-1,875.000,900.000,-1,-1,2,0,2,0,2,0,0,0,0,2,2,2,2,0,0,2,2
46,2340.619,-9066.044,-258.781,-82.161,0.136271,0.990639,-0.008036,-0.990522,0.136387,0.016270,0.017214,0.005743,0.999835,0,0.72000,-0.86063,43.200,-1.721,-1,425.000,-1,425.000,-1,325.000,325.000,300.000,325.000,-1,-1,-1,-1,875.000,925.000,-1,-1,2,0,2,0,2,0,0,0,0,2,2,2,2,0,0,2,2
47,2345.735,-9113.770,-257.609,-83.882,0.106469,0.994287,-0.007537,-0.994200,0.106570,0.014472,0.015193,0.005953,0.999867,0,0.80000,-0.86063,48.000,-1.721,-1,425.000,-1,425.000,-1,325.000,325.000,300.000,325.000,-1,-1,-1,-1,875.000,925.000,-1,-1,2,0,2,0,2,0,0,0,0,2,2,2,2,0,0,2,2
48,2349.758,-9166.100,-256.420,-85.604,0.076566,0.997037,-0.007401,-0.996977,0.076656,0.012711,0.013240,0.006405,0.999892,0,0.87474,-0.86063,52.484,-1.721,-1,425.000,-1,425.000,-1,325.000,325.000,300.000,325.000,-1,-1,-1,-1,900.000,925.000,-1,-1,2,0,2,0,2,0,0,0,0,2,2,2,2,0,0,2,2
49,2352.208,-9218.528,-256.084,-87.325,0.046584,0.998879,-0.008431,-0.998853,0.046673,0.010707,0.011089,0.007922,0.999907,0,0.87474,-0.86063,52.484,-1.721,-1,425.000,-1,425.000,-1,325.000,325.000,300.000,325.000,-1,-1,-1,-1,900.000,925.000,-1,-1,2,0,2,0,2,0,0,0,0,2,2,2,2,0,0,2,2
50,2353.082,-9271.005,-256.160,-89.046,0.016581,0.999830,-0.008092,-0.999826,0.016649,0.008403,0.008536,0.007951,0.999932,0,0.87474,-0.86063,52.484,-1.721,-1,425.000,-1,425.000,-1,325.000,325.000,300.000,325.000,-1,-1,-1,-1,900.000,900.000,-1,-1,2,0,2,0,2,0,0,0,0,2,2,2,2,0,0,2,2
51,2352.379,-9323.484,-256.250,-90.767,-0.013439,0.999878,-0.007915,-0.999892,-0.013391,0.006096,0.005989,0.007996,0.999950,0,0.87474,-0.86063,52.484,-1.721,-1,425.000,-1,425.000,-1,325.000,325.000,300.000,300.000,-1,-1,-1,-1,900.000,900.000,-1,-1,2,0,2,0,2,0,0,0,0,2,2,2,2,0,0,2,2
52,2350.085,-9376.265,-256.354,-92.489,-0.043449,0.999024,-0.007899,-0.999050,-0.043421,0.003779,0.003432,0.008056,0.999962,0,0.88051,-0.86070,52.830,-1.721,-1,400.000,-1,400.000,-1,325.000,325.000,300.000,300.000,-1,-1,-1,-1,900.000,875.000,-1,-1,2,0,2,0,2,0,0,0,0,2,2,2,2,0,0,2,2
53,2346.176,-9429.368,-256.473,-94.209,-0.073410,0.997269,-0.008044,-0.997301,-0.073401,0.001456,0.000862,0.008129,0.999967,0,0.88744,-0.86040,53.247,-1.721,-1,400.000,-1,400.000,-1,325.000,325.000,300.000,300.000,-1,-1,-1,-1,875.000,875.000,-1,-1,2,0,2,0,2,0,0,0,0,2,2,2,2,0,0,2,2
54,2340.633,-9482.745,-256.605,-95.929,-0.103278,0.994617,-0.008348,-0.994651,-0.103289,-0.000865,-0.001722,0.008214,0.999965,0,0.89440,-0.85966,53.664,-1.719,-1,400.000,-1,400.000,-1,325.000,325.000,300.000,300.000,-1,-1,-1,-1,875.000,875.000,-1,-1,2,0,2,0,2,0,0,0,0,2,2,2,2,0,0,2,2
55,2333.438,-9536.346,-256.753,-97.646,-0.133010,0.991076,-0.008811,-0.991105,-0.133042,-0.003177,-0.004321,0.008310,0.999956,0,0.90137,-0.85845,54.082,-1.717,-1,400.000,-1,400.000,-1,325.000,325.000,300.000,300.000,-1,-1,-1,-1,875.000,850.000,-1,-1,2,0,2,0,2,0,0,0,0,2,2,2,2,0,0,2,2
56,2324.575,-9590.118,-256.916,-99.359,-0.162561,0.986653,-0.009432,-0.986674,-0.162617,-0.005474,-0.006935,0.008416,0.999941,0,0.90829,-0.85675,54.497,-1.713,-1,400.000,-1,400.000,-1,325.000,325.000,300.000,300.000,-1,-1,-1,-1,875.000,850.000,-1,-1,2,0,2,0,2,0,0,0,0,2,2,2,2,0,0,2,2
57,2314.034,-9644.006,-257.093,-101.068,-0.191889,0.981364,-0.010209,-0.981370,-0.191971,-0.007748,-0.009563,0.008532,0.999918,0,0.91514,-0.85453,54.909,-1.709,-1,400.000,-1,400.000,-1,325.000,325.000,300.000,300.000,-1,-1,-1,-1,875.000,825.000,-1,-1,2,0,2,0,2,0,0,0,0,2,2,2,2,1,0,2,2
58,2301.837,-9698.851,-257.292,-102.537,-0.216955,0.976118,-0.011124,-0.976105,-0.217067,-0.010024,-0.012199,0.008683,0.999888,0,0.93641,-0.73453,56.185,-1.469,-1,400.000,-1,400.000,-1,325.000,325.000,300.000,300.000,-1,-1,-1,-1,825.000,825.000,-1,-1,2,0,2,0,2,0,0,0,0,2,2,2,2,1,0,2,2
59,2288.371,-9753.814,-257.507,-103.766,-0.237810,0.971236,-0.012135,-0.971199,-0.237954,-0.012273,-0.014808,0.008866,0.999851,0,0.94315,-0.61453,56.589,-1.229,-1,400.000,-1,400.000,-1,325.000,325.000,325.000,300.000,-1,-1,-1,-1,775.000,825.000,975.000,-1,2,0,2,0,2,0,0,0,0,2,2,2,2,1,0,1,2
60,2273.857,-9808.922,-258.194,-104.755,-0.254542,0.966997,-0.011216,-0.966919,-0.254687,-0.014210,-0.016598,0.007228,0.999836,0,0.94979,-0.49453,56.987,-0.989,-1,400.000,-1,400.000,-1,325.000,325.000,300.000,300.000,-1,-1,-1,-1,750.000,825.000,900.000,-1,2,0,2,0,2,0,0,0,0,2,2,2,2,1,0,1,2
61,2258.518,-9864.214,-259.051,-105.504,-0.267177,0.963598,-0.009801,-0.963466,-0.267310,-0.016712,-0.018723,0.004977,0.999812,0,0.95633,-0.37453,57.380,-0.749,-1,400.000,-1,400.000,-1,325.000,325.000,300.000,325.000,-1,-1,-1,-1,700.000,800.000,800.000,-1,2,0,2,0,2,0,0,0,0,2,2,2,2,1,0,1,2
62,2242.582,-9919.741,-260.173,-106.014,-0.275737,0.961190,-0.009104,-0.961024,-0.275863,-0.018236,-0.020040,0.003721,0.999792,0,0.96280,-0.25453,57.768,-0.509,900.000,400.000,-1,400.000,-1,325.000,325.000,300.000,325.000,-1,-1,-1,-1,650.000,800.000,750.000,-1,1,0,2,0,2,0,0,0,0,2,2,2,2,1,0,1,2
63,2226.277,-9975.561,-261.679,-106.283,-0.280230,0.959883,-0.009770,-0.959692,-0.280373,-0.019530,-0.021486,0.003904,0.999762,0,0.96922,-0.13453,58.153,-0.269,775.000,400.000,-1,400.000,-1,325.000,325.000,300.000,325.000,-1,-1,-1,-1,600.000,800.000,675.000,-1,1,0,2,0,2,0,0,0,0,2,2,2,2,1,0,1,2
64,2209.836,-10031.742,-263.207,-106.312,-0.280696,0.959740,-0.010445,-0.959523,-0.280860,-0.020836,-0.022931,0.004174,0.999728,0,0.97562,-0.01453,58.537,-0.029,700.000,400.000,-1,400.000,-1,325.000,325.000,300.000,300.000,-1,-1,-1,-1,575.000,775.000,625.000,-1,1,0,2,0,2,0,0,0,0,2,2,2,2,1,0,1,2
65,2193.496,-10088.353,-264.744,-106.101,-0.277140,0.960766,-0.011059,-0.960521,-0.277324,-0.022151,-0.024349,0.004483,0.999693,0,0.98203,0.10547,58.922,0.211,625.000,400.000,-1,400.000,-1,325.000,325.000,300.000,300.000,-1,-1,-1,-1,525.000,775.000,550.000,-1,1,0,2,0,2,0,0,0,0,2,2,2,2,1,0,1,2
66,2177.496,-10145.465,-266.289,-105.650,-0.269548,0.962917,-0.011588,-0.962643,-0.269754,-0.023488,-0.025743,0.004824,0.999657,0,0.98851,0.22547,59.310,0.451,550.000,400.000,-1,400.000,-1,325.000,325.000,300.000,300.000,-1,-1,-1,-1,475.000,775.000,500.000,-1,1,1,2,0,2,0,0,0,0,2,2,2,2,1,0,1,2
67,2162.085,-10203.146,-267.839,-104.959,-0.257894,0.966098,-0.012010,-0.965793,-0.258122,-0.024859,-0.027116,0.005189,0.999619,0,0.99507,0.34547,59.704,0.691,475.000,350.000,-1,400.000,-1,325.000,325.000,300.000,300.000,-1,-1,-1,-1,450.000,750.000,425.000,-1,1,1,2,0,2,0,0,0,0,2,2,2,2,1,0,1,2
68,2147.541,-10261.357,-269.390,-104.028,-0.242142,0.970163,-0.012306,-0.969823,-0.242391,-0.026268,-0.028467,0.005574,0.999579,0,1.00000,0.46547,60.000,0.931,425.000,325.000,-1,375.000,-1,300.000,325.000,300.000,300.000,-1,-1,-1,-1,400.000,750.000,375.000,-1,1,1,2,1,2,1,1,0,0,2,2,2,2,1,0,1,2
69,2134.190,-10319.852,-270.931,-102.857,-0.222246,0.974911,-0.012457,-0.974536,-0.222514,-0.027714,-0.029790,0.005980,0.999538,0,1.00000,0.58547,60.000,1.171,350.000,300.000,-1,350.000,-1,275.000,300.000,300.000,300.000,-1,-1,-1,-1,350.000,750.000,325.000,-1,1,1,2,1,2,1,1,0,0,2,2,2,2,1,0,1,2
70,2122.171,-10378.636,-272.459,-101.556,-0.200027,0.979711,-0.012454,-0.979297,-0.200314,-0.029195,-0.031097,0.006356,0.999496,0,1.00000,0.65072,60.000,1.301,300.000,250.000,750.000,350.000,-1,250.000,275.000,300.000,300.000,-1,-1,-1,-1,325.000,750.000,275.000,-1,1,1,1,1,2,1,1,0,0,2,2,2,2,1,0,1,2
71,2111.495,-10437.679,-273.990,-100.250,-0.177642,0.984019,-0.012228,-0.983563,-0.177941,-0.030664,-0.032350,0.006580,0.999455,0,1.00000,0.65274,60.000,1.305,225.000,225.000,600.000,300.000,-1,200.000,250.000,300.000,300.000,-1,-1,-1,-1,275.000,725.000,200.000,-1,1,1,1,1,2,1,1,0,0,2,2,2,2,1,0,1,2
72,2102.173,-10496.950,-271.231,-98.940,-0.154943,0.987558,-0.026871,-0.987755,-0.155362,-0.014252,-0.018249,0.024334,0.999537,0,1.00000,0.65480,60.000,1.310,225.000,200.000,600.000,300.000,-1,200.000,225.000,350.000,300.000,-1,-1,-1,-1,250.000,800.000,200.000,-1,1,1,1,1,2,1,1,0,0,2,2,2,2,1,0,1,2
73,2094.223,-10556.420,-265.722,-97.627,-0.132984,0.990001,-0.047040,-0.991102,-0.132563,0.011986,0.005630,0.048216,0.998821,0,1.00000,0.65691,60.000,1.314,225.000,200.000,-1,325.000,-1,200.000,250.000,425.000,275.000,-1,425.000,250.000,-1,250.000,925.000,200.000,-1,1,1,2,1,2,1,1,0,0,2,0,0,2,1,0,1,2
74,2087.648,-10616.060,-258.829,-96.308,-0.112078,0.991739,-0.062391,-0.993114,-0.109636,0.041291,0.034110,0.066589,0.997197,0,1.00000,0.65913,60.000,1.318,275.000,200.000,-1,350.000,-1,200.000,250.000,500.000,275.000,-1,225.000,100.000,900.000,250.000,-1,200.000,-1,1,1,2,1,2,1,1,0,0,2,0,0,0,1,2,1,2
75,2951.689,4263.548,-103.710,157.544,-0.923633,-0.381639,-0.035395,0.382694,-0.923379,-0.030283,-0.021126,-0.041515,0.998915,1,0.00000,0.00000,60.000,1.323,450.000,375.000,-1,400.000,-1,325.000,325.000,300.000,300.000,-1,-1,-1,-1,475.000,725.000,450.000,-1,1,1,2,0,2,0,0,0,0,2,2,2,2,1,0,1,2
76,2947.246,4265.362,-103.802,157.784,-0.925226,-0.377770,-0.035315,0.378823,-0.924973,-0.030289,-0.021223,-0.041402,0.998917,0,0.08000,0.12000,4.800,0.240,450.000,375.000,-1,400.000,-1,325.000,325.000,300.000,300.000,-1,-1,-1,-1,450.000,725.000,450.000,-1,1,1,2,0,2,0,0,0,0,2,2,2,2,1,0,1,2
77,2938.339,4268.945,-103.989,158.089,-0.927229,-0.372841,-0.035148,0.373888,-0.926979,-0.030283,-0.021291,-0.041221,0.998923,0,0.16000,0.15258,9.600,0.305,450.000,375.000,-1,400.000,-1,325.000,325.000,300.000,300.000,-1,-1,-1,-1,450.000,725.000,425.000,-1,1,1,2,0,2,0,0,0,0,2,2,2,2,1,0,1,2
78,2924.951,4274.247,-104.274,158.395,-0.929215,-0.367889,-0.034891,0.368927,-0.928966,-0.030260,-0.021281,-0.040990,0.998933,0,0.24000,0.15298,14.400,0.306,425.000,350.000,-1,400.000,-1,325.000,325.000,300.000,325.000,-1,-1,-1,-1,450.000,725.000,425.000,-1,1,1,2,0,2,0,0,0,0,2,2,2,2,1,0,1,2
79,2907.062,4281.220,-104.660,158.704,-0.931195,-0.362881,-0.034538,0.363905,-0.930946,-0.030219,-0.021187,-0.040708,0.998946,0,0.32000,0.15440,19.200,0.309,400.000,350.000,-1,400.000,-1,325.000,325.000,300.000,325.000,-1,-1,-1,-1,425.000,725.000,400.000,-1,1,1,2,0,2,0,0,0,0,2,2,2,2,1,0,1,2
80,2884.654,4289.814,-105.149,159.018,-0.933182,-0.357784,-0.034082,0.358789,-0.932931,-0.030161,-0.021005,-0.040374,0.998964,0,0.40000,0.15686,24.000,0.314,400.000,325.000,-1,400.000,-1,325.000,325.000,300.000,325.000,-1,-1,-1,-1,425.000,725.000,375.000,-1,1,1,2,0,2,1,0,0,0,2,2,2,2,1,0,1,2
81,2857.706,4299.976,-105.745,159.339,-0.935189,-0.352560,-0.033514,0.353543,-0.934934,-0.030088,-0.020726,-0.039986,0.998985,0,0.48000,0.16039,28.800,0.321,375.000,325.000,-1,400.000,-1,300.000,325.000,300.000,325.000,-1,-1,-1,-1,400.000,725.000,350.000,-1,1,1,2,1,2,1,0,0,0,2,2,2,2,1,0,1,2
82,2826.200,4311.651,-106.451,159.669,-0.937226,-0.347173,-0.032825,0.348128,-0.936967,-0.029999,-0.020342,-0.039543,0.999011,0,0.56000,0.16507,33.600,0.330,325.000,300.000,-1,375.000,-1,300.000,325.000,300.000,325.000,-1,-1,-1,-1,375.000,725.000,325.000,-1,1,1,2,1,2,1,1,0,0,2,2,2,2,1,0,1,2
83,2790.113,4324.778,-107.271,160.011,-0.939307,-0.341581,-0.032004,0.342503,-0.939041,-0.029896,-0.019841,-0.039043,0.999041,0,0.64000,0.17100,38.400,0.342,300.000,275.000,-1,375.000,-1,275.000,300.000,300.000,325.000,-1,-1,-1,-1,350.000,725.000,300.000,-1,1,1,2,1,2,1,1,0,0,2,2,2,2,1,0,1,2
84,2749.425,4339.293,-108.209,160.367,-0.941444,-0.335738,-0.031037,0.336621,-0.941169,-0.029778,-0.019213,-0.038482,0.999075,0,0.72000,0.17830,43.200,0.357,250.000,275.000,-1,350.000,-1,250.000,275.000,300.000,325.000,-1,-1,-1,-1,325.000,725.000,250.000,-1,1,1,2,1,2,1,1,0,0,2,2,2,2,1,0,1,2
85,2704.111,4355.125,-109.229,160.742,-0.943647,-0.329592,-0.029981,0.330431,-0.943371,-0.029445,-0.018579,-0.037692,0.999117,0,0.80000,0.18715,48.000,0.374,225.000,250.000,-1,350.000,-1,225.000,275.000,325.000,325.000,-1,-1,-1,-1,300.000,725.000,200.000,-1,1,1,2,1,2,1,1,0,0,2,2,2,2,1,0,1,2
86,2654.149,4372.202,-106.576,161.137,-0.946244,-0.323228,-0.012066,0.323406,-0.946083,-0.018309,-0.005497,-0.021227,0.999760,0,0.88000,0.19780,52.800,0.396,200.000,225.000,-1,350.000,-1,225.000,275.000,350.000,300.000,-1,575.000,375.000,-1,300.000,800.000,200.000,-1,1,1,2,1,2,1,1,0,0,2,0,0,2,1,0,1,2
87,2599.508,4390.426,-102.231,161.559,-0.948546,-0.316335,0.013856,0.316344,-0.948643,-0.001620,0.013657,0.002847,0.999903,0,0.96000,0.21057,57.600,0.421,200.000,250.000,-1,375.000,-1,225.000,275.000,425.000,275.000,-1,325.000,175.000,950.000,325.000,925.000,175.000,-1,1,1,2,1,2,1,1,0,0,2,0,0,0,1,0,1,2
88,2542.438,4408.950,-97.524,162.010,-0.950294,-0.308727,0.040358,0.309557,-0.950745,0.016082,0.033405,0.027776,0.999056,0,1.00000,0.22589,60.000,0.452,200.000,250.000,-1,425.000,-1,250.000,300.000,500.000,275.000,-1,250.000,100.000,650.000,325.000,-1,175.000,-1,1,1,2,1,2,1,1,1,0,2,0,0,0,1,2,1,2
89,2485.210,4426.984,-91.373,162.497,-0.951381,-0.300426,0.067957,0.302785,-0.952667,0.027343,0.056526,0.046590,0.997313,0,1.00000,0.24346,60.000,0.487,200.000,250.000,-1,525.000,-1,250.000,325.000,500.000,275.000,-1,200.000,75.000,500.000,350.000,-1,175.000,-1,1,1,2,1,2,1,1,1,0,2,0,0,0,1,2,1,2
90,2427.816,4444.488,-85.657,163.023,-0.952059,-0.291416,0.093061,0.295788,-0.954539,0.036954,0.078062,0.062709,0.994974,0,1.00000,0.26280,60.000,0.526,175.000,275.000,-1,625.000,-1,275.000,350.000,500.000,275.000,-1,175.000,50.000,400.000,375.000,-1,175.000,-1,1,1,2,0,2,1,1,1,0,2,0,0,0,1,2,1,2
91,-8853.999,-2951.413,-111.438,-75.062,0.226398,0.885585,0.405565,-0.971331,0.236271,0.026307,-0.072526,-0.399893,0.913688,1,0.00000,0.00000,60.000,0.568,125.000,225.000,-1,250.000,-1,200.000,225.000,200.000,300.000,575.000,-1,-1,250.000,325.000,350.000,150.000,-1,1,1,2,1,2,1,1,0,1,0,2,2,1,1,1,1,2
92,4268.311,-6232.040,-208.052,-8.250,0.989193,0.143465,-0.030240,-0.144053,0.989401,-0.018258,0.027300,0.022417,0.999376,1,0.08000,-0.12000,4.800,-0.240,-1,400.000,-1,400.000,-1,325.000,325.000,300.000,300.000,-1,-1,-1,-1,725.000,750.000,-1,-1,2,0,2,0,2,0,0,0,0,2,2,2,2,0,0,2,2
93,4277.800,-6233.497,-207.793,-8.730,0.987958,0.151748,-0.030181,-0.152336,0.988161,-0.018213,0.027060,0.022591,0.999378,0,0.16000,-0.24000,9.600,-0.480,-1,400.000,-1,400.000,-1,325.000,325.000,300.000,300.000,-1,-1,-1,-1,725.000,750.000,-1,-1,2,0,2,0,2,0,0,0,0,2,2,2,2,0,0,2,2
94,4292.005,-6235.862,-207.410,-9.450,0.985976,0.164152,-0.030092,-0.164739,0.986170,-0.018145,0.026697,0.022848,0.999382,0,0.24000,-0.36000,14.400,-0.720,-1,400.000,-1,400.000,-1,325.000,325.000,300.000,300.000,-1,-1,-1,-1,700.000,750.000,-1,-1,2,0,2,0,2,0,0,0,0,2,2,2,2,0,0,2,2
95,4310.889,-6239.331,-206.908,-10.410,0.983091,0.180651,-0.029967,-0.181235,0.983274,-0.018054,0.026205,0.023180,0.999388,0,0.32000,-0.48000,19.200,-0.960,-1,400.000,-1,400.000,-1,325.000,325.000,300.000,300.000,-1,-1,-1,-1,700.000,750.000,-1,-1,2,0,2,0,2,0,0,0,0,2,2,2,2,0,0,2,2
96,4334.398,-6244.161,-206.293,-11.610,0.979096,0.201201,-0.029804,-0.201782,0.979266,-0.017941,0.025577,0.023580,0.999395,0,0.40000,-0.60000,24.000,-1.200,-1,400.000,-1,400.000,-1,325.000,325.000,300.000,300.000,-1,-1,-1,-1,700.000,750.000,-1,-1,2,0,2,0,2,0,0,0,0,2,2,2,2,0,0,2,2
97,4362.454,-6250.664,-205.576,-13.050,0.973737,0.225744,-0.029595,-0.226321,0.973890,-0.017804,0.024803,0.024035,0.999403,0,0.48000,-0.72000,28.800,-1.440,-1,400.000,-1,400.000,-1,325.000,325.000,300.000,300.000,-1,-1,-1,-1,700.000,750.000,-1,-1,2,0,2,0,2,0,0,0,0,2,2,2,2,0,0,2,2
98,4394.950,-6259.208,-204.767,-14.730,0.966708,0.254196,-0.029330,-0.254767,0.966842,-0.017645,0.023873,0.024530,0.999414,0,0.56000,-0.84000,33.600,-1.680,-1,375.000,-1,400.000,-1,325.000,325.000,300.000,300.000,-1,-1,-1,-1,700.000,750.000,-1,-1,2,0,2,0,2,0,0,0,0,2,2,2,2,0,0,2,2
99,4431.740,-6270.211,-203.878,-16.650,0.957658,0.286443,-0.028997,-0.287005,0.957770,-0.017466,0.022770,0.025049,0.999427,0,0.64000,-0.96000,38.400,-1.920,-1,375.000,-1,400.000,-1,325.000,325.000,300.000,300.000,-1,-1,-1,-1,700.000,750.000,-1,-1,2,0,2,0,2,0,0,0,0,2,2,2,2,0,0,2,2
100,4472.671,-6284.026,-202.922,-18.650,0.947091,0.319690,-0.028586,-0.320241,0.947178,-0.017276,0.021553,0.025517,0.999442,0,0.72000,-1.00000,43.200,-2.000,-1,375.000,-1,400.000,-1,325.000,325.000,300.000,300.000,-1,-1,-1,-1,700.000,750.000,-1,-1,2,0,2,0,2,0,0,0,0,2,2,2,2,0,0,2,2
101,4517.587,-6300.954,-201.911,-20.650,0.935372,0.352548,-0.028089,-0.353085,0.935436,-0.017066,0.020259,0.025881,0.999460,0,0.80000,-1.00000,48.000,-2.000,-1,375.000,-1,375.000,-1,325.000,325.000,300.000,300.000,-1,-1,-1,-1,700.000,725.000,-1,-1,2,0,2,0,2,0,0,0,0,2,2,2,2,0,0,2,2
102,4566.315,-6321.287,-200.552,-22.650,0.922478,0.384964,-0.028910,-0.385535,0.922525,-0.017593,0.019898,0.027375,0.999427,0,0.88000,-1.00000,52.800,-2.000,-1,375.000,-1,375.000,-1,325.000,325.000,300.000,300.000,-1,-1,-1,-1,700.000,725.000,-1,-1,2,0,2,0,2,0,0,0,0,2,2,2,2,0,0,2,2
103,4614.865,-6343.566,-199.241,-24.650,0.908462,0.416909,-0.029723,-0.417512,0.908493,-0.017993,0.019501,0.028756,0.999396,0,0.89029,-1.00000,53.418,-2.000,-1,375.000,-1,400.000,-1,325.000,325.000,300.000,300.000,-1,-1,-1,-1,700.000,725.000,-1,-1,2,0,2,0,2,0,0,0,0,2,2,2,2,0,0,2,2
104,4662.608,-6367.526,-197.953,-26.650,0.893333,0.448342,-0.030766,-0.448984,0.893351,-0.018378,0.019245,0.030231,0.999358,0,0.89029,-1.00000,53.418,-2.000,-1,375.000,-1,400.000,-1,325.000,325.000,300.000,300.000,-1,-1,-1,-1,700.000,725.000,-1,-1,2,0,2,0,2,0,0,0,0,2,2,2,2,0,0,2,2
105,4709.486,-6393.138,-196.826,-28.650,0.877108,0.479223,-0.032039,-0.479912,0.877117,-0.018717,0.019132,0.031793,0.999311,0,0.89029,-1.00000,53.418,-2.000,-1,375.000,-1,400.000,-1,325.000,325.000,300.000,300.000,-1,-1,-1,-1,700.000,725.000,-1,-1,2,0,2,0,2,0,0,0,0,2,2,2,2,0,0,2,2
106,4755.441,-6420.370,-195.784,-30.650,0.859818,0.509520,-0.033197,-0.510249,0.859820,-0.018852,0.018938,0.033148,0.999271,0,0.89029,-1.00000,53.418,-2.000,-1,375.000,-1,400.000,-1,325.000,325.000,300.000,300.000,-1,-1,-1,-1,725.000,725.000,-1,-1,2,0,2,0,2,0,0,0,0,2,2,2,2,0,0,2,2
107,4800.418,-6449.189,-194.784,-32.650,0.841482,0.539199,-0.034243,-0.539958,0.841487,-0.018567,0.018803,0.034114,0.999241,0,0.89029,-1.00000,53.418,-2.000,-1,375.000,-1,400.000,-1,325.000,325.000,300.000,300.000,-1,-1,-1,-1,725.000,750.000,-1,-1,2,0,2,0,2,0,0,0,0,2,2,2,2,0,0,2,2
108,4844.362,-6479.560,-193.870,-34.650,0.822124,0.568224,-0.035119,-0.569004,0.822136,-0.018078,0.018600,0.034845,0.999220,0,0.89029,-1.00000,53.418,-2.000,-1,400.000,-1,400.000,-1,325.000,325.000,300.000,300.000,-1,-1,-1,-1,725.000,750.000,-1,-1,2,0,2,0,2,0,0,0,0,2,2,2,2,0,0,2,2
109,4887.219,-6511.447,-193.012,-36.650,0.801768,0.596562,-0.035812,-0.597352,0.801794,-0.017243,0.018427,0.035217,0.999210,0,0.89029,-1.00000,53.418,-2.000,-1,400.000,-1,400.000,-1,325.000,325.000,300.000,300.000,-1,-1,-1,-1,750.000,750.000,-1,-1,2,0,2,0,2,0,0,0,0,2,2,2,2,0,0,2,2
110,4928.937,-6544.810,-192.181,-38.650,0.780435,0.624183,-0.036287,-0.624967,0.780489,-0.015927,0.018380,0.035108,0.999214,0,0.89029,-1.00000,53.418,-2.000,-1,400.000,-1,400.000,-1,325.000,325.000,300.000,300.000,-1,-1,-1,-1,750.000,750.000,-1,-1,2,0,2,0,2,0,0,0,0,2,2,2,2,0,0,2,2
111,4969.465,-6579.609,-191.453,-40.650,0.758158,0.651048,-0.036509,-0.651816,0.758238,-0.014514,0.018233,0.034801,0.999228,0,0.89029,-1.00000,53.418,-2.000,-1,400.000,-1,400.000,-1,325.000,325.000,300.000,300.000,-1,-1,-1,-1,750.000,750.000,-1,-1,2,0,2,0,2,0,0,0,0,2,2,2,2,0,0,2,2
112,5008.754,-6615.801,-190.603,-42.650,0.734979,0.677104,-0.036553,-0.677871,0.735044,-0.014192,0.017259,0.035209,0.999231,0,0.89029,-1.00000,53.418,-2.000,-1,400.000,-1,400.000,-1,325.000,325.000,300.000,300.000,-1,-1,-1,-1,750.000,750.000,-1,-1,2,0,2,0,2,0,0,0,0,2,2,2,2,0,0,2,2
113,5046.756,-6653.342,-189.763,-44.650,0.710917,0.702330,-0.036465,-0.703096,0.710951,-0.014294,0.015886,0.035801,0.999233,0,0.89029,-1.00000,53.418,-2.000,-1,400.000,-1,400.000,-1,325.000,325.000,300.000,300.000,-1,-1,-1,-1,750.000,750.000,-1,-1,2,0,2,0,2,0,0,0,0,2,2,2,2,0,0,2,2
114,5083.424,-6692.186,-188.983,-46.650,0.685999,0.726699,-0.036257,-0.727462,0.685993,-0.014571,0.014283,0.036371,0.999236,0,0.89029,-1.00000,53.418,-2.000,-1,400.000,-1,400.000,-1,325.000,325.000,300.000,300.000,-1,-1,-1,-1,775.000,750.000,-1,-1,2,0,2,0,2,0,0,0,0,2,2,2,2,0,0,2,2
115,5118.715,-6732.287,-188.322,-48.650,0.660249,0.750188,-0.035896,-0.750940,0.660206,-0.014734,0.012646,0.036684,0.999247,0,0.89029,-1.00000,53.418,-2.000,-1,400.000,-1,400.000,-1,325.000,325.000,300.000,300.000,-1,-1,-1,-1,775.000,750.000,-1,-1,2,0,2,0,2,0,0,0,0,2,2,2,2,0,0,2,2
116,5152.584,-6773.595,-187.779,-50.650,0.633699,0.772771,-0.035376,-0.773502,0.633621,-0.014794,0.010982,0.036738,0.999265,0,0.89029,-1.00000,53.418,-2.000,-1,400.000,-1,375.000,-1,325.000,325.000,300.000,300.000,-1,-1,-1,-1,775.000,725.000,-1,-1,2,0,2,0,2,0,0,0,0,2,2,2,2,0,0,2,2
117,5184.992,-6816.059,-187.183,-52.650,0.606354,0.794398,-0.035582,-0.795134,0.606255,-0.014745,0.009859,0.037233,0.999258,0,0.89029,-1.00000,53.418,-2.000,-1,400.000,-1,375.000,-1,325.000,325.000,300.000,300.000,-1,-1,-1,-1,775.000,725.000,-1,-1,2,0,2,0,2,0,0,0,0,2,2,2,2,0,0,2,2
118,5215.898,-6859.629,-186.540,-54.650,0.578249,0.815044,-0.036474,-0.815808,0.578142,-0.014508,0.009262,0.038145,0.999229,0,0.89029,-1.00000,53.418,-2.000,-1,400.000,-1,400.000,-1,325.000,325.000,300.000,300.000,-1,-1,-1,-1,800.000,725.000,-1,-1,2,0,2,0,2,0,0,0,0,2,2,2,2,0,0,2,2
119,5245.264,-6904.250,-186.025,-56.650,0.549445,0.834705,-0.037111,-0.835485,0.549332,-0.014095,0.008621,0.038751,0.999212,0,0.89029,-1.00000,53.418,-2.000,-1,400.000,-1,400.000,-1,325.000,325.000,300.000,300.000,-1,-1,-1,-1,800.000,725.000,-1,-1,2,0,2,0,2,0,0,0,0,2,2,2,2,0,0,2,2
120,5273.055,-6949.870,-185.635,-58.650,0.519976,0.853358,-0.037492,-0.854144,0.519860,-0.013529,0.007945,0.039058,0.999205,0,0.89029,-1.00000,53.418,-2.000,-1,400.000,-1,375.000,-1,325.000,325.000,300.000,300.000,-1,-1,-1,-1,800.000,725.000,-1,-1,2,0,2,0,2,0,0,0,0,2,2,2,2,0,0,2,2
121,5299.237,-6996.431,-185.348,-60.650,0.489878,0.870983,-0.037525,-0.871761,0.489763,-0.012846,0.007190,0.039006,0.999213,0,0.89029,-1.00000,53.418,-2.000,-1,400.000,-1,375.000,-1,325.000,325.000,300.000,300.000,-1,-1,-1,-1,825.000,725.000,-1,-1,2,0,2,0,2,0,0,0,0,2,2,2,2,0,0,2,2
122,5321.670,-7039.565,-185.156,-62.522,0.461175,0.886530,-0.037188,-0.887286,0.461058,-0.012161,0.006364,0.038604,0.999234,0,0.81029,-0.93593,48.618,-1.872,-1,400.000,-1,375.000,-1,325.000,325.000,300.000,300.000,-1,-1,-1,-1,825.000,725.000,-1,-1,2,0,2,0,2,0,0,0,0,2,2,2,2,0,0,2,2
123,5340.606,-7079.080,-185.045,-64.394,0.431984,0.901139,-0.036596,-0.901865,0.431865,-0.011504,0.005438,0.037974,0.999264,0,0.73029,-0.93593,43.818,-1.872,-1,400.000,-1,375.000,-1,325.000,325.000,300.000,300.000,-1,-1,-1,-1,825.000,725.000,-1,-1,2,0,2,0,2,0,0,0,0,2,2,2,2,0,0,2,2
124,5356.310,-7114.798,-184.964,-66.266,0.402338,0.914796,-0.035677,-0.915481,0.402213,-0.010939,0.004343,0.037063,0.999304,0,0.65029,-0.93593,39.018,-1.872,-1,400.000,-1,375.000,-1,325.000,325.000,300.000,300.000,-1,-1,-1,-1,825.000,725.000,-1,-1,2,0,2,0,2,0,0,0,0,2,2,2,2,0,0,2,2
125,5369.052,-7146.555,-184.957,-68.138,0.372261,0.927476,-0.034776,-0.928122,0.372129,-0.010416,0.003280,0.036154,0.999341,0,0.57029,-0.93593,34.218,-1.872,-1,400.000,-1,375.000,-1,325.000,325.000,300.000,300.000,-1,-1,-1,-1,825.000,725.000,-1,-1,2,0,2,0,2,0,0,0,0,2,2,2,2,0,0,2,2
126,5379.108,-7174.201,-184.954,-70.010,0.341779,0.939172,-0.033801,-0.939777,0.341648,-0.009743,0.002398,0.035095,0.999381,0,0.49029,-0.93593,29.418,-1.872,-1,400.000,-1,375.000,-1,325.000,325.000,300.000,300.000,-1,-1,-1,-1,825.000,725.000,-1,-1,2,0,2,0,2,0,0,0,0,2,2,2,2,0,0,2,2
127,5386.763,-7197.598,-184.987,-71.882,0.310930,0.949864,-0.032894,-0.950432,0.310799,-0.009144,0.001538,0.034107,0.999417,0,0.41029,-0.93593,24.618,-1.872,-1,400.000,-1,375.000,-1,325.000,325.000,300.000,300.000,-1,-1,-1,-1,825.000,725.000,-1,-1,2,0,2,0,2,0,0,0,0,2,2,2,2,0,0,2,2
128,5392.307,-7216.625,-185.048,-73.754,0.279748,0.959537,-0.032105,-0.960073,0.279615,-0.008660,0.000668,0.033246,0.999447,0,0.33029,-0.93593,19.818,-1.872,-1,400.000,-1,375.000,-1,325.000,325.000,300.000,300.000,-1,950.000,-1,-1,800.000,725.000,-1,-1,2,0,2,0,2,0,0,0,0,2,0,2,2,0,0,2,2
129,5396.035,-7231.173,-185.115,-75.625,0.248268,0.968180,-0.031484,-0.968691,0.248128,-0.008324,-0.000247,0.032565,0.999470,0,0.25029,-0.93593,15.018,-1.872,-1,400.000,-1,375.000,-1,325.000,325.000,300.000,300.000,-1,850.000,-1,-1,800.000,725.000,-1,-1,2,0,2,0,2,0,0,0,0,2,0,2,2,0,0,2,2
130,5398.247,-7241.148,-185.145,-77.497,0.216526,0.975780,-0.031147,-0.976276,0.216373,-0.008246,-0.001307,0.032193,0.999481,0,0.17029,-0.93593,10.218,-1.872,-1,400.000,-1,375.000,-1,325.000,325.000,300.000,300.000,-1,800.000,-1,-1,800.000,725.000,-1,-1,2,0,2,0,2,0,0,0,0,2,0,2,2,0,0,2,2
131,5399.246,-7246.473,-185.166,-79.369,0.184555,0.982334,-0.030986,-0.982819,0.184386,-0.008252,-0.002393,0.031977,0.999486,0,0.09029,-0.93593,5.418,-1.872,-1,400.000,-1,375.000,-1,325.000,325.000,300.000,300.000,-1,750.000,975.000,-1,800.000,725.000,-1,-1,2,0,2,0,2,0,0,0,0,2,0,0,2,0,0,2,2
132,5399.340,-7247.084,-185.157,-81.241,0.152389,0.987833,-0.031052,-0.988314,0.152200,-0.008380,-0.003552,0.031966,0.999483,0,0.01029,-0.93593,0.618,-1.872,-1,400.000,-1,375.000,-1,325.000,325.000,300.000,300.000,-1,725.000,900.000,-1,800.000,725.000,-1,-1,2,0,2,0,2,0,0,0,0,2,0,0,2,0,0,2,2
133,5398.839,-7242.932,-185.114,-83.113,0.120064,0.992272,-0.031329,-0.992755,0.119851,-0.008596,-0.004774,0.032134,0.999472,0,-0.06971,-0.93593,-4.182,-1.872,-1,400.000,-1,375.000,-1,325.000,300.000,300.000,300.000,-1,700.000,850.000,-1,775.000,700.000,-1,-1,2,0,2,0,2,0,0,0,0,2,0,0,2,0,0,2,2
134,5398.053,-7233.984,-185.049,-84.985,0.087613,0.995649,-0.031746,-0.996137,0.087375,-0.008816,-0.006004,0.032395,0.999457,0,-0.14971,-0.93593,-8.982,-1.872,-1,400.000,-1,375.000,-1,325.000,300.000,300.000,300.000,-1,675.000,800.000,-1,775.000,700.000,-1,-1,2,0,2,0,2,0,0,0,0,2,0,0,2,0,0,2,2
135,5397.298,-7220.223,-184.946,-86.857,0.055071,0.997959,-0.032326,-0.998456,0.054805,-0.009068,-0.007277,0.032775,0.999436,0,-0.22971,-0.93593,-13.782,-1.872,-1,400.000,-1,375.000,-1,325.000,300.000,300.000,300.000,-1,625.000,750.000,-1,775.000,700.000,-1,-1,2,0,2,0,2,0,0,0,0,2,0,0,2,0,0,2,2
