timestep,x_cm,y_cm,z_cm,yaw_deg,basis_xx,basis_xy,basis_xz,basis_yx,basis_yy,basis_yz,basis_zx,basis_zy,basis_zz,teleport_flag,throttle_cmd,steering_cmd,cmd_move_cm,cmd_turn_deg,lidar_cm_0,lidar_cm_1,lidar_cm_2,lidar_cm_3,lidar_cm_4,lidar_cm_5,lidar_cm_6,lidar_cm_7,lidar_cm_8,lidar_cm_9,lidar_cm_10,lidar_cm_11,lidar_cm_12,lidar_cm_13,lidar_cm_14,lidar_cm_15,lidar_cm_16,lidar_class_0,lidar_class_1,lidar_class_2,lidar_class_3,lidar_class_4,lidar_class_5,lidar_class_6,lidar_class_7,lidar_class_8,lidar_class_9,lidar_class_10,lidar_class_11,lidar_class_12,lidar_class_13,lidar_class_14,lidar_class_15,lidar_class_16
0,2295.954,4914.683,-424.547,-87.741,0.043595,0.998262,0.039665,-0.994064,0.039381,0.101417,0.099679,-0.043851,0.994053,1,0.08000,-0.12000,4.800,-0.240,-1,400.000,-1,375.000,-1,325.000,325.000,325.000,300.000,-1,475.000,550.000,-1,850.000,800.000,-1,-1,2,0,2,0,2,0,0,0,0,2,0,0,2,0,0,2,2
1,2296.251,4905.087,-423.571,-88.221,0.035222,0.998585,0.039844,-0.994342,0.031018,0.101601,0.100222,-0.043197,0.994027,0,0.16000,-0.24000,9.600,-0.480,-1,400.000,-1,375.000,-1,325.000,325.000,325.000,300.000,-1,475.000,550.000,-1,850.000,800.000,-1,-1,2,0,2,0,2,0,0,0,0,2,0,0,2,0,0,2,2
2,2296.517,4890.690,-422.099,-88.941,0.022658,0.998938,0.040119,-0.994625,0.018468,0.101883,0.101034,-0.042212,0.993987,0,0.24000,-0.36000,14.400,-0.720,-1,400.000,-1,375.000,-1,325.000,325.000,325.000,300.000,-1,500.000,550.000,-1,850.000,800.000,-1,-1,2,0,2,0,2,0,0,0,0,2,0,0,2,0,0,2,2
3,2296.549,4871.489,-420.127,-89.901,0.005900,0.999162,0.040500,-0.994755,0.001729,0.102269,0.102113,-0.040891,0.993932,0,0.32000,-0.48000,19.200,-0.960,-1,400.000,-1,375.000,-1,325.000,325.000,325.000,300.000,-1,500.000,550.000,-1,850.000,800.000,-1,-1,2,0,2,0,2,0,0,0,0,2,0,0,2,0,0,2,2
4,2296.097,4847.493,-417.646,-91.078,-0.014657,0.999052,0.040998,-0.994528,-0.018807,0.102764,0.103437,-0.039267,0.993861,0,0.40000,-0.58882,24.000,-1.178,-1,400.000,-1,400.000,-1,325.000,325.000,300.000,300.000,-1,525.000,575.000,-1,875.000,800.000,-1,-1,2,0,2,0,2,0,0,0,0,2,0,0,2,0,0,2,2
5,2294.965,4818.715,-414.652,-92.252,-0.035117,0.998516,0.041627,-0.993869,-0.039262,0.103359,0.104840,-0.037743,0.993773,0,0.48000,-0.58664,28.800,-1.173,-1,400.000,-1,400.000,-1,325.000,325.000,300.000,300.000,-1,525.000,575.000,-1,875.000,800.000,-1,-1,2,0,2,0,2,0,0,0,0,2,0,0,2,0,0,2,2
6,2292.960,4785.175,-411.139,-93.420,-0.055456,0.997561,0.042391,-0.992783,-0.059612,0.104055,0.106328,-0.036314,0.993668,0,0.56000,-0.58401,33.600,-1.168,-1,400.000,-1,400.000,-1,325.000,325.000,300.000,300.000,-1,550.000,600.000,-1,900.000,825.000,-1,-1,2,0,2,0,2,0,0,0,0,2,0,0,2,0,0,2,2
7,2289.892,4746.897,-407.098,-94.581,-0.075644,0.996195,0.043286,-0.991279,-0.079827,0.104848,0.107904,-0.034978,0.993546,0,0.64000,-0.58082,38.400,-1.162,-1,425.000,-1,400.000,-1,325.000,325.000,300.000,300.000,-1,575.000,625.000,-1,-1,825.000,-1,-1,2,0,2,0,2,0,0,0,0,2,0,0,2,2,0,2,2
8,2285.574,4703.913,-402.522,-95.735,-0.095650,0.994428,0.044310,-0.989366,-0.099875,0.105735,0.109571,-0.033725,0.993407,0,0.72000,-0.57691,43.200,-1.154,-1,425.000,-1,400.000,-1,325.000,325.000,300.000,300.000,-1,600.000,650.000,-1,-1,850.000,-1,-1,2,0,2,0,2,0,0,0,0,2,0,0,2,2,0,2,2
9,2279.824,4656.258,-397.401,-96.880,-0.115437,0.992274,0.045456,-0.987057,-0.119718,0.106709,0.111327,-0.032549,0.993251,0,0.80000,-0.57214,48.000,-1.144,-1,425.000,-1,400.000,-1,350.000,325.000,300.000,300.000,-1,625.000,675.000,-1,-1,-1,-1,-1,2,0,2,0,2,0,0,0,0,2,0,0,2,2,2,2,2
10,2272.464,4603.973,-391.732,-98.012,-0.135007,0.989748,0.046606,-0.984477,-0.139315,0.106751,0.112150,-0.031470,0.993193,0,0.88000,-0.56635,52.800,-1.133,-1,425.000,-1,425.000,-1,350.000,350.000,300.000,300.000,-1,625.000,700.000,-1,-1,-1,-1,-1,2,0,2,0,2,0,0,0,0,2,0,0,2,2,2,2,2
11,2263.323,4547.104,-385.722,-99.131,-0.154223,0.986835,0.048702,-0.981735,-0.158611,0.105064,0.111406,-0.031610,0.993272,0,0.96000,-0.55934,57.600,-1.119,-1,425.000,-1,425.000,-1,350.000,350.000,300.000,300.000,-1,675.000,775.000,-1,-1,-1,-1,-1,2,0,2,0,2,0,0,0,0,2,0,0,2,2,2,2,2
12,2252.664,4488.059,-379.808,-100.233,-0.173316,0.983638,0.049167,-0.978807,-0.177564,0.102015,0.109076,-0.030444,0.993567,0,1.00000,-0.55090,60.000,-1.102,-1,425.000,-1,425.000,-1,350.000,325.000,300.000,300.000,-1,825.000,850.000,-1,-1,-1,-1,-1,2,0,2,0,2,0,0,0,0,2,0,0,2,2,2,2,2
13,2240.892,4429.225,-373.862,-101.315,-0.192011,0.980143,0.049511,-0.975577,-0.196115,0.098935,0.106681,-0.029305,0.993861,0,1.00000,-0.54103,60.000,-1.082,-1,425.000,-1,400.000,-1,350.000,325.000,300.000,300.000,-1,900.000,950.000,-1,-1,-1,-1,-1,2,0,2,0,2,0,0,0,0,2,0,0,2,2,2,2,2
14,2228.034,4370.620,-367.872,-102.374,-0.210253,0.976378,0.049794,-0.972072,-0.214214,0.095854,0.104257,-0.028250,0.994149,0,1.00000,-0.52984,60.000,-1.060,-1,425.000,-1,400.000,-1,325.000,325.000,300.000,300.000,-1,1000.000,-1,-1,-1,-1,-1,-1,2,0,2,0,2,0,0,0,0,2,0,2,2,2,2,2,2
15,2214.120,4312.256,-361.839,-103.409,-0.227991,0.972378,0.050018,-0.968327,-0.231813,0.092771,0.101803,-0.027283,0.994430,0,1.00000,-0.51724,60.000,-1.034,-1,-1,-1,400.000,-1,325.000,325.000,300.000,300.000,-1,-1,-1,-1,-1,-1,-1,-1,2,2,2,0,2,0,0,0,0,2,2,2,2,2,2,2,2
16,2199.183,4254.146,-355.764,-104.415,-0.245175,0.968179,0.050186,-0.964378,-0.248861,0.089683,0.099318,-0.026410,0.994705,0,1.00000,-0.50317,60.000,-1.006,-1,-1,-1,400.000,-1,325.000,325.000,300.000,300.000,-1,-1,-1,-1,-1,-1,-1,-1,2,2,2,0,2,0,0,0,0,2,2,2,2,2,2,2,2
17,2183.260,4196.298,-349.649,-105.390,-0.261753,0.963823,0.050302,-0.960268,-0.265306,0.086588,0.096801,-0.025639,0.994973,0,1.00000,-0.48753,60.000,-0.975,-1,-1,-1,-1,-1,-1,325.000,300.000,300.000,-1,-1,-1,-1,-1,-1,-1,-1,2,2,2,2,2,2,0,0,0,2,2,2,2,2,2,2,2
18,2166.389,4138.720,-343.495,-106.331,-0.277670,0.959355,0.050370,-0.956042,-0.281094,0.083486,0.094252,-0.024974,0.995235,0,1.00000,-0.47022,60.000,-0.940,-1,-1,-1,-1,-1,-1,-1,300.000,300.000,-1,-1,-1,-1,-1,-1,-1,-1,2,2,2,2,2,2,2,0,0,2,2,2,2,2,2,2,2
19,2148.614,4081.414,-337.303,-107.233,-0.292871,0.954823,0.050394,-0.951747,-0.296170,0.080375,0.091669,-0.024423,0.995490,0,1.00000,-0.45113,60.000,-0.902,-1,-1,-1,-1,-1,-1,-1,300.000,300.000,-1,-1,-1,-1,-1,-1,-1,-1,2,2,2,2,2,2,2,0,0,2,2,2,2,2,2,2,2
20,2129.980,4024.381,-331.198,-108.093,-0.307223,0.950267,0.051053,-0.947400,-0.310471,0.077722,0.089707,-0.024490,0.995667,0,1.00000,-0.43012,60.000,-0.860,-1,-1,-1,-1,-1,-1,-1,300.000,300.000,-1,-1,-1,-1,-1,-1,-1,-1,2,2,2,2,2,2,2,0,0,2,2,2,2,2,2,2,2
21,2110.550,3967.619,-332.501,-108.907,-0.319881,0.944597,0.073571,-0.945164,-0.323543,0.044543,0.065879,-0.055289,0.996295,0,1.00000,-0.40704,60.000,-0.814,-1,-1,-1,-1,-1,-1,-1,250.000,350.000,-1,-1,-1,-1,-1,-1,-1,-1,2,2,2,2,2,2,2,0,0,2,2,2,2,2,2,2,2
22,2090.405,3911.107,-338.568,-109.671,-0.333853,0.936321,0.108835,-0.942258,-0.334714,-0.010805,0.026311,-0.106158,0.994001,0,1.00000,-0.38175,60.000,-0.763,-1,-1,-1,-1,-1,-1,-1,150.000,425.000,-1,-1,-1,-1,-1,-1,-1,-1,2,2,2,2,2,2,2,0,0,2,2,2,2,2,2,2,2
23,2069.601,3854.829,-344.710,-110.379,-0.349992,0.925854,0.142476,-0.936675,-0.343934,-0.065945,-0.012053,-0.156534,0.987599,0,1.00000,-0.35404,60.000,-0.708,-1,-1,-1,975.000,-1,-1,-1,75.000,550.000,-1,-1,-1,-1,-1,-1,-1,-1,2,2,2,1,2,2,2,0,0,2,2,2,2,2,2,2,2
24,-1639.848,-4919.475,-316.670,144.000,-0.804821,-0.587225,-0.086204,0.577269,-0.808239,0.116235,-0.137930,0.043786,0.989474,1,0.00000,0.00000,60.000,-0.647,-1,375.000,-1,350.000,875.000,300.000,300.000,375.000,325.000,-1,0.000,25.000,-1,650.000,600.000,-1,800.000,2,0,2,0,0,0,0,0,0,2,1,1,2,0,0,2,0
25,-1643.719,-4916.637,-317.456,143.760,-0.802348,-0.590635,-0.085950,0.580832,-0.805813,0.115321,-0.137372,0.042605,0.989603,0,0.08000,-0.12000,4.800,-0.240,-1,375.000,-1,350.000,875.000,300.000,300.000,375.000,325.000,-1,0.000,25.000,-1,625.000,600.000,-1,800.000,2,0,2,0,0,0,0,0,0,2,1,1,2,0,0,2,0
26,-1651.426,-4910.914,-319.003,143.408,-0.798701,-0.595625,-0.085484,0.586097,-0.802233,0.113636,-0.136262,0.040660,0.989838,0,0.16000,-0.17609,9.600,-0.352,-1,375.000,-1,350.000,900.000,300.000,300.000,375.000,325.000,-1,25.000,25.000,-1,625.000,600.000,-1,800.000,2,0,2,0,0,0,0,0,0,2,1,1,2,0,0,2,0
27,-1662.934,-4902.259,-321.275,143.052,-0.795003,-0.600643,-0.084839,0.591478,-0.798598,0.111332,-0.134623,0.038328,0.990155,0,0.24000,-0.17762,14.400,-0.355,-1,375.000,-1,350.000,900.000,300.000,300.000,350.000,350.000,-1,25.000,25.000,-1,625.000,600.000,-1,825.000,2,0,2,0,0,0,0,0,0,2,1,1,2,0,0,2,0
28,-1678.205,-4890.622,-324.308,142.693,-0.791205,-0.605712,-0.084312,0.596984,-0.794894,0.108410,-0.132684,0.035442,0.990524,0,0.32000,-0.17993,19.200,-0.360,-1,375.000,-1,375.000,925.000,300.000,300.000,350.000,350.000,-1,25.000,25.000,-1,625.000,600.000,-1,825.000,2,0,2,0,0,0,0,0,0,2,1,1,2,0,0,2,0
29,-1697.200,-4875.954,-328.033,142.326,-0.787310,-0.610844,-0.083740,0.602610,-0.791095,0.105020,-0.130397,0.032221,0.990938,0,0.40000,-0.18301,24.000,-0.366,-1,375.000,-1,375.000,925.000,300.000,300.000,350.000,350.000,-1,25.000,25.000,-1,625.000,600.000,-1,825.000,2,0,2,0,0,0,0,0,0,2,1,1,2,0,0,2,0
30,-1719.879,-4858.205,-332.387,141.953,-0.783318,-0.616054,-0.083010,0.608351,-0.787175,0.101316,-0.127760,0.028864,0.991385,0,0.48000,-0.18686,28.800,-0.374,-1,375.000,-1,375.000,950.000,300.000,300.000,350.000,350.000,-1,25.000,25.000,-1,625.000,600.000,-1,825.000,2,0,2,0,0,0,0,0,0,2,1,1,2,0,0,2,0
31,-1746.200,-4837.321,-336.787,141.570,-0.779244,-0.621323,-0.082074,0.613825,-0.783067,0.100124,-0.126479,0.027642,0.991584,0,0.56000,-0.19148,33.600,-0.383,-1,350.000,-1,375.000,925.000,300.000,300.000,350.000,350.000,-1,50.000,50.000,-1,625.000,600.000,-1,800.000,2,0,2,0,0,0,0,0,0,2,1,1,2,0,0,2,0
32,-1776.116,-4813.247,-341.591,141.176,-0.775053,-0.626701,-0.080862,0.619346,-0.778792,0.099473,-0.125314,0.027015,0.991749,0,0.64000,-0.19689,38.400,-0.394,-1,350.000,-1,375.000,900.000,300.000,300.000,350.000,350.000,-1,100.000,75.000,-1,600.000,575.000,1000.000,775.000,2,0,2,0,0,0,0,0,0,2,1,1,2,0,0,0,0
33,-1809.579,-4785.926,-346.900,140.770,-0.770722,-0.632215,-0.079325,0.625030,-0.774341,0.098657,-0.123797,0.026456,0.991955,0,0.72000,-0.20307,43.200,-0.406,-1,350.000,-1,350.000,850.000,300.000,300.000,350.000,350.000,-1,125.000,100.000,-1,600.000,575.000,975.000,750.000,2,0,2,0,0,0,0,0,0,2,1,1,2,0,0,0,0
34,-1845.596,-4756.078,-352.536,140.350,-0.766228,-0.637883,-0.077462,0.630896,-0.769696,0.097667,-0.121923,0.025965,0.992200,0,0.77963,-0.21003,46.778,-0.420,-1,350.000,-1,350.000,825.000,300.000,300.000,350.000,350.000,-1,150.000,150.000,-1,600.000,550.000,925.000,725.000,2,0,2,0,0,0,0,0,0,2,1,1,2,0,0,0,0
35,-1881.660,-4725.724,-358.059,139.915,-0.761561,-0.643715,-0.075206,0.636944,-0.764835,0.096592,-0.119698,0.025659,0.992479,0,0.78564,-0.21757,47.138,-0.435,-1,350.000,-1,350.000,800.000,300.000,300.000,350.000,350.000,-1,200.000,175.000,-1,575.000,550.000,900.000,700.000,2,0,2,0,0,0,0,0,0,2,1,1,2,0,0,0,0
36,-1917.762,-4694.851,-363.386,139.464,-0.756759,-0.649703,-0.072129,0.643166,-0.759747,0.095503,-0.116849,0.025882,0.992812,0,0.79173,-0.22517,47.504,-0.450,-1,350.000,-1,350.000,750.000,300.000,300.000,350.000,350.000,-1,225.000,175.000,-1,575.000,525.000,875.000,675.000,2,0,2,0,0,0,0,0,0,2,1,1,2,0,0,0,0
37,-1953.891,-4663.444,-368.624,138.999,-0.751749,-0.655851,-0.068795,0.649569,-0.754436,0.094270,-0.113729,0.026180,0.993167,0,0.79788,-0.23284,47.873,-0.466,-1,350.000,-1,325.000,725.000,300.000,300.000,350.000,350.000,-1,250.000,175.000,-1,575.000,525.000,875.000,650.000,2,0,2,0,0,0,0,0,0,2,1,1,2,0,0,0,0
38,-1990.034,-4631.487,-373.372,138.518,-0.746492,-0.662182,-0.065306,0.656377,-0.748923,0.091011,-0.109175,0.025073,0.993706,0,0.80411,-0.24057,48.247,-0.481,-1,350.000,-1,325.000,725.000,300.000,275.000,350.000,350.000,-1,275.000,150.000,-1,575.000,525.000,875.000,625.000,2,0,2,0,0,0,0,0,0,2,1,0,2,0,0,0,0
39,-2026.180,-4598.965,-377.979,138.021,-0.741004,-0.668670,-0.061598,0.663368,-0.743176,0.087363,-0.104195,0.023874,0.994270,0,0.81040,-0.24837,48.624,-0.497,-1,350.000,-1,325.000,725.000,300.000,275.000,350.000,350.000,-1,225.000,150.000,-1,575.000,525.000,875.000,625.000,2,0,2,0,0,0,0,0,0,2,0,0,2,0,0,1,0
40,-2062.315,-4565.863,-382.442,137.508,-0.735269,-0.675310,-0.057759,0.670521,-0.737188,0.083404,-0.098903,0.022596,0.994840,0,0.81676,-0.25622,49.006,-0.512,-1,350.000,-1,325.000,700.000,300.000,275.000,350.000,350.000,-1,175.000,175.000,-1,575.000,525.000,900.000,625.000,2,0,2,0,0,0,0,0,0,2,0,0,2,0,0,1,0
41,-2098.424,-4532.167,-386.735,136.980,-0.729270,-0.682100,-0.053903,0.677827,-0.730953,0.079109,-0.093360,0.021155,0.995408,0,0.82318,-0.26414,49.391,-0.528,-1,350.000,-1,325.000,775.000,275.000,275.000,350.000,350.000,-1,150.000,175.000,-1,550.000,525.000,-1,625.000,2,0,2,0,1,0,0,0,0,2,0,0,2,0,0,2,0
42,-2134.494,-4497.862,-390.890,136.436,-0.722999,-0.689036,-0.050018,0.685292,-0.724466,0.074321,-0.087446,0.019457,0.995979,0,0.82966,-0.27212,49.780,-0.544,-1,350.000,-1,325.000,-1,275.000,275.000,350.000,350.000,-1,150.000,175.000,-1,550.000,525.000,-1,625.000,2,0,2,0,2,0,0,0,0,2,0,0,2,0,0,2,0
43,-2170.371,-4462.792,-395.007,135.652,-0.713704,-0.698922,-0.046205,0.695760,-0.715002,0.068478,-0.080898,0.016725,0.996582,0,0.83620,-0.39212,50.172,-0.784,-1,350.000,-1,325.000,-1,275.000,275.000,350.000,350.000,-1,150.000,175.000,-1,550.000,525.000,-1,-1,2,0,2,0,2,0,0,0,0,2,0,0,2,0,0,2,2
44,-2205.942,-4426.852,-398.912,134.704,-0.702238,-0.710678,-0.042404,0.708062,-0.703381,0.062483,-0.074231,0.013853,0.997145,0,0.84280,-0.47364,50.568,-0.947,-1,350.000,-1,325.000,-1,275.000,275.000,350.000,350.000,-1,150.000,150.000,-1,550.000,525.000,-1,-1,2,0,2,0,2,0,0,0,0,2,0,0,2,1,0,2,2
45,-2244.391,-4387.013,-402.903,133.982,-0.693433,-0.719508,-0.038190,0.717426,-0.694392,0.055855,-0.066707,0.011333,0.997708,0,0.92280,-0.36100,55.368,-0.722,-1,325.000,-1,325.000,-1,275.000,275.000,350.000,350.000,-1,150.000,150.000,-1,575.000,525.000,-1,-1,2,0,2,0,2,0,0,0,0,2,0,0,2,1,0,2,2
46,-2285.410,-4343.435,-406.806,133.268,-0.684608,-0.728133,-0.033683,0.726583,-0.685383,0.048247,-0.058216,0.008557,0.998267,0,0.99746,-0.35732,59.848,-0.715,-1,325.000,-1,325.000,-1,275.000,275.000,325.000,350.000,-1,125.000,150.000,-1,625.000,-1,-1,-1,2,0,2,0,2,0,0,0,0,2,0,0,2,1,2,2,2
47,-2325.992,-4299.243,-410.106,132.562,-0.675830,-0.736530,-0.027879,0.735423,-0.676366,0.041002,-0.049056,0.007208,0.998770,0,1.00000,-0.35299,60.000,-0.706,-1,325.000,-1,325.000,-1,275.000,275.000,325.000,350.000,-1,125.000,150.000,-1,775.000,-1,-1,-1,2,0,2,0,2,0,0,0,0,2,0,0,2,1,2,2,2
48,-2366.035,-4254.561,-412.634,131.865,-0.667099,-0.744692,-0.020310,0.743931,-0.667361,0.034595,-0.039317,0.007969,0.999195,0,1.00000,-0.34819,60.000,-0.696,-1,325.000,-1,325.000,-1,275.000,275.000,350.000,350.000,-1,125.000,125.000,-1,-1,-1,-1,-1,2,0,2,0,2,0,0,0,0,2,0,0,2,2,2,2,2
49,-2402.545,-4213.162,-414.698,131.409,-0.661328,-0.749978,-0.013389,0.749482,-0.661403,0.028704,-0.030382,0.008948,0.999498,0,0.92000,-0.22819,55.200,-0.456,-1,350.000,-1,325.000,-1,275.000,275.000,350.000,350.000,-1,125.000,125.000,-1,-1,-1,-1,-1,2,1,2,0,2,0,0,0,0,2,0,0,2,2,2,2,2
50,-2435.738,-4175.236,-416.252,131.193,-0.658588,-0.752465,-0.007628,0.752165,-0.658561,0.023327,-0.022576,0.009625,0.999699,0,0.84000,-0.10819,50.400,-0.216,-1,350.000,-1,-1,-1,275.000,275.000,350.000,350.000,-1,125.000,125.000,-1,-1,-1,-1,-1,2,1,2,2,2,0,0,0,0,2,0,0,2,2,2,2,2
51,-2467.984,-4138.423,-417.187,131.216,-0.658926,-0.752198,-0.003811,0.752035,-0.658875,0.018077,-0.016109,0.009046,0.999829,0,0.81565,0.01181,48.939,0.024,-1,400.000,-1,-1,-1,275.000,275.000,350.000,350.000,-1,150.000,150.000,-1,-1,-1,-1,-1,2,1,2,2,2,0,0,0,0,2,0,0,2,2,2,2,2
52,-2500.586,-4101.547,-417.890,131.480,-0.662386,-0.749163,-0.000154,0.749099,-0.662333,0.012848,-0.009728,0.008395,0.999917,0,0.82036,0.13181,49.222,0.264,-1,450.000,-1,-1,-1,275.000,275.000,350.000,350.000,-1,150.000,150.000,-1,-1,-1,-1,-1,2,1,2,2,2,0,0,0,0,2,0,0,2,2,2,2,2
53,-2533.703,-4064.745,-418.359,131.983,-0.668931,-0.743317,0.003343,0.743316,-0.668897,0.007635,-0.003439,0.007593,0.999965,0,0.82515,0.25181,49.509,0.504,-1,500.000,-1,-1,-1,300.000,-1,350.000,350.000,-1,175.000,175.000,-1,-1,-1,-1,-1,2,1,2,2,2,1,2,0,0,2,0,0,2,2,2,2,2
54,-2567.495,-4028.160,-419.438,132.727,-0.678507,-0.734591,0.002223,0.734594,-0.678504,0.002110,-0.000042,0.003065,0.999995,0,0.83005,0.37181,49.803,0.744,-1,-1,-1,-1,-1,325.000,-1,325.000,350.000,-1,175.000,200.000,-1,-1,-1,-1,-1,2,2,2,2,2,1,2,0,0,2,0,0,2,2,2,2,2
55,-2602.120,-3991.941,-422.761,133.711,-0.691029,-0.722826,0.001244,0.722815,-0.691006,0.007037,-0.004227,0.005762,0.999974,0,0.83512,0.49181,50.107,0.984,-1,-1,-1,-1,-1,-1,-1,325.000,325.000,-1,225.000,250.000,-1,-1,-1,-1,-1,2,2,2,2,2,2,2,0,0,2,0,0,2,2,2,2,2
56,-2637.676,-3956.186,-428.549,134.840,-0.705224,-0.708984,-0.000012,0.708788,-0.705030,0.023502,-0.016671,0.016566,0.999724,0,0.84040,0.56453,50.424,1.129,-1,-1,-1,-1,-1,-1,-1,325.000,275.000,-1,300.000,325.000,-1,-1,-1,-1,-1,2,2,2,2,2,2,2,0,1,2,0,0,2,2,2,2,2
57,-2674.168,-3920.918,-435.267,135.974,-0.719320,-0.694673,-0.002910,0.693903,-0.718709,0.044222,-0.032811,0.029790,0.999018,0,0.84581,0.56727,50.748,1.135,-1,-1,-1,-1,-1,-1,-1,325.000,250.000,-1,450.000,450.000,-1,-1,-1,-1,-1,2,2,2,2,2,2,2,0,1,2,0,0,2,2,2,2,2
58,-2711.592,-3886.164,-442.880,137.115,-0.733325,-0.679833,-0.007845,0.677833,-0.731964,0.069082,-0.052706,0.045342,0.997580,0,0.85117,0.57019,51.070,1.140,-1,-1,-1,-1,-1,-1,-1,325.000,225.000,-1,725.000,700.000,-1,-1,-1,-1,-1,2,2,2,2,2,2,2,0,1,2,0,0,2,2,2,2,2
59,-2749.945,-3851.955,-451.387,138.261,-0.747226,-0.664400,-0.015023,0.660180,-0.744694,0.097945,-0.076262,0.063269,0.995078,0,0.85648,0.57333,51.389,1.147,975.000,950.000,-1,-1,-1,-1,-1,325.000,200.000,-1,-1,-1,-1,-1,-1,-1,-1,1,1,2,2,2,2,2,1,1,2,2,2,2,2,2,2,2
60,-2789.221,-3818.323,-460.457,139.415,-0.761074,-0.648208,-0.024344,0.640221,-0.756674,0.132519,-0.104320,0.085271,0.990882,0,0.86170,0.57675,51.702,1.154,850.000,825.000,-1,-1,-1,-1,-1,350.000,200.000,-1,-1,-1,-1,-1,-1,-1,-1,1,1,2,2,2,2,2,1,1,2,2,2,2,2,2,2,2
61,-2829.412,-3785.301,-470.424,140.576,-0.774773,-0.631206,-0.036129,0.617550,-0.767783,0.170707,-0.135490,0.109948,0.984659,0,0.86680,0.58051,52.008,1.161,725.000,700.000,-1,-1,-1,-1,-1,375.000,175.000,-1,-1,0.000,-1,-1,-1,-1,-1,1,1,2,2,2,2,2,1,1,2,2,0,2,2,2,2,2
62,-8199.150,983.861,109.981,-167.628,-0.975621,0.213811,0.049482,-0.209706,-0.974723,0.077056,0.064707,0.064801,0.995798,1,0.00000,0.00000,52.304,1.169,725.000,350.000,-1,375.000,-1,300.000,300.000,325.000,325.000,-1,350.000,250.000,875.000,550.000,700.000,675.000,-1,0,0,2,0,2,0,0,0,0,2,0,0,0,0,0,0,2
63,-8203.834,982.813,110.296,-167.388,-0.974697,0.217892,0.049882,-0.213729,-0.973816,0.077478,0.065457,0.064856,0.995745,0,0.08000,0.12000,4.800,0.240,750.000,350.000,-1,375.000,-1,300.000,300.000,325.000,325.000,-1,350.000,250.000,875.000,550.000,700.000,675.000,-1,0,0,2,0,2,0,0,0,0,2,0,0,0,0,0,0,2
64,-8213.184,980.638,110.935,-166.908,-0.972799,0.226041,0.050682,-0.221762,-0.971949,0.078331,0.066967,0.064961,0.995638,0,0.16000,0.24000,9.600,0.480,750.000,350.000,-1,375.000,-1,300.000,300.000,325.000,325.000,-1,350.000,250.000,875.000,550.000,700.000,675.000,-1,0,0,2,0,2,0,0,0,0,2,0,0,0,0,0,0,2
65,-8227.168,977.200,111.907,-166.188,-0.969821,0.238234,0.051886,-0.233778,-0.969023,0.079635,0.069250,0.065102,0.995473,0,0.24000,0.36000,14.400,0.720,800.000,350.000,-1,375.000,-1,300.000,300.000,325.000,300.000,-1,350.000,250.000,875.000,550.000,700.000,675.000,-1,0,0,2,0,2,0,0,0,0,2,0,0,0,0,0,0,2
66,-8245.741,972.335,113.232,-165.326,-0.966046,0.252772,0.053503,-0.248071,-0.965314,0.081419,0.072227,0.065382,0.995243,0,0.32000,0.43073,19.200,0.861,825.000,350.000,-1,375.000,-1,300.000,300.000,325.000,300.000,-1,325.000,225.000,875.000,550.000,700.000,675.000,-1,0,0,2,0,2,0,0,0,0,2,0,0,0,0,0,0,2
67,-8268.864,965.906,114.926,-164.465,-0.962026,0.267246,0.055550,-0.262229,-0.961368,0.083711,0.075775,0.065965,0.994941,0,0.40000,0.43073,24.000,0.861,900.000,350.000,-1,375.000,-1,300.000,300.000,325.000,300.000,-1,300.000,225.000,850.000,550.000,700.000,725.000,-1,0,0,2,0,2,0,0,0,0,2,0,0,0,0,0,0,2
68,-8296.493,957.775,117.014,-163.603,-0.957760,0.281653,0.058030,-0.276241,-0.957185,0.086534,0.079918,0.066849,0.994557,0,0.48000,0.43073,28.800,0.861,975.000,350.000,-1,375.000,-1,300.000,300.000,325.000,300.000,-1,300.000,200.000,825.000,550.000,700.000,775.000,-1,0,0,2,0,2,0,0,0,0,2,0,0,0,0,0,0,2
69,-8328.579,947.804,119.519,-162.742,-0.953245,0.295989,0.060944,-0.290091,-0.952766,0.089914,0.084679,0.068031,0.994083,0,0.56000,0.43073,33.600,0.861,-1,350.000,-1,375.000,-1,300.000,300.000,325.000,300.000,-1,275.000,200.000,825.000,575.000,700.000,825.000,-1,2,0,2,0,2,0,0,0,0,2,0,0,0,0,0,0,2
70,-8365.075,935.859,122.472,-161.880,-0.948479,0.310248,0.064295,-0.303764,-0.948111,0.093877,0.090084,0.069509,0.993506,0,0.64000,0.43073,38.400,0.861,-1,350.000,-1,375.000,-1,300.000,300.000,325.000,300.000,-1,275.000,200.000,800.000,575.000,700.000,925.000,-1,2,0,2,0,2,0,0,0,0,2,0,0,0,0,0,0,2
71,-8405.926,921.805,125.907,-161.019,-0.943457,0.324427,0.068085,-0.317241,-0.943221,0.098450,0.096159,0.071284,0.992810,0,0.72000,0.43073,43.200,0.861,-1,350.000,-1,375.000,-1,300.000,300.000,325.000,300.000,-1,250.000,175.000,775.000,575.000,700.000,-1,-1,2,0,2,0,2,0,0,0,0,2,0,0,0,0,0,2,2
72,-8451.076,905.510,130.258,-160.158,-0.938208,0.338556,0.071735,-0.330758,-0.938195,0.101932,0.101811,0.071907,0.992202,0,0.80000,0.43073,48.000,0.861,-1,350.000,-1,375.000,-1,300.000,300.000,325.000,300.000,-1,250.000,200.000,775.000,575.000,700.000,-1,-1,2,0,2,0,2,0,0,0,0,2,0,0,0,0,0,2,2
73,-8500.466,886.842,135.480,-159.296,-0.932695,0.352629,0.075717,-0.344239,-0.933012,0.104824,0.107609,0.071704,0.991604,0,0.88000,0.43073,52.800,0.861,-1,350.000,-1,375.000,-1,300.000,300.000,325.000,300.000,-1,275.000,200.000,800.000,575.000,700.000,-1,-1,2,0,2,0,2,0,0,0,0,2,0,0,0,0,0,2,2
74,-8554.035,865.669,141.486,-158.435,-0.926877,0.366631,0.080503,-0.357568,-0.927641,0.107827,0.114211,0.071157,0.990905,0,0.96000,0.43073,57.600,0.861,-1,350.000,-1,375.000,-1,300.000,300.000,325.000,325.000,-1,275.000,225.000,800.000,575.000,725.000,-1,-1,2,0,2,0,2,0,0,0,0,2,0,0,0,0,0,2,2
75,-8608.116,843.348,148.110,-157.573,-0.920811,0.380553,0.085359,-0.370785,-0.922066,0.110966,0.120935,0.070528,0.990152,0,0.97509,0.43073,58.505,0.861,-1,350.000,-1,375.000,-1,300.000,300.000,325.000,325.000,-1,275.000,225.000,825.000,600.000,750.000,-1,-1,2,0,2,0,2,0,0,0,0,2,0,0,0,0,0,2,2
76,-8661.854,820.214,155.554,-156.712,-0.914782,0.394329,0.087622,-0.383844,-0.916138,0.115566,0.125845,0.072084,0.989428,0,0.97509,0.43073,58.505,0.861,-1,350.000,-1,375.000,-1,300.000,300.000,325.000,325.000,-1,325.000,275.000,825.000,625.000,775.000,-1,-1,2,0,2,0,2,0,0,0,0,2,0,0,0,0,0,2,2
77,-8715.238,796.275,163.288,-155.850,-0.908535,0.408011,0.089947,-0.396753,-0.910000,0.120363,0.130961,0.073667,0.988647,0,0.97509,0.43073,58.505,0.861,-1,350.000,-1,375.000,-1,300.000,300.000,325.000,325.000,-1,350.000,300.000,850.000,650.000,800.000,-1,-1,2,0,2,0,2,0,0,0,0,2,0,0,0,0,0,2,2
78,-8768.257,771.536,171.271,-154.989,-0.902074,0.421602,0.092267,-0.409548,-0.903667,0.125127,0.136133,0.075086,0.987841,0,0.97509,0.43073,58.505,0.861,-1,350.000,-1,375.000,-1,300.000,300.000,325.000,325.000,-1,375.000,300.000,850.000,675.000,825.000,-1,-1,2,0,2,0,2,0,0,0,0,2,0,0,0,0,0,2,2
79,-8820.897,746.003,179.509,-154.127,-0.895401,0.435100,0.094581,-0.422230,-0.897141,0.129846,0.141349,0.076329,0.987013,0,0.97509,0.43073,58.505,0.861,-1,350.000,-1,375.000,-1,300.000,300.000,350.000,325.000,-1,400.000,300.000,875.000,750.000,850.000,-1,-1,2,0,2,0,2,0,0,0,0,2,0,0,0,0,0,2,2
80,-8873.148,719.682,188.006,-153.266,-0.888515,0.448502,0.096889,-0.434798,-0.890425,0.134513,0.146602,0.077390,0.986164,0,0.97509,0.43073,58.505,0.861,-1,375.000,-1,375.000,-1,300.000,300.000,350.000,325.000,-1,425.000,300.000,875.000,900.000,900.000,-1,-1,2,0,2,0,2,0,0,0,0,2,0,0,0,0,0,2,2
81,-8924.998,692.580,196.334,-152.404,-0.881428,0.461871,0.098792,-0.447681,-0.883643,0.136960,0.150555,0.076493,0.985638,0,0.97509,0.43073,58.505,0.861,-1,375.000,-1,400.000,-1,300.000,300.000,350.000,325.000,-1,425.000,300.000,900.000,-1,950.000,-1,-1,2,0,2,0,2,0,0,0,0,2,0,0,0,2,0,2,2
82,-8976.435,664.703,204.806,-151.543,-0.874122,0.475162,0.100655,-0.460593,-0.876705,0.138713,0.154156,0.074892,0.985204,0,0.97509,0.43073,58.505,0.861,-1,375.000,-1,400.000,-1,300.000,300.000,350.000,325.000,-1,400.000,325.000,950.000,-1,-1,-1,-1,2,0,2,0,2,0,0,0,0,2,0,0,0,2,2,2,2
83,-9027.447,636.057,213.518,-150.681,-0.866593,0.488365,0.102550,-0.473484,-0.869597,0.140053,0.157574,0.072813,0.984819,0,0.97509,0.43073,58.505,0.861,-1,375.000,-1,400.000,-1,300.000,300.000,350.000,325.000,-1,400.000,325.000,975.000,-1,-1,-1,-1,2,0,2,0,2,0,0,0,0,2,0,0,0,2,2,2,2
84,-9078.023,606.647,222.539,-149.820,-0.858838,0.501485,0.104455,-0.486415,-0.862330,0.140671,0.160619,0.070005,0.984531,0,0.97509,0.43073,58.505,0.861,-1,400.000,-1,425.000,-1,300.000,325.000,350.000,325.000,-1,400.000,350.000,-1,-1,-1,-1,-1,2,0,2,0,2,0,0,0,0,2,0,0,2,2,2,2,2
85,-9128.151,576.481,231.615,-148.959,-0.851070,0.514485,0.104806,-0.499438,-0.854845,0.140720,0.161991,0.067418,0.984487,0,0.97509,0.43073,58.505,0.861,-1,425.000,-1,425.000,-1,325.000,325.000,350.000,350.000,-1,425.000,375.000,-1,-1,-1,-1,-1,2,0,2,0,2,0,0,0,0,2,0,0,2,2,2,2,2
86,-9177.819,545.563,240.368,-148.097,-0.843418,0.527314,0.102888,-0.512361,-0.847069,0.141285,0.161655,0.066446,0.984608,0,0.97509,0.43073,58.505,0.861,-1,450.000,-1,425.000,-1,325.000,325.000,350.000,325.000,-1,475.000,450.000,-1,-1,-1,-1,-1,2,0,2,0,2,0,0,0,0,2,0,0,2,2,2,2,2
87,-9223.480,515.908,248.617,-146.996,-0.833289,0.543567,0.100822,-0.528793,-0.836879,0.141464,0.161270,0.064566,0.984796,0,0.90746,0.55073,54.447,1.101,-1,450.000,-1,425.000,-1,350.000,350.000,350.000,325.000,-1,550.000,500.000,-1,-1,-1,-1,-1,2,0,2,0,2,0,0,0,0,2,0,0,2,2,2,2,2
88,-9268.434,485.192,256.979,-145.654,-0.820491,0.563107,0.098512,-0.548604,-0.824067,0.141236,0.160712,0.061839,0.985062,0,0.90746,0.67073,54.447,1.341,-1,475.000,-1,450.000,-1,350.000,350.000,350.000,325.000,-1,650.000,575.000,-1,-1,-1,-1,-1,2,0,2,0,2,0,0,0,0,2,0,0,2,2,2,2,2
89,-9312.537,453.266,265.504,-144.096,-0.805047,0.585423,0.095805,-0.571290,-0.808618,0.140585,0.159771,0.058445,0.985422,0,0.90746,0.77896,54.447,1.558,-1,475.000,-1,475.000,-1,375.000,375.000,350.000,325.000,-1,750.000,650.000,-1,-1,-1,-1,-1,2,0,2,0,2,0,0,0,0,2,0,0,2,2,2,2,2
90,-9355.756,420.153,274.162,-142.538,-0.789016,0.607313,0.092867,-0.593626,-0.792562,0.139477,0.158309,0.054921,0.985861,0,0.90746,0.77896,54.447,1.558,-1,500.000,-1,475.000,-1,375.000,375.000,375.000,325.000,-1,825.000,750.000,-1,-1,-1,-1,-1,2,0,2,0,2,0,0,0,0,2,0,0,2,2,2,2,2
91,-9398.058,385.878,282.949,-140.980,-0.772405,0.628759,0.089739,-0.615593,-0.775909,0.137876,0.156320,0.051254,0.986376,0,0.90746,0.77896,54.447,1.558,-1,500.000,-1,500.000,-1,400.000,375.000,375.000,325.000,-1,925.000,850.000,-1,-1,-1,-1,-1,2,0,2,0,2,0,0,0,0,2,0,0,2,2,2,2,2
92,-9439.413,350.465,291.795,-139.422,-0.755262,0.649737,0.086147,-0.637170,-0.758662,0.135815,0.153601,0.047685,0.986982,0,0.90746,0.77896,54.447,1.558,-1,525.000,-1,500.000,-1,400.000,400.000,375.000,325.000,-1,-1,975.000,-1,-1,-1,-1,-1,2,0,2,0,2,0,0,0,0,2,2,0,2,2,2,2,2
93,-9479.788,313.942,298.952,-137.865,-0.738072,0.670215,0.077858,-0.658985,-0.740819,0.130104,0.144876,0.044719,0.988439,0,0.90746,0.77896,54.447,1.558,-1,525.000,-1,500.000,-1,400.000,400.000,375.000,325.000,-1,-1,-1,-1,-1,-1,-1,-1,2,0,2,0,2,0,0,0,0,2,2,2,2,2,2,2,2
94,-9519.157,276.335,305.770,-136.307,-0.719984,0.690253,0.071930,-0.680333,-0.722475,0.123194,0.137003,0.039762,0.989772,0,0.90746,0.77896,54.447,1.558,-1,525.000,-1,500.000,-1,375.000,375.000,350.000,325.000,-1,-1,-1,-1,-1,-1,-1,-1,2,0,2,0,2,0,0,0,0,2,2,2,2,2,2,2,2
95,-9557.488,237.672,312.658,-134.749,-0.701285,0.709780,0.066424,-0.701158,-0.703580,0.115551,0.128750,0.034460,0.991078,0,0.90746,0.77896,54.447,1.558,-1,550.000,-1,500.000,-1,375.000,375.000,350.000,325.000,-1,-1,-1,-1,-1,-1,-1,-1,2,0,2,0,2,0,0,0,0,2,2,2,2,2,2,2,2
96,-9594.753,197.979,318.886,-133.191,-0.682108,0.728716,0.060840,-0.720973,-0.684089,0.110549,0.122179,0.031542,0.992007,0,0.90746,0.77896,54.447,1.558,-1,550.000,-1,500.000,-1,375.000,375.000,350.000,325.000,-1,-1,-1,-1,-1,-1,-1,-1,2,0,2,0,2,0,0,0,0,2,2,2,2,2,2,2,2
97,-9630.925,157.287,325.006,-131.633,-0.662393,0.747104,0.055417,-0.740162,-0.664075,0.105663,0.115742,0.028972,0.992857,0,0.90746,0.77896,54.447,1.558,-1,575.000,-1,500.000,-1,375.000,375.000,350.000,300.000,-1,-1,-1,-1,-1,-1,-1,-1,2,0,2,0,2,0,0,0,0,2,2,2,2,2,2,2,2
98,-9665.978,115.626,331.091,-130.075,-0.642147,0.764935,0.050211,-0.758758,-0.643563,0.100564,0.109239,0.026479,0.993663,0,0.90746,0.77896,54.447,1.558,-1,575.000,-1,475.000,-1,400.000,350.000,325.000,300.000,-1,0.000,0.000,-1,-1,-1,-1,-1,2,0,2,0,2,0,0,0,0,2,0,0,2,2,2,2,2
99,-9699.885,73.029,336.496,-128.517,-0.621272,0.782244,0.045995,-0.777109,-0.622603,0.092017,0.100616,0.021424,0.994695,0,0.90746,0.77896,54.447,1.558,-1,575.000,-1,500.000,-1,400.000,375.000,325.000,300.000,-1,0.000,0.000,-1,-1,-1,-1,-1,2,0,2,0,2,0,0,0,0,2,0,0,2,2,2,2,2
100,-9732.623,29.526,341.222,-126.959,-0.599803,0.798989,0.043039,-0.795084,-0.601186,0.080102,0.089875,0.013826,0.995857,0,0.90746,0.77896,54.447,1.558,-1,550.000,-1,500.000,-1,400.000,375.000,300.000,300.000,-1,0.000,0.000,-1,-1,-1,-1,-1,2,0,2,0,2,0,0,0,0,2,0,0,2,2,2,2,2
101,-9764.165,-14.851,345.903,-125.401,-0.577889,0.815100,0.040686,-0.812276,-0.579285,0.068094,0.079072,0.006302,0.996849,0,0.90746,0.77896,54.447,1.558,-1,550.000,-1,500.000,-1,400.000,375.000,300.000,300.000,-1,0.000,-1,-1,-1,-1,-1,-1,2,0,2,0,2,0,0,0,0,2,0,2,2,2,2,2,2
102,-9794.487,-60.071,350.379,-123.843,-0.555610,0.830565,0.038198,-0.828677,-0.556922,0.055967,0.067757,-0.000558,0.997702,0,0.90746,0.77896,54.447,1.558,-1,525.000,-1,500.000,-1,400.000,375.000,300.000,325.000,-1,-1,-1,-1,-1,-1,-1,-1,2,0,2,0,2,0,0,0,0,2,2,2,2,2,2,2,2
103,-9823.569,-106.099,353.851,-122.285,-0.533042,0.845393,0.034308,-0.844086,-0.534131,0.047152,0.058187,-0.003825,0.998298,0,0.90746,0.77896,54.447,1.558,-1,525.000,-1,500.000,-1,375.000,375.000,300.000,325.000,-1,-1,-1,-1,-1,-1,-1,-1,2,0,2,0,2,0,0,0,0,2,2,2,2,2,2,2,2
104,-9851.389,-152.902,356.951,-120.727,-0.510072,0.859594,0.030405,-0.858695,-0.510944,0.039739,0.049694,-0.005839,0.998747,0,0.90746,0.77896,54.447,1.558,-1,500.000,-1,500.000,-1,375.000,375.000,300.000,350.000,-1,-1,-1,-1,-1,-1,-1,-1,2,0,2,0,2,0,0,0,0,2,2,2,2,2,2,2,2
105,-9877.925,-200.443,359.033,-119.169,-0.486895,0.873175,0.022346,-0.872618,-0.487389,0.031449,0.038352,-0.004187,0.999256,0,0.90746,0.77896,54.447,1.558,-1,500.000,-1,475.000,-1,375.000,375.000,300.000,325.000,-1,-1,-1,-1,-1,-1,-1,-1,2,0,2,0,2,0,0,0,0,2,2,2,2,2,2,2,2
106,-9903.159,-248.689,360.424,-117.611,-0.463294,0.886110,0.012937,-0.885826,-0.463473,0.022458,0.025896,-0.001055,0.999664,0,0.90746,0.77896,54.447,1.558,-1,475.000,-1,450.000,-1,375.000,350.000,325.000,325.000,-1,-1,-1,-1,-1,-1,-1,-1,2,0,2,0,2,0,0,0,0,2,2,2,2,2,2,2,2
107,-9927.073,-297.603,361.156,-116.054,-0.439147,0.898384,0.007551,-0.898278,-0.439211,0.013827,0.015738,-0.000711,0.999876,0,0.90746,0.77896,54.447,1.558,-1,475.000,-1,450.000,-1,350.000,350.000,325.000,325.000,-1,-1,-1,-1,-1,-1,-1,-1,2,0,2,0,2,0,0,0,0,2,2,2,2,2,2,2,2
108,-9949.648,-347.150,361.891,-114.496,-0.414614,0.909993,0.002795,-0.909979,-0.414624,0.005029,0.005735,-0.000459,0.999983,0,0.90746,0.77896,54.447,1.558,-1,475.000,-1,425.000,-1,350.000,350.000,325.000,300.000,-1,-1,-1,-1,-1,-1,-1,-1,2,0,2,0,2,0,0,0,0,2,2,2,2,2,2,2,2
109,-9970.868,-397.292,362.626,-112.938,-0.389728,0.920929,-0.001337,-0.920921,-0.389730,-0.003904,-0.004116,-0.000290,0.999991,0,0.90746,0.77896,54.447,1.558,-1,475.000,-1,425.000,-1,350.000,325.000,325.000,300.000,-1,-1,-1,-1,-1,-1,-1,-1,2,0,2,0,2,0,0,0,0,2,2,2,2,2,2,2,2
110,-9990.716,-447.993,363.360,-111.380,-0.364516,0.931185,-0.004854,-0.931095,-0.364548,-0.012942,-0.013821,-0.000198,0.999904,0,0.90746,0.77896,54.447,1.558,-1,475.000,-1,425.000,-1,350.000,325.000,325.000,300.000,-1,-1,-1,-1,-1,975.000,-1,-1,2,0,2,0,2,0,0,0,0,2,2,2,2,2,0,2,2
111,-10009.179,-499.215,364.091,-109.822,-0.339008,0.940752,-0.007767,-0.940493,-0.339097,-0.022060,-0.023387,-0.000173,0.999726,0,0.90746,0.77896,54.447,1.558,-1,475.000,-1,425.000,-1,350.000,325.000,325.000,300.000,-1,-1,-1,-1,-1,950.000,-1,-1,2,0,2,0,2,0,0,0,0,2,2,2,2,2,0,2,2
112,-10024.936,-546.296,364.742,-108.504,-0.317214,0.948302,-0.009933,-0.947816,-0.317369,-0.030361,-0.031944,-0.000216,0.999490,0,0.82746,0.65896,49.647,1.318,-1,475.000,-1,425.000,-1,350.000,325.000,325.000,300.000,-1,-1,-1,-1,-1,925.000,-1,-1,2,0,2,0,2,0,0,0,0,2,2,2,2,2,0,2,2
113,-10039.588,-592.977,364.050,-107.426,-0.299435,0.954095,-0.006456,-0.953437,-0.299471,-0.035705,-0.035999,-0.004535,0.999342,0,0.81544,0.53896,48.926,1.078,-1,475.000,-1,425.000,-1,350.000,350.000,325.000,325.000,-1,-1,-1,-1,-1,925.000,-1,-1,2,0,2,0,2,0,0,0,0,2,2,2,2,2,0,2,2
114,-10053.554,-639.868,362.486,-106.588,-0.285699,0.958319,-0.000965,-0.957405,-0.285470,-0.043400,-0.041866,-0.011476,0.999057,0,0.81544,0.41896,48.926,0.838,-1,450.000,-1,425.000,-1,350.000,350.000,300.000,325.000,-1,-1,-1,-1,-1,925.000,-1,-1,2,0,2,0,2,0,0,0,0,2,2,2,2,2,0,2,2
115,-10067.030,-686.903,360.913,-105.990,-0.276012,0.961142,0.004762,-0.959973,-0.275424,-0.050925,-0.047634,-0.018628,0.998691,0,0.81544,0.29896,48.926,0.598,-1,450.000,-1,425.000,-1,350.000,350.000,300.000,350.000,-1,-1,-1,-1,-1,925.000,-1,-1,2,0,2,0,2,0,0,0,0,2,2,2,2,2,0,2,2
116,-10080.212,-734.020,358.457,-105.632,-0.270225,0.962762,0.008198,-0.961459,-0.269392,-0.054994,-0.050737,-0.022742,0.998453,0,0.81544,0.17896,48.926,0.358,-1,450.000,-1,425.000,-1,350.000,350.000,300.000,350.000,-1,-1,-1,-1,-1,950.000,-1,-1,2,0,2,0,2,0,0,0,0,2,2,2,2,2,0,2,2
117,-10093.299,-781.164,354.872,-105.514,-0.268282,0.963312,0.007359,-0.961788,-0.267409,-0.058795,-0.054670,-0.022852,0.998243,0,0.81544,0.05896,48.926,0.118,-1,450.000,-1,425.000,-1,350.000,350.000,275.000,350.000,-1,-1,-1,-1,-1,925.000,-1,-1,2,0,2,0,2,0,0,0,0,2,2,2,2,2,0,2,2
118,-10106.303,-828.331,351.280,-105.414,-0.266624,0.963779,0.006404,-0.962010,-0.265718,-0.062692,-0.058720,-0.022876,0.998012,0,0.81544,0.05027,48.926,0.101,-1,450.000,-1,425.000,-1,350.000,350.000,275.000,325.000,-1,-1,-1,-1,-1,900.000,-1,-1,2,0,2,0,2,0,0,0,0,2,2,2,2,2,0,2,2
119,-10119.224,-875.521,347.725,-105.313,-0.264964,0.964242,0.005528,-0.962214,-0.264025,-0.066592,-0.062751,-0.022964,0.997765,0,0.81544,0.05027,48.926,0.101,-1,425.000,-1,425.000,-1,350.000,325.000,300.000,325.000,-1,-1,-1,-1,-1,900.000,-1,-1,2,0,2,0,2,0,0,0,0,2,2,2,2,2,0,2,2
120,-10132.062,-922.733,344.208,-105.213,-0.263306,0.964701,0.004732,-0.962399,-0.262332,-0.070493,-0.066763,-0.023115,0.997501,0,0.81544,0.05027,48.926,0.101,-1,425.000,-1,400.000,-1,325.000,325.000,300.000,325.000,-1,-1,-1,-1,-1,875.000,-1,-1,2,0,2,0,2,0,0,0,0,2,2,2,2,2,0,2,2
121,-10144.817,-969.968,340.727,-105.112,-0.261649,0.965155,0.004015,-0.962566,-0.260637,-0.074396,-0.070757,-0.023330,0.997221,0,0.81544,0.05027,48.926,0.101,-1,425.000,-1,400.000,-1,325.000,325.000,300.000,300.000,-1,-1,-1,-1,-1,850.000,-1,-1,2,0,2,0,2,0,0,0,0,2,2,2,2,2,0,2,2
122,-10157.490,-1017.226,337.282,-105.012,-0.259993,0.965604,0.003376,-0.962714,-0.258941,-0.078300,-0.074732,-0.023608,0.996924,0,0.81544,0.05027,48.926,0.101,-1,425.000,-1,400.000,-1,325.000,325.000,300.000,300.000,-1,-1,-1,-1,-1,850.000,-1,-1,2,0,2,0,2,0,0,0,0,2,2,2,2,2,0,2,2
123,-10170.079,-1064.505,333.873,-104.911,-0.258341,0.966050,0.002815,-0.962844,-0.257244,-0.082204,-0.078689,-0.023948,0.996612,0,0.81544,0.05027,48.926,0.101,-1,425.000,-1,400.000,-1,325.000,325.000,325.000,300.000,-1,-1,-1,-1,-1,825.000,-1,-1,2,0,2,0,2,0,0,0,0,2,2,2,2,2,0,2,2
124,-10182.586,-1111.807,330.500,-104.810,-0.256693,0.966490,0.002332,-0.962955,-0.255546,-0.086108,-0.082627,-0.024349,0.996283,0,0.81544,0.05027,48.926,0.101,-1,425.000,-1,400.000,-1,325.000,325.000,325.000,300.000,-1,-1,-1,-1,-1,825.000,-1,-1,2,0,2,0,2,0,0,0,0,2,2,2,2,2,0,2,2
125,-10195.009,-1159.130,327.163,-104.710,-0.255049,0.966926,0.001925,-0.963047,-0.253847,-0.090012,-0.086546,-0.024811,0.995939,0,0.81544,0.05027,48.926,0.101,-1,425.000,-1,400.000,-1,325.000,325.000,325.000,300.000,-1,-1,-1,-1,1000.000,800.000,-1,-1,2,0,2,0,2,0,0,0,0,2,2,2,2,0,0,2,2
126,-10207.349,-1206.476,323.860,-104.609,-0.253411,0.967357,0.001594,-0.963121,-0.252146,-0.093915,-0.090447,-0.025335,0.995579,0,0.81544,0.05027,48.926,0.101,-1,425.000,-1,400.000,-1,325.000,325.000,325.000,300.000,-1,-1,-1,-1,975.000,800.000,-1,-1,2,0,2,0,2,0,0,0,0,2,2,2,2,0,0,2,2
127,-10219.605,-1253.843,320.132,-104.509,-0.251944,0.967736,0.003505,-0.963277,-0.250432,-0.096853,-0.092850,-0.027778,0.995293,0,0.81544,0.05027,48.926,0.101,-1,425.000,-1,400.000,-1,325.000,325.000,325.000,300.000,-1,-1,-1,-1,975.000,800.000,-1,-1,2,0,2,0,2,0,0,0,0,2,2,2,2,0,0,2,2
128,-10231.776,-1301.231,315.836,-104.408,-0.250718,0.968028,0.007862,-0.963369,-0.248696,-0.100351,-0.095187,-0.032734,0.994921,0,0.81544,0.05027,48.926,0.101,-1,425.000,-1,400.000,-1,325.000,325.000,325.000,325.000,-1,-1,-1,-1,950.000,800.000,-1,-1,2,0,2,0,2,0,0,0,0,2,2,2,2,0,0,2,2
129,-10243.864,-1348.641,311.553,-104.308,-0.249528,0.968289,0.012341,-0.963435,-0.246953,-0.103960,-0.097615,-0.037831,0.994505,0,0.81544,0.05027,48.926,0.101,-1,425.000,-1,400.000,-1,325.000,325.000,325.000,325.000,-1,-1,-1,-1,925.000,800.000,-1,-1,2,0,2,0,2,0,0,0,0,2,2,2,2,0,0,2,2
130,-10255.870,-1396.072,306.517,-104.207,-0.248061,0.968637,0.014460,-0.963728,-0.245232,-0.105306,-0.098457,-0.040058,0.994335,0,0.81544,0.05027,48.926,0.101,-1,425.000,-1,400.000,-1,325.000,325.000,325.000,325.000,-1,-1,-1,-1,925.000,825.000,-1,-1,2,0,2,0,2,0,0,0,0,2,2,2,2,0,0,2,2
131,-10267.795,-1443.523,301.043,-104.107,-0.246442,0.969046,0.014700,-0.963967,-0.243527,-0.107061,-0.100167,-0.040554,0.994144,0,0.81544,0.05027,48.926,0.101,-1,425.000,-1,400.000,-1,325.000,325.000,325.000,325.000,-1,-1,-1,-1,925.000,825.000,-1,-1,2,0,2,0,2,0,0,0,0,2,2,2,2,0,0,2,2
132,-10279.635,-1490.995,295.598,-104.006,-0.244826,0.969452,0.014949,-0.964196,-0.241821,-0.108852,-0.101912,-0.041064,0.993946,0,0.81544,0.05027,48.926,0.101,-1,425.000,-1,400.000,-1,325.000,325.000,325.000,325.000,-1,-1,-1,-1,925.000,825.000,-1,-1,2,0,2,0,2,0,0,0,0,2,2,2,2,0,0,2,2
133,-10291.393,-1538.488,290.183,-103.906,-0.243213,0.969854,0.015208,-0.964414,-0.240114,-0.110680,-0.103692,-0.041585,0.993740,0,0.81544,0.05027,48.926,0.101,-1,425.000,-1,400.000,-1,325.000,325.000,325.000,300.000,-1,-1,-1,-1,900.000,800.000,-1,-1,2,0,2,0,2,0,0,0,0,2,2,2,2,0,0,2,2
134,-10303.067,-1586.002,284.797,-103.805,-0.241603,0.970252,0.015476,-0.964622,-0.238406,-0.112545,-0.105507,-0.042119,0.993526,0,0.81544,0.05027,48.926,0.101,-1,425.000,-1,400.000,-1,325.000,325.000,325.000,300.000,-1,-1,-1,-1,900.000,800.000,-1,-1,2,0,2,0,2,0,0,0,0,2,2,2,2,0,0,2,2
135,-10314.658,-1633.536,279.440,-103.704,-0.239996,0.970646,0.015754,-0.964819,-0.236697,-0.114445,-0.107357,-0.042666,0.993305,0,0.81544,0.05027,48.926,0.101,-1,425.000,-1,400.000,-1,325.000,325.000,325.000,300.000,-1,-1,-1,-1,900.000,800.000,-1,-1,2,0,2,0,2,0,0,0,0,2,2,2,2,0,0,2,2
136,-10326.165,-1681.090,274.112,-103.604,-0.238391,0.971037,0.016042,-0.965006,-0.234988,-0.116380,-0.109240,-0.043225,0.993075,0,0.81544,0.05027,48.926,0.101,-1,425.000,-1,400.000,-1,325.000,325.000,325.000,300.000,-1,-1,-1,-1,900.000,800.000,-1,-1,2,0,2,0,2,0,0,0,0,2,2,2,2,0,0,2,2
137,-10337.589,-1728.664,268.812,-103.503,-0.236790,0.971423,0.016340,-0.965181,-0.233278,-0.118351,-0.111157,-0.043795,0.992837,0,0.81544,0.05027,48.926,0.101,-1,425.000,-1,400.000,-1,325.000,325.000,325.000,300.000,-1,-1,-1,-1,875.000,800.000,-1,-1,2,0,2,0,2,0,0,0,0,2,2,2,2,0,0,2,2
