timestep,x_cm,y_cm,z_cm,yaw_deg,basis_xx,basis_xy,basis_xz,basis_yx,basis_yy,basis_yz,basis_zx,basis_zy,basis_zz,teleport_flag,throttle_cmd,steering_cmd,cmd_move_cm,cmd_turn_deg,lidar_cm_0,lidar_cm_1,lidar_cm_2,lidar_cm_3,lidar_cm_4,lidar_cm_5,lidar_cm_6,lidar_cm_7,lidar_cm_8,lidar_cm_9,lidar_cm_10,lidar_cm_11,lidar_cm_12,lidar_cm_13,lidar_cm_14,lidar_cm_15,lidar_cm_16,lidar_class_0,lidar_class_1,lidar_class_2,lidar_class_3,lidar_class_4,lidar_class_5,lidar_class_6,lidar_class_7,lidar_class_8,lidar_class_9,lidar_class_10,lidar_class_11,lidar_class_12,lidar_class_13,lidar_class_14,lidar_class_15,lidar_class_16
0,9507.860,-8858.700,-27.541,-131.126,-0.657671,0.753253,-0.008824,-0.753256,-0.657717,-0.003665,-0.008565,0.004236,0.999954,1,0.08000,0.12000,4.800,0.240,-1,400.000,-1,400.000,-1,325.000,325.000,325.000,300.000,975.000,550.000,525.000,-1,800.000,800.000,-1,-1,2,0,2,0,2,0,0,0,0,1,0,0,2,0,0,2,2
1,9501.607,-8865.984,-27.659,-130.646,-0.651339,0.758736,-0.008799,-0.758741,-0.651383,-0.003494,-0.008382,0.004400,0.999955,0,0.16000,0.24000,9.600,0.480,-1,400.000,-1,400.000,-1,325.000,325.000,325.000,300.000,975.000,575.000,525.000,-1,800.000,800.000,-1,-1,2,0,2,0,2,0,0,0,0,1,0,0,2,0,0,2,2
2,9492.365,-8877.027,-27.832,-129.926,-0.641754,0.766861,-0.008765,-0.766868,-0.641797,-0.003254,-0.008121,0.004633,0.999956,0,0.24000,0.36000,14.400,0.720,-1,400.000,-1,400.000,-1,325.000,325.000,325.000,300.000,975.000,575.000,550.000,-1,800.000,800.000,-1,-1,2,0,2,0,2,0,0,0,0,1,0,0,2,0,0,2,2
3,9480.290,-8891.956,-28.027,-128.966,-0.628816,0.777505,-0.008701,-0.777514,-0.628858,-0.003096,-0.007878,0.004818,0.999957,0,0.32000,0.48000,19.200,0.960,-1,400.000,-1,400.000,-1,325.000,325.000,325.000,300.000,950.000,575.000,550.000,-1,800.000,800.000,-1,-1,2,0,2,0,2,0,0,0,0,1,0,0,2,0,0,2,2
4,9465.592,-8910.928,-28.272,-127.766,-0.612396,0.790504,-0.008642,-0.790515,-0.612436,-0.002881,-0.007571,0.005067,0.999959,0,0.40000,0.60000,24.000,1.200,-1,400.000,-1,400.000,-1,325.000,325.000,325.000,300.000,950.000,575.000,550.000,-1,800.000,800.000,-1,-1,2,0,2,0,2,0,0,0,0,1,0,0,2,0,1,2,2
5,9448.531,-8934.131,-28.567,-126.326,-0.592338,0.805643,-0.008604,-0.805657,-0.592376,-0.002602,-0.007194,0.005391,0.999960,0,0.48000,0.72000,28.800,1.440,-1,400.000,-1,400.000,-1,325.000,325.000,325.000,300.000,950.000,600.000,575.000,-1,800.000,775.000,-1,-1,2,0,2,0,2,0,0,0,0,1,0,0,2,0,1,2,2
6,9429.429,-8961.773,-28.914,-124.646,-0.568466,0.822662,-0.008607,-0.822679,-0.568501,-0.002249,-0.006743,0.005803,0.999960,0,0.56000,0.84000,33.600,1.680,-1,400.000,-1,400.000,-1,325.000,325.000,325.000,300.000,950.000,600.000,600.000,-1,800.000,750.000,-1,-1,2,0,2,0,2,0,0,0,0,1,0,0,2,0,1,2,2
7,9410.408,-8991.191,-29.226,-122.887,-0.542934,0.839728,-0.008920,-0.839751,-0.542968,-0.001876,-0.006419,0.006472,0.999958,0,0.58387,0.87986,35.032,1.760,-1,400.000,-1,400.000,-1,325.000,325.000,325.000,300.000,950.000,625.000,625.000,-1,800.000,725.000,-1,1000.000,2,0,2,0,2,0,0,0,0,1,0,0,2,0,1,2,1
8,9392.158,-9021.399,-29.529,-121.137,-0.517038,0.855911,-0.009358,-0.855940,-0.517072,-0.001501,-0.006123,0.007234,0.999955,0,0.58820,0.87487,35.292,1.750,-1,400.000,-1,400.000,-1,325.000,325.000,325.000,300.000,950.000,650.000,650.000,-1,800.000,700.000,-1,950.000,2,0,2,0,2,0,0,0,0,1,0,0,2,0,1,2,1
9,9374.709,-9052.369,-29.832,-119.397,-0.490812,0.871210,-0.009864,-0.871246,-0.490845,-0.001123,-0.005820,0.008042,0.999951,0,0.59247,0.86989,35.548,1.740,-1,400.000,-1,400.000,-1,325.000,325.000,325.000,300.000,950.000,675.000,675.000,-1,800.000,675.000,-1,875.000,2,0,2,0,2,0,0,0,0,1,0,0,2,0,1,2,1
10,9355.841,-9088.034,-30.180,-117.881,-0.467586,0.883886,-0.010485,-0.883930,-0.467618,-0.000733,-0.005551,0.008926,0.999945,0,0.67247,0.75809,40.348,1.516,-1,400.000,-1,400.000,950.000,325.000,325.000,325.000,300.000,975.000,725.000,700.000,-1,825.000,650.000,-1,825.000,2,0,2,0,1,0,0,0,0,1,0,0,2,0,1,2,1
11,9336.322,-9127.400,-30.651,-116.373,-0.444166,0.895877,-0.011031,-0.895927,-0.444201,-0.000770,-0.005590,0.009541,0.999939,0,0.73233,0.75375,43.940,1.508,-1,400.000,-1,400.000,850.000,325.000,325.000,325.000,300.000,1000.000,775.000,750.000,-1,825.000,650.000,-1,775.000,2,0,2,1,1,0,0,0,0,1,0,0,2,0,1,2,1
12,9317.738,-9167.482,-31.150,-114.876,-0.420596,0.907175,-0.011566,-0.907230,-0.420634,-0.000963,-0.005738,0.010088,0.999933,0,0.73634,0.74877,44.181,1.498,-1,400.000,-1,400.000,775.000,325.000,325.000,325.000,300.000,-1,800.000,775.000,-1,825.000,625.000,-1,725.000,2,0,2,1,1,0,0,0,0,2,0,0,2,0,1,2,1
13,9300.111,-9208.234,-31.645,-113.389,-0.396912,0.917776,-0.012155,-0.917838,-0.396954,-0.001161,-0.005890,0.010696,0.999925,0,0.74002,0.74331,44.401,1.487,-1,400.000,-1,400.000,700.000,325.000,325.000,325.000,300.000,-1,850.000,825.000,-1,825.000,600.000,-1,700.000,2,0,2,1,1,0,0,0,0,2,0,0,2,0,1,2,1
14,9283.466,-9249.610,-32.115,-111.915,-0.373154,0.927682,-0.012752,-0.927749,-0.373201,-0.001444,-0.006098,0.011292,0.999918,0,0.74330,0.73735,44.598,1.475,-1,400.000,-1,400.000,650.000,325.000,325.000,325.000,300.000,-1,900.000,875.000,-1,825.000,600.000,-1,650.000,2,0,2,1,1,0,0,0,0,2,0,0,2,0,1,2,1
15,9267.823,-9291.557,-32.466,-110.453,-0.349357,0.936898,-0.013117,-0.936966,-0.349413,-0.002192,-0.006637,0.011524,0.999912,0,0.74615,0.73089,44.769,1.462,-1,400.000,-1,400.000,600.000,325.000,325.000,325.000,300.000,-1,950.000,950.000,-1,825.000,600.000,-1,600.000,2,0,2,1,1,0,0,0,0,2,0,0,2,0,1,2,1
16,9253.198,-9334.019,-32.916,-109.005,-0.325556,0.945420,-0.013977,-0.945493,-0.325627,-0.003099,-0.007481,0.012206,0.999898,0,0.74850,0.72391,44.910,1.448,-1,400.000,-1,400.000,550.000,325.000,325.000,325.000,300.000,-1,-1,-1,-1,825.000,575.000,-1,575.000,2,0,2,1,1,0,0,0,0,2,2,2,2,0,1,2,1
17,9239.606,-9376.936,-33.358,-107.572,-0.301795,0.953257,-0.014841,-0.953337,-0.301882,-0.004018,-0.008311,0.012936,0.999882,0,0.75030,0.71641,45.018,1.433,-1,400.000,-1,400.000,500.000,325.000,325.000,325.000,300.000,-1,-1,-1,-1,825.000,575.000,-1,550.000,2,0,2,1,1,0,0,0,0,2,2,2,2,0,1,2,1
18,9225.558,-9424.733,-33.843,-106.379,-0.281862,0.959325,-0.015762,-0.959410,-0.281970,-0.005052,-0.009291,0.013698,0.999863,0,0.83030,0.59641,49.818,1.193,-1,400.000,-1,400.000,450.000,325.000,325.000,325.000,300.000,-1,-1,-1,-1,825.000,550.000,-1,500.000,2,0,2,1,1,0,0,0,0,2,2,2,2,0,1,2,1
19,9211.029,-9477.383,-34.373,-105.427,-0.265843,0.963871,-0.016755,-0.963960,-0.265975,-0.006198,-0.010431,0.014503,0.999840,0,0.91030,0.47641,54.618,0.953,-1,400.000,-1,400.000,400.000,325.000,325.000,325.000,300.000,-1,-1,-1,-1,825.000,550.000,-1,475.000,2,0,2,1,1,0,0,0,0,2,2,2,2,0,1,2,1
20,9196.296,-9533.488,-34.933,-104.714,-0.253799,0.967093,-0.017814,-0.967186,-0.253961,-0.007422,-0.011702,0.015345,0.999814,0,0.96679,0.35641,58.007,0.713,-1,400.000,-1,375.000,375.000,325.000,325.000,325.000,300.000,-1,-1,-1,-1,825.000,550.000,-1,425.000,2,0,2,1,1,0,0,0,0,2,2,2,2,0,1,2,1
21,9182.021,-9589.734,-35.493,-104.241,-0.245775,0.969143,-0.018894,-0.969239,-0.245968,-0.008651,-0.013031,0.016186,0.999784,0,0.96714,0.23641,58.029,0.473,-1,400.000,-1,375.000,325.000,325.000,325.000,325.000,300.000,-1,-1,-1,-1,825.000,550.000,-1,400.000,2,0,2,1,1,0,0,0,0,2,2,2,2,0,1,2,1
22,9167.977,-9646.026,-35.880,-104.008,-0.241820,0.970134,-0.019054,-0.970223,-0.242028,-0.009442,-0.013772,0.016203,0.999774,0,0.96696,0.11641,58.017,0.233,-1,400.000,-1,375.000,300.000,325.000,325.000,325.000,300.000,-1,-1,-1,-1,850.000,550.000,-1,350.000,2,0,2,1,1,0,0,0,1,2,2,2,2,0,1,2,1
23,9153.936,-9702.275,-35.603,-104.015,-0.242008,0.970147,-0.015722,-0.970198,-0.242161,-0.008607,-0.012157,0.013170,0.999839,0,0.96626,-0.00359,57.976,-0.007,-1,425.000,-1,375.000,275.000,325.000,325.000,325.000,275.000,-1,-1,-1,-1,875.000,550.000,-1,325.000,2,0,2,1,1,0,0,0,1,2,2,2,2,0,1,2,1
24,9139.670,-9758.396,-35.037,-104.263,-0.246272,0.969139,-0.010941,-0.969153,-0.246356,-0.007124,-0.009600,0.008849,0.999915,0,0.96509,-0.12359,57.906,-0.247,-1,425.000,-1,375.000,250.000,350.000,350.000,325.000,275.000,-1,-1,-1,-1,900.000,550.000,-1,325.000,2,0,2,1,1,0,0,0,1,2,2,2,2,0,1,2,1
25,9124.952,-9814.301,-34.456,-104.750,-0.254583,0.967046,-0.003257,-0.967033,-0.254597,-0.005182,-0.005840,0.001830,0.999981,0,0.96350,-0.24359,57.810,-0.487,-1,425.000,-1,375.000,225.000,350.000,350.000,300.000,275.000,-1,-1,-1,-1,950.000,550.000,-1,325.000,2,0,2,1,1,0,0,0,1,2,2,2,2,0,1,2,1
26,9109.557,-9869.901,-33.614,-105.477,-0.266859,0.963713,0.006570,-0.963735,-0.266843,-0.003196,-0.001327,-0.007185,0.999973,0,0.96154,-0.36359,57.692,-0.727,-1,450.000,-1,375.000,225.000,375.000,375.000,300.000,250.000,-1,-1,-1,-1,975.000,550.000,-1,350.000,2,0,2,1,1,0,0,0,1,2,2,2,2,0,1,2,1
27,9093.393,-9925.140,-32.517,-106.312,-0.280786,0.959606,0.017778,-0.959760,-0.280822,-0.000513,0.004500,-0.017207,0.999842,0,0.95925,-0.41742,57.555,-0.835,-1,475.000,-1,375.000,250.000,375.000,375.000,275.000,250.000,-1,825.000,1000.000,-1,-1,575.000,-1,400.000,2,0,2,1,1,0,1,0,1,2,0,0,2,2,1,2,1
28,9076.458,-9979.964,-32.207,-107.167,-0.294959,0.955166,0.025633,-0.955475,-0.295073,0.000687,0.008219,-0.024290,0.999671,0,0.95634,-0.42768,57.380,-0.855,-1,475.000,-1,375.000,250.000,400.000,375.000,275.000,250.000,-1,375.000,825.000,-1,-1,575.000,-1,400.000,2,0,2,1,1,0,1,0,1,2,0,0,2,2,1,2,1
29,9058.757,-10034.308,-31.892,-108.044,-0.309366,0.950351,0.033558,-0.950868,-0.309593,0.001689,0.011995,-0.031387,0.999435,0,0.95256,-0.43840,57.154,-0.877,-1,500.000,-1,375.000,250.000,400.000,375.000,275.000,250.000,-1,250.000,575.000,-1,-1,575.000,-1,400.000,2,0,2,1,1,0,1,0,1,2,0,0,2,2,1,2,1
30,9040.296,-10088.102,-31.573,-108.943,-0.324011,0.945141,0.041538,-0.945921,-0.324387,0.002482,0.015820,-0.038488,0.999134,0,0.94789,-0.44955,56.874,-0.899,-1,500.000,-1,375.000,250.000,425.000,350.000,275.000,225.000,-1,200.000,450.000,-1,-1,575.000,-1,400.000,2,0,2,1,1,0,1,0,1,2,0,0,2,2,1,2,1
31,9021.087,-10141.278,-31.252,-109.865,-0.338897,0.939517,0.049558,-0.940618,-0.339454,0.003050,0.019688,-0.045582,0.998767,0,0.94232,-0.46106,56.539,-0.922,-1,525.000,-1,350.000,250.000,425.000,350.000,275.000,200.000,-1,175.000,375.000,-1,-1,600.000,-1,425.000,2,0,2,1,1,1,1,0,1,2,0,0,2,2,1,2,1
32,9001.140,-10193.767,-30.929,-110.811,-0.354023,0.933461,0.057603,-0.934939,-0.354792,0.003382,0.023594,-0.052658,0.998334,0,0.93585,-0.47289,56.151,-0.946,-1,525.000,-1,350.000,250.000,425.000,350.000,275.000,200.000,-1,150.000,350.000,-1,-1,675.000,-1,450.000,2,0,2,1,1,1,1,0,1,2,0,0,2,2,1,2,1
33,8981.761,-10242.932,-30.718,-111.517,-0.365150,0.928696,0.064725,-0.930554,-0.366135,0.003650,0.027088,-0.058897,0.997896,0,0.88077,-0.35289,52.846,-0.706,-1,550.000,-1,350.000,250.000,425.000,350.000,275.000,175.000,900.000,125.000,325.000,-1,-1,-1,-1,475.000,2,0,2,1,1,1,1,0,1,0,0,0,2,2,2,2,1
34,8962.170,-10291.473,-30.614,-111.982,-0.372337,0.925362,0.071204,-0.927605,-0.373541,0.003915,0.030221,-0.064592,0.997454,0,0.87241,-0.23289,52.345,-0.466,-1,550.000,-1,350.000,250.000,425.000,350.000,250.000,175.000,800.000,100.000,325.000,-1,-1,-1,-1,-1,2,0,2,1,1,1,1,0,1,0,0,0,2,2,2,2,2
35,5575.109,1640.789,208.369,19.618,0.949935,-0.312207,0.012244,0.282834,0.875893,0.390918,-0.132772,-0.367884,0.920344,1,0.00000,0.00000,51.754,-0.226,75.000,300.000,-1,625.000,-1,300.000,425.000,150.000,225.000,875.000,-1,275.000,200.000,400.000,-1,75.000,-1,0,0,2,1,2,0,0,0,1,0,2,1,1,0,2,0,2
36,6228.539,-2299.660,-40.671,-125.838,-0.581891,0.810440,-0.067751,-0.809058,-0.585332,-0.053022,-0.082628,0.023961,0.996292,1,0.08000,-0.12000,4.800,-0.240,-1,400.000,-1,400.000,-1,325.000,325.000,100.000,175.000,-1,575.000,500.000,500.000,725.000,775.000,-1,-1,2,0,2,0,2,0,0,1,1,2,1,1,1,0,0,2,2
37,6222.853,-2307.395,-42.389,-126.318,-0.588786,0.805599,-0.065887,-0.803701,-0.592168,-0.058320,-0.085998,0.018616,0.996121,0,0.16000,-0.24000,9.600,-0.480,-1,400.000,-1,400.000,-1,325.000,325.000,100.000,175.000,-1,600.000,525.000,575.000,700.000,775.000,-1,-1,2,0,2,0,2,0,0,1,1,2,1,1,1,0,0,2,2
38,6214.178,-2318.891,-45.061,-127.038,-0.599086,0.798191,-0.063139,-0.795460,-0.602317,-0.066757,-0.091314,0.010231,0.995770,0,0.24000,-0.36000,14.400,-0.720,-1,375.000,-1,400.000,-1,300.000,325.000,100.000,175.000,-1,650.000,550.000,775.000,650.000,750.000,-1,-1,2,0,2,0,2,0,0,1,1,2,1,1,1,0,0,2,2
39,6202.358,-2334.021,-46.834,-127.998,-0.612526,0.788012,-0.062036,-0.785020,-0.615625,-0.068910,-0.092493,0.006490,0.995692,0,0.32000,-0.48000,19.200,-0.960,-1,375.000,-1,400.000,-1,300.000,325.000,100.000,175.000,-1,675.000,575.000,950.000,650.000,750.000,-1,-1,2,0,2,0,2,0,0,1,1,2,1,1,1,0,0,2,2
40,6187.190,-2352.621,-48.703,-129.198,-0.629044,0.774959,-0.061178,-0.771825,-0.632003,-0.069702,-0.092681,0.003373,0.995690,0,0.40000,-0.60000,24.000,-1.200,-1,375.000,-1,400.000,-1,300.000,325.000,100.000,175.000,-1,725.000,625.000,-1,650.000,750.000,-1,-1,2,0,2,0,2,0,0,1,1,2,1,1,2,0,0,2,2
41,6168.432,-2374.476,-49.829,-130.638,-0.647919,0.758829,-0.066178,-0.755569,-0.651275,-0.070397,-0.096519,0.004391,0.995321,0,0.48000,-0.72000,28.800,-1.440,-1,375.000,-1,375.000,-1,300.000,325.000,100.000,200.000,-1,800.000,675.000,-1,650.000,725.000,-1,-1,2,0,2,0,2,0,0,1,1,2,1,1,2,0,0,2,2
42,6145.808,-2399.321,-49.154,-132.318,-0.668244,0.739343,-0.082595,-0.736154,-0.673183,-0.070021,-0.107371,0.014012,0.994120,0,0.56000,-0.84000,33.600,-1.680,-1,375.000,-1,375.000,-1,300.000,300.000,125.000,200.000,-1,950.000,775.000,-1,625.000,675.000,-1,-1,2,0,2,0,2,0,0,1,1,2,1,1,2,0,0,2,2
43,6119.015,-2426.833,-49.080,-134.238,-0.690880,0.716258,-0.098281,-0.713339,-0.697463,-0.068504,-0.117614,0.022779,0.992798,0,0.64000,-0.96000,38.400,-1.920,-1,375.000,-1,350.000,-1,300.000,300.000,150.000,200.000,-1,-1,925.000,-1,625.000,625.000,-1,-1,2,0,2,0,2,0,0,1,1,2,2,1,2,0,0,2,2
44,6088.912,-2455.661,-49.899,-136.238,-0.713906,0.691362,-0.111163,-0.688824,-0.721911,-0.066077,-0.125933,0.029399,0.991603,0,0.69464,-1.00000,41.678,-2.000,-1,350.000,-1,350.000,900.000,300.000,300.000,175.000,200.000,375.000,-1,-1,-1,625.000,600.000,-1,-1,2,0,2,0,0,0,0,1,1,1,2,2,2,0,0,2,2
45,6058.440,-2482.869,-51.621,-138.238,-0.736553,0.665666,-0.119906,-0.663517,-0.745510,-0.062925,-0.131278,0.033212,0.990789,0,0.68081,-1.00000,40.849,-2.000,-1,350.000,-1,325.000,750.000,300.000,300.000,200.000,200.000,300.000,-1,-1,-1,600.000,575.000,-1,850.000,2,0,2,0,0,0,0,1,1,1,2,2,2,0,0,2,0
46,6027.621,-2508.510,-54.230,-140.238,-0.758869,0.639220,-0.124558,-0.637370,-0.768260,-0.059463,-0.133703,0.034265,0.990429,0,0.66818,-1.00000,40.091,-2.000,-1,350.000,-1,325.000,675.000,300.000,275.000,250.000,200.000,275.000,-1,-1,-1,600.000,550.000,-1,775.000,2,0,2,0,0,0,0,1,1,1,2,2,2,0,0,2,0
47,5996.464,-2532.643,-57.712,-142.238,-0.780845,0.612053,-0.125188,-0.610348,-0.790144,-0.056097,-0.133250,0.032605,0.990546,0,0.65683,-1.00000,39.410,-2.000,-1,350.000,-1,325.000,675.000,300.000,275.000,275.000,200.000,250.000,-1,-1,-1,625.000,550.000,-1,750.000,2,0,2,0,0,0,0,1,1,1,2,2,2,0,0,2,0
48,5964.974,-2555.322,-61.936,-144.238,-0.802446,0.584178,-0.121722,-0.582484,-0.811125,-0.052814,-0.129585,0.028521,0.991158,0,0.64681,-1.00000,38.808,-2.000,-1,375.000,-1,325.000,700.000,300.000,300.000,325.000,225.000,250.000,-1,-1,-1,625.000,575.000,-1,800.000,2,0,2,0,0,0,0,1,1,1,2,2,2,0,0,2,0
49,5930.849,-2578.133,-67.332,-146.238,-0.823656,0.555614,-0.113508,-0.553731,-0.831167,-0.050425,-0.122361,0.021320,0.992257,0,0.68416,-1.00000,41.050,-2.000,-1,375.000,-1,350.000,825.000,300.000,300.000,375.000,225.000,225.000,-1,-1,-1,650.000,600.000,-1,950.000,2,0,2,0,0,0,0,1,1,1,2,2,2,0,0,2,0
50,5896.017,-2599.699,-73.737,-148.238,-0.844239,0.526354,-0.101053,-0.524147,-0.850191,-0.049445,-0.111940,0.011223,0.993652,0,0.68285,-1.00000,40.971,-2.000,-1,375.000,-1,350.000,-1,300.000,300.000,350.000,225.000,225.000,-1,-1,-1,675.000,625.000,-1,-1,2,0,2,0,2,0,0,0,1,1,2,2,2,0,0,2,2
51,5860.512,-2620.003,-81.143,-150.238,-0.863978,0.496393,-0.084474,-0.493843,-0.868096,-0.050280,-0.098290,-0.001724,0.995156,0,0.68174,-1.00000,40.904,-2.000,-1,375.000,-1,375.000,-1,325.000,300.000,325.000,225.000,225.000,-1,-1,-1,700.000,675.000,-1,-1,2,0,2,0,2,0,0,0,1,1,2,2,2,0,0,2,2
52,5824.370,-2639.033,-89.534,-152.238,-0.882617,0.465724,-0.063942,-0.462991,-0.884758,-0.053320,-0.081406,-0.017457,0.996528,0,0.68082,-1.00000,40.849,-2.000,-1,400.000,-1,400.000,-1,325.000,325.000,275.000,250.000,225.000,175.000,-1,-1,750.000,750.000,-1,-1,2,0,2,0,2,0,0,0,1,1,1,2,2,0,0,2,2
53,5787.621,-2656.767,-94.083,-154.238,-0.898520,0.434566,-0.061759,-0.432168,-0.900479,-0.048674,-0.076765,-0.017044,0.996904,0,0.68009,-1.00000,40.805,-2.000,-1,400.000,-1,400.000,-1,325.000,325.000,275.000,250.000,275.000,200.000,900.000,-1,775.000,775.000,-1,-1,2,0,2,0,2,0,0,0,1,1,1,0,2,0,0,2,2
54,5750.306,-2673.197,-97.154,-156.238,-0.913187,0.402850,-0.061656,-0.400343,-0.915041,-0.049256,-0.076261,-0.020296,0.996881,0,0.67953,-1.00000,40.772,-2.000,-1,400.000,-1,400.000,-1,325.000,325.000,275.000,250.000,300.000,225.000,1000.000,-1,775.000,750.000,-1,-1,2,0,2,0,2,0,0,0,1,1,1,0,2,0,0,2,2
55,5712.462,-2688.305,-100.177,-158.238,-0.926740,0.370645,-0.061449,-0.368046,-0.928479,-0.049688,-0.075471,-0.023432,0.996873,0,0.67913,-1.00000,40.748,-2.000,-1,400.000,-1,400.000,-1,325.000,325.000,275.000,250.000,350.000,250.000,400.000,-1,775.000,750.000,-1,-1,2,0,2,0,2,0,0,0,1,1,1,1,2,0,0,2,2
56,5674.128,-2702.079,-103.195,-160.238,-0.939158,0.337989,-0.061203,-0.335297,-0.940773,-0.050228,-0.074555,-0.026651,0.996861,0,0.67889,-1.00000,40.734,-2.000,-1,400.000,-1,400.000,-1,325.000,325.000,275.000,250.000,400.000,300.000,375.000,-1,775.000,750.000,-1,-1,2,0,2,0,2,0,0,0,1,1,1,1,2,0,0,2,2
57,5635.342,-2714.505,-106.203,-162.238,-0.950427,0.304922,-0.060926,-0.302136,-0.951907,-0.050873,-0.073508,-0.029943,0.996845,0,0.67880,-1.00000,40.728,-2.000,-1,400.000,-1,400.000,-1,325.000,325.000,275.000,250.000,450.000,325.000,400.000,-1,775.000,750.000,-1,-1,2,0,2,0,2,0,0,0,1,1,1,1,2,0,0,2,2
58,5596.143,-2725.570,-109.194,-164.238,-0.960531,0.271486,-0.060626,-0.268606,-0.961866,-0.051620,-0.072328,-0.033298,0.996825,0,0.67884,-1.00000,40.731,-2.000,-1,400.000,-1,400.000,-1,325.000,325.000,275.000,275.000,500.000,350.000,425.000,-1,775.000,750.000,-1,-1,2,0,2,0,2,0,0,0,1,1,1,1,2,0,0,2,2
59,5556.571,-2735.263,-112.162,-166.238,-0.969459,0.237724,-0.060309,-0.234750,-0.970639,-0.052464,-0.071010,-0.036704,0.996800,0,0.67902,-1.00000,40.741,-2.000,-1,400.000,-1,400.000,-1,325.000,325.000,275.000,275.000,550.000,400.000,450.000,-1,750.000,750.000,-1,-1,2,0,2,0,2,0,0,0,1,1,1,1,2,0,0,2,2
60,5516.669,-2743.574,-115.099,-168.238,-0.977199,0.203677,-0.059982,-0.200611,-0.978214,-0.053402,-0.069552,-0.040152,0.996770,0,0.67931,-1.00000,40.759,-2.000,-1,400.000,-1,400.000,-1,325.000,325.000,275.000,275.000,600.000,425.000,475.000,-1,750.000,750.000,-1,-1,2,0,2,0,2,0,0,0,1,1,1,1,2,0,0,2,2
61,5476.476,-2750.490,-117.927,-170.238,-0.983725,0.169391,-0.059934,-0.166240,-0.984596,-0.054179,-0.068189,-0.043334,0.996731,0,0.67972,-1.00000,40.783,-2.000,-1,400.000,-1,400.000,975.000,325.000,325.000,275.000,275.000,675.000,475.000,500.000,-1,750.000,750.000,-1,-1,2,0,2,0,1,0,0,0,1,1,1,1,2,0,0,2,2
62,5436.036,-2756.004,-120.660,-172.238,-0.989036,0.134908,-0.060061,-0.131679,-0.989774,-0.054839,-0.066845,-0.046329,0.996687,0,0.68023,-1.00000,40.814,-2.000,-1,400.000,-1,400.000,875.000,325.000,325.000,275.000,275.000,725.000,500.000,525.000,-1,750.000,750.000,-1,-1,2,0,2,0,1,0,0,0,1,1,1,1,2,0,0,2,2
63,5395.392,-2760.107,-123.353,-174.238,-0.993142,0.100269,-0.060123,-0.096963,-0.993734,-0.055590,-0.065320,-0.049379,0.996642,0,0.68084,-1.00000,40.850,-2.000,-1,400.000,-1,400.000,800.000,325.000,325.000,275.000,275.000,800.000,550.000,575.000,-1,750.000,750.000,-1,-1,2,0,2,0,1,0,0,0,1,1,1,1,2,0,0,2,2
64,5354.587,-2762.792,-126.000,-176.238,-0.996038,0.065516,-0.060128,-0.062138,-0.996471,-0.056432,-0.063613,-0.052472,0.996594,0,0.68154,-1.00000,40.892,-2.000,-1,400.000,-1,400.000,725.000,325.000,325.000,300.000,275.000,875.000,575.000,600.000,-1,750.000,750.000,-1,-1,2,0,2,0,1,0,0,0,1,1,1,1,2,0,0,2,2
65,5313.667,-2764.053,-128.594,-178.238,-0.997721,0.030695,-0.060083,-0.027248,-0.997981,-0.057365,-0.061723,-0.055597,0.996544,0,0.68232,-1.00000,40.939,-2.000,-1,400.000,-1,400.000,675.000,325.000,325.000,300.000,275.000,950.000,625.000,625.000,-1,750.000,750.000,-1,-1,2,0,2,0,1,0,0,0,1,1,1,1,2,0,0,2,2
66,5272.675,-2763.885,-131.127,-180.238,-0.998190,-0.004152,-0.059997,0.007662,-0.998265,-0.058389,-0.059651,-0.058743,0.996489,0,0.68319,-1.00000,40.991,-2.000,-1,400.000,-1,400.000,625.000,325.000,325.000,300.000,275.000,-1,675.000,675.000,-1,750.000,750.000,-1,-1,2,0,2,0,1,0,0,0,1,2,1,1,2,0,0,2,2
67,5231.658,-2762.284,-133.472,-182.238,-0.997440,-0.038982,-0.059946,0.042534,-0.997342,-0.059167,-0.057480,-0.061566,0.996447,0,0.68413,-1.00000,41.048,-2.000,-1,400.000,-1,400.000,550.000,325.000,325.000,300.000,275.000,-1,700.000,700.000,-1,750.000,750.000,-1,-1,2,0,2,0,1,0,0,0,1,2,1,1,2,0,0,2,2
68,5185.921,-2759.089,-135.975,-183.998,-0.995772,-0.069585,-0.059960,0.073161,-0.995533,-0.059671,-0.055540,-0.063806,0.996416,0,0.76413,-0.88000,45.848,-1.760,-1,400.000,-1,400.000,525.000,325.000,325.000,300.000,275.000,-1,750.000,750.000,-1,750.000,750.000,-1,-1,2,0,2,0,1,0,0,0,1,2,1,1,2,0,0,2,2
69,5139.308,-2754.587,-138.485,-185.518,-0.993578,-0.095955,-0.059957,0.099556,-0.993205,-0.060275,-0.053766,-0.065857,0.996379,0,0.78049,-0.76000,46.829,-1.520,-1,400.000,-1,400.000,475.000,325.000,325.000,300.000,275.000,-1,800.000,800.000,-1,750.000,750.000,-1,875.000,2,0,2,0,1,0,0,0,1,2,1,1,2,0,0,2,1
70,5092.955,-2749.062,-140.944,-186.798,-0.991190,-0.118103,-0.059955,0.121730,-0.990690,-0.060944,-0.052199,-0.067705,0.996339,0,0.77801,-0.64000,46.681,-1.280,-1,400.000,-1,400.000,450.000,325.000,325.000,300.000,250.000,-1,850.000,850.000,-1,750.000,750.000,-1,775.000,2,0,2,0,1,0,0,0,1,2,1,1,2,0,0,2,1
71,5046.929,-2742.728,-143.352,-187.838,-0.988886,-0.136050,-0.059962,0.139704,-0.988272,-0.061657,-0.050871,-0.069349,0.996295,0,0.77432,-0.52000,46.459,-1.040,-1,400.000,-1,400.000,425.000,325.000,325.000,300.000,250.000,-1,900.000,900.000,-1,725.000,725.000,-1,700.000,2,0,2,0,1,0,0,0,1,2,1,1,2,0,1,2,1
72,5001.286,-2735.795,-145.712,-188.638,-0.986892,-0.149820,-0.059982,0.153503,-0.986176,-0.062396,-0.049805,-0.070785,0.996247,0,0.76944,-0.40000,46.166,-0.800,-1,400.000,-1,400.000,400.000,325.000,325.000,300.000,250.000,-1,950.000,950.000,-1,725.000,725.000,-1,650.000,2,0,2,0,1,0,0,0,1,2,1,1,2,0,1,2,1
73,4956.070,-2728.473,-147.973,-189.198,-0.985395,-0.159440,-0.059798,0.163130,-0.984595,-0.062946,-0.048840,-0.071781,0.996224,0,0.76341,-0.28000,45.804,-0.560,-1,400.000,-1,400.000,400.000,325.000,325.000,300.000,250.000,-1,975.000,975.000,-1,725.000,700.000,-1,625.000,2,0,2,0,1,0,0,0,1,2,0,1,2,0,1,2,1
74,4911.347,-2720.791,-150.169,-189.748,-0.983837,-0.168860,-0.059588,0.172552,-0.982955,-0.063453,-0.047858,-0.072710,0.996204,0,0.75629,-0.27464,45.377,-0.549,-1,400.000,-1,400.000,375.000,325.000,325.000,300.000,250.000,-1,975.000,-1,-1,725.000,675.000,-1,600.000,2,0,2,0,1,0,0,0,1,2,0,2,2,0,1,2,1
75,4867.111,-2712.760,-152.314,-190.291,-0.982206,-0.178164,-0.059410,0.181858,-0.981242,-0.063964,-0.046899,-0.073630,0.996182,0,0.74932,-0.27173,44.959,-0.543,-1,400.000,-1,400.000,350.000,325.000,325.000,300.000,225.000,-1,975.000,-1,-1,725.000,675.000,-1,575.000,2,0,2,0,1,0,0,0,1,2,0,2,2,0,1,2,1
76,4823.351,-2704.391,-154.408,-190.828,-0.980507,-0.187335,-0.059264,0.191033,-0.979464,-0.064477,-0.045968,-0.074542,0.996158,0,0.74255,-0.26837,44.553,-0.537,-1,375.000,-1,400.000,325.000,325.000,325.000,300.000,225.000,-1,975.000,-1,-1,725.000,650.000,-1,550.000,2,0,2,0,1,0,0,0,1,2,0,2,2,0,1,2,1
77,4780.055,-2695.696,-156.454,-191.357,-0.978746,-0.196359,-0.059153,0.200062,-0.977625,-0.064991,-0.045068,-0.075444,0.996131,0,0.73600,-0.26456,44.160,-0.529,-1,375.000,-1,400.000,325.000,325.000,325.000,300.000,225.000,-1,975.000,-1,-1,725.000,650.000,-1,525.000,2,0,2,0,1,0,0,0,1,2,0,2,2,0,1,2,1
78,4737.210,-2686.685,-158.452,-191.878,-0.976931,-0.205220,-0.059079,0.208930,-0.975734,-0.065504,-0.044202,-0.076336,0.996102,0,0.72970,-0.26033,43.782,-0.521,-1,375.000,-1,400.000,300.000,325.000,325.000,300.000,225.000,-1,1000.000,-1,-1,700.000,650.000,-1,500.000,2,0,2,0,1,0,0,0,1,2,0,2,2,0,1,2,1
79,4694.801,-2677.371,-160.404,-192.389,-0.975068,-0.213906,-0.059043,0.217625,-0.973798,-0.066014,-0.043375,-0.077217,0.996070,0,0.72366,-0.25568,43.420,-0.511,-1,375.000,-1,400.000,275.000,325.000,325.000,300.000,225.000,-1,1000.000,-1,850.000,700.000,650.000,-1,475.000,2,0,2,0,1,0,0,0,1,2,0,2,1,0,1,2,1
80,4652.812,-2667.762,-162.277,-192.890,-0.973160,-0.222405,-0.059117,0.226133,-0.971833,-0.066371,-0.042691,-0.077959,0.996042,0,0.71790,-0.25065,43.074,-0.501,-1,375.000,-1,400.000,275.000,325.000,325.000,300.000,200.000,-1,-1,-1,775.000,700.000,650.000,-1,450.000,2,0,2,0,1,0,0,0,1,2,2,2,1,0,1,2,1
81,4611.225,-2657.869,-163.922,-193.381,-0.971240,-0.230716,-0.058841,0.234398,-0.969895,-0.066045,-0.041832,-0.077937,0.996080,0,0.71245,-0.24524,42.747,-0.490,-1,375.000,-1,400.000,250.000,325.000,325.000,300.000,200.000,-1,-1,-1,750.000,700.000,650.000,-1,450.000,2,0,2,0,1,0,0,0,1,2,2,2,1,0,1,2,1
82,4570.022,-2647.703,-165.488,-193.860,-0.969306,-0.238819,-0.058403,0.242437,-0.967946,-0.065617,-0.040861,-0.077762,0.996134,0,0.70731,-0.23947,42.439,-0.479,-1,375.000,-1,400.000,225.000,325.000,325.000,300.000,200.000,-1,-1,-1,750.000,700.000,650.000,-1,425.000,2,0,2,1,1,0,0,0,1,2,2,2,1,0,1,2,1
83,4524.241,-2636.055,-167.276,-194.274,-0.967594,-0.245813,-0.057773,0.249351,-0.966224,-0.065076,-0.039825,-0.077372,0.996207,0,0.78731,-0.20697,47.239,-0.414,-1,375.000,-1,375.000,225.000,325.000,325.000,300.000,200.000,-1,-1,-1,725.000,700.000,700.000,-1,425.000,2,0,2,1,1,0,0,0,1,2,2,2,1,0,1,2,1
84,4478.367,-2624.027,-169.070,-194.691,-0.965827,-0.252852,-0.056947,0.256298,-0.964435,-0.064622,-0.038582,-0.077009,0.996284,0,0.79041,-0.20869,47.425,-0.417,-1,375.000,-1,375.000,225.000,325.000,325.000,300.000,175.000,-1,-1,-1,700.000,700.000,750.000,-1,-1,2,0,2,1,1,0,0,0,1,2,2,2,1,0,0,2,2
85,4432.756,-2611.712,-170.163,-195.112,-0.964081,-0.259885,-0.054845,0.263251,-0.962383,-0.067219,-0.035313,-0.079243,0.996230,0,0.78741,-0.21046,47.244,-0.421,-1,400.000,-1,375.000,225.000,325.000,325.000,300.000,175.000,-1,975.000,-1,675.000,700.000,775.000,-1,-1,2,0,2,1,1,0,0,0,1,2,0,2,1,0,0,2,2
86,4387.422,-2599.114,-170.211,-195.536,-0.962376,-0.266881,-0.051064,0.270141,-0.959973,-0.073994,-0.029273,-0.085005,0.995950,0,0.78420,-0.21225,47.052,-0.424,-1,400.000,-1,400.000,250.000,325.000,350.000,300.000,175.000,-1,800.000,950.000,650.000,725.000,825.000,-1,-1,2,0,2,1,1,0,0,0,1,2,0,0,1,0,0,2,2
87,4346.847,-2587.331,-170.239,-196.201,-0.959420,-0.277869,-0.047977,0.280985,-0.956375,-0.079966,-0.023664,-0.090202,0.995642,0,0.70420,-0.33225,42.252,-0.664,-1,400.000,-1,400.000,275.000,350.000,350.000,275.000,175.000,-1,650.000,750.000,650.000,750.000,875.000,-1,-1,2,0,2,1,1,0,0,0,1,2,0,0,1,0,0,2,2
88,4308.881,-2575.807,-170.378,-196.891,-0.956173,-0.289244,-0.045514,0.292202,-0.952563,-0.085101,-0.018740,-0.094671,0.995332,0,0.66126,-0.34496,39.675,-0.690,-1,425.000,-1,425.000,-1,350.000,375.000,275.000,175.000,-1,525.000,625.000,650.000,750.000,925.000,-1,-1,2,0,2,1,2,0,0,0,1,2,0,0,1,0,0,2,2
89,4271.167,-2563.862,-170.662,-197.580,-0.952767,-0.300568,-0.043522,0.303363,-0.948656,-0.089571,-0.014365,-0.098544,0.995029,0,0.65933,-0.34464,39.560,-0.689,-1,425.000,-1,450.000,-1,350.000,375.000,275.000,175.000,-1,450.000,550.000,650.000,775.000,975.000,-1,-1,2,0,2,1,2,0,1,0,1,2,0,0,1,0,0,2,2
90,4233.720,-2551.509,-171.102,-198.261,-0.949245,-0.311722,-0.041987,0.314359,-0.944706,-0.093319,-0.010576,-0.101781,0.994751,0,0.65720,-0.34056,39.432,-0.681,-1,425.000,-1,475.000,-1,375.000,375.000,275.000,175.000,-1,400.000,500.000,625.000,775.000,1000.000,-1,-1,2,0,2,0,2,0,1,0,1,2,0,0,1,0,0,2,2
91,4196.554,-2538.762,-171.703,-198.934,-0.945617,-0.322702,-0.040890,0.325198,-0.940729,-0.096305,-0.007388,-0.104365,0.994512,0,0.65484,-0.33625,39.290,-0.672,-1,425.000,-1,475.000,-1,375.000,375.000,275.000,150.000,-1,350.000,450.000,625.000,800.000,-1,-1,-1,2,0,2,0,2,0,0,0,1,2,0,0,1,0,2,2,2
92,4159.684,-2525.638,-172.471,-199.597,-0.941891,-0.333505,-0.040209,0.335885,-0.936739,-0.098494,-0.004817,-0.106276,0.994325,0,0.65226,-0.33172,39.136,-0.663,-1,425.000,-1,500.000,-1,375.000,400.000,275.000,150.000,-1,325.000,425.000,600.000,800.000,-1,-1,-1,2,0,2,0,2,0,0,0,1,2,0,0,1,0,2,2,2
93,4123.123,-2512.150,-173.412,-200.251,-0.938074,-0.344128,-0.039922,0.346424,-0.932748,-0.099854,-0.002874,-0.107501,0.994201,0,0.64948,-0.32695,38.969,-0.654,-1,425.000,-1,500.000,-1,375.000,400.000,275.000,150.000,-1,300.000,425.000,600.000,800.000,-1,-1,-1,2,0,2,0,2,0,0,0,1,2,0,0,1,0,2,2,2
94,4086.883,-2498.315,-174.529,-200.895,-0.934174,-0.354569,-0.040003,0.356815,-0.928769,-0.100357,-0.001570,-0.108025,0.994147,0,0.64651,-0.32197,38.791,-0.644,-1,425.000,-1,500.000,-1,375.000,400.000,275.000,150.000,-1,300.000,400.000,575.000,800.000,-1,-1,-1,2,0,2,0,2,0,0,0,1,2,0,0,1,0,2,2,2
95,4050.973,-2484.148,-175.767,-201.528,-0.930191,-0.364833,-0.040516,0.367074,-0.924834,-0.099693,-0.001100,-0.107606,0.994193,0,0.64338,-0.31675,38.603,-0.633,-1,425.000,-1,475.000,-1,375.000,375.000,275.000,150.000,-1,300.000,425.000,550.000,800.000,-1,-1,-1,2,0,2,0,2,0,0,0,1,2,0,0,1,0,2,2,2
96,4015.400,-2469.665,-177.086,-202.151,-0.926127,-0.374924,-0.041494,0.377209,-0.920969,-0.097615,-0.001616,-0.106056,0.994359,0,0.64012,-0.31131,38.407,-0.623,-1,425.000,-1,475.000,-1,375.000,375.000,275.000,150.000,-1,350.000,450.000,550.000,800.000,-1,-1,-1,2,0,2,0,2,0,0,0,1,2,0,0,1,0,2,2,2
97,3980.172,-2454.879,-178.360,-202.762,-0.922036,-0.384859,-0.041638,0.387100,-0.917229,-0.094049,-0.001996,-0.102834,0.994696,0,0.63675,-0.30564,38.205,-0.611,-1,425.000,-1,475.000,-1,375.000,375.000,275.000,150.000,-1,375.000,475.000,525.000,800.000,-1,-1,-1,2,0,2,0,2,0,0,0,1,2,0,0,1,0,2,2,2
98,3945.289,-2439.806,-179.801,-203.362,-0.917900,-0.394598,-0.041869,0.396802,-0.913528,-0.089522,-0.002923,-0.098786,0.995104,0,0.63332,-0.29976,37.999,-0.600,-1,425.000,-1,475.000,-1,350.000,375.000,275.000,125.000,-1,425.000,500.000,475.000,800.000,-1,-1,-1,2,0,2,0,2,0,0,0,1,2,0,0,1,0,2,2,2
99,3910.752,-2424.460,-181.450,-203.949,-0.913723,-0.404127,-0.042335,0.406313,-0.909854,-0.084114,-0.004526,-0.094058,0.995556,0,0.62986,-0.29365,37.792,-0.587,-1,425.000,-1,450.000,-1,350.000,350.000,275.000,125.000,-1,500.000,550.000,450.000,800.000,1000.000,-1,-1,2,0,2,0,2,0,0,0,1,2,0,0,1,0,0,2,2
100,3876.560,-2408.854,-183.308,-204.524,-0.909516,-0.413438,-0.043015,0.415613,-0.906207,-0.077811,-0.006810,-0.088648,0.996040,0,0.62642,-0.28733,37.585,-0.575,-1,425.000,-1,450.000,-1,350.000,350.000,275.000,125.000,-1,625.000,625.000,400.000,775.000,950.000,-1,-1,2,0,2,0,2,0,0,0,1,2,0,0,1,0,0,2,2
101,3842.707,-2393.000,-185.352,-205.085,-0.905286,-0.422519,-0.043995,0.424689,-0.902578,-0.070653,-0.009857,-0.082645,0.996530,0,0.62302,-0.28079,37.381,-0.562,-1,400.000,-1,425.000,-1,350.000,350.000,300.000,125.000,-1,850.000,800.000,375.000,775.000,900.000,-1,-1,2,0,2,0,2,0,0,0,1,2,0,0,1,0,0,2,2
102,3809.185,-2376.909,-187.427,-205.634,-0.901020,-0.431342,-0.045911,0.433548,-0.898930,-0.062938,-0.014123,-0.076613,0.996961,0,0.61971,-0.27405,37.183,-0.548,-1,400.000,-1,400.000,-1,325.000,325.000,300.000,125.000,-1,-1,-1,325.000,750.000,850.000,-1,-1,2,0,2,0,2,0,0,0,1,2,2,2,1,0,0,2,2
103,3775.983,-2360.599,-187.270,-206.168,-0.896618,-0.439626,-0.052957,0.442344,-0.894711,-0.061845,-0.020192,-0.078877,0.996680,0,0.61653,-0.26710,36.992,-0.534,-1,375.000,-1,400.000,-1,325.000,325.000,275.000,125.000,-1,-1,-1,325.000,700.000,800.000,-1,-1,2,0,2,0,2,0,0,0,1,2,2,2,1,0,0,2,2
104,3743.091,-2344.072,-186.347,-206.688,-0.892346,-0.447536,-0.058563,0.450754,-0.890304,-0.064648,-0.023206,-0.084085,0.996188,0,0.61350,-0.25996,36.810,-0.520,-1,375.000,-1,400.000,-1,325.000,325.000,275.000,125.000,-1,-1,-1,325.000,700.000,800.000,-1,-1,2,0,2,0,2,0,0,0,1,2,2,2,1,0,0,2,2
105,3710.497,-2327.333,-185.586,-207.193,-0.888118,-0.455182,-0.063693,0.458886,-0.885959,-0.067088,-0.025892,-0.088810,0.995712,0,0.61067,-0.25261,36.640,-0.505,950.000,375.000,-1,400.000,-1,325.000,325.000,275.000,150.000,-1,-1,-1,325.000,675.000,800.000,-1,-1,0,0,2,0,2,0,0,0,1,2,2,2,1,0,0,2,2
106,3678.187,-2310.388,-184.994,-207.683,-0.883949,-0.462565,-0.068315,0.466729,-0.881691,-0.069175,-0.028235,-0.093032,0.995263,0,0.60806,-0.24508,36.483,-0.490,875.000,375.000,-1,400.000,-1,325.000,325.000,275.000,150.000,-1,-1,-1,300.000,650.000,800.000,-1,-1,0,0,2,0,2,0,0,0,1,2,2,2,1,0,0,2,2
107,3646.143,-2293.243,-184.576,-208.158,-0.879859,-0.469688,-0.072401,0.474273,-0.877517,-0.070918,-0.030224,-0.096736,0.994851,0,0.60569,-0.23736,36.341,-0.475,825.000,375.000,-1,400.000,-1,300.000,325.000,275.000,175.000,-1,-1,-1,325.000,650.000,800.000,-1,-1,0,0,2,0,2,0,0,0,1,2,2,2,1,0,0,2,2
108,3614.349,-2275.901,-184.337,-208.617,-0.875863,-0.476551,-0.075919,0.481508,-0.873452,-0.072324,-0.031845,-0.099902,0.994488,0,0.60359,-0.22945,36.215,-0.459,775.000,375.000,-1,400.000,-1,300.000,325.000,250.000,200.000,-1,-1,-1,325.000,650.000,800.000,-1,-1,0,0,2,0,2,0,0,0,1,2,2,2,1,0,0,2,2
109,3582.785,-2258.367,-184.283,-209.059,-0.871977,-0.483156,-0.078840,0.488427,-0.869512,-0.073403,-0.033087,-0.102513,0.994181,0,0.60177,-0.22135,36.106,-0.443,750.000,350.000,-1,400.000,-1,300.000,325.000,250.000,200.000,-1,-1,-1,325.000,625.000,800.000,-1,-1,0,0,2,0,2,0,0,0,1,2,2,2,1,0,0,2,2
110,3551.432,-2240.642,-184.421,-209.486,-0.868217,-0.489506,-0.081135,0.495022,-0.865710,-0.074161,-0.033936,-0.104552,0.993940,0,0.60026,-0.21308,36.016,-0.426,725.000,350.000,-1,400.000,-1,300.000,325.000,250.000,225.000,-1,-1,-1,325.000,625.000,800.000,975.000,-1,0,0,2,0,2,0,0,0,1,2,2,2,1,0,0,1,2
111,3520.270,-2222.729,-184.748,-209.895,-0.864600,-0.495602,-0.082737,0.501285,-0.862061,-0.074593,-0.034356,-0.105968,0.993776,0,0.59906,-0.20463,35.943,-0.409,725.000,350.000,-1,400.000,-1,300.000,325.000,250.000,225.000,-1,-1,-1,325.000,625.000,800.000,950.000,-1,0,0,2,0,2,0,0,0,1,2,2,2,1,0,0,1,2
112,3489.277,-2204.628,-185.133,-210.287,-0.861185,-0.501477,-0.082954,0.507160,-0.858630,-0.074455,-0.033889,-0.106190,0.993768,0,0.59818,-0.19600,35.891,-0.392,725.000,350.000,-1,400.000,-1,300.000,325.000,250.000,250.000,-1,-1,-1,325.000,625.000,800.000,925.000,-1,0,0,2,0,2,0,0,0,1,2,2,2,1,0,0,1,2
113,3458.433,-2186.341,-185.642,-210.661,-0.857917,-0.507117,-0.082529,0.512710,-0.855404,-0.073577,-0.033284,-0.105436,0.993869,0,0.59763,-0.18720,35.858,-0.374,750.000,350.000,-1,425.000,-1,300.000,325.000,250.000,275.000,-1,-1,-1,325.000,625.000,800.000,900.000,-1,0,0,2,0,2,0,0,0,1,2,2,2,1,0,0,1,2
114,3427.715,-2167.867,-186.208,-211.018,-0.854789,-0.512540,-0.081474,0.517940,-0.852417,-0.071582,-0.032762,-0.103386,0.994102,0,0.59741,-0.17822,35.845,-0.356,775.000,350.000,-1,425.000,-1,300.000,325.000,250.000,300.000,-1,-1,-1,325.000,625.000,800.000,875.000,-1,0,0,2,0,2,0,0,0,1,2,2,2,1,0,0,1,2
115,3393.104,-2146.557,-187.161,-211.614,-0.849534,-0.521559,-0.079170,0.526611,-0.847318,-0.068798,-0.031200,-0.100138,0.994484,0,0.67741,-0.29822,40.645,-0.596,800.000,350.000,-1,400.000,-1,300.000,325.000,250.000,300.000,-1,-1,-1,325.000,650.000,800.000,850.000,-1,1,0,2,0,2,0,0,0,1,2,2,2,1,0,0,1,2
116,3354.759,-2122.167,-188.514,-212.450,-0.842059,-0.534125,-0.075143,0.538641,-0.840011,-0.065172,-0.028311,-0.095353,0.995041,0,0.75741,-0.41822,45.445,-0.836,800.000,375.000,-1,400.000,-1,300.000,325.000,250.000,325.000,-1,-1,-1,325.000,675.000,800.000,825.000,-1,1,0,2,0,2,0,0,0,1,2,2,2,1,0,0,1,2
117,3314.246,-2095.314,-190.237,-213.527,-0.832207,-0.550140,-0.069116,0.553949,-0.830324,-0.060848,-0.023914,-0.088925,0.995751,0,0.81004,-0.53822,48.603,-1.076,800.000,375.000,-1,400.000,-1,325.000,325.000,275.000,325.000,-1,-1,-1,325.000,700.000,800.000,800.000,-1,1,0,2,0,2,0,0,0,0,2,2,2,1,0,0,1,2
118,3274.425,-2067.581,-192.292,-214.843,-0.819717,-0.569431,-0.061749,0.572473,-0.817983,-0.056376,-0.018408,-0.081562,0.996498,0,0.80877,-0.65822,48.526,-1.316,775.000,375.000,-1,400.000,-1,325.000,325.000,275.000,300.000,-1,-1,-1,325.000,725.000,800.000,775.000,-1,1,0,2,0,2,0,0,0,0,2,2,2,1,1,0,1,2
119,3235.389,-2038.790,-194.642,-216.400,-0.804321,-0.591815,-0.053130,0.594076,-0.802725,-0.052010,-0.011868,-0.073396,0.997232,0,0.80839,-0.77822,48.504,-1.556,750.000,400.000,-1,400.000,-1,325.000,325.000,275.000,300.000,-1,-1,-1,325.000,700.000,825.000,750.000,-1,1,0,2,0,2,0,0,0,0,2,2,2,1,1,0,1,2
120,3197.254,-2008.776,-196.650,-218.196,-0.785665,-0.616977,-0.045493,0.618628,-0.784145,-0.049148,-0.005350,-0.066757,0.997755,0,0.80881,-0.89822,48.529,-1.796,725.000,400.000,-1,400.000,-1,325.000,325.000,275.000,275.000,-1,-1,-1,325.000,700.000,825.000,725.000,-1,1,0,2,0,2,0,0,0,0,2,2,2,1,1,0,1,2
121,3160.134,-1977.412,-196.737,-220.196,-0.763663,-0.643939,-0.046501,0.645604,-0.762102,-0.048959,-0.003912,-0.067410,0.997718,0,0.80993,-1.00000,48.596,-2.000,675.000,400.000,-1,400.000,-1,325.000,325.000,275.000,275.000,-1,-1,-1,350.000,675.000,825.000,700.000,-1,1,0,2,0,2,0,0,0,0,2,2,2,1,1,0,1,2
122,3124.057,-1944.704,-196.830,-222.196,-0.740734,-0.670102,-0.047717,0.671794,-0.739118,-0.048957,-0.002462,-0.068320,0.997660,0,0.81159,-1.00000,48.696,-2.000,625.000,400.000,-1,400.000,-1,325.000,325.000,275.000,275.000,-1,-1,-1,400.000,650.000,825.000,650.000,-1,1,0,2,0,2,0,0,0,0,2,2,2,1,1,0,1,2
123,3089.067,-1910.684,-196.932,-224.196,-0.716909,-0.695432,-0.049150,0.697166,-0.715224,-0.049133,-0.000985,-0.069490,0.997582,0,0.81336,-1.00000,48.801,-2.000,575.000,400.000,-1,400.000,-1,325.000,325.000,275.000,275.000,-1,-1,-1,425.000,650.000,800.000,625.000,-1,1,0,2,0,2,0,0,0,0,2,2,2,1,1,0,1,2
124,3055.209,-1875.383,-197.024,-226.196,-0.692216,-0.719901,-0.050797,0.721691,-0.690452,-0.049380,0.000476,-0.070841,0.997488,0,0.81520,-1.00000,48.912,-2.000,525.000,400.000,-1,400.000,-1,325.000,325.000,275.000,275.000,-1,-1,-1,450.000,625.000,800.000,600.000,-1,1,0,2,0,2,0,0,0,0,2,2,2,1,1,0,1,2
125,3022.527,-1838.836,-196.882,-228.196,-0.666647,-0.743525,-0.052465,0.745373,-0.664877,-0.048554,0.001219,-0.071474,0.997442,0,0.81712,-1.00000,49.027,-2.000,500.000,400.000,-1,400.000,-1,325.000,325.000,275.000,275.000,-1,-1,-1,500.000,625.000,800.000,575.000,-1,1,0,2,0,2,0,0,0,0,2,2,2,1,1,0,1,2
126,2991.065,-1801.080,-196.746,-230.196,-0.640273,-0.766228,-0.054278,0.768145,-0.638483,-0.047880,0.002031,-0.072350,0.997377,0,0.81910,-1.00000,49.146,-2.000,475.000,400.000,-1,400.000,-1,325.000,325.000,275.000,275.000,-1,-1,-1,525.000,600.000,775.000,550.000,-1,1,0,2,0,2,0,0,0,0,2,2,2,1,1,0,1,2
127,2960.864,-1762.152,-196.588,-232.196,-0.613123,-0.787985,-0.056213,0.789982,-0.611308,-0.047229,0.002852,-0.073364,0.997301,0,0.82113,-1.00000,49.268,-2.000,450.000,400.000,-1,400.000,-1,325.000,325.000,275.000,275.000,-1,-1,-1,575.000,600.000,775.000,525.000,-1,1,0,2,0,2,0,0,0,0,2,2,2,1,1,0,1,2
128,2931.969,-1722.094,-196.127,-234.196,-0.585247,-0.808810,-0.057545,0.810845,-0.583414,-0.046452,0.003998,-0.073846,0.997262,0,0.82319,-1.00000,49.391,-2.000,425.000,400.000,-1,400.000,-1,325.000,325.000,275.000,275.000,-1,-1,-1,600.000,575.000,750.000,500.000,-1,1,0,2,0,2,0,0,0,0,2,2,2,1,1,0,1,2
129,2901.653,-1677.174,-195.439,-235.985,-0.559744,-0.826619,-0.058200,0.828647,-0.557879,-0.045985,0.005544,-0.073967,0.997245,0,0.90319,-0.89434,54.191,-1.789,400.000,400.000,-1,400.000,-1,325.000,325.000,275.000,275.000,-1,-1,-1,650.000,575.000,750.000,475.000,-1,1,0,2,0,2,0,0,0,0,2,2,2,1,1,0,1,2
130,2870.985,-1628.568,-194.736,-237.750,-0.534055,-0.843389,-0.059001,0.845420,-0.532142,-0.045717,0.007160,-0.074296,0.997210,0,0.95786,-0.88248,57.471,-1.765,375.000,400.000,-1,400.000,-1,325.000,325.000,275.000,275.000,-1,-1,-1,675.000,550.000,750.000,450.000,-1,1,0,2,0,2,0,0,0,0,2,2,2,1,1,0,1,2
