timestep,x_cm,y_cm,z_cm,yaw_deg,basis_xx,basis_xy,basis_xz,basis_yx,basis_yy,basis_yz,basis_zx,basis_zy,basis_zz,teleport_flag,throttle_cmd,steering_cmd,cmd_move_cm,cmd_turn_deg,lidar_cm_0,lidar_cm_1,lidar_cm_2,lidar_cm_3,lidar_cm_4,lidar_cm_5,lidar_cm_6,lidar_cm_7,lidar_cm_8,lidar_cm_9,lidar_cm_10,lidar_cm_11,lidar_cm_12,lidar_cm_13,lidar_cm_14,lidar_cm_15,lidar_cm_16,lidar_class_0,lidar_class_1,lidar_class_2,lidar_class_3,lidar_class_4,lidar_class_5,lidar_class_6,lidar_class_7,lidar_class_8,lidar_class_9,lidar_class_10,lidar_class_11,lidar_class_12,lidar_class_13,lidar_class_14,lidar_class_15,lidar_class_16
0,-5571.544,-1642.659,-81.427,-36.122,0.807017,0.589433,-0.035956,-0.589599,0.807666,0.006936,0.033129,0.015602,0.999329,1,0.08000,0.11284,4.800,0.226,-1,400.000,-1,400.000,-1,325.000,325.000,300.000,300.000,-1,800.000,725.000,-1,825.000,750.000,-1,-1,2,0,2,0,2,0,0,0,0,2,0,0,2,0,0,2,2
1,-5563.767,-1648.287,-81.107,-35.896,0.809333,0.586249,-0.035941,-0.586411,0.809984,0.006956,0.033190,0.015447,0.999330,0,0.16000,0.11284,9.600,0.226,-1,400.000,-1,400.000,-1,325.000,325.000,300.000,300.000,-1,800.000,725.000,-1,825.000,750.000,-1,-1,2,0,2,0,2,0,0,0,0,2,0,0,2,0,0,2,2
2,-5552.069,-1656.684,-80.629,-35.671,0.811638,0.583055,-0.035923,-0.583214,0.812289,0.006985,0.033252,0.015281,0.999330,0,0.24000,0.11284,14.400,0.226,-1,400.000,-1,400.000,-1,325.000,325.000,300.000,300.000,-1,825.000,750.000,-1,825.000,750.000,-1,-1,2,0,2,0,2,0,0,0,0,2,0,0,2,0,0,2,2
3,-5536.427,-1667.819,-79.994,-35.445,0.813930,0.579853,-0.035902,-0.580007,0.814581,0.007023,0.033317,0.015107,0.999331,0,0.32000,0.11284,19.200,0.226,-1,400.000,-1,400.000,-1,325.000,325.000,300.000,300.000,-1,825.000,775.000,-1,825.000,750.000,-1,-1,2,0,2,0,2,0,0,0,0,2,0,0,2,0,0,2,2
4,-5516.820,-1681.660,-79.198,-35.219,0.816208,0.576641,-0.035903,-0.576792,0.816861,0.007059,0.033398,0.014947,0.999330,0,0.40000,0.11284,24.000,0.226,-1,400.000,-1,400.000,-1,325.000,325.000,300.000,300.000,-1,850.000,775.000,-1,825.000,750.000,-1,-1,2,0,2,0,2,0,0,0,0,2,0,0,2,0,0,2,2
5,-5493.227,-1698.176,-78.244,-34.993,0.818474,0.573420,-0.035917,-0.573567,0.819128,0.007094,0.033488,0.014794,0.999330,0,0.48000,0.11284,28.800,0.226,-1,400.000,-1,400.000,-1,325.000,325.000,300.000,300.000,-1,875.000,800.000,-1,825.000,750.000,-1,-1,2,0,2,0,2,0,0,0,0,2,0,0,2,0,0,2,2
6,-5465.625,-1717.337,-77.137,-34.768,0.820726,0.570191,-0.035932,-0.570334,0.821382,0.007124,0.033576,0.014647,0.999329,0,0.56000,0.11284,33.600,0.226,-1,400.000,-1,400.000,-1,325.000,325.000,300.000,300.000,-1,925.000,850.000,-1,825.000,750.000,-1,-1,2,0,2,0,2,0,0,0,0,2,0,0,2,0,0,2,2
7,-5433.995,-1739.110,-75.846,-34.542,0.822967,0.566951,-0.035936,-0.567097,0.823621,0.006982,0.033556,0.014633,0.999330,0,0.64000,0.11284,38.400,0.226,-1,400.000,-1,400.000,-1,325.000,325.000,300.000,300.000,-1,950.000,875.000,-1,825.000,750.000,-1,-1,2,0,2,0,2,0,0,0,0,2,0,0,2,0,0,2,2
8,-5398.314,-1763.464,-74.404,-34.316,0.825196,0.563702,-0.035935,-0.563852,0.825848,0.006808,0.033514,0.014644,0.999331,0,0.72000,0.11284,43.200,0.226,-1,400.000,-1,400.000,-1,325.000,325.000,300.000,300.000,-1,1000.000,925.000,-1,850.000,750.000,-1,-1,2,0,2,0,2,0,0,0,0,2,0,0,2,0,0,2,2
9,-5358.563,-1790.369,-72.813,-34.091,0.827412,0.560445,-0.035927,-0.560598,0.828062,0.006597,0.033447,0.014682,0.999333,0,0.80000,0.11284,48.000,0.226,-1,400.000,-1,400.000,-1,325.000,325.000,300.000,300.000,-1,-1,975.000,-1,850.000,775.000,-1,-1,2,0,2,0,2,0,0,0,0,2,2,0,2,0,0,2,2
10,-5318.888,-1817.236,-71.389,-34.105,0.827302,0.560655,-0.035170,-0.560798,0.827926,0.006599,0.032818,0.014264,0.999360,0,0.79861,-0.00716,47.917,-0.014,-1,400.000,-1,400.000,-1,325.000,325.000,300.000,300.000,-1,-1,-1,-1,850.000,750.000,-1,-1,2,0,2,0,2,0,0,0,0,2,2,2,2,0,0,2,2
11,-5279.332,-1844.280,-70.099,-34.359,0.824856,0.564330,-0.033820,-0.564452,0.825438,0.006758,0.031730,0.013515,0.999405,0,0.79861,-0.12716,47.917,-0.254,-1,400.000,-1,400.000,-1,325.000,325.000,300.000,300.000,-1,-1,-1,-1,825.000,750.000,-1,-1,2,0,2,0,2,0,0,0,0,2,2,2,2,0,0,2,2
12,-5239.925,-1871.539,-68.807,-34.673,0.821803,0.568841,-0.032556,-0.568946,0.822346,0.006860,0.030674,0.012886,0.999446,0,0.79861,-0.15669,47.917,-0.313,-1,400.000,-1,400.000,-1,325.000,325.000,300.000,300.000,-1,-1,-1,-1,825.000,750.000,-1,-1,2,0,2,0,2,0,0,0,0,2,2,2,2,0,0,2,2
13,-5200.667,-1899.013,-67.514,-34.986,0.818720,0.573335,-0.031381,-0.573426,0.819228,0.006906,0.029668,0.012341,0.999484,0,0.79861,-0.15669,47.917,-0.313,-1,400.000,-1,400.000,-1,325.000,325.000,300.000,300.000,-1,-1,-1,-1,825.000,750.000,-1,-1,2,0,2,0,2,0,0,0,0,2,2,2,2,0,0,2,2
14,-5161.561,-1926.702,-66.125,-35.300,0.815608,0.577813,-0.030265,-0.577881,0.816088,0.007305,0.028920,0.011532,0.999515,0,0.79861,-0.15669,47.917,-0.313,-1,400.000,-1,400.000,-1,325.000,325.000,300.000,300.000,-1,-1,-1,-1,825.000,750.000,-1,-1,2,0,2,0,2,0,0,0,0,2,2,2,2,0,0,2,2
15,-5122.606,-1954.605,-64.659,-35.613,0.812471,0.582274,-0.029122,-0.582315,0.812924,0.007915,0.028282,0.010528,0.999545,0,0.79861,-0.15669,47.917,-0.313,-1,400.000,-1,400.000,-1,325.000,325.000,300.000,300.000,-1,-1,-1,-1,800.000,750.000,-1,-1,2,0,2,0,2,0,0,0,0,2,2,2,2,0,0,2,2
16,-5083.805,-1982.719,-63.187,-35.926,0.809305,0.586717,-0.028074,-0.586734,0.809735,0.008500,0.027720,0.009593,0.999570,0,0.79861,-0.15669,47.917,-0.313,-1,400.000,-1,400.000,-1,325.000,325.000,300.000,300.000,-1,-1,-1,-1,800.000,750.000,-1,-1,2,0,2,0,2,0,0,0,0,2,2,2,2,0,0,2,2
17,-5045.158,-2011.046,-61.710,-36.240,0.806111,0.591142,-0.027124,-0.591137,0.806520,0.009060,0.027232,0.008730,0.999591,0,0.79861,-0.15669,47.917,-0.313,-1,400.000,-1,400.000,-1,325.000,325.000,300.000,300.000,-1,-1,-1,-1,800.000,750.000,-1,-1,2,0,2,0,2,0,0,0,0,2,2,2,2,0,0,2,2
18,-5006.666,-2039.584,-60.317,-36.553,0.802892,0.595547,-0.026256,-0.595533,0.803278,0.009171,0.026552,0.008273,0.999613,0,0.79861,-0.15669,47.917,-0.313,-1,400.000,-1,400.000,-1,325.000,325.000,300.000,300.000,-1,-1,-1,-1,800.000,750.000,-1,-1,2,0,2,0,2,0,0,0,0,2,2,2,2,0,0,2,2
19,-4968.331,-2068.332,-58.939,-36.866,0.799645,0.599932,-0.025484,-0.599918,0.800010,0.009060,0.025823,0.008044,0.999634,0,0.79861,-0.15669,47.917,-0.313,-1,400.000,-1,375.000,-1,325.000,325.000,325.000,300.000,-1,-1,-1,-1,800.000,750.000,-1,-1,2,0,2,0,2,0,0,0,0,2,2,2,2,0,0,2,2
20,-4930.154,-2097.288,-57.560,-37.180,0.796370,0.604300,-0.024819,-0.604286,0.796718,0.008900,0.025152,0.007910,0.999652,0,0.79861,-0.15669,47.917,-0.313,-1,400.000,-1,375.000,-1,325.000,325.000,325.000,300.000,-1,-1,-1,-1,800.000,750.000,-1,-1,2,0,2,0,2,0,0,0,0,2,2,2,2,0,0,2,2
21,-4892.136,-2126.454,-56.185,-37.493,0.793069,0.608649,-0.024260,-0.608637,0.793401,0.008717,0.024553,0.007852,0.999668,0,0.79861,-0.15669,47.917,-0.313,-1,400.000,-1,375.000,-1,325.000,325.000,325.000,300.000,-1,-1,-1,-1,800.000,750.000,-1,-1,2,0,2,0,2,0,0,0,0,2,2,2,2,0,0,2,2
22,-4854.278,-2155.827,-54.812,-37.807,0.789740,0.612979,-0.023808,-0.612970,0.790060,0.008511,0.024027,0.007872,0.999680,0,0.79861,-0.15669,47.917,-0.313,-1,400.000,-1,375.000,-1,325.000,325.000,325.000,300.000,-1,-1,-1,-1,800.000,750.000,-1,-1,2,0,2,0,2,0,0,0,0,2,2,2,2,0,0,2,2
23,-4816.581,-2185.406,-53.570,-38.120,0.786383,0.617293,-0.023471,-0.617273,0.786698,0.008942,0.023984,0.007456,0.999685,0,0.79861,-0.15669,47.917,-0.313,-1,400.000,-1,375.000,-1,325.000,325.000,325.000,300.000,-1,-1,-1,-1,800.000,750.000,-1,-1,2,0,2,0,2,0,0,0,0,2,2,2,2,0,0,2,2
24,-4779.046,-2215.191,-52.473,-38.433,0.782998,0.621591,-0.023237,-0.621543,0.783315,0.010087,0.024472,0.006544,0.999679,0,0.79861,-0.15669,47.917,-0.313,-1,400.000,-1,400.000,-1,325.000,325.000,325.000,300.000,-1,-1,-1,-1,800.000,750.000,-1,-1,2,0,2,0,2,0,0,0,0,2,2,2,2,0,0,2,2
25,-4741.675,-2245.181,-51.358,-38.747,0.779586,0.625869,-0.023098,-0.625797,0.779907,0.011104,0.024964,0.005798,0.999672,0,0.79861,-0.15669,47.917,-0.313,-1,400.000,-1,400.000,-1,325.000,325.000,325.000,300.000,-1,-1,-1,-1,800.000,750.000,-1,-1,2,0,2,0,2,0,0,0,0,2,2,2,2,0,0,2,2
26,-4704.468,-2275.375,-50.224,-39.060,0.776150,0.630127,-0.023055,-0.630034,0.776475,0.011995,0.025460,0.005216,0.999662,0,0.79861,-0.15669,47.917,-0.313,-1,400.000,-1,400.000,-1,325.000,325.000,325.000,300.000,-1,-1,-1,-1,800.000,775.000,-1,-1,2,0,2,0,2,0,0,0,0,2,2,2,2,0,0,2,2
27,-4667.428,-2305.773,-49.127,-39.374,0.772695,0.634366,-0.022835,-0.634253,0.773019,0.012819,0.025784,0.004578,0.999657,0,0.79861,-0.15669,47.917,-0.313,-1,400.000,-1,400.000,-1,325.000,325.000,325.000,300.000,-1,-1,-1,-1,800.000,775.000,-1,-1,2,0,2,0,2,0,0,0,0,2,2,2,2,0,0,2,2
28,-4630.554,-2336.372,-47.989,-39.687,0.769241,0.638588,-0.021751,-0.638449,0.769541,0.013717,0.025498,0.003336,0.999669,0,0.79861,-0.15669,47.917,-0.313,-1,400.000,-1,400.000,-1,325.000,325.000,325.000,300.000,-1,-1,-1,-1,800.000,775.000,-1,-1,2,0,2,0,2,0,0,0,0,2,2,2,2,0,0,2,2
29,-4593.848,-2367.172,-46.825,-40.000,0.765766,0.642790,-0.020591,-0.642629,0.766040,0.014513,0.025102,0.002119,0.999683,0,0.79861,-0.15669,47.917,-0.313,-1,400.000,-1,400.000,-1,325.000,325.000,325.000,300.000,-1,-1,-1,-1,800.000,775.000,-1,-1,2,0,2,0,2,0,0,0,0,2,2,2,2,0,0,2,2
30,-4557.311,-2398.173,-45.651,-40.314,0.762267,0.646971,-0.019430,-0.646793,0.762514,0.015193,0.024645,0.000986,0.999696,0,0.79861,-0.15669,47.917,-0.313,-1,400.000,-1,400.000,-1,325.000,325.000,325.000,300.000,-1,-1,-1,-1,800.000,775.000,-1,-1,2,0,2,0,2,0,0,0,0,2,2,2,2,0,0,2,2
31,-4520.944,-2429.373,-44.467,-40.627,0.758744,0.651132,-0.018268,-0.650942,0.758964,0.015756,0.024124,-0.000063,0.999709,0,0.79861,-0.15669,47.917,-0.313,-1,400.000,-1,400.000,-1,325.000,325.000,325.000,300.000,-1,-1,-1,-1,775.000,800.000,-1,-1,2,0,2,0,2,0,0,0,0,2,2,2,2,0,0,2,2
32,-4484.748,-2460.772,-43.380,-40.940,0.755187,0.655274,-0.017601,-0.655076,0.755391,0.016111,0.023853,-0.000637,0.999715,0,0.79861,-0.15669,47.917,-0.313,-1,400.000,-1,400.000,-1,325.000,325.000,325.000,300.000,-1,-1,-1,-1,775.000,800.000,-1,-1,2,0,2,0,2,0,0,0,0,2,2,2,2,0,0,2,2
33,-4448.724,-2492.368,-42.300,-41.254,0.751604,0.659395,-0.017019,-0.659194,0.751796,0.016340,0.023569,-0.001063,0.999722,0,0.79861,-0.15669,47.917,-0.313,-1,400.000,-1,400.000,-1,325.000,325.000,300.000,300.000,-1,-1,-1,-1,775.000,800.000,-1,-1,2,0,2,0,2,0,0,0,0,2,2,2,2,0,0,2,2
34,-4412.874,-2524.160,-41.215,-41.567,0.747998,0.663497,-0.016468,-0.663294,0.748178,0.016453,0.023238,-0.001384,0.999729,0,0.79861,-0.15669,47.917,-0.313,-1,400.000,-1,400.000,-1,325.000,325.000,300.000,300.000,-1,-1,-1,-1,775.000,800.000,-1,-1,2,0,2,0,2,0,0,0,0,2,2,2,2,0,0,2,2
35,-4377.199,-2556.148,-40.128,-41.881,0.744368,0.667579,-0.015951,-0.667379,0.744537,0.016441,0.022852,-0.001593,0.999738,0,0.79861,-0.15669,47.917,-0.313,-1,400.000,-1,400.000,-1,325.000,325.000,300.000,300.000,-1,-1,-1,-1,775.000,800.000,-1,-1,2,0,2,0,2,0,0,0,0,2,2,2,2,0,0,2,2
36,-4341.698,-2588.331,-39.054,-42.194,0.740715,0.671641,-0.015475,-0.671447,0.740875,0.016228,0.022364,-0.001630,0.999749,0,0.79861,-0.15669,47.917,-0.313,-1,400.000,-1,400.000,-1,325.000,325.000,300.000,300.000,-1,-1,-1,-1,750.000,800.000,-1,-1,2,0,2,0,2,0,0,0,0,2,2,2,2,0,0,2,2
37,-4306.375,-2620.708,-37.999,-42.507,0.737038,0.675684,-0.015044,-0.675501,0.737190,0.015786,0.021757,-0.001473,0.999762,0,0.79861,-0.15669,47.917,-0.313,-1,400.000,-1,400.000,-1,325.000,325.000,300.000,300.000,-1,-1,-1,-1,750.000,800.000,-1,-1,2,0,2,0,2,0,0,0,0,2,2,2,2,0,0,2,2
38,-4271.229,-2653.277,-36.941,-42.821,0.733338,0.679706,-0.014656,-0.679537,0.733484,0.015222,0.021097,-0.001204,0.999777,0,0.79861,-0.15669,47.917,-0.313,-1,400.000,-1,400.000,-1,325.000,325.000,300.000,300.000,-1,-1,-1,-1,750.000,800.000,-1,-1,2,0,2,0,2,0,0,0,0,2,2,2,2,0,0,2,2
39,-4239.432,-2682.818,-35.981,-42.894,0.732473,0.680645,-0.014332,-0.680489,0.732613,0.014616,0.020448,-0.000953,0.999790,0,0.72337,-0.03669,43.402,-0.073,-1,400.000,-1,400.000,-1,325.000,325.000,300.000,300.000,-1,-1,-1,-1,750.000,800.000,-1,-1,2,0,2,0,2,0,0,0,0,2,2,2,2,0,0,2,2
40,-4207.549,-2712.267,-35.034,-42.727,0.734456,0.678512,-0.014023,-0.678368,0.734589,0.013983,0.019789,-0.000757,0.999804,0,0.72337,0.08331,43.402,0.167,-1,400.000,-1,400.000,-1,325.000,325.000,300.000,300.000,-1,-1,-1,-1,725.000,800.000,-1,-1,2,0,2,0,2,0,0,0,0,2,2,2,2,0,0,2,2
41,-4175.458,-2741.489,-34.194,-42.321,0.739260,0.673281,-0.013691,-0.673140,0.739386,0.013810,0.019421,-0.000993,0.999811,0,0.72337,0.20331,43.402,0.407,-1,400.000,-1,400.000,-1,325.000,325.000,300.000,300.000,-1,-1,-1,-1,725.000,800.000,-1,-1,2,0,2,0,2,0,0,0,0,2,2,2,2,0,0,2,2
42,-4143.128,-2770.446,-33.365,-41.850,0.744772,0.667185,-0.013381,-0.667048,0.744891,0.013607,0.019046,-0.001209,0.999818,0,0.72337,0.23531,43.402,0.471,-1,400.000,-1,400.000,-1,325.000,325.000,300.000,300.000,-1,-1,-1,-1,725.000,775.000,-1,-1,2,0,2,0,2,0,0,0,0,2,2,2,2,0,0,2,2
43,-4110.562,-2799.137,-32.548,-41.380,0.750233,0.661044,-0.013094,-0.660910,0.750346,0.013377,0.018668,-0.001382,0.999825,0,0.72337,0.23531,43.402,0.471,-1,400.000,-1,400.000,-1,325.000,325.000,300.000,300.000,-1,-1,-1,-1,725.000,775.000,-1,-1,2,0,2,0,2,0,0,0,0,2,2,2,2,0,0,2,2
44,-4077.761,-2827.559,-31.742,-40.909,0.755643,0.654859,-0.012831,-0.654729,0.755750,0.013120,0.018289,-0.001513,0.999832,0,0.72337,0.23531,43.402,0.471,-1,375.000,-1,400.000,-1,325.000,325.000,300.000,300.000,-1,-1,-1,-1,700.000,775.000,-1,-1,2,0,2,0,2,0,0,0,0,2,2,2,2,0,0,2,2
45,-4044.727,-2855.711,-30.948,-40.438,0.761001,0.648629,-0.012590,-0.648504,0.761103,0.012834,0.017907,-0.001602,0.999838,0,0.72337,0.23531,43.402,0.471,-1,375.000,-1,400.000,-1,325.000,325.000,300.000,300.000,-1,-1,-1,-1,700.000,750.000,-1,-1,2,0,2,0,2,0,0,0,0,2,2,2,2,0,0,2,2
46,-4011.464,-2883.590,-30.120,-39.968,0.766303,0.642355,-0.012610,-0.642236,0.766405,0.012472,0.017676,-0.001459,0.999843,0,0.72337,0.23531,43.402,0.471,-1,375.000,-1,400.000,-1,325.000,325.000,300.000,300.000,-1,-1,-1,-1,700.000,750.000,-1,-1,2,0,2,0,2,0,0,0,0,2,2,2,2,0,0,2,2
47,-3977.972,-2911.196,-29.256,-39.497,0.771549,0.636039,-0.012894,-0.635926,0.771656,0.012026,0.017599,-0.001079,0.999845,0,0.72337,0.23531,43.402,0.471,-1,375.000,-1,400.000,-1,325.000,325.000,300.000,300.000,-1,-1,-1,-1,700.000,750.000,-1,-1,2,0,2,0,2,0,0,0,0,2,2,2,2,0,0,2,2
48,-3944.255,-2938.525,-28.389,-39.026,0.776742,0.629679,-0.013269,-0.629574,0.776855,0.011527,0.017566,-0.000599,0.999846,0,0.72337,0.23531,43.402,0.471,-1,375.000,-1,400.000,-1,325.000,325.000,300.000,300.000,-1,-1,-1,-1,700.000,725.000,-1,-1,2,0,2,0,2,0,0,0,0,2,2,2,2,0,0,2,2
49,-3910.315,-2965.576,-27.535,-38.556,0.781881,0.623277,-0.013684,-0.623181,0.782001,0.010984,0.017547,-0.000060,0.999846,0,0.72337,0.23531,43.402,0.471,-1,375.000,-1,400.000,-1,325.000,325.000,300.000,300.000,-1,-1,-1,-1,675.000,725.000,-1,-1,2,0,2,0,2,0,0,0,0,2,2,2,2,0,0,2,2
50,-3876.153,-2992.348,-26.735,-38.085,0.786969,0.616833,-0.014047,-0.616745,0.787094,0.010419,0.017483,0.000465,0.999847,0,0.72337,0.23531,43.402,0.471,-1,375.000,-1,400.000,-1,300.000,325.000,300.000,300.000,-1,-1,-1,-1,675.000,700.000,-1,-1,2,0,2,0,2,0,0,0,0,2,2,2,2,0,0,2,2
51,-3841.773,-3018.838,-25.948,-37.615,0.792000,0.610347,-0.014577,-0.610270,0.792133,0.009778,0.017515,0.001152,0.999846,0,0.72337,0.23531,43.402,0.471,-1,375.000,-1,375.000,-1,300.000,325.000,325.000,300.000,-1,-1,-1,-1,675.000,700.000,-1,-1,2,0,2,0,2,0,0,0,0,2,2,2,2,0,0,2,2
52,-3807.177,-3045.045,-25.169,-37.144,0.796976,0.603819,-0.015248,-0.603754,0.797119,0.009064,0.017627,0.001982,0.999843,0,0.72337,0.23531,43.402,0.471,-1,375.000,-1,375.000,-1,300.000,300.000,325.000,300.000,-1,-1,-1,-1,675.000,700.000,-1,-1,2,0,2,0,2,0,0,0,0,2,2,2,2,0,0,2,2
53,-3772.366,-3070.967,-24.387,-36.673,0.801895,0.597250,-0.016008,-0.597200,0.802050,0.008287,0.017789,0.002915,0.999838,0,0.72337,0.23531,43.402,0.471,-1,375.000,-1,375.000,-1,300.000,300.000,325.000,300.000,-1,-1,-1,-1,675.000,675.000,-1,-1,2,0,2,0,2,0,0,0,0,2,2,2,2,0,0,2,2
54,-3737.343,-3096.602,-23.602,-36.203,0.806759,0.590640,-0.016856,-0.590606,0.806926,0.007445,0.017999,0.003949,0.999830,0,0.72337,0.23531,43.402,0.471,-1,375.000,-1,375.000,-1,300.000,300.000,325.000,300.000,-1,-1,-1,-1,675.000,675.000,-1,-1,2,0,2,0,2,0,0,0,0,2,2,2,2,0,0,2,2
55,-3702.111,-3121.949,-22.538,-35.732,0.811563,0.583992,-0.017855,-0.583953,0.811750,0.007859,0.019084,0.004049,0.999810,0,0.72337,0.23531,43.402,0.471,-1,375.000,-1,375.000,-1,300.000,300.000,325.000,300.000,-1,-1,-1,-1,675.000,675.000,-1,-1,2,0,2,0,2,0,0,0,0,2,2,2,2,0,0,2,2
56,-3666.673,-3147.005,-21.321,-35.262,0.816307,0.577305,-0.019001,-0.577248,0.816520,0.008922,0.020665,0.003685,0.999780,0,0.72337,0.23531,43.402,0.471,-1,375.000,-1,375.000,-1,300.000,300.000,325.000,300.000,-1,-1,-1,-1,675.000,675.000,-1,-1,2,0,2,0,2,0,0,0,0,2,2,2,2,0,0,2,2
57,-3631.029,-3171.770,-20.075,-34.791,0.820992,0.570580,-0.020267,-0.570501,0.821236,0.010035,0.022370,0.003324,0.999744,0,0.72337,0.23531,43.402,0.471,-1,375.000,-1,375.000,-1,300.000,300.000,325.000,300.000,-1,-1,-1,-1,675.000,675.000,-1,-1,2,0,2,0,2,0,0,0,0,2,2,2,2,0,0,2,2
58,-3595.183,-3196.241,-18.803,-34.320,0.825617,0.563816,-0.021656,-0.563712,0.825895,0.011195,0.024198,0.002965,0.999703,0,0.72337,0.23531,43.402,0.471,-1,375.000,-1,375.000,-1,300.000,300.000,325.000,300.000,-1,-1,-1,-1,675.000,675.000,-1,-1,2,0,2,0,2,0,0,0,0,2,2,2,2,0,0,2,2
59,-3559.138,-3220.416,-17.503,-33.850,0.830180,0.557013,-0.023166,-0.556881,0.830499,0.012398,0.026146,0.002608,0.999655,0,0.72337,0.23531,43.402,0.471,-1,375.000,-1,375.000,-1,300.000,300.000,325.000,300.000,-1,-1,-1,-1,700.000,675.000,-1,-1,2,0,2,0,2,0,0,0,0,2,2,2,2,0,0,2,2
60,-3522.895,-3244.295,-16.166,-33.379,0.834682,0.550174,-0.024803,-0.550008,0.835047,0.013694,0.028246,0.002212,0.999599,0,0.72337,0.23531,43.402,0.471,-1,375.000,-1,375.000,-1,300.000,300.000,325.000,325.000,-1,-1,-1,-1,700.000,700.000,-1,-1,2,0,2,0,2,0,0,0,0,2,2,2,2,0,0,2,2
61,-3486.457,-3267.875,-14.818,-32.908,0.839121,0.543296,-0.026555,-0.543094,0.839539,0.014951,0.030417,0.001876,0.999536,0,0.72337,0.23531,43.402,0.471,-1,375.000,-1,375.000,-1,300.000,300.000,325.000,325.000,-1,850.000,725.000,-1,700.000,700.000,-1,-1,2,0,2,0,2,0,0,0,0,2,0,0,2,0,0,2,2
62,-3449.827,-3291.156,-13.379,-32.438,0.843498,0.536382,-0.028373,-0.536155,0.843973,0.015725,0.032381,0.001948,0.999474,0,0.72337,0.23531,43.402,0.471,-1,375.000,-1,375.000,-1,300.000,300.000,325.000,325.000,-1,675.000,600.000,-1,725.000,700.000,-1,-1,2,0,2,0,2,0,0,0,0,2,0,0,2,0,0,2,2
63,-3416.993,-3311.455,-12.077,-31.727,0.850031,0.525874,-0.030063,-0.525623,0.850561,0.016334,0.034160,0.001917,0.999415,0,0.64337,0.35531,38.602,0.711,-1,375.000,-1,375.000,-1,300.000,300.000,325.000,325.000,-1,600.000,525.000,-1,725.000,725.000,-1,-1,2,0,2,0,2,0,0,0,0,2,0,0,2,0,0,2,2
64,-3387.951,-3328.752,-10.926,-30.777,0.858589,0.511690,-0.031598,-0.511417,0.859168,0.016807,0.035748,0.001729,0.999359,0,0.56337,0.47531,33.802,0.951,-1,375.000,-1,375.000,-1,300.000,300.000,325.000,325.000,-1,550.000,475.000,-1,725.000,725.000,-1,-1,2,0,2,0,2,0,0,0,0,2,0,0,2,0,0,2,2
65,-3362.731,-3343.071,-9.950,-29.586,0.868995,0.493727,-0.032880,-0.493430,0.869616,0.017194,0.037082,0.001282,0.999311,0,0.48337,0.59531,29.002,1.191,-1,375.000,-1,375.000,-1,300.000,300.000,325.000,325.000,-1,500.000,450.000,-1,750.000,725.000,-1,-1,2,0,2,0,2,0,0,0,0,2,0,0,2,0,0,2,2
66,-3341.402,-3354.510,-9.218,-28.206,0.880608,0.472640,-0.033776,-0.472307,0.881256,0.017740,0.038150,0.000331,0.999272,0,0.40337,0.69005,24.202,1.380,-1,375.000,-1,375.000,-1,300.000,300.000,325.000,325.000,-1,475.000,425.000,-1,750.000,725.000,-1,-1,2,0,2,0,2,0,0,0,0,2,0,0,2,0,0,2,2
67,-3324.088,-3363.266,-8.639,-26.826,0.891715,0.451278,-0.034538,-0.450912,0.892383,0.018165,0.039019,-0.000624,0.999238,0,0.32337,0.69005,19.402,1.380,-1,400.000,-1,375.000,-1,325.000,300.000,325.000,325.000,-1,425.000,425.000,-1,775.000,725.000,-1,-1,2,0,2,0,2,0,0,0,0,2,0,0,2,0,0,2,2
68,-3310.903,-3369.539,-8.212,-25.446,0.902310,0.429653,-0.035153,-0.429259,0.902993,0.018472,0.039679,-0.001578,0.999211,0,0.24337,0.69005,14.602,1.380,-1,400.000,-1,375.000,-1,325.000,300.000,325.000,325.000,-1,425.000,400.000,-1,775.000,725.000,-1,-1,2,0,2,0,2,0,0,0,0,2,0,0,2,0,0,2,2
69,-3301.953,-3373.537,-7.936,-24.065,0.912386,0.407779,-0.035612,-0.407359,0.913077,0.018680,0.040134,-0.002537,0.999191,0,0.16337,0.69005,9.802,1.380,-1,400.000,-1,375.000,-1,325.000,300.000,325.000,325.000,-1,400.000,400.000,-1,800.000,725.000,-1,-1,2,0,2,0,2,0,0,0,0,2,0,0,2,0,0,2,2
70,-3297.338,-3375.466,-7.810,-22.685,0.921938,0.385668,-0.035915,-0.385225,0.922631,0.018802,0.040388,-0.003499,0.999178,0,0.08337,0.69005,5.002,1.380,-1,400.000,-1,375.000,-1,325.000,300.000,325.000,325.000,-1,400.000,400.000,-1,825.000,725.000,-1,-1,2,0,2,0,2,0,0,0,0,2,0,0,2,0,0,2,2
71,-3297.149,-3375.539,-7.834,-21.305,0.930961,0.363333,-0.036062,-0.362872,0.931649,0.018848,0.040445,-0.004461,0.999172,0,0.00337,0.69005,0.202,1.380,-1,400.000,-1,375.000,-1,325.000,300.000,325.000,325.000,-1,400.000,400.000,-1,825.000,750.000,-1,-1,2,0,2,0,2,0,0,0,0,2,0,0,2,0,0,2,2
72,-3301.472,-3373.972,-8.004,-19.925,0.939449,0.340788,-0.036056,-0.340310,0.940125,0.018825,0.040313,-0.005415,0.999172,0,-0.07663,0.69005,-4.598,1.380,-1,400.000,-1,375.000,-1,325.000,300.000,325.000,325.000,-1,400.000,400.000,-1,825.000,750.000,-1,-1,2,0,2,0,2,0,0,0,0,2,0,0,2,0,0,2,2
73,-3310.382,-3370.983,-8.317,-18.545,0.947396,0.318044,-0.035903,-0.317555,0.948055,0.018737,0.039997,-0.006350,0.999180,0,-0.15663,0.69005,-9.398,1.380,-1,400.000,-1,375.000,-1,325.000,300.000,325.000,325.000,-1,375.000,375.000,-1,825.000,725.000,-1,-1,2,0,2,0,2,0,0,0,0,2,0,0,2,0,0,2,2
74,-3323.948,-3366.793,-8.769,-17.165,0.954798,0.295116,-0.035610,-0.294620,0.955434,0.018585,0.039508,-0.007253,0.999193,0,-0.23663,0.69005,-14.198,1.380,-1,400.000,-1,375.000,-1,325.000,300.000,325.000,325.000,-1,375.000,375.000,-1,825.000,725.000,-1,-1,2,0,2,0,2,0,0,0,0,2,0,0,2,0,0,2,2
75,-3342.230,-3361.625,-9.369,-15.785,0.961651,0.272017,-0.035127,-0.271516,0.962258,0.018409,0.038809,-0.008165,0.999213,0,-0.31663,0.69005,-18.998,1.380,-1,400.000,-1,375.000,-1,325.000,300.000,325.000,325.000,-1,375.000,375.000,-1,825.000,725.000,-1,-1,2,0,2,0,2,0,0,0,0,2,0,0,2,0,0,2,2
76,-3361.131,-3356.770,-10.034,-14.405,0.967953,0.248760,-0.034421,-0.248251,0.968521,0.018407,0.037917,-0.009272,0.999238,0,-0.32524,0.69005,-19.514,1.380,-1,400.000,-1,375.000,-1,325.000,300.000,325.000,325.000,-1,375.000,400.000,-1,825.000,725.000,-1,-1,2,0,2,0,2,0,0,0,0,2,0,0,2,0,0,2,2
77,-3380.143,-3352.372,-10.601,-13.025,0.973698,0.225359,-0.033553,-0.224861,0.974225,0.017994,0.036744,-0.009976,0.999275,0,-0.32524,0.69005,-19.514,1.380,-1,400.000,-1,375.000,-1,325.000,300.000,325.000,325.000,-1,400.000,400.000,-1,825.000,725.000,-1,-1,2,0,2,0,2,0,0,0,0,2,0,0,2,0,0,2,2
78,-3399.256,-3348.433,-11.146,-11.645,0.978876,0.201828,-0.032670,-0.201344,0.979364,0.017532,0.035534,-0.010584,0.999312,0,-0.32524,0.69005,-19.514,1.380,-1,400.000,-1,375.000,-1,325.000,300.000,325.000,325.000,-1,400.000,425.000,-1,800.000,725.000,-1,-1,2,0,2,0,2,0,0,0,0,2,0,0,2,0,0,2,2
79,-3418.458,-3344.956,-11.684,-10.264,0.983484,0.178180,-0.031799,-0.177710,0.983935,0.017088,0.034333,-0.011155,0.999348,0,-0.32524,0.69005,-19.514,1.380,-1,400.000,-1,375.000,-1,325.000,300.000,325.000,325.000,-1,425.000,425.000,-1,800.000,725.000,-1,-1,2,0,2,0,2,0,0,0,0,2,0,0,2,0,0,2,2
80,-3437.739,-3341.942,-12.213,-8.884,0.987519,0.154430,-0.030940,-0.153973,0.987935,0.016661,0.033139,-0.011689,0.999382,0,-0.32524,0.69005,-19.514,1.380,-1,400.000,-1,375.000,-1,325.000,300.000,325.000,325.000,-1,450.000,450.000,-1,800.000,725.000,-1,-1,2,0,2,0,2,0,0,0,0,2,0,0,2,0,0,2,2
81,-3457.086,-3339.393,-12.734,-7.504,0.990980,0.130590,-0.030091,-0.130147,0.991362,0.016249,0.031953,-0.012186,0.999415,0,-0.32524,0.69005,-19.514,1.380,-1,400.000,-1,375.000,-1,325.000,300.000,325.000,325.000,-1,450.000,475.000,-1,800.000,700.000,-1,-1,2,0,2,0,2,0,0,0,0,2,0,0,2,0,0,2,2
82,-3476.489,-3337.311,-13.247,-6.124,0.993864,0.106674,-0.029251,-0.106245,0.994214,0.015853,0.030772,-0.012648,0.999446,0,-0.32524,0.69005,-19.514,1.380,-1,400.000,-1,375.000,-1,325.000,300.000,325.000,325.000,-1,475.000,475.000,-1,800.000,700.000,-1,-1,2,0,2,0,2,0,0,0,0,2,0,0,2,0,0,2,2
83,-3495.937,-3335.697,-13.753,-4.744,0.996170,0.082697,-0.028414,-0.082283,0.996489,0.015467,0.029594,-0.013070,0.999477,0,-0.32524,0.69005,-19.514,1.380,-1,400.000,-1,375.000,-1,325.000,300.000,325.000,325.000,-1,500.000,500.000,-1,800.000,700.000,-1,-1,2,0,2,0,2,0,0,0,0,2,0,0,2,0,0,2,2
84,-3515.418,-3334.552,-14.259,-3.364,0.997897,0.058673,-0.027558,-0.058274,0.998187,0.015060,0.028391,-0.013423,0.999507,0,-0.32524,0.69005,-19.514,1.380,-1,400.000,-1,375.000,-1,325.000,300.000,325.000,325.000,-1,525.000,525.000,-1,800.000,700.000,-1,-1,2,0,2,0,2,0,0,0,0,2,0,0,2,0,0,2,2
85,-3534.921,-3333.876,-14.754,-1.984,0.999044,0.034614,-0.026710,-0.034231,0.999306,0.014680,0.027200,-0.013752,0.999535,0,-0.32524,0.69005,-19.514,1.380,-1,400.000,-1,375.000,-1,325.000,300.000,325.000,325.000,-1,550.000,550.000,-1,800.000,700.000,-1,-1,2,0,2,0,2,0,0,0,0,2,0,0,2,0,0,2,2
86,-3554.434,-3333.670,-15.237,-0.604,0.999610,0.010536,-0.025871,-0.010167,0.999846,0.014327,0.026018,-0.014058,0.999563,0,-0.32524,0.69005,-19.514,1.380,-1,400.000,-1,375.000,-1,325.000,300.000,300.000,325.000,-1,575.000,550.000,-1,800.000,700.000,-1,-1,2,0,2,0,2,0,0,0,0,2,0,0,2,0,0,2,2
87,-3573.947,-3333.935,-15.709,0.776,0.999595,-0.013549,-0.025039,0.013902,0.999805,0.014000,0.024845,-0.014342,0.999588,0,-0.32524,0.69005,-19.514,1.380,-1,400.000,-1,375.000,-1,325.000,300.000,300.000,325.000,-1,600.000,575.000,-1,800.000,700.000,-1,-1,2,0,2,0,2,0,0,0,0,2,0,0,2,0,0,2,2
88,-3593.448,-3334.669,-16.171,2.156,0.998999,-0.037625,-0.024213,0.037964,0.999185,0.013699,0.023678,-0.014605,0.999613,0,-0.32524,0.69005,-19.514,1.380,-1,400.000,-1,375.000,-1,325.000,300.000,300.000,325.000,-1,600.000,600.000,-1,800.000,700.000,-1,-1,2,0,2,0,2,0,0,0,0,2,0,0,2,0,0,2,2
89,-3612.925,-3335.873,-16.621,3.537,0.997822,-0.061679,-0.023392,0.062004,0.997986,0.013425,0.022517,-0.014846,0.999636,0,-0.32524,0.69005,-19.514,1.380,-1,400.000,-1,375.000,-1,325.000,300.000,300.000,325.000,-1,625.000,600.000,-1,800.000,675.000,-1,-1,2,0,2,0,2,0,0,0,0,2,0,0,2,0,0,2,2
90,-3632.368,-3337.545,-17.059,4.917,0.996066,-0.085698,-0.022570,0.086009,0.996207,0.013185,0.021355,-0.015074,0.999658,0,-0.32524,0.69005,-19.514,1.380,-1,400.000,-1,375.000,-1,325.000,300.000,300.000,325.000,-1,650.000,625.000,-1,800.000,675.000,-1,-1,2,0,2,0,2,0,0,0,0,2,0,0,2,0,0,2,2
91,-3647.000,-3339.098,-17.376,6.057,0.994177,-0.105502,-0.021943,0.105803,0.994302,0.013046,0.020442,-0.015292,0.999674,0,-0.24524,0.57005,-14.714,1.140,-1,400.000,-1,375.000,-1,325.000,300.000,300.000,325.000,-1,675.000,625.000,-1,800.000,675.000,-1,-1,2,0,2,0,2,0,0,0,0,2,0,0,2,0,0,2,2
92,-3656.842,-3340.298,-17.588,6.957,0.992406,-0.121108,-0.021530,0.121403,0.992519,0.012960,0.019800,-0.015475,0.999684,0,-0.16524,0.45005,-9.914,0.900,-1,400.000,-1,375.000,-1,325.000,300.000,300.000,325.000,-1,675.000,650.000,-1,800.000,675.000,-1,-1,2,0,2,0,2,0,0,0,0,2,0,0,2,0,0,2,2
93,-3661.911,-3340.976,-17.698,7.617,0.990949,-0.132534,-0.021330,0.132827,0.991055,0.012916,0.019427,-0.015633,0.999689,0,-0.08524,0.33005,-5.114,0.660,-1,400.000,-1,375.000,-1,325.000,300.000,300.000,325.000,-1,675.000,650.000,-1,800.000,675.000,-1,-1,2,0,2,0,2,0,0,0,0,2,0,0,2,0,0,2,2
94,-3662.222,-3341.020,-17.708,8.037,0.989950,-0.139797,-0.021339,0.140090,0.990055,0.012909,0.019323,-0.015769,0.999689,0,-0.00524,0.21005,-0.314,0.420,-1,400.000,-1,375.000,-1,325.000,300.000,300.000,325.000,-1,675.000,650.000,-1,800.000,700.000,-1,-1,2,0,2,0,2,0,0,0,0,2,0,0,2,0,0,2,2
95,-3657.783,-3340.379,-17.619,8.217,0.989501,-0.142908,-0.021559,0.143206,0.989608,0.012936,0.019486,-0.015887,0.999684,0,0.07476,0.09005,4.486,0.180,-1,400.000,-1,375.000,-1,325.000,300.000,300.000,325.000,-1,675.000,625.000,-1,800.000,700.000,-1,-1,2,0,2,0,2,0,0,0,0,2,0,0,2,0,0,2,2
96,-3648.591,-3339.062,-17.432,8.157,0.989641,-0.141873,-0.021987,0.142179,0.989756,0.012998,0.019918,-0.015989,0.999674,0,0.15476,-0.02995,9.286,-0.060,-1,400.000,-1,375.000,-1,325.000,300.000,300.000,325.000,-1,650.000,625.000,-1,800.000,700.000,-1,-1,2,0,2,0,2,0,0,0,0,2,0,0,2,0,0,2,2
97,-3634.638,-3337.136,-17.144,7.857,0.990355,-0.136691,-0.022624,0.137008,0.990483,0.013100,0.020618,-0.016073,0.999658,0,0.23476,-0.14995,14.086,-0.300,-1,400.000,-1,375.000,-1,325.000,300.000,300.000,325.000,-1,625.000,600.000,-1,800.000,700.000,-1,-1,2,0,2,0,2,0,0,0,0,2,0,0,2,0,0,2,2
98,-3615.906,-3334.731,-16.754,7.318,0.991580,-0.127351,-0.023470,0.127684,0.991726,0.013252,0.021588,-0.016138,0.999637,0,0.31476,-0.26995,18.886,-0.540,-1,400.000,-1,375.000,-1,325.000,300.000,300.000,325.000,-1,600.000,600.000,-1,800.000,700.000,-1,-1,2,0,2,0,2,0,0,0,0,2,0,0,2,0,0,2,2
99,-3601.912,-3333.127,-16.454,6.538,0.993207,-0.113841,-0.024083,0.114184,0.993369,0.013393,0.022399,-0.016052,0.999620,0,0.23476,-0.38995,14.086,-0.780,-1,400.000,-1,375.000,-1,325.000,300.000,300.000,325.000,-1,600.000,575.000,-1,800.000,700.000,-1,-1,2,0,2,0,2,0,0,0,0,2,0,0,2,0,0,2,2
100,-3592.670,-3332.234,-16.246,5.518,0.995067,-0.096142,-0.024461,0.096491,0.995242,0.013521,0.023045,-0.015814,0.999609,0,0.15476,-0.50995,9.286,-1.020,-1,400.000,-1,375.000,-1,325.000,300.000,300.000,325.000,-1,575.000,575.000,-1,800.000,700.000,-1,-1,2,0,2,0,2,0,0,0,0,2,0,0,2,0,0,2,2
101,-3588.196,-3331.901,-16.124,4.258,0.996938,-0.074236,-0.024581,0.074586,0.997121,0.013650,0.023497,-0.015442,0.999605,0,0.07476,-0.62995,4.486,-1.260,-1,400.000,-1,375.000,-1,325.000,300.000,300.000,325.000,-1,575.000,575.000,-1,800.000,700.000,-1,-1,2,0,2,0,2,0,0,0,0,2,0,0,2,0,0,2,2
102,-3588.511,-3331.917,-16.105,2.758,0.998543,-0.048111,-0.024455,0.048457,0.998731,0.013731,0.023764,-0.014896,0.999607,0,-0.00524,-0.74995,-0.314,-1.500,-1,400.000,-1,375.000,-1,325.000,300.000,300.000,325.000,-1,600.000,575.000,-1,800.000,700.000,-1,-1,2,0,2,0,2,0,0,0,0,2,0,0,2,0,0,2,2
103,-3593.624,-3332.007,-16.195,1.018,0.999552,-0.017766,-0.024077,0.018100,0.999742,0.013735,0.023827,-0.014164,0.999616,0,-0.08524,-0.86995,-5.114,-1.740,-1,400.000,-1,375.000,-1,325.000,300.000,300.000,325.000,-1,625.000,600.000,-1,800.000,675.000,-1,-1,2,0,2,0,2,0,0,0,0,2,0,0,2,0,0,2,2
104,-3603.537,-3331.841,-16.406,-0.962,0.999584,0.016785,-0.023443,-0.016469,0.999772,0.013624,0.023666,-0.013232,0.999632,0,-0.16524,-0.98995,-9.914,-1.980,-1,375.000,-1,375.000,-1,300.000,300.000,325.000,325.000,-1,675.000,625.000,-1,775.000,675.000,-1,-1,2,0,2,0,2,0,0,0,0,2,0,0,2,0,0,2,2
105,-3616.430,-3331.174,-16.706,-2.961,0.998408,0.051651,-0.022659,-0.051356,0.998591,0.013391,0.023319,-0.012206,0.999654,0,-0.21517,-0.99952,-12.910,-1.999,-1,375.000,-1,375.000,-1,300.000,300.000,325.000,325.000,-1,750.000,675.000,-1,775.000,675.000,-1,-1,2,0,2,0,2,0,0,0,0,2,0,0,2,0,0,2,2
106,-3629.292,-3330.058,-17.024,-4.960,0.996016,0.086454,-0.021880,-0.086182,0.996194,0.013076,0.022927,-0.011138,0.999675,0,-0.21517,-0.99952,-12.910,-1.999,-1,375.000,-1,375.000,-1,300.000,300.000,325.000,325.000,-1,850.000,725.000,-1,750.000,675.000,-1,-1,2,0,2,0,2,0,0,0,0,2,0,0,2,0,0,2,2
107,-3642.107,-3328.494,-17.360,-6.959,0.992409,0.121153,-0.021115,-0.120904,0.992583,0.012683,0.022495,-0.010034,0.999697,0,-0.21517,-0.99952,-12.910,-1.999,-1,375.000,-1,375.000,-1,300.000,300.000,325.000,325.000,-1,-1,825.000,-1,750.000,675.000,-1,-1,2,0,2,0,2,0,0,0,0,2,2,0,2,0,0,2,2
108,-3654.859,-3326.484,-17.709,-8.958,0.987593,0.155705,-0.020377,-0.155479,0.987763,0.012227,0.022032,-0.008907,0.999718,0,-0.21517,-0.99952,-12.910,-1.999,-1,375.000,-1,375.000,-1,300.000,300.000,325.000,325.000,-1,-1,950.000,-1,725.000,675.000,-1,-1,2,0,2,0,2,0,0,0,0,2,2,0,2,0,0,2,2
109,-3667.534,-3324.030,-18.071,-10.957,0.981574,0.190068,-0.019672,-0.189865,0.981740,0.011709,0.021539,-0.007759,0.999738,0,-0.21517,-0.99952,-12.910,-1.999,-1,375.000,-1,375.000,-1,300.000,300.000,325.000,325.000,-1,-1,-1,-1,725.000,675.000,-1,-1,2,0,2,0,2,0,0,0,0,2,2,2,2,0,0,2,2
110,-3680.116,-3321.136,-18.446,-12.956,0.974358,0.224200,-0.019004,-0.224020,0.974521,0.011133,0.021016,-0.006591,0.999757,0,-0.21517,-0.99952,-12.910,-1.999,-1,375.000,-1,375.000,-1,300.000,300.000,325.000,325.000,-1,-1,-1,-1,725.000,675.000,-1,-1,2,0,2,0,2,0,0,0,0,2,2,2,2,0,0,2,2
111,-3692.589,-3317.804,-18.833,-14.955,0.965954,0.258060,-0.018377,-0.257902,0.966114,0.010502,0.020465,-0.005405,0.999776,0,-0.21517,-0.99952,-12.910,-1.999,-1,375.000,-1,375.000,-1,300.000,300.000,325.000,300.000,-1,-1,-1,-1,700.000,650.000,-1,-1,2,0,2,0,2,0,0,0,0,2,2,2,2,0,0,2,2
112,-3704.938,-3314.040,-19.232,-16.954,0.956373,0.291605,-0.017795,-0.291470,0.956530,0.009817,0.019885,-0.004202,0.999793,0,-0.21517,-0.99952,-12.910,-1.999,-1,375.000,-1,375.000,-1,300.000,300.000,325.000,300.000,-1,-1,-1,-1,700.000,650.000,-1,-1,2,0,2,0,2,0,0,0,0,2,2,2,2,0,0,2,2
113,-3712.619,-3311.438,-19.501,-18.713,0.946975,0.320831,-0.017467,-0.320713,0.947131,0.009261,0.019515,-0.003168,0.999805,0,-0.13517,-0.87952,-8.110,-1.759,-1,375.000,-1,375.000,-1,300.000,300.000,325.000,300.000,-1,-1,-1,-1,700.000,650.000,-1,-1,2,0,2,0,2,0,0,0,0,2,2,2,2,0,0,2,2
114,-3715.725,-3310.293,-19.643,-20.232,0.938137,0.345827,-0.017385,-0.345720,0.938296,0.008901,0.019391,-0.002340,0.999809,0,-0.05517,-0.75952,-3.310,-1.519,-1,375.000,-1,375.000,-1,300.000,300.000,325.000,300.000,-1,-1,-1,-1,675.000,650.000,-1,-1,2,0,2,0,2,0,0,0,0,2,2,2,2,0,0,2,2
115,-3714.339,-3310.839,-19.643,-21.511,0.930180,0.366685,-0.017514,-0.366586,0.930344,0.008707,0.019487,-0.001678,0.999809,0,0.02483,-0.63952,1.490,-1.279,-1,375.000,-1,375.000,-1,300.000,300.000,325.000,300.000,-1,-1,-1,-1,675.000,650.000,-1,-1,2,0,2,0,2,0,0,0,0,2,2,2,2,0,0,2,2
116,-3708.530,-3313.251,-19.496,-22.550,0.923370,0.383496,-0.017839,-0.383399,0.923542,0.008680,0.019804,-0.001175,0.999803,0,0.10483,-0.51952,6.290,-1.039,-1,375.000,-1,375.000,-1,300.000,300.000,325.000,300.000,-1,-1,-1,-1,675.000,650.000,-1,-1,2,0,2,0,2,0,0,0,0,2,2,2,2,0,0,2,2
117,-3698.348,-3317.647,-19.199,-23.349,0.917921,0.396338,-0.018356,-0.396241,0.918104,0.008825,0.020351,-0.000828,0.999793,0,0.18483,-0.39952,11.090,-0.799,-1,375.000,-1,375.000,-1,300.000,300.000,325.000,300.000,-1,-1,-1,-1,675.000,650.000,-1,-1,2,0,2,0,2,0,0,0,0,2,2,2,2,0,0,2,2
118,-3683.821,-3324.087,-18.750,-23.909,0.913995,0.405277,-0.019066,-0.405174,0.914194,0.009143,0.021135,-0.000631,0.999776,0,0.26483,-0.27952,15.890,-0.559,-1,375.000,-1,375.000,-1,300.000,300.000,325.000,300.000,-1,-1,-1,-1,675.000,650.000,-1,-1,2,0,2,0,2,0,0,0,0,2,2,2,2,0,0,2,2
119,-3664.954,-3332.577,-18.154,-24.228,0.911704,0.410361,-0.019983,-0.410248,0.911923,0.009654,0.022185,-0.000604,0.999754,0,0.34483,-0.15952,20.690,-0.319,-1,375.000,-1,375.000,-1,300.000,300.000,325.000,300.000,-1,-1,-1,-1,675.000,675.000,-1,-1,2,0,2,0,2,0,0,0,0,2,2,2,2,0,0,2,2
120,-3641.723,-3343.069,-17.416,-24.307,0.911111,0.411619,-0.021130,-0.411489,0.911356,0.010384,0.023531,-0.000766,0.999723,0,0.42483,-0.03952,25.490,-0.079,-1,375.000,-1,375.000,-1,300.000,300.000,325.000,300.000,-1,-1,-1,-1,700.000,675.000,-1,-1,2,0,2,0,2,0,0,0,0,2,2,2,2,0,0,2,2
121,-3614.083,-3355.460,-16.531,-24.146,0.912231,0.409057,-0.022520,-0.408903,0.912508,0.011283,0.025165,-0.001084,0.999683,0,0.50483,0.08048,30.290,0.161,-1,375.000,-1,375.000,-1,300.000,300.000,325.000,300.000,-1,-1,-1,-1,700.000,675.000,-1,-1,2,0,2,0,2,0,0,0,0,2,2,2,2,0,0,2,2
122,-3581.964,-3369.589,-15.500,-23.745,0.915030,0.402661,-0.024178,-0.402475,0.915348,0.012331,0.027096,-0.001553,0.999632,0,0.58483,0.20048,35.090,0.401,-1,375.000,-1,375.000,-1,300.000,300.000,325.000,325.000,-1,-1,925.000,-1,700.000,675.000,-1,-1,2,0,2,0,2,0,0,0,0,2,2,0,2,0,0,2,2
123,-3545.273,-3385.242,-14.325,-23.104,0.919425,0.392396,-0.026135,-0.392170,0.919794,0.013502,0.029337,-0.002165,0.999567,0,0.66483,0.32048,39.890,0.641,-1,375.000,-1,375.000,-1,300.000,300.000,325.000,325.000,-1,750.000,650.000,-1,725.000,700.000,-1,-1,2,0,2,0,2,0,0,0,0,2,0,0,2,0,0,2,2
124,-3505.988,-3401.292,-13.076,-22.223,0.925288,0.378207,-0.028307,-0.377933,0.925716,0.014701,0.031764,-0.002904,0.999491,0,0.70729,0.44048,42.437,0.881,-1,375.000,-1,375.000,-1,300.000,300.000,325.000,325.000,-1,575.000,525.000,-1,725.000,700.000,-1,-1,2,0,2,0,2,0,0,0,0,2,0,0,2,0,0,2,2
125,-3466.396,-3416.571,-11.832,-21.102,0.932442,0.360024,-0.030574,-0.359695,0.932935,0.015831,0.034223,-0.003764,0.999407,0,0.70729,0.56048,42.437,1.121,-1,375.000,-1,375.000,-1,300.000,300.000,325.000,325.000,-1,475.000,450.000,-1,750.000,700.000,-1,-1,2,0,2,0,2,0,0,0,0,2,0,0,2,0,0,2,2
126,-3426.453,-3430.905,-10.599,-19.741,0.940655,0.337763,-0.032939,-0.337375,0.941219,0.016865,0.036699,-0.004751,0.999315,0,0.70729,0.68048,42.437,1.361,-1,375.000,-1,375.000,-1,300.000,300.000,325.000,325.000,-1,425.000,400.000,-1,750.000,725.000,-1,-1,2,0,2,0,2,0,0,0,0,2,0,0,2,0,0,2,2
127,-3386.124,-3444.117,-9.375,-18.140,0.949642,0.311333,-0.035388,-0.310882,0.950283,0.017740,0.039152,-0.005845,0.999216,0,0.70729,0.80048,42.437,1.601,-1,400.000,-1,375.000,-1,325.000,300.000,325.000,325.000,-1,375.000,375.000,-1,775.000,725.000,-1,-1,2,0,2,0,2,0,0,0,0,2,0,0,2,0,0,2,2
128,-3345.392,-3456.027,-8.037,-16.299,0.959073,0.280643,-0.037655,-0.280154,0.959790,0.017798,0.041136,-0.006520,0.999132,0,0.70729,0.92048,42.437,1.841,-1,400.000,-1,375.000,-1,325.000,325.000,325.000,325.000,-1,350.000,350.000,-1,825.000,750.000,-1,-1,2,0,2,0,2,0,0,0,0,2,0,0,2,0,0,2,2
129,-3304.270,-3466.508,-6.766,-14.299,0.968221,0.246974,-0.039383,-0.246436,0.968991,0.018060,0.042622,-0.007780,0.999061,0,0.70729,1.00000,42.437,2.000,-1,400.000,-1,375.000,-1,325.000,325.000,325.000,300.000,-1,325.000,350.000,-1,875.000,750.000,-1,-1,2,0,2,0,2,0,0,0,0,2,0,0,2,0,0,2,2
130,-3262.806,-3475.548,-5.508,-12.299,0.976193,0.213004,-0.040957,-0.212415,0.977009,0.018271,0.043907,-0.009136,0.998994,0,0.70729,1.00000,42.437,2.000,-1,400.000,-1,400.000,-1,325.000,325.000,325.000,300.000,-1,325.000,325.000,-1,925.000,750.000,-1,-1,2,0,2,0,2,0,0,0,0,2,0,0,2,0,0,2,2
131,-3216.366,-3484.188,-3.761,-10.539,0.982269,0.182892,-0.041203,-0.182227,0.983065,0.019381,0.044050,-0.011529,0.998963,0,0.78729,0.88000,47.237,1.760,-1,400.000,-1,400.000,-1,325.000,325.000,300.000,300.000,-1,350.000,375.000,-1,950.000,775.000,-1,-1,2,0,2,0,2,0,0,0,0,2,0,0,2,0,0,2,2
132,-3164.972,-3492.345,-1.749,-9.019,0.986821,0.156746,-0.040180,-0.156018,0.987538,0.020662,0.042918,-0.014121,0.998979,0,0.86729,0.76000,52.037,1.520,-1,400.000,-1,400.000,-1,325.000,325.000,300.000,300.000,-1,425.000,450.000,-1,975.000,800.000,-1,-1,2,0,2,0,2,0,0,0,0,2,0,0,2,0,0,2,2
133,-3108.653,-3499.998,0.447,-7.739,0.990123,0.134641,-0.039083,-0.133856,0.990755,0.022070,0.041693,-0.016621,0.998992,0,0.94729,0.64000,56.837,1.280,-1,400.000,-1,400.000,-1,325.000,325.000,300.000,300.000,-1,475.000,525.000,-1,1000.000,825.000,-1,-1,2,0,2,0,2,0,0,0,0,2,0,0,2,0,0,2,2
134,-3049.651,-3506.928,2.742,-6.699,0.992450,0.116632,-0.037947,-0.115796,0.992994,0.023538,0.040426,-0.018966,0.999003,0,0.99012,0.52000,59.407,1.040,-1,400.000,-1,375.000,-1,325.000,325.000,300.000,300.000,-1,550.000,600.000,-1,1000.000,850.000,-1,-1,2,0,2,0,2,0,0,0,0,2,0,0,2,0,0,2,2
135,-2990.298,-3513.060,5.048,-5.899,0.994026,0.102752,-0.036809,-0.101873,0.994483,0.025000,0.039175,-0.021101,0.999010,0,0.99449,0.40000,59.670,0.800,-1,400.000,-1,375.000,-1,325.000,325.000,300.000,300.000,-1,650.000,700.000,-1,-1,875.000,-1,-1,2,0,2,0,2,0,0,0,0,2,0,0,2,2,0,2,2
136,-2930.646,-3518.634,7.367,-5.339,0.995025,0.093023,-0.035669,-0.092110,0.995398,0.026442,0.037964,-0.023025,0.999014,0,0.99853,0.28000,59.912,0.560,-1,400.000,-1,375.000,-1,325.000,325.000,300.000,300.000,-1,750.000,800.000,-1,-1,900.000,-1,-1,2,0,2,0,2,0,0,0,0,2,0,0,2,2,0,2,2
137,-2870.876,-3523.883,9.697,-5.019,0.995570,0.087459,-0.034527,-0.086519,0.995861,0.027845,0.036819,-0.024735,0.999016,0,1.00000,0.16000,60.000,0.320,-1,425.000,-1,400.000,-1,325.000,325.000,300.000,300.000,-1,850.000,900.000,-1,-1,925.000,-1,-1,2,0,2,0,2,0,0,0,0,2,0,0,2,2,0,2,2
