timestep,x_cm,y_cm,z_cm,yaw_deg,basis_xx,basis_xy,basis_xz,basis_yx,basis_yy,basis_yz,basis_zx,basis_zy,basis_zz,teleport_flag,throttle_cmd,steering_cmd,cmd_move_cm,cmd_turn_deg,lidar_cm_0,lidar_cm_1,lidar_cm_2,lidar_cm_3,lidar_cm_4,lidar_cm_5,lidar_cm_6,lidar_cm_7,lidar_cm_8,lidar_cm_9,lidar_cm_10,lidar_cm_11,lidar_cm_12,lidar_cm_13,lidar_cm_14,lidar_cm_15,lidar_cm_16,lidar_class_0,lidar_class_1,lidar_class_2,lidar_class_3,lidar_class_4,lidar_class_5,lidar_class_6,lidar_class_7,lidar_class_8,lidar_class_9,lidar_class_10,lidar_class_11,lidar_class_12,lidar_class_13,lidar_class_14,lidar_class_15,lidar_class_16
0,-980.864,3603.902,4.450,-51.584,0.616306,0.780415,-0.105448,-0.785404,0.618904,-0.009935,0.057509,0.088942,0.994375,1,0.08000,0.12000,4.800,0.240,-1,400.000,-1,375.000,-1,325.000,325.000,325.000,325.000,-1,325.000,375.000,-1,875.000,700.000,-1,-1,2,0,2,0,2,0,0,0,0,2,0,0,2,0,0,2,2
1,-974.837,3596.430,4.910,-51.104,0.622763,0.775226,-0.105784,-0.780212,0.625439,-0.009736,0.058613,0.088597,0.994341,0,0.16000,0.24000,9.600,0.480,-1,400.000,-1,375.000,-1,325.000,325.000,325.000,325.000,-1,325.000,375.000,-1,875.000,700.000,-1,-1,2,0,2,0,2,0,0,0,0,2,0,0,2,0,0,2,2
2,-965.661,3585.333,5.619,-50.416,0.631938,0.767699,-0.106268,-0.772677,0.634729,-0.009447,0.060199,0.088081,0.994293,0,0.24000,0.34386,14.400,0.688,-1,400.000,-1,375.000,-1,325.000,325.000,325.000,300.000,-1,325.000,375.000,-1,900.000,700.000,-1,-1,2,0,2,0,2,0,0,0,0,2,0,0,2,0,0,2,2
3,-953.252,3570.682,6.605,-49.733,0.640947,0.760113,-0.106840,-0.765083,0.643868,-0.009034,0.061925,0.087532,0.994235,0,0.32000,0.34160,19.200,0.683,-1,400.000,-1,375.000,-1,325.000,325.000,325.000,300.000,-1,325.000,375.000,-1,925.000,700.000,-1,-1,2,0,2,0,2,0,0,0,0,2,0,0,2,0,0,2,2
4,-937.525,3552.554,7.883,-49.056,0.649775,0.752490,-0.107483,-0.757447,0.652841,-0.008507,0.063768,0.086940,0.994171,0,0.40000,0.33858,24.000,0.677,-1,400.000,-1,375.000,-1,325.000,325.000,325.000,300.000,-1,325.000,375.000,-1,925.000,700.000,-1,-1,2,0,2,0,2,0,0,0,0,2,0,0,2,0,0,2,2
5,-918.399,3531.022,9.468,-48.386,0.658405,0.744851,-0.108167,-0.749791,0.661628,-0.007881,0.065696,0.086291,0.994102,0,0.48000,0.33481,28.800,0.670,-1,400.000,-1,375.000,-1,325.000,325.000,325.000,300.000,-1,325.000,375.000,-1,950.000,700.000,-1,-1,2,0,2,0,2,0,0,0,0,2,0,0,2,0,0,2,2
6,-895.799,3506.160,11.668,-47.726,0.666970,0.737286,-0.107522,-0.742080,0.670274,-0.007082,0.066848,0.084513,0.994177,0,0.56000,0.33030,33.600,0.661,-1,400.000,-1,375.000,-1,325.000,325.000,325.000,300.000,-1,350.000,425.000,-1,975.000,700.000,-1,-1,2,0,2,0,2,0,0,0,0,2,0,0,2,0,0,2,2
7,-869.649,3478.040,14.225,-47.076,0.675322,0.729751,-0.106786,-0.734384,0.678706,-0.006175,0.067970,0.082592,0.994263,0,0.64000,0.32505,38.400,0.650,-1,400.000,-1,375.000,-1,325.000,325.000,325.000,300.000,-1,375.000,450.000,-1,975.000,700.000,-1,-1,2,0,2,0,2,0,0,0,0,2,0,0,2,0,0,2,2
8,-839.880,3446.735,17.150,-46.438,0.683448,0.722269,-0.105950,-0.726727,0.686907,-0.005178,0.069038,0.080535,0.994358,0,0.72000,0.31905,43.200,0.638,-1,425.000,-1,375.000,-1,325.000,325.000,325.000,300.000,-1,425.000,500.000,-1,1000.000,700.000,-1,-1,2,0,2,0,2,0,0,0,0,2,0,0,2,0,0,2,2
9,-806.425,3412.315,20.456,-45.813,0.691336,0.714863,-0.105005,-0.719132,0.694861,-0.004109,0.070027,0.078353,0.994463,0,0.80000,0.31232,48.000,0.625,975.000,425.000,-1,375.000,-1,325.000,325.000,325.000,300.000,-1,475.000,550.000,-1,975.000,725.000,-1,-1,1,0,2,0,2,0,0,0,0,2,0,0,2,1,0,2,2
10,-770.608,3376.239,24.015,-45.203,0.698970,0.707552,-0.103979,-0.711627,0.702551,-0.003032,0.070905,0.076113,0.994575,0,0.84727,0.30484,50.836,0.610,950.000,425.000,-1,375.000,-1,325.000,325.000,300.000,300.000,-1,500.000,600.000,-1,950.000,725.000,-1,-1,1,0,2,0,2,0,0,0,0,2,0,0,2,1,0,2,2
11,-731.027,3337.142,27.780,-44.643,0.706075,0.700849,-0.101333,-0.704570,0.709633,-0.001323,0.070983,0.072330,0.994852,0,0.92727,0.28000,55.636,0.560,900.000,425.000,-1,375.000,-1,325.000,325.000,300.000,300.000,-1,575.000,675.000,-1,900.000,750.000,-1,-1,1,0,2,0,2,0,0,0,0,2,0,0,2,1,0,2,2
12,-690.341,3297.743,31.427,-44.073,0.713416,0.694026,-0.096779,-0.697225,0.716852,0.001056,0.070109,0.066724,0.995305,0,0.94394,0.28504,56.636,0.570,825.000,425.000,-1,375.000,-1,325.000,325.000,300.000,300.000,-1,675.000,800.000,-1,875.000,750.000,950.000,-1,1,0,2,0,2,0,0,0,0,2,0,0,2,1,0,1,2
13,-649.182,3258.688,35.139,-43.493,0.720806,0.686969,-0.092259,-0.689685,0.724102,0.003325,0.069089,0.061233,0.995730,0,0.94566,0.29027,56.740,0.581,775.000,425.000,-1,375.000,-1,325.000,325.000,300.000,300.000,-1,775.000,925.000,-1,825.000,750.000,875.000,-1,1,0,2,0,2,0,0,0,0,2,0,0,2,1,0,1,2
14,-606.715,3219.140,38.993,-42.956,0.727606,0.680370,-0.087676,-0.682634,0.730739,0.005520,0.067824,0.055834,0.996134,0,0.96718,0.26845,58.031,0.537,725.000,425.000,-1,375.000,-1,325.000,325.000,300.000,300.000,-1,900.000,-1,-1,775.000,775.000,825.000,-1,1,0,2,0,2,0,0,0,0,2,0,2,2,1,0,1,2
15,-563.651,3179.799,42.857,-42.410,0.734396,0.673546,-0.083652,-0.675448,0.737372,0.007262,0.066574,0.051170,0.996469,0,0.97214,0.27291,58.329,0.546,675.000,425.000,-1,400.000,-1,325.000,325.000,300.000,300.000,-1,-1,-1,-1,750.000,775.000,750.000,-1,1,0,2,0,2,0,0,0,0,2,2,2,2,1,0,1,2
16,-519.992,3140.684,46.726,-41.855,0.741166,0.666488,-0.080412,-0.668133,0.743995,0.008286,0.065348,0.047585,0.996727,0,0.97698,0.27757,58.619,0.555,625.000,425.000,-1,400.000,-1,325.000,325.000,300.000,300.000,-1,-1,-1,-1,700.000,800.000,700.000,-1,1,0,2,0,2,0,0,0,0,2,2,2,2,1,0,1,2
17,-475.737,3101.816,50.628,-41.290,0.747966,0.659227,-0.077250,-0.660635,0.750650,0.009269,0.064098,0.044101,0.996969,0,0.98168,0.28244,58.901,0.565,575.000,425.000,-1,400.000,-1,350.000,325.000,300.000,300.000,-1,-1,-1,-1,675.000,800.000,650.000,-1,1,0,2,0,2,0,0,0,0,2,2,2,2,1,0,1,2
18,-430.889,3063.217,54.563,-40.715,0.754797,0.651753,-0.074165,-0.652944,0.757338,0.010209,0.062822,0.040720,0.997194,0,0.98620,0.28754,59.172,0.575,525.000,425.000,-1,400.000,-1,350.000,325.000,325.000,300.000,-1,-1,-1,-1,625.000,800.000,600.000,-1,1,0,2,0,2,0,0,0,0,2,2,2,2,1,0,1,2
19,-385.449,3024.912,58.113,-40.129,0.761687,0.644020,-0.071207,-0.645135,0.764014,0.009120,0.060277,0.038992,0.997420,0,0.99053,0.29290,59.432,0.586,475.000,425.000,-1,400.000,-1,325.000,325.000,325.000,300.000,-1,-1,-1,-1,600.000,800.000,525.000,-1,1,0,2,0,2,0,0,0,0,2,2,2,2,1,0,1,2
20,-339.422,2986.926,61.503,-39.532,0.768623,0.636045,-0.068298,-0.637145,0.770711,0.007069,0.057134,0.038082,0.997640,0,0.99462,0.29855,59.677,0.597,425.000,425.000,-1,400.000,-1,325.000,325.000,325.000,300.000,-1,-1,-1,-1,550.000,775.000,475.000,-1,1,1,2,0,2,0,0,0,0,2,2,2,2,1,0,1,2
21,-292.816,2949.288,64.943,-38.923,0.775592,0.627838,-0.065400,-0.628919,0.777454,0.005062,0.054023,0.037205,0.997846,0,0.99845,0.30452,59.907,0.609,375.000,400.000,-1,400.000,-1,325.000,325.000,325.000,300.000,-1,-1,-1,-1,525.000,750.000,425.000,-1,1,1,2,0,2,0,0,0,0,2,2,2,2,1,0,1,2
22,-249.722,2914.942,68.342,-38.554,0.779866,0.622840,-0.062280,-0.623884,0.781510,0.003358,0.050764,0.036237,0.998053,0,0.91845,0.18452,55.107,0.369,325.000,375.000,-1,375.000,-1,325.000,325.000,325.000,300.000,-1,-1,-1,-1,500.000,750.000,375.000,-1,1,1,2,0,2,0,0,0,0,2,2,2,2,1,0,1,2
23,-207.168,2881.182,71.149,-38.425,0.781456,0.621147,-0.059184,-0.622007,0.782997,0.004827,0.049339,0.033040,0.998235,0,0.90532,0.06452,54.319,0.129,275.000,350.000,-1,375.000,-1,325.000,325.000,325.000,300.000,-1,-1,-1,-1,475.000,750.000,325.000,-1,1,1,2,0,2,0,0,0,0,2,2,2,2,1,0,1,2
24,-164.597,2847.274,73.899,-38.536,0.780418,0.622724,-0.056241,-0.623406,0.781870,0.006616,0.048093,0.029898,0.998395,0,0.90708,-0.05548,54.425,-0.111,250.000,325.000,-1,375.000,1000.000,325.000,325.000,325.000,300.000,-1,-1,-1,-1,450.000,775.000,275.000,-1,1,1,2,0,1,1,0,0,0,2,2,2,2,1,0,1,2
25,-122.185,2813.092,76.648,-38.866,0.776970,0.627266,-0.053434,-0.627793,0.778335,0.008364,0.046836,0.027047,0.998536,0,0.90786,-0.16494,54.472,-0.330,200.000,300.000,-1,375.000,950.000,300.000,325.000,325.000,300.000,-1,-1,-1,-1,450.000,775.000,225.000,-1,1,1,2,0,1,1,0,0,0,2,2,2,2,1,0,1,2
26,-79.972,2778.696,81.169,-39.176,0.773154,0.631393,-0.059795,-0.632133,0.774819,0.008016,0.051392,0.031601,0.998178,0,0.90752,-0.15535,54.451,-0.311,175.000,300.000,-1,400.000,925.000,300.000,325.000,325.000,300.000,-1,-1,-1,-1,500.000,825.000,200.000,-1,1,1,2,0,1,1,1,0,0,2,2,2,2,1,0,1,2
27,-37.981,2744.138,88.476,-39.467,0.768381,0.634905,-0.080538,-0.636680,0.771114,0.004607,0.065029,0.047737,0.996741,0,0.90635,-0.14520,54.381,-0.290,175.000,350.000,-1,450.000,900.000,325.000,375.000,325.000,275.000,-1,-1,-1,-1,-1,925.000,225.000,-1,1,1,2,0,1,1,0,1,0,2,2,2,2,2,0,1,2
28,3.751,2709.463,94.927,-39.736,0.763833,0.638075,-0.097051,-0.640935,0.767592,0.002200,0.075899,0.060523,0.995277,0,0.90428,-0.13450,54.257,-0.269,175.000,400.000,-1,475.000,850.000,400.000,400.000,300.000,275.000,-1,-1,-1,-1,-1,975.000,250.000,-1,1,1,2,0,1,1,0,1,0,2,2,2,2,2,1,1,2
29,45.195,2674.724,100.508,-39.982,0.759730,0.640971,-0.109394,-0.644789,0.764360,0.000615,0.084011,0.070069,0.993998,0,0.90126,-0.12327,54.075,-0.247,175.000,500.000,-1,500.000,825.000,450.000,425.000,275.000,275.000,-1,350.000,250.000,-1,-1,975.000,350.000,-1,1,1,2,0,1,0,0,1,0,2,0,0,2,2,1,1,2
30,86.317,2639.979,105.082,-40.205,0.756150,0.643614,-0.118315,-0.648199,0.761471,-0.000355,0.089865,0.076960,0.992976,0,0.89723,-0.11154,53.834,-0.223,200.000,675.000,-1,525.000,800.000,475.000,450.000,250.000,275.000,-1,275.000,150.000,-1,-1,975.000,-1,-1,1,0,2,0,1,0,0,1,0,2,0,0,2,2,1,2,2
31,127.086,2605.286,108.465,-40.404,0.753065,0.645993,-0.124843,-0.651170,0.758932,-0.000872,0.094184,0.081950,0.992176,0,0.89218,-0.09935,53.531,-0.199,225.000,725.000,-1,550.000,775.000,500.000,475.000,200.000,275.000,-1,275.000,125.000,-1,-1,975.000,-1,-1,1,0,2,0,1,0,0,1,0,2,0,0,2,2,1,2,2
32,167.469,2570.704,111.069,-40.578,0.750756,0.648195,-0.127314,-0.653575,0.756861,-0.000642,0.095943,0.083691,0.991862,0,0.88610,-0.08677,53.166,-0.174,275.000,750.000,-1,550.000,725.000,500.000,475.000,175.000,275.000,-1,275.000,125.000,-1,-1,975.000,-1,-1,1,0,2,0,1,0,0,1,0,2,0,0,2,2,1,2,2
33,207.437,2536.292,112.917,-40.725,0.749249,0.650221,-0.125849,-0.655408,0.755275,0.000256,0.095217,0.082291,0.992049,0,0.87902,-0.07390,52.741,-0.148,-1,750.000,-1,550.000,700.000,500.000,475.000,150.000,275.000,-1,275.000,125.000,-1,-1,-1,-1,-1,2,0,2,0,1,0,0,1,0,2,0,0,2,2,2,2,2
34,246.965,2502.109,114.027,-40.847,0.748532,0.652040,-0.120600,-0.656709,0.754143,0.001362,0.091838,0.078179,0.992700,0,0.87099,-0.06083,52.259,-0.122,-1,750.000,-1,550.000,675.000,500.000,475.000,150.000,275.000,-1,300.000,125.000,-1,-1,-1,-1,-1,2,0,2,0,1,0,0,1,0,2,0,0,2,2,2,2,2
35,286.022,2468.198,114.075,-40.956,0.748405,0.653765,-0.111719,-0.657753,0.753232,0.001537,0.085155,0.072333,0.993739,0,0.86210,-0.05459,51.726,-0.109,-1,725.000,-1,525.000,625.000,475.000,450.000,125.000,275.000,-1,325.000,150.000,-1,-1,-1,-1,-1,2,0,2,0,1,0,0,1,0,2,0,0,2,2,2,2,2
36,324.579,2434.595,113.411,-41.061,0.748622,0.655529,-0.099226,-0.658604,0.752486,0.002328,0.076193,0.063608,0.995062,0,0.85244,-0.05229,51.147,-0.105,-1,675.000,-1,500.000,600.000,450.000,425.000,100.000,275.000,-1,375.000,200.000,-1,-1,-1,-1,-1,2,0,2,0,1,0,0,1,0,2,0,0,2,2,2,2,2
37,362.611,2401.329,112.060,-41.162,0.749024,0.657293,-0.083244,-0.659346,0.751831,0.003693,0.065013,0.052121,0.996522,0,0.84215,-0.05050,50.529,-0.101,-1,600.000,-1,475.000,575.000,425.000,400.000,75.000,275.000,-1,500.000,325.000,-1,-1,-1,-1,-1,2,0,2,0,1,0,0,1,0,2,0,0,2,2,2,2,2
38,400.103,2368.426,111.239,-41.260,0.749510,0.658876,-0.064173,-0.660264,0.751033,-0.000568,0.047822,0.042796,0.997939,0,0.83141,-0.04922,49.884,-0.098,-1,550.000,-1,450.000,525.000,400.000,375.000,75.000,275.000,-1,-1,-1,-1,-1,950.000,-1,-1,2,0,2,0,1,0,0,1,0,2,2,2,2,2,0,2,2
39,437.047,2335.901,112.834,-41.357,0.749939,0.660131,-0.042657,-0.661243,0.749902,-0.020120,0.018707,0.043296,0.998887,0,0.82040,-0.04845,49.224,-0.097,-1,475.000,-1,400.000,450.000,350.000,325.000,75.000,275.000,-1,-1,-1,-1,-1,725.000,-1,625.000,2,0,2,0,1,0,0,1,0,2,2,2,2,2,1,2,1
40,473.439,2303.752,113.825,-41.453,0.749684,0.661441,-0.021677,-0.661751,0.748847,-0.036244,-0.007740,0.041517,0.999108,0,0.80933,-0.04817,48.560,-0.096,-1,400.000,-1,350.000,400.000,325.000,300.000,75.000,275.000,-1,-1,-1,-1,900.000,575.000,-1,475.000,2,0,2,0,1,0,0,1,0,2,2,2,2,0,1,2,1
41,509.292,2271.982,118.047,-41.550,0.748911,0.662340,-0.020932,-0.662397,0.747318,-0.052404,-0.019067,0.053111,0.998407,0,0.79839,-0.04838,47.904,-0.097,-1,400.000,-1,325.000,350.000,300.000,300.000,100.000,250.000,-1,-1,-1,-1,875.000,550.000,-1,425.000,2,0,2,0,1,0,0,1,0,2,2,2,2,0,1,2,1
42,544.615,2240.574,121.566,-41.648,0.748105,0.663273,-0.020188,-0.662982,0.745794,-0.065170,-0.028169,0.062138,0.997670,0,0.78777,-0.04905,47.266,-0.098,-1,400.000,-1,325.000,300.000,300.000,275.000,125.000,250.000,-1,-1,-1,-1,875.000,550.000,-1,375.000,2,0,2,0,1,0,0,1,0,2,2,2,2,0,0,2,1
43,579.427,2209.509,124.274,-41.749,0.747215,0.664325,-0.018505,-0.663622,0.744348,-0.074514,-0.035728,0.067958,0.997048,0,0.77761,-0.05016,46.657,-0.100,-1,400.000,-1,325.000,275.000,300.000,275.000,125.000,250.000,375.000,-1,-1,-1,850.000,525.000,-1,325.000,2,0,2,0,1,0,0,1,0,1,2,2,2,0,0,2,1
44,613.753,2178.763,126.207,-41.852,0.746192,0.665541,-0.015881,-0.664415,0.743008,-0.080566,-0.041821,0.070669,0.996623,0,0.76804,-0.05168,46.083,-0.103,-1,400.000,-1,300.000,250.000,300.000,275.000,150.000,250.000,275.000,-1,-1,-1,825.000,525.000,-1,300.000,2,0,2,0,1,0,0,1,0,1,2,2,2,0,0,2,1
45,646.290,2149.265,127.628,-42.195,0.742291,0.669939,-0.013639,-0.668477,0.738959,-0.084127,-0.046281,0.071564,0.996362,0,0.73194,-0.17168,43.916,-0.343,-1,400.000,-1,300.000,225.000,300.000,275.000,175.000,250.000,250.000,-1,-1,-1,825.000,500.000,-1,275.000,2,0,2,1,1,0,0,1,0,1,2,2,2,0,0,2,1
46,678.207,2119.850,128.520,-42.662,0.736819,0.675992,-0.011458,-0.674307,0.733541,-0.085016,-0.049065,0.070368,0.996314,0,0.72340,-0.23332,43.404,-0.467,-1,400.000,-1,300.000,200.000,300.000,275.000,200.000,250.000,225.000,-1,-1,-1,800.000,500.000,-1,250.000,2,0,2,0,1,0,0,1,0,1,2,2,2,0,0,2,1
47,709.527,2090.503,128.823,-43.134,0.731132,0.682176,-0.009058,-0.680403,0.728130,-0.082939,-0.049984,0.066802,0.996513,0,0.71535,-0.23585,42.921,-0.472,-1,400.000,-1,300.000,175.000,300.000,275.000,225.000,250.000,200.000,-1,-1,-1,800.000,525.000,-1,225.000,2,0,2,0,1,0,0,1,0,1,2,2,2,0,0,2,1
48,740.288,2061.193,128.435,-43.611,0.725241,0.688461,-0.006910,-0.686768,0.722674,-0.078051,-0.048741,0.061351,0.996925,0,0.70815,-0.23870,42.489,-0.477,-1,400.000,-1,300.000,175.000,300.000,275.000,250.000,250.000,200.000,-1,-1,-1,800.000,525.000,-1,225.000,2,0,2,0,1,0,0,1,0,1,2,2,2,0,0,2,1
49,770.527,2031.889,127.821,-44.095,0.719096,0.694892,-0.005068,-0.693543,0.717204,-0.067949,-0.043582,0.052377,0.997676,0,0.70181,-0.24183,42.109,-0.484,-1,400.000,-1,325.000,175.000,300.000,275.000,275.000,250.000,175.000,-1,-1,-1,825.000,550.000,-1,650.000,2,0,2,0,1,0,0,1,0,1,2,2,2,0,0,2,0
50,800.277,2002.558,127.317,-44.585,0.712721,0.701444,-0.002430,-0.700590,0.711674,-0.051897,-0.034673,0.038691,0.998649,0,0.69631,-0.24522,41.778,-0.490,-1,425.000,-1,350.000,200.000,325.000,300.000,300.000,275.000,175.000,-1,-1,-1,850.000,600.000,-1,800.000,2,0,2,0,1,0,0,1,1,1,2,2,2,0,0,2,1
51,829.575,1973.170,125.707,-45.083,0.706302,0.707911,0.000502,-0.707447,0.705864,-0.035695,-0.025623,0.024856,0.999363,0,0.69162,-0.24886,41.497,-0.498,-1,425.000,-1,350.000,325.000,325.000,300.000,325.000,250.000,175.000,-1,-1,-1,875.000,650.000,-1,800.000,2,0,2,0,1,0,0,1,1,1,2,2,2,0,0,2,1
52,858.449,1943.694,123.012,-45.588,0.699841,0.714289,0.003734,-0.714110,0.699767,-0.019331,-0.016421,0.010862,0.999806,0,0.68771,-0.25272,41.262,-0.505,-1,425.000,-1,375.000,675.000,325.000,325.000,350.000,225.000,175.000,-1,-1,-1,875.000,700.000,-1,800.000,2,0,2,0,1,0,0,1,1,1,2,2,2,0,0,2,1
53,886.927,1914.099,119.245,-46.102,0.693343,0.720571,0.007277,-0.720573,0.693373,-0.002787,-0.007054,-0.003311,0.999970,0,0.68453,-0.25679,41.072,-0.514,-1,425.000,-1,400.000,675.000,350.000,325.000,350.000,225.000,175.000,-1,-1,-1,900.000,750.000,-1,775.000,2,0,2,0,1,0,0,1,1,1,2,2,2,0,1,2,1
54,915.033,1884.355,114.418,-46.624,0.686813,0.726749,0.011151,-0.726830,0.686675,0.013973,0.002498,-0.017702,0.999840,0,0.68205,-0.26104,40.923,-0.522,-1,425.000,-1,400.000,650.000,350.000,325.000,325.000,200.000,175.000,250.000,-1,-1,900.000,725.000,-1,775.000,2,0,2,0,1,0,0,0,1,1,1,2,2,0,1,2,1
55,942.786,1854.431,112.244,-47.155,0.680022,0.733084,0.012566,-0.733191,0.679913,0.012189,0.000392,-0.017502,0.999847,0,0.68021,-0.26548,40.813,-0.531,-1,425.000,-1,400.000,625.000,325.000,325.000,300.000,200.000,200.000,275.000,-1,-1,875.000,700.000,-1,725.000,2,0,2,0,1,0,0,0,1,1,1,2,2,0,1,2,1
56,973.351,1820.574,112.210,-47.926,0.670067,0.742166,0.014164,-0.742299,0.669988,0.010419,-0.001757,-0.017496,0.999845,0,0.76021,-0.38548,45.613,-0.771,-1,425.000,-1,400.000,575.000,325.000,325.000,300.000,175.000,250.000,325.000,-1,-1,850.000,675.000,-1,675.000,2,0,2,0,1,0,0,0,1,1,1,2,2,0,1,2,1
57,1005.202,1784.016,112.066,-48.937,0.656838,0.753863,0.015946,-0.754024,0.656782,0.009224,-0.003520,-0.018082,0.999830,0,0.80812,-0.50548,48.487,-1.011,-1,425.000,-1,400.000,550.000,325.000,325.000,325.000,175.000,275.000,350.000,-1,-1,850.000,650.000,-1,625.000,2,0,2,0,1,0,0,0,1,1,1,2,2,0,1,2,1
58,1036.096,1746.952,111.719,-50.188,0.640200,0.767999,0.017927,-0.768196,0.640149,0.009216,-0.004398,-0.019671,0.999797,0,0.80418,-0.62548,48.251,-1.251,-1,400.000,-1,400.000,500.000,325.000,325.000,300.000,150.000,325.000,400.000,-1,-1,825.000,600.000,-1,575.000,2,0,2,0,1,0,0,0,1,1,1,2,2,0,1,2,1
59,1066.031,1709.375,111.410,-51.459,0.622983,0.781985,0.019798,-0.782218,0.622937,0.009198,-0.005141,-0.021216,0.999762,0,0.80073,-0.63549,48.044,-1.271,-1,400.000,-1,400.000,450.000,325.000,325.000,300.000,150.000,350.000,425.000,-1,-1,825.000,575.000,-1,525.000,2,0,2,0,1,0,0,0,1,1,1,2,2,0,1,2,1
60,1095.544,1670.928,111.155,-52.490,0.608788,0.793043,0.021425,-0.793311,0.608748,0.009126,-0.005805,-0.022552,0.999729,0,0.80781,-0.51549,48.468,-1.031,-1,400.000,-1,400.000,425.000,325.000,325.000,300.000,150.000,400.000,475.000,-1,-1,800.000,550.000,-1,475.000,2,0,2,0,1,0,0,0,1,1,1,2,2,0,1,2,1
61,1124.368,1632.285,110.917,-53.281,0.597757,0.801348,0.022981,-0.801651,0.597724,0.009030,-0.006500,-0.023821,0.999695,0,0.80348,-0.39549,48.209,-0.791,-1,400.000,-1,400.000,375.000,325.000,325.000,300.000,150.000,450.000,500.000,-1,-1,800.000,525.000,-1,425.000,2,0,2,1,1,0,0,0,1,1,1,2,2,0,1,2,1
62,1152.641,1593.611,110.690,-53.832,0.589997,0.807034,0.024476,-0.807373,0.589974,0.008932,-0.007232,-0.025032,0.999661,0,0.79844,-0.27549,47.906,-0.551,-1,400.000,-1,375.000,350.000,325.000,325.000,300.000,150.000,475.000,550.000,-1,-1,775.000,500.000,-1,400.000,2,0,2,1,1,0,0,0,1,1,1,2,2,0,1,2,1
63,1180.502,1555.062,110.470,-54.143,0.585579,0.810201,0.025920,-0.810576,0.585567,0.008850,-0.008008,-0.026192,0.999625,0,0.79273,-0.15549,47.564,-0.311,-1,400.000,-1,350.000,325.000,325.000,325.000,300.000,175.000,525.000,600.000,-1,-1,775.000,475.000,-1,350.000,2,0,2,1,1,0,0,0,1,1,1,2,2,0,1,2,1
64,1208.096,1516.785,110.641,-54.214,0.584502,0.810869,0.029144,-0.811331,0.584522,0.008709,-0.009974,-0.028736,0.999537,0,0.78643,-0.03549,47.186,-0.071,-1,400.000,-1,325.000,275.000,325.000,325.000,300.000,175.000,575.000,650.000,-1,-1,775.000,475.000,-1,325.000,2,0,2,1,1,0,1,0,1,1,1,2,2,0,1,2,1
65,1235.470,1478.856,112.169,-54.186,0.584613,0.810386,0.038750,-0.811156,0.584771,0.008311,-0.015925,-0.036291,0.999214,0,0.77959,0.01388,46.775,0.028,-1,375.000,-1,325.000,250.000,325.000,300.000,300.000,200.000,600.000,725.000,-1,-1,725.000,475.000,-1,275.000,2,0,2,1,1,0,1,0,1,1,1,2,2,0,1,2,1
66,1262.620,1441.276,112.900,-54.157,0.584803,0.809934,0.044857,-0.810938,0.585076,0.008156,-0.019639,-0.041146,0.998960,0,0.77269,0.01466,46.362,0.029,-1,375.000,-1,300.000,225.000,300.000,300.000,300.000,225.000,650.000,800.000,-1,-1,700.000,500.000,-1,250.000,2,0,2,1,1,0,1,0,1,1,1,2,2,0,1,2,1
67,1289.557,1404.032,112.887,-54.125,0.585148,0.809541,0.047384,-0.810653,0.585470,0.008241,-0.021071,-0.043234,0.998843,0,0.76607,0.01576,45.964,0.032,-1,375.000,-1,300.000,200.000,300.000,300.000,300.000,250.000,675.000,850.000,-1,-1,700.000,550.000,-1,225.000,2,0,2,1,1,0,1,0,1,1,1,2,2,0,1,2,1
68,1316.298,1367.112,114.858,-54.091,0.585938,0.808821,0.049849,-0.810264,0.585689,0.021003,-0.012208,-0.052697,0.998536,0,0.75978,0.01719,45.587,0.034,-1,400.000,-1,325.000,175.000,325.000,325.000,300.000,275.000,700.000,850.000,-1,-1,750.000,900.000,-1,225.000,2,0,2,1,1,0,1,0,1,1,1,2,2,0,0,2,1
69,1342.856,1330.497,117.011,-54.053,0.587112,0.807959,0.050021,-0.809504,0.585877,0.038084,0.001464,-0.062852,0.998022,0,0.75388,0.01891,45.233,0.038,-1,425.000,-1,375.000,175.000,350.000,375.000,300.000,300.000,725.000,850.000,-1,-1,825.000,-1,-1,250.000,2,0,2,1,1,0,0,0,1,1,1,2,2,0,2,2,1
70,1372.310,1290.053,117.868,-53.938,0.589473,0.806486,0.045847,-0.807628,0.587275,0.053340,0.016093,-0.068470,0.997523,0,0.83388,0.05731,50.033,0.115,-1,450.000,-1,500.000,200.000,375.000,400.000,300.000,300.000,725.000,250.000,975.000,400.000,900.000,-1,-1,325.000,2,0,2,1,1,0,0,0,1,1,0,1,1,0,2,2,1
71,1403.208,1247.779,119.573,-53.844,0.591302,0.804998,0.048369,-0.806105,0.588230,0.064660,0.023599,-0.077225,0.996734,0,0.87269,0.04736,52.362,0.095,-1,475.000,-1,575.000,200.000,400.000,425.000,275.000,275.000,750.000,200.000,350.000,375.000,950.000,-1,-1,-1,2,0,2,0,1,0,0,0,1,1,0,0,1,0,2,2,2
72,1434.006,1205.750,120.361,-53.770,0.592670,0.803913,0.049657,-0.804949,0.589014,0.071543,0.028265,-0.082372,0.996201,0,0.86841,0.03660,52.105,0.073,-1,475.000,-1,575.000,225.000,400.000,425.000,275.000,250.000,775.000,150.000,300.000,375.000,975.000,-1,-1,-1,2,0,2,0,1,0,0,0,1,1,0,0,1,0,2,2,2
73,1464.659,1163.994,120.276,-53.719,0.593516,0.803284,0.049732,-0.804259,0.589656,0.073975,0.030099,-0.083902,0.996019,0,0.86332,0.02558,51.799,0.051,-1,500.000,-1,600.000,250.000,425.000,450.000,275.000,225.000,825.000,150.000,300.000,375.000,975.000,-1,-1,-1,2,0,2,0,1,0,0,0,1,1,0,0,1,0,2,2,2
74,1495.121,1122.537,119.317,-53.691,0.593832,0.803115,0.048676,-0.804056,0.590151,0.072211,0.029268,-0.082019,0.996201,0,0.85743,0.01435,51.446,0.029,-1,500.000,-1,600.000,375.000,425.000,450.000,275.000,175.000,850.000,150.000,300.000,375.000,950.000,-1,-1,-1,2,0,2,0,1,0,0,0,1,1,0,0,1,0,2,2,2
75,1525.349,1081.402,117.497,-53.685,0.593636,0.803382,0.046624,-0.804320,0.590477,0.066381,0.025799,-0.076907,0.996704,0,0.85080,0.00300,51.048,0.006,-1,475.000,-1,575.000,-1,400.000,425.000,275.000,150.000,900.000,175.000,325.000,400.000,925.000,-1,-1,-1,2,0,2,0,2,0,0,0,1,1,0,0,1,0,2,2,2
76,1555.313,1040.618,114.714,-53.689,0.593130,0.803891,0.044233,-0.804874,0.590744,0.056556,0.019335,-0.069147,0.997419,0,0.84348,-0.00246,50.609,-0.005,-1,475.000,-1,550.000,-1,400.000,400.000,300.000,125.000,975.000,225.000,375.000,400.000,900.000,-1,-1,-1,2,0,2,0,2,0,0,0,1,1,0,0,1,0,2,2,2
77,1584.987,1000.211,111.136,-53.699,0.592484,0.804550,0.040764,-0.805515,0.591022,0.042870,0.010398,-0.058236,0.998249,0,0.83554,-0.00478,50.132,-0.010,-1,450.000,-1,500.000,-1,375.000,375.000,300.000,100.000,-1,350.000,475.000,425.000,825.000,-1,-1,-1,2,0,2,0,2,0,0,0,1,2,0,0,1,0,2,2,2
78,1614.350,960.208,106.786,-53.712,0.591806,0.805265,0.036257,-0.806080,0.591259,0.025469,-0.000928,-0.044299,0.999018,0,0.82705,-0.00666,49.623,-0.013,-1,425.000,-1,450.000,-1,350.000,350.000,300.000,100.000,-1,750.000,-1,425.000,775.000,1000.000,-1,-1,2,0,2,0,2,0,0,0,1,2,0,2,1,0,0,2,2
79,1643.386,920.628,101.659,-53.729,0.591228,0.805917,0.030784,-0.806375,0.591387,0.004648,-0.014460,-0.027572,0.999515,0,0.81814,-0.00811,49.089,-0.016,-1,375.000,-1,400.000,-1,325.000,325.000,325.000,75.000,-1,-1,-1,450.000,700.000,825.000,-1,-1,2,0,2,0,2,0,0,0,1,2,2,2,1,0,0,2,2
80,1672.089,881.487,100.759,-53.747,0.590953,0.806131,0.030458,-0.806556,0.591149,0.003072,-0.015529,-0.026382,0.999531,0,0.80895,-0.00911,48.537,-0.018,-1,375.000,-1,400.000,-1,325.000,325.000,325.000,75.000,-1,-1,-1,475.000,700.000,825.000,-1,-1,2,0,2,0,2,0,0,0,1,2,2,2,1,0,0,2,2
81,1700.452,842.791,103.372,-53.766,0.590133,0.806031,0.045350,-0.806919,0.590658,0.002227,-0.024991,-0.037908,0.998969,0,0.79962,-0.00967,47.977,-0.019,-1,375.000,-1,400.000,-1,300.000,325.000,300.000,75.000,-1,-1,-1,525.000,650.000,800.000,-1,-1,2,0,2,0,2,0,0,0,1,2,2,2,1,0,0,2,2
82,1729.334,803.713,106.773,-53.545,0.592243,0.803235,0.063734,-0.804924,0.593377,0.001401,-0.036693,-0.052131,0.997966,0,0.80986,0.11033,48.592,0.221,850.000,350.000,-1,400.000,-1,300.000,300.000,300.000,100.000,-1,-1,-1,550.000,600.000,775.000,975.000,-1,0,0,2,0,2,0,0,0,1,2,2,2,1,0,0,0,2
83,1758.163,765.355,109.488,-53.085,0.597627,0.797905,0.078671,-0.800437,0.599415,0.001095,-0.046283,-0.063625,0.996900,0,0.79971,0.23033,47.983,0.461,650.000,325.000,-1,400.000,-1,300.000,300.000,275.000,125.000,-1,-1,-1,575.000,575.000,775.000,700.000,-1,0,0,2,0,2,0,0,0,1,2,2,2,1,0,0,0,2
84,1787.071,727.854,111.450,-52.384,0.606391,0.790055,0.090015,-0.793344,0.608773,0.001258,-0.053805,-0.072176,0.995940,0,0.78916,0.35033,47.350,0.701,525.000,325.000,-1,400.000,-1,275.000,300.000,275.000,150.000,-1,-1,-1,550.000,550.000,775.000,575.000,-1,0,0,2,0,2,0,0,0,1,2,2,2,1,0,0,0,2
85,1816.187,691.336,112.503,-51.443,0.618567,0.779658,0.097513,-0.783473,0.621425,0.001348,-0.059546,-0.077233,0.995233,0,0.77841,0.47033,46.704,0.941,475.000,325.000,-1,400.000,-1,275.000,300.000,275.000,175.000,-1,-1,-1,300.000,525.000,750.000,500.000,-1,0,0,2,0,2,0,0,0,1,2,2,2,1,0,0,0,2
86,1845.633,655.919,112.752,-50.263,0.634144,0.766569,0.101162,-0.770648,0.637258,0.001967,-0.062959,-0.079207,0.994868,0,0.76766,0.59033,46.060,1.181,425.000,325.000,-1,400.000,-1,275.000,300.000,275.000,200.000,-1,-1,-1,225.000,500.000,750.000,475.000,-1,0,0,2,0,2,0,0,0,1,2,2,2,1,0,0,0,2
87,1875.529,621.717,112.145,-48.842,0.653021,0.750610,0.100737,-0.754639,0.656134,0.002923,-0.063903,-0.077929,0.994909,0,0.75712,0.71033,45.427,1.421,425.000,300.000,-1,400.000,-1,275.000,300.000,275.000,225.000,-1,-1,-1,200.000,500.000,750.000,450.000,-1,0,0,2,0,2,0,0,0,1,2,2,2,1,0,0,0,2
88,1905.946,588.803,110.680,-47.250,0.674187,0.732375,0.095386,-0.735969,0.677004,0.003769,-0.061816,-0.072742,0.995433,0,0.74697,0.79616,44.818,1.592,450.000,325.000,-1,400.000,-1,275.000,300.000,275.000,275.000,-1,-1,-1,200.000,525.000,725.000,475.000,-1,0,0,2,0,2,0,0,0,1,2,2,2,1,0,0,0,2
89,1936.872,557.152,108.146,-45.651,0.695325,0.713643,0.085071,-0.716475,0.697601,0.004054,-0.056452,-0.063770,0.996367,0,0.73757,0.79930,44.254,1.599,525.000,325.000,-1,400.000,-1,275.000,300.000,275.000,300.000,-1,-1,-1,175.000,525.000,750.000,550.000,-1,0,0,2,0,2,0,0,0,1,2,2,2,1,0,0,0,2
90,1968.319,526.719,104.479,-44.046,0.716268,0.694316,0.069893,-0.696196,0.717842,0.003632,-0.047650,-0.051261,0.997548,0,0.72940,0.80285,43.764,1.606,650.000,325.000,-1,400.000,-1,300.000,300.000,275.000,350.000,-1,-1,-1,175.000,550.000,750.000,700.000,-1,0,0,2,0,2,0,0,0,1,2,2,2,1,0,0,0,2
91,2000.304,497.464,99.767,-42.432,0.736768,0.674306,0.049840,-0.675203,0.737630,0.001611,-0.035677,-0.034839,0.998756,0,0.72246,0.80675,43.347,1.613,925.000,350.000,-1,400.000,-1,300.000,325.000,300.000,375.000,-1,-1,-1,175.000,600.000,750.000,-1,-1,0,0,2,0,2,0,0,0,1,2,2,2,1,0,0,2,2
92,2032.845,469.354,94.004,-40.810,0.756526,0.653485,0.024996,-0.653642,0.756800,-0.002432,-0.020506,-0.014499,0.999685,0,0.71672,0.81098,43.003,1.622,-1,375.000,-1,400.000,-1,300.000,325.000,325.000,325.000,-1,-1,225.000,175.000,675.000,775.000,-1,-1,2,0,2,0,2,0,0,0,0,2,2,1,1,0,0,2,2
93,2065.966,442.360,91.696,-39.179,0.775017,0.631732,0.016225,-0.631753,0.775157,-0.004432,-0.015377,-0.006815,0.999859,0,0.71213,0.81550,42.728,1.631,-1,375.000,-1,400.000,-1,300.000,325.000,325.000,325.000,-1,-1,225.000,200.000,700.000,775.000,-1,-1,2,0,2,0,2,0,0,0,0,2,2,1,1,0,0,2,2
94,2099.680,416.454,91.085,-37.538,0.792804,0.609286,0.015268,-0.609288,0.792933,-0.005019,-0.015165,-0.005324,0.999871,0,0.70863,0.82030,42.518,1.641,-1,375.000,-1,400.000,-1,300.000,325.000,325.000,325.000,-1,-1,250.000,225.000,700.000,775.000,-1,-1,2,0,2,0,2,0,0,0,0,2,2,1,1,0,0,2,2
95,2134.005,391.617,90.498,-35.888,0.810042,0.586196,0.014402,-0.586181,0.810160,-0.005632,-0.014969,-0.003880,0.999880,0,0.70614,0.82534,42.369,1.651,-1,375.000,-1,400.000,-1,300.000,325.000,325.000,325.000,-1,425.000,300.000,275.000,700.000,775.000,-1,-1,2,0,2,0,2,0,0,0,0,2,1,1,1,0,0,2,2
96,2164.975,370.350,89.997,-34.477,0.824240,0.566075,0.013690,-0.566048,0.824349,-0.006194,-0.014791,-0.002644,0.999887,0,0.62614,0.70534,37.569,1.411,-1,375.000,-1,400.000,-1,300.000,325.000,325.000,325.000,-1,425.000,325.000,300.000,700.000,775.000,-1,-1,2,0,2,0,2,0,0,0,0,2,1,1,1,0,0,2,2
97,2193.235,351.782,89.697,-33.306,0.835647,0.549116,0.012882,-0.549087,0.835744,-0.005988,-0.014054,-0.002069,0.999899,0,0.56357,0.58534,33.814,1.171,-1,375.000,-1,400.000,-1,300.000,325.000,325.000,325.000,-1,450.000,350.000,325.000,700.000,775.000,-1,-1,2,0,2,0,2,0,0,0,0,2,1,1,1,0,0,2,2
98,2221.884,333.778,89.308,-32.147,0.846608,0.532090,0.011586,-0.532058,0.846687,-0.005932,-0.012966,-0.001142,0.999915,0,0.56395,0.57982,33.837,1.160,-1,375.000,-1,400.000,-1,300.000,325.000,325.000,325.000,-1,450.000,375.000,375.000,725.000,775.000,-1,-1,2,0,2,0,2,0,0,0,0,2,1,1,1,0,0,2,2
99,2250.973,316.325,88.929,-30.963,0.857437,0.514485,0.010293,-0.514452,0.857499,-0.005910,-0.011867,-0.000228,0.999930,0,0.56539,0.59188,33.924,1.184,-1,375.000,-1,400.000,-1,300.000,325.000,325.000,325.000,-1,475.000,400.000,400.000,725.000,775.000,-1,-1,2,0,2,0,2,0,0,0,0,2,1,1,1,0,0,2,2
100,2280.547,299.419,88.558,-29.755,0.868112,0.496286,0.009006,-0.496251,0.868159,-0.005922,-0.010757,0.000672,0.999942,0,0.56775,0.60424,34.065,1.208,-1,375.000,-1,400.000,-1,325.000,325.000,325.000,325.000,-1,500.000,400.000,425.000,725.000,800.000,-1,-1,2,0,2,0,2,0,0,0,0,2,1,1,1,0,0,2,2
101,2310.649,283.061,88.194,-28.521,0.878610,0.477477,0.007726,-0.477443,0.878643,-0.005968,-0.009639,0.001555,0.999952,0,0.57098,0.61689,34.259,1.234,-1,375.000,-1,400.000,-1,325.000,325.000,325.000,325.000,-1,500.000,425.000,475.000,725.000,800.000,-1,-1,2,0,2,0,2,0,0,0,0,2,1,1,1,0,0,2,2
102,2341.319,267.257,87.837,-27.261,0.888906,0.458045,0.006458,-0.458011,0.888926,-0.006048,-0.008511,0.002418,0.999961,0,0.57504,0.62985,34.502,1.260,-1,375.000,-1,400.000,-1,325.000,325.000,325.000,325.000,-1,525.000,450.000,500.000,750.000,800.000,-1,-1,2,0,2,0,2,0,0,0,0,2,1,1,1,0,0,2,2
103,2372.598,252.019,87.486,-25.975,0.898972,0.437974,0.005202,-0.437943,0.898981,-0.006160,-0.007374,0.003260,0.999967,0,0.57989,0.64312,34.794,1.286,-1,375.000,-1,400.000,-1,325.000,325.000,325.000,325.000,-1,550.000,475.000,550.000,750.000,800.000,-1,-1,2,0,2,0,2,0,0,0,0,2,1,1,1,0,0,2,2
104,2404.524,237.360,87.139,-24.661,0.908782,0.417253,0.003962,-0.417225,0.908781,-0.006303,-0.006231,0.004075,0.999972,0,0.58550,0.65669,35.130,1.313,-1,375.000,-1,400.000,-1,325.000,325.000,350.000,325.000,-1,575.000,500.000,575.000,750.000,825.000,-1,-1,2,0,2,0,2,0,0,0,0,2,1,1,1,0,0,2,2
105,2437.132,223.303,86.796,-23.320,0.918304,0.395867,0.002742,-0.395843,0.918295,-0.006477,-0.005082,0.004862,0.999975,0,0.59183,0.67058,35.510,1.341,-1,400.000,-1,400.000,-1,325.000,325.000,350.000,325.000,-1,575.000,525.000,625.000,750.000,825.000,-1,-1,2,0,2,0,2,0,0,0,0,2,0,0,1,0,0,2,2
106,2470.459,209.872,86.455,-21.951,0.927507,0.373803,0.001544,-0.373786,0.927491,-0.006678,-0.003929,0.005616,0.999977,0,0.59886,0.68479,35.931,1.370,-1,400.000,-1,400.000,-1,325.000,325.000,350.000,325.000,-1,550.000,475.000,675.000,775.000,825.000,-1,-1,2,0,2,0,2,0,0,0,0,2,0,0,1,0,0,2,2
107,2504.536,197.096,86.128,-20.552,0.936356,0.351052,0.000392,-0.351041,0.936334,-0.006962,-0.002811,0.006381,0.999976,0,0.60655,0.69932,36.393,1.399,-1,400.000,-1,400.000,-1,325.000,325.000,350.000,325.000,-1,525.000,425.000,725.000,775.000,825.000,-1,-1,2,0,2,0,2,0,0,0,0,2,0,0,1,0,0,2,2
108,2539.392,185.010,85.868,-19.124,0.944816,0.327601,-0.000609,-0.327596,0.944787,-0.007597,-0.001913,0.007378,0.999971,0,0.61487,0.71417,36.892,1.428,-1,400.000,-1,400.000,-1,325.000,325.000,350.000,325.000,-1,500.000,400.000,775.000,775.000,825.000,-1,-1,2,0,2,0,2,0,0,0,0,2,0,0,1,0,0,2,2
109,2575.509,173.320,85.613,-17.935,0.951406,0.307934,-0.001568,-0.307937,0.951371,-0.008250,-0.001049,0.008332,0.999965,0,0.63269,0.59417,37.962,1.188,-1,400.000,-1,400.000,-1,325.000,325.000,350.000,325.000,-1,500.000,375.000,825.000,800.000,825.000,-1,-1,2,0,2,0,2,0,0,0,0,2,0,0,1,0,0,2,2
110,2612.378,162.057,85.327,-16.987,0.956371,0.292144,-0.002323,-0.292153,0.956331,-0.008798,-0.000349,0.009092,0.999959,0,0.64252,0.47417,38.551,0.948,-1,400.000,-1,400.000,-1,325.000,325.000,350.000,325.000,-1,500.000,375.000,875.000,800.000,825.000,-1,-1,2,0,2,0,2,0,0,0,0,2,0,0,1,0,0,2,2
111,2649.986,151.075,85.016,-16.279,0.959909,0.280298,-0.002913,-0.280313,0.959864,-0.009244,0.000204,0.009690,0.999953,0,0.65297,0.35417,39.178,0.708,-1,400.000,-1,400.000,-1,325.000,325.000,350.000,325.000,-1,475.000,400.000,925.000,800.000,825.000,-1,-1,2,0,2,0,2,0,0,0,0,2,0,0,1,0,0,2,2
112,2688.315,140.221,84.790,-15.810,0.962167,0.272442,-0.003140,-0.272459,0.962121,-0.009433,0.000452,0.009932,0.999951,0,0.66394,0.23417,39.836,0.468,-1,400.000,-1,400.000,-1,325.000,325.000,350.000,325.000,-1,500.000,425.000,975.000,800.000,850.000,-1,-1,2,0,2,0,2,0,0,0,0,2,0,0,1,0,0,2,2
113,2727.347,129.336,84.617,-15.582,0.963246,0.268605,-0.002851,-0.268620,0.963199,-0.009520,0.000189,0.009936,0.999951,0,0.67535,0.11417,40.521,0.228,-1,400.000,-1,400.000,-1,325.000,325.000,350.000,325.000,-1,550.000,450.000,-1,825.000,850.000,-1,-1,2,0,2,0,2,0,0,0,0,2,0,0,2,0,0,2,2
114,2767.057,118.254,84.405,-15.594,0.963193,0.268801,-0.002455,-0.268812,0.963143,-0.009734,-0.000252,0.010036,0.999950,0,0.68713,-0.00583,41.228,-0.012,-1,400.000,-1,400.000,-1,325.000,325.000,350.000,325.000,-1,600.000,500.000,-1,825.000,850.000,-1,-1,2,0,2,0,2,0,0,0,0,2,0,0,2,0,0,2,2
115,2807.418,106.798,84.190,-15.845,0.962004,0.273029,-0.002023,-0.273035,0.961953,-0.009926,-0.000764,0.010102,0.999949,0,0.69925,-0.12583,41.955,-0.252,-1,400.000,-1,400.000,-1,325.000,325.000,350.000,325.000,-1,650.000,550.000,-1,825.000,850.000,-1,-1,2,0,2,0,2,0,0,0,0,2,0,0,2,0,0,2,2
116,2848.395,94.787,83.971,-16.337,0.959627,0.281273,-0.001555,-0.281274,0.959574,-0.010112,-0.001352,0.010141,0.999948,0,0.71167,-0.24583,42.700,-0.492,-1,400.000,-1,400.000,-1,325.000,325.000,350.000,325.000,-1,725.000,600.000,-1,825.000,850.000,-1,-1,2,0,2,0,2,0,0,0,0,2,0,0,2,0,0,2,2
117,2889.942,82.030,83.747,-17.069,0.955958,0.293503,-0.001050,-0.293498,0.955904,-0.010308,-0.002022,0.010163,0.999946,0,0.72436,-0.36583,43.462,-0.732,-1,400.000,-1,400.000,-1,325.000,325.000,350.000,325.000,-1,800.000,675.000,-1,825.000,850.000,-1,-1,2,0,2,0,2,0,0,0,0,2,0,0,2,0,0,2,2
118,2932.005,68.330,83.518,-18.040,0.950844,0.309671,-0.000509,-0.309659,0.950789,-0.010539,-0.002780,0.010179,0.999944,0,0.73729,-0.48583,44.238,-0.972,-1,400.000,-1,400.000,-1,325.000,325.000,350.000,325.000,-1,900.000,750.000,-1,825.000,875.000,-1,-1,2,0,2,0,2,0,0,0,0,2,0,0,2,0,0,2,2
119,2971.123,54.924,83.314,-18.917,0.945994,0.324183,0.000019,-0.324164,0.945939,-0.010856,-0.003537,0.010264,0.999941,0,0.68919,-0.43838,41.351,-0.877,-1,400.000,-1,400.000,-1,325.000,325.000,350.000,325.000,-1,1000.000,875.000,-1,825.000,875.000,-1,-1,2,0,2,0,2,0,0,0,0,2,0,0,2,0,0,2,2
120,3013.735,39.676,83.108,-19.689,0.941542,0.336896,0.000618,-0.336868,0.941483,-0.011355,-0.004407,0.010484,0.999935,0,0.75430,-0.38594,45.258,-0.772,-1,400.000,-1,400.000,-1,325.000,325.000,325.000,325.000,-1,-1,1000.000,-1,825.000,875.000,-1,-1,2,0,2,0,2,0,0,0,0,2,2,0,2,0,0,2,2
121,3056.890,23.597,82.913,-20.435,0.937077,0.349122,0.001250,-0.349083,0.937015,-0.011982,-0.005354,0.010792,0.999927,0,0.76755,-0.37292,46.053,-0.746,-1,400.000,-1,400.000,-1,325.000,325.000,325.000,325.000,-1,-1,-1,-1,825.000,875.000,-1,-1,2,0,2,0,2,0,0,0,0,2,2,2,2,0,0,2,2
122,3100.589,6.688,82.645,-21.154,0.932622,0.360849,0.002036,-0.360794,0.932553,-0.013131,-0.006637,0.011511,0.999912,0,0.78094,-0.35949,46.856,-0.719,-1,400.000,-1,400.000,-1,325.000,325.000,325.000,325.000,-1,-1,-1,-1,825.000,875.000,-1,-1,2,0,2,0,2,0,0,0,0,2,2,2,2,0,0,2,2
123,3144.833,-11.049,82.319,-21.845,0.928200,0.372070,0.002945,-0.371990,0.928119,-0.014758,-0.008224,0.012603,0.999887,0,0.79445,-0.34565,47.667,-0.691,-1,400.000,-1,400.000,-1,325.000,325.000,325.000,325.000,-1,-1,-1,-1,825.000,850.000,-1,-1,2,0,2,0,2,0,0,0,0,2,2,2,2,1,0,2,2
124,3189.625,-29.609,81.957,-22.508,0.923834,0.382775,0.003819,-0.382669,0.923740,-0.016366,-0.009792,0.013658,0.999859,0,0.80809,-0.33139,48.485,-0.663,-1,400.000,-1,400.000,-1,325.000,325.000,325.000,325.000,-1,-1,-1,-1,800.000,850.000,-1,-1,2,0,2,0,2,0,0,0,0,2,2,2,2,1,0,2,2
125,3234.643,-48.866,81.440,-23.159,0.919416,0.393252,0.005162,-0.393112,0.919322,-0.017627,-0.011677,0.014177,0.999831,0,0.81607,-0.32576,48.964,-0.652,-1,400.000,-1,400.000,-1,325.000,325.000,325.000,325.000,-1,-1,-1,-1,775.000,850.000,-1,-1,2,0,2,0,2,0,0,0,0,2,2,2,2,1,0,2,2
126,3279.761,-68.772,80.674,-23.806,0.914912,0.403600,0.006484,-0.403438,0.914832,-0.017910,-0.013160,0.013770,0.999819,0,0.82190,-0.32319,49.314,-0.646,-1,400.000,-1,400.000,-1,325.000,325.000,325.000,325.000,-1,-1,-1,-1,725.000,850.000,-1,-1,2,0,2,0,2,0,0,0,0,2,2,2,2,1,0,2,2
127,3324.969,-89.323,79.892,-24.447,0.910331,0.413807,0.007817,-0.413620,0.910266,-0.018261,-0.014673,0.013390,0.999803,0,0.82766,-0.32035,49.660,-0.641,-1,400.000,-1,400.000,-1,325.000,325.000,325.000,325.000,-1,-1,-1,-1,700.000,825.000,950.000,-1,2,0,2,0,2,0,0,0,0,2,2,2,2,1,0,1,2
128,3370.254,-110.518,79.041,-25.081,0.905683,0.423861,0.008932,-0.423651,0.905631,-0.018793,-0.016055,0.013237,0.999783,0,0.83333,-0.31720,50.000,-0.634,-1,400.000,-1,400.000,-1,325.000,325.000,300.000,325.000,-1,-1,-1,-1,675.000,825.000,875.000,-1,2,0,2,0,2,0,0,0,0,2,2,2,2,1,0,1,2
129,3415.606,-132.352,78.130,-25.708,0.900978,0.433753,0.009862,-0.433519,0.900934,-0.019481,-0.017335,0.013276,0.999762,0,0.83890,-0.31374,50.334,-0.627,-1,400.000,-1,400.000,-1,325.000,325.000,300.000,325.000,-1,-1,-1,-1,650.000,825.000,800.000,-1,2,0,2,0,2,0,0,0,0,2,2,2,2,1,0,1,2
130,3461.010,-154.821,77.118,-26.328,0.896222,0.443473,0.010865,-0.443204,0.896184,-0.020621,-0.018882,0.013666,0.999728,0,0.84433,-0.30995,50.660,-0.620,925.000,400.000,-1,400.000,-1,325.000,325.000,300.000,325.000,-1,-1,-1,-1,600.000,825.000,725.000,-1,1,0,2,0,2,0,0,0,0,2,2,2,2,1,1,1,2
131,3506.455,-177.916,76.089,-26.940,0.891426,0.453011,0.011846,-0.452704,0.891393,-0.021830,-0.020448,0.014097,0.999692,0,0.84961,-0.30580,50.976,-0.612,800.000,400.000,-1,400.000,-1,325.000,325.000,300.000,325.000,-1,-1,-1,-1,575.000,800.000,675.000,-1,1,0,2,0,2,0,0,0,0,2,2,2,2,1,1,1,2
132,3551.925,-201.629,75.056,-27.542,0.886601,0.462357,0.012790,-0.462011,0.886575,-0.023039,-0.021992,0.014517,0.999653,0,0.85470,-0.30127,51.282,-0.603,700.000,400.000,-1,400.000,-1,325.000,325.000,300.000,325.000,-1,-1,-1,-1,550.000,800.000,600.000,-1,1,0,2,0,2,0,0,0,0,2,2,2,2,1,0,1,2
133,3597.405,-225.949,74.020,-28.135,0.881760,0.471500,0.013699,-0.471113,0.881740,-0.024247,-0.023512,0.014926,0.999612,0,0.85957,-0.29633,51.574,-0.593,625.000,375.000,-1,400.000,-1,325.000,325.000,300.000,325.000,-1,-1,-1,-1,525.000,800.000,550.000,-1,1,1,2,0,2,0,0,0,0,2,2,2,2,1,0,1,2
134,3642.879,-250.863,72.982,-28.717,0.876913,0.480428,0.014572,-0.479998,0.876900,-0.025450,-0.025005,0.015323,0.999570,0,0.86419,-0.29095,51.851,-0.582,550.000,375.000,-1,400.000,-1,325.000,325.000,325.000,325.000,-1,-1,-1,-1,500.000,775.000,500.000,-1,1,1,2,0,2,0,0,0,0,2,2,2,2,1,0,1,2
135,3688.329,-276.355,71.901,-29.287,0.872080,0.489127,0.015224,-0.488654,0.872068,-0.026720,-0.026346,0.015862,0.999527,0,0.86850,-0.28511,52.110,-0.570,475.000,350.000,-1,400.000,-1,325.000,325.000,325.000,325.000,-1,-1,-1,-1,475.000,775.000,450.000,-1,1,1,2,0,2,1,0,0,0,2,2,2,2,1,0,1,2
