timestep,x_cm,y_cm,z_cm,yaw_deg,basis_xx,basis_xy,basis_xz,basis_yx,basis_yy,basis_yz,basis_zx,basis_zy,basis_zz,teleport_flag,throttle_cmd,steering_cmd,cmd_move_cm,cmd_turn_deg,lidar_cm_0,lidar_cm_1,lidar_cm_2,lidar_cm_3,lidar_cm_4,lidar_cm_5,lidar_cm_6,lidar_cm_7,lidar_cm_8,lidar_cm_9,lidar_cm_10,lidar_cm_11,lidar_cm_12,lidar_cm_13,lidar_cm_14,lidar_cm_15,lidar_cm_16,lidar_class_0,lidar_class_1,lidar_class_2,lidar_class_3,lidar_class_4,lidar_class_5,lidar_class_6,lidar_class_7,lidar_class_8,lidar_class_9,lidar_class_10,lidar_class_11,lidar_class_12,lidar_class_13,lidar_class_14,lidar_class_15,lidar_class_16
0,6882.502,-2296.136,446.681,-175.632,-0.996917,0.076127,-0.018978,-0.075482,-0.996612,-0.032664,-0.021401,-0.031131,0.999286,1,0.08000,0.12000,4.800,0.240,-1,400.000,-1,400.000,-1,325.000,325.000,300.000,300.000,-1,-1,-1,-1,800.000,800.000,-1,-1,2,0,2,0,2,0,0,0,0,2,2,2,2,0,0,2,2
1,6872.936,-2296.947,446.477,-175.152,-0.996241,0.084474,-0.019179,-0.083821,-0.995946,-0.032658,-0.021860,-0.030928,0.999283,0,0.16000,0.24000,9.600,0.480,-1,400.000,-1,400.000,-1,325.000,325.000,300.000,300.000,-1,-1,-1,-1,800.000,800.000,-1,-1,2,0,2,0,2,0,0,0,0,2,2,2,2,0,0,2,2
2,6858.604,-2298.344,446.167,-174.432,-0.995095,0.096984,-0.019477,-0.096317,-0.994815,-0.032660,-0.022544,-0.030624,0.999277,0,0.24000,0.36000,14.400,0.720,-1,400.000,-1,400.000,-1,325.000,325.000,300.000,300.000,-1,-1,-1,-1,800.000,800.000,-1,-1,2,0,2,0,2,0,0,0,0,2,2,2,2,0,0,2,2
3,6839.529,-2300.527,445.744,-173.472,-0.993323,0.113639,-0.019872,-0.112955,-0.993062,-0.032681,-0.023448,-0.030218,0.999268,0,0.32000,0.48000,19.200,0.960,900.000,400.000,-1,400.000,-1,325.000,325.000,300.000,300.000,-1,-1,-1,-1,800.000,800.000,-1,-1,1,0,2,0,2,0,0,0,0,2,2,2,2,0,0,2,2
4,6815.747,-2303.754,445.203,-172.272,-0.990716,0.134413,-0.020358,-0.133709,-0.990480,-0.032735,-0.024564,-0.029709,0.999257,0,0.40000,0.60000,24.000,1.200,800.000,400.000,-1,400.000,-1,325.000,325.000,300.000,300.000,-1,-1,-1,-1,800.000,800.000,-1,-1,1,0,2,0,2,0,0,0,0,2,2,2,2,0,0,2,2
5,6787.315,-2308.343,444.534,-170.832,-0.987014,0.159264,-0.020930,-0.158535,-0.986807,-0.032840,-0.025884,-0.029095,0.999241,0,0.48000,0.72000,28.800,1.440,750.000,400.000,-1,400.000,-1,325.000,325.000,300.000,300.000,-1,-1,-1,-1,800.000,800.000,-1,-1,1,0,2,0,2,0,0,0,0,2,2,2,2,0,0,2,2
6,6754.316,-2314.667,443.729,-169.152,-0.981907,0.188130,-0.021578,-0.187372,-0.981734,-0.033017,-0.027396,-0.028376,0.999222,0,0.56000,0.84000,33.600,1.680,675.000,400.000,-1,400.000,-1,325.000,325.000,300.000,300.000,-1,-1,-1,-1,775.000,800.000,-1,-1,1,0,2,0,2,0,0,0,0,2,2,2,2,0,0,2,2
7,6716.865,-2323.153,442.778,-167.232,-0.975037,0.220922,-0.022291,-0.220131,-0.974902,-0.033288,-0.029086,-0.027550,0.999197,0,0.64000,0.96000,38.400,1.920,625.000,400.000,-1,400.000,-1,325.000,325.000,300.000,300.000,-1,-1,-1,-1,775.000,800.000,-1,-1,1,0,2,0,2,0,0,0,0,2,2,2,2,0,0,2,2
8,6675.092,-2334.165,441.672,-165.232,-0.966714,0.254817,-0.023058,-0.253989,-0.966621,-0.033668,-0.030867,-0.026691,0.999167,0,0.72000,1.00000,43.200,2.000,575.000,400.000,-1,400.000,-1,325.000,325.000,300.000,300.000,-1,-1,-1,-1,775.000,800.000,-1,-1,1,0,2,0,2,0,0,0,0,2,2,2,2,0,0,2,2
9,6629.133,-2348.012,440.324,-163.232,-0.957214,0.288405,-0.023727,-0.287553,-0.957168,-0.033817,-0.032464,-0.025547,0.999146,0,0.80000,1.00000,48.000,2.000,525.000,400.000,-1,400.000,-1,325.000,325.000,300.000,300.000,-1,-1,-1,-1,775.000,800.000,-1,-1,1,0,2,0,2,0,0,0,0,2,2,2,2,1,0,2,2
10,6579.236,-2364.967,438.612,-161.232,-0.946543,0.321649,-0.024462,-0.320794,-0.946563,-0.033314,-0.033870,-0.023686,0.999146,0,0.87833,1.00000,52.700,2.000,475.000,400.000,-1,400.000,-1,325.000,325.000,300.000,300.000,-1,-1,-1,-1,750.000,800.000,-1,-1,1,0,2,0,2,0,0,0,0,2,2,2,2,1,0,2,2
11,6530.044,-2383.621,436.843,-159.232,-0.934712,0.354503,-0.025307,-0.353648,-0.934802,-0.032828,-0.035294,-0.021735,0.999141,0,0.87683,1.00000,52.610,2.000,425.000,400.000,-1,400.000,-1,325.000,325.000,300.000,300.000,-1,-1,-1,-1,725.000,800.000,-1,-1,1,0,2,0,2,0,0,0,0,2,2,2,2,1,0,2,2
12,6478.281,-2405.346,434.870,-157.232,-0.921740,0.386927,-0.026150,-0.386073,-0.921898,-0.032435,-0.036658,-0.019801,0.999132,0,0.93563,1.00000,56.138,2.000,375.000,400.000,-1,400.000,-1,325.000,325.000,300.000,300.000,-1,-1,-1,-1,700.000,800.000,-1,-1,1,0,2,0,2,0,0,0,0,2,2,2,2,1,0,2,2
13,6427.261,-2428.886,432.683,-155.232,-0.907653,0.418877,-0.026593,-0.418026,-0.907860,-0.032322,-0.037682,-0.018221,0.999124,0,0.93648,1.00000,56.189,2.000,350.000,400.000,-1,400.000,-1,325.000,325.000,300.000,300.000,-1,-1,-1,-1,675.000,800.000,525.000,-1,1,0,2,0,2,0,0,0,0,2,2,2,2,1,0,1,2
14,6381.282,-2451.838,430.638,-153.472,-0.894340,0.446573,-0.026994,-0.445718,-0.894587,-0.032408,-0.038621,-0.016952,0.999110,0,0.85648,0.88000,51.389,1.760,300.000,400.000,-1,400.000,-1,325.000,325.000,300.000,300.000,-1,-1,-1,-1,650.000,800.000,450.000,-1,1,0,2,0,2,0,0,1,0,2,2,2,2,1,0,1,2
15,6337.612,-2475.105,428.639,-151.952,-0.882161,0.470153,-0.027352,-0.469291,-0.882441,-0.032624,-0.039475,-0.015944,0.999093,0,0.82470,0.76000,49.482,1.520,275.000,400.000,-1,400.000,-1,325.000,325.000,300.000,300.000,-1,-1,-1,-1,675.000,800.000,375.000,-1,1,1,2,0,2,0,0,1,0,2,2,2,2,1,0,1,2
16,6294.524,-2499.312,426.636,-150.672,-0.871422,0.489754,-0.027661,-0.488884,-0.871729,-0.032870,-0.040211,-0.015121,0.999077,0,0.82370,0.64000,49.422,1.280,250.000,375.000,-1,400.000,-1,325.000,325.000,275.000,300.000,-1,-1,-1,-1,750.000,800.000,325.000,-1,1,1,2,0,2,0,0,1,0,2,2,2,2,0,0,1,2
17,6252.011,-2524.223,424.634,-149.632,-0.862374,0.505501,-0.027926,-0.504622,-0.862705,-0.033133,-0.040841,-0.014481,0.999061,0,0.82124,0.52000,49.274,1.040,200.000,350.000,-1,400.000,-1,325.000,325.000,250.000,300.000,-1,-1,-1,-1,750.000,800.000,300.000,-1,1,1,2,0,2,0,0,1,0,2,2,2,2,0,0,1,2
18,6210.054,-2549.601,422.642,-148.832,-0.855220,0.517500,-0.028158,-0.516611,-0.855568,-0.033401,-0.041376,-0.014019,0.999045,0,0.81725,0.40000,49.035,0.800,175.000,350.000,-1,400.000,-1,325.000,325.000,250.000,300.000,-1,-1,-1,-1,750.000,800.000,250.000,-1,1,1,2,0,2,0,0,1,0,2,2,2,2,0,0,1,2
19,6168.631,-2575.209,423.171,-148.272,-0.850133,0.525886,-0.026796,-0.525494,-0.850548,-0.020585,-0.033617,-0.003418,0.999429,0,0.81167,0.28000,48.700,0.560,200.000,375.000,-1,425.000,-1,325.000,325.000,225.000,300.000,-1,-1,-1,-1,850.000,850.000,300.000,-1,1,1,2,0,2,1,0,1,0,2,2,2,2,0,0,1,2
20,6127.754,-2600.877,423.545,-147.874,-0.846495,0.531776,-0.025702,-0.531744,-0.846861,-0.008650,-0.026366,0.006345,0.999632,0,0.80446,0.19908,48.267,0.398,200.000,400.000,-1,425.000,-1,350.000,350.000,225.000,300.000,-1,-1,-1,-1,950.000,900.000,-1,-1,1,1,2,0,2,1,0,1,0,2,2,2,2,0,0,2,2
21,6087.493,-2626.567,423.490,-147.460,-0.842680,0.537834,-0.025014,-0.538024,-0.842929,0.001042,-0.020525,0.014336,0.999687,0,0.79600,0.20689,47.760,0.414,225.000,450.000,-1,450.000,-1,375.000,375.000,225.000,300.000,-1,625.000,425.000,-1,-1,925.000,-1,-1,1,1,2,0,2,0,0,1,0,2,0,0,2,2,0,2,2
22,6047.865,-2652.272,422.971,-147.031,-0.838680,0.544066,-0.024662,-0.544392,-0.838785,0.008766,-0.015917,0.020778,0.999657,0,0.78726,0.21442,47.236,0.429,300.000,500.000,-1,450.000,-1,375.000,375.000,200.000,275.000,-1,475.000,300.000,-1,-1,975.000,-1,-1,1,0,2,0,2,0,0,1,0,2,0,0,2,2,0,2,2
23,6008.885,-2677.988,422.055,-146.588,-0.834486,0.550479,-0.024624,-0.550884,-0.834459,0.014325,-0.012662,0.025519,0.999594,0,0.77830,0.22165,46.698,0.443,-1,500.000,-1,475.000,-1,400.000,375.000,175.000,275.000,-1,425.000,250.000,-1,-1,-1,-1,-1,2,0,2,0,2,0,0,1,0,2,0,0,2,2,2,2,2
24,5970.567,-2703.709,420.678,-146.131,-0.830094,0.557064,-0.024981,-0.557521,-0.829967,0.018027,-0.010692,0.028892,0.999525,0,0.76917,0.22842,46.150,0.457,-1,525.000,-1,475.000,-1,400.000,400.000,175.000,275.000,-1,400.000,225.000,-1,-1,-1,-1,-1,2,0,2,0,2,0,0,1,0,2,0,0,2,2,2,2,2
25,5932.912,-2729.421,418.856,-145.674,-0.825617,0.563637,-0.025901,-0.564138,-0.825445,0.019723,-0.010263,0.030896,0.999470,0,0.75994,0.22865,45.596,0.457,-1,525.000,-1,475.000,-1,400.000,400.000,175.000,275.000,-1,400.000,225.000,-1,-1,-1,-1,-1,2,0,2,0,2,0,0,1,0,2,0,0,2,2,2,2,2
26,5899.469,-2752.785,416.994,-145.061,-0.819522,0.572411,-0.027006,-0.572948,-0.819348,0.019981,-0.010690,0.031848,0.999436,0,0.67994,0.30624,40.796,0.612,-1,525.000,-1,475.000,-1,400.000,400.000,150.000,275.000,-1,400.000,225.000,-1,-1,-1,-1,-1,2,0,2,0,2,0,0,1,0,2,0,0,2,2,2,2,2
27,5870.182,-2773.714,415.142,-144.450,-0.813336,0.581115,-0.028099,-0.581675,-0.813198,0.019059,-0.011775,0.031845,0.999423,0,0.59994,0.30548,35.996,0.611,-1,525.000,-1,475.000,-1,400.000,400.000,150.000,275.000,-1,425.000,225.000,-1,-1,-1,-1,-1,2,0,2,0,2,0,0,1,0,2,0,0,2,2,2,2,2
28,5844.994,-2792.120,413.396,-143.841,-0.807071,0.589735,-0.029121,-0.590306,-0.806990,0.017477,-0.013194,0.031296,0.999423,0,0.51994,0.30447,31.196,0.609,-1,525.000,-1,475.000,-1,400.000,375.000,150.000,275.000,-1,425.000,225.000,-1,-1,-1,-1,-1,2,0,2,0,2,0,0,1,0,2,0,0,2,2,2,2,2
29,5823.848,-2807.919,411.839,-143.235,-0.800738,0.598261,-0.030043,-0.598835,-0.800719,0.015686,-0.014672,0.030551,0.999426,0,0.43994,0.30336,26.396,0.607,-1,500.000,-1,475.000,-1,400.000,375.000,150.000,275.000,-1,450.000,250.000,-1,-1,-1,-1,-1,2,0,2,0,2,0,0,1,0,2,0,0,2,2,2,2,2
30,5806.685,-2821.027,410.531,-142.630,-0.794343,0.606688,-0.030807,-0.607261,-0.794378,0.014051,-0.015948,0.029870,0.999427,0,0.35994,0.30226,21.596,0.605,-1,500.000,-1,450.000,-1,400.000,375.000,125.000,275.000,-1,475.000,250.000,-1,-1,1000.000,-1,-1,2,0,2,0,2,0,0,1,0,2,0,0,2,2,0,2,2
31,5793.444,-2831.361,409.527,-142.028,-0.787889,0.615016,-0.031419,-0.615587,-0.787963,0.012874,-0.016839,0.029485,0.999423,0,0.27994,0.30127,16.796,0.603,-1,500.000,-1,450.000,-1,400.000,375.000,125.000,275.000,-1,475.000,275.000,-1,-1,1000.000,-1,-1,2,0,2,0,2,0,0,1,0,2,0,0,2,2,0,2,2
32,5784.065,-2838.841,408.882,-141.427,-0.781374,0.623243,-0.031969,-0.623824,-0.781467,0.012393,-0.017258,0.029627,0.999412,0,0.19994,0.30046,11.996,0.601,-1,500.000,-1,450.000,-1,400.000,375.000,125.000,275.000,-1,475.000,275.000,-1,-1,1000.000,-1,-1,2,0,2,0,2,0,0,1,0,2,0,0,2,2,0,2,2
33,5778.487,-2843.387,408.620,-140.827,-0.774798,0.631374,-0.032483,-0.631977,-0.774882,0.012748,-0.017122,0.030405,0.999391,0,0.11994,0.29987,7.196,0.600,-1,500.000,-1,450.000,-1,400.000,375.000,125.000,275.000,-1,475.000,275.000,-1,-1,1000.000,-1,-1,2,0,2,0,2,0,0,1,0,2,0,0,2,2,0,2,2
34,5776.645,-2844.920,408.753,-140.228,-0.768156,0.639412,-0.032991,-0.640052,-0.768204,0.013993,-0.016396,0.031865,0.999358,0,0.03994,0.29952,2.396,0.599,-1,500.000,-1,450.000,-1,400.000,375.000,125.000,275.000,-1,450.000,275.000,-1,-1,1000.000,-1,-1,2,0,2,0,2,0,0,1,0,2,0,0,2,2,0,2,2
35,5778.478,-2843.364,409.274,-139.629,-0.761446,0.647360,-0.033523,-0.648052,-0.761426,0.016101,-0.015102,0.033985,0.999308,0,-0.04006,0.29941,-2.404,0.599,-1,500.000,-1,475.000,-1,400.000,375.000,125.000,275.000,-1,450.000,250.000,-1,-1,1000.000,-1,-1,2,0,2,0,2,0,0,1,0,2,0,0,2,2,0,2,2
36,5783.918,-2838.641,410.163,-139.030,-0.754665,0.655223,-0.034104,-0.655975,-0.754544,0.018958,-0.013311,0.036679,0.999238,0,-0.12006,0.29951,-7.204,0.599,-1,525.000,-1,475.000,-1,400.000,375.000,125.000,275.000,-1,425.000,225.000,-1,-1,-1,-1,-1,2,0,2,0,2,0,0,1,0,2,0,0,2,2,2,2,2
37,5792.899,-2830.678,411.381,-138.430,-0.747809,0.663004,-0.034750,-0.663820,-0.747558,0.022362,-0.011151,0.039790,0.999146,0,-0.20006,0.29977,-12.004,0.600,-1,525.000,-1,475.000,-1,400.000,400.000,150.000,275.000,-1,400.000,225.000,-1,-1,-1,-1,-1,2,0,2,0,2,0,0,1,0,2,0,0,2,2,2,2,2
38,5805.355,-2819.398,412.876,-137.830,-0.740875,0.670706,-0.035461,-0.671585,-0.740470,0.026025,-0.008803,0.043096,0.999032,0,-0.28006,0.30010,-16.804,0.600,-1,550.000,-1,475.000,-1,425.000,400.000,150.000,275.000,-1,375.000,200.000,-1,-1,-1,-1,-1,2,0,2,0,2,0,0,1,0,2,0,0,2,2,2,2,2
39,5821.215,-2804.729,414.566,-137.229,-0.733860,0.678337,-0.036163,-0.679270,-0.733293,0.029562,-0.006465,0.046259,0.998909,0,-0.36006,0.30040,-21.604,0.601,-1,550.000,-1,475.000,-1,425.000,400.000,150.000,275.000,-1,350.000,175.000,-1,-1,-1,-1,-1,2,0,2,0,2,0,0,1,0,2,0,0,2,2,2,2,2
40,5840.410,-2786.598,416.361,-136.628,-0.726759,0.685907,-0.036795,-0.686879,-0.726045,0.032510,-0.004416,0.048901,0.998794,0,-0.44006,0.30055,-26.404,0.601,-1,550.000,-1,500.000,-1,425.000,400.000,175.000,275.000,-1,350.000,175.000,-1,-1,-1,-1,-1,2,0,2,0,2,0,0,1,0,2,0,0,2,2,2,2,2
41,5859.041,-2768.625,417.926,-136.028,-0.719562,0.693420,-0.037395,-0.694421,-0.718749,0.034340,-0.003066,0.050678,0.998710,0,-0.43145,0.30039,-25.887,0.601,-1,575.000,-1,500.000,-1,425.000,400.000,175.000,275.000,-1,325.000,150.000,1000.000,-1,-1,-1,-1,2,0,2,0,2,0,0,1,0,2,0,0,0,2,2,2,2
42,5877.058,-2750.876,419.264,-135.428,-0.712281,0.700868,-0.037933,-0.701890,-0.711420,0.035104,-0.002383,0.051628,0.998664,0,-0.42152,0.29975,-25.291,0.600,-1,575.000,-1,500.000,-1,425.000,400.000,200.000,275.000,-1,325.000,150.000,1000.000,-1,-1,-1,-1,2,0,2,0,2,0,0,1,0,2,0,0,0,2,2,2,2
43,5894.489,-2733.350,420.384,-134.842,-0.705070,0.708099,-0.038363,-0.709134,-0.704213,0.034838,-0.002347,0.051768,0.998656,0,-0.41197,0.29286,-24.718,0.586,300.000,575.000,-1,500.000,-1,425.000,400.000,200.000,275.000,-1,325.000,150.000,1000.000,-1,-1,-1,-1,1,0,2,0,2,0,0,1,0,2,0,0,0,2,2,2,2
44,5911.362,-2716.040,421.298,-134.270,-0.697935,0.715117,-0.038662,-0.716155,-0.697131,0.033607,-0.002919,0.051144,0.998687,0,-0.40288,0.28600,-24.173,0.572,250.000,575.000,-1,500.000,-1,425.000,400.000,225.000,275.000,-1,325.000,150.000,-1,-1,-1,-1,-1,1,0,2,0,2,0,0,1,0,2,0,0,2,2,2,2,2
45,5927.708,-2698.942,422.017,-133.712,-0.690881,0.721926,-0.038808,-0.722957,-0.690176,0.031472,-0.004064,0.049800,0.998751,0,-0.39424,0.27919,-23.655,0.558,225.000,550.000,-1,500.000,-1,425.000,400.000,225.000,275.000,-1,325.000,150.000,-1,-1,-1,-1,-1,1,0,2,0,2,0,0,1,0,2,0,0,2,2,2,2,2
46,5943.554,-2682.046,422.528,-133.167,-0.683919,0.728526,-0.038801,-0.729536,-0.683344,0.028605,-0.005675,0.047870,0.998837,0,-0.38607,0.27245,-23.164,0.545,200.000,525.000,-1,475.000,-1,425.000,400.000,250.000,275.000,-1,350.000,175.000,-1,-1,-1,-1,-1,1,1,2,0,2,0,0,1,0,2,0,0,2,2,2,2,2
47,5958.929,-2665.344,422.860,-132.636,-0.677052,0.734922,-0.038615,-0.735894,-0.676636,0.024964,-0.007782,0.045319,0.998942,0,-0.37835,0.26578,-22.701,0.532,200.000,475.000,-1,475.000,-1,425.000,400.000,250.000,275.000,-1,375.000,175.000,-1,-1,-1,-1,-1,1,1,2,0,2,0,0,1,0,2,0,0,2,2,2,2,2
48,5973.859,-2648.827,423.027,-132.117,-0.670287,0.741116,-0.038235,-0.742029,-0.670052,0.020579,-0.010368,0.042165,0.999057,0,-0.37108,0.25920,-22.265,0.518,200.000,425.000,-1,475.000,-1,400.000,400.000,275.000,275.000,-1,400.000,200.000,-1,-1,1000.000,325.000,-1,1,1,2,0,2,0,0,1,0,2,0,0,2,2,0,1,2
49,5988.371,-2632.486,422.998,-131.612,-0.663627,0.747106,-0.037846,-0.747941,-0.663584,0.015505,-0.013530,0.038596,0.999163,0,-0.36424,0.25271,-21.855,0.505,175.000,400.000,-1,475.000,-1,375.000,375.000,300.000,275.000,-1,450.000,250.000,-1,-1,975.000,275.000,-1,1,1,2,0,2,1,0,1,0,2,0,0,2,2,0,1,2
50,6002.489,-2616.310,422.819,-131.119,-0.657084,0.752896,-0.037256,-0.753623,-0.657234,0.009770,-0.017131,0.034497,0.999258,0,-0.35784,0.24631,-21.470,0.493,175.000,375.000,-1,450.000,-1,350.000,375.000,300.000,275.000,-1,525.000,325.000,-1,-1,950.000,250.000,-1,1,1,2,0,2,1,0,1,0,2,0,0,2,2,0,1,2
51,6016.236,-2600.289,422.501,-130.639,-0.650666,0.758489,-0.036441,-0.759070,-0.651000,0.003410,-0.021137,0.029880,0.999330,0,-0.35185,0.24001,-21.111,0.480,175.000,350.000,-1,450.000,-1,350.000,375.000,300.000,300.000,-1,650.000,425.000,-1,-1,900.000,225.000,-1,1,1,2,0,2,1,0,1,0,2,0,0,2,2,0,1,2
52,6026.806,-2587.867,422.148,-130.399,-0.647428,0.761297,-0.035560,-0.761730,-0.647891,-0.002028,-0.024583,0.025774,0.999365,0,-0.27185,0.12001,-16.311,0.240,175.000,350.000,-1,450.000,-1,325.000,350.000,325.000,300.000,-1,825.000,575.000,-1,975.000,900.000,225.000,-1,1,1,2,0,2,1,0,1,0,2,0,0,2,0,0,1,2
53,6034.266,-2579.100,421.842,-130.399,-0.647400,0.761357,-0.034769,-0.761665,-0.647942,-0.006144,-0.027207,0.022505,0.999376,0,-0.19185,0.00001,-11.511,0.000,175.000,325.000,-1,425.000,-1,325.000,350.000,325.000,300.000,-1,-1,775.000,-1,725.000,875.000,225.000,-1,1,1,2,0,2,1,0,1,0,2,2,0,2,1,0,1,2
54,6038.636,-2574.008,421.631,-130.639,-0.650576,0.758672,-0.034169,-0.758894,-0.651157,-0.008694,-0.028846,0.020275,0.999378,0,-0.11185,-0.11999,-6.711,-0.240,175.000,325.000,-1,425.000,-1,325.000,350.000,325.000,300.000,-1,-1,-1,-1,650.000,875.000,200.000,-1,1,1,2,0,2,1,0,1,0,2,2,2,2,1,0,1,2
55,6039.892,-2572.568,421.534,-131.119,-0.656914,0.753208,-0.033790,-0.753390,-0.657504,-0.009587,-0.029438,0.019160,0.999383,0,-0.03185,-0.23999,-1.911,-0.480,175.000,325.000,-1,425.000,-1,325.000,350.000,325.000,300.000,-1,-1,-1,-1,925.000,850.000,225.000,-1,1,1,2,0,2,1,0,1,0,2,2,2,2,0,0,1,2
56,6037.965,-2574.721,421.538,-131.839,-0.666345,0.744887,-0.033593,-0.745079,-0.666917,-0.008880,-0.029018,0.019112,0.999396,0,0.04815,-0.35999,2.889,-0.720,175.000,325.000,-1,425.000,-1,325.000,350.000,325.000,300.000,-1,-1,-1,-1,925.000,875.000,225.000,-1,1,1,2,0,2,1,0,1,0,2,2,2,2,0,0,1,2
57,6032.741,-2580.363,421.602,-132.799,-0.678760,0.733596,-0.033478,-0.733837,-0.679292,-0.006784,-0.027718,0.019962,0.999416,0,0.12815,-0.47999,7.689,-0.960,175.000,350.000,-1,425.000,-1,325.000,350.000,300.000,300.000,-1,-1,800.000,-1,950.000,875.000,225.000,-1,1,1,2,0,2,1,0,1,0,2,2,0,2,0,0,1,2
58,6024.096,-2589.376,421.688,-133.806,-0.691591,0.721516,-0.033429,-0.721834,-0.692057,-0.003499,-0.025659,0.021710,0.999435,0,0.20815,-0.50362,12.489,-1.007,175.000,375.000,-1,425.000,-1,350.000,350.000,300.000,300.000,-1,925.000,625.000,-1,975.000,900.000,250.000,-1,1,1,2,0,2,1,0,1,0,2,0,0,2,0,0,1,2
59,6011.914,-2601.644,421.737,-134.802,-0.704083,0.709333,-0.033377,-0.709744,-0.704459,0.000665,-0.023041,0.024158,0.999443,0,0.28815,-0.49817,17.289,-0.996,200.000,375.000,-1,450.000,-1,350.000,375.000,275.000,300.000,-1,700.000,475.000,-1,1000.000,900.000,275.000,-1,1,1,2,0,2,1,0,1,0,2,0,0,2,0,0,1,2
60,5996.082,-2617.048,421.669,-135.786,-0.716216,0.697087,-0.033242,-0.697589,-0.716479,0.005293,-0.020128,0.026980,0.999433,0,0.36815,-0.49174,22.089,-0.983,200.000,425.000,-1,450.000,-1,375.000,375.000,275.000,300.000,-1,600.000,375.000,-1,-1,925.000,-1,-1,1,1,2,0,2,0,0,1,0,2,0,0,2,2,0,2,2
61,5976.496,-2635.471,421.383,-136.755,-0.727966,0.684818,-0.033016,-0.685396,-0.728103,0.009902,-0.017258,0.029837,0.999406,0,0.44815,-0.48439,26.889,-0.969,225.000,475.000,-1,450.000,-1,375.000,375.000,250.000,275.000,-1,500.000,300.000,-1,-1,950.000,-1,-1,1,1,2,0,2,0,0,1,0,2,0,0,2,2,0,2,2
62,5953.056,-2656.796,420.723,-137.707,-0.739305,0.672566,-0.032907,-0.673205,-0.739324,0.013974,-0.014930,0.032484,0.999361,0,0.52815,-0.47617,31.689,-0.952,250.000,500.000,-1,475.000,-1,400.000,375.000,225.000,275.000,-1,450.000,250.000,-1,-1,975.000,-1,-1,1,0,2,0,2,0,0,1,0,2,0,0,2,2,0,2,2
63,5925.668,-2680.908,419.621,-138.641,-0.750218,0.660382,-0.032687,-0.661054,-0.750149,0.016854,-0.013390,0.034252,0.999324,0,0.60815,-0.46717,36.489,-0.934,350.000,525.000,-1,475.000,-1,400.000,375.000,225.000,275.000,-1,425.000,225.000,-1,-1,1000.000,-1,-1,1,0,2,0,2,0,0,1,0,2,0,0,2,2,0,2,2
64,5894.246,-2707.692,417.920,-139.556,-0.760688,0.648308,-0.032403,-0.648987,-0.760586,0.017995,-0.012979,0.034718,0.999313,0,0.68815,-0.45750,41.289,-0.915,-1,525.000,-1,475.000,-1,400.000,375.000,200.000,275.000,-1,425.000,225.000,-1,-1,-1,-1,-1,2,0,2,0,2,0,0,1,0,2,0,0,2,2,2,2,2
65,5858.706,-2737.038,415.490,-140.452,-0.770708,0.636379,-0.032129,-0.637031,-0.770660,0.016591,-0.014203,0.033254,0.999346,0,0.76815,-0.44756,46.089,-0.895,-1,525.000,-1,475.000,-1,400.000,375.000,175.000,275.000,-1,425.000,225.000,-1,-1,1000.000,-1,-1,2,0,2,0,2,0,0,1,0,2,0,0,2,2,0,2,2
66,5820.924,-2767.255,412.349,-141.346,-0.780493,0.624348,-0.031940,-0.624920,-0.780598,0.011916,-0.017492,0.029260,0.999419,0,0.80632,-0.44724,48.379,-0.894,-1,500.000,-1,450.000,-1,400.000,375.000,175.000,275.000,-1,475.000,275.000,-1,-1,1000.000,-1,-1,2,0,2,0,2,0,0,1,0,2,0,0,2,2,0,2,2
67,5783.478,-2796.255,408.634,-142.242,-0.790089,0.612171,-0.031740,-0.612576,-0.790401,0.004055,-0.022605,0.022647,0.999488,0,0.78937,-0.44800,47.362,-0.896,-1,475.000,-1,450.000,-1,375.000,375.000,150.000,300.000,-1,575.000,350.000,-1,1000.000,950.000,-1,-1,2,0,2,0,2,0,0,1,0,2,0,0,2,0,0,2,2
68,5746.391,-2824.057,404.422,-143.142,-0.799531,0.599782,-0.031824,-0.599901,-0.800046,-0.006704,-0.029481,0.013731,0.999471,0,0.77251,-0.44984,46.351,-0.900,-1,450.000,-1,425.000,-1,350.000,350.000,125.000,300.000,-1,950.000,625.000,-1,925.000,925.000,-1,-1,2,0,2,0,2,0,0,1,0,2,0,0,2,0,0,2,2
69,5709.672,-2850.688,399.766,-144.047,-0.808854,0.587118,-0.032374,-0.586780,-0.809497,-0.020092,-0.038003,0.002745,0.999274,0,0.75597,-0.45270,45.358,-0.905,-1,425.000,-1,400.000,-1,325.000,325.000,125.000,300.000,-1,-1,-1,-1,825.000,875.000,-1,-1,2,0,2,0,2,0,0,1,0,2,2,2,2,0,0,2,2
70,5673.321,-2876.180,395.675,-144.960,-0.818087,0.574136,-0.033195,-0.573342,-0.818737,-0.030793,-0.044857,-0.006159,0.998974,0,0.73997,-0.45651,44.398,-0.913,-1,400.000,-1,400.000,-1,325.000,325.000,125.000,300.000,-1,-1,-1,-1,750.000,825.000,-1,-1,2,0,2,0,2,0,0,1,0,2,2,2,2,0,0,2,2
71,5637.323,-2900.568,393.662,-145.882,-0.827218,0.560879,-0.033550,-0.560069,-0.827870,-0.030877,-0.045093,-0.006752,0.998960,0,0.72469,-0.46119,43.481,-0.922,-1,400.000,-1,400.000,-1,325.000,325.000,125.000,300.000,-1,-1,-1,-1,750.000,825.000,-1,-1,2,0,2,0,2,0,0,1,0,2,2,2,2,0,0,2,2
72,5601.655,-2923.894,394.051,-146.816,-0.835683,0.547330,-0.045431,-0.546662,-0.836914,-0.027128,-0.052870,0.002165,0.998599,0,0.71029,-0.46668,42.617,-0.933,-1,400.000,-1,375.000,-1,325.000,325.000,150.000,300.000,600.000,-1,-1,-1,725.000,775.000,-1,-1,2,0,2,0,2,0,0,1,0,1,2,2,2,0,0,2,2
73,5566.286,-2946.199,394.684,-147.762,-0.843863,0.533404,-0.058101,-0.533055,-0.845777,-0.022651,-0.061222,0.011857,0.998054,0,0.69689,-0.47293,41.813,-0.946,-1,375.000,-1,375.000,-1,300.000,300.000,175.000,300.000,350.000,-1,-1,-1,725.000,725.000,-1,-1,2,0,2,0,2,0,0,1,0,1,2,2,2,0,0,2,2
74,5531.179,-2967.526,394.804,-148.721,-0.852011,0.519103,-0.067891,-0.519123,-0.854494,-0.018734,-0.067737,0.019282,0.997517,0,0.68460,-0.47986,41.076,-0.960,-1,375.000,-1,350.000,-1,300.000,300.000,200.000,275.000,325.000,-1,-1,-1,725.000,700.000,-1,-1,2,0,2,0,2,0,0,1,0,1,2,2,2,0,0,2,2
75,5496.291,-2987.916,394.436,-149.696,-0.860190,0.504431,-0.074977,-0.504792,-0.863103,-0.015460,-0.072511,0.024549,0.997065,0,0.67348,-0.48743,40.409,-0.975,-1,375.000,-1,350.000,-1,300.000,300.000,225.000,275.000,300.000,-1,-1,-1,725.000,675.000,-1,-1,2,0,2,0,2,0,0,1,0,1,2,2,2,0,0,2,2
76,5461.574,-3007.409,393.601,-150.687,-0.868435,0.489384,-0.079517,-0.490001,-0.871626,-0.012911,-0.075627,0.027751,0.996750,0,0.66358,-0.49559,39.815,-0.991,-1,375.000,-1,350.000,-1,300.000,300.000,250.000,275.000,300.000,-1,-1,-1,725.000,650.000,-1,-1,2,0,2,0,2,0,0,1,0,1,2,2,2,0,0,2,2
77,5426.977,-3026.040,392.320,-151.696,-0.876759,0.473950,-0.081640,-0.474702,-0.880076,-0.011177,-0.077146,0.028955,0.996599,0,0.65491,-0.50430,39.295,-1.009,-1,375.000,-1,350.000,-1,300.000,300.000,275.000,275.000,300.000,-1,-1,-1,725.000,650.000,-1,-1,2,0,2,0,2,0,0,1,0,1,2,2,2,0,0,2,2
78,5392.447,-3043.844,390.572,-152.723,-0.885156,0.458107,-0.081465,-0.458871,-0.888444,-0.010187,-0.077044,0.028365,0.996624,0,0.64749,-0.51351,38.849,-1.027,-1,375.000,-1,350.000,-1,300.000,300.000,325.000,275.000,300.000,-1,-1,-1,725.000,650.000,-1,-1,2,0,2,0,2,0,0,1,0,1,2,2,2,0,0,2,2
79,5357.932,-3060.850,388.349,-153.770,-0.893605,0.441833,-0.079088,-0.442491,-0.896718,-0.009946,-0.075314,0.026108,0.996818,0,0.64129,-0.52321,38.478,-1.046,-1,375.000,-1,350.000,-1,300.000,300.000,375.000,275.000,300.000,-1,-1,-1,725.000,675.000,-1,-1,2,0,2,0,2,0,0,1,0,1,2,2,2,0,0,2,2
80,5323.377,-3077.083,385.711,-154.836,-0.902060,0.425103,-0.074662,-0.425538,-0.904876,-0.010779,-0.072142,0.022048,0.997151,0,0.63631,-0.53336,38.178,-1.067,-1,375.000,-1,375.000,-1,300.000,300.000,400.000,275.000,300.000,-1,-1,-1,750.000,700.000,-1,-1,2,0,2,0,2,0,0,0,0,1,2,2,2,0,0,2,2
81,5284.219,-3094.794,381.992,-155.663,-0.908600,0.412048,-0.068286,-0.412173,-0.911014,-0.012902,-0.067526,0.016422,0.997582,0,0.71631,-0.41336,42.978,-0.827,-1,400.000,-1,375.000,-1,325.000,300.000,375.000,275.000,300.000,-1,-1,-1,750.000,725.000,-1,-1,2,0,2,0,2,0,0,0,0,1,2,2,2,0,0,2,2
82,5244.077,-3112.458,377.695,-156.250,-0.913354,0.402735,-0.059911,-0.402504,-0.915271,-0.016404,-0.061441,0.009132,0.998069,0,0.73095,-0.29336,43.857,-0.587,-1,400.000,-1,400.000,-1,325.000,325.000,350.000,300.000,300.000,-1,-1,-1,775.000,775.000,-1,-1,2,0,2,0,2,0,0,0,0,1,2,2,2,0,0,2,2
83,5203.817,-3129.883,373.003,-156.596,-0.916377,0.397205,-0.049805,-0.396644,-0.917730,-0.021105,-0.054090,0.000415,0.998536,0,0.73117,-0.17336,43.870,-0.347,-1,400.000,-1,400.000,-1,325.000,325.000,325.000,300.000,300.000,-1,-1,-1,775.000,825.000,-1,-1,2,0,2,0,2,0,0,0,0,1,2,2,2,0,0,2,2
84,5163.420,-3147.280,368.773,-156.703,-0.917517,0.395487,-0.041852,-0.394758,-0.918450,-0.024809,-0.048251,-0.006241,0.998816,0,0.73308,-0.05336,43.985,-0.107,-1,400.000,-1,425.000,-1,325.000,325.000,300.000,300.000,300.000,-1,-1,-1,800.000,900.000,-1,-1,2,0,2,0,2,0,0,0,0,1,2,2,2,0,0,2,2
85,5122.877,-3164.849,366.503,-156.570,-0.916546,0.397626,-0.042860,-0.396944,-0.917535,-0.023750,-0.048769,-0.004755,0.998799,0,0.73644,0.06664,44.186,0.133,-1,400.000,-1,425.000,-1,325.000,325.000,300.000,300.000,350.000,-1,-1,-1,800.000,900.000,-1,-1,2,0,2,0,2,0,0,0,0,1,2,2,2,0,0,2,2
86,5082.195,-3182.795,364.061,-156.197,-0.913872,0.403597,-0.044124,-0.402926,-0.914929,-0.023560,-0.049879,-0.003752,0.998748,0,0.74106,0.18664,44.464,0.373,-1,400.000,-1,425.000,-1,325.000,325.000,300.000,300.000,375.000,-1,-1,-1,800.000,875.000,-1,-1,2,0,2,0,2,0,0,0,0,1,2,2,2,0,0,2,2
87,5041.361,-3201.236,361.534,-155.695,-0.910235,0.411586,-0.045498,-0.410908,-0.911366,-0.023789,-0.051257,-0.002958,0.998681,0,0.74674,0.25061,44.805,0.501,-1,400.000,-1,425.000,-1,325.000,325.000,300.000,300.000,425.000,-1,-1,-1,800.000,875.000,-1,-1,2,0,2,0,2,0,0,0,0,1,2,2,2,0,0,2,2
88,5000.334,-3220.173,358.998,-155.223,-0.906739,0.419081,-0.046864,-0.418396,-0.907946,-0.024041,-0.052625,-0.002191,0.998612,0,0.75311,0.23601,45.187,0.472,-1,400.000,-1,400.000,-1,325.000,325.000,300.000,300.000,450.000,-1,-1,-1,775.000,875.000,-1,-1,2,0,2,0,2,0,0,0,0,1,2,2,2,0,0,2,2
89,4959.091,-3239.597,356.452,-154.781,-0.903400,0.426078,-0.048223,-0.425386,-0.904685,-0.024314,-0.053986,-0.001452,0.998541,0,0.75981,0.22116,45.588,0.442,-1,400.000,-1,400.000,-1,325.000,325.000,300.000,300.000,475.000,-1,-1,-1,775.000,875.000,-1,-1,2,0,2,0,2,0,0,0,0,1,2,2,2,0,0,2,2
90,4917.608,-3259.499,353.896,-154.369,-0.900234,0.432574,-0.049576,-0.431874,-0.901598,-0.024602,-0.055340,-0.000736,0.998467,0,0.76682,0.20605,46.009,0.412,-1,400.000,-1,400.000,-1,325.000,325.000,300.000,300.000,525.000,-1,-1,-1,775.000,875.000,-1,-1,2,0,2,0,2,0,0,0,0,1,2,2,2,0,0,2,2
91,4875.863,-3279.871,351.330,-153.988,-0.897255,0.438565,-0.050927,-0.437858,-0.898699,-0.024902,-0.056689,-0.000044,0.998392,0,0.77417,0.19067,46.450,0.381,-1,400.000,-1,400.000,-1,325.000,325.000,300.000,300.000,550.000,-1,-1,-1,775.000,850.000,-1,-1,2,0,2,0,2,0,0,0,0,1,2,2,2,0,0,2,2
92,4833.831,-3300.701,348.754,-153.638,-0.894477,0.444048,-0.052276,-0.443332,-0.896003,-0.025211,-0.058034,0.000625,0.998314,0,0.78184,0.17503,46.910,0.350,-1,400.000,-1,400.000,-1,325.000,325.000,300.000,300.000,600.000,-1,-1,-1,775.000,850.000,-1,-1,2,0,2,0,2,0,0,0,0,1,2,2,2,0,0,2,2
93,4791.487,-3321.980,346.171,-153.319,-0.891912,0.449017,-0.053630,-0.448291,-0.893522,-0.025543,-0.059389,0.001260,0.998234,0,0.78984,0.15911,47.390,0.318,-1,400.000,-1,400.000,-1,325.000,325.000,300.000,300.000,650.000,-1,-1,-1,775.000,850.000,-1,-1,2,0,2,0,2,0,0,0,0,1,2,2,2,0,0,2,2
94,4748.803,-3343.697,343.585,-153.034,-0.889574,0.453468,-0.054996,-0.452730,-0.891271,-0.025916,-0.060768,0.001844,0.998150,0,0.79818,0.14289,47.891,0.286,-1,400.000,-1,400.000,-1,325.000,325.000,300.000,325.000,675.000,-1,-1,-1,750.000,850.000,-1,-1,2,0,2,0,2,0,0,0,0,1,2,2,2,0,0,2,2
95,4705.752,-3365.840,340.702,-152.781,-0.887493,0.457393,-0.056104,-0.456724,-0.889258,-0.024977,-0.061315,0.003458,0.998112,0,0.80686,0.12638,48.412,0.253,-1,400.000,-1,400.000,-1,325.000,325.000,300.000,325.000,725.000,-1,-1,-1,775.000,850.000,-1,-1,2,0,2,0,2,0,0,0,0,1,2,2,2,0,0,2,2
96,4662.265,-3388.416,337.772,-152.564,-0.885684,0.460745,-0.057255,-0.460154,-0.887517,-0.023906,-0.061830,0.005173,0.998073,0,0.81662,0.10821,48.997,0.216,-1,400.000,-1,400.000,-1,325.000,325.000,300.000,300.000,775.000,-1,-1,-1,775.000,825.000,-1,-1,2,0,2,0,2,0,0,0,0,1,2,2,2,0,0,2,2
97,4618.672,-3411.244,334.695,-152.361,-0.883920,0.463890,-0.059095,-0.463402,-0.885862,-0.022539,-0.062805,0.007462,0.997998,0,0.82014,0.10180,49.208,0.204,-1,400.000,-1,400.000,-1,325.000,325.000,300.000,300.000,825.000,-1,-1,-1,775.000,825.000,-1,-1,2,0,2,0,2,0,0,0,0,1,2,2,2,0,0,2,2
98,4574.959,-3434.320,331.627,-152.170,-0.882247,0.466824,-0.060951,-0.466446,-0.884296,-0.021176,-0.063784,0.009748,0.997916,0,0.82384,0.09529,49.430,0.191,-1,400.000,-1,400.000,-1,325.000,325.000,300.000,300.000,900.000,-1,-1,-1,775.000,825.000,-1,-1,2,0,2,0,2,0,0,0,0,1,2,2,2,0,0,2,2
99,4531.112,-3457.641,328.565,-151.993,-0.880669,0.469548,-0.062825,-0.469284,-0.882825,-0.019814,-0.064767,0.012033,0.997828,0,0.82772,0.08869,49.663,0.177,-1,400.000,-1,400.000,-1,325.000,325.000,300.000,300.000,950.000,-1,-1,-1,775.000,800.000,-1,-1,2,0,2,0,2,0,0,0,0,1,2,2,2,0,0,2,2
100,4487.118,-3481.202,325.359,-151.829,-0.879239,0.472063,-0.063996,-0.471889,-0.881458,-0.018764,-0.065268,0.013701,0.997774,0,0.83176,0.08200,49.906,0.164,-1,400.000,-1,400.000,-1,325.000,325.000,300.000,300.000,1000.000,-1,-1,-1,775.000,800.000,-1,-1,2,0,2,0,2,0,0,0,0,1,2,2,2,0,0,2,2
101,4439.478,-3506.634,321.760,-151.905,-0.879829,0.470887,-0.064544,-0.470773,-0.882072,-0.017922,-0.065371,0.014617,0.997754,0,0.90006,-0.03800,54.004,-0.076,-1,400.000,-1,400.000,-1,325.000,325.000,300.000,300.000,-1,-1,-1,-1,775.000,800.000,-1,-1,2,0,2,0,2,0,0,0,0,2,2,2,2,0,0,2,2
102,4391.454,-3531.932,318.040,-152.221,-0.882371,0.466014,-0.065203,-0.465914,-0.884654,-0.017677,-0.065920,0.014782,0.997715,0,0.90467,-0.15800,54.280,-0.316,-1,400.000,-1,400.000,-1,325.000,325.000,300.000,300.000,-1,-1,-1,-1,750.000,800.000,-1,-1,2,0,2,0,2,0,0,0,0,2,2,2,2,0,0,2,2
103,4342.983,-3556.990,314.256,-152.663,-0.885893,0.459180,-0.065938,-0.459069,-0.888224,-0.017727,-0.066707,0.014566,0.997666,0,0.90941,-0.22093,54.565,-0.442,-1,400.000,-1,400.000,-1,325.000,325.000,300.000,300.000,-1,-1,-1,-1,750.000,800.000,-1,-1,2,0,2,0,2,0,0,0,0,2,2,2,2,0,0,2,2
104,4294.048,-3581.794,310.468,-153.120,-0.889481,0.452078,-0.066699,-0.451957,-0.891863,-0.017760,-0.067515,0.014348,0.997615,0,0.91437,-0.22862,54.862,-0.457,-1,400.000,-1,400.000,-1,325.000,325.000,300.000,300.000,-1,-1,-1,-1,750.000,800.000,-1,-1,2,0,2,0,2,0,0,0,0,2,2,2,2,0,0,2,2
105,4244.629,-3606.334,306.675,-153.593,-0.893132,0.444704,-0.067487,-0.444573,-0.895566,-0.017773,-0.068343,0.014129,0.997562,0,0.91959,-0.23644,55.176,-0.473,-1,400.000,-1,400.000,-1,325.000,325.000,300.000,300.000,-1,-1,-1,-1,750.000,775.000,-1,-1,2,0,2,0,2,0,0,0,0,2,2,2,2,0,0,2,2
106,4194.708,-3630.594,302.877,-154.082,-0.896841,0.437048,-0.068304,-0.436909,-0.899330,-0.017766,-0.069192,0.013909,0.997506,0,0.92505,-0.24440,55.503,-0.489,-1,400.000,-1,400.000,-1,325.000,325.000,300.000,300.000,-1,-1,-1,-1,750.000,775.000,-1,-1,2,0,2,0,2,0,0,0,0,2,2,2,2,0,0,2,2
107,4144.267,-3654.559,299.072,-154.587,-0.900603,0.429107,-0.069149,-0.428958,-0.903150,-0.017737,-0.070063,0.013688,0.997449,0,0.93075,-0.25249,55.845,-0.505,-1,400.000,-1,400.000,-1,325.000,325.000,300.000,300.000,-1,-1,-1,-1,750.000,775.000,-1,-1,2,0,2,0,2,0,0,0,0,2,2,2,2,0,0,2,2
108,4093.288,-3678.214,295.259,-155.108,-0.904414,0.420871,-0.070023,-0.420715,-0.907021,-0.017685,-0.070955,0.013465,0.997389,0,0.93666,-0.26071,56.200,-0.521,-1,400.000,-1,400.000,-1,325.000,325.000,300.000,300.000,-1,-1,-1,-1,750.000,775.000,-1,-1,2,0,2,0,2,0,0,0,0,2,2,2,2,0,0,2,2
109,4041.755,-3701.541,291.319,-155.646,-0.908279,0.412333,-0.070782,-0.412207,-0.910931,-0.017066,-0.071514,0.013676,0.997346,0,0.94278,-0.26905,56.567,-0.538,-1,375.000,-1,400.000,-1,325.000,325.000,300.000,300.000,-1,-1,-1,-1,725.000,775.000,-1,-1,2,0,2,0,2,0,0,0,0,2,2,2,2,0,0,2,2
110,3989.650,-3724.520,287.310,-156.201,-0.912191,0.403487,-0.071453,-0.403411,-0.914877,-0.016134,-0.071881,0.014108,0.997313,0,0.94911,-0.27752,56.946,-0.555,-1,375.000,-1,400.000,-1,325.000,325.000,300.000,300.000,-1,-1,-1,-1,725.000,775.000,-1,-1,2,0,2,0,2,0,0,0,0,2,2,2,2,0,0,2,2
111,3937.268,-3747.016,283.311,-156.759,-0.916035,0.394560,-0.072125,-0.394536,-0.918755,-0.015176,-0.072253,0.014554,0.997280,0,0.95013,-0.27887,57.008,-0.558,-1,375.000,-1,400.000,-1,325.000,325.000,300.000,300.000,-1,-1,-1,-1,725.000,750.000,-1,-1,2,0,2,0,2,0,0,0,0,2,2,2,2,0,0,2,2
112,3884.670,-3769.000,279.328,-157.317,-0.919792,0.385595,-0.072801,-0.385626,-0.922546,-0.014190,-0.072634,0.015023,0.997246,0,0.95013,-0.27887,57.008,-0.558,-1,375.000,-1,400.000,-1,325.000,325.000,300.000,300.000,-1,-1,-1,-1,725.000,750.000,-1,-1,2,0,2,0,2,0,0,0,0,2,2,2,2,0,0,2,2
113,3831.860,-3790.471,275.235,-157.874,-0.923502,0.376596,-0.072932,-0.376654,-0.926256,-0.013486,-0.072632,0.015015,0.997246,0,0.95013,-0.27887,57.008,-0.558,-1,375.000,-1,400.000,-1,325.000,325.000,300.000,300.000,-1,-1,-1,-1,725.000,750.000,-1,-1,2,0,2,0,2,0,0,0,0,2,2,2,2,0,0,2,2
114,3778.844,-3811.427,271.077,-158.432,-0.927150,0.367564,-0.072735,-0.367629,-0.929882,-0.012979,-0.072406,0.014706,0.997267,0,0.95013,-0.27887,57.008,-0.558,-1,375.000,-1,400.000,-1,325.000,325.000,300.000,300.000,-1,-1,-1,-1,725.000,750.000,-1,-1,2,0,2,0,2,0,0,0,0,2,2,2,2,0,0,2,2
115,3725.626,-3831.867,266.927,-158.990,-0.930708,0.358496,-0.072549,-0.358568,-0.933420,-0.012481,-0.072193,0.014397,0.997287,0,0.95013,-0.27887,57.008,-0.558,-1,375.000,-1,400.000,-1,325.000,325.000,300.000,300.000,-1,-1,-1,-1,725.000,750.000,-1,-1,2,0,2,0,2,0,0,0,0,2,2,2,2,0,0,2,2
116,3672.212,-3851.787,262.788,-159.548,-0.934177,0.349394,-0.072369,-0.349473,-0.936870,-0.011980,-0.071986,0.014100,0.997306,0,0.95013,-0.27887,57.008,-0.558,-1,375.000,-1,400.000,-1,325.000,325.000,300.000,300.000,-1,-1,-1,-1,725.000,725.000,-1,-1,2,0,2,0,2,0,0,0,0,2,2,2,2,0,0,2,2
117,3618.606,-3871.186,258.660,-160.105,-0.937556,0.340259,-0.072196,-0.340346,-0.940230,-0.011475,-0.071785,0.013813,0.997324,0,0.95013,-0.27887,57.008,-0.558,-1,375.000,-1,400.000,-1,325.000,325.000,300.000,300.000,-1,-1,-1,-1,725.000,725.000,-1,-1,2,0,2,0,2,0,0,0,0,2,2,2,2,0,0,2,2
118,3564.815,-3890.062,254.543,-160.663,-0.940845,0.331092,-0.072030,-0.331187,-0.943501,-0.010967,-0.071591,0.013537,0.997342,0,0.95013,-0.27887,57.008,-0.558,-1,375.000,-1,400.000,-1,325.000,325.000,300.000,300.000,-1,-1,-1,-1,725.000,725.000,-1,-1,2,0,2,0,2,0,0,0,0,2,2,2,2,0,0,2,2
119,3510.842,-3908.414,250.437,-161.221,-0.944044,0.321893,-0.071867,-0.321997,-0.946683,-0.010449,-0.071399,0.013277,0.997359,0,0.95013,-0.27887,57.008,-0.558,-1,375.000,-1,400.000,-1,325.000,325.000,300.000,300.000,-1,-1,-1,-1,725.000,725.000,-1,-1,2,0,2,0,2,0,0,0,0,2,2,2,2,0,0,2,2
120,3456.692,-3926.240,246.345,-161.779,-0.947154,0.312663,-0.071704,-0.312778,-0.949774,-0.009910,-0.071201,0.013042,0.997377,0,0.95013,-0.27887,57.008,-0.558,-1,375.000,-1,375.000,-1,325.000,325.000,300.000,300.000,-1,-1,-1,-1,725.000,725.000,-1,-1,2,0,2,0,2,0,0,0,0,2,2,2,2,0,0,2,2
121,3402.372,-3943.538,242.267,-162.336,-0.950172,0.303404,-0.071549,-0.303530,-0.952776,-0.009371,-0.071013,0.012813,0.997393,0,0.95013,-0.27887,57.008,-0.558,-1,375.000,-1,375.000,-1,325.000,325.000,300.000,300.000,-1,-1,-1,-1,700.000,725.000,-1,-1,2,0,2,0,2,0,0,0,0,2,2,2,2,0,0,2,2
122,3347.886,-3960.306,238.205,-162.894,-0.953098,0.294116,-0.071409,-0.294251,-0.955687,-0.008855,-0.070849,0.012572,0.997408,0,0.95013,-0.27887,57.008,-0.558,-1,375.000,-1,375.000,-1,325.000,325.000,300.000,300.000,-1,-1,-1,-1,700.000,725.000,-1,-1,2,0,2,0,2,0,0,0,0,2,2,2,2,0,0,2,2
123,3293.240,-3976.543,234.288,-163.452,-0.955971,0.284802,-0.070759,-0.284915,-0.958513,-0.008696,-0.070301,0.011847,0.997456,0,0.95013,-0.27887,57.008,-0.558,-1,375.000,-1,375.000,-1,325.000,325.000,300.000,300.000,-1,-1,-1,-1,700.000,725.000,-1,-1,2,0,2,0,2,0,0,0,0,2,2,2,2,0,0,2,2
124,3238.438,-3992.247,230.424,-164.010,-0.958764,0.275460,-0.069950,-0.275543,-0.961250,-0.008662,-0.069625,0.010969,0.997513,0,0.95013,-0.27887,57.008,-0.558,-1,375.000,-1,375.000,-1,325.000,325.000,300.000,300.000,-1,-1,-1,-1,700.000,700.000,-1,-1,2,0,2,0,2,0,0,0,0,2,2,2,2,0,0,2,2
125,3183.486,-4007.417,226.589,-164.567,-0.961469,0.266092,-0.069087,-0.266151,-0.963894,-0.008526,-0.068861,0.010190,0.997574,0,0.95013,-0.27887,57.008,-0.558,-1,375.000,-1,375.000,-1,325.000,325.000,300.000,300.000,-1,-1,-1,-1,700.000,700.000,-1,-1,2,0,2,0,2,0,0,0,0,2,2,2,2,0,0,2,2
126,3128.388,-4022.052,222.886,-165.125,-0.964099,0.256698,-0.067967,-0.256771,-0.966441,-0.007801,-0.067689,0.009931,0.997657,0,0.95013,-0.27887,57.008,-0.558,-1,375.000,-1,375.000,-1,325.000,325.000,300.000,300.000,-1,-1,-1,-1,700.000,700.000,-1,-1,2,0,2,0,2,0,0,0,0,2,2,2,2,0,0,2,2
127,3072.834,-4036.229,219.167,-165.684,-0.966643,0.247251,-0.066843,-0.247338,-0.968903,-0.007091,-0.066518,0.009679,0.997738,0,0.95558,-0.27969,57.335,-0.559,-1,375.000,-1,375.000,-1,325.000,325.000,300.000,300.000,-1,-1,-1,-1,700.000,700.000,-1,-1,2,0,2,0,2,0,0,0,0,2,2,2,2,0,0,2,2
128,3016.713,-4049.965,215.427,-166.246,-0.969102,0.237745,-0.065713,-0.237846,-0.971282,-0.006394,-0.065346,0.009433,0.997818,0,0.96296,-0.28072,57.778,-0.561,-1,375.000,-1,375.000,-1,325.000,325.000,300.000,300.000,-1,-1,-1,-1,700.000,700.000,-1,-1,2,0,2,0,2,0,0,0,0,2,2,2,2,0,0,2,2
129,2960.024,-4063.252,211.663,-166.809,-0.971474,0.228185,-0.064577,-0.228299,-0.973574,-0.005711,-0.064173,0.009195,0.997896,0,0.97043,-0.28167,58.226,-0.563,-1,375.000,-1,375.000,-1,325.000,325.000,300.000,300.000,-1,-1,-1,-1,700.000,700.000,-1,-1,2,0,2,0,2,0,0,0,0,2,2,2,2,0,0,2,2
130,2902.765,-4076.078,207.878,-167.374,-0.973756,0.218573,-0.063441,-0.218699,-0.975779,-0.005036,-0.063006,0.008971,0.997973,0,0.97796,-0.28253,58.678,-0.565,-1,375.000,-1,375.000,-1,325.000,325.000,300.000,300.000,-1,-1,975.000,-1,700.000,700.000,-1,-1,2,0,2,0,2,0,0,0,0,2,2,0,2,0,0,2,2
131,2850.030,-4087.115,204.409,-168.179,-0.976803,0.204842,-0.062415,-0.204969,-0.978758,-0.004437,-0.061998,0.008459,0.998040,0,0.89796,-0.40253,53.878,-0.805,-1,375.000,-1,375.000,-1,325.000,325.000,300.000,300.000,-1,1000.000,900.000,-1,700.000,700.000,-1,1000.000,2,0,2,0,2,0,0,0,0,2,0,0,2,0,0,2,1
132,2801.818,-4096.291,201.252,-169.224,-0.980442,0.186958,-0.061485,-0.187073,-0.982338,-0.003931,-0.061134,0.007648,0.998100,0,0.81796,-0.52253,49.078,-1.045,-1,375.000,-1,375.000,1000.000,325.000,325.000,300.000,300.000,-1,950.000,875.000,-1,700.000,700.000,-1,950.000,2,0,2,0,1,0,0,0,0,2,0,0,2,0,0,2,1
133,2753.806,-4104.317,198.119,-170.509,-0.984452,0.164882,-0.060567,-0.164976,-0.986291,-0.003478,-0.060310,0.006568,0.998158,0,0.81130,-0.64253,48.678,-1.285,-1,375.000,-1,375.000,975.000,325.000,325.000,300.000,300.000,-1,925.000,825.000,-1,700.000,700.000,-1,900.000,2,0,2,0,1,0,0,0,0,2,0,0,2,0,0,2,1
134,2705.215,-4111.116,194.961,-172.034,-0.988554,0.138576,-0.059647,-0.138640,-0.990338,-0.003081,-0.059498,0.005224,0.998215,0,0.81775,-0.76253,49.065,-1.525,-1,375.000,1000.000,375.000,925.000,300.000,300.000,300.000,300.000,-1,875.000,800.000,-1,700.000,700.000,-1,875.000,2,0,1,0,1,0,0,0,0,2,0,0,2,0,0,2,1
135,2656.049,-4116.458,191.788,-173.800,-0.992412,0.108007,-0.058763,-0.108029,-0.994144,-0.002806,-0.058722,0.003563,0.998268,0,0.82426,-0.88253,49.456,-1.765,-1,375.000,950.000,375.000,900.000,300.000,300.000,300.000,300.000,-1,850.000,775.000,-1,700.000,700.000,-1,825.000,2,0,1,0,1,0,0,0,0,2,0,0,2,0,0,2,1
