timestep,x_cm,y_cm,z_cm,yaw_deg,basis_xx,basis_xy,basis_xz,basis_yx,basis_yy,basis_yz,basis_zx,basis_zy,basis_zz,teleport_flag,throttle_cmd,steering_cmd,cmd_move_cm,cmd_turn_deg,lidar_cm_0,lidar_cm_1,lidar_cm_2,lidar_cm_3,lidar_cm_4,lidar_cm_5,lidar_cm_6,lidar_cm_7,lidar_cm_8,lidar_cm_9,lidar_cm_10,lidar_cm_11,lidar_cm_12,lidar_cm_13,lidar_cm_14,lidar_cm_15,lidar_cm_16,lidar_class_0,lidar_class_1,lidar_class_2,lidar_class_3,lidar_class_4,lidar_class_5,lidar_class_6,lidar_class_7,lidar_class_8,lidar_class_9,lidar_class_10,lidar_class_11,lidar_class_12,lidar_class_13,lidar_class_14,lidar_class_15,lidar_class_16
0,8194.467,-3606.514,138.308,165.800,-0.961080,-0.244397,0.128825,0.253043,-0.965866,0.055422,0.110883,0.085863,0.990117,1,0.08000,-0.12000,4.800,-0.240,-1,450.000,-1,425.000,-1,350.000,350.000,275.000,300.000,-1,400.000,400.000,-1,925.000,875.000,-1,-1,2,1,2,0,2,0,0,1,0,2,0,0,2,1,0,2,2
1,8185.180,-3604.081,139.178,165.320,-0.958955,-0.252468,0.129096,0.261125,-0.963739,0.054955,0.110540,0.086410,0.990108,0,0.16000,-0.24000,9.600,-0.480,-1,450.000,-1,425.000,-1,350.000,350.000,275.000,300.000,-1,375.000,375.000,-1,950.000,875.000,-1,-1,2,1,2,0,2,0,0,1,0,2,0,0,2,1,0,2,2
2,8171.296,-3600.258,140.449,164.600,-0.955655,-0.264541,0.129391,0.273199,-0.960431,0.054177,0.109939,0.087124,0.990113,0,0.24000,-0.36000,14.400,-0.720,-1,450.000,-1,425.000,-1,350.000,350.000,275.000,300.000,-1,375.000,375.000,-1,975.000,900.000,-1,-1,2,1,2,0,2,0,0,1,0,2,0,0,2,1,0,2,2
3,8152.855,-3594.908,142.119,163.821,-0.951916,-0.277570,0.129656,0.286205,-0.956691,0.053179,0.109280,0.087730,0.990132,0,0.32000,-0.38980,19.200,-0.780,-1,450.000,-1,425.000,-1,350.000,350.000,275.000,300.000,-1,375.000,375.000,-1,-1,900.000,-1,-1,2,0,2,0,2,0,0,1,0,2,0,0,2,2,0,2,2
4,8129.897,-3587.911,144.171,163.049,-0.948051,-0.290428,0.129809,0.299008,-0.952835,0.051963,0.108595,0.088077,0.990177,0,0.40000,-0.38606,24.000,-0.772,-1,450.000,-1,425.000,-1,350.000,350.000,250.000,300.000,-1,375.000,375.000,-1,-1,925.000,-1,-1,2,0,2,0,2,0,0,1,0,2,0,0,2,2,0,2,2
5,8102.462,-3579.147,146.572,162.285,-0.944089,-0.303096,0.129728,0.311570,-0.948882,0.050471,0.107799,0.088069,0.990264,0,0.48000,-0.38166,28.800,-0.763,-1,450.000,-1,425.000,-1,350.000,350.000,250.000,300.000,-1,375.000,375.000,-1,-1,925.000,-1,-1,2,0,2,0,2,0,0,1,0,2,0,0,2,2,0,2,2
6,8070.592,-3568.502,149.290,161.532,-0.940060,-0.315556,0.129273,0.323856,-0.944855,0.048645,0.106794,0.087595,0.990415,0,0.56000,-0.37660,33.600,-0.753,-1,450.000,-1,425.000,-1,350.000,350.000,225.000,300.000,-1,375.000,375.000,-1,-1,950.000,-1,-1,2,0,2,0,2,0,0,1,0,2,0,0,2,2,0,2,2
7,8034.332,-3555.863,152.282,160.786,-0.935976,-0.327863,0.128276,0.335898,-0.940754,0.046418,0.105457,0.086534,0.990652,0,0.64000,-0.37302,38.400,-0.746,-1,450.000,-1,425.000,-1,350.000,350.000,225.000,300.000,-1,375.000,375.000,-1,-1,975.000,-1,-1,2,0,2,0,2,0,0,1,0,2,0,0,2,2,0,2,2
8,7993.727,-3541.114,155.505,160.042,-0.931835,-0.340104,0.126539,0.347766,-0.936561,0.043720,0.103642,0.084746,0.990998,0,0.72000,-0.37204,43.200,-0.744,-1,450.000,-1,425.000,-1,350.000,350.000,200.000,300.000,-1,400.000,400.000,-1,-1,975.000,-1,-1,2,0,2,0,2,0,0,1,0,2,0,0,2,2,0,2,2
9,7948.826,-3524.149,160.100,159.300,-0.927966,-0.352146,0.121949,0.359726,-0.931909,0.046294,0.097343,0.086828,0.991456,0,0.80000,-0.37115,48.000,-0.742,-1,450.000,-1,425.000,-1,350.000,350.000,200.000,300.000,-1,575.000,575.000,-1,-1,950.000,-1,-1,2,0,2,0,2,0,0,1,0,2,0,0,2,2,0,2,2
10,7899.682,-3504.846,164.488,158.559,-0.924264,-0.364177,0.114500,0.371269,-0.927305,0.047581,0.088849,0.086487,0.992283,0,0.88000,-0.37043,52.800,-0.741,-1,425.000,-1,400.000,-1,350.000,325.000,200.000,300.000,-1,875.000,975.000,-1,-1,900.000,-1,-1,2,0,2,0,2,0,0,1,0,2,0,0,2,2,0,2,2
11,7846.347,-3483.096,168.961,157.819,-0.920434,-0.376171,0.106280,0.382633,-0.922646,0.048135,0.079952,0.084972,0.993170,0,0.96000,-0.36998,57.600,-0.740,-1,425.000,-1,400.000,-1,325.000,325.000,200.000,300.000,-1,-1,-1,-1,-1,850.000,-1,-1,2,0,2,0,2,0,0,1,0,2,2,2,2,2,0,2,2
12,7792.343,-3460.263,174.485,157.079,-0.915851,-0.387973,0.103417,0.394421,-0.917523,0.050834,0.075165,0.087346,0.993338,0,0.97721,-0.36989,58.633,-0.740,-1,425.000,-1,400.000,-1,325.000,325.000,200.000,300.000,-1,-1,-1,-1,-1,850.000,-1,-1,2,0,2,0,2,0,0,1,0,2,2,2,2,2,0,2,2
13,7739.083,-3436.928,179.875,156.339,-0.911033,-0.399728,0.101180,0.406149,-0.912273,0.052917,0.071151,0.089303,0.993460,0,0.96912,-0.37023,58.147,-0.740,-1,425.000,-1,400.000,-1,325.000,325.000,200.000,300.000,-1,-1,-1,-1,-1,850.000,-1,-1,2,0,2,0,2,0,0,1,0,2,2,2,2,2,0,2,2
14,7686.554,-3413.098,184.601,155.597,-0.906075,-0.411415,0.098823,0.417827,-0.906818,0.055697,0.066700,0.091756,0.993545,0,0.96136,-0.37098,57.682,-0.742,-1,400.000,-1,375.000,-1,325.000,325.000,225.000,300.000,-1,-1,-1,-1,-1,875.000,-1,-1,2,0,2,0,2,0,0,1,0,2,2,2,2,2,0,2,2
15,7634.732,-3388.772,189.023,154.852,-0.900901,-0.423096,0.096785,0.429443,-0.901262,0.057496,0.062902,0.093362,0.993643,0,0.95412,-0.37213,57.247,-0.744,-1,400.000,-1,375.000,-1,325.000,325.000,225.000,300.000,-1,-1,-1,-1,-1,900.000,-1,-1,2,0,2,0,2,0,0,1,0,2,2,2,2,2,0,2,2
16,7583.588,-3363.943,193.140,154.105,-0.895506,-0.434784,0.095030,0.441017,-0.895604,0.058288,0.059766,0.094107,0.993767,0,0.94753,-0.37365,56.852,-0.747,-1,400.000,-1,375.000,-1,325.000,325.000,250.000,275.000,-1,-1,-1,-1,-1,950.000,-1,-1,2,0,2,0,2,0,0,1,0,2,2,2,2,2,0,2,2
17,7533.087,-3338.603,196.951,153.354,-0.889887,-0.446492,0.093521,0.452568,-0.889839,0.058045,0.057302,0.093978,0.993924,0,0.94170,-0.37551,56.502,-0.751,-1,425.000,-1,400.000,-1,325.000,325.000,250.000,275.000,-1,-1,-1,-1,-1,1000.000,-1,-1,2,0,2,0,2,0,0,1,0,2,2,2,2,2,0,2,2
18,7483.193,-3312.737,200.404,152.599,-0.884047,-0.458220,0.092172,0.464107,-0.883945,0.056974,0.055368,0.093146,0.994112,0,0.93666,-0.37769,56.200,-0.755,-1,425.000,-1,400.000,-1,325.000,325.000,250.000,275.000,-1,-1,-1,-1,-1,-1,-1,-1,2,0,2,0,2,0,0,1,0,2,2,2,2,2,2,2,2
19,7433.870,-3286.330,203.341,151.838,-0.878008,-0.469952,0.090815,0.475646,-0.877867,0.055772,0.053513,0.092164,0.994305,0,0.93244,-0.38015,55.947,-0.760,-1,425.000,-1,400.000,-1,325.000,325.000,275.000,275.000,-1,-1,-1,-1,-1,-1,-1,-1,2,0,2,0,2,0,0,1,0,2,2,2,2,2,2,2,2
20,7389.206,-3261.405,205.692,150.838,-0.869743,-0.485266,0.089795,0.490757,-0.869636,0.053760,0.052001,0.090825,0.994508,0,0.85244,-0.50015,51.147,-1.000,-1,450.000,-1,400.000,-1,325.000,325.000,275.000,300.000,575.000,-1,-1,-1,-1,-1,-1,-1,2,0,2,0,2,0,0,1,0,1,2,2,2,2,2,2,2
21,7349.233,-3237.947,207.215,149.598,-0.859022,-0.504101,0.089236,0.509327,-0.859140,0.049643,0.051641,0.088094,0.994773,0,0.77244,-0.62015,46.347,-1.240,-1,450.000,-1,425.000,-1,325.000,325.000,275.000,300.000,475.000,-1,-1,-1,-1,-1,-1,-1,2,0,2,0,2,0,0,1,0,1,2,2,2,2,2,2,2
22,7313.955,-3216.000,208.445,148.117,-0.845715,-0.526223,0.088636,0.531216,-0.845985,0.046028,0.050763,0.086012,0.995000,0,0.69244,-0.74015,41.547,-1.480,-1,450.000,-1,425.000,-1,350.000,350.000,300.000,300.000,450.000,-1,-1,-1,-1,-1,-1,-1,2,0,2,0,2,0,0,1,0,1,2,2,2,2,2,2,2
23,7283.349,-3195.660,209.495,146.397,-0.829791,-0.551437,0.085816,0.556131,-0.829888,0.044764,0.046533,0.084869,0.995305,0,0.61244,-0.86015,36.747,-1.720,-1,450.000,-1,450.000,-1,350.000,350.000,300.000,300.000,475.000,-1,-1,-1,-1,-1,-1,-1,2,0,2,0,2,0,0,1,0,1,2,2,2,2,2,2,2
24,7257.311,-3177.149,210.479,144.593,-0.812335,-0.577296,0.082711,0.581741,-0.812119,0.045168,0.041095,0.084808,0.995550,0,0.53244,-0.90214,31.947,-1.804,-1,450.000,-1,450.000,-1,350.000,350.000,300.000,300.000,475.000,-1,-1,-1,-1,-1,-1,-1,2,0,2,0,2,0,0,0,0,1,2,2,2,2,2,2,2
25,7235.692,-3160.729,211.240,142.784,-0.793982,-0.602631,0.080171,0.606871,-0.793483,0.045737,0.036052,0.084968,0.995731,0,0.45244,-0.90431,27.147,-1.809,-1,450.000,-1,450.000,-1,350.000,350.000,300.000,300.000,500.000,-1,-1,-1,-1,-1,-1,-1,2,0,2,0,2,0,0,0,0,1,2,2,2,2,2,2,2
26,7218.332,-3146.656,211.809,140.972,-0.774755,-0.627407,0.078196,0.631480,-0.774003,0.046389,0.031419,0.085319,0.995858,0,0.37244,-0.90622,22.347,-1.812,-1,450.000,-1,450.000,-1,350.000,350.000,300.000,300.000,500.000,-1,-1,-1,-1,-1,-1,-1,2,0,2,0,2,0,0,0,0,1,2,2,2,2,2,2,2
27,7205.057,-3135.180,212.218,139.156,-0.754679,-0.651587,0.076774,0.655530,-0.753702,0.047047,0.027209,0.085833,0.995938,0,0.29244,-0.90784,17.547,-1.816,-1,450.000,-1,450.000,-1,350.000,350.000,300.000,300.000,525.000,-1,-1,-1,-1,-1,-1,-1,2,0,2,0,2,0,0,0,0,1,2,2,2,2,2,2,2
28,7195.683,-3126.541,212.495,137.339,-0.733792,-0.675123,0.075884,0.678970,-0.732618,0.047640,0.023431,0.086481,0.995978,0,0.21244,-0.90865,12.747,-1.817,-1,450.000,-1,425.000,-1,350.000,350.000,300.000,300.000,525.000,-1,-1,-1,-1,-1,-1,-1,2,0,2,0,2,0,0,0,0,1,2,2,2,2,2,2,2
29,7190.012,-3120.972,212.668,135.520,-0.712123,-0.697983,0.075498,0.701767,-0.710780,0.048106,0.020086,0.087239,0.995985,0,0.13244,-0.90917,7.947,-1.818,-1,450.000,-1,425.000,-1,350.000,350.000,300.000,300.000,525.000,550.000,-1,-1,-1,-1,-1,-1,2,0,2,0,2,0,0,0,0,1,1,2,2,2,2,2,2
30,7187.836,-3118.696,212.764,133.701,-0.689700,-0.720140,0.075580,0.723892,-0.688215,0.048391,0.017168,0.088087,0.995965,0,0.05244,-0.90952,3.147,-1.819,-1,475.000,-1,425.000,-1,350.000,350.000,325.000,300.000,525.000,450.000,-1,-1,-1,-1,-1,-1,2,0,2,0,2,0,0,0,0,1,1,2,2,2,2,2,2
31,7188.939,-3119.926,212.810,131.882,-0.666552,-0.741565,0.076089,0.745314,-0.664950,0.048450,0.014667,0.089005,0.995923,0,-0.02756,-0.90966,-1.653,-1.819,-1,475.000,-1,425.000,-1,350.000,350.000,325.000,300.000,525.000,400.000,-1,-1,-1,-1,-1,-1,2,0,2,0,2,0,0,0,0,1,1,2,2,2,2,2,2
32,7193.091,-3124.865,212.830,130.063,-0.642708,-0.762234,0.076979,0.766008,-0.641018,0.048250,0.012567,0.089977,0.995865,0,-0.10756,-0.90958,-6.453,-1.819,-1,475.000,-1,425.000,-1,350.000,350.000,325.000,300.000,525.000,350.000,-1,-1,-1,-1,-1,-1,2,0,2,0,2,0,0,0,0,1,1,2,2,2,2,2,2
33,7200.055,-3133.702,212.846,128.244,-0.618202,-0.782119,0.078199,0.785944,-0.616450,0.047764,0.010849,0.090988,0.995793,0,-0.18756,-0.90925,-11.253,-1.819,-1,475.000,-1,425.000,-1,350.000,350.000,325.000,300.000,525.000,325.000,575.000,-1,-1,-1,-1,-1,2,0,2,0,2,0,0,0,0,1,1,1,2,2,2,2,2
34,7209.586,-3146.618,212.880,126.427,-0.593067,-0.801199,0.079699,0.805097,-0.591280,0.046980,0.009484,0.092027,0.995711,0,-0.26756,-0.90866,-16.053,-1.817,-1,475.000,-1,425.000,-1,350.000,350.000,325.000,300.000,500.000,275.000,450.000,-1,-1,-1,-1,-1,2,0,2,0,2,0,0,0,0,1,1,1,2,2,2,2,2
35,7221.429,-3163.780,212.953,124.612,-0.567339,-0.819449,0.081425,0.823441,-0.565543,0.045890,0.008444,0.093084,0.995622,0,-0.34756,-0.90778,-20.853,-1.816,-1,475.000,-1,425.000,-1,350.000,350.000,325.000,300.000,500.000,250.000,375.000,-1,-1,-1,-1,-1,2,0,2,0,2,0,0,0,0,1,1,1,2,2,2,2,2
36,7235.324,-3185.343,213.084,122.799,-0.541065,-0.836843,0.083324,0.840946,-0.539287,0.044501,0.007695,0.094149,0.995528,0,-0.42756,-0.90630,-25.653,-1.813,-1,475.000,-1,425.000,-1,350.000,350.000,325.000,300.000,475.000,200.000,325.000,-1,-1,-1,-1,-1,2,0,2,0,2,0,0,0,0,1,1,1,2,2,2,2,2
37,7249.707,-3209.298,214.016,120.991,-0.514497,-0.853118,0.086499,0.857479,-0.512417,0.046462,0.004686,0.098076,0.995168,0,-0.46573,-0.90412,-27.944,-1.808,-1,450.000,-1,425.000,-1,350.000,350.000,350.000,300.000,475.000,175.000,275.000,-1,-1,975.000,-1,-1,2,0,2,0,2,0,0,0,0,1,1,1,2,2,0,2,2
38,7261.072,-3229.458,215.125,119.422,-0.491144,-0.866444,0.089735,0.871077,-0.488664,0.049313,0.001123,0.102386,0.994744,0,-0.38573,-0.78412,-23.144,-1.568,-1,450.000,-1,425.000,-1,350.000,350.000,350.000,300.000,475.000,175.000,250.000,-1,-1,950.000,-1,-1,2,0,2,0,2,0,0,0,0,1,1,1,2,2,0,2,2
39,7269.707,-3245.641,216.039,118.094,-0.471095,-0.877229,0.092400,0.882080,-0.468283,0.051427,-0.001844,0.105732,0.994393,0,-0.30573,-0.66412,-18.344,-1.328,-1,450.000,-1,425.000,-1,350.000,350.000,350.000,300.000,475.000,150.000,225.000,-1,-1,925.000,-1,-1,2,0,2,0,2,0,0,0,0,1,1,1,2,2,0,2,2
40,7275.854,-3257.708,216.727,117.006,-0.454488,-0.885737,0.094396,0.890743,-0.451422,0.052863,-0.004211,0.108108,0.994130,0,-0.22573,-0.54412,-13.544,-1.088,-1,450.000,-1,425.000,-1,350.000,325.000,375.000,300.000,475.000,150.000,200.000,-1,-1,900.000,-1,-1,2,0,2,0,2,0,0,0,0,1,1,1,2,2,0,2,2
41,7279.707,-3265.556,217.082,116.158,-0.441451,-0.892218,0.095228,0.897264,-0.438209,0.053769,-0.006244,0.109181,0.994002,0,-0.14573,-0.42412,-8.744,-0.848,-1,450.000,-1,400.000,-1,350.000,325.000,375.000,300.000,500.000,125.000,200.000,-1,-1,875.000,-1,-1,2,0,2,0,2,0,0,0,0,1,1,1,2,2,0,2,2
42,7281.408,-3269.113,217.235,115.550,-0.432021,-0.896782,0.095600,0.901833,-0.428695,0.054020,-0.007461,0.109553,0.993953,0,-0.06573,-0.30412,-3.944,-0.608,-1,450.000,-1,400.000,-1,350.000,325.000,375.000,300.000,500.000,125.000,175.000,-1,-1,875.000,-1,-1,2,0,2,0,2,0,0,0,0,1,1,1,2,2,0,2,2
43,7281.044,-3268.338,217.179,115.181,-0.426252,-0.899551,0.095488,0.904570,-0.422938,0.053630,-0.007857,0.109236,0.993985,0,0.01427,-0.18412,0.856,-0.368,-1,450.000,-1,400.000,-1,350.000,325.000,375.000,300.000,500.000,125.000,175.000,-1,-1,875.000,-1,-1,2,0,2,0,2,0,0,0,0,1,1,1,2,2,0,2,2
44,7278.650,-3263.213,216.909,115.053,-0.424179,-0.900593,0.094889,0.905548,-0.420969,0.052608,-0.007433,0.108242,0.994097,0,0.09427,-0.06412,5.656,-0.128,-1,450.000,-1,400.000,-1,350.000,325.000,375.000,300.000,500.000,125.000,175.000,-1,-1,875.000,-1,-1,2,0,2,0,2,0,0,0,0,1,1,1,2,2,0,2,2
45,7274.205,-3253.749,216.428,115.165,-0.425816,-0.899933,0.093815,0.904788,-0.422801,0.050960,-0.006195,0.106582,0.994285,0,0.17427,0.05588,10.456,0.112,-1,450.000,-1,425.000,-1,350.000,350.000,375.000,300.000,500.000,125.000,200.000,-1,-1,900.000,-1,-1,2,0,2,0,2,0,0,0,0,1,1,1,2,2,0,2,2
46,7267.636,-3239.980,215.689,115.517,-0.431177,-0.897563,0.092019,0.902257,-0.428434,0.048748,-0.004331,0.104044,0.994563,0,0.25427,0.17588,15.256,0.352,-1,450.000,-1,425.000,-1,350.000,350.000,350.000,300.000,475.000,150.000,200.000,-1,-1,925.000,-1,-1,2,0,2,0,2,0,0,0,0,1,1,1,2,2,0,2,2
47,7258.826,-3221.963,214.634,116.069,-0.439643,-0.893732,0.089198,0.898170,-0.437234,0.046014,-0.002124,0.100345,0.994950,0,0.33427,0.27616,20.056,0.552,-1,450.000,-1,425.000,-1,350.000,350.000,350.000,300.000,475.000,150.000,225.000,-1,-1,950.000,-1,-1,2,0,2,0,2,0,0,0,0,1,1,1,2,2,0,2,2
48,7247.695,-3199.740,213.385,116.618,-0.448012,-0.889895,0.085857,0.894028,-0.445971,0.042719,0.000274,0.095897,0.995391,0,0.41427,0.27441,24.856,0.549,-1,475.000,-1,425.000,-1,350.000,350.000,325.000,300.000,475.000,175.000,225.000,-1,-1,975.000,-1,-1,2,0,2,0,2,0,0,0,0,1,1,1,2,2,0,2,2
49,7234.157,-3173.354,213.104,117.162,-0.456585,-0.885666,0.084418,0.889679,-0.454432,0.044300,-0.000872,0.095331,0.995445,0,0.49427,0.27224,29.656,0.544,-1,475.000,-1,425.000,-1,350.000,350.000,325.000,300.000,500.000,200.000,275.000,-1,-1,975.000,-1,-1,2,0,2,0,2,0,0,0,0,1,1,1,2,2,0,2,2
50,7218.141,-3142.847,212.797,117.702,-0.465067,-0.881403,0.082710,0.885272,-0.462777,0.046156,-0.002406,0.094687,0.995504,0,0.57427,0.26966,34.456,0.539,-1,475.000,-1,425.000,-1,350.000,350.000,350.000,300.000,525.000,250.000,325.000,-1,-1,975.000,-1,-1,2,0,2,0,2,0,0,0,0,1,1,1,2,2,0,2,2
51,7199.571,-3108.262,212.438,118.235,-0.473450,-0.877126,0.080595,0.880809,-0.470998,0.048332,-0.004433,0.093872,0.995574,0,0.65427,0.26666,39.256,0.533,-1,475.000,-1,425.000,-1,350.000,350.000,350.000,300.000,575.000,300.000,375.000,-1,-1,975.000,-1,-1,2,0,2,0,2,0,0,0,0,1,1,1,2,2,0,2,2
52,7178.375,-3069.640,211.664,118.763,-0.481826,-0.872948,0.076197,0.876229,-0.479170,0.051175,-0.008162,0.091424,0.995779,0,0.73427,0.26401,44.056,0.528,-1,475.000,-1,425.000,-1,350.000,350.000,325.000,300.000,625.000,350.000,450.000,-1,-1,975.000,-1,-1,2,0,2,0,2,0,0,0,0,1,1,1,2,2,0,2,2
53,7154.686,-3027.394,210.673,119.285,-0.490063,-0.868712,0.071954,0.871604,-0.487203,0.054223,-0.012048,0.089288,0.995933,0,0.80726,0.26115,48.436,0.522,-1,475.000,-1,425.000,-1,350.000,325.000,325.000,300.000,675.000,425.000,550.000,-1,-1,950.000,-1,-1,2,0,2,0,2,0,0,0,0,1,1,1,2,2,0,2,2
54,7130.582,-2985.303,209.644,119.801,-0.498141,-0.864441,0.067812,0.866949,-0.495092,0.057297,-0.015957,0.087331,0.996052,0,0.80840,0.25796,48.504,0.516,-1,450.000,-1,425.000,-1,350.000,325.000,325.000,300.000,700.000,500.000,650.000,-1,-1,950.000,-1,-1,2,0,2,0,2,0,0,0,0,1,1,1,2,2,0,2,2
55,7106.066,-2943.361,208.608,120.311,-0.506064,-0.860146,0.063624,0.862264,-0.502841,0.060426,-0.019982,0.085440,0.996143,0,0.80969,0.25472,48.582,0.509,-1,450.000,-1,425.000,-1,350.000,325.000,325.000,300.000,800.000,575.000,800.000,-1,-1,925.000,-1,-1,2,0,2,0,2,0,0,0,0,1,1,1,2,2,0,2,2
56,7081.139,-2901.562,207.563,120.813,-0.513832,-0.855832,0.059391,0.857551,-0.510450,0.063612,-0.024125,0.083617,0.996206,0,0.81112,0.25143,48.667,0.503,-1,450.000,-1,400.000,-1,350.000,325.000,325.000,300.000,900.000,650.000,-1,-1,-1,925.000,-1,-1,2,0,2,0,2,0,0,0,0,1,1,2,2,2,0,2,2
57,7055.802,-2859.901,206.509,121.310,-0.521443,-0.851504,0.055111,0.852814,-0.517918,0.066858,-0.028387,0.081862,0.996239,0,0.81268,0.24810,48.761,0.496,-1,450.000,-1,400.000,-1,350.000,325.000,325.000,300.000,1000.000,750.000,-1,-1,-1,925.000,-1,-1,2,0,2,0,2,0,0,0,0,1,1,2,2,2,0,2,2
58,7030.058,-2818.373,205.444,121.799,-0.528897,-0.847165,0.050783,0.848053,-0.525245,0.070165,-0.032768,0.080177,0.996242,0,0.81434,0.24472,48.861,0.489,-1,450.000,-1,400.000,-1,350.000,325.000,325.000,300.000,-1,925.000,-1,-1,-1,900.000,-1,-1,2,0,2,0,2,0,0,0,0,2,1,2,2,2,0,2,2
59,7006.366,-2781.224,204.243,122.528,-0.539777,-0.840443,0.047914,0.841054,-0.536009,0.072960,-0.035636,0.079681,0.996183,0,0.73434,0.36472,44.061,0.729,-1,450.000,-1,400.000,-1,350.000,325.000,325.000,300.000,-1,-1,-1,-1,-1,900.000,-1,-1,2,0,2,0,2,0,0,0,0,2,2,2,2,2,0,2,2
60,6983.912,-2747.295,203.060,123.498,-0.554022,-0.831255,0.045562,0.831651,-0.550152,0.075425,-0.037631,0.079679,0.996110,0,0.67810,0.48472,40.686,0.969,-1,450.000,-1,400.000,-1,350.000,325.000,300.000,300.000,-1,-1,-1,-1,-1,875.000,-1,-1,2,0,2,0,2,0,0,0,0,2,2,2,2,2,0,2,2
61,6960.682,-2713.757,201.886,124.707,-0.571530,-0.819445,0.043171,0.819641,-0.567566,0.077823,-0.039269,0.079862,0.996032,0,0.67997,0.60472,40.798,1.209,-1,450.000,-1,400.000,-1,350.000,325.000,300.000,300.000,-1,-1,-1,-1,-1,875.000,-1,-1,2,0,2,0,2,0,0,0,0,2,2,2,2,2,0,2,2
62,6936.541,-2680.720,200.694,126.157,-0.592154,-0.804793,0.040769,0.804798,-0.588088,0.080324,-0.040668,0.080375,0.995935,0,0.68196,0.72472,40.918,1.449,-1,450.000,-1,425.000,-1,350.000,350.000,300.000,300.000,-1,-1,-1,-1,-1,875.000,-1,-1,2,0,2,0,2,0,0,0,0,2,2,2,2,2,0,2,2
63,6911.360,-2648.311,199.517,127.846,-0.615691,-0.787056,0.038306,0.786879,-0.611521,0.082843,-0.041777,0.081148,0.995826,0,0.68405,0.84472,41.043,1.689,-1,450.000,-1,425.000,-1,350.000,350.000,300.000,300.000,-1,-1,-1,-1,-1,850.000,-1,-1,2,0,2,0,2,0,0,0,0,2,2,2,2,2,0,2,2
64,6885.018,-2616.669,198.061,129.776,-0.641928,-0.765926,0.035876,0.765560,-0.637595,0.085969,-0.042971,0.082651,0.995652,0,0.68621,0.96472,41.173,1.929,-1,425.000,-1,425.000,-1,350.000,350.000,300.000,300.000,-1,-1,-1,-1,-1,850.000,-1,-1,2,0,2,0,2,0,0,0,0,2,2,2,2,2,0,2,2
65,6856.416,-2584.542,196.262,131.676,-0.667062,-0.744260,0.033241,0.743672,-0.662545,0.089365,-0.044488,0.084333,0.995444,0,0.71692,0.94999,43.015,1.900,-1,425.000,-1,400.000,-1,350.000,325.000,325.000,300.000,-1,-1,-1,-1,-1,825.000,-1,-1,2,0,2,0,2,0,0,0,0,2,2,2,2,2,0,2,2
66,6826.862,-2553.483,194.534,133.576,-0.691459,-0.721774,0.030464,0.720957,-0.686769,0.092567,-0.045890,0.085970,0.995240,0,0.71456,0.95038,42.874,1.901,-1,425.000,-1,400.000,-1,350.000,325.000,325.000,300.000,-1,-1,-1,-1,-1,825.000,-1,-1,2,0,2,0,2,0,0,0,0,2,2,2,2,2,0,2,2
67,6796.391,-2523.518,192.743,135.478,-0.715064,-0.698518,0.027496,0.697495,-0.710281,0.094878,-0.046744,0.087022,0.995109,0,0.71229,0.95099,42.738,1.902,-1,425.000,-1,400.000,-1,350.000,325.000,325.000,300.000,-1,-1,-1,-1,-1,800.000,-1,-1,2,0,2,0,2,0,0,0,0,2,2,2,2,2,0,2,2
68,6765.035,-2494.668,190.798,137.382,-0.737842,-0.674532,0.024393,0.673352,-0.733086,0.095817,-0.046750,0.087123,0.995100,0,0.71017,0.95181,42.610,1.904,-1,450.000,-1,400.000,-1,325.000,325.000,325.000,300.000,-1,-1,-1,-1,-1,800.000,-1,-1,2,0,2,0,2,0,0,0,0,2,2,2,2,2,0,2,2
69,6731.869,-2465.883,188.851,139.046,-0.757080,-0.652976,0.021279,0.651628,-0.752372,0.096529,-0.047021,0.086946,0.995103,0,0.73194,0.83181,43.916,1.664,-1,450.000,-1,400.000,-1,325.000,325.000,300.000,300.000,-1,-1,-1,-1,-1,800.000,-1,-1,2,0,2,0,2,0,0,0,0,2,2,2,2,2,0,2,2
70,6698.073,-2437.992,186.952,140.469,-0.773033,-0.634102,0.018274,0.632585,-0.768387,0.097045,-0.047495,0.086579,0.995112,0,0.73032,0.71181,43.819,1.424,-1,450.000,-1,400.000,-1,350.000,325.000,300.000,300.000,-1,-1,-1,-1,-1,800.000,-1,-1,2,0,2,0,2,0,0,0,0,2,2,2,2,2,0,2,2
71,6663.767,-2410.852,185.085,141.653,-0.785930,-0.618123,0.015390,0.616435,-0.781358,0.097408,-0.048186,0.086043,0.995126,0,0.72907,0.59181,43.744,1.184,-1,450.000,-1,400.000,-1,350.000,325.000,300.000,300.000,-1,-1,-1,-1,-1,800.000,-1,-1,2,0,2,0,2,0,0,0,0,2,2,2,2,2,0,2,2
72,6629.062,-2384.312,182.922,142.596,-0.795941,-0.605273,0.011047,0.603295,-0.791564,0.097270,-0.050131,0.084086,0.995197,0,0.72817,0.47181,43.690,0.944,-1,450.000,-1,400.000,-1,350.000,325.000,300.000,300.000,-1,-1,-1,-1,-1,800.000,-1,-1,2,0,2,0,2,0,0,0,0,2,2,2,2,2,0,2,2
73,6594.062,-2358.221,180.635,143.300,-0.803230,-0.595637,0.006205,0.593331,-0.799111,0.096851,-0.052729,0.081475,0.995280,0,0.72759,0.35181,43.656,0.704,-1,450.000,-1,400.000,-1,350.000,325.000,300.000,300.000,-1,-1,-1,-1,-1,800.000,-1,-1,2,0,2,0,2,0,0,0,0,2,2,2,2,2,0,2,2
74,6558.864,-2332.422,178.338,143.764,-0.807927,-0.589281,0.001518,0.586657,-0.804082,0.096364,-0.055565,0.078745,0.995345,0,0.72732,0.23181,43.639,0.464,-1,425.000,-1,400.000,-1,350.000,325.000,300.000,300.000,-1,-1,-1,-1,1000.000,800.000,-1,-1,2,0,2,0,2,0,0,0,0,2,2,2,2,0,0,2,2
75,6521.956,-2305.590,175.913,143.987,-0.810107,-0.586274,-0.003223,0.583327,-0.806562,0.095849,-0.058793,0.075768,0.995391,0,0.76051,0.11181,45.630,0.224,-1,425.000,-1,400.000,-1,350.000,325.000,300.000,300.000,-1,-1,-1,-1,975.000,775.000,-1,-1,2,0,2,0,2,0,0,0,0,2,2,2,2,0,0,2,2
76,6485.033,-2278.732,173.394,143.971,-0.809819,-0.586631,-0.007566,0.583384,-0.806568,0.095454,-0.062099,0.072887,0.995405,0,0.76096,-0.00819,45.657,-0.016,-1,425.000,-1,400.000,-1,325.000,325.000,300.000,300.000,-1,-1,-1,-1,950.000,775.000,-1,-1,2,0,2,0,2,0,0,0,0,2,2,2,2,0,0,2,2
77,6448.220,-2251.703,170.378,143.715,-0.807124,-0.590299,-0.009938,0.586853,-0.804023,0.095656,-0.064457,0.071374,0.995365,0,0.76116,-0.12819,45.670,-0.256,-1,425.000,-1,400.000,-1,325.000,325.000,300.000,300.000,-1,-1,-1,-1,925.000,750.000,-1,-1,2,0,2,0,2,0,0,0,0,2,2,2,2,0,0,2,2
78,6411.646,-2224.358,167.307,143.218,-0.801914,-0.597314,-0.012251,0.593659,-0.798975,0.095958,-0.067106,0.069677,0.995310,0,0.76109,-0.24819,45.666,-0.496,-1,425.000,-1,400.000,-1,325.000,325.000,300.000,300.000,-1,-1,-1,-1,925.000,750.000,-1,-1,2,0,2,0,2,0,0,0,0,2,2,2,2,0,0,2,2
79,6375.421,-2196.590,164.195,142.530,-0.794614,-0.606942,-0.014454,0.603072,-0.791843,0.096380,-0.069943,0.067868,0.995240,0,0.76072,-0.34407,45.643,-0.688,-1,425.000,-1,400.000,-1,325.000,325.000,300.000,300.000,-1,-1,-1,-1,900.000,725.000,-1,-1,2,0,2,0,2,0,0,0,0,2,2,2,2,0,0,2,2
80,6339.561,-2168.417,161.043,141.848,-0.787263,-0.616395,-0.016528,0.612318,-0.784654,0.096876,-0.072683,0.066146,0.995159,0,0.76004,-0.34098,45.602,-0.682,-1,425.000,-1,400.000,-1,325.000,325.000,300.000,300.000,-1,-1,-1,-1,900.000,725.000,-1,-1,2,0,2,0,2,0,0,0,0,2,2,2,2,0,0,2,2
81,6304.076,-2139.857,157.634,141.172,-0.779893,-0.625641,-0.018465,0.621287,-0.777371,0.098470,-0.075961,0.065324,0.994969,0,0.75917,-0.33789,45.550,-0.676,-1,425.000,-1,400.000,-1,325.000,325.000,325.000,300.000,-1,-1,-1,-1,875.000,700.000,-1,-1,2,0,2,0,2,0,0,0,0,2,2,2,2,0,0,2,2
82,6268.976,-2110.924,154.176,140.503,-0.772484,-0.634712,-0.020242,0.630079,-0.770040,0.100188,-0.079178,0.064640,0.994763,0,0.75812,-0.33482,45.487,-0.670,-1,400.000,-1,375.000,-1,325.000,325.000,325.000,300.000,-1,-1,-1,-1,875.000,675.000,-1,-1,2,0,2,0,2,0,0,0,0,2,2,2,2,0,0,2,2
83,6234.270,-2081.632,150.702,139.837,-0.765012,-0.643645,-0.021861,0.638744,-0.762647,0.101865,-0.082237,0.063965,0.994558,0,0.75691,-0.33289,45.415,-0.666,-1,400.000,-1,375.000,-1,325.000,325.000,325.000,300.000,-1,-1,-1,-1,850.000,675.000,-1,-1,2,0,2,0,2,0,0,0,0,2,2,2,2,0,0,2,2
84,6199.967,-2051.993,147.215,139.173,-0.757464,-0.652460,-0.023324,0.647301,-0.755175,0.103496,-0.085141,0.063297,0.994356,0,0.75554,-0.33170,45.332,-0.663,-1,400.000,-1,375.000,-1,325.000,325.000,325.000,300.000,-1,-1,-1,-1,850.000,650.000,-1,-1,2,0,2,0,2,0,0,0,0,2,2,2,2,0,0,2,2
85,6166.077,-2022.021,143.875,138.512,-0.749800,-0.661203,-0.024704,0.655909,-0.747674,0.103766,-0.087081,0.061600,0.994295,0,0.75403,-0.33066,45.242,-0.661,-1,400.000,-1,375.000,-1,325.000,300.000,325.000,300.000,-1,-1,-1,-1,825.000,650.000,-1,-1,2,0,2,0,2,0,0,0,0,2,2,2,2,0,0,2,2
86,6132.608,-1991.726,140.262,137.853,-0.741963,-0.669930,-0.026163,0.664775,-0.740195,0.100929,-0.086981,0.057493,0.994550,0,0.75239,-0.32979,45.144,-0.660,-1,400.000,-1,375.000,-1,325.000,300.000,325.000,300.000,-1,-1,-1,-1,825.000,650.000,-1,-1,2,0,2,0,2,0,0,0,0,2,2,2,2,0,0,2,2
87,6099.566,-1961.120,136.641,137.194,-0.734048,-0.678538,-0.027564,0.673525,-0.732613,0.098198,-0.086824,0.053517,0.994785,0,0.75065,-0.32907,45.039,-0.658,-1,400.000,-1,375.000,-1,325.000,300.000,325.000,300.000,-1,-1,-1,-1,825.000,650.000,-1,-1,2,0,2,0,2,0,0,0,0,2,2,2,2,0,0,2,2
88,6066.956,-1930.213,133.015,136.537,-0.726053,-0.687031,-0.028903,0.682162,-0.724928,0.095571,-0.086613,0.049673,0.995003,0,0.74883,-0.32851,44.930,-0.657,-1,400.000,-1,375.000,-1,325.000,300.000,325.000,300.000,-1,-1,-1,-1,825.000,650.000,-1,-1,2,0,2,0,2,0,0,0,0,2,2,2,2,0,0,2,2
89,6034.784,-1899.013,129.383,135.881,-0.717977,-0.695413,-0.030179,0.690691,-0.717139,0.093044,-0.086347,0.045959,0.995204,0,0.74693,-0.32811,44.816,-0.656,-1,400.000,-1,375.000,-1,325.000,300.000,325.000,300.000,-1,-1,-1,-1,825.000,675.000,-1,-1,2,0,2,0,2,0,0,0,0,2,2,2,2,0,0,2,2
90,6003.053,-1867.529,125.732,135.225,-0.709815,-0.703688,-0.031397,0.699120,-0.709248,0.090545,-0.085984,0.042320,0.995397,0,0.74500,-0.32788,44.700,-0.656,-1,400.000,-1,375.000,-1,325.000,300.000,325.000,300.000,-1,-1,-1,-1,825.000,675.000,-1,-1,2,0,2,0,2,0,0,0,0,2,2,2,2,0,0,2,2
91,5971.766,-1835.767,121.952,134.570,-0.701527,-0.711873,-0.033115,0.707452,-0.701263,0.087982,-0.085854,0.038294,0.995571,0,0.74305,-0.32781,44.583,-0.656,-1,400.000,-1,375.000,-1,325.000,300.000,325.000,300.000,-1,-1,-1,-1,825.000,675.000,-1,-1,2,0,2,0,2,0,0,0,0,2,2,2,2,0,0,2,2
92,5940.926,-1803.734,118.139,133.914,-0.693137,-0.719958,-0.034948,0.715679,-0.693171,0.085541,-0.085811,0.034280,0.995722,0,0.74110,-0.32790,44.466,-0.656,-1,400.000,-1,375.000,-1,325.000,300.000,300.000,300.000,-1,-1,-1,-1,825.000,675.000,-1,-1,2,0,2,0,2,0,0,0,0,2,2,2,2,0,0,2,2
93,5910.534,-1771.434,114.325,133.258,-0.684654,-0.727942,-0.036742,0.723805,-0.684965,0.083239,-0.085760,0.030396,0.995852,0,0.73918,-0.32814,44.351,-0.656,-1,400.000,-1,375.000,-1,325.000,300.000,300.000,300.000,-1,-1,-1,-1,825.000,675.000,-1,-1,2,0,2,0,2,0,0,0,0,2,2,2,2,1,0,2,2
94,5880.591,-1738.870,110.508,132.601,-0.676074,-0.735828,-0.038492,0.731833,-0.676644,0.081071,-0.085700,0.026640,0.995965,0,0.73730,-0.32855,44.238,-0.657,-1,400.000,-1,375.000,-1,325.000,300.000,300.000,300.000,-1,-1,-1,-1,825.000,675.000,-1,-1,2,0,2,0,2,0,0,0,0,2,2,2,2,1,0,2,2
95,5851.095,-1706.046,106.690,131.942,-0.667394,-0.743620,-0.040197,0.739765,-0.668207,0.079037,-0.085633,0.023012,0.996061,0,0.73550,-0.32911,44.130,-0.658,-1,400.000,-1,375.000,-1,325.000,300.000,300.000,300.000,-1,-1,-1,-1,800.000,700.000,-1,-1,2,0,2,0,2,0,0,0,0,2,2,2,2,1,0,2,2
96,5824.464,-1675.970,103.266,131.524,-0.661896,-0.748508,-0.040372,0.744799,-0.662789,0.077369,-0.084669,0.021141,0.996185,0,0.66954,-0.20911,40.172,-0.418,-1,400.000,-1,375.000,-1,325.000,300.000,300.000,300.000,-1,-1,-1,-1,800.000,700.000,-1,-1,2,0,2,0,2,0,0,0,0,2,2,2,2,1,0,2,2
97,5797.979,-1645.872,99.724,131.346,-0.659578,-0.750580,-0.039832,0.747015,-0.660469,0.075822,-0.083218,0.020256,0.996325,0,0.66820,-0.08911,40.092,-0.178,-1,400.000,-1,375.000,-1,325.000,325.000,300.000,300.000,-1,400.000,-1,-1,775.000,700.000,-1,-1,2,0,2,0,2,0,0,0,0,2,0,2,2,1,0,2,2
98,5771.504,-1615.850,96.175,131.408,-0.660408,-0.749875,-0.039354,0.746440,-0.661285,0.074357,-0.081783,0.019730,0.996455,0,0.66713,0.03089,40.028,0.062,-1,400.000,-1,375.000,-1,325.000,325.000,300.000,300.000,-1,400.000,-1,-1,775.000,700.000,975.000,-1,2,0,2,0,2,0,0,0,0,2,0,2,2,1,0,1,2
99,5744.904,-1586.005,92.619,131.710,-0.664376,-0.746384,-0.038928,0.743065,-0.665228,0.072979,-0.080367,0.019559,0.996573,0,0.66633,0.15089,39.980,0.302,-1,425.000,-1,375.000,-1,325.000,325.000,300.000,300.000,-1,375.000,-1,-1,750.000,725.000,950.000,-1,2,0,2,0,2,0,0,0,0,2,0,2,2,1,0,1,2
100,5718.045,-1556.437,89.213,132.251,-0.671388,-0.740066,-0.039256,0.736839,-0.672261,0.071649,-0.079415,0.019178,0.996657,0,0.66577,0.27089,39.946,0.542,1000.000,425.000,-1,375.000,-1,325.000,325.000,300.000,300.000,-1,400.000,-1,-1,725.000,725.000,925.000,-1,1,0,2,0,2,0,0,0,0,2,0,2,2,1,0,1,2
101,5688.569,-1524.865,85.853,133.033,-0.681304,-0.730843,-0.041165,0.727685,-0.682313,0.070174,-0.079373,0.017855,0.996685,0,0.71988,0.39089,43.193,0.782,950.000,425.000,-1,375.000,-1,325.000,325.000,300.000,300.000,-1,450.000,-1,-1,700.000,725.000,875.000,-1,1,0,2,0,2,0,0,0,0,2,0,2,2,1,0,1,2
102,5658.429,-1493.713,82.480,134.055,-0.694118,-0.718571,-0.043082,0.715476,-0.695249,0.068731,-0.079341,0.016883,0.996705,0,0.72243,0.51089,43.346,1.022,900.000,425.000,-1,400.000,-1,325.000,325.000,300.000,300.000,-1,500.000,-1,-1,675.000,750.000,825.000,-1,1,0,2,0,2,0,0,0,0,2,0,2,2,1,0,1,2
103,5627.496,-1463.121,79.045,135.317,-0.709676,-0.703092,-0.044958,0.700035,-0.710908,0.067534,-0.079444,0.016456,0.996704,0,0.72509,0.63089,43.505,1.262,850.000,425.000,-1,400.000,-1,325.000,325.000,300.000,300.000,-1,575.000,-1,-1,650.000,750.000,775.000,-1,1,0,2,0,2,0,0,0,0,2,0,2,2,1,0,1,2
104,5595.651,-1433.236,75.332,136.818,-0.727790,-0.684208,-0.046699,0.681082,-0.729079,0.067606,-0.080304,0.017397,0.996619,0,0.72787,0.75089,43.672,1.502,825.000,425.000,-1,400.000,-1,325.000,325.000,300.000,300.000,-1,-1,-1,-1,625.000,750.000,725.000,-1,1,0,2,0,2,0,0,0,0,2,2,2,2,1,0,1,2
105,5562.780,-1404.216,71.589,138.560,-0.748188,-0.661715,-0.048459,0.658502,-0.749520,0.067787,-0.081176,0.018807,0.996522,0,0.73080,0.87089,43.848,1.742,775.000,425.000,-1,400.000,-1,325.000,325.000,300.000,300.000,-1,-1,-1,-1,600.000,750.000,700.000,-1,1,1,2,0,2,0,0,0,0,2,2,2,2,1,0,1,2
106,5528.781,-1376.232,67.838,140.542,-0.770566,-0.635376,-0.050242,0.632065,-0.771927,0.067994,-0.081985,0.020638,0.996420,0,0.73389,0.99089,44.034,1.982,750.000,400.000,-1,400.000,-1,325.000,325.000,300.000,300.000,-1,-1,-1,-1,550.000,750.000,650.000,-1,1,1,2,0,2,0,0,0,0,2,2,2,2,1,0,1,2
107,5493.672,-1349.333,64.169,142.542,-0.792209,-0.608028,-0.052023,0.604643,-0.793603,0.067838,-0.082534,0.022287,0.996339,0,0.73715,1.00000,44.229,2.000,700.000,375.000,975.000,400.000,-1,325.000,325.000,300.000,300.000,-1,-1,-1,-1,525.000,725.000,600.000,-1,1,1,1,0,2,0,0,0,0,2,2,2,2,1,1,1,2
108,5457.483,-1323.560,60.443,144.542,-0.812882,-0.579941,-0.053765,0.576506,-0.814312,0.067364,-0.082849,0.023763,0.996279,0,0.74048,1.00000,44.429,2.000,675.000,350.000,900.000,400.000,-1,325.000,325.000,300.000,300.000,-1,-1,-1,-1,500.000,675.000,575.000,1000.000,1,1,1,0,2,1,0,0,0,2,2,2,2,1,1,1,1
109,5420.246,-1298.954,56.683,146.542,-0.832562,-0.551150,-0.055442,0.547680,-0.834027,0.066674,-0.082987,0.025145,0.996233,0,0.74386,1.00000,44.632,2.000,650.000,350.000,825.000,400.000,-1,325.000,325.000,300.000,275.000,-1,-1,-1,-1,475.000,625.000,525.000,850.000,1,1,1,0,2,1,0,0,0,2,2,2,2,1,1,1,1
110,5381.998,-1275.554,52.931,148.542,-0.851226,-0.521688,-0.057056,0.518183,-0.852722,0.065966,-0.083067,0.026586,0.996189,0,0.74731,1.00000,44.839,2.000,625.000,325.000,775.000,400.000,-1,300.000,325.000,300.000,275.000,-1,-1,-1,-1,450.000,575.000,500.000,750.000,1,1,1,1,2,1,1,0,0,2,2,2,2,1,1,1,1
111,5342.773,-1253.400,49.192,150.542,-0.868852,-0.491591,-0.058606,0.488050,-0.870373,0.065248,-0.083084,0.028089,0.996147,0,0.75080,1.00000,45.048,2.000,575.000,300.000,725.000,375.000,1000.000,275.000,300.000,300.000,275.000,-1,-1,-1,-1,425.000,525.000,450.000,675.000,1,1,1,1,1,1,1,0,0,2,2,2,2,1,1,1,1
112,5302.611,-1232.532,46.460,152.542,-0.885711,-0.460836,-0.056092,0.457183,-0.886846,0.067001,-0.080621,0.033699,0.996175,0,0.75435,1.00000,45.261,2.000,600.000,300.000,675.000,350.000,775.000,250.000,275.000,300.000,275.000,-1,-1,-1,-1,400.000,475.000,450.000,600.000,1,1,1,1,1,1,1,0,0,2,2,2,2,1,1,1,1
113,5261.550,-1212.987,44.035,154.542,-0.901543,-0.429495,-0.052480,0.425729,-0.902159,0.069747,-0.077301,0.040537,0.996183,0,0.75793,1.00000,45.476,2.000,-1,275.000,625.000,325.000,650.000,250.000,275.000,300.000,275.000,-1,-1,-1,-1,400.000,425.000,450.000,525.000,2,1,1,1,1,1,1,0,0,2,2,2,2,1,1,1,1
114,5219.634,-1194.801,41.660,156.542,-0.916246,-0.397626,-0.048858,0.393772,-0.916316,0.072856,-0.073739,0.047515,0.996145,0,0.76154,1.00000,45.693,2.000,-1,275.000,600.000,300.000,550.000,225.000,250.000,325.000,275.000,-1,-1,-1,-1,375.000,400.000,450.000,450.000,2,1,1,1,1,1,1,0,0,2,2,2,2,1,1,1,1
115,5176.904,-1178.010,39.241,158.542,-0.929816,-0.365267,-0.044973,0.361358,-0.929284,0.076499,-0.069735,0.054878,0.996055,0,0.76518,1.00000,45.911,2.000,-1,250.000,550.000,275.000,450.000,225.000,225.000,325.000,275.000,-1,-1,-1,-1,375.000,375.000,450.000,375.000,2,1,1,1,1,1,1,0,0,2,2,2,2,1,1,1,1
116,5133.409,-1162.648,37.359,160.542,-0.942297,-0.332508,-0.038922,0.328902,-0.941167,0.077639,-0.062448,0.060358,0.996221,0,0.76884,1.00000,46.130,2.000,-1,250.000,525.000,250.000,375.000,225.000,225.000,350.000,275.000,-1,-1,-1,-1,375.000,350.000,475.000,325.000,2,1,1,1,1,1,1,1,0,2,2,2,2,1,1,1,1
117,5089.197,-1148.743,38.747,162.542,-0.953683,-0.299573,-0.027281,0.297365,-0.952560,0.064827,-0.045407,0.053712,0.997524,0,0.77249,1.00000,46.350,2.000,-1,275.000,-1,250.000,375.000,225.000,225.000,350.000,300.000,-1,-1,725.000,-1,400.000,350.000,-1,325.000,2,1,2,1,1,1,1,1,0,2,2,0,2,1,1,2,1
118,5044.315,-1136.330,40.173,164.542,-0.963797,-0.266238,-0.014615,0.265155,-0.962767,0.052662,-0.028092,0.046880,0.998505,0,0.77614,1.00000,46.569,2.000,-1,275.000,-1,250.000,375.000,225.000,225.000,350.000,350.000,-1,225.000,200.000,-1,425.000,350.000,-1,325.000,2,1,2,1,1,1,1,1,0,2,0,0,2,1,1,2,1
119,4998.816,-1125.440,41.716,166.542,-0.972583,-0.232550,-0.001439,0.232298,-0.971783,0.040922,-0.010915,0.039465,0.999161,0,0.77976,1.00000,46.786,2.000,-1,275.000,-1,250.000,375.000,225.000,225.000,325.000,375.000,-1,175.000,175.000,-1,500.000,350.000,-1,325.000,2,1,2,1,1,1,1,1,0,2,0,0,2,1,1,2,1
120,4952.753,-1116.102,43.266,168.542,-0.980012,-0.198548,0.012450,0.198840,-0.979576,0.029891,0.006261,0.031770,0.999476,0,0.78334,1.00000,47.000,2.000,-1,300.000,-1,250.000,375.000,250.000,225.000,325.000,400.000,900.000,125.000,150.000,-1,725.000,350.000,-1,325.000,2,1,2,1,1,1,1,1,0,0,0,0,2,1,1,2,1
121,-4263.557,8199.168,-191.596,15.576,0.961504,-0.268341,-0.059182,0.265395,0.962673,-0.053164,0.071239,0.035411,0.996831,1,0.00000,0.00000,47.210,2.000,-1,400.000,-1,375.000,550.000,325.000,325.000,275.000,300.000,600.000,400.000,425.000,-1,800.000,525.000,-1,550.000,2,0,2,1,1,0,0,0,0,1,1,1,2,1,1,2,1
122,-4258.928,8200.438,-191.252,15.336,0.962625,-0.264302,-0.059142,0.261348,0.963776,-0.053234,0.071069,0.035787,0.996829,0,0.08000,-0.12000,4.800,-0.240,-1,400.000,-1,375.000,550.000,325.000,325.000,275.000,300.000,600.000,400.000,450.000,-1,800.000,500.000,-1,550.000,2,0,2,1,1,0,0,0,0,1,1,1,2,1,1,2,1
123,-4249.649,8202.899,-190.568,14.856,0.964814,-0.256212,-0.059067,0.253241,0.965930,-0.053366,0.070727,0.036530,0.996827,0,0.16000,-0.24000,9.600,-0.480,-1,400.000,-1,375.000,550.000,325.000,325.000,275.000,300.000,625.000,425.000,450.000,-1,800.000,500.000,-1,525.000,2,0,2,1,1,0,0,0,0,1,1,1,2,1,1,2,1
124,-4235.685,8206.417,-189.549,14.136,0.967970,-0.244044,-0.058966,0.241051,0.969034,-0.053547,0.070208,0.037618,0.996823,0,0.24000,-0.36000,14.400,-0.720,-1,400.000,-1,375.000,525.000,325.000,325.000,275.000,275.000,650.000,425.000,450.000,-1,775.000,500.000,-1,525.000,2,0,2,1,1,0,0,0,0,1,1,1,2,1,1,2,1
125,-4216.990,8210.794,-188.204,13.176,0.971937,-0.227762,-0.058851,0.224741,0.972934,-0.053759,0.069502,0.039024,0.996818,0,0.32000,-0.48000,19.200,-0.960,-1,400.000,-1,350.000,525.000,325.000,325.000,275.000,275.000,675.000,450.000,475.000,-1,775.000,475.000,-1,500.000,2,1,2,1,1,0,1,0,0,1,1,1,2,1,1,2,1
126,-4193.519,8215.805,-186.546,12.050,0.976236,-0.208596,-0.058739,0.205545,0.977158,-0.053981,0.068657,0.040624,0.996813,0,0.40000,-0.56268,24.000,-1.125,-1,400.000,-1,350.000,500.000,325.000,325.000,275.000,275.000,700.000,475.000,500.000,-1,750.000,475.000,-1,475.000,2,1,2,1,1,1,1,0,0,1,1,1,2,1,1,2,1
127,-4165.241,8221.265,-184.588,10.926,0.980152,-0.189375,-0.058642,0.186297,0.980998,-0.054191,0.067790,0.042190,0.996807,0,0.48000,-0.56201,28.800,-1.124,-1,375.000,-1,350.000,475.000,325.000,300.000,275.000,275.000,750.000,500.000,525.000,-1,725.000,450.000,-1,450.000,2,1,2,1,1,1,1,0,0,1,1,1,2,1,1,2,1
128,-4132.132,8226.987,-182.338,9.803,0.983684,-0.170105,-0.058564,0.167001,0.984457,-0.054368,0.066902,0.043701,0.996802,0,0.56000,-0.56141,33.600,-1.123,-1,375.000,-1,325.000,450.000,300.000,300.000,275.000,275.000,775.000,525.000,550.000,-1,700.000,425.000,-1,425.000,2,1,2,1,1,1,1,0,0,1,1,1,2,1,1,2,1
129,-4094.172,8232.784,-179.806,8.682,0.986833,-0.150790,-0.058510,0.147667,0.987535,-0.054491,0.065997,0.045134,0.996799,0,0.64000,-0.56086,38.400,-1.122,-1,350.000,-1,300.000,425.000,300.000,275.000,275.000,275.000,850.000,575.000,575.000,-1,650.000,400.000,-1,400.000,2,1,2,1,1,1,1,0,0,1,1,1,2,1,1,2,1
130,-4051.347,8238.469,-176.999,7.561,0.989598,-0.131439,-0.058481,0.128301,0.990234,-0.054540,0.065079,0.046469,0.996798,0,0.72000,-0.56034,43.200,-1.121,-1,350.000,-1,275.000,375.000,275.000,250.000,275.000,275.000,925.000,600.000,625.000,-1,625.000,375.000,-1,350.000,2,1,2,1,1,1,1,0,0,1,1,1,2,1,1,2,1
131,-4003.650,8243.854,-173.926,6.441,0.991979,-0.112058,-0.058480,0.108910,0.992557,-0.054496,0.064152,0.047690,0.996800,0,0.80000,-0.55984,48.000,-1.120,-1,325.000,750.000,275.000,325.000,250.000,250.000,300.000,275.000,-1,650.000,675.000,-1,575.000,350.000,-1,325.000,2,1,1,1,1,1,1,0,0,2,1,1,2,1,1,2,1
132,-3951.077,8248.752,-170.366,5.323,0.993943,-0.092657,-0.059091,0.089530,0.994544,-0.053540,0.063729,0.047925,0.996816,0,0.88000,-0.55935,52.800,-1.119,-1,300.000,675.000,250.000,275.000,250.000,225.000,300.000,275.000,-1,700.000,725.000,-1,525.000,325.000,-1,275.000,2,1,1,1,1,1,1,0,0,2,1,1,2,1,1,2,1
133,-3895.548,8252.828,-162.843,4.205,0.994725,-0.073273,-0.071780,0.070363,0.996625,-0.042271,0.074635,0.036997,0.996524,0,0.92794,-0.55885,55.676,-1.118,-1,300.000,-1,250.000,300.000,250.000,225.000,275.000,325.000,-1,725.000,750.000,-1,550.000,325.000,-1,275.000,2,1,2,1,1,1,1,0,0,2,1,1,2,1,1,2,1
134,-3839.704,8255.839,-154.159,3.088,0.994677,-0.053849,-0.087852,0.050900,0.998073,-0.035477,0.089593,0.030817,0.995502,0,0.93204,-0.55830,55.922,-1.117,-1,325.000,-1,250.000,300.000,250.000,200.000,300.000,350.000,-1,475.000,625.000,-1,600.000,325.000,-1,275.000,2,1,2,1,1,1,1,0,0,2,0,0,2,1,1,2,1
135,-3783.563,8257.770,-145.449,1.973,0.993993,-0.034418,-0.103887,0.031646,0.999101,-0.028217,0.104765,0.024760,0.994189,0,0.93616,-0.55763,56.170,-1.115,-1,325.000,-1,250.000,325.000,250.000,200.000,300.000,375.000,-1,275.000,425.000,-1,-1,325.000,-1,300.000,2,1,2,1,1,1,1,0,0,2,0,0,2,2,1,2,1
136,-3727.146,8258.613,-136.688,0.859,0.992670,-0.014995,-0.119926,0.012611,0.999708,-0.020613,0.120200,0.018950,0.992569,0,0.94031,-0.55683,56.419,-1.114,-1,325.000,-1,250.000,350.000,250.000,200.000,300.000,400.000,-1,200.000,325.000,-1,-1,350.000,-1,300.000,2,1,2,1,1,1,1,0,0,2,0,0,2,2,1,2,1
