timestep,x_cm,y_cm,z_cm,yaw_deg,basis_xx,basis_xy,basis_xz,basis_yx,basis_yy,basis_yz,basis_zx,basis_zy,basis_zz,teleport_flag,throttle_cmd,steering_cmd,cmd_move_cm,cmd_turn_deg,lidar_cm_0,lidar_cm_1,lidar_cm_2,lidar_cm_3,lidar_cm_4,lidar_cm_5,lidar_cm_6,lidar_cm_7,lidar_cm_8,lidar_cm_9,lidar_cm_10,lidar_cm_11,lidar_cm_12,lidar_cm_13,lidar_cm_14,lidar_cm_15,lidar_cm_16,lidar_class_0,lidar_class_1,lidar_class_2,lidar_class_3,lidar_class_4,lidar_class_5,lidar_class_6,lidar_class_7,lidar_class_8,lidar_class_9,lidar_class_10,lidar_class_11,lidar_class_12,lidar_class_13,lidar_class_14,lidar_class_15,lidar_class_16
0,-4919.479,-1639.785,-32.079,84.843,0.082566,-0.995516,-0.046155,0.978028,0.089838,-0.188121,0.191424,-0.029608,0.981061,1,0.00000,0.00000,4.800,-0.240,350.000,250.000,-1,350.000,-1,225.000,250.000,375.000,200.000,400.000,125.000,175.000,-1,350.000,-1,325.000,-1,1,1,2,1,2,1,1,1,1,0,0,1,2,1,2,1,2
1,-7544.741,4924.045,-399.981,107.574,-0.302625,-0.947518,0.103093,0.953088,-0.300105,0.039514,-0.006502,0.110215,0.993887,1,0.08000,-0.12000,4.800,-0.240,-1,400.000,-1,400.000,-1,325.000,325.000,300.000,300.000,-1,-1,-1,-1,750.000,800.000,-1,-1,2,0,2,0,2,0,0,0,0,2,2,2,2,0,0,2,2
2,-7547.562,4933.222,-400.065,107.094,-0.294751,-0.949997,0.103089,0.955543,-0.292156,0.039775,-0.007668,0.110230,0.993877,0,0.16000,-0.24000,9.600,-0.480,-1,400.000,-1,400.000,-1,325.000,325.000,300.000,300.000,-1,-1,-1,-1,750.000,800.000,-1,-1,2,0,2,0,2,0,0,0,0,2,2,2,2,0,0,2,2
3,-7551.622,4947.039,-400.209,106.374,-0.282903,-0.953592,0.103096,0.959102,-0.280194,0.040172,-0.009421,0.110244,0.993860,0,0.24000,-0.36000,14.400,-0.720,-1,400.000,-1,400.000,-1,325.000,325.000,300.000,300.000,-1,-1,-1,-1,750.000,800.000,-1,-1,2,0,2,0,2,0,0,0,0,2,2,2,2,0,0,2,2
4,-7556.725,4965.549,-400.434,105.414,-0.267038,-0.958152,0.103125,0.963614,-0.264178,0.040716,-0.011769,0.110245,0.993835,0,0.32000,-0.48000,19.200,-0.960,-1,400.000,-1,400.000,-1,325.000,325.000,300.000,300.000,-1,-1,-1,-1,750.000,800.000,-1,-1,2,0,2,0,2,0,0,0,0,2,2,2,2,0,0,2,2
5,-7562.618,4988.816,-400.766,104.214,-0.247106,-0.963478,0.103195,0.968877,-0.244055,0.041415,-0.014718,0.110217,0.993799,0,0.40000,-0.60000,24.000,-1.200,-1,400.000,-1,400.000,-1,325.000,325.000,300.000,300.000,-1,-1,-1,-1,750.000,800.000,-1,-1,2,0,2,0,2,0,0,0,0,2,2,2,2,0,0,2,2
6,-7568.985,5016.906,-401.240,102.774,-0.223051,-0.969315,0.103329,0.974636,-0.219768,0.042282,-0.018276,0.110139,0.993748,0,0.48000,-0.72000,28.800,-1.440,-1,400.000,-1,400.000,-1,325.000,325.000,300.000,300.000,-1,-1,-1,-1,750.000,800.000,-1,-1,2,0,2,0,2,0,0,0,0,2,2,2,2,0,0,2,2
7,-7575.450,5049.880,-401.893,101.094,-0.194815,-0.975358,0.103554,0.980583,-0.191259,0.043326,-0.022453,0.109983,0.993680,0,0.56000,-0.84000,33.600,-1.680,-1,400.000,-1,400.000,-1,325.000,325.000,300.000,300.000,-1,-1,-1,-1,750.000,800.000,-1,-1,2,0,2,0,2,0,0,0,0,2,2,2,2,0,0,2,2
8,-7581.623,5087.783,-402.765,99.254,-0.163700,-0.981024,0.103894,0.986138,-0.159835,0.044555,-0.027104,0.109747,0.993590,0,0.64000,-0.92034,38.400,-1.841,-1,400.000,-1,400.000,-1,325.000,325.000,300.000,300.000,-1,-1,-1,-1,750.000,800.000,-1,-1,2,0,2,0,2,0,0,0,0,2,2,2,2,0,0,2,2
9,-7587.188,5130.626,-403.887,97.403,-0.132263,-0.985705,0.104362,0.990700,-0.128066,0.045970,-0.031947,0.109471,0.993476,0,0.72000,-0.92557,43.200,-1.851,-1,400.000,-1,400.000,-1,325.000,325.000,300.000,300.000,-1,-1,-1,-1,750.000,775.000,-1,-1,2,0,2,0,2,0,0,0,0,2,2,2,2,0,0,2,2
10,-7591.819,5178.405,-405.292,95.539,-0.100493,-0.989384,0.104977,0.994250,-0.095939,0.047572,-0.036995,0.109154,0.993336,0,0.80000,-0.93200,48.000,-1.864,-1,375.000,-1,400.000,-1,325.000,325.000,300.000,300.000,-1,-1,-1,-1,725.000,775.000,-1,-1,2,0,2,0,2,0,0,0,0,2,2,2,2,0,0,2,2
11,-7595.188,5231.100,-407.064,93.659,-0.068373,-0.992019,0.105941,0.996770,-0.063443,0.049234,-0.042120,0.108965,0.993153,0,0.88000,-0.93966,52.800,-1.879,-1,375.000,-1,400.000,-1,325.000,325.000,300.000,300.000,-1,-1,-1,-1,725.000,775.000,-1,-1,2,0,2,0,2,0,0,0,0,2,2,2,2,0,0,2,2
12,-7596.950,5288.435,-409.591,91.762,-0.035735,-0.993608,0.107082,0.998305,-0.030567,0.049524,-0.045934,0.108670,0.993016,0,0.95600,-0.94860,57.360,-1.897,-1,375.000,-1,400.000,-1,325.000,325.000,300.000,300.000,-1,-1,-1,-1,725.000,750.000,-1,-1,2,0,2,0,2,0,0,0,0,2,2,2,2,0,0,2,2
13,-7596.791,5346.147,-412.456,89.844,-0.002640,-0.994170,0.107795,0.998778,0.002699,0.049353,-0.049357,0.107793,0.992947,0,0.96183,-0.95880,57.710,-1.918,-1,375.000,-1,400.000,-1,325.000,325.000,300.000,300.000,-1,-1,-1,-1,725.000,750.000,-1,-1,2,0,2,0,2,0,0,0,0,2,2,2,2,0,0,2,2
14,-7594.668,5404.176,-415.551,87.906,0.030811,-0.993616,0.108524,0.998128,0.036326,0.049208,-0.052836,0.106804,0.992875,0,0.96776,-0.96910,58.066,-1.938,-1,375.000,-1,400.000,975.000,325.000,325.000,300.000,300.000,-1,-1,-1,-1,725.000,750.000,-1,-1,2,0,2,0,1,0,0,0,0,2,2,2,2,0,0,2,2
15,-7590.536,5462.459,-418.881,85.947,0.064586,-0.991912,0.109263,0.996319,0.070279,0.049084,-0.056366,0.105691,0.992800,0,0.97378,-0.97951,58.427,-1.959,-1,375.000,-1,400.000,900.000,325.000,325.000,300.000,300.000,-1,-1,-1,-1,700.000,725.000,-1,-1,2,0,2,0,1,0,0,0,0,2,2,2,2,0,0,2,2
16,-7584.354,5520.928,-422.452,83.967,0.098648,-0.989023,0.110006,0.993315,0.104524,0.048980,-0.059941,0.104439,0.992723,0,0.97987,-0.99004,58.792,-1.980,-1,400.000,-1,400.000,850.000,325.000,325.000,300.000,300.000,-1,-1,-1,-1,700.000,725.000,-1,-1,2,0,2,0,1,0,0,0,0,2,2,2,2,0,0,2,2
17,-7576.084,5579.510,-426.269,81.967,0.132937,-0.984918,0.110745,0.989085,0.138997,0.048895,-0.063551,0.103037,0.992645,0,0.98602,-1.00000,59.161,-2.000,-1,375.000,-1,400.000,775.000,325.000,325.000,300.000,300.000,-1,-1,-1,-1,700.000,725.000,-1,-1,2,0,2,0,1,0,0,0,0,2,2,2,2,0,0,2,2
18,-7565.709,5638.133,-430.335,79.967,0.167070,-0.979623,0.111474,0.983656,0.173313,0.048826,-0.067151,0.101495,0.992567,0,0.99219,-1.00000,59.532,-2.000,-1,375.000,-1,400.000,725.000,325.000,325.000,300.000,300.000,-1,-1,-1,-1,675.000,725.000,-1,-1,2,0,2,0,1,0,0,0,0,2,2,2,2,0,0,2,2
19,-7553.219,5696.717,-434.653,77.967,0.201006,-0.973145,0.112185,0.977033,0.207432,0.048773,-0.070734,0.099805,0.992490,0,0.99831,-1.00000,59.898,-2.000,-1,375.000,-1,400.000,650.000,325.000,325.000,300.000,300.000,-1,-1,-1,-1,675.000,700.000,-1,950.000,2,0,2,0,1,0,0,0,0,2,2,2,2,0,0,2,1
20,-7538.667,5754.928,-439.204,75.967,0.234708,-0.965491,0.112867,0.969223,0.241312,0.048737,-0.074291,0.097954,0.992414,0,1.00000,-1.00000,60.000,-2.000,-1,375.000,-1,375.000,600.000,300.000,325.000,300.000,300.000,-1,-1,-1,-1,675.000,700.000,-1,850.000,2,0,2,0,1,0,0,0,0,2,2,2,2,0,0,2,1
21,-7522.092,5812.595,-443.978,73.967,0.268135,-0.956670,0.113517,0.960233,0.274915,0.048723,-0.077819,0.095939,0.992341,0,1.00000,-1.00000,60.000,-2.000,-1,375.000,-1,375.000,550.000,300.000,300.000,300.000,300.000,-1,-1,-1,-1,650.000,700.000,-1,750.000,2,0,2,0,1,0,0,0,0,2,2,2,2,0,0,2,1
22,-7503.515,5869.649,-448.728,71.967,0.301248,-0.946601,0.114871,0.950131,0.308170,0.047780,-0.080629,0.094748,0.992231,0,1.00000,-1.00000,60.000,-2.000,-1,375.000,-1,375.000,500.000,300.000,300.000,300.000,300.000,-1,-1,-1,-1,650.000,675.000,-1,675.000,2,0,2,0,1,0,0,0,0,2,2,2,2,0,0,2,1
23,-7484.822,5921.589,-453.059,70.207,0.330108,-0.936712,0.116617,0.940347,0.337105,0.045916,-0.082322,0.094504,0.992115,0,0.92000,-0.88000,55.200,-1.760,-1,375.000,-1,375.000,450.000,300.000,300.000,300.000,300.000,-1,-1,-1,-1,650.000,675.000,-1,600.000,2,0,2,0,1,0,0,0,0,2,2,2,2,0,1,2,1
24,-7465.870,5970.165,-457.284,68.687,0.354788,-0.927453,0.118141,0.931197,0.361839,0.044105,-0.083653,0.094364,0.992017,0,0.86902,-0.76000,52.141,-1.520,-1,375.000,-1,375.000,425.000,300.000,300.000,300.000,300.000,-1,-1,-1,-1,650.000,650.000,-1,525.000,2,0,2,0,1,0,0,0,0,2,2,2,2,0,1,2,1
25,-7445.764,6018.483,-461.608,67.407,0.375378,-0.919136,0.119499,0.922997,0.382465,0.042380,-0.084658,0.094389,0.991929,0,0.87223,-0.64000,52.334,-1.280,-1,375.000,-1,375.000,375.000,300.000,300.000,300.000,300.000,-1,-1,-1,-1,650.000,600.000,-1,475.000,2,0,2,0,1,0,0,0,0,2,2,2,2,0,1,2,1
26,-7424.743,6066.521,-465.692,66.367,0.392192,-0.912124,0.119228,0.916017,0.399120,0.040203,-0.084256,0.093447,0.992053,0,0.87392,-0.52000,52.435,-1.040,-1,375.000,-1,375.000,350.000,300.000,300.000,300.000,300.000,-1,-1,-1,-1,650.000,550.000,-1,425.000,2,0,2,0,1,0,0,0,0,2,2,2,2,0,1,2,1
27,-7403.054,6114.259,-469.762,65.567,0.405141,-0.906540,0.118517,0.910461,0.411852,0.037927,-0.083194,0.092540,0.992227,0,0.87389,-0.40000,52.433,-0.800,-1,375.000,-1,375.000,325.000,300.000,300.000,300.000,300.000,-1,-1,-1,-1,650.000,525.000,-1,400.000,2,0,2,0,1,0,0,0,0,2,2,2,2,0,1,2,1
28,-7380.951,6161.674,-473.863,65.007,0.414246,-0.902524,0.117691,0.906491,0.420717,0.035658,-0.081696,0.091915,0.992410,0,0.87189,-0.28000,52.313,-0.560,-1,375.000,-1,375.000,275.000,300.000,300.000,300.000,300.000,-1,-1,-1,-1,650.000,500.000,-1,350.000,2,0,2,0,1,0,0,0,0,2,2,2,2,0,1,2,1
29,-7358.621,6208.704,-477.974,64.601,0.420902,-0.899557,0.116781,0.903579,0.427118,0.033387,-0.079912,0.091469,0.992596,0,0.86770,-0.20297,52.062,-0.406,-1,375.000,-1,375.000,250.000,300.000,300.000,300.000,300.000,-1,-1,950.000,-1,650.000,475.000,-1,325.000,2,0,2,0,1,0,0,0,1,2,2,0,2,0,1,2,1
30,-7336.083,6255.227,-482.097,64.152,0.428211,-0.896227,0.115812,0.900292,0.434173,0.031114,-0.078168,0.090941,0.992784,0,0.86158,-0.22443,51.695,-0.449,1000.000,375.000,-1,375.000,225.000,300.000,300.000,300.000,275.000,-1,925.000,675.000,-1,650.000,450.000,1000.000,275.000,1,0,2,1,1,0,0,0,1,2,0,0,2,0,1,1,1
31,-7313.334,6301.174,-486.231,63.660,0.436165,-0.892516,0.114780,0.896612,0.441877,0.028848,-0.076466,0.090330,0.992972,0,0.85450,-0.24596,51.270,-0.492,950.000,375.000,-1,350.000,200.000,300.000,300.000,300.000,275.000,-1,700.000,550.000,-1,650.000,400.000,950.000,250.000,1,0,2,1,1,0,0,0,1,2,0,0,2,0,1,1,1
32,-7290.375,6346.478,-490.374,63.126,0.444755,-0.888408,0.113682,0.892522,0.450218,0.026594,-0.074808,0.089636,0.993161,0,0.84651,-0.26746,50.790,-0.535,900.000,375.000,-1,325.000,175.000,300.000,325.000,300.000,250.000,-1,575.000,475.000,-1,650.000,375.000,925.000,200.000,1,0,2,1,1,0,0,0,1,2,0,0,2,0,1,1,1
33,-7267.204,6391.080,-494.521,62.548,0.453965,-0.883886,0.112522,0.888008,0.459183,0.024361,-0.073200,0.088861,0.993351,0,0.83769,-0.28880,50.262,-0.578,850.000,375.000,-1,300.000,150.000,300.000,325.000,300.000,225.000,-1,500.000,425.000,-1,650.000,350.000,875.000,175.000,1,0,2,1,1,0,0,0,1,2,0,0,2,0,1,1,1
34,-7243.830,6434.927,-495.539,61.947,0.464765,-0.879735,0.100301,0.883066,0.468817,0.020107,-0.064711,0.079228,0.994754,0,0.82815,-0.30070,49.689,-0.601,825.000,375.000,-1,300.000,125.000,325.000,325.000,300.000,225.000,-1,350.000,350.000,-1,675.000,350.000,850.000,150.000,1,0,2,1,1,0,0,0,1,2,0,0,2,0,1,1,1
35,-7220.279,6477.976,-493.765,61.332,0.476663,-0.875859,0.075256,0.877773,0.478882,0.013702,-0.048040,0.059527,0.997070,0,0.81787,-0.30721,49.072,-0.614,800.000,425.000,-1,275.000,125.000,350.000,325.000,275.000,200.000,-1,225.000,275.000,-1,750.000,350.000,825.000,150.000,1,0,2,1,1,0,1,0,1,2,0,0,2,0,1,1,1
36,-7196.585,6520.194,-491.817,60.706,0.487959,-0.871388,0.050785,0.872327,0.488876,0.006701,-0.030666,0.041031,0.998687,0,0.80690,-0.31294,48.414,-0.626,775.000,450.000,-1,275.000,100.000,375.000,325.000,275.000,200.000,1000.000,150.000,225.000,-1,750.000,350.000,800.000,125.000,1,0,2,1,1,0,1,0,1,0,0,0,2,1,1,1,1
37,-7172.772,6561.547,-489.939,60.070,0.498626,-0.866415,0.026405,0.866713,0.498807,0.000299,-0.013431,0.022737,0.999651,0,0.79535,-0.31790,47.721,-0.636,725.000,500.000,-1,275.000,100.000,425.000,325.000,275.000,200.000,650.000,125.000,200.000,-1,750.000,375.000,775.000,125.000,1,0,2,1,1,1,1,0,1,0,0,0,2,1,1,1,1
38,-7146.234,6606.751,-488.091,59.587,0.506238,-0.862394,0.000270,0.862377,0.506226,-0.006478,0.005450,0.003512,0.999979,0,0.87362,-0.24168,52.417,-0.483,700.000,525.000,-1,300.000,100.000,425.000,325.000,250.000,200.000,475.000,75.000,175.000,-1,750.000,400.000,775.000,125.000,1,0,2,1,1,1,1,0,1,0,0,0,2,1,1,1,1
39,-7119.541,6651.323,-486.119,59.083,0.513329,-0.857797,-0.026046,0.857869,0.513732,-0.011837,0.023534,-0.016268,0.999591,0,0.86589,-0.25215,51.954,-0.504,675.000,575.000,-1,300.000,100.000,450.000,350.000,250.000,175.000,375.000,25.000,175.000,-1,725.000,500.000,750.000,125.000,1,0,2,1,1,1,1,0,1,0,0,0,2,1,1,1,1
40,-7092.711,6695.213,-483.976,58.558,0.519930,-0.852588,-0.052597,0.853242,0.521285,-0.015504,0.040637,-0.036817,0.998495,0,0.85733,-0.26249,51.440,-0.525,650.000,600.000,-1,350.000,100.000,475.000,375.000,250.000,175.000,300.000,25.000,175.000,-1,725.000,-1,725.000,100.000,1,1,2,1,1,1,1,0,1,0,0,0,2,1,2,1,1
41,-7062.911,6742.537,-481.592,57.793,0.529033,-0.844603,-0.082278,0.846531,0.532024,-0.018316,0.059244,-0.059961,0.996441,0,0.93204,-0.38249,55.923,-0.765,600.000,575.000,-1,400.000,75.000,550.000,425.000,225.000,175.000,225.000,0.000,150.000,-1,700.000,-1,675.000,100.000,1,1,2,1,1,1,1,0,1,0,0,0,2,1,2,1,1
42,-7032.636,6788.839,-481.050,56.811,0.541343,-0.834418,-0.103414,0.837711,0.545794,-0.018668,0.072020,-0.076525,0.994463,0,0.92198,-0.49076,55.319,-0.982,550.000,575.000,-1,475.000,75.000,600.000,550.000,225.000,175.000,200.000,0.000,150.000,-1,700.000,-1,650.000,100.000,1,1,2,1,1,1,1,0,1,0,0,0,2,1,2,1,1
43,-327.606,-4263.628,-15.209,-40.202,0.635175,0.642375,-0.428843,-0.599577,0.760098,0.250515,0.486888,0.098004,0.867949,1,0.00000,0.00000,54.742,-1.002,200.000,425.000,-1,-1,350.000,500.000,-1,250.000,275.000,400.000,100.000,75.000,250.000,-1,-1,250.000,-1,1,1,2,2,1,1,2,1,1,1,0,0,1,2,2,1,2
44,6232.072,-2956.441,-537.792,-81.597,0.146219,0.988059,0.048575,-0.989251,0.145950,0.009056,0.001859,-0.049378,0.998778,1,0.08000,0.12000,4.800,0.240,650.000,375.000,550.000,375.000,575.000,325.000,350.000,275.000,275.000,650.000,-1,950.000,-1,475.000,450.000,575.000,500.000,1,0,1,1,1,0,0,0,0,1,2,0,2,1,1,1,1
45,6233.516,-2965.932,-537.792,-81.348,0.150514,0.987429,0.048258,-0.988606,0.150243,0.009203,0.001837,-0.049094,0.998792,0,0.16000,0.12447,9.600,0.249,625.000,375.000,550.000,375.000,575.000,325.000,350.000,275.000,275.000,650.000,-1,925.000,-1,475.000,450.000,550.000,500.000,1,0,1,1,1,0,1,0,0,1,2,0,2,1,1,1,1
46,6235.743,-2980.159,-537.792,-81.101,0.154782,0.986793,0.047773,-0.987947,0.154506,0.009421,0.001916,-0.048655,0.998814,0,0.24000,0.12363,14.400,0.247,625.000,375.000,525.000,350.000,550.000,325.000,325.000,275.000,275.000,675.000,-1,925.000,-1,475.000,425.000,550.000,475.000,1,0,1,1,1,0,0,0,0,1,2,0,2,1,1,1,1
47,6238.794,-2999.115,-537.794,-80.856,0.159016,0.986151,0.047112,-0.987274,0.158733,0.009707,0.002095,-0.048056,0.998842,0,0.32000,0.12261,19.200,0.245,600.000,375.000,525.000,350.000,525.000,325.000,325.000,275.000,275.000,675.000,-1,900.000,-1,450.000,425.000,525.000,450.000,1,1,1,1,1,0,1,0,0,1,2,0,2,1,1,1,1
48,6242.708,-3022.793,-537.799,-80.613,0.163208,0.985506,0.046270,-0.986589,0.162915,0.010057,0.002373,-0.047290,0.998878,0,0.40000,0.12137,24.000,0.243,575.000,375.000,500.000,325.000,475.000,325.000,300.000,275.000,275.000,700.000,-1,875.000,-1,425.000,400.000,500.000,425.000,1,1,1,1,1,1,1,0,0,1,2,0,2,1,1,1,1
49,6247.524,-3051.188,-537.808,-80.373,0.167351,0.984859,0.045240,-0.985894,0.167046,0.010466,0.002751,-0.046353,0.998921,0,0.48000,0.11990,28.800,0.240,550.000,350.000,475.000,325.000,450.000,300.000,300.000,275.000,275.000,725.000,-1,850.000,-1,425.000,375.000,475.000,400.000,1,1,1,1,1,1,1,0,0,1,2,0,2,1,1,1,1
50,6253.278,-3084.291,-537.823,-80.137,0.171434,0.984212,0.044018,-0.985190,0.171116,0.010930,0.003225,-0.045240,0.998971,0,0.56000,0.11816,33.600,0.236,525.000,325.000,425.000,300.000,400.000,275.000,275.000,275.000,275.000,775.000,-1,850.000,-1,375.000,350.000,450.000,350.000,1,1,1,1,1,1,1,0,0,1,2,0,2,1,1,1,1
51,6260.008,-3122.097,-537.844,-79.905,0.175446,0.983567,0.042599,-0.984482,0.175113,0.011443,0.003796,-0.043945,0.999027,0,0.64000,0.11610,38.400,0.232,475.000,300.000,400.000,275.000,350.000,250.000,250.000,275.000,275.000,800.000,-1,825.000,-1,350.000,325.000,400.000,325.000,1,1,1,1,1,1,1,0,0,1,2,0,2,1,1,1,1
52,6267.748,-3164.598,-537.872,-79.678,0.179372,0.982927,0.040978,-0.983771,0.179026,0.012000,0.004459,-0.042465,0.999088,0,0.72000,0.11368,43.200,0.227,425.000,275.000,350.000,225.000,300.000,225.000,225.000,275.000,275.000,850.000,-1,800.000,-1,325.000,275.000,375.000,275.000,1,1,1,1,1,1,1,0,0,1,2,0,2,1,1,1,1
53,6276.531,-3211.787,-537.907,-79.456,0.183198,0.982296,0.039151,-0.983062,0.182839,0.012595,0.005214,-0.040796,0.999154,0,0.80000,0.11081,48.000,0.222,375.000,225.000,300.000,200.000,250.000,200.000,200.000,275.000,275.000,900.000,-1,800.000,-1,275.000,225.000,325.000,225.000,1,1,1,1,1,1,1,0,0,1,2,0,2,1,1,1,1
54,6286.392,-3263.659,-534.892,-79.241,0.187357,0.981178,0.046766,-0.982190,0.186440,0.023290,0.014133,-0.050296,0.998634,0,0.88000,0.10741,52.800,0.215,325.000,200.000,275.000,175.000,200.000,175.000,175.000,275.000,300.000,925.000,800.000,625.000,-1,250.000,200.000,275.000,175.000,1,1,1,1,1,1,1,0,0,1,0,0,2,1,1,1,1
55,6296.708,-3316.817,-527.129,-79.034,0.192895,0.978798,0.068890,-0.980528,0.189649,0.050966,0.036821,-0.077380,0.996322,0,0.90248,0.10336,54.149,0.207,275.000,175.000,250.000,175.000,200.000,175.000,150.000,250.000,350.000,900.000,450.000,425.000,-1,225.000,200.000,225.000,175.000,1,1,1,1,1,1,1,0,0,1,0,0,2,1,1,1,1
56,6307.264,-3370.297,-514.793,-78.837,0.199475,0.977230,0.072334,-0.977151,0.192844,0.089369,0.073385,-0.088508,0.993368,0,0.90844,0.09878,54.507,0.198,250.000,175.000,250.000,150.000,225.000,150.000,150.000,275.000,425.000,675.000,225.000,275.000,-1,225.000,200.000,225.000,175.000,1,1,1,1,1,1,1,0,0,0,0,0,2,1,1,1,1
57,-9511.004,3607.651,-192.020,-4.490,0.992361,0.078194,0.095423,-0.082270,0.995825,0.039554,-0.091931,-0.047103,0.994651,1,0.00000,0.00000,54.853,0.187,-1,375.000,-1,400.000,-1,325.000,325.000,325.000,325.000,-1,775.000,625.000,-1,700.000,750.000,-1,-1,2,0,2,0,2,0,0,0,0,2,0,0,2,0,0,2,2
58,-9506.221,3607.255,-192.469,-4.730,0.992038,0.082363,0.095276,-0.086442,0.995474,0.039498,-0.091592,-0.047420,0.994667,0,0.08000,-0.12000,4.800,-0.240,-1,375.000,-1,400.000,-1,325.000,325.000,325.000,325.000,-1,775.000,625.000,-1,700.000,750.000,-1,-1,2,0,2,0,2,0,0,0,0,2,0,0,2,0,0,2,2
59,-9496.660,3606.384,-193.363,-5.210,0.991338,0.090697,0.094986,-0.094781,0.994719,0.039390,-0.090912,-0.048052,0.994699,0,0.16000,-0.24000,9.600,-0.480,-1,375.000,-1,400.000,-1,325.000,325.000,325.000,325.000,-1,775.000,625.000,-1,700.000,750.000,-1,-1,2,0,2,0,2,0,0,0,0,2,0,0,2,0,0,2,2
60,-9482.337,3604.897,-194.697,-5.930,0.990158,0.103185,0.094556,-0.107276,0.993455,0.039238,-0.089888,-0.048995,0.994746,0,0.24000,-0.36000,14.400,-0.720,-1,375.000,-1,400.000,-1,325.000,325.000,300.000,325.000,-1,775.000,625.000,-1,700.000,750.000,-1,-1,2,0,2,0,2,0,0,0,0,2,0,0,2,0,0,2,2
61,-9463.274,3602.611,-196.461,-6.838,0.988446,0.118912,0.093991,-0.123009,0.991637,0.039048,-0.088562,-0.050159,0.994807,0,0.32000,-0.45409,19.200,-0.908,-1,375.000,-1,400.000,-1,325.000,325.000,300.000,325.000,-1,775.000,625.000,-1,700.000,750.000,-1,-1,2,0,2,0,2,0,0,0,0,2,0,0,2,0,0,2,2
62,-9439.492,3599.377,-198.647,-7.748,0.986494,0.134632,0.093296,-0.138724,0.989570,0.038822,-0.087097,-0.051240,0.994881,0,0.40000,-0.45483,24.000,-0.910,-1,375.000,-1,400.000,-1,325.000,325.000,300.000,325.000,-1,775.000,625.000,-1,700.000,750.000,-1,-1,2,0,2,0,2,0,0,0,0,2,0,0,2,0,0,2,2
63,-9411.021,3595.041,-201.248,-8.659,0.984298,0.150349,0.092477,-0.154424,0.987252,0.038567,-0.085499,-0.052242,0.994968,0,0.48000,-0.45574,28.800,-0.911,-1,375.000,-1,400.000,-1,325.000,325.000,300.000,325.000,-1,775.000,625.000,-1,700.000,750.000,-1,-1,2,0,2,0,2,0,0,0,0,2,0,0,2,0,0,2,2
64,-9377.888,3589.454,-204.258,-9.573,0.981857,0.166062,0.091539,-0.170110,0.984681,0.038292,-0.083778,-0.053169,0.995065,0,0.56000,-0.45678,33.600,-0.914,-1,375.000,-1,400.000,-1,325.000,325.000,300.000,325.000,-1,775.000,625.000,-1,725.000,750.000,-1,-1,2,0,2,0,2,0,0,0,0,2,0,0,2,0,0,2,2
65,-9340.130,3582.464,-207.672,-10.488,0.979169,0.181770,0.090489,-0.185781,0.981856,0.038007,-0.081939,-0.054027,0.995172,0,0.64000,-0.45788,38.400,-0.916,-1,375.000,-1,400.000,-1,325.000,325.000,300.000,325.000,-1,775.000,625.000,-1,725.000,775.000,-1,-1,2,0,2,0,2,0,0,0,0,2,0,0,2,0,0,2,2
66,-9297.783,3573.921,-211.485,-11.406,0.976230,0.197467,0.089336,-0.201434,0.978775,0.037723,-0.079991,-0.054822,0.995287,0,0.72000,-0.45895,43.200,-0.918,-1,375.000,-1,400.000,-1,325.000,325.000,300.000,300.000,-1,750.000,600.000,-1,725.000,775.000,-1,-1,2,0,2,0,2,0,0,0,0,2,0,0,2,0,0,2,2
67,-9251.166,3563.941,-215.651,-12.084,0.973931,0.209030,0.088123,-0.212928,0.976355,0.037324,-0.078237,-0.055115,0.995410,0,0.79455,-0.33895,47.673,-0.678,-1,375.000,-1,400.000,-1,325.000,325.000,300.000,300.000,-1,750.000,575.000,-1,725.000,775.000,-1,-1,2,0,2,0,2,0,0,0,0,2,0,0,2,0,0,2,2
68,-9205.038,3553.643,-219.503,-12.583,0.972134,0.217534,0.087372,-0.221287,0.974554,0.035737,-0.077374,-0.054075,0.995535,0,0.78772,-0.24937,47.263,-0.499,-1,375.000,-1,400.000,-1,325.000,325.000,300.000,300.000,-1,775.000,600.000,-1,725.000,775.000,-1,-1,2,0,2,0,2,0,0,0,0,2,0,0,2,0,0,2,2
69,-9159.448,3543.048,-223.289,-13.082,0.970272,0.226021,0.086531,-0.229626,0.972680,0.034132,-0.076453,-0.052987,0.995664,0,0.78009,-0.24935,46.805,-0.499,-1,400.000,-1,400.000,-1,325.000,325.000,300.000,300.000,-1,800.000,600.000,-1,750.000,775.000,-1,-1,2,0,2,0,2,0,0,0,0,2,0,0,2,0,0,2,2
70,-9114.388,3532.164,-226.884,-13.579,0.968292,0.234466,0.086231,-0.237990,0.970707,0.033004,-0.075967,-0.052479,0.995728,0,0.77259,-0.24879,46.355,-0.498,-1,400.000,-1,400.000,-1,325.000,325.000,300.000,300.000,-1,875.000,650.000,-1,750.000,775.000,-1,-1,2,0,2,0,2,0,0,0,0,2,0,0,2,0,0,2,2
71,-9069.851,3520.998,-230.272,-14.075,0.966239,0.242848,0.086061,-0.246347,0.968636,0.032524,-0.075464,-0.052627,0.995759,0,0.76526,-0.24770,45.916,-0.495,-1,400.000,-1,400.000,-1,325.000,325.000,300.000,300.000,-1,925.000,725.000,-1,750.000,750.000,-1,-1,2,0,2,0,2,0,0,0,0,2,0,0,2,0,0,2,2
72,-9025.824,3509.557,-233.619,-14.567,0.964128,0.251157,0.085896,-0.254636,0.966504,0.032095,-0.074958,-0.052816,0.995787,0,0.75815,-0.24609,45.489,-0.492,-1,400.000,-1,400.000,-1,325.000,325.000,300.000,300.000,-1,1000.000,775.000,-1,750.000,750.000,-1,-1,2,0,2,0,2,0,0,0,0,2,0,0,2,0,0,2,2
73,-8982.293,3497.848,-236.929,-15.055,0.961963,0.259377,0.085739,-0.262838,0.964319,0.031709,-0.074455,-0.053038,0.995813,0,0.75129,-0.24400,45.077,-0.488,-1,400.000,-1,400.000,-1,325.000,325.000,300.000,300.000,-1,-1,850.000,-1,750.000,750.000,-1,-1,2,0,2,0,2,0,0,0,0,2,2,0,2,0,0,2,2
74,-8939.243,3485.879,-240.203,-15.538,0.959751,0.267491,0.085591,-0.270938,0.962086,0.031365,-0.073956,-0.053293,0.995837,0,0.74471,-0.24143,44.683,-0.483,-1,400.000,-1,400.000,-1,325.000,325.000,300.000,300.000,-1,-1,900.000,-1,750.000,750.000,-1,-1,2,0,2,0,2,0,0,0,0,2,2,0,2,0,0,2,2
75,-8896.656,3473.656,-243.445,-16.014,0.957500,0.275484,0.085454,-0.278921,0.959811,0.031065,-0.073462,-0.053579,0.995858,0,0.73845,-0.23841,44.307,-0.477,-1,400.000,-1,400.000,-1,325.000,325.000,300.000,300.000,-1,-1,975.000,-1,750.000,750.000,-1,-1,2,0,2,0,2,0,0,0,0,2,2,0,2,0,0,2,2
76,-8854.512,3461.185,-246.656,-16.484,0.955216,0.283342,0.085326,-0.286772,0.957503,0.030808,-0.072971,-0.053897,0.995877,0,0.73251,-0.23496,43.950,-0.470,-1,400.000,-1,400.000,-1,325.000,325.000,300.000,300.000,-1,-1,-1,-1,750.000,750.000,-1,-1,2,0,2,0,2,0,0,0,1,2,2,2,2,0,0,2,2
77,-8812.791,3448.472,-249.838,-16.947,0.952906,0.291051,0.085210,-0.294478,0.955169,0.030594,-0.072485,-0.054245,0.995893,0,0.72692,-0.23109,43.615,-0.462,-1,400.000,-1,400.000,-1,325.000,325.000,300.000,300.000,-1,-1,-1,-1,750.000,750.000,-1,-1,2,0,2,0,2,0,0,0,1,2,2,2,2,0,0,2,2
78,-8771.471,3435.523,-252.967,-17.400,0.950586,0.298599,0.084993,-0.302014,0.952820,0.030349,-0.071921,-0.054518,0.995919,0,0.72169,-0.22681,43.301,-0.454,-1,400.000,-1,400.000,-1,325.000,325.000,300.000,300.000,-1,-1,-1,-1,750.000,725.000,-1,-1,2,0,2,0,2,0,0,0,1,2,2,2,2,0,0,2,2
79,-8730.530,3422.344,-256.057,-17.845,0.948262,0.305975,0.084724,-0.309375,0.950463,0.030107,-0.071315,-0.054760,0.995950,0,0.71683,-0.22215,43.010,-0.444,-1,400.000,-1,400.000,-1,325.000,325.000,300.000,300.000,-1,-1,-1,-1,750.000,725.000,-1,-1,2,0,2,0,2,0,0,0,0,2,2,2,2,0,0,2,2
80,-8689.945,3408.938,-259.119,-18.279,0.945937,0.313165,0.084439,-0.316551,0.948104,0.029894,-0.070695,-0.055007,0.995980,0,0.71236,-0.21712,42.741,-0.434,-1,400.000,-1,400.000,-1,325.000,325.000,300.000,300.000,-1,-1,-1,-1,750.000,725.000,-1,-1,2,0,2,0,2,0,0,0,0,2,2,2,2,0,0,2,2
81,-8649.693,3395.312,-262.156,-18.702,0.943620,0.320160,0.084138,-0.323532,0.945751,0.029712,-0.070061,-0.055258,0.996011,0,0.70827,-0.21174,42.496,-0.423,-1,400.000,-1,400.000,-1,325.000,325.000,300.000,300.000,-1,-1,-1,-1,750.000,725.000,-1,-1,2,0,2,0,2,0,0,0,0,2,2,2,2,0,0,2,2
82,-8609.750,3381.469,-265.136,-19.114,0.941312,0.326950,0.083879,-0.330301,0.943418,0.029402,-0.069520,-0.055382,0.996042,0,0.70456,-0.20600,42.274,-0.412,-1,400.000,-1,400.000,-1,325.000,325.000,300.000,300.000,-1,-1,-1,-1,750.000,725.000,-1,-1,2,0,2,0,2,0,0,0,0,2,2,2,2,0,0,2,2
83,-8570.091,3367.415,-268.106,-19.514,0.939017,0.333523,0.083727,-0.336861,0.941104,0.029124,-0.069082,-0.055552,0.996063,0,0.70125,-0.19994,42.075,-0.400,-1,400.000,-1,400.000,-1,325.000,325.000,300.000,300.000,-1,-1,-1,-1,750.000,725.000,-1,-1,2,0,2,0,2,0,0,0,0,2,2,2,2,0,0,2,2
84,-8530.694,3353.152,-271.065,-19.901,0.936750,0.339869,0.083599,-0.343199,0.938818,0.028894,-0.068665,-0.055757,0.996080,0,0.69832,-0.19354,41.899,-0.387,-1,400.000,-1,400.000,-1,325.000,325.000,300.000,300.000,-1,-1,-1,-1,750.000,700.000,-1,-1,2,0,2,0,2,0,0,0,0,2,2,2,2,0,0,2,2
85,-8491.534,3338.686,-274.001,-20.275,0.934524,0.345982,0.083432,-0.349299,0.936572,0.028671,-0.068221,-0.055936,0.996101,0,0.69578,-0.18684,41.747,-0.374,-1,400.000,-1,375.000,-1,325.000,325.000,300.000,300.000,-1,-1,-1,-1,750.000,700.000,-1,-1,2,0,2,0,2,0,0,0,0,2,2,2,2,0,0,2,2
86,-8452.585,3324.020,-276.880,-20.635,0.932337,0.351848,0.083369,-0.355167,0.934367,0.028542,-0.067855,-0.056221,0.996110,0,0.69363,-0.17983,41.618,-0.360,-1,400.000,-1,375.000,-1,325.000,325.000,300.000,300.000,-1,-1,-1,-1,750.000,700.000,-1,-1,2,0,2,0,2,0,0,0,0,2,2,2,2,0,0,2,2
87,-8413.825,3309.157,-279.692,-20.980,0.930192,0.357460,0.083455,-0.360795,0.932208,0.028539,-0.067596,-0.056657,0.996103,0,0.69186,-0.17252,41.512,-0.345,-1,400.000,-1,375.000,-1,325.000,325.000,300.000,300.000,-1,-1,-1,-1,750.000,700.000,-1,-1,2,0,2,0,2,0,0,0,0,2,2,2,2,0,0,2,2
88,-8375.229,3294.102,-282.418,-21.309,0.928124,0.362806,0.083413,-0.366172,0.930100,0.028857,-0.067113,-0.057326,0.996097,0,0.69047,-0.16492,41.428,-0.330,-1,400.000,-1,375.000,-1,325.000,325.000,300.000,300.000,-1,-1,-1,-1,750.000,700.000,-1,-1,2,0,2,0,2,0,0,0,0,2,2,2,2,0,0,2,2
89,-8336.773,3278.859,-285.066,-21.623,0.926138,0.367880,0.083257,-0.371289,0.928050,0.029466,-0.066426,-0.058202,0.996092,0,0.68945,-0.15703,41.367,-0.314,-1,400.000,-1,375.000,-1,325.000,325.000,300.000,300.000,-1,-1,-1,-1,750.000,700.000,-1,-1,2,0,2,0,2,0,0,0,0,2,2,2,2,0,0,2,2
90,-8298.432,3263.430,-287.692,-21.921,0.924236,0.372678,0.083064,-0.376129,0.926077,0.030130,-0.065695,-0.059089,0.996089,0,0.68881,-0.14886,41.329,-0.298,-1,400.000,-1,375.000,-1,325.000,325.000,300.000,300.000,-1,-1,-1,-1,750.000,700.000,-1,-1,2,0,2,0,2,0,0,0,0,2,2,2,2,0,0,2,2
91,-8260.182,3247.820,-290.298,-22.202,0.922423,0.377192,0.082833,-0.380685,0.924190,0.030847,-0.064918,-0.059988,0.996086,0,0.68854,-0.14040,41.312,-0.281,-1,400.000,-1,375.000,-1,325.000,325.000,300.000,300.000,-1,-1,-1,-1,750.000,675.000,-1,-1,2,0,2,0,2,0,0,0,0,2,2,2,2,0,0,2,2
92,-8221.999,3232.032,-292.879,-22.465,0.920708,0.381416,0.082577,-0.384948,0.922398,0.031581,-0.064123,-0.060865,0.996084,0,0.68864,-0.13168,41.318,-0.263,-1,400.000,-1,375.000,-1,325.000,325.000,300.000,300.000,-1,-1,-1,-1,750.000,675.000,-1,-1,2,0,2,0,2,0,0,0,0,2,2,2,2,0,0,2,2
93,-8188.258,3218.064,-295.134,-22.489,0.920577,0.381781,0.082352,-0.385337,0.922216,0.032154,-0.063671,-0.061334,0.996084,0,0.60864,-0.01168,36.518,-0.023,-1,400.000,-1,375.000,975.000,325.000,325.000,300.000,300.000,-1,-1,-1,-1,750.000,675.000,-1,-1,2,0,2,0,1,0,0,0,0,2,2,2,2,0,0,2,2
94,-8158.906,3206.043,-297.098,-22.272,0.922037,0.378287,0.082136,-0.381856,0.923644,0.032661,-0.063509,-0.061479,0.996086,0,0.52864,0.10832,31.718,0.217,-1,400.000,-1,375.000,950.000,325.000,325.000,300.000,300.000,-1,-1,-1,-1,750.000,675.000,-1,-1,2,0,2,0,1,0,0,0,0,2,2,2,2,0,0,2,2
95,-8133.916,3196.040,-298.779,-21.815,0.925044,0.370918,0.081933,-0.374489,0.926641,0.033089,-0.063649,-0.061292,0.996088,0,0.44864,0.22832,26.918,0.457,-1,400.000,-1,375.000,925.000,325.000,325.000,300.000,300.000,-1,-1,-1,-1,750.000,675.000,-1,-1,2,0,2,0,1,0,0,0,0,2,2,2,2,0,0,2,2
96,-8113.284,3188.070,-300.183,-21.119,0.929505,0.359636,0.081752,-0.363198,0.931112,0.033430,-0.064097,-0.060766,0.996092,0,0.36864,0.34832,22.118,0.697,-1,400.000,-1,375.000,900.000,325.000,325.000,300.000,300.000,-1,-1,-1,1000.000,750.000,675.000,-1,-1,2,0,2,0,1,0,0,0,0,2,2,2,1,0,0,2,2
97,-8097.030,3182.095,-301.308,-20.182,0.935276,0.344385,0.081596,-0.347927,0.936916,0.033676,-0.064851,-0.059886,0.996096,0,0.28864,0.46832,17.318,0.937,-1,400.000,-1,375.000,875.000,325.000,325.000,300.000,300.000,-1,-1,-1,1000.000,750.000,675.000,-1,-1,2,0,2,0,1,0,0,0,0,2,2,2,1,0,0,2,2
98,-8085.194,3178.018,-302.151,-19.005,0.942165,0.325097,0.081472,-0.328607,0.943861,0.033822,-0.065903,-0.058638,0.996102,0,0.20864,0.58832,12.518,1.177,-1,400.000,-1,375.000,875.000,325.000,325.000,300.000,300.000,-1,-1,-1,975.000,750.000,675.000,-1,-1,2,0,2,0,1,0,0,0,0,2,2,2,1,0,0,2,2
99,-8077.847,3175.655,-302.693,-17.818,0.948708,0.305500,0.081387,-0.308973,0.950467,0.033878,-0.067006,-0.057287,0.996107,0,0.12864,0.59348,7.718,1.187,-1,400.000,-1,375.000,875.000,325.000,325.000,300.000,300.000,-1,-1,-1,975.000,750.000,675.000,-1,-1,2,0,2,0,1,0,0,0,0,2,2,2,1,0,0,2,2
100,-8075.052,3174.819,-302.923,-16.627,0.954861,0.285698,0.081343,-0.289129,0.956691,0.033851,-0.068149,-0.055842,0.996111,0,0.04864,0.59561,2.918,1.191,-1,400.000,-1,375.000,875.000,325.000,325.000,300.000,300.000,-1,-1,-1,950.000,750.000,675.000,-1,-1,2,0,2,0,1,0,0,0,0,2,2,2,1,0,0,2,2
101,-8076.866,3175.319,-302.828,-15.434,0.960607,0.265742,0.081340,-0.269127,0.962513,0.033746,-0.069324,-0.054307,0.996115,0,-0.03136,0.59643,-1.882,1.193,-1,400.000,-1,375.000,900.000,325.000,325.000,300.000,300.000,-1,-1,-1,950.000,750.000,675.000,-1,-1,2,0,2,0,1,0,0,0,0,2,2,2,1,0,0,2,2
102,-8074.041,3174.589,-303.060,-14.482,0.964900,0.249715,0.081307,-0.253064,0.966862,0.033719,-0.070193,-0.053112,0.996119,0,0.04864,0.47643,2.918,0.953,-1,400.000,-1,375.000,900.000,325.000,325.000,300.000,300.000,-1,-1,-1,950.000,750.000,675.000,-1,-1,2,0,2,0,1,0,0,0,0,2,2,2,1,0,0,2,2
103,-8066.545,3172.751,-303.625,-13.769,0.967941,0.237677,0.081242,-0.241002,0.969937,0.033770,-0.070774,-0.052267,0.996122,0,0.12864,0.35643,7.718,0.713,-1,400.000,-1,375.000,925.000,325.000,325.000,300.000,300.000,-1,-1,-1,950.000,750.000,675.000,-1,-1,2,0,2,0,1,0,0,0,0,2,2,2,1,0,0,2,2
104,-8054.363,3169.872,-304.527,-13.296,0.969880,0.229670,0.081143,-0.232982,0.971890,0.033901,-0.071076,-0.051785,0.996126,0,0.20864,0.23643,12.518,0.473,-1,400.000,-1,375.000,925.000,325.000,325.000,300.000,300.000,-1,-1,-1,950.000,750.000,675.000,-1,-1,2,0,2,0,1,0,0,0,0,2,2,2,1,0,0,2,2
105,-8037.493,3165.958,-305.765,-13.063,0.970819,0.225719,0.081007,-0.229031,0.972821,0.034113,-0.071105,-0.051671,0.996130,0,0.28864,0.11643,17.318,0.233,-1,400.000,-1,375.000,900.000,325.000,325.000,300.000,300.000,-1,-1,-1,950.000,750.000,675.000,-1,-1,2,0,2,0,1,0,0,0,0,2,2,2,1,0,0,2,2
106,-8015.948,3160.956,-307.334,-13.070,0.970806,0.225837,0.080829,-0.229162,0.972780,0.034413,-0.070857,-0.051931,0.996134,0,0.36864,-0.00357,22.118,-0.007,-1,400.000,-1,375.000,900.000,325.000,325.000,300.000,300.000,-1,-1,-1,975.000,750.000,675.000,-1,-1,2,0,2,0,1,0,0,0,0,2,2,2,1,0,0,2,2
107,-7989.753,3154.756,-309.226,-13.317,0.969841,0.230024,0.080605,-0.233373,0.971764,0.034807,-0.070323,-0.052569,0.996138,0,0.44864,-0.12357,26.918,-0.247,-1,400.000,-1,375.000,875.000,325.000,325.000,300.000,300.000,-1,-1,-1,1000.000,750.000,675.000,-1,-1,2,0,2,0,1,0,0,0,0,2,2,2,1,0,0,2,2
108,-7959.819,3147.402,-311.366,-13.804,0.967872,0.238264,0.080338,-0.241649,0.969722,0.035293,-0.069496,-0.053573,0.996143,0,0.51373,-0.24357,30.824,-0.487,-1,400.000,-1,375.000,875.000,325.000,325.000,300.000,300.000,-1,-1,-1,-1,750.000,675.000,-1,-1,2,0,2,0,1,0,0,0,0,2,2,2,2,0,0,2,2
109,-7929.835,3139.631,-313.502,-14.531,0.964796,0.250532,0.080012,-0.253966,0.966546,0.035927,-0.068334,-0.054983,0.996146,0,0.51625,-0.36357,30.975,-0.727,-1,400.000,-1,375.000,850.000,325.000,325.000,300.000,300.000,-1,-1,-1,-1,750.000,675.000,-1,-1,2,0,2,0,1,0,0,0,0,2,2,2,2,0,0,2,2
110,-7899.811,3131.307,-315.574,-15.499,0.960469,0.266787,0.079518,-0.270263,0.962093,0.036534,-0.066757,-0.056580,0.996164,0,0.51927,-0.48357,31.156,-0.967,-1,400.000,-1,375.000,825.000,325.000,325.000,300.000,300.000,-1,-1,-1,-1,750.000,675.000,-1,-1,2,0,2,0,1,0,0,0,0,2,2,2,2,0,0,2,2
111,-7869.772,3122.292,-317.598,-16.706,0.954679,0.286965,0.078981,-0.290486,0.956157,0.037183,-0.064848,-0.058441,0.996182,0,0.52271,-0.60357,31.362,-1.207,-1,400.000,-1,375.000,775.000,325.000,325.000,300.000,300.000,-1,-1,-1,-1,750.000,675.000,-1,-1,2,0,2,0,1,0,0,0,0,2,2,2,2,0,0,2,2
112,-7836.413,3111.356,-319.792,-18.153,0.947180,0.310981,0.078359,-0.314549,0.948482,0.037958,-0.062518,-0.060601,0.996202,0,0.58509,-0.72357,35.106,-1.447,-1,400.000,-1,375.000,750.000,325.000,325.000,300.000,300.000,-1,-1,-1,-1,750.000,675.000,-1,975.000,2,0,2,0,1,0,0,0,0,2,2,2,2,0,0,2,1
113,-7803.003,3099.304,-321.908,-19.840,0.937667,0.338720,0.077775,-0.342341,0.938772,0.038852,-0.059853,-0.063056,0.996214,0,0.59194,-0.84357,35.517,-1.687,-1,400.000,-1,375.000,725.000,325.000,300.000,300.000,300.000,-1,-1,-1,-1,725.000,650.000,-1,900.000,2,0,2,0,1,0,0,0,0,2,2,2,2,0,0,2,1
114,-7769.560,3086.115,-323.941,-21.525,0.927358,0.366111,0.077263,-0.369787,0.928262,0.039849,-0.057131,-0.065526,0.996214,0,0.59915,-0.84224,35.949,-1.684,-1,400.000,-1,375.000,675.000,325.000,300.000,300.000,300.000,-1,1000.000,-1,-1,725.000,650.000,-1,850.000,2,0,2,0,1,0,0,0,0,2,0,2,2,0,0,2,1
115,-7736.118,3071.785,-325.889,-23.199,0.916329,0.393010,0.076707,-0.396736,0.917017,0.040988,-0.054233,-0.067991,0.996211,0,0.60637,-0.83712,36.382,-1.674,-1,400.000,-1,375.000,650.000,325.000,300.000,300.000,300.000,-1,900.000,975.000,-1,725.000,650.000,-1,800.000,2,0,2,0,1,0,0,0,0,2,0,0,2,0,0,2,1
116,-7702.713,3056.307,-327.737,-24.863,0.904606,0.419400,0.076105,-0.423171,0.905061,0.042318,-0.051131,-0.070487,0.996201,0,0.61361,-0.83199,36.817,-1.664,-1,400.000,-1,375.000,625.000,325.000,300.000,300.000,300.000,-1,800.000,900.000,-1,725.000,650.000,-1,750.000,2,0,2,0,1,0,0,0,0,2,0,0,2,0,0,2,1
117,-7669.378,3039.677,-329.512,-26.516,0.892209,0.445266,0.075503,-0.449072,0.892426,0.043698,-0.047924,-0.072894,0.996188,0,0.62086,-0.82683,37.252,-1.654,-1,400.000,-1,375.000,600.000,325.000,300.000,300.000,300.000,-1,700.000,800.000,-1,700.000,650.000,-1,700.000,2,0,2,0,1,0,0,0,0,2,0,0,2,0,0,2,1
118,-7636.150,3021.893,-331.209,-28.160,0.879165,0.470594,0.074903,-0.474425,0.879139,0.045126,-0.044614,-0.075209,0.996169,0,0.62812,-0.82165,37.687,-1.643,-1,400.000,-1,375.000,575.000,325.000,300.000,300.000,300.000,-1,625.000,725.000,-1,700.000,650.000,-1,650.000,2,0,2,0,1,0,0,0,0,2,0,0,2,0,0,2,1
119,-7603.063,3002.951,-332.810,-29.793,0.865495,0.495368,0.074359,-0.499217,0.865222,0.046623,-0.041241,-0.077473,0.996141,0,0.63540,-0.81645,38.124,-1.633,-1,375.000,-1,375.000,525.000,300.000,300.000,300.000,300.000,-1,575.000,675.000,-1,700.000,650.000,-1,600.000,2,0,2,0,1,0,0,0,0,2,0,0,2,0,1,2,1
120,-7570.153,2982.853,-334.292,-31.415,0.851219,0.519573,0.073962,-0.523443,0.850696,0.048215,-0.037868,-0.079756,0.996095,0,0.64268,-0.81122,38.561,-1.622,-1,375.000,-1,375.000,500.000,300.000,300.000,300.000,300.000,-1,550.000,625.000,-1,675.000,625.000,-1,575.000,2,0,2,0,1,0,0,0,0,2,0,0,2,0,1,2,1
121,-7537.455,2961.599,-335.675,-33.027,0.836371,0.543200,0.073611,-0.547082,0.835593,0.049854,-0.034428,-0.081968,0.996040,0,0.64997,-0.80597,38.998,-1.612,-1,375.000,-1,375.000,475.000,300.000,300.000,300.000,300.000,-1,500.000,600.000,-1,675.000,575.000,-1,525.000,2,0,2,0,1,0,0,0,0,2,0,0,2,0,1,2,1
122,-7505.003,2939.190,-336.954,-34.628,0.820975,0.566238,0.073310,-0.570126,0.819939,0.051538,-0.030927,-0.084107,0.995977,0,0.65727,-0.80071,39.436,-1.601,-1,375.000,1000.000,375.000,450.000,300.000,300.000,300.000,300.000,-1,500.000,575.000,-1,675.000,550.000,-1,475.000,2,0,1,0,1,0,0,0,0,2,0,0,2,0,1,2,1
123,-7472.832,2915.629,-338.066,-36.219,0.805077,0.588691,0.072767,-0.592548,0.803778,0.053182,-0.027181,-0.085934,0.995930,0,0.66458,-0.79542,39.875,-1.591,-1,375.000,900.000,375.000,425.000,300.000,300.000,300.000,300.000,-1,475.000,550.000,-1,650.000,500.000,-1,450.000,2,0,1,0,1,0,0,0,0,2,0,0,2,0,1,2,1
124,-7437.459,2888.418,-339.000,-37.570,0.791162,0.607419,0.071456,-0.611169,0.789602,0.054776,-0.023150,-0.087009,0.995939,0,0.74379,-0.67542,44.627,-1.351,-1,375.000,825.000,375.000,375.000,300.000,300.000,300.000,300.000,-1,450.000,500.000,-1,650.000,475.000,-1,400.000,2,0,1,0,1,0,0,0,0,2,0,0,2,0,1,2,1
125,-7402.259,2860.238,-339.788,-38.681,0.779412,0.622568,0.070188,-0.626207,0.777623,0.056275,-0.019544,-0.087814,0.995945,0,0.75148,-0.55542,45.089,-1.111,-1,375.000,775.000,375.000,350.000,300.000,300.000,300.000,300.000,-1,450.000,500.000,-1,650.000,450.000,-1,375.000,2,0,1,0,1,0,0,0,0,2,0,0,2,0,1,2,1
126,-7367.146,2831.240,-340.474,-39.552,0.770026,0.634275,0.068954,-0.637805,0.768023,0.057842,-0.016270,-0.088519,0.995942,0,0.75898,-0.43542,45.539,-0.871,-1,375.000,700.000,350.000,325.000,300.000,300.000,300.000,300.000,-1,425.000,475.000,-1,650.000,400.000,-1,325.000,2,0,1,1,1,0,0,0,0,2,0,0,2,0,1,2,1
127,-7332.066,2801.613,-341.072,-40.183,0.763153,0.642656,0.067754,-0.646080,0.760950,0.059465,-0.013342,-0.089155,0.995928,0,0.76528,-0.31542,45.917,-0.631,-1,375.000,650.000,325.000,275.000,300.000,300.000,300.000,300.000,-1,425.000,475.000,-1,650.000,375.000,-1,300.000,2,0,1,1,1,0,0,0,0,2,0,0,2,0,1,2,1
128,-7296.993,2771.580,-341.529,-40.573,0.758913,0.647813,0.066249,-0.651106,0.756526,0.061066,-0.010559,-0.089479,0.995933,0,0.76957,-0.19542,46.174,-0.391,-1,375.000,600.000,300.000,250.000,300.000,300.000,325.000,325.000,-1,425.000,475.000,-1,650.000,350.000,-1,250.000,2,0,1,1,1,0,0,0,0,2,0,0,2,0,1,2,1
129,-7261.822,2741.301,-341.811,-40.724,0.757380,0.649812,0.064181,-0.652928,0.754829,0.062595,-0.007771,-0.089313,0.995973,0,0.77348,-0.07542,46.409,-0.151,-1,375.000,550.000,275.000,200.000,300.000,300.000,325.000,325.000,-1,400.000,450.000,-1,650.000,300.000,-1,225.000,2,0,1,1,1,0,1,0,0,2,0,0,2,0,1,2,1
130,-7226.448,2710.943,-342.050,-40.635,0.758549,0.648647,0.062132,-0.651594,0.755851,0.064146,-0.005354,-0.089142,0.996004,0,0.77692,0.04458,46.615,0.089,-1,375.000,525.000,250.000,175.000,300.000,275.000,325.000,325.000,-1,400.000,450.000,-1,650.000,275.000,-1,175.000,2,0,1,1,1,0,1,0,0,2,0,0,2,0,1,2,1
131,-7190.764,2680.684,-340.097,-40.306,0.762792,0.643821,0.060361,-0.646637,0.759008,0.075949,0.003083,-0.096965,0.995283,0,0.77978,0.16458,46.787,0.329,-1,375.000,500.000,225.000,150.000,325.000,250.000,300.000,325.000,-1,325.000,375.000,-1,675.000,275.000,-1,150.000,2,0,1,1,1,0,1,0,1,2,0,0,2,0,1,2,1
132,-7154.673,2650.711,-334.477,-39.737,0.770466,0.634775,0.058677,-0.637107,0.763592,0.104982,0.021835,-0.118269,0.992742,0,0.78190,0.28458,46.914,0.569,-1,425.000,500.000,225.000,150.000,350.000,250.000,300.000,350.000,975.000,200.000,300.000,-1,675.000,250.000,-1,150.000,2,0,1,1,1,0,1,0,1,0,0,0,2,1,1,2,1
