timestep,x_cm,y_cm,z_cm,yaw_deg,basis_xx,basis_xy,basis_xz,basis_yx,basis_yy,basis_yz,basis_zx,basis_zy,basis_zz,teleport_flag,throttle_cmd,steering_cmd,cmd_move_cm,cmd_turn_deg,lidar_cm_0,lidar_cm_1,lidar_cm_2,lidar_cm_3,lidar_cm_4,lidar_cm_5,lidar_cm_6,lidar_cm_7,lidar_cm_8,lidar_cm_9,lidar_cm_10,lidar_cm_11,lidar_cm_12,lidar_cm_13,lidar_cm_14,lidar_cm_15,lidar_cm_16,lidar_class_0,lidar_class_1,lidar_class_2,lidar_class_3,lidar_class_4,lidar_class_5,lidar_class_6,lidar_class_7,lidar_class_8,lidar_class_9,lidar_class_10,lidar_class_11,lidar_class_12,lidar_class_13,lidar_class_14,lidar_class_15,lidar_class_16
0,-3610.498,-1635.983,-316.051,126.669,-0.597016,-0.801804,-0.026127,0.802198,-0.596965,-0.010548,-0.007139,-0.027257,0.999603,1,0.08000,0.12000,4.800,0.240,-1,400.000,-1,400.000,-1,325.000,325.000,300.000,300.000,-1,525.000,625.000,-1,825.000,800.000,-1,-1,2,0,2,0,2,0,0,0,0,2,1,1,2,0,0,2,2
1,-3616.269,-1628.312,-316.140,126.954,-0.600998,-0.798819,-0.026236,0.799216,-0.600951,-0.010542,-0.007346,-0.027304,0.999600,0,0.16000,0.14269,9.600,0.285,-1,400.000,-1,400.000,-1,325.000,325.000,300.000,300.000,-1,550.000,625.000,-1,825.000,800.000,-1,-1,2,0,2,0,2,0,0,0,0,2,1,1,2,0,0,2,2
2,-3624.983,-1616.848,-316.276,127.238,-0.604942,-0.795832,-0.026402,0.796234,-0.604897,-0.010546,-0.007578,-0.027402,0.999596,0,0.24000,0.14185,14.400,0.284,-1,400.000,-1,400.000,-1,325.000,325.000,300.000,300.000,-1,550.000,650.000,-1,825.000,800.000,-1,-1,2,0,2,0,2,0,0,0,0,2,1,1,2,0,0,2,2
3,-3636.676,-1601.619,-316.461,127.519,-0.608834,-0.792850,-0.026624,0.793259,-0.608793,-0.010559,-0.007837,-0.027548,0.999590,0,0.32000,0.14059,19.200,0.281,-1,400.000,-1,400.000,-1,325.000,325.000,300.000,300.000,-1,575.000,675.000,-1,825.000,800.000,-1,-1,2,0,2,0,2,0,0,0,0,2,1,1,2,0,0,2,2
4,-3651.385,-1582.655,-316.701,127.797,-0.612665,-0.789885,-0.026899,0.790301,-0.612628,-0.010578,-0.008124,-0.027739,0.999582,0,0.40000,0.13892,24.000,0.278,-1,400.000,-1,400.000,-1,325.000,325.000,300.000,300.000,-1,600.000,700.000,-1,825.000,800.000,-1,-1,2,0,2,0,2,0,0,0,0,2,1,1,2,0,0,2,2
5,-3669.144,-1559.982,-317.000,128.070,-0.616422,-0.786945,-0.027226,0.787370,-0.616389,-0.010598,-0.008442,-0.027970,0.999573,0,0.48000,0.13682,28.800,0.274,-1,400.000,-1,400.000,-1,325.000,325.000,300.000,300.000,-1,650.000,725.000,-1,825.000,800.000,-1,-1,2,0,2,0,2,0,0,0,0,2,1,1,2,0,0,2,2
6,-3689.987,-1533.628,-317.359,128.339,-0.620095,-0.784040,-0.027617,0.784477,-0.620067,-0.010616,-0.008801,-0.028248,0.999562,0,0.56000,0.13431,33.600,0.269,-1,400.000,-1,400.000,-1,325.000,325.000,300.000,300.000,-1,675.000,775.000,-1,825.000,800.000,-1,-1,2,0,2,0,2,0,0,0,0,2,1,1,2,0,0,2,2
7,-3711.988,-1506.069,-317.740,128.602,-0.623672,-0.781181,-0.028080,0.781632,-0.623650,-0.010624,-0.009213,-0.028574,0.999549,0,0.58773,0.13138,35.264,0.263,-1,400.000,-1,400.000,-1,325.000,325.000,300.000,300.000,-1,725.000,825.000,-1,825.000,800.000,-1,-1,2,0,2,0,2,0,0,0,0,2,1,1,2,0,0,2,2
8,-3734.205,-1478.495,-318.133,128.858,-0.627152,-0.778373,-0.028566,0.778837,-0.627136,-0.010619,-0.009649,-0.028908,0.999536,0,0.59019,0.12830,35.411,0.257,-1,400.000,-1,400.000,-1,325.000,325.000,300.000,300.000,-1,750.000,850.000,-1,825.000,800.000,-1,-1,2,0,2,0,2,0,0,0,0,2,1,1,2,0,0,2,2
9,-3756.636,-1450.902,-318.538,129.109,-0.630534,-0.775617,-0.029074,0.776096,-0.630526,-0.010603,-0.010108,-0.029250,0.999521,0,0.59266,0.12521,35.559,0.250,-1,400.000,-1,400.000,-1,325.000,325.000,300.000,300.000,-1,800.000,900.000,-1,825.000,825.000,-1,-1,2,0,2,0,2,0,0,0,0,2,1,1,2,0,0,2,2
10,-3779.279,-1423.291,-318.956,129.353,-0.633819,-0.772914,-0.029605,0.773409,-0.633820,-0.010574,-0.010591,-0.029599,0.999506,0,0.59514,0.12211,35.708,0.244,-1,400.000,-1,400.000,-1,325.000,325.000,300.000,300.000,-1,850.000,950.000,-1,825.000,825.000,-1,-1,2,0,2,0,2,0,0,0,0,2,1,1,2,0,0,2,2
11,-3802.131,-1395.659,-319.386,129.591,-0.637008,-0.770267,-0.030160,0.770777,-0.637018,-0.010534,-0.011099,-0.029957,0.999490,0,0.59762,0.11899,35.857,0.238,-1,400.000,-1,400.000,-1,325.000,325.000,300.000,300.000,-1,875.000,975.000,-1,825.000,825.000,-1,-1,2,0,2,0,2,0,0,0,0,2,1,1,2,0,0,2,2
12,-3825.190,-1368.004,-319.896,129.823,-0.640097,-0.767682,-0.030674,0.768203,-0.640125,-0.010163,-0.011833,-0.030070,0.999478,0,0.60012,0.11586,36.007,0.232,-1,400.000,-1,400.000,-1,325.000,325.000,300.000,300.000,-1,925.000,-1,-1,825.000,825.000,-1,-1,2,0,2,0,2,0,0,0,0,2,1,2,2,0,0,2,2
13,-3848.456,-1340.326,-320.433,130.048,-0.643089,-0.765155,-0.031209,0.765687,-0.643140,-0.009718,-0.012636,-0.030146,0.999466,0,0.60263,0.11272,36.158,0.225,-1,400.000,-1,400.000,-1,325.000,325.000,300.000,300.000,-1,975.000,-1,-1,825.000,825.000,-1,-1,2,0,2,0,2,0,0,0,0,2,1,2,2,0,0,2,2
14,-3871.924,-1312.621,-321.018,130.267,-0.645980,-0.762684,-0.031971,0.763233,-0.646056,-0.009279,-0.013578,-0.030396,0.999446,0,0.60514,0.10957,36.309,0.219,-1,400.000,-1,400.000,-1,325.000,325.000,300.000,300.000,-1,1000.000,-1,-1,825.000,825.000,-1,-1,2,0,2,0,2,0,0,0,0,2,1,2,2,0,0,2,2
15,-3898.745,-1281.468,-321.692,130.726,-0.652034,-0.757477,-0.032856,0.758045,-0.652143,-0.008781,-0.014776,-0.030632,0.999422,0,0.68514,0.22957,41.109,0.459,-1,400.000,-1,400.000,-1,325.000,325.000,300.000,300.000,-1,-1,-1,-1,825.000,825.000,-1,-1,2,0,2,0,2,0,0,0,0,2,2,2,2,0,0,2,2
16,-3929.121,-1247.045,-322.463,131.426,-0.661184,-0.749458,-0.033880,0.750048,-0.661332,-0.008235,-0.016234,-0.030857,0.999392,0,0.76514,0.34957,45.909,0.699,-1,400.000,-1,400.000,-1,325.000,325.000,300.000,300.000,-1,-1,-1,-1,825.000,825.000,-1,-1,2,0,2,0,2,0,0,0,0,2,2,2,2,0,0,2,2
17,-3963.291,-1209.578,-323.330,132.365,-0.673326,-0.738514,-0.035052,0.739127,-0.673524,-0.007601,-0.017995,-0.031026,0.999357,0,0.84514,0.46957,50.709,0.939,-1,400.000,-1,400.000,-1,325.000,325.000,300.000,300.000,-1,-1,-1,-1,800.000,825.000,-1,-1,2,0,2,0,2,0,0,0,0,2,2,2,2,0,0,2,2
18,-4001.408,-1169.473,-324.287,133.544,-0.688318,-0.724496,-0.036383,0.725131,-0.688577,-0.006836,-0.020099,-0.031088,0.999315,0,0.92215,0.58957,55.329,1.179,-1,400.000,-1,400.000,-1,325.000,325.000,300.000,300.000,-1,-1,-1,-1,800.000,800.000,-1,-1,2,0,2,0,2,0,0,0,0,2,2,2,2,0,0,2,2
19,-4040.669,-1130.161,-325.435,134.963,-0.706005,-0.707232,-0.037151,0.707867,-0.706319,-0.006091,-0.021933,-0.030599,0.999291,0,0.92599,0.70957,55.559,1.419,-1,400.000,-1,400.000,-1,325.000,325.000,300.000,300.000,-1,-1,-1,-1,800.000,800.000,-1,-1,2,0,2,0,2,0,0,0,0,2,2,2,2,0,0,2,2
20,-4081.083,-1091.704,-326.669,136.421,-0.723736,-0.689039,-0.037836,0.689671,-0.724103,-0.005388,-0.023684,-0.029994,0.999269,0,0.92980,0.72917,55.788,1.458,-1,400.000,-1,400.000,-1,325.000,325.000,300.000,300.000,-1,-1,-1,-1,775.000,800.000,-1,-1,2,0,2,0,2,0,0,0,0,2,2,2,2,0,0,2,2
21,-4122.625,-1054.128,-327.973,137.870,-0.740887,-0.670524,-0.038509,0.671150,-0.741307,-0.004731,-0.025374,-0.029351,0.999247,0,0.93358,0.72438,56.015,1.449,-1,400.000,-1,400.000,-1,325.000,325.000,300.000,300.000,-1,-1,-1,-1,775.000,800.000,-1,-1,2,0,2,0,2,0,0,0,0,2,2,2,2,0,0,2,2
22,-4165.176,-1017.547,-329.343,139.315,-0.757519,-0.651637,-0.039165,0.652254,-0.757989,-0.004122,-0.027001,-0.028668,0.999224,0,0.93525,0.72225,56.115,1.445,-1,400.000,-1,400.000,-1,325.000,325.000,300.000,300.000,-1,-1,-1,-1,775.000,800.000,-1,-1,2,0,2,0,2,0,0,0,0,2,2,2,2,0,0,2,2
23,-4208.637,-982.050,-330.831,140.759,-0.773669,-0.632338,-0.039798,0.632938,-0.774196,-0.003297,-0.028726,-0.027741,0.999202,0,0.93525,0.72225,56.115,1.445,-1,400.000,-1,400.000,-1,325.000,325.000,300.000,300.000,-1,-1,-1,-1,750.000,800.000,-1,-1,2,0,2,0,2,0,0,0,0,2,2,2,2,0,0,2,2
24,-4252.978,-947.659,-332.552,142.204,-0.789338,-0.612641,-0.040205,0.613211,-0.789916,-0.002383,-0.030299,-0.026535,0.999189,0,0.93525,0.72225,56.115,1.445,-1,400.000,-1,400.000,-1,325.000,325.000,300.000,300.000,-1,-1,-1,-1,750.000,800.000,-1,-1,2,0,2,0,2,0,0,0,0,2,2,2,2,0,0,2,2
25,-4298.172,-914.397,-334.361,143.648,-0.804511,-0.592554,-0.040516,0.593088,-0.805136,-0.001468,-0.031750,-0.025211,0.999178,0,0.93525,0.72225,56.115,1.445,-1,400.000,-1,400.000,-1,325.000,325.000,300.000,300.000,-1,-1,-1,-1,750.000,775.000,-1,-1,2,0,2,0,2,0,0,0,0,2,2,2,2,0,0,2,2
26,-4344.191,-882.285,-336.220,145.093,-0.819174,-0.572088,-0.040865,0.572586,-0.819845,-0.000586,-0.033167,-0.023879,0.999165,0,0.93525,0.72225,56.115,1.445,-1,400.000,-1,400.000,-1,325.000,325.000,300.000,300.000,-1,-1,-1,-1,725.000,775.000,-1,-1,2,0,2,0,2,0,0,0,0,2,2,2,2,0,0,2,2
27,-4391.004,-851.343,-338.141,146.537,-0.833317,-0.551255,-0.041243,0.551718,-0.834031,0.000180,-0.034497,-0.022604,0.999149,0,0.93525,0.72225,56.115,1.445,-1,400.000,-1,400.000,-1,325.000,325.000,300.000,300.000,-1,-1,-1,-1,725.000,750.000,-1,-1,2,0,2,0,2,0,0,0,0,2,2,2,2,0,0,2,2
28,-4438.582,-821.591,-340.152,147.982,-0.846933,-0.530068,-0.041623,0.530503,-0.847683,0.000684,-0.035645,-0.021502,0.999133,0,0.93525,0.72225,56.115,1.445,-1,375.000,-1,400.000,-1,325.000,325.000,300.000,300.000,-1,-1,-1,-1,725.000,725.000,-1,-1,2,0,2,0,2,0,0,0,0,2,2,2,2,0,0,2,2
29,-4486.895,-793.049,-342.203,149.426,-0.860011,-0.508542,-0.042021,0.508949,-0.860796,0.001170,-0.036767,-0.020380,0.999116,0,0.93525,0.72225,56.115,1.445,-1,375.000,-1,400.000,-1,325.000,325.000,300.000,300.000,-1,-1,-1,-1,700.000,725.000,-1,-1,2,0,2,0,2,0,0,0,0,2,2,2,2,0,0,2,2
30,-4535.913,-765.732,-344.197,150.871,-0.872563,-0.486696,-0.041972,0.487057,-0.873368,0.001828,-0.037547,-0.018848,0.999117,0,0.93525,0.72225,56.115,1.445,-1,375.000,-1,400.000,-1,325.000,325.000,300.000,300.000,-1,-1,-1,-1,700.000,700.000,-1,-1,2,0,2,0,2,0,0,0,0,2,2,2,2,0,0,2,2
31,-4585.603,-739.661,-346.171,152.315,-0.884571,-0.464539,-0.041679,0.464846,-0.885388,0.002607,-0.038113,-0.017068,0.999128,0,0.93525,0.72225,56.115,1.445,-1,375.000,-1,375.000,-1,300.000,325.000,300.000,300.000,-1,-1,-1,-1,700.000,700.000,-1,-1,2,0,2,0,2,0,0,0,0,2,2,2,2,0,0,2,2
32,-4635.935,-714.850,-348.170,153.760,-0.896018,-0.442085,-0.041369,0.442335,-0.896844,0.003423,-0.038615,-0.015232,0.999138,0,0.93525,0.72225,56.115,1.445,-1,375.000,-1,375.000,-1,300.000,300.000,300.000,300.000,-1,-1,-1,-1,700.000,700.000,-1,-1,2,0,2,0,2,0,0,0,0,2,2,2,2,0,0,2,2
33,-4686.876,-691.316,-350.232,155.204,-0.906904,-0.419349,-0.040880,0.419534,-0.907729,0.004359,-0.038936,-0.013197,0.999155,0,0.93525,0.72225,56.115,1.445,-1,375.000,-1,375.000,-1,300.000,300.000,300.000,300.000,-1,-1,-1,-1,700.000,675.000,-1,-1,2,0,2,0,2,0,0,0,0,2,2,2,2,0,0,2,2
34,-4738.394,-669.073,-352.184,156.649,-0.917230,-0.396341,-0.040047,0.396484,-0.918030,0.004646,-0.038605,-0.011617,0.999187,0,0.93525,0.72225,56.115,1.445,-1,375.000,-1,375.000,-1,300.000,300.000,300.000,300.000,-1,-1,-1,-1,700.000,675.000,-1,-1,2,0,2,0,2,0,0,0,0,2,2,2,2,0,0,2,2
35,-4785.952,-649.801,-353.713,157.940,-0.925987,-0.375548,-0.038876,0.375696,-0.926736,0.003702,-0.037418,-0.011178,0.999237,0,0.85525,0.64583,51.315,1.292,-1,375.000,-1,375.000,-1,300.000,300.000,300.000,300.000,-1,-1,-1,-1,700.000,675.000,-1,-1,2,0,2,0,2,0,0,0,0,2,2,2,2,0,0,2,2
36,-4832.712,-632.068,-355.211,159.232,-0.934274,-0.354564,-0.037645,0.354715,-0.934970,0.002806,-0.036192,-0.010732,0.999287,0,0.83349,0.64583,50.009,1.292,-1,375.000,-1,375.000,-1,300.000,300.000,300.000,300.000,-1,-1,-1,-1,700.000,675.000,-1,-1,2,0,2,0,2,0,0,0,0,2,2,2,2,0,0,2,2
37,-4879.860,-615.394,-356.737,160.524,-0.942087,-0.333399,-0.036301,0.333555,-0.942729,0.001863,-0.034843,-0.010353,0.999339,0,0.83349,0.64583,50.009,1.292,-1,375.000,-1,375.000,-1,300.000,300.000,300.000,300.000,-1,-1,-1,-1,700.000,675.000,-1,-1,2,0,2,0,2,0,0,0,0,2,2,2,2,0,0,2,2
38,-4927.372,-599.787,-358.305,161.815,-0.949423,-0.312065,-0.034817,0.312227,-0.950007,0.000811,-0.033330,-0.010101,0.999393,0,0.83349,0.64583,50.009,1.292,-1,375.000,-1,375.000,-1,300.000,300.000,300.000,325.000,-1,-1,-1,-1,725.000,675.000,-1,-1,2,0,2,0,2,0,0,0,0,2,2,2,2,0,0,2,2
39,-4975.223,-585.255,-359.884,163.107,-0.956275,-0.290572,-0.033253,0.290738,-0.956803,-0.000185,-0.031763,-0.009845,0.999447,0,0.83349,0.64583,50.009,1.292,-1,375.000,-1,375.000,-1,300.000,300.000,300.000,325.000,-1,-1,-1,-1,725.000,700.000,-1,-1,2,0,2,0,2,0,0,0,0,2,2,2,2,0,0,2,2
40,-5023.390,-571.806,-361.475,164.399,-0.962641,-0.268930,-0.031617,0.269099,-0.963112,-0.001117,-0.030150,-0.009583,0.999499,0,0.83349,0.64583,50.009,1.292,-1,375.000,-1,375.000,-1,325.000,300.000,300.000,325.000,-1,-1,-1,-1,725.000,700.000,-1,-1,2,0,2,0,2,0,0,0,0,2,2,2,2,0,0,2,2
41,-5071.847,-559.445,-363.077,165.690,-0.968515,-0.247153,-0.029917,0.247320,-0.968932,-0.001980,-0.028498,-0.009317,0.999550,0,0.83349,0.64583,50.009,1.292,-1,375.000,-1,375.000,-1,325.000,325.000,300.000,325.000,-1,800.000,800.000,-1,750.000,700.000,-1,-1,2,0,2,0,2,0,0,0,0,2,0,0,2,0,0,2,2
42,-5120.571,-548.180,-364.692,166.982,-0.973894,-0.225249,-0.028162,0.225413,-0.974259,-0.002769,-0.026813,-0.009045,0.999600,0,0.83349,0.64583,50.009,1.292,-1,400.000,-1,375.000,-1,325.000,325.000,300.000,300.000,-1,625.000,650.000,-1,750.000,700.000,-1,-1,2,0,2,0,2,0,0,0,0,2,0,0,2,0,0,2,2
43,-5169.537,-538.016,-366.320,168.274,-0.978776,-0.203231,-0.026361,0.203390,-0.979092,-0.003479,-0.025103,-0.008767,0.999646,0,0.83349,0.64583,50.009,1.292,-1,400.000,-1,375.000,-1,325.000,325.000,300.000,300.000,-1,550.000,550.000,-1,750.000,725.000,-1,-1,2,0,2,0,2,0,0,0,0,2,0,0,2,0,0,2,2
44,-5218.719,-528.958,-367.852,169.565,-0.983152,-0.181110,-0.024728,0.181252,-0.983430,-0.003612,-0.023664,-0.008033,0.999688,0,0.83349,0.64583,50.009,1.292,-1,400.000,-1,375.000,-1,325.000,325.000,300.000,300.000,-1,500.000,525.000,-1,750.000,725.000,-1,-1,2,0,2,0,2,0,0,0,0,2,0,0,2,0,0,2,2
45,-5268.093,-521.012,-369.335,170.857,-0.987026,-0.158897,-0.023059,0.159016,-0.987270,-0.003414,-0.022223,-0.007036,0.999728,0,0.83349,0.64583,50.009,1.292,-1,400.000,-1,375.000,-1,325.000,325.000,300.000,300.000,-1,475.000,500.000,-1,775.000,725.000,-1,-1,2,0,2,0,2,0,0,0,0,2,0,0,2,0,0,2,2
46,-5317.634,-514.180,-370.504,172.149,-0.990364,-0.136602,-0.022792,0.136729,-0.990600,-0.004094,-0.022019,-0.007170,0.999732,0,0.83349,0.64583,50.009,1.292,-1,400.000,-1,400.000,-1,325.000,325.000,300.000,300.000,-1,525.000,525.000,-1,775.000,725.000,-1,-1,2,0,2,0,2,0,0,0,0,2,0,0,2,0,0,2,2
47,-5367.316,-508.467,-371.661,173.440,-0.993192,-0.114237,-0.022815,0.114373,-0.993426,-0.004751,-0.022122,-0.007328,0.999728,0,0.83349,0.64583,50.009,1.292,-1,400.000,-1,400.000,-1,325.000,325.000,300.000,300.000,-1,550.000,600.000,-1,775.000,725.000,-1,-1,2,0,2,0,2,0,0,0,0,2,0,0,2,0,0,2,2
48,-5417.114,-503.876,-372.818,174.732,-0.995514,-0.091814,-0.022867,0.091960,-0.995748,-0.005392,-0.022275,-0.007471,0.999724,0,0.83349,0.64583,50.009,1.292,-1,400.000,-1,400.000,-1,325.000,325.000,300.000,300.000,-1,600.000,650.000,-1,750.000,725.000,-1,-1,2,0,2,0,2,0,0,0,0,2,0,0,2,0,0,2,2
49,-5467.003,-500.408,-373.976,176.024,-0.997329,-0.069345,-0.022948,0.069500,-0.997564,-0.006015,-0.022475,-0.007594,0.999719,0,0.83349,0.64583,50.009,1.292,-1,400.000,-1,400.000,-1,325.000,325.000,300.000,300.000,-1,650.000,700.000,-1,750.000,750.000,-1,-1,2,0,2,0,2,0,0,0,0,2,0,0,2,0,0,2,2
50,-5516.958,-498.065,-375.138,177.315,-0.998636,-0.046841,-0.023058,0.047005,-0.998873,-0.006616,-0.022722,-0.007691,0.999712,0,0.83349,0.64583,50.009,1.292,-1,400.000,-1,400.000,-1,325.000,325.000,300.000,300.000,-1,725.000,775.000,-1,750.000,750.000,-1,-1,2,0,2,0,2,0,0,0,0,2,0,0,2,0,0,2,2
51,-5566.953,-496.849,-376.306,178.607,-0.999435,-0.024313,-0.023195,0.024485,-0.999674,-0.007193,-0.023012,-0.007757,0.999705,0,0.83349,0.64583,50.009,1.292,-1,400.000,-1,400.000,-1,325.000,325.000,300.000,300.000,-1,775.000,825.000,-1,750.000,750.000,-1,-1,2,0,2,0,2,0,0,0,0,2,0,0,2,0,0,2,2
52,-5616.962,-496.761,-377.483,179.898,-0.999726,-0.001772,-0.023359,0.001953,-0.999968,-0.007743,-0.023344,-0.007787,0.999697,0,0.83349,0.64583,50.009,1.292,-1,400.000,-1,400.000,-1,325.000,325.000,300.000,300.000,-1,850.000,900.000,-1,750.000,750.000,-1,-1,2,0,2,0,2,0,0,0,0,2,0,0,2,0,0,2,2
53,-5666.961,-497.799,-378.669,181.190,-0.999507,0.020769,-0.023551,-0.020580,-0.999754,-0.008264,-0.023716,-0.007775,0.999688,0,0.83349,0.64583,50.009,1.292,-1,400.000,-1,400.000,-1,325.000,325.000,300.000,300.000,-1,900.000,975.000,-1,725.000,750.000,-1,-1,2,0,2,0,2,0,0,0,0,2,0,0,2,0,0,2,2
54,-5716.923,-499.965,-379.868,182.482,-0.998779,0.043300,-0.023770,-0.043103,-0.999032,-0.008751,-0.024126,-0.007716,0.999679,0,0.83349,0.64583,50.009,1.292,-1,400.000,-1,400.000,-1,325.000,325.000,300.000,300.000,-1,1000.000,-1,-1,725.000,750.000,-1,-1,2,0,2,0,2,0,0,0,0,2,0,2,2,0,0,2,2
55,-5766.824,-503.256,-381.082,183.773,-0.997543,0.065809,-0.024017,-0.065605,-0.997803,-0.009203,-0.024570,-0.007605,0.999669,0,0.83349,0.64583,50.009,1.292,-1,375.000,-1,400.000,-1,325.000,325.000,300.000,300.000,-1,-1,-1,-1,725.000,750.000,-1,-1,2,0,2,0,2,0,0,0,0,2,2,2,2,0,0,2,2
56,-5816.638,-507.671,-382.313,185.065,-0.995799,0.088285,-0.024293,-0.088074,-0.996068,-0.009616,-0.025046,-0.007436,0.999659,0,0.83349,0.64583,50.009,1.292,-1,375.000,-1,400.000,-1,325.000,325.000,300.000,300.000,-1,-1,-1,-1,700.000,750.000,-1,-1,2,0,2,0,2,0,0,0,0,2,2,2,2,0,0,2,2
57,-5866.340,-513.208,-383.563,186.357,-0.993548,0.110715,-0.024598,-0.110499,-0.993826,-0.009987,-0.025552,-0.007205,0.999648,0,0.83349,0.64583,50.009,1.292,-1,375.000,-1,400.000,-1,325.000,325.000,300.000,300.000,-1,-1,-1,-1,700.000,750.000,-1,-1,2,0,2,0,2,0,0,0,0,2,2,2,2,0,0,2,2
58,-5915.905,-519.864,-384.906,187.648,-0.990797,0.133090,-0.024674,-0.132879,-0.991082,-0.010013,-0.025787,-0.006642,0.999645,0,0.83349,0.64583,50.009,1.292,-1,375.000,-1,400.000,-1,325.000,325.000,300.000,300.000,-1,-1,-1,-1,700.000,750.000,-1,-1,2,0,2,0,2,0,0,0,0,2,2,2,2,0,0,2,2
59,-5963.898,-527.445,-386.105,188.977,-0.987446,0.156028,-0.024600,-0.155827,-0.987735,-0.009884,-0.025840,-0.005927,0.999649,0,0.80980,0.66411,48.588,1.328,-1,375.000,-1,400.000,-1,300.000,325.000,300.000,300.000,-1,-1,-1,-1,700.000,725.000,-1,-1,2,0,2,0,2,0,0,0,0,2,2,2,2,0,0,2,2
60,-6011.702,-536.137,-387.143,190.305,-0.983575,0.178883,-0.024115,-0.178704,-0.983858,-0.009372,-0.025402,-0.004908,0.999665,0,0.80980,0.66411,48.588,1.328,-1,375.000,-1,400.000,-1,300.000,325.000,300.000,300.000,-1,-1,-1,-1,675.000,725.000,-1,-1,2,0,2,0,2,0,0,0,0,2,2,2,2,0,0,2,2
61,-6059.292,-545.934,-388.169,191.633,-0.979176,0.201641,-0.023576,-0.201485,-0.979452,-0.008827,-0.024872,-0.003893,0.999683,0,0.80980,0.66411,48.588,1.328,-1,375.000,-1,400.000,-1,300.000,325.000,300.000,300.000,-1,-1,-1,-1,675.000,725.000,-1,-1,2,0,2,0,2,0,0,0,0,2,2,2,2,0,0,2,2
62,-6106.642,-556.832,-389.182,192.961,-0.974251,0.224291,-0.022977,-0.224158,-0.974518,-0.008243,-0.024240,-0.002881,0.999702,0,0.80980,0.66411,48.588,1.328,-1,375.000,-1,400.000,-1,300.000,325.000,300.000,300.000,-1,-1,-1,-1,675.000,700.000,-1,-1,2,0,2,0,2,0,0,0,0,2,2,2,2,0,0,2,2
63,-6153.726,-568.824,-390.182,194.289,-0.968804,0.246820,-0.022311,-0.246710,-0.969060,-0.007610,-0.023499,-0.001868,0.999722,0,0.80980,0.66411,48.588,1.328,-1,375.000,-1,400.000,-1,300.000,325.000,300.000,300.000,-1,-1,-1,-1,650.000,700.000,-1,-1,2,0,2,0,2,0,0,0,0,2,2,2,2,0,0,2,2
64,-6200.520,-581.905,-391.167,195.618,-0.962838,0.269216,-0.021577,-0.269129,-0.963079,-0.006917,-0.022642,-0.000853,0.999743,0,0.80980,0.66411,48.588,1.328,-1,375.000,-1,400.000,-1,300.000,325.000,300.000,300.000,-1,-1,-1,-1,650.000,700.000,-1,-1,2,0,2,0,2,0,0,0,0,2,2,2,2,0,0,2,2
65,-6246.999,-596.066,-392.136,196.946,-0.956355,0.291468,-0.020769,-0.291403,-0.956581,-0.006155,-0.021661,0.000165,0.999765,0,0.80980,0.66411,48.588,1.328,-1,375.000,-1,375.000,-1,300.000,325.000,300.000,300.000,-1,-1,-1,-1,650.000,675.000,-1,-1,2,0,2,0,2,0,0,0,0,2,2,2,2,0,0,2,2
66,-6293.136,-611.302,-393.089,198.274,-0.949359,0.313563,-0.019886,-0.313520,-0.949567,-0.005313,-0.020549,0.001190,0.999788,0,0.80980,0.66411,48.588,1.328,-1,375.000,-1,375.000,-1,300.000,325.000,300.000,300.000,-1,-1,-1,-1,625.000,675.000,-1,-1,2,0,2,0,2,0,0,0,0,2,2,2,2,0,0,2,2
67,-6338.908,-627.602,-393.973,199.602,-0.941856,0.335488,-0.018838,-0.335472,-0.942041,-0.004123,-0.019129,0.002436,0.999814,0,0.80980,0.66411,48.588,1.328,-1,375.000,-1,375.000,-1,300.000,300.000,300.000,300.000,-1,-1,-1,-1,625.000,675.000,-1,-1,2,0,2,0,2,0,0,0,0,2,2,2,2,0,0,2,2
68,-6384.290,-644.960,-394.731,200.931,-0.933851,0.357232,-0.017555,-0.357249,-0.934006,-0.002290,-0.017214,0.004133,0.999843,0,0.80980,0.66411,48.588,1.328,-1,375.000,-1,375.000,-1,300.000,300.000,300.000,300.000,-1,-1,-1,-1,625.000,675.000,-1,-1,2,0,2,0,2,0,0,0,0,2,2,2,2,0,0,2,2
69,-6429.257,-663.364,-395.470,202.259,-0.925343,0.378783,-0.016233,-0.378828,-0.925467,-0.000329,-0.015147,0.005845,0.999868,0,0.80980,0.66411,48.588,1.328,-1,375.000,-1,375.000,-1,300.000,300.000,300.000,300.000,-1,-1,-1,-1,625.000,650.000,-1,-1,2,0,2,0,2,0,0,0,0,2,2,2,2,0,0,2,2
70,-6473.785,-682.806,-396.155,203.587,-0.916337,0.400129,-0.014915,-0.400195,-0.916429,0.001617,-0.013022,0.007451,0.999887,0,0.80980,0.66411,48.588,1.328,-1,375.000,-1,375.000,-1,300.000,300.000,300.000,300.000,-1,900.000,700.000,-1,625.000,650.000,-1,-1,2,0,2,0,2,0,0,0,0,2,0,0,2,0,0,2,2
71,-6517.851,-703.275,-396.514,204.915,-0.906849,0.421262,-0.012748,-0.421328,-0.906904,0.002827,-0.010370,0.007935,0.999915,0,0.80980,0.66411,48.588,1.328,-1,375.000,-1,375.000,-1,300.000,300.000,300.000,300.000,-1,675.000,600.000,-1,625.000,650.000,-1,-1,2,0,2,0,2,0,0,0,0,2,0,0,2,0,0,2,2
72,-6561.431,-724.760,-396.695,206.243,-0.896875,0.442171,-0.009981,-0.442224,-0.896896,0.003830,-0.007258,0.007849,0.999943,0,0.80980,0.66411,48.588,1.328,-1,375.000,-1,375.000,-1,300.000,300.000,300.000,300.000,-1,575.000,525.000,-1,625.000,650.000,-1,-1,2,0,2,0,2,0,0,0,0,2,0,0,2,0,0,2,2
73,-6604.501,-747.249,-396.827,207.572,-0.886411,0.462843,-0.007172,-0.462880,-0.886407,0.004918,-0.004081,0.007679,0.999962,0,0.80980,0.66411,48.588,1.328,-1,375.000,-1,375.000,-1,300.000,300.000,300.000,325.000,-1,500.000,475.000,-1,625.000,675.000,-1,-1,2,0,2,0,2,0,0,0,0,2,0,0,2,0,0,2,2
74,-6647.038,-770.731,-396.890,208.900,-0.875463,0.483266,-0.004411,-0.483285,-0.875442,0.006126,-0.000901,0.007494,0.999972,0,0.80980,0.66411,48.588,1.328,-1,375.000,-1,375.000,-1,300.000,300.000,300.000,325.000,-1,450.000,425.000,-1,625.000,675.000,-1,-1,2,0,2,0,2,0,0,0,0,2,0,0,2,0,0,2,2
75,-6689.019,-795.192,-396.772,210.228,-0.864035,0.503427,-0.002243,-0.503428,-0.864003,0.007654,0.001915,0.007743,0.999968,0,0.80980,0.66411,48.588,1.328,-1,375.000,-1,375.000,-1,300.000,300.000,300.000,325.000,-1,425.000,400.000,-1,650.000,675.000,-1,-1,2,0,2,0,2,0,0,0,0,2,0,0,2,0,0,2,2
76,-6730.422,-820.620,-396.593,211.556,-0.852137,0.523318,-0.000083,-0.523297,-0.852100,0.009241,0.004765,0.007919,0.999957,0,0.80980,0.66411,48.588,1.328,-1,375.000,-1,375.000,-1,300.000,300.000,300.000,325.000,-1,400.000,375.000,-1,650.000,650.000,-1,-1,2,0,2,0,2,0,0,0,0,2,0,0,2,0,0,2,2
77,-6771.225,-847.001,-396.287,212.884,-0.839777,0.542928,0.002099,-0.542875,-0.839739,0.011222,0.007855,0.008285,0.999935,0,0.80980,0.66411,48.588,1.328,-1,375.000,-1,375.000,-1,300.000,300.000,300.000,325.000,-1,375.000,375.000,-1,650.000,675.000,-1,-1,2,0,2,0,2,0,0,0,0,2,0,0,2,0,0,2,2
78,-6811.405,-874.320,-395.792,214.213,-0.826961,0.562243,0.004300,-0.562144,-0.826922,0.013918,0.011381,0.009092,0.999894,0,0.80980,0.66411,48.588,1.328,-1,375.000,-1,375.000,-1,300.000,300.000,300.000,325.000,-1,375.000,350.000,-1,650.000,675.000,-1,-1,2,0,2,0,2,0,0,0,0,2,0,0,2,0,0,2,2
79,-6850.941,-902.564,-395.242,215.541,-0.813696,0.581255,0.006434,-0.581100,-0.813662,0.016614,0.014892,0.009780,0.999841,0,0.80980,0.66411,48.588,1.328,-1,375.000,-1,375.000,-1,300.000,300.000,300.000,300.000,-1,350.000,325.000,-1,675.000,675.000,-1,-1,2,0,2,0,2,0,0,0,0,2,0,0,2,0,0,2,2
80,-6889.811,-931.716,-394.634,216.869,-0.799988,0.599956,0.008499,-0.599735,-0.799966,0.019307,0.018382,0.010348,0.999777,0,0.80980,0.66411,48.588,1.328,-1,375.000,-1,375.000,-1,300.000,300.000,300.000,300.000,-1,325.000,300.000,-1,675.000,675.000,-1,-1,2,0,2,0,2,0,0,0,0,2,0,0,2,0,0,2,2
81,-6927.996,-961.762,-393.970,218.197,-0.785845,0.618335,0.010495,-0.618038,-0.785840,0.021991,0.021845,0.010795,0.999703,0,0.80980,0.66411,48.588,1.328,-1,375.000,-1,375.000,-1,300.000,300.000,300.000,300.000,-1,300.000,300.000,-1,675.000,675.000,-1,-1,2,0,2,0,2,0,0,0,0,2,0,0,2,0,0,2,2
82,-6965.474,-992.684,-393.061,219.525,-0.771276,0.636382,0.012323,-0.636001,-0.771293,0.024682,0.025212,0.011199,0.999619,0,0.80980,0.66411,48.588,1.328,-1,375.000,-1,375.000,-1,300.000,300.000,300.000,300.000,-1,300.000,275.000,-1,700.000,700.000,-1,-1,2,0,2,0,2,0,0,0,0,2,0,0,2,0,0,2,2
83,-7002.225,-1024.467,-391.751,220.854,-0.756286,0.654092,0.013959,-0.653655,-0.756339,0.026196,0.027692,0.010688,0.999559,0,0.80980,0.66411,48.588,1.328,-1,375.000,-1,375.000,-1,300.000,300.000,300.000,300.000,-1,300.000,300.000,-1,700.000,700.000,-1,-1,2,0,2,0,2,0,0,0,0,2,0,0,2,0,0,2,2
84,-7038.230,-1057.093,-390.306,222.182,-0.740883,0.671455,0.015514,-0.670973,-0.740981,0.027256,0.029797,0.009784,0.999508,0,0.80980,0.66411,48.588,1.328,-1,375.000,-1,375.000,-1,300.000,300.000,300.000,300.000,-1,325.000,325.000,-1,700.000,700.000,-1,-1,2,0,2,0,2,0,0,0,0,2,0,0,2,0,0,2,2
85,-7073.468,-1090.545,-388.824,223.510,-0.725079,0.688456,0.016983,-0.687930,-0.725224,0.028309,0.031806,0.008843,0.999455,0,0.80980,0.66411,48.588,1.328,-1,375.000,-1,375.000,-1,325.000,325.000,300.000,300.000,-1,325.000,350.000,-1,725.000,700.000,-1,-1,2,0,2,0,2,0,0,0,0,2,0,0,2,0,0,2,2
86,-7107.922,-1124.805,-387.305,224.838,-0.708883,0.705087,0.018366,-0.704520,-0.709077,0.029347,0.033716,0.007864,0.999401,0,0.80980,0.66411,48.588,1.328,-1,375.000,-1,375.000,-1,325.000,325.000,300.000,300.000,-1,350.000,375.000,-1,725.000,725.000,-1,-1,2,0,2,0,2,0,0,0,0,2,0,0,2,0,0,2,2
87,-7141.573,-1159.854,-385.748,226.167,-0.692303,0.721339,0.019669,-0.720732,-0.692548,0.030365,0.035525,0.006845,0.999345,0,0.80980,0.66411,48.588,1.328,-1,375.000,-1,375.000,-1,325.000,325.000,300.000,300.000,-1,375.000,400.000,-1,725.000,725.000,-1,-1,2,0,2,0,2,0,0,0,0,2,0,0,2,0,0,2,2
88,-7174.402,-1195.674,-384.087,227.495,-0.675337,0.737204,0.021212,-0.736559,-0.675647,0.031332,0.037430,0.005536,0.999284,0,0.80980,0.66411,48.588,1.328,-1,375.000,-1,375.000,-1,325.000,325.000,300.000,300.000,-1,400.000,400.000,-1,725.000,725.000,-1,-1,2,0,2,0,2,0,0,0,0,2,0,0,2,0,0,2,2
89,-7203.369,-1228.511,-382.547,228.583,-0.661162,0.749907,0.022462,-0.749224,-0.661528,0.032308,0.039087,0.004532,0.999226,0,0.72980,0.54411,43.788,1.088,-1,400.000,-1,375.000,-1,325.000,325.000,300.000,300.000,-1,400.000,425.000,-1,750.000,750.000,-1,-1,2,0,2,0,2,0,0,0,0,2,0,0,2,0,0,2,2
90,-7231.587,-1261.470,-380.961,229.431,-0.649941,0.759620,0.023549,-0.758893,-0.650356,0.033452,0.040726,0.003870,0.999163,0,0.72313,0.42411,43.388,0.848,-1,400.000,-1,400.000,-1,325.000,325.000,300.000,300.000,-1,425.000,450.000,-1,750.000,750.000,-1,-1,2,0,2,0,2,0,0,0,0,2,0,0,2,0,0,2,2
91,-7259.453,-1294.727,-379.362,230.039,-0.641796,0.766482,0.024547,-0.765712,-0.642257,0.034508,0.042215,0.003351,0.999103,0,0.72313,0.30411,43.388,0.608,-1,400.000,-1,400.000,-1,325.000,325.000,300.000,300.000,-1,425.000,475.000,-1,750.000,750.000,-1,-1,2,0,2,0,2,0,0,0,0,2,0,0,2,0,0,2,2
92,-7287.106,-1328.161,-377.752,230.408,-0.636816,0.770595,0.025478,-0.769784,-0.637319,0.035459,0.043562,0.002969,0.999046,0,0.72313,0.18411,43.388,0.368,-1,400.000,-1,400.000,-1,325.000,325.000,300.000,300.000,-1,450.000,475.000,-1,750.000,750.000,-1,-1,2,0,2,0,2,0,0,0,0,2,0,0,2,0,0,2,2
93,-7314.683,-1361.658,-376.037,230.536,-0.635074,0.772019,0.025853,-0.771171,-0.635592,0.036299,0.044455,0.003115,0.999007,0,0.72313,0.06411,43.388,0.128,-1,400.000,-1,400.000,-1,325.000,325.000,300.000,300.000,-1,475.000,500.000,-1,750.000,775.000,-1,-1,2,0,2,0,2,0,0,0,0,2,0,0,2,0,0,2,2
94,-7342.325,-1395.101,-374.215,230.424,-0.636581,0.770776,0.025860,-0.769902,-0.637096,0.036872,0.044895,0.003562,0.998985,0,0.72313,-0.05589,43.388,-0.112,-1,400.000,-1,400.000,-1,325.000,325.000,300.000,300.000,-1,500.000,550.000,-1,750.000,775.000,-1,-1,2,0,2,0,2,0,0,0,0,2,0,0,2,0,0,2,2
95,-7370.254,-1428.470,-372.308,230.072,-0.641302,0.766849,0.025958,-0.765969,-0.641816,0.036930,0.044980,0.003800,0.998981,0,0.72525,-0.17589,43.515,-0.352,-1,400.000,-1,400.000,-1,325.000,325.000,300.000,300.000,-1,550.000,575.000,-1,750.000,775.000,-1,-1,2,0,2,0,2,0,0,0,0,2,0,0,2,0,0,2,2
96,-7398.648,-1461.693,-370.412,229.480,-0.649192,0.760178,0.026058,-0.759293,-0.649701,0.036906,0.044985,0.004173,0.998979,0,0.72838,-0.29589,43.703,-0.592,-1,400.000,-1,400.000,-1,325.000,325.000,300.000,300.000,-1,600.000,625.000,-1,750.000,775.000,-1,-1,2,0,2,0,2,0,0,0,0,2,0,0,2,0,0,2,2
97,-7427.646,-1494.641,-368.529,228.649,-0.660165,0.750665,0.026159,-0.749777,-0.660667,0.036790,0.044900,0.004674,0.998981,0,0.73152,-0.41589,43.891,-0.832,-1,400.000,-1,400.000,-1,325.000,325.000,300.000,300.000,-1,625.000,650.000,-1,725.000,775.000,-1,-1,2,0,2,0,2,0,0,0,0,2,0,0,2,0,0,2,2
98,-7457.383,-1527.181,-366.660,227.577,-0.674100,0.738173,0.026261,-0.737285,-0.674591,0.036575,0.044714,0.005294,0.998986,0,0.73469,-0.53589,44.081,-1.072,-1,400.000,-1,400.000,-1,325.000,325.000,300.000,300.000,-1,675.000,700.000,-1,725.000,775.000,-1,-1,2,0,2,0,2,0,0,0,0,2,0,0,2,0,0,2,2
99,-7487.990,-1559.170,-364.809,226.265,-0.690833,0.722533,0.026359,-0.721648,-0.691310,0.036253,0.044416,0.006023,0.998995,0,0.73788,-0.65589,44.273,-1.312,-1,400.000,-1,400.000,-1,325.000,325.000,300.000,300.000,-1,725.000,725.000,-1,725.000,775.000,-1,-1,2,0,2,0,2,0,0,0,0,2,0,0,2,0,0,2,2
100,-7519.530,-1590.512,-362.938,224.820,-0.708854,0.704860,0.026439,-0.703973,-0.709313,0.036009,0.044135,0.006912,0.999002,0,0.74108,-0.72278,44.465,-1.446,-1,400.000,-1,400.000,-1,325.000,325.000,300.000,300.000,-1,775.000,775.000,-1,725.000,775.000,-1,-1,2,0,2,0,2,0,0,0,0,2,0,0,2,0,0,2,2
101,-7551.991,-1621.182,-361.011,223.375,-0.726411,0.686749,0.026524,-0.685851,-0.726851,0.035996,0.044000,0.007957,0.999000,0,0.74430,-0.72228,44.658,-1.445,-1,400.000,-1,400.000,-1,325.000,325.000,300.000,300.000,-1,800.000,825.000,-1,725.000,775.000,-1,-1,2,0,2,0,2,0,0,0,0,2,0,0,2,0,0,2,2
102,-7585.357,-1651.153,-359.092,221.932,-0.743489,0.668219,0.026598,-0.667311,-0.743911,0.035957,0.043814,0.008985,0.998999,0,0.74750,-0.72159,44.850,-1.443,-1,400.000,-1,400.000,-1,325.000,325.000,300.000,300.000,-1,850.000,850.000,-1,700.000,775.000,-1,-1,2,0,2,0,2,0,0,0,0,2,0,0,2,0,0,2,2
103,-7619.611,-1680.400,-357.099,220.490,-0.760092,0.649286,0.026241,-0.648371,-0.760475,0.035973,0.043312,0.010329,0.999008,0,0.75069,-0.72072,45.042,-1.441,-1,400.000,-1,400.000,-1,325.000,325.000,300.000,300.000,-1,925.000,900.000,-1,700.000,775.000,-1,-1,2,0,2,0,2,0,0,0,0,2,0,0,2,0,0,2,2
104,-7654.737,-1708.896,-355.095,219.051,-0.776185,0.629971,0.025948,-0.629057,-0.776534,0.035805,0.042705,0.011469,0.999022,0,0.75386,-0.71966,45.231,-1.439,-1,400.000,-1,400.000,-1,325.000,325.000,300.000,300.000,-1,975.000,975.000,-1,700.000,775.000,-1,-1,2,0,2,0,2,0,0,0,0,2,0,0,2,1,0,2,2
105,-7690.715,-1736.618,-353.106,217.614,-0.791756,0.610295,0.025727,-0.609387,-0.792076,0.035549,0.042072,0.012468,0.999037,0,0.75698,-0.71838,45.419,-1.437,1000.000,400.000,-1,400.000,-1,325.000,325.000,300.000,300.000,-1,-1,-1,-1,675.000,775.000,975.000,-1,1,0,2,0,2,0,0,0,0,2,2,2,2,1,0,1,2
106,-7727.525,-1763.539,-351.153,216.180,-0.806795,0.590278,0.025575,-0.589375,-0.807089,0.035279,0.041466,0.013389,0.999050,0,0.76006,-0.71690,45.604,-1.434,975.000,400.000,-1,400.000,-1,325.000,325.000,300.000,300.000,-1,-1,-1,-1,650.000,775.000,900.000,-1,1,0,2,0,2,0,0,0,0,2,2,2,2,1,0,1,2
107,-7765.143,-1789.636,-349.236,214.750,-0.821290,0.569941,0.025494,-0.569044,-0.821562,0.034990,0.040888,0.014230,0.999062,0,0.76306,-0.71518,45.784,-1.430,950.000,400.000,-1,400.000,-1,325.000,325.000,300.000,300.000,-1,-1,-1,-1,625.000,775.000,850.000,-1,1,1,2,0,2,0,0,0,0,2,2,2,2,1,0,1,2
108,-7803.545,-1814.884,-347.392,213.324,-0.835238,0.549305,0.025323,-0.548414,-0.835485,0.034732,0.040235,0.015122,0.999076,0,0.76599,-0.71324,45.959,-1.426,900.000,375.000,-1,400.000,-1,325.000,325.000,300.000,300.000,-1,-1,-1,-1,600.000,775.000,775.000,-1,1,1,2,0,2,0,0,0,0,2,2,2,2,1,0,1,2
109,-7842.706,-1839.262,-345.673,211.902,-0.848637,0.528392,0.024836,-0.527509,-0.848845,0.034591,0.039359,0.016254,0.999093,0,0.76880,-0.71104,46.128,-1.422,825.000,375.000,-1,400.000,-1,325.000,325.000,300.000,300.000,-1,-1,-1,-1,575.000,775.000,725.000,-1,1,1,2,0,2,0,0,0,0,2,2,2,2,1,0,1,2
110,-7882.596,-1862.745,-343.985,210.484,-0.861465,0.507228,0.024465,-0.506353,-0.861639,0.034431,0.038544,0.017274,0.999108,0,0.77149,-0.70859,46.290,-1.417,725.000,375.000,-1,400.000,-1,325.000,325.000,300.000,300.000,-1,-1,-1,-1,575.000,750.000,650.000,-1,1,1,2,0,2,0,0,0,0,2,2,2,2,1,0,1,2
111,-7923.187,-1885.312,-342.329,209.073,-0.873714,0.485838,0.024204,-0.484970,-0.873860,0.034246,0.037789,0.018183,0.999120,0,0.77404,-0.70587,46.442,-1.412,650.000,375.000,-1,400.000,-1,325.000,325.000,300.000,300.000,-1,-1,-1,-1,550.000,750.000,600.000,-1,1,1,2,0,2,0,0,0,0,2,2,2,2,1,0,1,2
112,-7964.445,-1906.943,-340.669,207.667,-0.885383,0.464246,0.023940,-0.463383,-0.885499,0.034156,0.037056,0.019148,0.999130,0,0.77640,-0.70286,46.584,-1.406,575.000,350.000,-1,400.000,-1,325.000,325.000,300.000,300.000,-1,-1,-1,-1,525.000,750.000,550.000,-1,1,1,2,0,2,0,0,0,0,2,2,2,2,1,0,1,2
113,-8006.334,-1927.617,-338.787,206.268,-0.896472,0.442469,0.023645,-0.441574,-0.896536,0.035144,0.036749,0.021065,0.999102,0,0.77857,-0.69956,46.714,-1.399,525.000,350.000,-1,400.000,-1,325.000,325.000,300.000,300.000,-1,-1,-1,-1,525.000,750.000,525.000,-1,1,1,2,0,2,0,0,0,0,2,2,2,2,1,0,1,2
114,-8048.819,-1947.317,-336.800,204.876,-0.906967,0.420539,0.023608,-0.419583,-0.906971,0.036797,0.036886,0.023468,0.999044,0,0.78049,-0.69595,46.830,-1.392,475.000,350.000,-1,400.000,-1,325.000,325.000,300.000,300.000,-1,-1,-1,-1,500.000,750.000,475.000,-1,1,1,2,0,2,0,0,0,0,2,2,2,2,1,0,1,2
115,-8091.858,-1966.025,-334.653,203.492,-0.916865,0.398478,0.023949,-0.397418,-0.916792,0.039386,0.037651,0.026594,0.998937,0,0.78215,-0.69201,46.929,-1.384,450.000,350.000,-1,400.000,-1,325.000,325.000,300.000,300.000,-1,-1,-1,-1,500.000,750.000,450.000,-1,1,1,2,0,2,0,0,0,0,2,2,2,2,1,0,1,2
116,-8130.955,-1981.718,-332.694,201.868,-0.927788,0.372301,0.024537,-0.371125,-0.927629,0.042072,0.038425,0.029928,0.998813,0,0.70215,-0.81201,42.129,-1.624,400.000,350.000,-1,400.000,-1,325.000,325.000,300.000,300.000,-1,-1,-1,-1,500.000,775.000,425.000,-1,1,1,2,0,2,0,0,0,0,2,2,2,2,1,0,1,2
117,-8165.993,-1994.596,-330.956,200.177,-0.938358,0.344740,0.025268,-0.343451,-0.938114,0.044529,0.039056,0.033106,0.998688,0,0.62215,-0.84522,37.329,-1.690,375.000,350.000,-1,400.000,-1,325.000,325.000,300.000,300.000,-1,-1,-1,-1,500.000,775.000,400.000,-1,1,1,2,0,2,0,0,0,0,2,2,2,2,1,0,1,2
118,-8196.842,-2004.917,-329.476,198.496,-0.948054,0.317040,0.026055,-0.315651,-0.947730,0.046608,0.039469,0.035963,0.998573,0,0.54215,-0.84051,32.529,-1.681,375.000,350.000,-1,400.000,-1,325.000,325.000,300.000,300.000,-1,-1,-1,-1,500.000,775.000,400.000,-1,1,1,2,0,2,0,0,0,0,2,2,2,2,1,0,1,2
119,-8223.384,-2012.944,-328.277,196.825,-0.956884,0.289230,0.026809,-0.287761,-0.956489,0.048194,0.039581,0.038401,0.998478,0,0.46215,-0.83588,27.729,-1.672,350.000,350.000,-1,400.000,-1,325.000,325.000,300.000,300.000,-1,-1,-1,-1,525.000,800.000,400.000,-1,1,1,2,0,2,0,0,0,0,2,2,2,2,1,0,1,2
120,-8245.515,-2018.942,-327.369,195.162,-0.964858,0.261333,0.027449,-0.259810,-0.964405,0.049213,0.039333,0.040352,0.998411,0,0.38215,-0.83142,22.929,-1.663,350.000,350.000,-1,400.000,-1,325.000,325.000,300.000,300.000,-1,-1,-1,-1,550.000,800.000,400.000,-1,1,1,2,0,2,0,0,0,0,2,2,2,2,1,0,1,2
121,-8263.142,-2023.178,-326.751,193.507,-0.971988,0.233367,0.027909,-0.231822,-0.971491,0.049640,0.038698,0.041780,0.998377,0,0.30215,-0.82721,18.129,-1.654,325.000,375.000,-1,400.000,-1,325.000,325.000,300.000,300.000,-1,-1,-1,-1,550.000,800.000,400.000,-1,1,1,2,0,2,0,0,0,0,2,2,2,2,1,0,1,2
122,-8276.187,-2025.918,-326.414,191.861,-0.978285,0.205347,0.028140,-0.203813,-0.977758,0.049490,0.037677,0.042680,0.998378,0,0.22215,-0.82330,13.329,-1.647,325.000,375.000,-1,400.000,-1,325.000,325.000,300.000,300.000,-1,-1,-1,-1,575.000,825.000,400.000,-1,1,1,2,0,2,0,0,1,0,2,2,2,2,1,0,1,2
123,-8284.581,-2027.431,-326.343,190.221,-0.983758,0.177285,0.028115,-0.175793,-0.983216,0.048813,0.036297,0.043078,0.998412,0,0.14215,-0.81976,8.529,-1.640,325.000,375.000,-1,400.000,-1,325.000,325.000,300.000,300.000,-1,-1,-1,-1,600.000,825.000,400.000,-1,1,1,2,0,2,0,0,1,0,2,2,2,2,1,0,1,2
124,-8288.268,-2027.988,-326.513,188.588,-0.988417,0.149190,0.027827,-0.147765,-0.987872,0.047684,0.034603,0.043020,0.998475,0,0.06215,-0.81664,3.729,-1.633,325.000,375.000,-1,400.000,-1,325.000,325.000,275.000,300.000,-1,-1,-1,-1,625.000,825.000,425.000,-1,1,1,2,0,2,0,0,1,0,2,2,2,2,1,0,1,2
125,-8287.205,-2027.858,-326.896,186.960,-0.992269,0.121068,0.027294,-0.119731,-0.991731,0.046197,0.032661,0.042572,0.998559,0,-0.01785,-0.81396,-1.071,-1.628,325.000,400.000,-1,400.000,-1,325.000,325.000,275.000,300.000,-1,-1,-1,-1,625.000,825.000,525.000,-1,1,1,2,0,2,0,0,1,0,2,2,2,2,1,0,1,2
126,-8281.360,-2027.311,-327.460,185.337,-0.995319,0.092924,0.026551,-0.091689,-0.994795,0.044457,0.030544,0.041815,0.998658,0,-0.09785,-0.81176,-5.871,-1.624,325.000,400.000,-1,400.000,-1,325.000,325.000,275.000,300.000,-1,-1,-1,-1,650.000,825.000,-1,-1,1,0,2,0,2,0,0,1,0,2,2,2,2,1,0,2,2
127,-8270.712,-2026.618,-328.170,183.716,-0.997571,0.064765,0.025653,-0.063637,-0.997065,0.042573,0.028335,0.040837,0.998764,0,-0.17785,-0.81005,-10.671,-1.620,350.000,400.000,-1,400.000,-1,325.000,325.000,275.000,300.000,-1,-1,-1,-1,650.000,825.000,-1,-1,1,0,2,0,2,0,0,1,0,2,2,2,2,1,0,2,2
128,-8264.846,-2026.378,-328.670,182.336,-0.998861,0.040733,0.024843,-0.039691,-0.998367,0.041094,0.026476,0.040061,0.998846,0,-0.09785,-0.69005,-5.871,-1.380,350.000,400.000,-1,400.000,-1,325.000,325.000,250.000,300.000,-1,-1,-1,-1,675.000,825.000,-1,-1,1,0,2,0,2,0,0,1,0,2,2,2,2,1,0,2,2
129,-8263.775,-2026.356,-328.982,181.196,-0.999491,0.020861,0.024118,-0.019886,-0.999004,0.039953,0.024927,0.039454,0.998910,0,-0.01785,-0.57005,-1.071,-1.140,350.000,375.000,-1,400.000,-1,325.000,325.000,250.000,300.000,-1,-1,-1,-1,675.000,825.000,-1,-1,1,0,2,0,2,0,0,1,0,2,2,2,2,1,0,2,2
130,-8267.504,-2026.375,-329.123,180.296,-0.999711,0.005165,0.023478,-0.004244,-0.999226,0.039106,0.023662,0.038995,0.998959,0,0.06215,-0.45005,3.729,-0.900,350.000,375.000,-1,400.000,-1,325.000,325.000,250.000,300.000,-1,-1,-1,-1,675.000,825.000,-1,-1,1,0,2,0,2,0,0,1,0,2,2,2,2,1,0,2,2
131,-8276.033,-2026.320,-329.007,179.636,-0.999714,-0.006347,0.023064,0.007242,-0.999216,0.038916,0.022799,0.039072,0.998976,0,0.14215,-0.33005,8.529,-0.660,350.000,375.000,-1,400.000,-1,325.000,325.000,250.000,300.000,-1,-1,-1,-1,675.000,825.000,-1,-1,1,0,2,0,2,0,0,1,0,2,2,2,2,1,0,2,2
132,-8289.361,-2026.138,-328.687,179.216,-0.999643,-0.013673,0.022947,0.014565,-0.999126,0.039175,0.022391,0.039495,0.998969,0,0.22215,-0.21005,13.329,-0.420,350.000,375.000,-1,400.000,-1,325.000,325.000,250.000,300.000,-1,-1,-1,-1,700.000,825.000,-1,-1,1,0,2,0,2,0,0,1,0,2,2,2,2,1,0,2,2
133,-8307.488,-2025.833,-328.271,179.036,-0.999598,-0.016814,0.022837,0.017705,-0.999066,0.039426,0.022153,0.039814,0.998962,0,0.30215,-0.09005,18.129,-0.180,375.000,375.000,-1,400.000,-1,325.000,325.000,250.000,300.000,-1,-1,-1,-1,700.000,825.000,-1,-1,1,0,2,0,2,0,0,1,0,2,2,2,2,1,0,2,2
134,-8330.414,-2025.471,-327.757,179.096,-0.999617,-0.015769,0.022732,0.016663,-0.999074,0.039669,0.022086,0.040033,0.998954,0,0.38215,0.02995,22.929,0.060,375.000,375.000,-1,400.000,-1,325.000,325.000,250.000,300.000,-1,-1,-1,-1,700.000,825.000,-1,-1,1,0,2,0,2,0,0,1,0,2,2,2,2,1,0,2,2
135,-8358.141,-2025.179,-327.136,179.396,-0.999688,-0.010539,0.022633,0.011437,-0.999138,0.039907,0.022193,0.040154,0.998947,0,0.46215,0.14995,27.729,0.300,375.000,375.000,-1,400.000,-1,325.000,325.000,225.000,300.000,-1,-1,-1,-1,675.000,825.000,-1,-1,1,0,2,0,2,0,0,1,0,2,2,2,2,1,0,2,2
