timestep,x_cm,y_cm,z_cm,yaw_deg,basis_xx,basis_xy,basis_xz,basis_yx,basis_yy,basis_yz,basis_zx,basis_zy,basis_zz,teleport_flag,throttle_cmd,steering_cmd,cmd_move_cm,cmd_turn_deg,lidar_cm_0,lidar_cm_1,lidar_cm_2,lidar_cm_3,lidar_cm_4,lidar_cm_5,lidar_cm_6,lidar_cm_7,lidar_cm_8,lidar_cm_9,lidar_cm_10,lidar_cm_11,lidar_cm_12,lidar_cm_13,lidar_cm_14,lidar_cm_15,lidar_cm_16,lidar_class_0,lidar_class_1,lidar_class_2,lidar_class_3,lidar_class_4,lidar_class_5,lidar_class_6,lidar_class_7,lidar_class_8,lidar_class_9,lidar_class_10,lidar_class_11,lidar_class_12,lidar_class_13,lidar_class_14,lidar_class_15,lidar_class_16
0,2300.165,7541.295,-249.080,-24.461,0.911547,0.411139,-0.006935,-0.406627,0.903795,0.133453,0.061135,-0.118829,0.991031,1,0.08000,0.12000,4.800,0.240,1000.000,325.000,850.000,375.000,750.000,275.000,300.000,-1,350.000,-1,-1,-1,-1,525.000,650.000,-1,750.000,1,0,1,0,1,0,0,2,0,2,2,2,2,1,1,2,1
1,2308.936,7537.395,-248.405,-23.981,0.914949,0.403520,-0.006294,-0.399155,0.907133,0.133359,0.059523,-0.119505,0.991048,0,0.16000,0.24000,9.600,0.480,1000.000,300.000,850.000,375.000,725.000,275.000,300.000,-1,350.000,-1,-1,-1,-1,525.000,625.000,-1,750.000,1,0,1,0,1,0,0,2,0,2,2,2,2,1,1,2,1
2,2322.166,7531.710,-247.416,-23.261,0.919934,0.392039,-0.005279,-0.387899,0.912016,0.133273,0.057063,-0.120555,0.991065,0,0.24000,0.36000,14.400,0.720,975.000,300.000,825.000,375.000,725.000,275.000,275.000,-1,350.000,-1,-1,-1,-1,525.000,600.000,1000.000,725.000,1,0,1,0,1,0,0,2,0,2,2,2,2,1,1,1,1
3,2339.929,7524.428,-246.145,-22.301,0.926354,0.376635,-0.003826,-0.372806,0.918290,0.133264,0.053705,-0.122023,0.991073,0,0.32000,0.48000,19.200,0.960,950.000,300.000,825.000,375.000,700.000,275.000,275.000,-1,350.000,-1,-1,-1,-1,525.000,575.000,975.000,700.000,1,0,1,0,1,0,0,2,0,2,2,2,2,1,1,1,1
4,2362.319,7515.793,-244.632,-21.101,0.934013,0.357234,-0.001847,-0.353810,0.925750,0.133436,0.049378,-0.123977,0.991056,0,0.40000,0.60000,24.000,1.200,925.000,300.000,800.000,375.000,675.000,250.000,275.000,-1,325.000,-1,-1,-1,-1,500.000,550.000,950.000,675.000,1,1,1,0,1,0,0,2,0,2,2,2,2,1,1,1,1
5,2389.440,7506.109,-242.932,-19.661,0.942662,0.333749,0.000771,-0.330839,0.934133,0.133941,0.043983,-0.126516,0.990989,0,0.48000,0.72000,28.800,1.440,900.000,300.000,775.000,350.000,650.000,250.000,275.000,-1,325.000,-1,-1,-1,-1,500.000,525.000,925.000,625.000,1,1,1,0,1,0,0,2,0,2,2,2,2,1,1,1,1
6,2421.398,7495.744,-241.117,-17.981,0.951994,0.306089,0.004170,-0.303826,0.943115,0.134997,0.037389,-0.129783,0.990837,0,0.56000,0.84000,33.600,1.680,850.000,275.000,750.000,350.000,600.000,250.000,275.000,-1,325.000,-1,-1,-1,-1,500.000,475.000,875.000,600.000,1,1,1,1,1,1,0,2,0,2,2,2,2,1,1,1,1
7,2458.260,7484.998,-239.122,-16.264,0.960673,0.277566,0.008028,-0.276035,0.951432,0.136315,0.030198,-0.133170,0.990633,0,0.64000,0.85856,38.400,1.717,825.000,275.000,725.000,325.000,550.000,225.000,250.000,-1,350.000,-1,-1,-1,-1,475.000,450.000,800.000,525.000,1,1,1,1,1,1,1,2,0,2,2,2,2,1,1,1,1
8,2500.076,7474.165,-236.989,-14.536,0.968520,0.248628,0.012383,-0.247924,0.958903,0.137978,0.022431,-0.136705,0.990358,0,0.72000,0.86401,43.200,1.728,775.000,275.000,675.000,300.000,500.000,225.000,250.000,-1,350.000,-1,-1,-1,-1,475.000,400.000,725.000,450.000,1,1,1,1,1,1,1,2,0,2,2,2,2,1,1,1,1
9,2546.882,7463.544,-234.781,-12.796,0.975508,0.219282,0.017336,-0.219520,0.965486,0.140167,0.013999,-0.140540,0.989976,0,0.80000,0.86990,48.000,1.740,725.000,250.000,650.000,275.000,450.000,225.000,225.000,-1,350.000,-1,-1,-1,-1,450.000,375.000,650.000,400.000,1,1,1,1,1,1,1,2,0,2,2,2,2,1,1,1,1
10,2598.704,7453.448,-233.917,-11.044,0.981774,0.189394,0.015796,-0.189605,0.970381,0.149703,0.013025,-0.149969,0.988605,0,0.88000,0.87605,52.800,1.752,675.000,250.000,650.000,250.000,400.000,200.000,200.000,-1,375.000,-1,0.000,-1,-1,450.000,350.000,625.000,325.000,1,1,1,1,1,1,1,2,1,2,1,2,2,1,1,1,1
11,2647.899,7445.195,-232.187,-9.532,0.986469,0.163604,0.010579,-0.163254,0.974342,0.154940,0.015041,-0.154570,0.987867,0,0.83143,0.75605,49.886,1.512,650.000,250.000,650.000,225.000,325.000,200.000,200.000,-1,375.000,-1,0.000,-1,-1,500.000,325.000,600.000,275.000,1,1,1,1,1,1,1,2,1,2,1,2,2,1,1,1,1
12,2696.527,7438.151,-228.849,-8.260,0.989907,0.141717,-0.000852,-0.139619,0.976247,0.165675,0.024311,-0.163884,0.986180,0,0.81897,0.63605,49.138,1.272,625.000,275.000,700.000,225.000,300.000,225.000,200.000,-1,375.000,-1,0.000,-1,-1,525.000,325.000,625.000,275.000,1,1,1,1,1,1,1,2,1,2,1,2,2,1,1,1,1
13,2744.393,7432.103,-224.099,-7.228,0.992176,0.123818,-0.015974,-0.118936,0.976347,0.180559,0.037953,-0.177246,0.983434,0,0.80415,0.51605,48.249,1.032,625.000,300.000,750.000,250.000,300.000,225.000,225.000,-1,400.000,-1,0.000,0.000,-1,575.000,325.000,625.000,275.000,1,1,1,1,1,1,1,2,1,2,1,0,2,1,1,1,1
14,2791.324,7426.830,-219.432,-6.435,0.993444,0.110054,-0.030945,-0.102051,0.975709,0.193850,0.051527,-0.189421,0.980543,0,0.78711,0.39605,47.227,0.792,600.000,350.000,800.000,250.000,300.000,250.000,225.000,-1,425.000,-1,0.000,0.000,-1,575.000,350.000,600.000,275.000,1,1,1,1,1,1,1,2,1,2,0,0,2,1,1,1,1
15,2837.168,7422.125,-214.856,-5.883,0.993900,0.100419,-0.045591,-0.089015,0.974513,0.205915,0.065106,-0.200601,0.977507,0,0.76808,0.27605,46.085,0.552,600.000,375.000,875.000,250.000,275.000,275.000,225.000,-1,450.000,550.000,0.000,0.000,-1,550.000,350.000,600.000,275.000,1,1,1,1,1,1,1,2,1,0,0,0,2,1,1,1,1
16,4263.577,-6231.316,47.596,-17.527,0.953485,0.299739,0.031979,-0.294630,0.949109,-0.111290,-0.063709,0.096692,0.993273,1,0.00000,0.00000,44.840,0.375,975.000,400.000,-1,400.000,-1,325.000,325.000,275.000,275.000,575.000,425.000,375.000,675.000,675.000,750.000,-1,-1,0,0,2,0,2,0,0,0,0,1,1,1,1,0,0,2,2
17,4268.160,-6232.742,47.308,-17.287,0.954729,0.295751,0.031992,-0.290655,0.950325,-0.111365,-0.063339,0.097025,0.993264,0,0.08000,0.12000,4.800,0.240,975.000,400.000,-1,400.000,-1,325.000,325.000,275.000,275.000,575.000,425.000,400.000,675.000,675.000,750.000,-1,-1,0,0,2,0,2,0,0,0,0,1,1,1,1,0,0,2,2
18,4277.350,-6235.517,46.737,-16.807,0.957167,0.287760,0.032009,-0.282689,0.952706,-0.111523,-0.062587,0.097698,0.993246,0,0.16000,0.24000,9.600,0.480,950.000,400.000,-1,400.000,-1,325.000,325.000,275.000,275.000,600.000,425.000,400.000,725.000,675.000,750.000,-1,-1,0,0,2,0,2,0,0,0,0,1,1,1,1,0,0,2,2
19,4291.186,-6239.505,45.892,-16.087,0.960700,0.275738,0.032009,-0.270707,0.956150,-0.111780,-0.061427,0.098722,0.993217,0,0.24000,0.36000,14.400,0.720,950.000,400.000,-1,400.000,-1,325.000,325.000,275.000,275.000,600.000,450.000,400.000,800.000,675.000,725.000,-1,-1,0,0,2,0,2,0,0,0,0,1,1,1,1,0,0,2,2
20,4309.720,-6244.514,44.785,-15.127,0.965175,0.259643,0.031966,-0.254671,0.960502,-0.112158,-0.059824,0.100112,0.993176,0,0.32000,0.48000,19.200,0.960,925.000,400.000,-1,400.000,-1,325.000,325.000,275.000,300.000,625.000,450.000,425.000,-1,650.000,725.000,-1,-1,0,0,2,0,2,0,0,0,0,1,1,1,2,0,0,2,2
21,4333.014,-6250.287,43.436,-13.927,0.970392,0.239427,0.031846,-0.234536,0.965554,-0.112690,-0.057730,0.101885,0.993120,0,0.40000,0.60000,24.000,1.200,900.000,375.000,-1,400.000,-1,325.000,325.000,275.000,300.000,650.000,475.000,450.000,-1,650.000,725.000,-1,-1,0,0,2,0,2,0,0,0,0,1,1,1,2,0,0,2,2
22,4361.132,-6256.510,41.867,-12.487,0.976094,0.215039,0.031612,-0.210254,0.971046,-0.113415,-0.055085,0.104057,0.993045,0,0.48000,0.72000,28.800,1.440,875.000,375.000,-1,400.000,-1,325.000,325.000,275.000,300.000,675.000,500.000,475.000,-1,650.000,700.000,-1,-1,0,0,2,0,2,0,0,0,0,1,1,1,2,0,0,2,2
23,4394.135,-6262.806,40.112,-10.807,0.981973,0.186426,0.031224,-0.181782,0.976664,-0.114382,-0.051819,0.106644,0.992946,0,0.56000,0.84000,33.600,1.680,875.000,375.000,-1,400.000,-1,325.000,325.000,275.000,300.000,700.000,525.000,500.000,-1,625.000,700.000,-1,-1,0,0,2,0,2,0,0,0,0,1,1,1,2,0,0,2,2
24,4427.543,-6268.123,38.430,-9.051,0.987220,0.156378,0.030718,-0.151898,0.981626,-0.115489,-0.048214,0.109347,0.992834,0,0.56385,0.87762,33.831,1.755,850.000,375.000,-1,400.000,-1,325.000,325.000,275.000,300.000,725.000,550.000,525.000,-1,625.000,675.000,975.000,-1,0,0,2,0,2,0,0,0,0,1,1,1,2,0,0,0,2
25,4461.329,-6272.438,36.826,-7.285,0.991572,0.126012,0.030107,-0.121718,0.985675,-0.116742,-0.044387,0.112093,0.992706,0,0.56771,0.88304,34.063,1.766,825.000,375.000,-1,375.000,-1,300.000,325.000,275.000,300.000,750.000,575.000,575.000,-1,625.000,675.000,950.000,-1,0,0,2,0,2,0,0,0,0,1,1,1,2,0,0,0,2
26,4495.475,-6275.726,35.309,-5.508,0.995009,0.095355,0.029401,-0.091268,0.988793,-0.118144,-0.040337,0.114871,0.992561,0,0.57178,0.88851,34.307,1.777,825.000,350.000,-1,375.000,-1,300.000,300.000,275.000,300.000,775.000,600.000,600.000,-1,600.000,675.000,925.000,-1,0,0,2,0,2,0,0,0,0,1,1,1,2,0,0,0,2
27,4529.961,-6277.963,33.886,-3.720,0.997512,0.064434,0.028612,-0.060577,0.990960,-0.119700,-0.036066,0.117669,0.992398,0,0.57601,0.89405,34.561,1.788,800.000,350.000,-1,375.000,-1,300.000,300.000,275.000,300.000,825.000,650.000,625.000,-1,600.000,650.000,900.000,-1,0,0,2,0,2,0,0,0,0,1,1,1,2,0,0,0,2
28,4566.976,-6279.202,32.478,-1.925,0.999060,0.033351,0.027705,-0.029750,0.992144,-0.121511,-0.031540,0.120572,0.992203,0,0.61731,0.89748,37.039,1.795,800.000,350.000,-1,375.000,-1,300.000,300.000,275.000,300.000,850.000,675.000,650.000,-1,600.000,650.000,900.000,-1,0,0,2,0,2,0,0,0,0,1,1,1,2,0,0,0,2
29,4603.897,-6279.276,31.573,-0.123,0.999646,0.002139,0.026527,0.001147,0.992376,-0.123240,-0.026588,0.123227,0.992022,0,0.61541,0.90089,36.924,1.802,800.000,350.000,-1,375.000,-1,300.000,300.000,275.000,300.000,900.000,700.000,700.000,-1,600.000,625.000,875.000,-1,0,0,2,0,2,0,0,0,0,1,1,1,2,0,0,0,2
30,4640.719,-6278.189,31.620,1.686,0.999294,-0.029187,0.023648,0.031894,0.991816,-0.123625,-0.019846,0.124292,0.992047,0,0.61402,0.90454,36.841,1.809,825.000,350.000,-1,375.000,-1,300.000,300.000,300.000,300.000,925.000,725.000,575.000,-1,600.000,650.000,925.000,-1,0,0,2,0,2,0,0,0,0,1,1,0,2,0,0,0,2
31,4677.436,-6275.938,31.792,3.502,0.997946,-0.060608,0.020733,0.062724,0.990261,-0.124290,-0.012998,0.125336,0.992029,0,0.61315,0.90840,36.789,1.817,800.000,350.000,-1,375.000,-1,300.000,300.000,300.000,300.000,975.000,750.000,500.000,-1,600.000,650.000,950.000,-1,1,0,2,0,2,0,0,0,0,1,1,0,2,0,0,0,2
32,4718.830,-6271.946,32.147,5.502,0.995313,-0.095117,0.017431,0.096556,0.987397,-0.125399,-0.005283,0.126494,0.991953,0,0.69315,1.00000,41.589,2.000,775.000,350.000,-1,375.000,-1,300.000,300.000,300.000,325.000,1000.000,650.000,425.000,-1,600.000,650.000,1000.000,-1,1,0,2,0,2,0,0,0,0,1,0,0,2,0,0,0,2
33,4761.071,-6266.378,32.680,7.502,0.991480,-0.129499,0.014082,0.130237,0.983329,-0.126897,0.002586,0.127650,0.991816,0,0.71017,1.00000,42.610,2.000,750.000,350.000,-1,375.000,-1,300.000,300.000,300.000,325.000,-1,550.000,400.000,-1,600.000,650.000,-1,-1,1,0,2,0,2,0,0,0,0,2,0,0,2,0,0,2,2
34,4803.275,-6259.309,33.390,9.502,0.986449,-0.163714,0.010788,0.163731,0.978068,-0.128746,0.010526,0.128768,0.991619,0,0.71325,1.00000,42.795,2.000,725.000,350.000,-1,375.000,-1,300.000,325.000,300.000,325.000,-1,500.000,375.000,-1,625.000,675.000,-1,-1,1,0,2,0,2,0,0,0,0,2,0,0,2,0,0,2,2
35,4845.394,-6250.734,34.283,11.502,0.980229,-0.197721,0.007591,0.196998,0.971621,-0.130933,0.018513,0.129840,0.991362,0,0.71644,1.00000,42.986,2.000,700.000,350.000,-1,375.000,-1,300.000,325.000,300.000,325.000,-1,450.000,350.000,-1,625.000,675.000,-1,-1,1,0,2,0,2,0,0,0,0,2,0,0,2,0,0,2,2
36,4887.380,-6240.648,35.366,13.502,0.972830,-0.231478,0.004527,0.229998,0.963999,-0.133441,0.026525,0.130857,0.991046,0,0.71973,1.00000,43.184,2.000,675.000,350.000,-1,375.000,-1,300.000,325.000,300.000,325.000,-1,425.000,350.000,-1,625.000,675.000,-1,-1,1,0,2,0,2,0,0,0,0,2,0,0,2,0,0,2,2
37,4929.183,-6229.048,36.644,15.502,0.964262,-0.264946,0.001634,0.262691,0.955211,-0.136253,0.034539,0.131812,0.990673,0,0.72311,1.00000,43.387,2.000,650.000,375.000,-1,375.000,-1,300.000,325.000,300.000,300.000,-1,400.000,300.000,925.000,650.000,700.000,-1,-1,1,0,2,0,2,0,0,0,0,2,0,0,1,0,0,2,2
38,4970.756,-6215.934,38.125,17.502,0.954538,-0.298086,-0.001053,0.295038,0.945270,-0.139343,0.042532,0.132698,0.990244,0,0.72659,1.00000,43.596,2.000,625.000,375.000,-1,375.000,-1,300.000,325.000,300.000,300.000,-1,375.000,275.000,900.000,650.000,700.000,-1,-1,1,0,2,0,2,0,0,0,0,2,0,0,0,0,0,2,2
39,5012.048,-6201.305,39.812,19.502,0.943674,-0.330858,-0.003502,0.327003,0.934189,-0.142688,0.050480,0.133506,0.989762,0,0.73017,1.00000,43.810,2.000,600.000,375.000,-1,375.000,-1,300.000,300.000,300.000,300.000,-1,350.000,250.000,875.000,675.000,700.000,-1,-1,1,0,2,0,2,0,0,0,0,2,0,0,0,0,0,2,2
40,5053.009,-6185.164,41.712,21.502,0.931685,-0.363223,-0.005681,0.358549,0.921983,-0.146257,0.058361,0.134228,0.989230,0,0.73383,1.00000,44.030,2.000,550.000,375.000,-1,375.000,-1,300.000,300.000,325.000,300.000,-1,325.000,250.000,875.000,675.000,700.000,-1,-1,1,0,2,0,2,0,0,0,0,2,0,0,0,1,0,2,2
41,5093.587,-6167.513,43.831,23.502,0.918588,-0.395144,-0.007562,0.389641,0.908666,-0.150018,0.066151,0.134859,0.988654,0,0.73758,1.00000,44.255,2.000,525.000,375.000,-1,375.000,-1,300.000,300.000,325.000,275.000,-1,300.000,225.000,875.000,650.000,700.000,-1,-1,1,0,2,0,2,0,0,0,0,2,0,0,0,1,0,2,2
42,5133.734,-6148.362,46.639,25.502,0.904359,-0.426682,-0.008731,0.420546,0.894462,-0.151918,0.072631,0.133717,0.988354,0,0.74141,1.00000,44.484,2.000,500.000,375.000,-1,375.000,-1,300.000,300.000,325.000,275.000,-1,300.000,250.000,875.000,650.000,700.000,725.000,-1,1,0,2,0,2,0,0,0,0,2,0,0,0,1,0,1,2
43,5169.009,-6130.188,49.907,27.262,0.890860,-0.454150,-0.010794,0.447446,0.881319,-0.151887,0.078492,0.130480,0.988339,0,0.66141,0.88000,39.684,1.760,475.000,375.000,-1,375.000,-1,300.000,300.000,325.000,275.000,-1,325.000,275.000,925.000,625.000,700.000,650.000,-1,1,0,2,0,2,0,0,0,0,2,0,0,0,1,0,1,2
44,5199.583,-6113.397,52.947,28.782,0.878507,-0.477558,-0.012812,0.470341,0.869307,-0.151934,0.083695,0.127448,0.988308,0,0.58141,0.76000,34.884,1.520,450.000,375.000,-1,375.000,-1,300.000,300.000,300.000,300.000,-1,325.000,275.000,950.000,625.000,725.000,575.000,-1,1,0,2,0,2,0,0,0,0,2,0,0,0,1,0,1,2
45,5225.621,-6098.330,55.655,30.062,0.867615,-0.497023,-0.014549,0.489371,0.858709,-0.152100,0.088091,0.124844,0.988258,0,0.50141,0.64000,30.084,1.280,425.000,375.000,-1,375.000,-1,300.000,325.000,300.000,300.000,-1,325.000,300.000,975.000,600.000,725.000,550.000,-1,1,0,2,0,2,0,0,0,0,2,0,0,0,1,0,1,2
46,5247.270,-6085.271,57.985,31.102,0.858440,-0.512665,-0.015974,0.504655,0.849774,-0.152339,0.091673,0.122713,0.988199,0,0.42141,0.52000,25.284,1.040,400.000,375.000,-1,375.000,-1,300.000,325.000,300.000,300.000,-1,325.000,300.000,1000.000,600.000,725.000,500.000,-1,1,0,2,0,2,0,0,0,0,2,0,0,0,1,0,1,2
47,5264.660,-6074.448,59.905,31.902,0.851185,-0.524587,-0.017099,0.516295,0.842706,-0.152598,0.094460,0.121061,0.988140,0,0.34141,0.40000,20.484,0.800,400.000,375.000,-1,375.000,-1,300.000,325.000,300.000,300.000,-1,350.000,325.000,-1,600.000,750.000,475.000,-1,1,1,2,0,2,0,0,0,0,2,0,0,2,1,0,1,2
48,5277.894,-6066.031,61.391,32.462,0.846004,-0.532874,-0.017939,0.524376,0.837658,-0.152838,0.096471,0.119895,0.988088,0,0.26141,0.28000,15.684,0.560,375.000,375.000,-1,400.000,-1,325.000,325.000,300.000,300.000,-1,350.000,325.000,-1,600.000,750.000,475.000,-1,1,1,2,0,2,0,0,0,0,2,0,0,2,1,0,1,2
49,5287.045,-6060.139,62.428,32.782,0.843004,-0.537588,-0.018508,0.528957,0.834737,-0.153030,0.097717,0.119215,0.988048,0,0.18141,0.16000,10.884,0.320,375.000,375.000,-1,400.000,-1,325.000,325.000,300.000,300.000,-1,350.000,325.000,-1,575.000,750.000,450.000,-1,1,1,2,0,2,0,0,0,0,2,0,0,2,1,0,1,2
50,5292.156,-6056.837,63.004,32.862,0.842245,-0.538766,-0.018815,0.530074,0.834005,-0.153156,0.098207,0.119021,0.988023,0,0.10141,0.04000,6.084,0.080,375.000,375.000,-1,400.000,-1,325.000,325.000,300.000,300.000,-1,350.000,325.000,-1,575.000,750.000,450.000,-1,1,1,2,0,2,0,0,1,0,2,0,0,2,1,0,1,2
51,5293.235,-6056.141,63.124,32.830,0.842546,-0.538293,-0.018875,0.529595,0.834303,-0.153189,0.098209,0.119073,0.988017,0,0.02141,-0.01612,1.284,-0.032,375.000,375.000,-1,400.000,-1,325.000,325.000,300.000,300.000,-1,350.000,325.000,-1,575.000,750.000,450.000,-1,1,1,2,0,2,0,0,1,0,2,0,0,2,1,0,1,2
52,5298.336,-6052.824,63.708,33.038,0.840583,-0.541343,-0.019189,0.532567,0.832389,-0.153300,0.098961,0.118642,0.987993,0,0.10141,0.10388,6.084,0.208,375.000,375.000,-1,400.000,-1,325.000,325.000,300.000,300.000,-1,350.000,350.000,-1,575.000,750.000,450.000,-1,1,1,2,0,2,0,0,1,0,2,0,0,2,1,0,1,2
53,5307.414,-6046.820,64.766,33.486,0.836316,-0.547892,-0.019750,0.538965,0.828224,-0.153498,0.100458,0.117729,0.987951,0,0.18141,0.22388,10.884,0.448,350.000,375.000,-1,400.000,-1,325.000,325.000,300.000,300.000,-1,350.000,350.000,-1,575.000,775.000,425.000,-1,1,1,2,0,2,0,0,1,0,2,0,0,2,1,0,1,2
54,5320.390,-6038.012,66.313,34.173,0.829663,-0.557886,-0.020546,0.548739,0.821723,-0.153807,0.102690,0.116333,0.987887,0,0.26141,0.34388,15.684,0.688,350.000,350.000,-1,400.000,-1,325.000,325.000,300.000,300.000,-1,350.000,350.000,-1,575.000,775.000,425.000,-1,1,1,2,0,2,0,0,1,0,2,0,0,2,1,0,1,2
55,5337.149,-6026.236,68.379,35.101,0.820499,-0.571242,-0.021529,0.561806,0.812759,-0.154263,0.105619,0.114478,0.987795,0,0.34141,0.46388,20.484,0.928,325.000,350.000,-1,400.000,-1,325.000,325.000,300.000,300.000,-1,375.000,350.000,-1,575.000,775.000,400.000,-1,1,1,2,0,2,0,0,1,0,2,0,0,2,1,0,1,2
56,5357.554,-6011.306,71.154,36.195,0.809469,-0.586757,-0.021842,0.577044,0.801845,-0.155129,0.108537,0.112968,0.987653,0,0.42141,0.54695,25.284,1.094,325.000,350.000,-1,400.000,-1,325.000,325.000,300.000,300.000,-1,375.000,375.000,-1,575.000,800.000,375.000,-1,1,1,2,0,2,0,0,1,0,2,0,0,2,1,0,1,2
57,5381.487,-5993.081,74.514,37.292,0.798123,-0.602088,-0.022131,0.592076,0.790594,-0.156225,0.111557,0.111584,0.987474,0,0.50141,0.54823,30.084,1.096,300.000,350.000,-1,400.000,-1,325.000,325.000,300.000,300.000,-1,400.000,400.000,-1,550.000,800.000,325.000,-1,1,1,2,0,2,1,0,1,0,2,0,0,2,1,0,1,2
58,5408.825,-5971.411,79.433,38.392,0.786662,-0.616978,-0.022367,0.606078,0.778652,-0.162392,0.117609,0.114192,0.986473,0,0.58141,0.55029,34.884,1.101,275.000,350.000,-1,400.000,-1,325.000,325.000,300.000,300.000,-1,400.000,400.000,1000.000,575.000,825.000,325.000,-1,1,1,2,0,2,1,0,1,0,2,0,0,0,1,0,1,2
59,5439.439,-5946.160,85.602,39.499,0.775054,-0.631502,-0.022266,0.619277,0.766113,-0.171949,0.125645,0.119481,0.984854,0,0.66141,0.55320,39.684,1.106,275.000,350.000,-1,425.000,-1,325.000,350.000,325.000,300.000,-1,400.000,400.000,925.000,625.000,900.000,375.000,-1,1,1,2,0,2,1,0,1,0,2,0,0,0,1,0,1,2
60,5473.198,-5917.191,92.782,40.613,0.763268,-0.645719,-0.021655,0.631858,0.753038,-0.183548,0.134828,0.126413,0.982772,0,0.74141,0.55703,44.484,1.114,275.000,350.000,-1,425.000,-1,325.000,350.000,325.000,300.000,-1,425.000,325.000,875.000,750.000,1000.000,475.000,-1,1,1,2,0,2,1,1,1,0,2,0,0,0,1,0,1,2
61,5509.962,-5884.365,101.058,41.736,0.751353,-0.659586,-0.020362,0.643703,0.739357,-0.197477,0.145308,0.135267,0.980096,0,0.82141,0.56188,49.284,1.124,300.000,375.000,-1,450.000,-1,350.000,375.000,350.000,300.000,-1,400.000,275.000,800.000,-1,-1,-1,-1,1,1,2,0,2,1,1,1,0,2,0,0,0,2,2,2,2
62,5549.586,-5847.554,109.514,42.872,0.739006,-0.673442,-0.018596,0.655799,0.725417,-0.209040,0.154266,0.142287,0.977730,0,0.90141,0.56789,54.084,1.136,350.000,400.000,-1,475.000,-1,350.000,375.000,350.000,275.000,-1,400.000,250.000,775.000,-1,-1,-1,-1,1,1,2,0,2,1,1,1,0,2,0,0,0,2,2,2,2
63,5588.960,-5809.481,118.155,44.023,0.726130,-0.687359,-0.016499,0.668290,0.711220,-0.218072,0.161628,0.147323,0.975793,0,0.91286,0.57523,54.772,1.150,400.000,425.000,-1,500.000,-1,375.000,400.000,350.000,275.000,-1,375.000,225.000,725.000,-1,-1,-1,-1,1,1,2,0,2,1,1,1,0,2,0,0,0,2,2,2,2
64,5627.581,-5770.588,126.862,45.189,0.712713,-0.701313,-0.014139,0.681088,0.696700,-0.225231,0.167808,0.150896,0.974203,0,0.91353,0.58324,54.812,1.166,500.000,450.000,-1,525.000,-1,400.000,425.000,350.000,275.000,-1,350.000,200.000,675.000,-1,-1,-1,-1,1,1,2,0,2,1,1,1,0,2,0,0,0,2,2,2,2
65,5665.391,-5730.908,135.537,46.373,0.698742,-0.715281,-0.011559,0.694118,0.681801,-0.230972,0.173091,0.153367,0.972892,0,0.91354,0.59185,54.812,1.184,-1,475.000,-1,550.000,-1,425.000,450.000,350.000,275.000,-1,350.000,175.000,650.000,-1,-1,-1,-1,2,1,2,0,2,1,0,1,0,2,0,0,0,2,2,2,2
66,5702.332,-5690.478,144.096,47.575,0.684208,-0.729234,-0.008774,0.707300,0.666465,-0.235693,0.177723,0.155057,0.971788,0,0.91278,0.60113,54.767,1.202,-1,500.000,-1,575.000,-1,450.000,475.000,325.000,275.000,-1,325.000,175.000,625.000,-1,-1,-1,-1,2,1,2,0,2,1,0,1,0,2,0,0,0,2,2,2,2
67,5738.339,-5649.345,152.549,48.797,0.669068,-0.743178,-0.005889,0.720629,0.650665,-0.239433,0.181773,0.155953,0.970895,0,0.91116,0.61112,54.669,1.222,-1,550.000,-1,600.000,-1,475.000,475.000,300.000,275.000,-1,325.000,150.000,600.000,-1,-1,-1,-1,2,1,2,0,2,1,0,1,0,2,0,0,0,2,2,2,2
68,5773.344,-5607.561,160.699,50.041,0.653389,-0.757020,-0.002018,0.734146,0.634292,-0.242288,0.184697,0.156826,0.970202,0,0.90855,0.62188,54.513,1.244,-1,600.000,-1,625.000,-1,525.000,500.000,275.000,250.000,-1,325.000,150.000,600.000,-1,-1,-1,-1,2,1,2,0,2,0,0,1,0,2,0,0,0,2,2,2,2
69,5807.275,-5565.186,168.343,51.308,0.637245,-0.770652,0.003764,0.747894,0.617234,-0.244288,0.185938,0.158486,0.969695,0,0.90484,0.63344,54.290,1.267,-1,625.000,-1,625.000,-1,525.000,500.000,250.000,250.000,-1,350.000,150.000,575.000,-1,-1,-1,-1,2,1,2,0,2,1,0,1,0,2,0,0,0,2,2,2,2
70,983.906,-7543.284,142.285,-103.707,-0.206449,0.964791,-0.162963,-0.954323,-0.235308,-0.184115,-0.215979,0.117509,0.969301,1,0.00000,0.00000,53.995,1.292,-1,550.000,-1,400.000,0.000,425.000,400.000,175.000,25.000,100.000,-1,-1,325.000,850.000,650.000,-1,0.000,2,0,2,1,1,0,1,1,1,1,2,2,1,0,0,2,1
71,327.987,-983.903,-390.718,-37.670,0.783688,0.610989,-0.111918,-0.608337,0.791370,0.060503,0.125536,0.020669,0.991874,1,0.00000,0.00000,4.800,0.240,-1,375.000,-1,375.000,-1,300.000,300.000,300.000,275.000,-1,275.000,250.000,825.000,650.000,675.000,-1,-1,2,0,2,0,2,0,0,0,0,2,0,0,0,0,0,2,2
72,324.999,-981.576,-391.190,-37.910,0.781147,0.614292,-0.111602,-0.611692,0.788795,0.060289,0.125066,0.021171,0.991922,0,-0.06312,-0.12000,-3.787,-0.240,-1,375.000,-1,375.000,-1,300.000,300.000,300.000,275.000,-1,275.000,250.000,825.000,650.000,675.000,-1,-1,2,0,2,0,2,0,0,0,0,2,0,0,0,0,0,2,2
73,320.010,-977.622,-391.987,-38.390,0.776010,0.620865,-0.111065,-0.618363,0.783604,0.059934,0.124242,0.022170,0.992004,0,-0.10610,-0.24000,-6.366,-0.480,-1,375.000,-1,375.000,-1,300.000,300.000,300.000,275.000,-1,275.000,250.000,825.000,650.000,675.000,-1,-1,2,0,2,0,2,0,0,0,0,2,0,0,0,0,0,2,2
74,315.056,-973.594,-392.801,-39.110,0.768167,0.630641,-0.110503,-0.628264,0.775714,0.059597,0.123303,0.023644,0.992087,0,-0.10641,-0.36000,-6.385,-0.720,-1,350.000,-1,375.000,-1,300.000,300.000,300.000,275.000,-1,300.000,250.000,850.000,650.000,675.000,-1,-1,2,0,2,0,2,0,0,0,0,2,0,0,0,0,0,2,2
75,310.161,-969.476,-393.632,-40.070,0.757497,0.643518,-0.109918,-0.641294,0.765003,0.059274,0.122231,0.025590,0.992172,0,-0.10662,-0.48000,-6.397,-0.960,-1,350.000,-1,375.000,-1,300.000,300.000,300.000,275.000,-1,300.000,275.000,850.000,650.000,675.000,-1,-1,2,0,2,0,2,0,0,0,0,2,0,0,0,0,0,2,2
76,305.349,-965.251,-394.481,-41.270,0.743842,0.659356,-0.109314,-0.657311,0.751310,0.058955,0.121001,0.028000,0.992257,0,-0.10672,-0.60000,-6.403,-1.200,-1,350.000,-1,375.000,-1,300.000,300.000,300.000,275.000,-1,300.000,275.000,875.000,650.000,675.000,-1,-1,2,0,2,0,2,0,0,0,0,2,0,0,0,0,0,2,2
77,300.647,-960.908,-395.349,-42.710,0.727008,0.677971,-0.108695,-0.676135,0.734441,0.058633,0.119581,0.030866,0.992345,0,-0.10668,-0.72000,-6.401,-1.440,-1,350.000,-1,375.000,-1,300.000,300.000,300.000,275.000,-1,300.000,275.000,875.000,650.000,675.000,-1,-1,2,0,2,0,2,0,0,0,0,2,0,0,0,0,0,2,2
78,296.082,-956.437,-396.218,-44.390,0.706762,0.699134,-0.108164,-0.697542,0.714170,0.058286,0.117998,0.034254,0.992423,0,-0.10651,-0.84000,-6.390,-1.680,-1,350.000,-1,375.000,-1,300.000,300.000,300.000,275.000,-1,325.000,275.000,875.000,650.000,675.000,-1,-1,2,0,2,0,2,0,0,0,0,2,0,0,0,0,0,2,2
79,291.683,-951.829,-397.100,-46.310,0.682863,0.722568,-0.107669,-0.721250,0.690249,0.057923,0.116172,0.038103,0.992498,0,-0.10617,-0.96000,-6.370,-1.920,-1,350.000,-1,375.000,-1,300.000,300.000,300.000,275.000,-1,325.000,275.000,875.000,650.000,675.000,-1,-1,2,0,2,0,2,0,0,0,0,2,0,0,0,0,0,2,2
80,287.468,-947.094,-397.860,-48.310,0.657149,0.746114,-0.107099,-0.745007,0.664519,0.058133,0.114543,0.041588,0.992547,0,-0.10566,-1.00000,-6.339,-2.000,-1,350.000,-1,375.000,-1,300.000,300.000,300.000,275.000,-1,350.000,275.000,875.000,650.000,675.000,-1,-1,2,0,2,0,2,0,0,0,0,2,0,0,0,0,0,2,2
81,283.445,-942.244,-398.428,-50.310,0.630635,0.768760,-0.106335,-0.767758,0.638000,0.059190,0.113345,0.044312,0.992567,0,-0.10503,-1.00000,-6.302,-2.000,-1,350.000,-1,375.000,-1,300.000,300.000,300.000,275.000,-1,350.000,300.000,875.000,650.000,675.000,-1,-1,2,0,2,0,2,0,0,0,0,2,0,0,0,0,0,2,2
82,279.620,-937.291,-398.998,-52.310,0.603356,0.790461,-0.105511,-0.789566,0.610707,0.060183,0.112009,0.046996,0.992595,0,-0.10431,-1.00000,-6.259,-2.000,-1,350.000,-1,375.000,-1,300.000,300.000,300.000,275.000,-1,350.000,300.000,900.000,650.000,700.000,-1,-1,2,0,2,0,2,0,0,0,0,2,0,0,0,0,0,2,2
83,275.999,-932.246,-399.568,-54.310,0.575347,0.811189,-0.104634,-0.810406,0.582674,0.061107,0.110537,0.049638,0.992632,0,-0.10352,-1.00000,-6.211,-2.000,-1,375.000,-1,375.000,-1,300.000,300.000,300.000,275.000,-1,350.000,300.000,900.000,650.000,700.000,-1,-1,2,0,2,0,2,0,0,0,0,2,0,0,0,0,0,2,2
84,272.584,-927.121,-400.137,-56.310,0.546642,0.830919,-0.103709,-0.830251,0.553935,0.061958,0.108931,0.052236,0.992676,0,-0.10265,-1.00000,-6.159,-2.000,-1,375.000,-1,375.000,-1,300.000,325.000,300.000,275.000,-1,350.000,300.000,925.000,650.000,700.000,-1,-1,2,0,2,0,2,0,0,0,0,2,0,0,0,0,0,2,2
85,269.380,-921.928,-400.667,-58.310,0.517274,0.849622,-0.102810,-0.849096,0.524523,0.062548,0.107068,0.054941,0.992733,0,-0.10170,-1.00000,-6.102,-2.000,-1,375.000,-1,400.000,-1,300.000,325.000,275.000,300.000,-1,350.000,300.000,950.000,650.000,700.000,-1,-1,2,0,2,0,2,0,0,0,0,2,0,0,0,0,0,2,2
86,266.390,-916.679,-401.090,-60.310,0.487279,0.867258,-0.102091,-0.866943,0.494466,0.062557,0.104733,0.058024,0.992806,0,-0.10068,-1.00000,-6.041,-2.000,-1,375.000,-1,400.000,-1,300.000,325.000,275.000,300.000,-1,350.000,325.000,950.000,650.000,700.000,-1,-1,2,0,2,0,2,0,0,0,0,2,0,0,0,0,0,2,2
87,263.616,-911.387,-401.508,-62.310,0.456695,0.883826,-0.101394,-0.883726,0.463813,0.062499,0.102266,0.061061,0.992881,0,-0.09960,-1.00000,-5.976,-2.000,-1,375.000,-1,400.000,-1,300.000,325.000,275.000,300.000,-1,350.000,325.000,975.000,650.000,725.000,-1,-1,2,0,2,0,2,0,0,0,0,2,0,0,0,0,0,2,2
88,261.058,-906.064,-401.922,-64.310,0.425563,0.899306,-0.100724,-0.899424,0.432604,0.062376,0.099669,0.064049,0.992957,0,-0.09845,-1.00000,-5.907,-2.000,-1,375.000,-1,400.000,-1,300.000,325.000,275.000,300.000,-1,325.000,350.000,1000.000,650.000,725.000,-1,-1,2,0,2,0,2,0,0,0,0,2,0,0,0,0,0,2,2
89,260.611,-905.052,-401.889,-66.070,0.397707,0.912002,-0.100404,-0.912321,0.404706,0.062319,0.097470,0.066816,0.992993,0,-0.01845,-0.88000,-1.107,-1.760,-1,375.000,-1,400.000,-1,300.000,325.000,275.000,300.000,-1,325.000,350.000,-1,675.000,725.000,-1,-1,2,0,2,0,2,0,0,0,0,2,0,0,2,0,0,2,2
90,262.021,-908.466,-401.422,-67.590,0.373314,0.922256,-0.100400,-0.922755,0.380306,0.062380,0.095713,0.069357,0.992990,0,0.06155,-0.76000,3.693,-1.520,-1,375.000,-1,400.000,-1,325.000,325.000,275.000,300.000,-1,350.000,350.000,-1,675.000,725.000,-1,-1,2,0,2,0,2,0,0,0,0,2,0,0,2,0,0,2,2
91,265.085,-916.388,-400.530,-68.870,0.352529,0.930369,-0.100682,-0.931024,0.359551,0.062592,0.094434,0.071672,0.992948,0,0.14155,-0.64000,8.493,-1.280,-1,375.000,-1,400.000,-1,325.000,325.000,275.000,300.000,-1,350.000,350.000,-1,675.000,725.000,-1,-1,2,0,2,0,2,0,0,0,0,2,0,0,2,0,0,2,2
92,269.653,-928.873,-399.220,-69.910,0.335464,0.936598,-0.101227,-0.937386,0.342552,0.062973,0.093656,0.073764,0.992868,0,0.22155,-0.52000,13.293,-1.040,-1,375.000,-1,400.000,-1,325.000,325.000,275.000,300.000,-1,350.000,375.000,-1,675.000,725.000,-1,-1,2,0,2,0,2,0,0,0,0,2,0,0,2,0,0,2,2
93,275.632,-945.950,-397.498,-70.710,0.322203,0.941157,-0.102022,-0.942052,0.329396,0.063528,0.093395,0.075641,0.992752,0,0.30155,-0.40000,18.093,-0.800,-1,375.000,-1,400.000,-1,325.000,325.000,275.000,300.000,-1,375.000,375.000,-1,675.000,725.000,-1,-1,2,0,2,0,2,0,0,0,0,2,0,0,2,0,0,2,2
94,282.985,-967.631,-395.364,-71.270,0.312803,0.944210,-0.103063,-0.945189,0.320140,0.064250,0.093660,0.077316,0.992598,0,0.38155,-0.28000,22.893,-0.560,-1,375.000,-1,400.000,-1,325.000,325.000,275.000,300.000,-1,400.000,400.000,-1,675.000,725.000,-1,-1,2,0,2,0,2,0,0,0,0,2,0,0,2,0,0,2,2
95,291.733,-993.907,-392.815,-71.590,0.307302,0.945873,-0.104357,-0.946913,0.314825,0.065121,0.094450,0.078805,0.992406,0,0.46155,-0.16000,27.693,-0.320,-1,375.000,-1,400.000,-1,325.000,325.000,275.000,300.000,-1,400.000,400.000,-1,700.000,725.000,-1,-1,2,0,2,0,2,0,0,0,0,2,0,0,2,0,0,2,2
96,301.954,-1024.751,-389.846,-71.670,0.305720,0.946211,-0.105921,-0.947294,0.313471,0.066110,0.095757,0.080127,0.992174,0,0.54155,-0.04000,32.493,-0.080,-1,375.000,-1,400.000,-1,325.000,325.000,275.000,275.000,-1,425.000,400.000,-1,700.000,725.000,-1,-1,2,0,2,0,2,0,0,0,0,2,0,0,2,0,0,2,2
97,313.782,-1060.119,-386.447,-71.510,0.308060,0.945242,-0.107784,-0.946351,0.316081,0.067173,0.097563,0.081308,0.991902,0,0.62155,0.08000,37.293,0.160,-1,375.000,-1,400.000,-1,325.000,325.000,275.000,275.000,-1,450.000,400.000,1000.000,700.000,725.000,-1,-1,2,0,2,0,2,0,0,0,0,2,0,0,0,0,0,2,2
98,327.412,-1099.945,-382.605,-71.110,0.314308,0.942929,-0.109980,-0.944056,0.322644,0.068254,0.099843,0.082374,0.991588,0,0.70155,0.20000,42.093,0.400,-1,375.000,-1,400.000,-1,325.000,325.000,300.000,275.000,-1,475.000,400.000,975.000,725.000,725.000,-1,-1,2,0,2,0,2,0,0,0,0,2,0,0,0,0,0,2,2
99,343.089,-1144.140,-378.305,-70.470,0.324432,0.939189,-0.112551,-0.940333,0.333129,0.069276,0.102558,0.083360,0.991228,0,0.78155,0.32000,46.893,0.640,-1,375.000,-1,400.000,-1,325.000,325.000,300.000,275.000,-1,475.000,375.000,950.000,725.000,725.000,-1,-1,2,0,2,0,2,0,0,0,0,2,0,0,0,0,0,2,2
100,361.118,-1192.587,-373.527,-69.590,0.338384,0.933887,-0.115545,-0.935058,0.347487,0.070145,0.105658,0.084305,0.990822,0,0.86155,0.44000,51.693,0.880,-1,375.000,-1,400.000,-1,325.000,325.000,300.000,275.000,-1,475.000,375.000,925.000,725.000,725.000,-1,-1,2,0,2,0,2,0,0,0,0,2,0,0,0,0,0,2,2
101,381.679,-1245.205,-367.682,-68.656,0.353486,0.928160,-0.116475,-0.929270,0.362699,0.070048,0.107262,0.083476,0.990720,0,0.94155,0.46730,56.493,0.935,-1,375.000,-1,400.000,-1,325.000,325.000,300.000,275.000,-1,500.000,400.000,950.000,725.000,725.000,-1,-1,2,0,2,0,2,0,0,0,0,2,0,0,0,0,0,2,2
102,403.679,-1298.930,-361.387,-67.730,0.368383,0.922293,-0.116918,-0.923250,0.377692,0.070418,0.109105,0.082004,0.990642,0,0.96759,0.46283,58.055,0.926,-1,375.000,-1,375.000,-1,325.000,325.000,300.000,275.000,-1,550.000,450.000,975.000,725.000,-1,-1,-1,2,0,2,0,2,0,0,0,0,2,0,0,0,0,2,2,2
103,426.664,-1352.599,-354.998,-66.815,0.383012,0.916237,-0.117522,-0.917065,0.392424,0.070681,0.110879,0.080703,0.990552,0,0.97308,0.45781,58.385,0.916,-1,375.000,-1,375.000,-1,325.000,325.000,300.000,275.000,-1,575.000,475.000,975.000,725.000,-1,-1,-1,2,0,2,0,2,0,0,0,0,2,0,0,0,0,2,2,2
104,450.619,-1406.181,-347.945,-65.910,0.397368,0.910111,-0.117462,-0.910589,0.406922,0.072409,0.113698,0.078186,0.990434,0,0.97823,0.45228,58.694,0.905,-1,375.000,-1,375.000,-1,325.000,325.000,275.000,275.000,-1,600.000,525.000,1000.000,725.000,-1,-1,-1,2,0,2,0,2,0,0,0,0,2,0,0,0,0,2,2,2
105,475.527,-1459.642,-340.698,-65.018,0.411414,0.903782,-0.117969,-0.904045,0.421104,0.073314,0.115937,0.076487,0.990307,0,0.98298,0.44623,58.979,0.892,-1,400.000,-1,400.000,-1,325.000,325.000,275.000,275.000,-1,625.000,550.000,-1,750.000,-1,-1,-1,2,0,2,0,2,0,0,0,0,2,0,0,2,0,2,2,2
106,501.364,-1512.946,-333.413,-64.138,0.425133,0.897314,-0.118702,-0.897391,0.434971,0.074096,0.118119,0.075021,0.990161,0,0.98727,0.43961,59.236,0.879,-1,400.000,-1,400.000,-1,325.000,325.000,300.000,275.000,-1,675.000,600.000,-1,750.000,-1,-1,-1,2,0,2,0,2,0,0,0,0,2,0,0,2,0,2,2,2
107,528.106,-1566.056,-326.123,-63.273,0.438523,0.890734,-0.119545,-0.890649,0.448509,0.074723,0.120175,0.073705,0.990013,0,0.99104,0.43242,59.462,0.865,-1,400.000,-1,400.000,-1,325.000,325.000,300.000,275.000,-1,700.000,625.000,-1,750.000,-1,-1,-1,2,0,2,0,2,0,0,0,0,2,0,0,2,0,2,2,2
108,555.719,-1618.932,-318.835,-62.424,0.451567,0.884064,-0.120490,-0.883843,0.461702,0.075188,0.122102,0.072542,0.989863,0,0.99421,0.42462,59.653,0.849,-1,400.000,-1,400.000,-1,325.000,325.000,300.000,275.000,-1,725.000,675.000,-1,750.000,-1,-1,-1,2,0,2,1,2,0,0,0,0,2,0,0,2,0,2,2,2
109,584.169,-1671.533,-311.562,-61.592,0.464249,0.877327,-0.121531,-0.876996,0.474531,0.075487,0.123897,0.071537,0.989713,0,0.99670,0.41620,59.802,0.832,-1,400.000,-1,425.000,-1,325.000,325.000,300.000,275.000,-1,775.000,700.000,-1,725.000,-1,-1,-1,2,0,2,1,2,0,0,0,0,2,0,0,2,0,2,2,2
110,612.222,-1722.139,-304.498,-60.999,0.473097,0.872377,-0.123033,-0.872024,0.483578,0.075673,0.125512,0.071487,0.989513,0,0.96436,0.29620,57.861,0.592,-1,400.000,-1,425.000,-1,325.000,325.000,300.000,275.000,-1,800.000,725.000,-1,725.000,-1,-1,-1,2,0,2,1,2,0,1,0,0,2,0,0,2,0,2,2,2
111,640.621,-1772.633,-297.443,-60.647,0.478190,0.869337,-0.124845,-0.869041,0.488906,0.075755,0.126895,0.072270,0.989280,0,0.96553,0.17620,57.932,0.352,-1,400.000,-1,425.000,-1,325.000,325.000,300.000,275.000,-1,825.000,750.000,-1,725.000,-1,-1,-1,2,0,2,1,2,0,1,0,0,2,0,0,2,0,2,2,2
112,669.141,-1823.110,-290.350,-60.535,0.479658,0.868303,-0.126406,-0.868109,0.490569,0.075689,0.127731,0.073430,0.989087,0,0.96629,0.05620,57.977,0.112,-1,400.000,-1,425.000,-1,325.000,325.000,300.000,275.000,-1,850.000,800.000,-1,725.000,-1,-1,-1,2,0,2,1,2,0,1,0,0,2,0,0,2,0,2,2,2
113,697.592,-1873.653,-283.238,-60.626,0.478058,0.868993,-0.127717,-0.868938,0.489126,0.075516,0.128092,0.074877,0.988932,0,0.96667,-0.04584,58.000,-0.092,-1,400.000,-1,425.000,-1,325.000,325.000,300.000,275.000,-1,900.000,825.000,-1,725.000,-1,-1,-1,2,0,2,1,2,0,1,0,0,2,0,0,2,0,2,2,2
114,725.947,-1924.248,-276.750,-60.736,0.476518,0.869681,-0.128783,-0.870389,0.487318,0.070313,0.123908,0.078586,0.989177,0,0.96665,-0.05497,57.999,-0.110,-1,375.000,-1,425.000,-1,325.000,325.000,300.000,275.000,-1,-1,975.000,-1,700.000,-1,-1,-1,2,0,2,1,2,0,1,0,0,2,2,0,2,0,2,2,2
115,754.166,-1974.864,-270.649,-60.866,0.474689,0.870419,-0.130537,-0.872108,0.485156,0.063651,0.118734,0.083628,0.989398,0,0.96587,-0.06461,57.952,-0.129,-1,375.000,-1,400.000,-1,300.000,300.000,300.000,275.000,-1,-1,-1,-1,675.000,-1,-1,-1,2,0,2,1,2,0,1,0,0,2,2,2,2,0,2,2,2
116,782.205,-2025.470,-264.270,-61.015,0.472549,0.871390,-0.131822,-0.873815,0.482721,0.058552,0.114655,0.087519,0.989543,0,0.96427,-0.07476,57.856,-0.150,-1,350.000,-1,375.000,-1,300.000,300.000,300.000,250.000,-1,-1,-1,-1,650.000,-1,-1,-1,2,0,2,1,2,0,0,0,0,2,2,2,2,0,2,2,2
117,810.021,-2076.030,-257.625,-61.186,0.470064,0.872608,-0.132646,-0.875543,0.480002,0.054973,0.111640,0.090296,0.989638,0,0.96179,-0.08539,57.707,-0.171,-1,350.000,-1,350.000,-1,275.000,275.000,300.000,300.000,-1,-1,-1,-1,625.000,-1,-1,-1,2,0,2,1,2,0,0,0,1,2,2,2,2,0,2,2,2
118,835.189,-2122.567,-251.369,-61.597,0.463860,0.875848,-0.133132,-0.879131,0.473637,0.052880,0.109371,0.092512,0.989687,0,0.88179,-0.20539,52.907,-0.411,-1,350.000,-1,350.000,-1,275.000,275.000,300.000,350.000,-1,-1,-1,-1,600.000,-1,-1,-1,2,0,2,1,2,0,0,0,1,2,2,2,2,0,2,2,2
119,857.647,-2165.171,-245.374,-62.209,0.454306,0.880623,-0.134572,-0.884240,0.464124,0.052034,0.108280,0.095354,0.989537,0,0.80265,-0.30618,48.159,-0.612,-1,350.000,-1,325.000,-1,275.000,275.000,300.000,375.000,-1,-1,-1,-1,600.000,-1,-1,-1,2,0,2,1,2,0,0,0,1,2,2,2,2,0,2,2,2
120,879.549,-2207.849,-239.205,-62.839,0.444317,0.885438,-0.136313,-0.889322,0.454296,0.052164,0.108115,0.098049,0.989291,0,0.79949,-0.31492,47.969,-0.630,-1,325.000,-1,325.000,-1,275.000,275.000,300.000,425.000,-1,-1,-1,-1,600.000,-1,-1,-1,2,0,2,0,2,0,0,0,1,2,2,2,2,0,2,2,2
121,900.866,-2250.572,-232.941,-63.487,0.433979,0.890310,-0.137874,-0.894390,0.444154,0.052861,0.108299,0.100372,0.989038,0,0.79576,-0.32388,47.745,-0.648,-1,325.000,-1,325.000,-1,275.000,275.000,300.000,475.000,-1,-1,-1,-1,600.000,-1,-1,-1,2,0,2,0,2,0,0,0,1,2,2,2,2,0,2,2,2
122,921.573,-2293.309,-226.601,-64.153,0.423285,0.895231,-0.139250,-0.899440,0.433686,0.054077,0.108802,0.102357,0.988780,0,0.79146,-0.33303,47.488,-0.666,-1,350.000,-1,325.000,-1,275.000,275.000,325.000,500.000,-1,-1,-1,-1,600.000,-1,-1,-1,2,0,2,0,2,0,0,0,1,2,2,2,2,1,2,2,2
123,941.644,-2336.028,-220.234,-64.837,0.412225,0.900203,-0.140377,-0.904456,0.422889,0.055895,0.109680,0.103924,0.988519,0,0.78662,-0.34234,47.197,-0.685,-1,350.000,-1,325.000,-1,275.000,275.000,325.000,550.000,-1,-1,-1,-1,625.000,-1,-1,-1,2,0,2,1,2,0,0,0,1,2,2,2,2,1,2,2,2
124,961.055,-2378.696,-213.858,-65.540,0.400801,0.905210,-0.141257,-0.909429,0.411759,0.058250,0.110892,0.105117,0.988258,0,0.78125,-0.35154,46.875,-0.703,-1,350.000,-1,950.000,-1,275.000,275.000,325.000,575.000,-1,-1,-1,-1,650.000,-1,-1,-1,2,0,2,1,2,0,0,0,1,2,2,2,2,1,2,2,2
125,979.795,-2421.280,-207.485,-66.248,0.389227,0.910150,-0.141877,-0.914255,0.400506,0.061098,0.112431,0.105930,0.987997,0,0.77539,-0.35403,46.524,-0.708,-1,350.000,-1,950.000,-1,275.000,300.000,325.000,600.000,-1,-1,-1,-1,650.000,-1,-1,-1,2,0,2,1,2,0,1,0,1,2,2,2,2,1,2,2,2
126,997.856,-2463.744,-201.129,-66.961,0.377517,0.915013,-0.142239,-0.918927,0.389139,0.064380,0.114260,0.106402,0.987736,0,0.76905,-0.35621,46.143,-0.712,-1,350.000,-1,925.000,-1,300.000,375.000,325.000,625.000,-1,-1,-1,-1,650.000,-1,-1,-1,2,1,2,1,2,1,1,0,1,2,2,2,2,1,2,2,2
127,1015.231,-2506.054,-195.057,-67.677,0.365482,0.919698,-0.143449,-0.923431,0.377628,0.068356,0.117037,0.107482,0.987294,0,0.76228,-0.35809,45.737,-0.716,-1,375.000,-1,900.000,-1,325.000,450.000,325.000,650.000,-1,-1,-1,-1,675.000,-1,-1,-1,2,1,2,1,2,1,1,0,1,2,2,2,2,1,2,2,2
128,1031.922,-2548.181,-189.957,-68.396,0.352572,0.923941,-0.148414,-0.927723,0.365883,0.073883,0.122566,0.111638,0.986161,0,0.75516,-0.35965,45.309,-0.719,-1,425.000,-1,900.000,-1,375.000,500.000,325.000,675.000,-1,-1,-1,-1,675.000,-1,-1,-1,2,1,2,1,2,1,1,0,1,2,2,2,2,0,2,2,2
129,1047.939,-2590.089,-188.172,-69.118,0.339825,0.926689,-0.160519,-0.933125,0.353533,0.065510,0.117456,0.127523,0.984856,0,0.74775,-0.36089,44.865,-0.722,-1,425.000,-1,850.000,-1,375.000,500.000,325.000,675.000,-1,-1,-1,975.000,650.000,-1,-1,-1,2,1,2,1,2,1,1,0,1,2,2,2,0,1,2,2,2
130,1063.277,-2631.764,-187.598,-69.842,0.327447,0.928500,-0.175119,-0.938673,0.340854,0.052064,0.108031,0.147331,0.983170,0,0.74014,-0.36182,44.408,-0.724,-1,400.000,-1,800.000,-1,375.000,500.000,350.000,675.000,-1,-1,-1,825.000,625.000,1000.000,-1,-1,2,1,2,1,2,1,1,0,1,2,2,2,0,1,1,2,2
131,1077.934,-2673.192,-186.950,-70.567,0.315435,0.929888,-0.189231,-0.943853,0.328075,0.038833,0.098192,0.166356,0.981164,0,0.73243,-0.36244,43.946,-0.725,-1,400.000,-1,750.000,-1,375.000,475.000,375.000,675.000,-1,-1,-1,725.000,625.000,950.000,-1,-1,2,1,2,1,2,1,1,0,1,2,2,2,0,1,1,2,2
132,1091.921,-2714.363,-186.023,-71.292,0.303871,0.930731,-0.203473,-0.948706,0.315178,0.024876,0.087283,0.185477,0.978764,0,0.72469,-0.36275,43.481,-0.726,-1,400.000,-1,700.000,-1,375.000,475.000,375.000,675.000,-1,-1,0.000,625.000,600.000,875.000,-1,-1,2,1,2,1,2,1,1,0,1,2,2,1,0,1,1,2,2
133,1105.235,-2755.273,-185.777,-72.018,0.293577,0.931746,-0.213687,-0.953129,0.302425,0.009206,0.073202,0.200968,0.976859,0,0.71702,-0.36277,43.021,-0.726,-1,375.000,-1,650.000,-1,350.000,450.000,400.000,625.000,-1,-1,0.000,625.000,550.000,825.000,-1,975.000,2,1,2,1,2,1,1,0,1,2,2,1,0,1,1,2,1
134,1119.645,-2800.871,-185.665,-72.503,0.288052,0.931298,-0.222956,-0.955895,0.293580,-0.008684,0.057368,0.215624,0.974790,0,0.79702,-0.24277,47.821,-0.486,-1,350.000,-1,600.000,-1,325.000,425.000,400.000,600.000,-1,-1,0.000,650.000,525.000,750.000,575.000,875.000,2,1,2,1,2,1,1,0,1,2,2,1,1,1,1,0,1
