timestep,x_cm,y_cm,z_cm,yaw_deg,basis_xx,basis_xy,basis_xz,basis_yx,basis_yy,basis_yz,basis_zx,basis_zy,basis_zz,teleport_flag,throttle_cmd,steering_cmd,cmd_move_cm,cmd_turn_deg,lidar_cm_0,lidar_cm_1,lidar_cm_2,lidar_cm_3,lidar_cm_4,lidar_cm_5,lidar_cm_6,lidar_cm_7,lidar_cm_8,lidar_cm_9,lidar_cm_10,lidar_cm_11,lidar_cm_12,lidar_cm_13,lidar_cm_14,lidar_cm_15,lidar_cm_16,lidar_class_0,lidar_class_1,lidar_class_2,lidar_class_3,lidar_class_4,lidar_class_5,lidar_class_6,lidar_class_7,lidar_class_8,lidar_class_9,lidar_class_10,lidar_class_11,lidar_class_12,lidar_class_13,lidar_class_14,lidar_class_15,lidar_class_16
0,3612.431,-2295.658,109.028,1.209,0.997515,-0.021078,0.067222,0.023774,0.998934,-0.039571,-0.066316,0.041071,0.996953,1,0.08000,-0.04658,4.800,-0.093,-1,375.000,-1,375.000,-1,325.000,325.000,375.000,275.000,475.000,-1,-1,-1,675.000,675.000,-1,-1,2,0,2,0,2,0,0,0,0,1,2,2,2,0,0,2,2
1,3622.030,-2295.471,108.408,1.115,0.997583,-0.019435,0.066714,0.022068,0.998997,-0.038956,-0.065890,0.040334,0.997011,0,0.16000,-0.04712,9.600,-0.094,-1,375.000,-1,375.000,-1,325.000,325.000,375.000,275.000,475.000,-1,-1,-1,675.000,675.000,-1,-1,2,0,2,0,2,0,0,0,0,1,2,2,2,0,0,2,2
2,3636.427,-2295.216,107.472,1.018,0.997664,-0.017755,0.065966,0.020292,0.999072,-0.037994,-0.065230,0.039244,0.997098,0,0.24000,-0.04820,14.400,-0.096,-1,375.000,-1,375.000,-1,325.000,325.000,375.000,275.000,475.000,-1,-1,-1,675.000,675.000,-1,-1,2,0,2,0,2,0,0,0,0,1,2,2,2,0,0,2,2
3,3655.625,-2294.908,106.219,0.918,0.997758,-0.016018,0.064973,0.018428,0.999157,-0.036676,-0.064330,0.037791,0.997213,0,0.32000,-0.04985,19.200,-0.100,-1,375.000,-1,375.000,-1,325.000,325.000,350.000,275.000,475.000,-1,-1,-1,675.000,700.000,-1,-1,2,0,2,0,2,0,0,0,0,1,2,2,2,0,0,2,2
4,3679.622,-2294.568,104.647,0.814,0.997866,-0.014203,0.063731,0.016457,0.999252,-0.034994,-0.063187,0.035968,0.997353,0,0.40000,-0.05207,24.000,-0.104,-1,375.000,-1,375.000,-1,325.000,325.000,350.000,275.000,500.000,-1,-1,-1,675.000,700.000,-1,-1,2,0,2,0,2,0,0,0,0,1,2,2,2,0,0,2,2
5,3708.420,-2294.214,102.754,0.705,0.997986,-0.012289,0.062238,0.014360,0.999354,-0.032936,-0.061793,0.033763,0.997518,0,0.48000,-0.05489,28.800,-0.110,-1,375.000,-1,375.000,-1,325.000,325.000,350.000,275.000,500.000,-1,-1,-1,675.000,700.000,-1,-1,2,0,2,0,2,0,0,0,0,1,2,2,2,0,0,2,2
6,3739.499,-2293.896,100.703,0.588,0.998108,-0.010254,0.060617,0.012131,0.999456,-0.030678,-0.060269,0.031355,0.997690,0,0.51802,-0.05835,31.081,-0.117,-1,375.000,-1,375.000,-1,325.000,325.000,350.000,275.000,525.000,-1,-1,-1,675.000,725.000,-1,-1,2,0,2,0,2,0,0,0,0,1,2,2,2,0,0,2,2
7,3770.584,-2293.645,98.644,0.464,0.998226,-0.008087,0.058984,0.009775,0.999549,-0.028383,-0.058728,0.028909,0.997855,0,0.51810,-0.06214,31.086,-0.124,-1,375.000,-1,400.000,-1,325.000,325.000,325.000,275.000,525.000,-1,-1,-1,675.000,725.000,-1,-1,2,0,2,0,2,0,0,0,0,1,2,2,2,0,0,2,2
8,3801.689,-2293.465,96.576,0.332,0.998338,-0.005784,0.057341,0.007288,0.999634,-0.026049,-0.057170,0.026424,0.998015,0,0.51844,-0.06601,31.106,-0.132,-1,375.000,-1,400.000,-1,325.000,325.000,325.000,275.000,550.000,-1,-1,-1,675.000,725.000,-1,-1,2,0,2,0,2,0,0,0,0,1,2,2,2,0,0,2,2
9,3832.831,-2293.361,94.497,0.192,0.998443,-0.003343,0.055689,0.004668,0.999709,-0.023674,-0.055594,0.023897,0.998167,0,0.51903,-0.06995,31.142,-0.140,-1,375.000,-1,400.000,-1,325.000,325.000,325.000,275.000,550.000,-1,-1,-1,675.000,750.000,-1,-1,2,0,2,0,2,0,0,0,0,1,2,2,2,0,0,2,2
10,3864.022,-2293.338,92.407,0.044,0.998539,-0.000762,0.054031,0.001913,0.999772,-0.021256,-0.054002,0.021329,0.998313,0,0.51986,-0.07396,31.191,-0.148,-1,375.000,-1,400.000,-1,325.000,325.000,300.000,300.000,575.000,-1,-1,-1,675.000,750.000,-1,-1,2,0,2,0,2,0,0,0,0,1,2,2,2,0,0,2,2
11,3895.276,-2293.399,90.305,-0.112,0.998626,0.001961,0.052367,-0.000978,0.999823,-0.018794,-0.052395,0.018717,0.998451,0,0.52091,-0.07803,31.254,-0.156,-1,375.000,-1,400.000,-1,325.000,325.000,300.000,300.000,600.000,-1,-1,-1,675.000,775.000,-1,-1,2,0,2,0,2,0,0,0,0,1,2,2,2,0,0,2,2
12,3926.605,-2293.551,88.197,-0.277,0.998701,0.004829,0.050721,-0.004006,0.999859,-0.016311,-0.050793,0.016086,0.998580,0,0.52216,-0.08217,31.330,-0.164,1000.000,375.000,-1,400.000,-1,325.000,325.000,300.000,300.000,600.000,-1,-1,-1,675.000,775.000,-1,-1,0,0,2,0,2,0,0,0,0,1,2,2,2,0,0,2,2
13,3958.021,-2293.797,86.661,-0.449,0.998690,0.007843,0.050556,-0.006977,0.999826,-0.017283,-0.050683,0.016908,0.998572,0,0.52361,-0.08637,31.417,-0.173,-1,375.000,-1,400.000,-1,325.000,325.000,300.000,300.000,650.000,-1,-1,-1,675.000,775.000,-1,-1,2,0,2,0,2,0,0,0,0,1,2,2,2,0,0,2,2
14,3989.534,-2294.144,85.148,-0.631,0.998678,0.011006,0.050219,-0.010100,0.999782,-0.018263,-0.050409,0.017732,0.998571,0,0.52525,-0.09062,31.515,-0.181,-1,375.000,-1,400.000,-1,325.000,325.000,300.000,300.000,675.000,-1,-1,-1,675.000,775.000,-1,-1,2,0,2,0,2,0,0,0,0,1,2,2,2,0,0,2,2
15,4021.154,-2294.597,83.628,-0.821,0.998652,0.014319,0.049885,-0.013373,0.999726,-0.019237,-0.050147,0.018543,0.998570,0,0.52706,-0.09494,31.624,-0.190,-1,375.000,-1,400.000,-1,325.000,325.000,300.000,300.000,725.000,750.000,-1,-1,675.000,750.000,-1,-1,2,0,2,0,2,0,0,0,0,1,1,2,2,0,0,2,2
16,4052.891,-2295.161,82.098,-1.019,0.998613,0.017785,0.049553,-0.016801,0.999655,-0.020201,-0.049895,0.019341,0.998567,0,0.52903,-0.09932,31.742,-0.199,-1,375.000,-1,400.000,-1,325.000,325.000,300.000,300.000,775.000,750.000,-1,-1,675.000,750.000,-1,-1,2,0,2,0,2,0,0,0,0,1,1,2,2,0,0,2,2
17,4084.754,-2295.843,80.559,-1.227,0.998558,0.021405,0.049224,-0.020384,0.999568,-0.021157,-0.049656,0.020123,0.998564,0,0.53116,-0.10376,31.870,-0.208,-1,375.000,-1,400.000,-1,325.000,325.000,300.000,300.000,825.000,750.000,-1,-1,675.000,750.000,-1,-1,2,0,2,0,2,0,0,0,0,1,1,2,2,0,0,2,2
18,4116.750,-2296.649,79.009,-1.443,0.998486,0.025182,0.048898,-0.024124,0.999465,-0.022102,-0.049429,0.020889,0.998559,0,0.53344,-0.10826,32.007,-0.217,-1,375.000,-1,400.000,-1,325.000,325.000,300.000,300.000,850.000,750.000,-1,-1,675.000,750.000,-1,-1,2,0,2,0,2,0,0,0,0,1,1,2,2,0,0,2,2
19,4148.888,-2297.586,77.448,-1.669,0.998395,0.029117,0.048576,-0.028024,0.999342,-0.023034,-0.049215,0.021636,0.998554,0,0.53586,-0.11281,32.152,-0.226,-1,375.000,-1,400.000,-1,325.000,325.000,300.000,300.000,900.000,750.000,-1,-1,675.000,750.000,-1,-1,2,0,2,0,2,0,0,0,0,1,1,2,2,0,0,2,2
20,4181.175,-2298.659,75.875,-1.904,0.998283,0.033212,0.048257,-0.032085,0.999198,-0.023953,-0.049014,0.022364,0.998548,0,0.53842,-0.11743,32.305,-0.235,-1,375.000,-1,400.000,-1,325.000,325.000,300.000,300.000,950.000,750.000,-1,-1,675.000,725.000,-1,-1,2,0,2,0,2,0,0,0,0,1,1,2,2,0,0,2,2
21,4213.619,-2299.876,74.288,-2.148,0.998147,0.037470,0.047943,-0.036309,0.999031,-0.024857,-0.048828,0.023070,0.998541,0,0.54110,-0.12210,32.466,-0.244,-1,400.000,-1,400.000,-1,325.000,325.000,300.000,300.000,1000.000,750.000,-1,-1,675.000,725.000,-1,-1,2,0,2,0,2,0,0,0,0,1,1,2,2,0,0,2,2
22,4246.224,-2301.243,72.687,-2.402,0.997986,0.041891,0.047633,-0.040699,0.998840,-0.025744,-0.048656,0.023753,0.998533,0,0.54391,-0.12682,32.635,-0.254,-1,400.000,-1,400.000,-1,325.000,325.000,300.000,300.000,-1,750.000,-1,-1,675.000,725.000,-1,-1,2,0,2,0,2,0,0,0,0,2,1,2,2,0,0,2,2
23,4278.999,-2302.768,71.071,-2.665,0.997797,0.046479,0.047328,-0.045255,0.998621,-0.026611,-0.048500,0.024411,0.998525,0,0.54684,-0.13160,32.810,-0.263,-1,400.000,-1,400.000,-1,325.000,325.000,275.000,300.000,-1,750.000,-1,-1,675.000,725.000,-1,-1,2,0,2,0,2,0,0,0,0,2,1,2,2,0,0,2,2
24,4311.949,-2304.459,69.439,-2.938,0.997579,0.051234,0.047029,-0.049980,0.998373,-0.027458,-0.048360,0.025041,0.998516,0,0.54988,-0.13644,32.993,-0.273,-1,375.000,-1,400.000,-1,325.000,325.000,275.000,300.000,-1,775.000,-1,-1,675.000,725.000,-1,-1,2,0,2,0,2,0,0,0,0,2,1,2,2,0,0,2,2
25,4349.691,-2306.417,67.571,-2.971,0.997566,0.051805,0.046680,-0.050513,0.998318,-0.028458,-0.048076,0.026031,0.998504,0,0.62988,-0.01644,37.793,-0.033,-1,375.000,-1,400.000,-1,325.000,325.000,275.000,300.000,-1,800.000,-1,-1,675.000,700.000,-1,-1,2,0,2,0,2,0,0,0,0,2,1,2,2,0,0,2,2
26,4392.234,-2308.471,65.470,-2.763,0.997766,0.048195,0.046272,-0.046854,0.998462,-0.029625,-0.047628,0.027391,0.998489,0,0.70988,0.10356,42.593,0.207,-1,375.000,-1,400.000,-1,325.000,325.000,275.000,300.000,-1,850.000,-1,-1,675.000,700.000,-1,-1,2,0,2,0,2,0,0,0,0,2,1,2,2,0,0,2,2
27,4439.420,-2310.379,63.150,-2.316,0.998133,0.040400,0.045797,-0.039003,0.998759,-0.030978,-0.046992,0.029134,0.998470,0,0.78709,0.22356,47.225,0.447,-1,375.000,-1,400.000,-1,325.000,325.000,275.000,300.000,-1,900.000,-1,-1,650.000,700.000,-1,-1,2,0,2,0,2,0,0,0,0,2,1,2,2,0,0,2,2
28,4486.940,-2311.730,60.831,-1.629,0.998569,0.028418,0.045293,-0.026962,0.999110,-0.032431,-0.046174,0.031164,0.998447,0,0.79231,0.34356,47.539,0.687,-1,375.000,-1,375.000,-1,325.000,325.000,275.000,300.000,-1,1000.000,-1,-1,650.000,700.000,-1,-1,2,0,2,0,2,0,0,0,0,2,1,2,2,0,0,2,2
29,4534.798,-2312.315,58.521,-0.702,0.998923,0.012247,0.044757,-0.010728,0.999364,-0.034018,-0.045145,0.033501,0.998419,0,0.79769,0.46356,47.862,0.927,-1,375.000,-1,375.000,-1,325.000,325.000,275.000,275.000,-1,-1,-1,-1,650.000,675.000,-1,-1,2,0,2,0,2,0,0,0,0,2,2,2,2,0,0,2,2
30,4582.988,-2311.923,56.231,0.465,0.998990,-0.008111,0.044202,0.009696,0.999313,-0.035765,-0.043882,0.036157,0.998382,0,0.80320,0.58356,48.192,1.167,-1,375.000,-1,375.000,-1,325.000,325.000,275.000,275.000,-1,-1,-1,-1,650.000,675.000,-1,-1,2,0,2,0,2,0,0,0,0,2,2,2,2,0,0,2,2
31,4631.489,-2310.337,54.695,1.872,0.998566,-0.032645,0.042431,0.034207,0.998744,-0.036621,-0.041182,0.038019,0.998428,0,0.80879,0.70356,48.527,1.407,-1,375.000,-1,375.000,-1,325.000,325.000,275.000,300.000,-1,-1,-1,-1,650.000,675.000,-1,-1,2,0,2,0,2,0,0,0,0,2,2,2,2,0,0,2,2
32,4680.262,-2307.336,53.356,3.519,0.997309,-0.061334,0.040153,0.062851,0.997312,-0.037664,-0.037735,0.040086,0.998483,0,0.81443,0.82356,48.866,1.647,-1,375.000,-1,375.000,-1,325.000,325.000,275.000,300.000,-1,-1,700.000,-1,650.000,675.000,-1,-1,2,0,2,0,2,0,0,0,0,2,2,0,2,0,0,2,2
33,4729.248,-2302.699,52.060,5.406,0.994839,-0.094134,0.037870,0.095600,0.994657,-0.038959,-0.034000,0.042378,0.998523,0,0.82009,0.94356,49.205,1.887,-1,375.000,-1,375.000,-1,325.000,325.000,275.000,300.000,-1,-1,625.000,-1,650.000,675.000,-1,-1,2,0,2,0,2,0,0,0,0,2,2,0,2,0,0,2,2
34,4778.377,-2296.311,50.809,7.406,0.991034,-0.128776,0.035619,0.130184,0.990661,-0.040534,-0.030066,0.044808,0.998543,0,0.82572,1.00000,49.543,2.000,-1,375.000,-1,375.000,-1,325.000,325.000,275.000,300.000,-1,725.000,550.000,-1,650.000,675.000,-1,-1,2,0,2,0,2,0,0,0,0,2,0,0,2,0,0,2,2
35,4827.581,-2288.158,49.609,9.406,0.986018,-0.163252,0.033433,0.164596,0.985450,-0.042393,-0.026026,0.047304,0.998541,0,0.83126,1.00000,49.876,2.000,-1,375.000,-1,400.000,-1,325.000,325.000,300.000,300.000,-1,650.000,525.000,-1,650.000,700.000,-1,-1,2,0,2,0,2,0,0,0,0,2,0,0,2,0,0,2,2
36,4876.788,-2278.228,48.466,11.406,0.979798,-0.197520,0.031344,0.198790,0.979030,-0.044532,-0.021891,0.049863,0.998516,0,0.83666,1.00000,50.200,2.000,-1,375.000,-1,400.000,-1,300.000,325.000,300.000,300.000,-1,600.000,475.000,-1,650.000,700.000,-1,-1,2,0,2,0,2,0,0,0,0,2,0,0,2,0,0,2,2
37,4928.492,-2265.912,47.334,13.396,0.972428,-0.231359,0.029276,0.232542,0.971447,-0.047060,-0.017552,0.052571,0.998463,0,0.88585,0.99479,53.151,1.990,-1,375.000,-1,400.000,-1,300.000,325.000,300.000,300.000,-1,575.000,450.000,-1,675.000,700.000,-1,-1,2,0,2,0,2,0,0,0,0,2,0,0,2,0,0,2,2
38,4980.104,-2251.713,46.276,15.380,0.963911,-0.264814,0.027375,0.265900,0.962710,-0.049863,-0.013149,0.055342,0.998381,0,0.89218,0.99206,53.531,1.984,-1,375.000,-1,400.000,-1,300.000,325.000,300.000,300.000,-1,525.000,425.000,-1,675.000,700.000,-1,-1,2,0,2,0,2,0,0,0,0,2,0,0,2,0,0,2,2
39,5031.544,-2235.631,45.301,17.358,0.954274,-0.297828,0.025672,0.298806,0.952845,-0.052925,-0.008699,0.058176,0.998268,0,0.89827,0.98873,53.896,1.977,-1,375.000,-1,375.000,-1,325.000,325.000,300.000,275.000,-1,500.000,400.000,-1,675.000,700.000,-1,975.000,2,0,2,0,2,0,0,0,0,2,0,0,2,0,0,2,1
40,5082.730,-2217.676,44.415,19.327,0.943551,-0.330342,0.024200,0.331201,0.941883,-0.056229,-0.004218,0.061070,0.998125,0,0.90408,0.98477,54.245,1.970,-1,375.000,-1,375.000,950.000,300.000,325.000,300.000,275.000,-1,475.000,375.000,-1,675.000,675.000,-1,925.000,2,0,2,0,1,0,0,0,0,2,0,0,2,0,0,2,1
41,5133.576,-2197.862,43.672,21.287,0.931774,-0.362306,0.023053,0.363038,0.929869,-0.059550,0.000139,0.063856,0.997959,0,0.90952,0.98018,54.571,1.960,-1,375.000,-1,375.000,875.000,300.000,300.000,300.000,275.000,-1,475.000,350.000,-1,675.000,675.000,-1,875.000,2,0,2,0,1,0,0,0,0,2,0,0,2,0,0,2,1
42,5183.995,-2176.213,43.871,23.237,0.918967,-0.393740,0.021619,0.394315,0.917017,-0.059954,0.003781,0.063620,0.997967,0,0.91452,0.97493,54.871,1.950,-1,375.000,-1,375.000,825.000,300.000,300.000,300.000,275.000,-1,475.000,375.000,-1,675.000,675.000,-1,825.000,2,0,2,0,1,0,0,0,0,2,0,0,2,0,0,2,1
43,5233.897,-2152.758,44.535,25.175,0.905202,-0.424567,0.018771,0.424898,0.903262,-0.059823,0.008444,0.062128,0.998032,0,0.91901,0.96901,55.140,1.938,-1,375.000,-1,375.000,775.000,300.000,300.000,300.000,275.000,-1,475.000,375.000,-1,675.000,700.000,-1,775.000,2,0,2,0,1,0,0,0,0,2,0,0,2,0,1,2,1
44,5283.191,-2127.533,45.302,27.100,0.890497,-0.454706,0.016058,0.454803,0.888568,-0.060012,0.013019,0.060743,0.998069,0,0.92290,0.96242,55.374,1.925,-1,375.000,-1,375.000,725.000,300.000,300.000,300.000,300.000,-1,475.000,400.000,-1,675.000,675.000,-1,725.000,2,0,2,0,1,0,0,0,0,2,0,0,2,0,1,2,1
45,5331.785,-2100.586,46.181,29.010,0.874902,-0.484109,0.013560,0.483985,0.872982,-0.060513,0.017458,0.059506,0.998075,0,0.92610,0.95515,55.566,1.910,-1,375.000,-1,375.000,675.000,325.000,325.000,300.000,300.000,-1,475.000,400.000,-1,700.000,650.000,-1,700.000,2,0,2,0,1,0,0,0,0,2,0,0,2,0,1,2,1
46,5379.587,-2071.971,47.371,30.905,0.858473,-0.512713,0.012265,0.512425,0.856516,-0.061651,0.021104,0.059210,0.998022,0,0.92854,0.94721,55.713,1.894,-1,375.000,-1,375.000,625.000,325.000,325.000,300.000,300.000,-1,500.000,450.000,-1,700.000,600.000,-1,650.000,2,0,2,0,1,0,0,0,0,2,0,0,2,0,1,2,1
47,5426.506,-2041.754,48.651,32.782,0.841269,-0.540503,0.011127,0.540053,0.839273,-0.062954,0.024688,0.058970,0.997954,0,0.93013,0.93861,55.808,1.877,-1,375.000,-1,375.000,575.000,325.000,325.000,300.000,300.000,-1,525.000,475.000,-1,700.000,575.000,-1,600.000,2,0,2,0,1,0,0,0,0,2,0,0,2,0,1,2,1
48,5472.452,-2010.008,50.236,34.641,0.823369,-0.567417,0.010076,0.566769,0.821266,-0.065538,0.028913,0.059673,0.997799,0,0.93079,0.92937,55.848,1.859,-1,375.000,-1,375.000,525.000,325.000,325.000,300.000,300.000,-1,525.000,475.000,-1,700.000,550.000,-1,575.000,2,0,2,0,1,0,0,0,0,2,0,0,2,0,1,2,1
49,5517.339,-1976.816,51.986,36.480,0.804823,-0.593443,0.009256,0.592579,0.802581,-0.068664,0.033320,0.060747,0.997597,0,0.93045,0.91954,55.827,1.839,-1,375.000,-1,400.000,500.000,325.000,325.000,300.000,300.000,-1,550.000,500.000,-1,700.000,525.000,-1,525.000,2,0,2,0,1,0,0,0,0,2,0,0,2,0,1,2,1
50,5561.085,-1942.268,53.811,38.298,0.785682,-0.618569,0.008714,0.617485,0.783294,-0.071851,0.037619,0.061833,0.997377,0,0.92906,0.90917,55.743,1.818,-1,375.000,-1,400.000,450.000,325.000,325.000,300.000,300.000,-1,550.000,500.000,-1,725.000,525.000,-1,475.000,2,0,2,0,1,0,0,0,0,2,0,0,2,0,1,2,1
51,5605.128,-1905.047,55.782,40.200,0.764834,-0.644172,0.008446,0.642857,0.762287,-0.075191,0.041998,0.062939,0.997133,0,0.96108,0.95066,57.665,1.901,-1,375.000,-1,400.000,400.000,325.000,325.000,300.000,300.000,-1,575.000,475.000,-1,725.000,500.000,-1,450.000,2,0,2,1,1,0,0,0,0,2,0,0,2,0,1,2,1
52,5648.068,-1866.271,58.258,42.082,0.743318,-0.668886,0.008355,0.667418,0.740731,-0.076617,0.045059,0.062527,0.997026,0,0.96429,0.94137,57.857,1.883,-1,400.000,-1,375.000,375.000,325.000,325.000,300.000,300.000,-1,600.000,500.000,-1,750.000,475.000,-1,400.000,2,0,2,1,1,0,0,0,0,2,0,0,2,0,1,2,1
53,5690.793,-1825.408,61.115,43.725,0.723861,-0.689896,0.008279,0.688338,0.721304,-0.076885,0.047071,0.061353,0.997006,0,0.98535,0.82137,59.121,1.643,-1,375.000,-1,350.000,325.000,325.000,325.000,300.000,300.000,-1,650.000,525.000,-1,750.000,475.000,-1,375.000,2,0,2,1,1,0,0,0,0,2,0,0,2,0,1,2,1
54,5732.568,-1783.447,64.014,45.128,0.706778,-0.707388,0.008248,0.705749,0.704240,-0.077222,0.048817,0.060400,0.996980,0,0.98686,0.70137,59.211,1.403,-1,375.000,-1,325.000,300.000,325.000,325.000,300.000,300.000,-1,675.000,575.000,-1,750.000,450.000,-1,325.000,2,0,2,1,1,0,0,0,0,2,0,0,2,0,1,2,1
55,5773.511,-1740.618,66.934,46.290,0.692299,-0.721564,0.008249,0.719854,0.689771,-0.077625,0.050321,0.059678,0.996949,0,0.98752,0.58137,59.251,1.163,-1,375.000,-1,325.000,250.000,325.000,325.000,300.000,300.000,-1,700.000,600.000,-1,750.000,450.000,-1,300.000,2,0,2,1,1,0,1,0,0,2,0,0,2,0,1,2,1
56,5813.684,-1697.080,69.945,47.302,0.679468,-0.733663,0.007901,0.731867,0.676963,-0.078049,0.051913,0.058815,0.996918,0,0.98734,0.50564,59.240,1.011,-1,375.000,-1,300.000,225.000,325.000,300.000,300.000,300.000,-1,750.000,650.000,-1,750.000,450.000,-1,250.000,2,0,2,1,1,0,1,0,0,2,0,0,2,0,1,2,1
57,5853.058,-1652.914,75.190,48.289,0.666407,-0.745582,-0.002992,0.743161,0.664556,-0.077951,0.060107,0.049724,0.996953,0,0.98614,0.49341,59.168,0.987,-1,400.000,-1,325.000,200.000,325.000,300.000,300.000,275.000,-1,675.000,600.000,-1,800.000,500.000,-1,250.000,2,0,2,1,1,0,1,0,1,2,0,0,2,0,1,2,1
58,5891.590,-1608.210,81.573,49.249,0.653069,-0.757053,-0.019274,0.753900,0.652337,-0.078043,0.071656,0.036437,0.996764,0,0.98362,0.48032,59.017,0.961,-1,425.000,-1,350.000,225.000,350.000,325.000,275.000,275.000,-1,425.000,550.000,-1,850.000,625.000,-1,300.000,2,0,2,1,1,1,1,0,1,2,0,0,2,0,1,2,1
59,5929.235,-1563.064,87.306,50.182,0.639844,-0.767828,-0.032250,0.764212,0.640139,-0.078753,0.081114,0.025744,0.996372,0,0.97967,0.46639,58.780,0.933,-1,450.000,-1,375.000,250.000,375.000,325.000,275.000,250.000,-1,300.000,425.000,-1,900.000,950.000,-1,-1,2,0,2,1,1,1,1,0,1,2,0,0,2,0,0,2,2
60,5965.955,-1517.585,92.565,51.085,0.626974,-0.777953,-0.041148,0.774053,0.628057,-0.079910,0.088009,0.018250,0.995952,0,0.97419,0.45169,58.452,0.903,-1,450.000,-1,400.000,300.000,375.000,350.000,275.000,250.000,-1,275.000,375.000,-1,950.000,-1,-1,-1,2,0,2,1,1,0,1,0,1,2,0,0,2,0,2,2,2
61,6001.717,-1471.884,97.252,51.958,0.614561,-0.787488,-0.046665,0.783393,0.616184,-0.081312,0.092787,0.013415,0.995596,0,0.96715,0.43629,58.029,0.873,-1,475.000,-1,450.000,450.000,375.000,400.000,275.000,225.000,-1,250.000,350.000,-1,-1,-1,-1,-1,2,0,2,1,1,0,0,0,1,2,0,0,2,2,2,2,2
62,6036.492,-1426.074,101.393,52.799,0.602704,-0.796466,-0.048892,0.792229,0.604580,-0.082801,0.095507,0.011171,0.995366,0,0.95855,0.42034,57.513,0.841,-1,475.000,-1,500.000,-1,400.000,400.000,275.000,200.000,1000.000,250.000,350.000,-1,-1,-1,-1,-1,2,0,2,0,2,0,0,0,1,0,0,0,2,2,2,2,2
63,6070.257,-1380.264,104.857,53.607,0.591404,-0.804916,-0.048491,0.800607,0.593291,-0.083872,0.096280,0.010780,0.995296,0,0.94847,0.40401,56.908,0.808,-1,475.000,-1,500.000,-1,400.000,400.000,275.000,175.000,-1,250.000,350.000,-1,-1,-1,-1,-1,2,0,2,0,2,0,0,0,1,2,0,0,2,2,2,2,2
64,6102.994,-1334.555,107.688,54.389,0.580572,-0.812931,-0.045592,0.808616,0.582232,-0.084537,0.095268,0.012214,0.995377,0,0.93706,0.39132,56.224,0.783,-1,475.000,-1,500.000,-1,375.000,400.000,275.000,175.000,-1,275.000,350.000,-1,-1,-1,-1,-1,2,0,2,0,2,0,0,0,1,2,0,0,2,2,2,2,2
65,6134.677,-1289.022,109.966,55.167,0.569913,-0.820719,-0.040235,0.816453,0.571119,-0.085017,0.092754,0.015602,0.995567,0,0.92452,0.38879,55.471,0.778,-1,475.000,-1,475.000,-1,375.000,375.000,275.000,150.000,-1,300.000,400.000,-1,-1,-1,-1,-1,2,0,2,0,2,0,0,0,1,2,0,0,2,2,2,2,2
66,6165.289,-1243.735,111.719,55.941,0.559367,-0.828280,-0.032578,0.824147,0.559928,-0.085222,0.088829,0.020821,0.995829,0,0.91108,0.38697,54.665,0.774,-1,450.000,-1,450.000,-1,375.000,375.000,275.000,150.000,-1,350.000,425.000,-1,-1,1000.000,-1,-1,2,0,2,0,2,0,0,0,1,2,0,0,2,2,0,2,2
67,6194.826,-1198.742,113.185,56.713,0.548818,-0.835623,-0.023088,0.831813,0.548640,-0.084149,0.082984,0.026978,0.996186,0,0.89706,0.38586,53.824,0.772,-1,425.000,-1,450.000,-1,350.000,350.000,275.000,125.000,-1,475.000,550.000,-1,-1,925.000,-1,-1,2,0,2,0,2,0,0,0,1,2,0,0,2,2,0,2,2
68,6223.300,-1154.079,116.783,57.483,0.537736,-0.842969,-0.015598,0.840335,0.537373,-0.071190,0.068392,0.025174,0.997341,0,0.88283,0.38546,52.970,0.771,-1,400.000,-1,400.000,-1,325.000,325.000,275.000,150.000,-1,-1,-1,775.000,950.000,825.000,-1,-1,2,0,2,0,2,0,0,0,1,2,2,2,1,0,0,2,2
69,6250.727,-1109.755,121.396,58.255,0.526245,-0.850236,-0.012843,0.848499,0.526041,-0.057701,0.055816,0.019467,0.998251,0,0.86875,0.38573,52.125,0.771,-1,375.000,-1,400.000,-1,325.000,325.000,275.000,150.000,-1,-1,-1,750.000,850.000,750.000,-1,-1,2,0,2,0,2,0,0,0,1,2,2,2,1,0,0,2,2
70,6277.133,-1065.765,126.924,59.028,0.514421,-0.857376,-0.016632,0.856122,0.514589,-0.047469,0.049257,0.010180,0.998734,0,0.85514,0.38665,51.308,0.773,-1,375.000,-1,400.000,-1,300.000,325.000,275.000,175.000,-1,-1,-1,700.000,800.000,750.000,-1,-1,2,0,2,0,2,0,0,0,1,2,2,2,1,0,0,2,2
71,6302.551,-1022.086,131.900,59.805,0.502569,-0.864311,-0.019770,0.863406,0.502950,-0.039636,0.044201,0.002850,0.999019,0,0.84228,0.38817,50.537,0.776,-1,375.000,-1,400.000,-1,300.000,325.000,275.000,200.000,-1,-1,-1,625.000,800.000,750.000,-1,1000.000,2,0,2,0,2,0,0,0,1,2,2,2,1,0,1,2,1
72,6327.021,-978.688,136.452,60.585,0.490642,-0.871083,-0.022015,0.870401,0.491130,-0.034545,0.040904,-0.002213,0.999161,0,0.83037,0.39024,49.822,0.780,-1,350.000,-1,400.000,-1,300.000,300.000,275.000,225.000,-1,-1,-1,500.000,775.000,700.000,-1,950.000,2,0,2,0,2,0,0,0,1,2,2,2,1,0,1,2,1
73,6350.582,-935.526,140.493,61.371,0.478588,-0.877724,-0.023542,0.877177,0.479134,-0.031488,0.038917,-0.005581,0.999227,0,0.81957,0.39283,49.174,0.786,-1,375.000,-1,400.000,-1,300.000,300.000,275.000,250.000,-1,-1,-1,400.000,800.000,675.000,-1,875.000,2,0,2,0,2,0,0,0,1,2,2,2,1,0,1,2,1
74,6373.276,-892.553,144.048,62.162,0.466379,-0.884251,-0.024309,0.883761,0.466954,-0.030345,0.038184,-0.007331,0.999244,0,0.80995,0.39588,48.597,0.792,-1,375.000,-1,400.000,-1,300.000,300.000,275.000,275.000,-1,-1,-1,375.000,800.000,650.000,-1,825.000,2,0,2,0,2,0,0,0,1,2,2,2,1,0,1,2,1
75,6395.139,-849.716,147.142,62.961,0.453996,-0.890673,-0.024274,0.890165,0.454582,-0.031006,0.038651,-0.007531,0.999224,0,0.80156,0.39935,48.094,0.799,1000.000,375.000,-1,400.000,925.000,300.000,300.000,275.000,300.000,-1,-1,-1,375.000,825.000,625.000,-1,750.000,1,0,2,0,1,0,0,0,1,2,2,2,1,0,1,2,1
76,6416.207,-806.961,149.769,63.768,0.441424,-0.896990,-0.023535,0.896391,0.442005,-0.033400,0.040362,-0.006353,0.999165,0,0.79439,0.40321,47.663,0.806,975.000,400.000,-1,400.000,850.000,325.000,325.000,275.000,325.000,-1,-1,-1,375.000,850.000,600.000,-1,700.000,1,0,2,1,1,0,0,0,1,2,2,2,1,1,1,2,1
77,6436.510,-764.236,151.897,64.582,0.428648,-0.903196,-0.022316,0.902426,0.429209,-0.037498,0.043446,-0.004065,0.999048,0,0.78840,0.40741,47.304,0.815,950.000,400.000,-1,400.000,750.000,325.000,325.000,275.000,350.000,-1,-1,-1,350.000,850.000,575.000,-1,650.000,1,0,2,1,1,0,0,0,0,2,2,2,1,1,1,2,1
78,6456.076,-721.488,153.387,65.406,0.415668,-0.909281,-0.020711,0.908312,0.416181,-0.041990,0.046800,-0.001358,0.998903,0,0.78354,0.41193,47.012,0.824,925.000,425.000,-1,400.000,675.000,325.000,325.000,275.000,350.000,-1,-1,-1,350.000,850.000,575.000,-1,600.000,1,0,2,1,1,0,0,0,0,2,2,2,1,1,1,2,1
79,6474.926,-678.668,154.047,66.240,0.402452,-0.915239,-0.019233,0.914090,0.402911,-0.045856,0.049718,0.000874,0.998763,0,0.77974,0.41674,46.785,0.833,900.000,425.000,-1,400.000,600.000,350.000,350.000,275.000,350.000,-1,-1,-1,350.000,850.000,550.000,-1,550.000,1,0,2,1,1,0,0,0,0,2,2,2,1,1,1,2,1
80,6492.529,-637.529,154.344,66.833,0.393068,-0.919354,-0.016881,0.917961,0.393405,-0.050790,0.053336,0.004468,0.998567,0,0.74577,0.29674,44.746,0.593,875.000,450.000,-1,400.000,550.000,350.000,350.000,275.000,325.000,-1,-1,-1,375.000,850.000,525.000,-1,525.000,1,0,2,1,1,0,0,0,0,2,2,2,1,1,1,2,1
81,6509.681,-596.295,154.338,67.413,0.383937,-0.923257,-0.013726,0.921550,0.384072,-0.056871,0.057778,0.009186,0.998287,0,0.74430,0.28983,44.658,0.580,875.000,450.000,-1,375.000,475.000,350.000,350.000,275.000,300.000,-1,-1,-1,375.000,850.000,500.000,-1,475.000,1,0,2,1,1,0,0,0,0,2,2,2,1,1,1,2,1
82,6526.392,-554.929,156.443,68.003,0.374289,-0.927186,-0.015297,0.925618,0.374551,-0.054246,0.056025,0.006145,0.998410,0,0.74358,0.29508,44.615,0.590,825.000,475.000,-1,375.000,425.000,375.000,350.000,275.000,300.000,-1,-1,-1,400.000,825.000,475.000,-1,425.000,1,0,2,1,1,0,0,0,0,2,2,2,1,1,1,2,1
83,6542.667,-513.394,158.191,68.604,0.364524,-0.931072,-0.015056,0.929708,0.364808,-0.050574,0.052580,0.004438,0.998607,0,0.74350,0.30051,44.610,0.601,775.000,450.000,-1,350.000,375.000,350.000,350.000,275.000,300.000,-1,-1,-1,450.000,800.000,475.000,1000.000,375.000,1,0,2,1,1,0,0,0,0,2,2,2,1,1,1,1,1
84,6558.507,-471.660,159.964,69.216,0.354533,-0.934923,-0.015001,0.933747,0.354841,-0.046952,0.049220,0.002639,0.998784,0,0.74400,0.30611,44.640,0.612,725.000,450.000,-1,350.000,325.000,350.000,350.000,275.000,300.000,-1,-1,-1,475.000,775.000,450.000,925.000,350.000,1,0,2,1,1,0,0,0,0,2,2,2,1,1,1,1,1
85,6573.914,-429.696,162.118,69.840,0.344238,-0.938733,-0.016726,0.937706,0.344644,-0.043914,0.046988,-0.000568,0.998895,0,0.74504,0.31186,44.703,0.624,675.000,450.000,-1,350.000,275.000,350.000,350.000,275.000,300.000,-1,-1,-1,525.000,750.000,425.000,850.000,300.000,1,0,2,1,1,0,0,0,0,2,2,2,1,1,1,1,1
86,6590.324,-382.993,164.892,70.640,0.330912,-0.943439,-0.020487,0.942554,0.331497,-0.041259,0.045717,-0.005657,0.998938,0,0.82504,0.40003,49.503,0.800,625.000,450.000,-1,325.000,250.000,375.000,375.000,275.000,325.000,-1,-1,-1,600.000,725.000,400.000,775.000,275.000,1,1,2,1,1,0,0,0,0,2,2,2,1,1,1,1,1
87,6607.623,-331.519,168.525,71.424,0.317695,-0.947830,-0.026234,0.947108,0.318534,-0.039028,0.045348,-0.012448,0.998894,0,0.90504,0.39211,54.303,0.784,575.000,425.000,-1,325.000,225.000,375.000,375.000,275.000,325.000,-1,-1,-1,700.000,700.000,400.000,725.000,250.000,1,1,2,1,1,0,1,0,0,2,2,2,1,1,1,1,1
88,6625.256,-276.626,172.896,72.190,0.304577,-0.951857,-0.034647,0.951354,0.305788,-0.037683,0.046463,-0.021485,0.998689,0,0.96093,0.38297,57.656,0.766,525.000,425.000,-1,325.000,175.000,375.000,375.000,275.000,350.000,-1,-1,-1,800.000,700.000,375.000,650.000,225.000,1,1,2,1,1,1,1,0,0,2,2,2,1,1,1,1,1
89,6642.188,-221.459,177.740,72.935,0.291578,-0.955474,-0.045284,0.955288,0.293296,-0.037435,0.049050,-0.032344,0.998272,0,0.96179,0.37262,57.707,0.745,475.000,425.000,-1,300.000,175.000,400.000,375.000,275.000,375.000,-1,-1,-1,900.000,700.000,375.000,600.000,200.000,1,1,2,1,1,1,1,0,0,2,2,2,1,1,1,1,1
90,6658.419,-166.090,183.019,73.658,0.278684,-0.958633,-0.057943,0.958920,0.281081,-0.038292,0.052995,-0.044891,0.997585,0,0.96163,0.36144,57.698,0.723,450.000,425.000,-1,300.000,150.000,425.000,400.000,275.000,350.000,-1,-1,-1,-1,700.000,375.000,575.000,175.000,1,1,2,1,1,1,1,0,1,2,2,2,2,1,1,1,1
91,6673.949,-110.601,188.692,74.357,0.265871,-0.961284,-0.072430,0.962251,0.269170,-0.040243,0.058181,-0.058996,0.996561,0,0.96034,0.34942,57.620,0.699,400.000,425.000,-1,325.000,125.000,450.000,400.000,275.000,300.000,1000.000,-1,850.000,-1,700.000,400.000,525.000,150.000,1,1,2,1,1,1,1,0,1,0,2,1,2,1,1,1,1
92,6688.784,-55.080,194.180,75.030,0.252804,-0.963218,-0.091113,0.965238,0.257548,-0.044553,0.066381,-0.076682,0.994843,0,0.95779,0.33655,57.467,0.673,375.000,450.000,-1,325.000,125.000,475.000,425.000,250.000,275.000,700.000,-1,775.000,-1,700.000,425.000,500.000,150.000,1,1,2,1,1,1,1,0,1,0,2,1,2,1,1,1,1
93,6702.939,0.376,202.051,75.676,0.239395,-0.965243,-0.104867,0.967259,0.246469,-0.060515,0.084258,-0.086946,0.992643,0,0.95386,0.32283,57.231,0.646,375.000,475.000,-1,350.000,125.000,575.000,450.000,275.000,250.000,525.000,50.000,700.000,-1,950.000,450.000,525.000,150.000,1,1,2,1,1,1,1,0,1,0,0,1,2,1,1,1,1
94,6716.419,55.668,209.780,76.293,0.225819,-0.966837,-0.119298,0.968697,0.235823,-0.077554,0.103115,-0.098050,0.989825,0,0.94845,0.30831,56.907,0.617,375.000,525.000,-1,375.000,125.000,700.000,500.000,275.000,225.000,400.000,50.000,325.000,-1,-1,500.000,575.000,150.000,1,1,2,1,1,1,1,0,1,0,0,0,2,2,1,1,1
95,6729.246,110.687,214.638,76.879,0.214045,-0.969038,-0.123087,0.969815,0.225883,-0.091851,0.116810,-0.099711,0.988136,0,0.94152,0.29305,56.491,0.586,375.000,550.000,-1,400.000,100.000,775.000,525.000,275.000,200.000,375.000,50.000,175.000,-1,-1,525.000,-1,175.000,1,1,2,1,1,1,1,0,1,0,0,0,2,2,1,2,1
96,-9511.057,-2951.708,-64.455,114.204,-0.414652,-0.907942,-0.060866,0.907813,-0.408125,-0.096484,0.062761,-0.095262,0.993472,1,0.00000,0.00000,60.000,0.346,-1,425.000,-1,425.000,-1,325.000,325.000,300.000,325.000,-1,-1,-1,-1,875.000,-1,-1,-1,2,0,2,0,2,0,0,0,0,2,2,2,2,1,2,2,2
97,-9513.044,-2947.338,-64.129,114.444,-0.418434,-0.906193,-0.061053,0.906119,-0.411910,-0.096327,0.062143,-0.095628,0.993476,0,0.08000,0.12000,4.800,0.240,-1,425.000,-1,425.000,-1,325.000,325.000,300.000,325.000,-1,-1,-1,-1,875.000,-1,-1,-1,2,0,2,0,2,0,0,0,0,2,2,2,2,1,2,2,2
98,-9517.057,-2938.617,-63.492,114.704,-0.422516,-0.904273,-0.061413,0.904285,-0.416003,-0.095972,0.061237,-0.096085,0.993488,0,0.16000,0.13012,9.600,0.260,-1,425.000,-1,425.000,-1,325.000,325.000,300.000,325.000,-1,-1,-1,-1,875.000,-1,-1,-1,2,0,2,0,2,0,0,0,0,2,2,2,2,1,2,2,2
99,-9523.135,-2925.564,-62.548,114.965,-0.426586,-0.902323,-0.061954,0.902450,-0.420094,-0.095425,0.060078,-0.096618,0.993507,0,0.24000,0.13042,14.400,0.261,-1,425.000,-1,425.000,-1,325.000,325.000,300.000,325.000,-1,-1,-1,-1,850.000,-1,-1,-1,2,0,2,0,2,0,0,0,0,2,2,2,2,1,2,2,2
100,-9531.319,-2908.196,-61.302,115.227,-0.430653,-0.900338,-0.062689,0.900609,-0.424189,-0.094700,0.058670,-0.097241,0.993530,0,0.32000,0.13097,19.200,0.262,-1,425.000,-1,450.000,-1,325.000,325.000,300.000,325.000,-1,-1,-1,-1,850.000,-1,-1,-1,2,0,2,0,2,0,0,0,0,2,2,2,2,1,2,2,2
101,-9541.649,-2886.533,-59.758,115.491,-0.434725,-0.898312,-0.063634,0.898756,-0.428294,-0.093814,0.057020,-0.097974,0.993554,0,0.40000,0.13176,24.000,0.264,-1,425.000,-1,450.000,-1,325.000,325.000,300.000,325.000,-1,-1,-1,-1,825.000,-1,-1,-1,2,0,2,0,2,0,0,0,0,2,2,2,2,1,2,2,2
102,-9554.165,-2860.595,-57.920,115.756,-0.438810,-0.896240,-0.064808,0.896887,-0.432417,-0.092788,0.055136,-0.098842,0.993574,0,0.48000,0.13282,28.800,0.266,-1,400.000,-1,450.000,-1,325.000,325.000,300.000,325.000,-1,-1,-1,-1,825.000,-1,-1,-1,2,0,2,0,2,0,0,0,0,2,2,2,2,1,2,2,2
103,-9568.908,-2830.403,-55.792,116.025,-0.442917,-0.894113,-0.066236,0.894993,-0.436564,-0.091650,0.053029,-0.099874,0.993586,0,0.56000,0.13414,33.600,0.268,-1,400.000,-1,475.000,-1,325.000,350.000,300.000,325.000,-1,-1,-1,-1,800.000,-1,-1,-1,2,0,2,0,2,0,0,0,0,2,2,2,2,1,2,2,2
104,-9585.921,-2795.978,-53.380,116.296,-0.447055,-0.891923,-0.067942,0.893068,-0.440741,-0.090429,0.050711,-0.101103,0.993583,0,0.64000,0.13575,38.400,0.271,-1,425.000,-1,475.000,-1,325.000,350.000,300.000,325.000,-1,-1,-1,-1,775.000,-1,-1,-1,2,0,2,0,2,0,0,0,0,2,2,2,2,1,2,2,2
105,-9605.405,-2757.422,-51.123,116.808,-0.454818,-0.887939,-0.068590,0.889300,-0.448679,-0.088507,0.047814,-0.101251,0.993711,0,0.72000,0.25575,43.200,0.511,-1,425.000,-1,500.000,-1,350.000,350.000,300.000,325.000,-1,-1,-1,-1,775.000,-1,975.000,-1,2,0,2,0,2,0,0,0,0,2,2,2,2,1,2,1,2
106,-9627.612,-2714.870,-48.992,117.559,-0.466227,-0.882040,-0.068106,0.883517,-0.460318,-0.086631,0.045061,-0.100563,0.993910,0,0.80000,0.37575,48.000,0.751,-1,425.000,-1,500.000,-1,350.000,375.000,300.000,325.000,-1,-1,-1,-1,750.000,-1,925.000,-1,2,0,2,0,2,0,0,0,0,2,2,2,2,1,2,1,2
107,-9652.844,-2668.491,-47.553,118.551,-0.480935,-0.874246,-0.066300,0.875872,-0.475677,-0.081116,0.039379,-0.097082,0.994497,0,0.88000,0.49575,52.800,0.991,950.000,425.000,-1,500.000,-1,350.000,375.000,300.000,325.000,-1,-1,-1,-1,700.000,-1,875.000,-1,1,1,2,0,2,0,0,0,0,2,2,2,2,1,2,1,2
108,-9681.442,-2618.493,-46.590,119.773,-0.498830,-0.864340,-0.063916,0.866128,-0.494464,-0.072986,0.031481,-0.091767,0.995283,0,0.96000,0.61101,57.600,1.222,900.000,425.000,-1,500.000,-1,350.000,375.000,300.000,300.000,-1,-1,-1,-1,650.000,-1,800.000,-1,1,1,2,0,2,0,0,0,0,2,2,2,2,1,2,1,2
109,-9712.338,-2567.062,-45.660,120.998,-0.516610,-0.853966,-0.062100,0.855902,-0.513076,-0.064695,0.023386,-0.086574,0.995971,0,1.00000,0.61272,60.000,1.225,825.000,400.000,-1,475.000,-1,350.000,375.000,300.000,300.000,-1,-1,-1,-1,625.000,-1,725.000,-1,1,1,2,0,2,0,0,0,0,2,2,2,2,1,2,1,2
110,-9744.332,-2516.305,-44.962,122.227,-0.534315,-0.843066,-0.061208,0.845137,-0.531463,-0.057371,0.015837,-0.082383,0.996475,0,1.00000,0.61447,60.000,1.229,775.000,400.000,-1,475.000,-1,350.000,375.000,325.000,300.000,-1,-1,-1,-1,575.000,-1,650.000,-1,1,1,2,0,2,0,0,0,0,2,2,2,2,1,2,1,2
111,-9777.411,-2466.248,-44.594,123.459,-0.551910,-0.831630,-0.061537,0.833857,-0.549594,-0.051276,0.008822,-0.079613,0.996787,0,1.00000,0.61611,60.000,1.232,700.000,375.000,-1,475.000,-1,350.000,350.000,325.000,300.000,-1,-1,-1,-1,525.000,-1,600.000,-1,1,1,2,0,2,1,0,0,0,2,2,2,2,1,2,1,2
112,-9811.562,-2416.917,-44.380,124.695,-0.569298,-0.819721,-0.062909,0.822130,-0.567486,-0.045409,0.001522,-0.077571,0.996986,0,1.00000,0.61765,60.000,1.235,625.000,350.000,-1,475.000,-1,325.000,350.000,325.000,325.000,-1,-1,-1,-1,500.000,-1,525.000,-1,1,1,2,0,2,1,0,0,0,2,2,2,2,1,2,1,2
113,-9846.772,-2368.335,-44.375,125.933,-0.586436,-0.807334,-0.065606,0.809971,-0.585116,-0.039822,-0.006238,-0.076492,0.997051,0,1.00000,0.61911,60.000,1.238,550.000,325.000,1000.000,450.000,-1,300.000,350.000,325.000,325.000,-1,-1,-1,-1,450.000,-1,450.000,-1,1,1,1,0,2,1,0,0,0,2,2,2,2,1,2,1,2
114,-9883.025,-2320.527,-44.030,127.174,-0.603434,-0.794614,-0.066754,0.797312,-0.602570,-0.034684,-0.012664,-0.074154,0.997166,0,1.00000,0.62047,60.000,1.241,475.000,300.000,850.000,450.000,-1,275.000,325.000,325.000,325.000,-1,-1,-1,-1,400.000,875.000,400.000,-1,1,1,1,0,2,1,1,0,0,2,2,2,2,1,1,1,2
115,-9920.305,-2273.515,-43.452,128.417,-0.620367,-0.781608,-0.065066,0.784128,-0.619878,-0.029896,-0.016966,-0.069567,0.997433,0,1.00000,0.62177,60.000,1.244,425.000,275.000,725.000,425.000,-1,250.000,300.000,325.000,325.000,-1,-1,-1,-1,375.000,775.000,350.000,-1,1,1,1,1,2,1,1,0,0,2,2,2,2,1,1,1,2
116,-9958.596,-2227.323,-42.670,129.663,-0.637236,-0.768297,-0.060407,0.770433,-0.637021,-0.025264,-0.019070,-0.062639,0.997854,0,1.00000,0.62300,60.000,1.246,375.000,250.000,625.000,375.000,-1,225.000,275.000,350.000,325.000,-1,-1,-1,-1,350.000,675.000,300.000,-1,1,1,1,1,2,1,1,0,0,2,2,2,2,1,1,1,2
117,-9997.883,-2181.974,-42.402,130.912,-0.654152,-0.754747,-0.049405,0.756174,-0.654051,-0.020444,-0.016883,-0.050732,0.998570,0,1.00000,0.62419,60.000,1.248,350.000,250.000,550.000,350.000,-1,225.000,250.000,375.000,325.000,-1,-1,-1,-1,300.000,575.000,275.000,1000.000,1,1,1,1,2,1,1,0,0,2,2,2,2,1,1,1,1
118,-10038.149,-2137.494,-42.302,132.162,-0.670892,-0.740788,-0.033706,0.741467,-0.670819,-0.015112,-0.011416,-0.035130,0.999318,0,1.00000,0.62536,60.000,1.251,325.000,225.000,500.000,300.000,975.000,200.000,225.000,425.000,325.000,-1,-1,-1,-1,300.000,500.000,275.000,950.000,1,1,1,1,1,1,1,0,0,2,2,2,2,1,1,1,1
119,-10079.196,-2093.732,-41.691,133.173,-0.684147,-0.729174,-0.015742,0.729333,-0.684095,-0.009356,-0.003947,-0.017882,0.999832,0,1.00000,0.50536,60.000,1.011,325.000,200.000,475.000,275.000,900.000,175.000,200.000,475.000,300.000,-1,-1,0.000,-1,275.000,450.000,250.000,875.000,1,1,1,1,1,1,1,0,0,2,2,0,2,1,1,1,1
120,327.981,-1639.810,185.383,-35.210,0.817009,0.575419,0.037267,-0.576624,0.815399,0.051285,-0.000877,-0.063389,0.997989,1,0.00000,0.00000,60.000,0.771,-1,425.000,-1,450.000,-1,350.000,350.000,300.000,300.000,-1,-1,-1,-1,850.000,-1,-1,-1,2,0,2,0,2,0,0,0,0,2,2,2,2,0,2,2,2
121,331.891,-1642.594,185.379,-35.450,0.814582,0.578833,0.037526,-0.580047,0.812986,0.050982,-0.000998,-0.063295,0.997994,0,0.08000,-0.12000,4.800,-0.240,-1,425.000,-1,450.000,-1,350.000,350.000,300.000,300.000,-1,-1,-1,-1,850.000,-1,-1,-1,2,0,2,0,2,0,0,0,0,2,2,2,2,0,2,2,2
122,339.664,-1648.227,185.373,-35.930,0.809685,0.585630,0.038042,-0.586863,0.808118,0.050371,-0.001244,-0.063110,0.998006,0,0.16000,-0.24000,9.600,-0.480,-1,425.000,-1,450.000,-1,350.000,350.000,300.000,300.000,-1,-1,-1,-1,850.000,-1,-1,-1,2,0,2,0,2,0,0,0,0,2,2,2,2,0,2,2,2
123,351.252,-1656.777,185.353,-36.423,0.804588,0.592565,0.038796,-0.593830,0.803071,0.049424,-0.001869,-0.062804,0.998024,0,0.24000,-0.24619,14.400,-0.492,-1,425.000,-1,450.000,-1,350.000,350.000,300.000,300.000,-1,-1,-1,-1,850.000,-1,-1,-1,2,0,2,0,2,0,0,0,0,2,2,2,2,0,2,2,2
124,366.604,-1668.308,185.289,-36.908,0.799489,0.599354,0.039911,-0.600673,0.798042,0.048165,-0.002983,-0.062481,0.998042,0,0.32000,-0.24251,19.200,-0.485,-1,425.000,-1,450.000,-1,350.000,350.000,300.000,300.000,-1,-1,-1,-1,850.000,-1,-1,-1,2,0,2,0,2,0,0,0,0,2,2,2,2,0,2,2,2
125,385.675,-1682.879,185.171,-37.383,0.794410,0.605967,0.041426,-0.607364,0.793056,0.046588,-0.004622,-0.062171,0.998055,0,0.40000,-0.23774,24.000,-0.475,-1,425.000,-1,425.000,-1,350.000,350.000,300.000,300.000,-1,-1,-1,-1,850.000,1000.000,-1,-1,2,0,2,0,2,0,0,0,0,2,2,2,2,0,0,2,2
126,408.417,-1700.550,185.016,-37.847,0.789381,0.612380,0.043224,-0.613866,0.788146,0.044651,-0.006723,-0.061780,0.998067,0,0.48000,-0.23182,28.800,-0.464,-1,425.000,-1,425.000,-1,350.000,350.000,300.000,300.000,-1,-1,-1,-1,825.000,975.000,-1,-1,2,0,2,0,2,0,0,0,0,2,2,2,2,0,0,2,2
127,434.787,-1721.372,184.680,-38.296,0.784446,0.618540,0.045303,-0.620133,0.783316,0.043026,-0.008873,-0.061846,0.998046,0,0.56000,-0.22469,33.600,-0.449,-1,425.000,-1,425.000,-1,350.000,350.000,300.000,300.000,-1,-1,-1,-1,825.000,975.000,-1,-1,2,0,2,0,2,0,0,0,0,2,2,2,2,0,0,2,2
128,464.744,-1745.396,184.214,-38.729,0.779628,0.624425,0.047685,-0.626141,0.778611,0.041378,-0.011290,-0.062117,0.998005,0,0.64000,-0.21626,38.400,-0.433,-1,425.000,-1,425.000,-1,350.000,350.000,300.000,300.000,-1,-1,-1,-1,800.000,950.000,-1,-1,2,0,2,0,2,0,0,0,0,2,2,2,2,0,0,2,2
129,498.250,-1772.666,183.636,-39.142,0.774954,0.630006,0.050381,-0.631860,0.774074,0.039526,-0.014097,-0.062465,0.997948,0,0.72000,-0.20645,43.200,-0.413,1000.000,400.000,-1,425.000,-1,350.000,350.000,300.000,275.000,-1,-1,-1,-1,800.000,925.000,-1,-1,1,0,2,0,2,0,0,0,0,2,2,2,2,0,0,2,2
130,534.926,-1802.932,182.929,-39.532,0.770463,0.635247,0.053376,-0.637251,0.769743,0.037500,-0.017264,-0.062906,0.997870,0,0.79252,-0.19516,47.551,-0.390,950.000,400.000,-1,425.000,-1,325.000,350.000,300.000,275.000,-1,-1,-1,-1,775.000,900.000,-1,-1,1,0,2,0,2,0,0,0,0,2,2,2,2,0,0,2,2
131,571.647,-1833.631,182.226,-39.897,0.766226,0.640128,0.055983,-0.642254,0.765674,0.035396,-0.020206,-0.063077,0.997804,0,0.79771,-0.18241,47.862,-0.365,925.000,400.000,-1,425.000,-1,325.000,350.000,300.000,275.000,-1,-1,-1,-1,775.000,900.000,-1,-1,1,0,2,0,2,0,0,0,0,2,2,2,2,0,0,2,2
132,608.394,-1864.724,181.667,-40.235,0.762301,0.644665,0.057475,-0.646832,0.761914,0.033085,-0.022463,-0.062397,0.997799,0,0.80227,-0.16914,48.136,-0.338,900.000,400.000,-1,425.000,-1,325.000,350.000,300.000,275.000,-1,-1,-1,-1,750.000,875.000,-1,-1,1,0,2,0,2,0,0,0,0,2,2,2,2,0,0,2,2
133,645.151,-1896.168,181.028,-40.546,0.758657,0.648814,0.058985,-0.651019,0.758436,0.030803,-0.024751,-0.061769,0.997784,0,0.80619,-0.15540,48.372,-0.311,875.000,400.000,-1,425.000,-1,325.000,350.000,300.000,275.000,-1,-1,-1,-1,750.000,850.000,-1,-1,1,0,2,0,2,0,0,0,0,2,2,2,2,0,0,2,2
134,681.900,-1927.921,180.134,-40.828,0.755291,0.652593,0.060482,-0.654809,0.755286,0.027727,-0.027587,-0.060546,0.997784,0,0.80943,-0.14119,48.566,-0.282,850.000,400.000,-1,425.000,-1,325.000,325.000,300.000,275.000,-1,-1,-1,-1,725.000,850.000,-1,-1,1,0,2,0,2,0,0,0,0,2,2,2,2,0,0,2,2
135,722.254,-1962.842,179.074,-40.871,0.754628,0.653204,0.062134,-0.655424,0.754864,0.024495,-0.030903,-0.059209,0.997767,0,0.88943,-0.02119,53.366,-0.042,825.000,375.000,-1,425.000,-1,325.000,325.000,300.000,300.000,-1,-1,-1,-1,725.000,825.000,-1,-1,1,0,2,0,2,0,0,0,0,2,2,2,2,0,0,2,2
