timestep,x_cm,y_cm,z_cm,yaw_deg,basis_xx,basis_xy,basis_xz,basis_yx,basis_yy,basis_yz,basis_zx,basis_zy,basis_zz,teleport_flag,throttle_cmd,steering_cmd,cmd_move_cm,cmd_turn_deg,lidar_cm_0,lidar_cm_1,lidar_cm_2,lidar_cm_3,lidar_cm_4,lidar_cm_5,lidar_cm_6,lidar_cm_7,lidar_cm_8,lidar_cm_9,lidar_cm_10,lidar_cm_11,lidar_cm_12,lidar_cm_13,lidar_cm_14,lidar_cm_15,lidar_cm_16,lidar_class_0,lidar_class_1,lidar_class_2,lidar_class_3,lidar_class_4,lidar_class_5,lidar_class_6,lidar_class_7,lidar_class_8,lidar_class_9,lidar_class_10,lidar_class_11,lidar_class_12,lidar_class_13,lidar_class_14,lidar_class_15,lidar_class_16
0,3602.879,4262.801,274.525,-171.355,-0.986109,0.150021,-0.071292,-0.144830,-0.986748,-0.073158,-0.081322,-0.061816,0.994769,1,0.08000,0.12000,4.800,0.240,900.000,375.000,-1,375.000,-1,300.000,300.000,325.000,325.000,-1,350.000,375.000,-1,600.000,600.000,850.000,975.000,0,0,2,0,2,0,0,0,0,2,0,0,2,0,0,0,0
1,3593.401,4261.279,273.724,-170.875,-0.984874,0.158289,-0.070476,-0.153165,-0.985499,-0.073017,-0.081011,-0.061118,0.994838,0,0.16000,0.24000,9.600,0.480,900.000,375.000,-1,375.000,-1,300.000,300.000,325.000,325.000,-1,350.000,375.000,-1,600.000,600.000,850.000,975.000,0,0,2,0,2,0,0,0,0,2,0,0,2,0,0,0,0
2,3579.213,4258.818,272.511,-170.155,-0.982891,0.170672,-0.069256,-0.165648,-0.983496,-0.072780,-0.080535,-0.060063,0.994941,0,0.24000,0.36000,14.400,0.720,900.000,375.000,-1,375.000,-1,300.000,300.000,325.000,325.000,-1,350.000,375.000,-1,600.000,600.000,850.000,975.000,0,0,2,0,2,0,0,0,0,2,0,0,2,0,0,0,0
3,3560.354,4255.220,270.874,-169.195,-0.980002,0.187141,-0.067640,-0.182254,-0.980581,-0.072416,-0.079879,-0.058640,0.995078,0,0.32000,0.48000,19.200,0.960,900.000,375.000,-1,350.000,-1,300.000,300.000,350.000,325.000,-1,325.000,350.000,-1,600.000,600.000,850.000,975.000,0,0,2,0,2,0,0,0,0,2,0,0,2,0,0,0,0
4,3536.879,4250.230,268.799,-167.995,-0.975997,0.207658,-0.065637,-0.202941,-0.976549,-0.071885,-0.079026,-0.056839,0.995251,0,0.40000,0.60000,24.000,1.200,900.000,375.000,-1,350.000,-1,300.000,300.000,350.000,325.000,-1,300.000,325.000,-1,600.000,600.000,850.000,950.000,0,0,2,0,2,0,0,0,0,2,0,0,2,0,0,0,0
5,3508.869,4243.536,266.267,-166.555,-0.970618,0.232161,-0.063264,-0.227650,-0.971141,-0.071136,-0.077953,-0.054644,0.995458,0,0.48000,0.72000,28.800,1.440,900.000,375.000,-1,350.000,-1,300.000,300.000,350.000,300.000,-1,275.000,300.000,-1,600.000,600.000,850.000,950.000,0,0,2,0,2,0,0,0,0,2,0,0,2,0,0,0,0
6,3476.434,4234.771,263.259,-164.875,-0.963555,0.260569,-0.060540,-0.256298,-0.964052,-0.070110,-0.076632,-0.052039,0.995700,0,0.56000,0.84000,33.600,1.680,925.000,375.000,-1,350.000,-1,300.000,300.000,350.000,300.000,-1,250.000,300.000,-1,600.000,600.000,850.000,925.000,0,0,2,0,2,0,0,0,0,2,0,0,2,0,0,0,0
7,3439.682,4223.643,259.769,-163.151,-0.955451,0.289500,-0.057468,-0.285501,-0.955907,-0.068776,-0.074845,-0.049305,0.995976,0,0.64000,0.86215,38.400,1.724,925.000,375.000,-1,350.000,1000.000,300.000,300.000,350.000,300.000,-1,250.000,275.000,875.000,600.000,600.000,850.000,900.000,0,0,2,0,0,0,0,0,0,2,0,0,1,0,0,0,0
8,3398.734,4209.882,255.787,-161.422,-0.946462,0.318256,-0.054060,-0.314558,-0.946864,-0.067097,-0.072541,-0.046500,0.996281,0,0.72000,0.86459,43.200,1.729,950.000,350.000,-1,350.000,950.000,300.000,300.000,325.000,300.000,-1,225.000,250.000,750.000,600.000,575.000,850.000,900.000,0,0,2,0,0,0,0,0,0,2,0,0,1,0,0,0,0
9,3355.551,4193.897,251.994,-159.686,-0.936539,0.346800,-0.051235,-0.343225,-0.936835,-0.067354,-0.071358,-0.045495,0.996413,0,0.76746,0.86770,46.048,1.735,925.000,350.000,-1,350.000,925.000,300.000,300.000,325.000,300.000,-1,225.000,250.000,700.000,575.000,575.000,825.000,875.000,0,0,2,0,0,0,0,0,0,2,0,0,1,0,0,0,0
10,3313.097,4176.695,248.807,-157.943,-0.925792,0.375109,-0.046940,-0.371592,-0.925798,-0.069410,-0.069493,-0.046817,0.996483,0,0.76345,0.87140,45.807,1.743,925.000,350.000,-1,350.000,925.000,300.000,300.000,325.000,300.000,-1,225.000,275.000,700.000,575.000,575.000,825.000,850.000,0,0,2,0,0,0,0,0,0,2,0,0,1,0,0,0,0
11,3271.368,4158.282,245.783,-156.193,-0.914171,0.403182,-0.041652,-0.399761,-0.913816,-0.071635,-0.066944,-0.048836,0.996561,0,0.76021,0.87546,45.613,1.751,900.000,350.000,-1,350.000,950.000,300.000,275.000,325.000,325.000,-1,225.000,300.000,700.000,575.000,575.000,800.000,850.000,0,0,2,0,0,0,0,0,0,2,0,0,1,0,0,0,0
12,3230.356,4138.660,242.770,-154.433,-0.901631,0.431006,-0.035995,-0.427721,-0.900907,-0.073627,-0.064162,-0.050989,0.996636,0,0.75775,0.87983,45.465,1.760,900.000,350.000,-1,350.000,975.000,300.000,275.000,300.000,325.000,-1,250.000,300.000,700.000,575.000,575.000,800.000,850.000,0,0,2,0,0,0,0,0,0,2,0,0,1,0,0,0,0
13,3186.116,4116.032,239.649,-152.913,-0.890123,0.454698,-0.030516,-0.451583,-0.889064,-0.075084,-0.061272,-0.053054,0.996710,0,0.82821,0.75983,49.692,1.520,875.000,350.000,-1,350.000,1000.000,275.000,275.000,300.000,325.000,1000.000,250.000,325.000,725.000,575.000,575.000,775.000,850.000,0,0,2,0,0,0,0,0,0,0,0,0,1,0,0,0,0
14,3142.420,4092.438,236.955,-151.634,-0.879887,0.474422,-0.026885,-0.471452,-0.878656,-0.075478,-0.059431,-0.053737,0.996785,0,0.82766,0.63983,49.660,1.280,850.000,350.000,-1,350.000,975.000,275.000,275.000,300.000,325.000,1000.000,275.000,350.000,775.000,550.000,575.000,775.000,825.000,0,0,2,0,0,0,0,0,0,0,0,0,1,0,0,0,0
15,3099.136,4068.043,234.324,-150.594,-0.871267,0.490265,-0.023086,-0.487475,-0.869865,-0.075518,-0.057106,-0.054543,0.996877,0,0.82809,0.51983,49.686,1.040,850.000,350.000,-1,350.000,950.000,275.000,275.000,300.000,325.000,1000.000,300.000,375.000,800.000,550.000,575.000,750.000,800.000,0,0,2,0,0,0,0,0,0,0,0,0,1,0,0,0,0
16,3056.130,4043.009,232.321,-149.794,-0.864436,0.502395,-0.018725,-0.499994,-0.863001,-0.072354,-0.052510,-0.053183,0.997203,0,0.82938,0.39983,49.763,0.800,875.000,350.000,-1,350.000,975.000,275.000,275.000,300.000,325.000,1000.000,325.000,400.000,825.000,550.000,575.000,775.000,825.000,0,0,2,0,0,0,0,0,0,0,0,0,1,0,0,0,0
17,3013.267,4017.494,230.386,-149.235,-0.859561,0.510833,-0.014309,-0.508822,-0.858108,-0.068936,-0.047493,-0.051974,0.997518,0,0.83139,0.27983,49.884,0.560,900.000,350.000,-1,350.000,975.000,275.000,275.000,300.000,325.000,1000.000,325.000,375.000,875.000,550.000,575.000,800.000,825.000,0,0,2,0,0,0,0,0,0,0,0,0,1,0,0,0,0
18,2970.411,3991.659,228.602,-148.915,-0.856744,0.515649,-0.009763,-0.514042,-0.855304,-0.064920,-0.041826,-0.050601,0.997843,0,0.83403,0.15983,50.042,0.320,950.000,350.000,-1,350.000,1000.000,275.000,275.000,300.000,325.000,1000.000,275.000,325.000,900.000,575.000,575.000,825.000,850.000,0,0,2,0,0,0,0,0,0,0,0,0,1,0,0,0,0
19,2927.524,3965.509,226.930,-148.625,-0.854149,0.520004,-0.005076,-0.518796,-0.852754,-0.060505,-0.035791,-0.049047,0.998155,0,0.83718,0.14475,50.231,0.290,1000.000,350.000,-1,350.000,1000.000,300.000,300.000,325.000,325.000,1000.000,250.000,275.000,925.000,575.000,575.000,875.000,850.000,0,0,2,0,0,0,0,0,0,0,0,0,1,0,0,0,0
20,2884.599,3939.024,225.308,-148.323,-0.851386,0.524539,-0.000284,-0.523703,-0.850059,-0.055997,-0.029614,-0.047526,0.998431,0,0.84065,0.15130,50.439,0.303,-1,350.000,-1,350.000,-1,300.000,300.000,325.000,325.000,1000.000,225.000,250.000,975.000,600.000,575.000,900.000,875.000,2,0,2,0,2,0,0,0,0,0,0,0,1,0,0,0,0
21,2841.630,3912.183,223.737,-148.007,-0.848450,0.529256,0.004612,-0.528763,-0.847212,-0.051390,-0.023291,-0.046040,0.998668,0,0.84439,0.15798,50.663,0.316,-1,350.000,-1,350.000,-1,300.000,300.000,325.000,300.000,975.000,200.000,225.000,1000.000,600.000,575.000,950.000,925.000,2,0,2,0,2,0,0,0,0,0,0,0,1,0,0,0,0
22,2798.615,3884.967,222.402,-147.677,-0.845343,0.534140,0.009518,-0.533942,-0.844183,-0.047540,-0.017359,-0.045270,0.998824,0,0.84838,0.16479,50.903,0.330,-1,350.000,-1,350.000,-1,300.000,300.000,325.000,300.000,975.000,175.000,200.000,-1,600.000,600.000,1000.000,975.000,2,0,2,0,2,0,0,0,0,0,0,0,2,0,0,0,0
23,2755.550,3857.356,221.599,-147.334,-0.842079,0.539165,0.014304,-0.539206,-0.840927,-0.045816,-0.012674,-0.046293,0.998848,0,0.85262,0.17173,51.157,0.343,-1,350.000,-1,350.000,-1,300.000,300.000,325.000,325.000,975.000,200.000,200.000,-1,600.000,600.000,-1,-1,2,0,2,0,2,0,0,0,0,0,0,0,2,0,0,2,2
24,2712.433,3829.330,220.884,-146.976,-0.838624,0.544372,0.019215,-0.544653,-0.837499,-0.044148,-0.007940,-0.047489,0.998840,0,0.85709,0.17879,51.425,0.358,-1,350.000,-1,350.000,-1,300.000,300.000,325.000,325.000,975.000,200.000,225.000,-1,600.000,600.000,-1,-1,2,0,2,0,2,0,0,0,0,0,0,0,2,0,0,2,2
25,2669.264,3800.869,220.495,-146.604,-0.834954,0.549737,0.025321,-0.550315,-0.833856,-0.042878,-0.002458,-0.049736,0.998759,0,0.86178,0.18597,51.707,0.372,-1,350.000,-1,350.000,-1,300.000,300.000,350.000,325.000,975.000,200.000,225.000,-1,625.000,600.000,-1,-1,2,0,2,0,2,0,0,0,0,0,0,0,2,0,0,2,2
26,2626.043,3771.953,220.261,-146.218,-0.831057,0.555275,0.031853,-0.556178,-0.830015,-0.041737,0.003263,-0.052402,0.998621,0,0.86669,0.19327,52.001,0.387,-1,350.000,-1,350.000,-1,300.000,300.000,325.000,325.000,950.000,200.000,225.000,-1,625.000,625.000,-1,-1,2,0,2,0,2,0,0,0,0,0,0,0,2,0,0,2,2
27,2586.901,3745.574,220.120,-146.024,-0.828980,0.557997,0.037837,-0.559212,-0.828024,-0.040728,0.008604,-0.054922,0.998454,0,0.78669,0.09668,47.201,0.193,-1,350.000,-1,350.000,-1,300.000,300.000,325.000,325.000,925.000,200.000,225.000,-1,625.000,625.000,-1,-1,2,0,2,0,2,0,0,0,0,0,0,0,2,0,0,2,2
28,2551.203,3721.329,220.054,-145.817,-0.826743,0.560908,0.043332,-0.562419,-0.825892,-0.039836,0.013443,-0.057305,0.998266,0,0.71921,0.10346,43.152,0.207,-1,350.000,-1,375.000,-1,300.000,300.000,325.000,325.000,925.000,200.000,250.000,-1,625.000,650.000,-1,-1,2,0,2,0,2,0,0,0,0,0,0,0,2,0,0,2,2
29,2515.377,3696.796,220.403,-145.598,-0.824406,0.564033,0.047135,-0.565739,-0.823688,-0.038431,0.017148,-0.058349,0.998149,0,0.72368,0.10971,43.421,0.219,-1,350.000,-1,375.000,-1,300.000,300.000,300.000,325.000,925.000,225.000,250.000,-1,625.000,675.000,-1,-1,2,0,2,0,2,0,0,0,0,0,0,0,2,0,0,2,2
30,2479.423,3671.962,221.113,-145.366,-0.821975,0.567367,0.049515,-0.569175,-0.821400,-0.036616,0.019897,-0.058280,0.998102,0,0.72828,0.11603,43.697,0.232,-1,375.000,-1,375.000,-1,300.000,300.000,300.000,325.000,950.000,250.000,250.000,-1,650.000,675.000,-1,-1,2,0,2,0,2,0,0,0,0,0,0,0,2,0,0,2,2
31,2443.417,3646.868,221.901,-145.125,-0.819440,0.570815,0.051858,-0.572720,-0.819011,-0.034823,0.022595,-0.058236,0.998047,0,0.73147,0.12039,43.888,0.241,-1,375.000,-1,375.000,-1,300.000,300.000,300.000,325.000,975.000,275.000,250.000,-1,650.000,675.000,-1,-1,2,0,2,0,2,0,0,0,0,0,0,0,2,0,0,2,2
32,2407.516,3621.623,222.875,-144.884,-0.816911,0.574267,0.053616,-0.576227,-0.816627,-0.032907,0.024887,-0.057777,0.998019,0,0.73147,0.12039,43.888,0.241,-1,375.000,-1,375.000,-1,300.000,300.000,300.000,325.000,1000.000,300.000,250.000,-1,650.000,700.000,-1,-1,2,0,2,0,2,0,0,0,0,0,0,0,2,0,0,2,2
33,2371.721,3596.227,224.056,-144.644,-0.814349,0.577726,0.055396,-0.579719,-0.814252,-0.030321,0.027589,-0.056806,0.998004,0,0.73147,0.12039,43.888,0.241,-1,375.000,-1,375.000,-1,300.000,300.000,300.000,325.000,-1,300.000,275.000,-1,650.000,700.000,-1,-1,2,0,2,0,2,0,0,0,0,2,0,0,2,0,0,2,2
34,2336.034,3570.681,225.314,-144.403,-0.811768,0.581171,0.057215,-0.583194,-0.811857,-0.027803,0.030292,-0.055937,0.997975,0,0.73147,0.12039,43.888,0.241,-1,375.000,-1,375.000,-1,300.000,300.000,325.000,325.000,-1,300.000,275.000,-1,675.000,725.000,-1,-1,2,0,2,0,2,0,0,0,0,2,0,0,2,0,0,2,2
35,2300.454,3544.985,226.626,-144.162,-0.809171,0.584604,0.058991,-0.586649,-0.809444,-0.025358,0.032926,-0.055126,0.997936,0,0.73147,0.12039,43.888,0.241,-1,375.000,-1,375.000,-1,300.000,300.000,325.000,325.000,-1,300.000,275.000,-1,675.000,750.000,-1,-1,2,0,2,0,2,0,0,0,0,2,0,0,2,0,0,2,2
36,2264.982,3519.140,227.993,-143.921,-0.806560,0.588025,0.060725,-0.590086,-0.807013,-0.022986,0.035490,-0.054373,0.997890,0,0.73147,0.12039,43.888,0.241,-1,375.000,-1,375.000,-1,300.000,300.000,325.000,325.000,-1,300.000,275.000,-1,675.000,775.000,-1,-1,2,0,2,0,2,0,0,0,0,2,0,0,2,0,0,2,2
37,2229.620,3493.146,229.414,-143.681,-0.803935,0.591433,0.062418,-0.593503,-0.804566,-0.020688,0.037984,-0.053677,0.997836,0,0.73147,0.12039,43.888,0.241,-1,375.000,-1,375.000,-1,300.000,300.000,325.000,325.000,-1,300.000,275.000,-1,700.000,775.000,-1,-1,2,0,2,0,2,0,0,0,0,2,0,0,2,0,0,2,2
38,2194.367,3467.004,230.890,-143.440,-0.801295,0.594829,0.064070,-0.596904,-0.802100,-0.018466,0.040406,-0.053040,0.997775,0,0.73147,0.12039,43.888,0.241,-1,375.000,-1,375.000,-1,300.000,300.000,325.000,325.000,-1,300.000,275.000,-1,700.000,800.000,-1,-1,2,0,2,0,2,0,0,0,0,2,0,0,2,0,0,2,2
39,2159.224,3440.713,232.619,-143.199,-0.798661,0.598190,0.065651,-0.600302,-0.799588,-0.017246,0.042177,-0.053185,0.997694,0,0.73147,0.12039,43.888,0.241,-1,375.000,-1,400.000,-1,300.000,300.000,325.000,325.000,-1,300.000,275.000,-1,725.000,825.000,-1,-1,2,0,2,0,2,0,0,0,0,2,0,0,2,0,0,2,2
40,2124.193,3414.275,234.464,-142.958,-0.796019,0.601531,0.067194,-0.603693,-0.797049,-0.016388,0.043699,-0.053609,0.997605,0,0.73147,0.12039,43.888,0.241,-1,375.000,-1,400.000,-1,300.000,325.000,325.000,325.000,-1,325.000,300.000,-1,725.000,850.000,-1,-1,2,0,2,0,2,0,0,0,0,2,0,0,2,0,0,2,2
41,2089.273,3387.690,236.353,-142.717,-0.793362,0.604861,0.068709,-0.607072,-0.794495,-0.015553,0.045182,-0.054050,0.997515,0,0.73147,0.12039,43.888,0.241,-1,375.000,-1,400.000,-1,300.000,325.000,325.000,325.000,-1,350.000,325.000,-1,750.000,875.000,-1,-1,2,0,2,0,2,0,0,0,0,2,0,0,2,0,0,2,2
42,2054.464,3360.958,238.284,-142.477,-0.790690,0.608179,0.070198,-0.610439,-0.791926,-0.014754,0.046619,-0.054517,0.997424,0,0.73147,0.12039,43.888,0.241,-1,375.000,-1,400.000,-1,300.000,325.000,325.000,325.000,-1,350.000,350.000,-1,775.000,900.000,-1,-1,2,0,2,0,2,0,0,0,0,2,0,0,2,0,0,2,2
43,2019.769,3334.080,240.006,-142.236,-0.788080,0.611511,0.070598,-0.613755,-0.789375,-0.013838,0.047266,-0.054235,0.997409,0,0.73147,0.12039,43.888,0.241,-1,375.000,-1,425.000,-1,325.000,325.000,325.000,325.000,-1,375.000,375.000,-1,775.000,900.000,-1,-1,2,0,2,0,2,0,0,0,0,2,0,0,2,0,0,2,2
44,1985.186,3307.057,241.682,-141.995,-0.785487,0.614842,0.070565,-0.617044,-0.786823,-0.012871,0.047608,-0.053652,0.997424,0,0.73147,0.12039,43.888,0.241,-1,375.000,-1,425.000,-1,325.000,325.000,325.000,300.000,-1,400.000,400.000,-1,775.000,925.000,-1,-1,2,0,2,0,2,0,0,0,0,2,0,0,2,0,0,2,2
45,1950.718,3279.889,243.375,-141.754,-0.782891,0.618164,0.070386,-0.620317,-0.784260,-0.011926,0.047828,-0.052999,0.997449,0,0.73147,0.12039,43.888,0.241,-1,400.000,-1,425.000,-1,325.000,325.000,325.000,300.000,-1,425.000,425.000,-1,800.000,925.000,-1,-1,2,0,2,0,2,0,0,0,0,2,0,0,2,0,0,2,2
46,1916.364,3252.577,245.084,-141.514,-0.780292,0.621478,0.070061,-0.623576,-0.781685,-0.011005,0.047926,-0.052276,0.997482,0,0.73147,0.12039,43.888,0.241,-1,400.000,-1,425.000,-1,325.000,325.000,325.000,300.000,-1,450.000,450.000,-1,800.000,925.000,-1,-1,2,0,2,0,2,0,0,0,0,2,0,0,2,0,0,2,2
47,1882.125,3225.120,246.810,-141.273,-0.777691,0.624783,0.069589,-0.626819,-0.779099,-0.010110,0.047900,-0.051482,0.997525,0,0.73147,0.12039,43.888,0.241,-1,400.000,-1,425.000,-1,325.000,325.000,325.000,300.000,-1,500.000,475.000,-1,800.000,925.000,-1,-1,2,0,2,0,2,0,0,0,0,2,0,0,2,0,0,2,2
48,1848.002,3197.520,248.683,-141.032,-0.775129,0.628095,0.068350,-0.630027,-0.776519,-0.009143,0.047333,-0.050150,0.997619,0,0.73147,0.12039,43.888,0.241,-1,400.000,-1,425.000,-1,325.000,325.000,325.000,300.000,-1,550.000,525.000,-1,825.000,925.000,-1,-1,2,0,2,0,2,0,0,0,0,2,0,0,2,0,0,2,2
49,1813.995,3169.776,250.587,-140.791,-0.772569,0.631398,0.066886,-0.633219,-0.773930,-0.008181,0.046600,-0.048674,0.997727,0,0.73147,0.12039,43.888,0.241,-1,400.000,-1,425.000,-1,325.000,350.000,325.000,300.000,-1,600.000,575.000,-1,825.000,925.000,-1,-1,2,0,2,0,2,0,0,0,0,2,0,0,2,0,0,2,2
50,1780.104,3141.890,252.493,-140.550,-0.770001,0.634692,0.065302,-0.636398,-0.771327,-0.007226,0.045783,-0.047122,0.997839,0,0.73147,0.12039,43.888,0.241,-1,400.000,-1,425.000,-1,325.000,350.000,325.000,300.000,-1,650.000,625.000,-1,825.000,925.000,-1,-1,2,0,2,0,2,0,0,0,0,2,0,0,2,0,0,2,2
51,1742.561,3110.890,254.623,-140.452,-0.769018,0.636072,0.063426,-0.637644,-0.770307,-0.006128,0.044959,-0.045155,0.997968,0,0.81147,0.04914,48.688,0.098,-1,400.000,-1,425.000,-1,325.000,350.000,325.000,300.000,-1,725.000,675.000,-1,850.000,925.000,-1,-1,2,0,2,0,2,0,0,0,0,2,0,0,2,0,0,2,2
52,1703.179,3078.258,256.686,-140.354,-0.768063,0.637433,0.061313,-0.638905,-0.769263,-0.005954,0.043371,-0.043746,0.998101,0,0.85242,0.04914,51.145,0.098,-1,400.000,-1,425.000,-1,325.000,350.000,325.000,300.000,-1,800.000,775.000,-1,850.000,925.000,-1,-1,2,0,2,0,2,0,0,0,0,2,0,0,2,0,0,2,2
53,1663.853,3045.558,258.452,-140.256,-0.767136,0.638758,0.059071,-0.640195,-0.768177,-0.007409,0.040645,-0.043500,0.998226,0,0.85242,0.04914,51.145,0.098,-1,400.000,-1,425.000,-1,325.000,350.000,325.000,300.000,-1,925.000,875.000,-1,850.000,925.000,-1,-1,2,0,2,0,2,0,0,0,0,2,0,0,2,0,0,2,2
54,1624.584,3012.790,260.228,-140.157,-0.766211,0.640085,0.056676,-0.641477,-0.767091,-0.008878,0.037793,-0.043158,0.998353,0,0.85242,0.04914,51.145,0.098,-1,400.000,-1,425.000,-1,325.000,325.000,325.000,300.000,-1,-1,1000.000,-1,825.000,900.000,-1,-1,2,0,2,0,2,0,0,0,0,2,2,0,2,0,0,2,2
55,1585.371,2979.955,262.016,-140.059,-0.765285,0.641412,0.054127,-0.642749,-0.766006,-0.010362,0.034815,-0.042720,0.998480,0,0.85242,0.04914,51.145,0.098,-1,400.000,-1,425.000,-1,325.000,325.000,325.000,300.000,-1,-1,-1,-1,825.000,875.000,-1,-1,2,0,2,0,2,0,0,0,0,2,2,2,2,0,0,2,2
56,1546.215,2947.053,263.853,-139.961,-0.764329,0.642734,0.051894,-0.644023,-0.764916,-0.011710,0.032169,-0.042371,0.998584,0,0.85242,0.04914,51.145,0.098,-1,400.000,-1,425.000,-1,325.000,325.000,300.000,300.000,-1,-1,-1,-1,825.000,875.000,-1,-1,2,0,2,0,2,0,0,0,0,2,2,2,2,0,0,2,2
57,1507.114,2914.084,265.422,-139.862,-0.763333,0.644080,0.049838,-0.645284,-0.763853,-0.011710,0.030527,-0.041098,0.998689,0,0.85242,0.04914,51.145,0.098,-1,400.000,-1,400.000,-1,325.000,325.000,300.000,300.000,-1,-1,-1,-1,825.000,875.000,-1,-1,2,0,2,0,2,0,0,0,0,2,2,2,2,0,0,2,2
58,1468.070,2881.048,266.990,-139.764,-0.762329,0.645426,0.047760,-0.646542,-0.762790,-0.011587,0.028953,-0.039712,0.998792,0,0.85242,0.04914,51.145,0.098,-1,400.000,-1,400.000,-1,325.000,325.000,300.000,300.000,-1,-1,-1,-1,825.000,875.000,-1,-1,2,0,2,0,2,0,0,0,0,2,2,2,2,0,0,2,2
59,1428.982,2847.860,268.562,-139.666,-0.761321,0.646765,0.045655,-0.647794,-0.761731,-0.011340,0.027443,-0.038209,0.998893,0,0.85461,0.04893,51.277,0.098,-1,400.000,-1,400.000,-1,325.000,325.000,300.000,300.000,-1,-1,-1,-1,850.000,875.000,-1,-1,2,0,2,0,2,0,0,0,0,2,2,2,2,0,0,2,2
60,1389.646,2814.347,270.145,-139.570,-0.760323,0.648086,0.043511,-0.649025,-0.760688,-0.010967,0.025991,-0.036579,0.998993,0,0.86128,0.04823,51.677,0.096,-1,400.000,-1,400.000,-1,325.000,325.000,300.000,300.000,-1,-1,-1,-1,875.000,875.000,-1,-1,2,0,2,0,2,0,0,0,0,2,2,2,2,0,0,2,2
61,1350.059,2780.508,271.722,-139.475,-0.759338,0.649389,0.041241,-0.650234,-0.759662,-0.010448,0.024545,-0.034750,0.999095,0,0.86798,0.04747,52.079,0.095,-1,400.000,-1,400.000,-1,325.000,325.000,300.000,300.000,-1,-1,-1,-1,875.000,875.000,-1,-1,2,0,2,0,2,0,0,0,0,2,2,2,2,0,0,2,2
62,1310.220,2746.340,273.277,-139.382,-0.758370,0.650671,0.038773,-0.651417,-0.758657,-0.009766,0.023061,-0.032664,0.999200,0,0.87473,0.04665,52.484,0.093,-1,400.000,-1,400.000,-1,325.000,325.000,300.000,300.000,-1,-1,-1,-1,900.000,875.000,-1,-1,2,0,2,0,2,0,0,0,0,2,2,2,2,0,1,2,2
63,1270.127,2711.843,274.807,-139.290,-0.757420,0.651929,0.036102,-0.652573,-0.757673,-0.008934,0.021529,-0.030326,0.999308,0,0.88152,0.04575,52.891,0.092,-1,400.000,-1,400.000,-1,325.000,325.000,300.000,300.000,-1,-1,-1,-1,925.000,850.000,-1,-1,2,0,2,0,2,0,0,0,0,2,2,2,2,0,1,2,2
64,1229.778,2677.016,276.130,-139.201,-0.756499,0.653149,0.033258,-0.653708,-0.756694,-0.008904,0.019350,-0.028476,0.999407,0,0.88836,0.04478,53.301,0.090,-1,400.000,-1,400.000,-1,325.000,325.000,300.000,300.000,-1,-1,-1,-1,925.000,825.000,-1,-1,2,0,2,0,2,0,0,0,0,2,2,2,2,0,1,2,2
65,1189.170,2641.857,277.000,-139.113,-0.755535,0.654310,0.032334,-0.654849,-0.755705,-0.009147,0.018450,-0.028085,0.999435,0,0.89523,0.04373,53.714,0.087,-1,425.000,-1,400.000,-1,325.000,325.000,300.000,300.000,-1,-1,-1,-1,950.000,800.000,-1,-1,2,0,2,0,2,0,0,0,0,2,2,2,2,0,1,2,2
66,1148.302,2606.365,277.716,-139.028,-0.754581,0.655435,0.031811,-0.655963,-0.754734,-0.009373,0.017865,-0.027939,0.999450,0,0.90213,0.04258,54.128,0.085,-1,425.000,-1,400.000,-1,325.000,325.000,300.000,300.000,-1,-1,-1,-1,975.000,775.000,-1,-1,2,0,2,0,2,0,0,0,0,2,2,2,2,0,1,2,2
67,1107.171,2570.542,278.389,-138.945,-0.753658,0.656530,0.031113,-0.657041,-0.753795,-0.009473,0.017234,-0.027582,0.999471,0,0.90908,0.04134,54.545,0.083,-1,425.000,-1,400.000,-1,350.000,325.000,325.000,300.000,-1,-1,-1,-1,1000.000,725.000,-1,-1,2,0,2,0,2,0,0,0,0,2,2,2,2,0,1,2,2
68,1065.774,2534.385,279.100,-138.865,-0.752771,0.657587,0.030254,-0.658080,-0.752883,-0.009833,0.016312,-0.027311,0.999494,0,0.91605,0.04000,54.963,0.080,-1,425.000,-1,425.000,-1,350.000,325.000,325.000,300.000,-1,-1,-1,-1,1000.000,700.000,-1,975.000,2,0,2,0,2,0,0,0,0,2,2,2,2,0,1,2,1
69,1024.111,2497.896,279.653,-138.788,-0.751933,0.658589,0.029274,-0.659080,-0.751986,-0.011432,0.014484,-0.027890,0.999506,0,0.92306,0.03854,55.384,0.077,-1,425.000,975.000,425.000,-1,350.000,350.000,325.000,300.000,-1,-1,-1,-1,-1,675.000,-1,900.000,2,0,1,0,2,0,0,0,0,2,2,2,2,2,1,2,1
70,982.177,2461.074,280.063,-138.714,-0.751142,0.659540,0.028149,-0.660030,-0.751114,-0.013735,0.012084,-0.028896,0.999509,0,0.93010,0.03697,55.806,0.074,-1,425.000,925.000,425.000,-1,350.000,350.000,300.000,300.000,-1,-1,-1,-1,1000.000,625.000,-1,825.000,2,0,1,1,2,0,0,0,0,2,2,2,2,1,1,2,1
71,939.971,2423.920,280.433,-138.644,-0.750395,0.660444,0.026852,-0.660922,-0.750280,-0.016212,0.009440,-0.029912,0.999508,0,0.93716,0.03525,56.229,0.071,-1,425.000,850.000,400.000,-1,350.000,350.000,300.000,300.000,-1,-1,-1,-1,925.000,575.000,-1,750.000,2,0,1,1,2,0,0,0,0,2,2,2,2,1,1,2,1
72,897.489,2386.437,280.759,-138.577,-0.749695,0.661297,0.025380,-0.661752,-0.749486,-0.018859,0.006551,-0.030934,0.999500,0,0.94424,0.03339,56.654,0.067,-1,425.000,800.000,400.000,-1,350.000,350.000,300.000,300.000,-1,-1,-1,-1,875.000,550.000,-1,675.000,2,0,1,1,2,0,0,0,0,2,2,2,2,1,1,2,1
73,854.730,2348.625,281.013,-138.514,-0.749042,0.662098,0.023722,-0.662513,-0.748740,-0.021552,0.003492,-0.031860,0.999486,0,0.95133,0.03136,57.080,0.063,-1,425.000,725.000,375.000,-1,350.000,350.000,300.000,300.000,-1,-1,-1,-1,800.000,500.000,-1,600.000,2,0,1,1,2,0,1,0,0,2,2,2,2,1,1,2,1
74,811.691,2310.487,281.067,-138.456,-0.748447,0.662851,0.021324,-0.663194,-0.748058,-0.024146,-0.000054,-0.032214,0.999481,0,0.95843,0.02914,57.506,0.058,-1,425.000,675.000,350.000,750.000,350.000,325.000,300.000,300.000,-1,-1,-1,-1,750.000,450.000,-1,525.000,2,0,1,1,1,0,1,0,0,2,2,2,2,1,1,2,1
75,768.368,2272.027,280.821,-138.403,-0.747906,0.663550,0.018415,-0.663793,-0.747440,-0.026681,-0.003940,-0.032179,0.999474,0,0.96552,0.02672,57.931,0.053,-1,425.000,600.000,325.000,600.000,350.000,300.000,300.000,300.000,-1,-1,-1,-1,675.000,425.000,-1,450.000,2,0,1,1,1,0,1,0,0,2,2,2,2,1,1,2,1
76,724.761,2233.247,280.524,-138.354,-0.747405,0.664154,0.016877,-0.664332,-0.746856,-0.029481,-0.006975,-0.033246,0.999423,0,0.97261,0.02406,58.356,0.048,-1,425.000,550.000,300.000,500.000,325.000,275.000,300.000,300.000,-1,-1,-1,-1,600.000,375.000,-1,375.000,2,0,1,1,1,1,1,0,0,2,2,2,2,1,1,2,1
77,680.867,2194.152,281.393,-138.312,-0.746928,0.664568,0.021149,-0.664874,-0.746213,-0.033301,-0.006349,-0.038935,0.999222,0,0.97966,0.02113,58.780,0.042,-1,400.000,475.000,275.000,400.000,300.000,250.000,275.000,300.000,-1,-1,-1,-1,550.000,325.000,925.000,325.000,2,1,1,1,1,1,1,0,0,2,2,2,2,1,1,1,1
78,636.685,2154.749,283.087,-138.276,-0.746458,0.664772,0.029637,-0.665425,-0.745504,-0.037860,-0.003074,-0.047982,0.998843,0,0.98668,0.01790,59.201,0.036,-1,375.000,425.000,250.000,350.000,275.000,225.000,275.000,325.000,-1,-1,-1,-1,500.000,300.000,850.000,275.000,2,1,1,1,1,1,1,0,0,2,2,2,2,1,1,1,1
79,592.214,2115.043,285.621,-138.248,-0.745911,0.664694,0.042422,-0.666040,-0.744666,-0.043172,0.002894,-0.060457,0.998167,0,0.99363,0.01432,59.618,0.029,-1,325.000,400.000,225.000,300.000,250.000,200.000,275.000,375.000,-1,-1,-1,-1,450.000,275.000,775.000,250.000,2,1,1,1,1,1,1,0,0,2,2,2,2,1,1,1,1
80,547.474,2075.063,288.880,-138.227,-0.745119,0.664205,0.060240,-0.666824,-0.743579,-0.049365,0.012005,-0.076952,0.996962,0,1.00000,0.01033,60.000,0.021,-1,300.000,350.000,200.000,275.000,225.000,200.000,275.000,425.000,-1,-1,-1,-1,425.000,250.000,700.000,225.000,2,1,1,1,1,1,1,0,0,2,2,2,2,1,1,1,1
81,506.177,2038.434,292.329,-138.446,-0.746650,0.660269,0.080984,-0.664812,-0.744892,-0.056219,0.023204,-0.095815,0.995129,0,0.92000,-0.10967,55.200,-0.219,-1,275.000,325.000,175.000,250.000,200.000,175.000,250.000,475.000,-1,150.000,-1,-1,375.000,225.000,650.000,200.000,2,1,1,1,1,1,1,0,0,2,0,2,2,1,1,1,1
82,465.609,2002.930,296.258,-138.833,-0.749504,0.653739,0.104259,-0.661015,-0.747638,-0.064007,0.036104,-0.116891,0.992488,0,0.89848,-0.19351,53.909,-0.387,-1,250.000,300.000,175.000,225.000,175.000,150.000,250.000,550.000,725.000,100.000,550.000,-1,350.000,200.000,575.000,175.000,2,1,1,1,1,1,1,0,0,0,0,0,2,1,1,1,1
83,-4919.448,5575.405,250.380,-112.873,-0.389894,0.918169,-0.070349,-0.920713,-0.387331,0.047563,0.016422,0.083316,0.996388,1,0.00000,0.00000,54.272,-0.394,575.000,400.000,-1,400.000,-1,325.000,325.000,300.000,300.000,-1,-1,-1,-1,925.000,775.000,-1,-1,1,0,2,0,2,0,0,0,0,2,2,2,2,0,0,2,2
84,-4921.296,5570.975,250.474,-112.633,-0.386045,0.919794,-0.070345,-0.922330,-0.383486,0.047388,0.016611,0.083176,0.996396,0,0.08000,0.12000,4.800,0.240,575.000,425.000,-1,400.000,-1,325.000,325.000,300.000,300.000,-1,-1,-1,-1,925.000,775.000,-1,-1,1,0,2,0,2,0,0,0,0,2,2,2,2,0,0,2,2
85,-4924.916,5562.084,250.669,-112.153,-0.378327,0.922996,-0.070335,-0.925516,-0.375776,0.047042,0.016990,0.082893,0.996414,0,0.16000,0.24000,9.600,0.480,550.000,425.000,-1,400.000,-1,325.000,325.000,300.000,300.000,-1,-1,-1,-1,925.000,775.000,-1,-1,1,0,2,0,2,0,0,0,0,2,2,2,2,0,0,2,2
86,-4930.190,5548.685,250.975,-111.485,-0.367551,0.927341,-0.070317,-0.929839,-0.365013,0.046529,0.017482,0.082486,0.996439,0,0.24000,0.33366,14.400,0.667,525.000,425.000,-1,400.000,-1,325.000,325.000,300.000,300.000,-1,-1,-1,-1,925.000,775.000,-1,-1,1,0,2,0,2,0,0,0,0,2,2,2,2,0,0,2,2
87,-4937.013,5530.739,251.402,-110.814,-0.356656,0.931587,-0.070304,-0.934066,-0.354145,0.045850,0.017815,0.082021,0.996471,0,0.32000,0.33539,19.200,0.671,525.000,425.000,-1,375.000,-1,325.000,325.000,300.000,300.000,-1,-1,-1,-1,925.000,775.000,-1,-1,1,0,2,0,2,0,0,0,0,2,2,2,2,0,0,2,2
88,-4945.275,5508.207,251.958,-110.137,-0.345592,0.935749,-0.070288,-0.938212,-0.343121,0.045011,0.018002,0.081500,0.996511,0,0.40000,0.33870,24.000,0.677,500.000,425.000,-1,375.000,-1,325.000,325.000,300.000,300.000,-1,-1,-1,-1,925.000,775.000,-1,-1,1,0,2,0,2,0,0,0,0,2,2,2,2,0,0,2,2
89,-4954.866,5481.051,252.652,-109.450,-0.334308,0.939841,-0.070262,-0.942291,-0.331888,0.044022,0.018055,0.080924,0.996557,0,0.48000,0.34362,28.800,0.687,475.000,425.000,-1,375.000,-1,325.000,325.000,300.000,300.000,-1,-1,-1,-1,950.000,800.000,-1,-1,1,0,2,0,2,0,0,0,0,2,2,2,2,0,0,2,2
90,-4965.666,5449.235,253.494,-108.749,-0.322749,0.943876,-0.070217,-0.946314,-0.320392,0.042893,0.017989,0.080291,0.996609,0,0.56000,0.35018,33.600,0.700,450.000,425.000,-1,375.000,-1,325.000,325.000,300.000,300.000,-1,-1,-1,-1,975.000,800.000,-1,-1,1,0,2,0,2,0,0,0,0,2,2,2,2,0,0,2,2
91,-4977.553,5412.722,254.492,-108.032,-0.310860,0.947864,-0.070146,-0.950289,-0.308574,0.041636,0.017820,0.079602,0.996667,0,0.64000,0.35846,38.400,0.717,425.000,425.000,-1,400.000,-1,325.000,325.000,300.000,300.000,-1,-1,-1,-1,975.000,800.000,-1,-1,1,0,2,0,2,0,0,0,0,2,2,2,2,0,0,2,2
92,-4990.397,5371.476,255.657,-107.295,-0.298578,0.951812,-0.070042,-0.954224,-0.296372,0.040263,0.017564,0.078857,0.996731,0,0.72000,0.36855,43.200,0.737,400.000,425.000,-1,400.000,-1,325.000,325.000,300.000,300.000,-1,-1,-1,-1,1000.000,800.000,-1,-1,1,0,2,0,2,0,0,0,0,2,2,2,2,0,0,2,2
93,-5004.059,5325.462,256.856,-106.534,-0.285862,0.955768,-0.069216,-0.958107,-0.283733,0.039064,0.017697,0.077484,0.996837,0,0.80000,0.38056,48.000,0.761,375.000,425.000,-1,400.000,-1,325.000,325.000,300.000,300.000,-1,-1,-1,-1,-1,825.000,-1,-1,1,0,2,0,2,0,0,0,0,2,2,2,2,2,0,2,2
94,-5018.386,5274.643,258.547,-105.745,-0.272793,0.959599,-0.068950,-0.961866,-0.270545,0.040251,0.019971,0.077301,0.996808,0,0.88000,0.39462,52.800,0.789,350.000,450.000,-1,400.000,-1,350.000,325.000,300.000,300.000,-1,-1,-1,-1,-1,850.000,-1,-1,1,0,2,0,2,0,0,0,0,2,2,2,2,2,0,2,2
95,-5033.219,5218.986,260.510,-104.923,-0.259158,0.963376,-0.068878,-0.965569,-0.256752,0.041896,0.022677,0.077364,0.996745,0,0.96000,0.41090,57.600,0.822,325.000,450.000,-1,425.000,-1,350.000,350.000,300.000,300.000,-1,-1,-1,-1,-1,875.000,-1,-1,1,0,2,0,2,0,0,0,0,2,2,2,2,2,0,2,2
96,-5047.799,5160.785,262.004,-104.064,-0.244789,0.967114,-0.069061,-0.969263,-0.242276,0.042803,0.024664,0.077416,0.996694,0,1.00000,0.42960,60.000,0.859,300.000,475.000,-1,425.000,-1,350.000,350.000,300.000,300.000,-1,-1,-1,-1,-1,925.000,-1,-1,1,0,2,0,2,0,0,0,0,2,2,2,2,2,0,2,2
97,-5061.462,5102.362,262.771,-103.164,-0.229555,0.970714,-0.070842,-0.972986,-0.227039,0.041841,0.024531,0.078533,0.996610,0,1.00000,0.44990,60.000,0.900,275.000,475.000,-1,425.000,-1,375.000,350.000,300.000,300.000,-1,-1,-1,-1,-1,950.000,-1,-1,1,0,2,0,2,0,0,0,0,2,2,2,2,2,0,2,2
98,-5074.164,5043.723,263.453,-102.223,-0.213490,0.974290,-0.071984,-0.976655,-0.211050,0.040040,0.023818,0.078851,0.996602,0,1.00000,0.47082,60.000,0.942,250.000,475.000,-1,425.000,-1,375.000,350.000,275.000,300.000,-1,-1,-1,-1,-1,975.000,-1,-1,1,0,2,0,2,0,0,1,0,2,2,2,2,2,0,2,2
99,-5085.857,4984.874,264.116,-101.238,-0.196590,0.977789,-0.072672,-0.980222,-0.194278,0.037697,0.022741,0.078646,0.996643,0,1.00000,0.49238,60.000,0.985,225.000,475.000,-1,425.000,-1,375.000,350.000,250.000,275.000,-1,-1,-1,-1,-1,975.000,-1,-1,1,0,2,0,2,0,0,1,0,2,2,2,2,2,0,2,2
100,-5096.492,4925.825,264.834,-100.209,-0.178855,0.981154,-0.073122,-0.983640,-0.176691,0.035111,0.021529,0.078206,0.996705,0,1.00000,0.51455,60.000,1.029,200.000,475.000,-1,425.000,-1,350.000,350.000,200.000,275.000,-1,-1,-1,-1,-1,1000.000,-1,-1,1,0,2,0,2,0,0,1,0,2,2,2,2,2,0,2,2
101,-5106.017,4866.587,265.681,-99.134,-0.160285,0.984324,-0.073579,-0.986859,-0.158263,0.032577,0.020421,0.077834,0.996757,0,1.00000,0.53733,60.000,1.075,200.000,475.000,-1,425.000,-1,375.000,350.000,175.000,275.000,-1,-1,-1,-1,-1,1000.000,-1,-1,1,0,2,0,2,0,0,1,0,2,2,2,2,2,0,2,2
102,-5114.380,4807.173,266.735,-98.013,-0.140887,0.987232,-0.074322,-0.989830,-0.138970,0.030385,0.019669,0.077847,0.996771,0,1.00000,0.56066,60.000,1.121,175.000,500.000,-1,450.000,-1,375.000,350.000,175.000,275.000,-1,-1,-1,-1,1000.000,-1,650.000,-1,1,0,2,0,2,0,0,1,0,2,2,2,2,1,2,1,2
103,-5121.529,4747.602,268.078,-96.844,-0.120667,0.989805,-0.075664,-0.992501,-0.118793,0.028812,0.019530,0.078573,0.996717,0,1.00000,0.58451,60.000,1.169,150.000,500.000,-1,450.000,-1,375.000,375.000,150.000,275.000,-1,-1,-1,-1,975.000,-1,525.000,-1,1,0,2,0,2,0,0,1,0,2,2,2,2,1,2,1,2
104,-5127.409,4687.891,269.791,-95.626,-0.099642,0.991965,-0.077955,-0.994817,-0.097719,0.028117,0.020274,0.080352,0.996560,0,1.00000,0.60880,60.000,1.218,150.000,525.000,-1,475.000,-1,400.000,375.000,150.000,275.000,-1,-1,-1,-1,950.000,-1,450.000,-1,1,0,2,0,2,0,0,1,0,2,2,2,2,1,2,1,2
105,-5131.966,4628.065,271.961,-94.359,-0.077843,0.993622,-0.081582,-0.996719,-0.075743,0.028532,0.022171,0.083535,0.996258,0,1.00000,0.63345,60.000,1.267,125.000,550.000,-1,475.000,-1,400.000,400.000,125.000,275.000,-1,-1,-1,-1,925.000,-1,425.000,-1,1,0,2,0,2,0,0,1,0,2,2,2,2,1,2,1,2
106,-5135.170,4568.152,274.324,-93.067,-0.055360,0.994591,-0.087882,-0.998247,-0.053287,0.025767,0.020945,0.089154,0.995798,0,1.00000,0.64621,60.000,1.292,125.000,550.000,-1,500.000,-1,425.000,400.000,125.000,275.000,-1,-1,-1,-1,900.000,-1,375.000,-1,1,0,2,0,2,0,0,1,0,2,2,2,2,1,2,1,2
107,-5137.001,4508.181,275.307,-91.759,-0.032578,0.994727,-0.097249,-0.999283,-0.030542,0.022354,0.019266,0.097908,0.995009,0,1.00000,0.65405,60.000,1.308,125.000,550.000,-1,475.000,-1,425.000,400.000,125.000,275.000,-1,-1,-1,-1,850.000,-1,325.000,-1,1,1,2,0,2,0,0,1,0,2,2,2,2,1,2,1,2
108,-5137.446,4448.185,276.417,-90.437,-0.009695,0.994246,-0.106685,-0.999767,-0.007579,0.020217,0.019292,0.106857,0.994087,0,1.00000,0.66094,60.000,1.322,125.000,525.000,-1,500.000,-1,425.000,400.000,125.000,250.000,-1,-1,-1,-1,850.000,1000.000,300.000,-1,1,1,2,0,2,0,0,1,0,2,2,2,2,1,0,1,2
109,-5136.813,4392.990,277.433,-89.355,0.008986,0.993329,-0.114966,-0.999766,0.011185,0.018491,0.019653,0.114773,0.993197,0,0.92000,0.54094,55.200,1.082,125.000,500.000,-1,500.000,-1,450.000,425.000,100.000,250.000,-1,-1,-1,-1,-1,1000.000,275.000,-1,1,1,2,0,2,0,0,1,0,2,2,2,2,2,0,1,2
110,-5135.494,4342.608,278.361,-88.513,0.023517,0.992224,-0.122226,-0.999527,0.025757,0.016783,0.019801,0.121773,0.992360,0,0.84000,0.42094,50.400,0.842,125.000,500.000,-1,500.000,-1,450.000,425.000,100.000,250.000,-1,-1,-1,-1,-1,1000.000,250.000,-1,1,1,2,0,2,0,0,1,0,2,2,2,2,2,0,1,2
111,-5133.822,4297.040,279.190,-87.911,0.033954,0.991129,-0.128493,-0.999237,0.036151,0.014797,0.019311,0.127892,0.991600,0,0.76000,0.30094,45.600,0.602,125.000,500.000,-1,500.000,-1,450.000,425.000,100.000,250.000,-1,-1,-1,-1,-1,975.000,250.000,-1,1,1,2,0,2,0,0,1,0,2,2,2,2,2,0,1,2
112,-5131.914,4255.090,280.021,-87.409,0.042677,0.990009,-0.134389,-0.998913,0.044807,0.012868,0.018761,0.133694,0.990845,0,0.69991,0.25126,41.994,0.503,125.000,500.000,-1,500.000,-1,475.000,425.000,100.000,250.000,-1,-1,-1,-1,-1,975.000,250.000,-1,1,1,2,0,2,0,0,1,0,2,2,2,2,2,0,1,2
113,4263.560,-6887.288,165.282,-20.740,0.935067,0.354127,-0.015599,-0.354137,0.935191,0.002253,0.015386,0.003417,0.999876,1,0.00000,0.00000,41.045,0.505,-1,375.000,-1,375.000,-1,300.000,300.000,325.000,325.000,-1,475.000,475.000,-1,650.000,675.000,-1,-1,2,0,2,0,2,0,0,0,0,2,0,0,2,0,0,2,2
114,4268.056,-6888.969,165.343,-20.500,0.936539,0.350207,-0.015818,-0.350215,0.936666,0.002333,0.015633,0.003355,0.999872,0,0.08000,0.12000,4.800,0.240,-1,375.000,-1,375.000,-1,300.000,300.000,325.000,325.000,-1,475.000,475.000,-1,650.000,675.000,-1,-1,2,0,2,0,2,0,0,0,0,2,0,0,2,0,0,2,2
115,4277.076,-6892.256,165.468,-20.020,0.939433,0.342348,-0.016249,-0.342354,0.939568,0.002493,0.016120,0.003221,0.999865,0,0.16000,0.24000,9.600,0.480,-1,375.000,-1,375.000,-1,300.000,300.000,325.000,325.000,-1,450.000,475.000,-1,650.000,675.000,-1,-1,2,0,2,0,2,0,0,0,0,2,0,0,2,0,0,2,2
116,4290.666,-6897.015,165.661,-19.300,0.943650,0.330514,-0.016883,-0.330517,0.943796,0.002734,0.016838,0.003000,0.999854,0,0.24000,0.36000,14.400,0.720,-1,375.000,-1,375.000,-1,300.000,300.000,325.000,325.000,-1,450.000,450.000,-1,650.000,650.000,-1,-1,2,0,2,0,2,0,0,0,0,2,0,0,2,0,0,2,2
117,4308.891,-6903.057,165.928,-18.340,0.949041,0.314656,-0.017703,-0.314652,0.949202,0.003059,0.017766,0.002668,0.999839,0,0.32000,0.48000,19.200,0.960,-1,375.000,-1,375.000,-1,300.000,300.000,325.000,325.000,-1,425.000,425.000,-1,650.000,650.000,-1,-1,2,0,2,0,2,0,0,0,0,2,0,0,2,0,0,2,2
118,4331.811,-6910.174,166.278,-17.252,0.954829,0.296567,-0.018681,-0.296555,0.955009,0.003486,0.018875,0.002212,0.999819,0,0.40000,0.54426,24.000,1.089,-1,375.000,-1,375.000,-1,325.000,300.000,325.000,325.000,-1,425.000,425.000,-1,650.000,650.000,-1,-1,2,0,2,0,2,0,0,0,0,2,0,0,2,0,0,2,2
119,4359.473,-6918.191,166.717,-16.163,0.960270,0.278372,-0.019791,-0.278347,0.960472,0.004042,0.020134,0.001627,0.999796,0,0.48000,0.54426,28.800,1.089,-1,375.000,-1,375.000,-1,300.000,300.000,325.000,325.000,-1,400.000,400.000,-1,625.000,650.000,-1,-1,2,0,2,0,2,0,0,0,0,2,0,0,2,0,0,2,2
120,4391.917,-6926.930,167.254,-15.075,0.965360,0.260075,-0.021019,-0.260034,0.965588,0.004737,0.021528,0.000893,0.999768,0,0.56000,0.54426,33.600,1.089,-1,375.000,-1,375.000,-1,300.000,300.000,325.000,325.000,-1,375.000,375.000,-1,625.000,650.000,-1,-1,2,0,2,0,2,0,0,0,0,2,0,0,2,0,0,2,2
121,4429.179,-6936.211,167.894,-13.986,0.970097,0.241685,-0.022354,-0.241621,0.970355,0.005579,0.023040,-0.000011,0.999735,0,0.64000,0.54426,38.400,1.089,-1,375.000,-1,375.000,-1,300.000,300.000,300.000,325.000,-1,350.000,350.000,-1,625.000,650.000,-1,-1,2,0,2,0,2,0,0,0,0,2,0,0,2,0,0,2,2
122,4471.289,-6945.853,168.645,-12.897,0.974481,0.223207,-0.023785,-0.223113,0.974770,0.006579,0.024654,-0.001104,0.999695,0,0.72000,0.54426,43.200,1.089,-1,375.000,-1,375.000,-1,300.000,300.000,300.000,325.000,-1,350.000,350.000,-1,625.000,625.000,-1,-1,2,0,2,0,2,0,0,0,0,2,0,0,2,0,0,2,2
123,4518.273,-6955.677,169.513,-11.809,0.978508,0.204649,-0.025303,-0.204516,0.978833,0.007744,0.026352,-0.002402,0.999650,0,0.80000,0.54426,48.000,1.089,-1,350.000,-1,350.000,-1,300.000,300.000,300.000,325.000,-1,325.000,325.000,-1,625.000,625.000,-1,-1,2,0,2,0,2,0,0,0,0,2,0,0,2,0,0,2,2
124,4567.069,-6964.915,170.867,-10.720,0.982175,0.186017,-0.027005,-0.185887,0.982544,0.007261,0.027884,-0.002112,0.999609,0,0.82771,0.54426,49.663,1.089,-1,350.000,-1,350.000,-1,300.000,300.000,300.000,325.000,-1,350.000,350.000,-1,625.000,625.000,-1,-1,2,0,2,0,2,0,0,0,0,2,0,0,2,0,0,2,2
125,4616.032,-6973.224,172.575,-9.632,0.985453,0.167318,-0.029768,-0.167224,0.985903,0.005638,0.030292,-0.000578,0.999541,0,0.82771,0.54426,49.663,1.089,-1,350.000,-1,350.000,-1,300.000,300.000,325.000,300.000,-1,350.000,350.000,-1,625.000,625.000,-1,-1,2,0,2,0,2,0,0,0,0,2,0,0,2,0,0,2,2
126,4665.144,-6980.602,174.778,-8.543,0.988366,0.148559,-0.032596,-0.148448,0.988903,0.005815,0.033099,-0.000908,0.999452,0,0.82771,0.54426,49.663,1.089,-1,350.000,-1,350.000,-1,300.000,300.000,325.000,300.000,-1,350.000,375.000,-1,625.000,625.000,-1,-1,2,0,2,0,2,0,0,0,0,2,0,0,2,0,0,2,2
127,4714.387,-6987.046,177.251,-7.455,0.990896,0.129745,-0.035940,-0.129577,0.991545,0.006997,0.036544,-0.002276,0.999329,0,0.82771,0.54426,49.663,1.089,-1,350.000,-1,350.000,-1,300.000,300.000,325.000,300.000,-1,350.000,375.000,-1,650.000,625.000,-1,-1,2,0,2,0,2,0,0,0,0,2,0,0,2,0,0,2,2
128,4763.743,-6992.553,179.729,-6.366,0.993057,0.110885,-0.039274,-0.110650,0.993826,0.008106,0.039930,-0.003704,0.999196,0,0.82771,0.54426,49.663,1.089,-1,375.000,-1,350.000,-1,300.000,300.000,325.000,325.000,-1,350.000,375.000,-1,675.000,650.000,-1,-1,2,0,2,0,2,0,0,0,0,2,0,0,2,0,0,2,2
129,4813.196,-6997.121,182.209,-5.278,0.994849,0.091985,-0.042596,-0.091676,0.995747,0.009140,0.043255,-0.005188,0.999051,0,0.82771,0.54426,49.663,1.089,-1,375.000,-1,375.000,-1,300.000,300.000,325.000,325.000,-1,350.000,375.000,-1,675.000,675.000,-1,-1,2,0,2,0,2,0,0,0,0,2,0,0,2,0,0,2,2
130,4862.726,-7000.749,184.688,-4.189,0.996271,0.073051,-0.045905,-0.072662,0.997306,0.010100,0.046519,-0.006727,0.998895,0,0.82771,0.54426,49.663,1.089,-1,375.000,-1,375.000,-1,300.000,300.000,325.000,325.000,-1,350.000,400.000,-1,700.000,675.000,-1,-1,2,0,2,0,2,0,0,0,0,2,0,0,2,0,0,2,2
131,4912.316,-7003.436,187.163,-3.101,0.997323,0.054091,-0.049202,-0.053613,0.998501,0.010984,0.049723,-0.008316,0.998728,0,0.82771,0.54426,49.663,1.089,-1,375.000,-1,375.000,-1,300.000,300.000,325.000,325.000,-1,325.000,400.000,-1,725.000,700.000,-1,-1,2,0,2,0,2,0,0,0,0,2,0,0,2,0,0,2,2
132,4961.949,-7005.179,189.631,-2.012,0.998004,0.035112,-0.052485,-0.034539,0.999334,0.011790,0.052864,-0.009954,0.998552,0,0.82771,0.54426,49.663,1.089,-1,375.000,-1,375.000,-1,300.000,300.000,325.000,325.000,-1,300.000,375.000,-1,750.000,725.000,-1,-1,2,0,2,0,2,0,0,0,0,2,0,0,2,0,0,2,2
133,5006.803,-7006.091,191.856,-1.164,0.998255,0.020309,-0.055448,-0.019647,0.999729,0.012463,0.055686,-0.011352,0.998384,0,0.74771,0.42426,44.863,0.849,-1,375.000,-1,375.000,-1,300.000,300.000,325.000,325.000,-1,300.000,350.000,-1,750.000,750.000,-1,-1,2,0,2,0,2,0,0,0,0,2,0,0,2,0,0,2,2
