timestep,x_cm,y_cm,z_cm,yaw_deg,basis_xx,basis_xy,basis_xz,basis_yx,basis_yy,basis_yz,basis_zx,basis_zy,basis_zz,teleport_flag,throttle_cmd,steering_cmd,cmd_move_cm,cmd_turn_deg,lidar_cm_0,lidar_cm_1,lidar_cm_2,lidar_cm_3,lidar_cm_4,lidar_cm_5,lidar_cm_6,lidar_cm_7,lidar_cm_8,lidar_cm_9,lidar_cm_10,lidar_cm_11,lidar_cm_12,lidar_cm_13,lidar_cm_14,lidar_cm_15,lidar_cm_16,lidar_class_0,lidar_class_1,lidar_class_2,lidar_class_3,lidar_class_4,lidar_class_5,lidar_class_6,lidar_class_7,lidar_class_8,lidar_class_9,lidar_class_10,lidar_class_11,lidar_class_12,lidar_class_13,lidar_class_14,lidar_class_15,lidar_class_16
0,-5570.981,-8197.323,215.213,22.274,0.924439,-0.378885,0.043105,0.376913,0.925031,0.047483,-0.057864,-0.027648,0.997942,1,0.08000,0.12000,4.800,0.240,-1,-1,-1,400.000,-1,400.000,350.000,250.000,325.000,650.000,-1,-1,-1,-1,925.000,-1,-1,2,2,2,1,2,1,1,0,0,1,2,2,2,2,1,2,2
1,-5562.129,-8193.610,214.593,22.754,0.921228,-0.386617,0.043188,0.384594,0.921815,0.048415,-0.058529,-0.027991,0.997893,0,0.16000,0.24000,9.600,0.480,-1,-1,-1,400.000,-1,400.000,350.000,250.000,325.000,650.000,-1,-1,-1,-1,1000.000,-1,-1,2,2,2,1,2,1,1,0,0,1,2,2,2,2,1,2,2
2,-5548.920,-8187.874,213.656,23.474,0.916292,-0.398164,0.043293,0.396061,0.916870,0.049847,-0.059542,-0.028528,0.997818,0,0.24000,0.36000,14.400,0.720,-1,-1,-1,425.000,-1,400.000,350.000,250.000,325.000,675.000,-1,-1,-1,-1,-1,-1,-1,2,2,2,1,2,1,1,0,0,1,2,2,2,2,2,2,2
3,-5531.440,-8179.932,212.392,24.434,0.909487,-0.413461,0.043395,0.411245,0.910051,0.051821,-0.060918,-0.029284,0.997713,0,0.32000,0.48000,19.200,0.960,-1,-1,-1,425.000,-1,425.000,375.000,250.000,325.000,675.000,-1,-1,-1,-1,-1,-1,-1,2,2,2,1,2,1,1,0,0,1,2,2,2,2,2,2,2
4,-5509.769,-8169.619,210.770,25.446,0.902032,-0.429464,0.043578,0.427087,0.902567,0.054484,-0.062731,-0.030535,0.997563,0,0.40000,0.50634,24.000,1.013,-1,-1,-1,450.000,-1,425.000,400.000,250.000,325.000,700.000,-1,-1,-1,-1,-1,-1,-1,2,2,2,1,2,1,1,0,0,1,2,2,2,2,2,2,2
5,-5483.986,-8156.786,208.768,26.458,0.894300,-0.445314,0.043856,0.442715,0.894787,0.057952,-0.065049,-0.032411,0.997356,0,0.48000,0.50608,28.800,1.012,-1,-1,-1,475.000,-1,475.000,425.000,250.000,325.000,700.000,-1,-1,-1,-1,-1,-1,-1,2,2,2,1,2,1,1,0,0,1,2,2,2,2,2,2,2
6,-5454.175,-8141.284,206.367,27.471,0.886288,-0.461020,0.044209,0.458125,0.886700,0.062333,-0.067937,-0.034991,0.997076,0,0.56000,0.50637,33.600,1.013,-1,-1,-1,525.000,-1,575.000,475.000,225.000,325.000,725.000,-1,-1,-1,-1,-1,-1,-1,2,2,2,1,2,1,1,0,0,1,2,2,2,2,2,2,2
7,-5420.424,-8122.968,203.002,28.486,0.877851,-0.476624,0.046979,0.473326,0.878355,0.066742,-0.073075,-0.036354,0.996664,0,0.64000,0.50726,38.400,1.015,-1,-1,-1,600.000,-1,-1,550.000,225.000,325.000,750.000,-1,-1,-1,-1,-1,-1,-1,2,2,2,1,2,2,1,0,0,1,2,2,2,2,2,2,2
8,-5382.825,-8101.692,198.676,29.503,0.868947,-0.492143,0.052221,0.488290,0.869740,0.071591,-0.080651,-0.036710,0.996066,0,0.72000,0.50883,43.200,1.018,-1,-1,-1,700.000,-1,-1,-1,225.000,325.000,800.000,-1,-1,-1,-1,-1,-1,-1,2,2,2,1,2,2,2,0,0,1,2,2,2,2,2,2,2
9,-5341.477,-8077.309,193.593,30.526,0.859599,-0.507577,0.058783,0.502991,0.860809,0.077517,-0.089947,-0.037066,0.995257,0,0.80000,0.51121,48.000,1.022,-1,-1,-1,850.000,-1,-1,-1,225.000,300.000,850.000,-1,-1,-1,-1,-1,-1,-1,2,2,2,1,2,2,2,1,0,1,2,2,2,2,2,2,2
10,-5296.482,-8049.676,187.386,31.555,0.849629,-0.522971,0.068063,0.517425,0.851576,0.084200,-0.101995,-0.036321,0.994122,0,0.88000,0.51459,52.800,1.029,-1,-1,-1,850.000,-1,-1,-1,225.000,300.000,900.000,-1,-1,-1,-1,-1,-1,-1,2,2,2,1,2,2,2,1,0,1,2,2,2,2,2,2,2
11,-5248.444,-8018.963,179.744,32.593,0.838760,-0.538375,0.081446,0.531614,0.842046,0.091349,-0.117761,-0.033322,0.992483,0,0.95022,0.51924,57.013,1.038,-1,-1,-1,825.000,975.000,-1,975.000,225.000,275.000,975.000,-1,-1,-1,-1,-1,-1,-1,2,2,2,1,1,2,1,1,0,1,2,2,2,2,2,2,2
12,-983.903,328.018,92.715,66.825,0.392539,-0.918736,-0.042859,0.899962,0.393293,-0.188117,0.189687,0.035272,0.981211,1,0.00000,0.00000,57.319,1.051,-1,250.000,350.000,200.000,250.000,200.000,175.000,325.000,500.000,575.000,75.000,50.000,525.000,350.000,250.000,-1,225.000,2,1,1,1,1,1,1,1,0,0,0,0,0,1,1,2,1
13,7547.686,6885.521,-208.775,-21.673,0.928050,0.369199,0.049145,-0.369979,0.929010,0.007513,-0.042882,-0.025156,0.998763,1,0.08000,-0.12000,4.800,-0.240,500.000,325.000,-1,350.000,-1,275.000,275.000,275.000,450.000,-1,750.000,0.000,-1,500.000,575.000,550.000,900.000,0,0,2,0,2,0,0,0,1,2,1,1,2,0,0,0,0
14,7556.577,6881.900,-209.178,-22.153,0.925023,0.376974,0.047146,-0.377705,0.925897,0.007367,-0.040875,-0.024622,0.998861,0,0.16000,-0.24000,9.600,-0.480,525.000,325.000,-1,350.000,-1,275.000,275.000,275.000,450.000,-1,750.000,0.000,-1,500.000,575.000,550.000,900.000,0,0,2,0,2,0,0,0,1,2,1,1,2,0,0,0,0
15,7569.844,6876.303,-209.792,-22.873,0.920355,0.388586,0.044133,-0.389249,0.921104,0.007228,-0.037843,-0.023831,0.999000,0,0.24000,-0.36000,14.400,-0.720,550.000,325.000,-1,350.000,-1,275.000,275.000,275.000,450.000,-1,750.000,0.000,-1,525.000,600.000,575.000,925.000,0,0,2,0,2,0,0,0,1,2,1,1,2,0,0,0,0
16,7587.406,6868.544,-210.633,-23.833,0.913891,0.403974,0.040096,-0.404553,0.914486,0.007207,-0.033756,-0.022807,0.999170,0,0.32000,-0.48000,19.200,-0.960,575.000,325.000,-1,350.000,-1,275.000,275.000,275.000,450.000,-1,750.000,0.000,-1,525.000,600.000,625.000,950.000,0,0,2,0,2,0,0,0,1,2,1,1,2,0,0,0,0
17,7606.313,6859.714,-211.564,-25.033,0.905397,0.423045,0.035905,-0.423549,0.905843,0.007462,-0.029368,-0.021963,0.999327,0,0.34779,-0.60000,20.867,-1.200,625.000,325.000,-1,350.000,-1,275.000,300.000,275.000,450.000,-1,775.000,25.000,-1,525.000,600.000,650.000,1000.000,0,0,2,0,2,0,0,0,1,2,1,1,2,0,0,0,0
18,7625.367,6850.224,-212.540,-26.473,0.894624,0.445680,0.031904,-0.446123,0.894936,0.008051,-0.024964,-0.021436,0.999459,0,0.35479,-0.72000,21.287,-1.440,650.000,325.000,-1,350.000,-1,275.000,300.000,275.000,425.000,-1,800.000,25.000,-1,550.000,625.000,700.000,-1,0,0,2,0,2,0,0,0,1,2,1,1,2,0,0,0,2
19,7644.546,6839.960,-213.580,-28.153,0.881297,0.471728,0.028082,-0.472118,0.881489,0.009012,-0.020503,-0.021201,0.999565,0,0.36254,-0.84000,21.752,-1.680,700.000,325.000,-1,350.000,-1,275.000,300.000,275.000,425.000,-1,825.000,50.000,-1,550.000,625.000,725.000,-1,0,0,2,0,2,0,0,0,1,2,1,1,2,0,0,0,2
20,7663.837,6828.846,-214.707,-29.946,0.866217,0.499078,0.024276,-0.499416,0.866300,0.010363,-0.015859,-0.021100,0.999652,0,0.37106,-0.89647,22.264,-1.793,725.000,325.000,-1,375.000,-1,275.000,300.000,275.000,425.000,-1,275.000,50.000,-1,550.000,625.000,775.000,-1,0,0,2,0,2,0,0,0,1,2,1,1,2,0,0,0,2
21,7683.229,6816.858,-215.590,-31.722,0.850428,0.525702,0.020227,-0.525962,0.850442,0.010570,-0.011645,-0.019627,0.999740,0,0.37997,-0.88798,22.798,-1.776,800.000,325.000,-1,375.000,-1,275.000,300.000,275.000,425.000,-1,275.000,75.000,-1,575.000,650.000,825.000,-1,0,0,2,0,2,0,0,0,1,2,1,1,2,0,0,0,2
22,7702.689,6803.986,-215.836,-33.481,0.833958,0.551597,0.015961,-0.551754,0.833971,0.007701,-0.009063,-0.015228,0.999843,0,0.38886,-0.87937,23.332,-1.759,875.000,325.000,-1,375.000,-1,275.000,300.000,275.000,400.000,-1,975.000,100.000,-1,575.000,650.000,900.000,-1,0,0,2,0,2,0,0,0,1,2,1,1,2,0,0,0,2
23,7722.182,6790.222,-216.125,-35.222,0.816864,0.576717,0.011377,-0.576795,0.816873,0.005099,-0.006353,-0.010727,0.999922,0,0.39771,-0.87063,23.863,-1.741,975.000,350.000,-1,375.000,-1,300.000,300.000,275.000,400.000,-1,-1,125.000,-1,575.000,650.000,975.000,-1,0,0,2,0,2,0,0,0,1,2,2,1,2,0,0,0,2
24,7741.675,6775.562,-216.452,-36.946,0.799186,0.601049,0.006523,-0.601074,0.799189,0.002789,-0.003537,-0.006149,0.999975,0,0.40651,-0.86178,24.391,-1.724,-1,350.000,-1,375.000,-1,300.000,300.000,275.000,400.000,-1,-1,150.000,-1,600.000,650.000,-1,-1,2,0,2,0,2,0,0,0,1,2,2,1,2,0,0,2,2
25,7761.132,6760.000,-216.810,-38.651,0.780959,0.624581,0.001450,-0.624582,0.780959,0.000791,-0.000638,-0.001523,0.999999,0,0.41525,-0.85281,24.915,-1.706,-1,350.000,-1,375.000,-1,300.000,300.000,275.000,375.000,-1,-1,150.000,-1,600.000,650.000,-1,-1,2,0,2,0,2,0,0,0,1,2,2,1,2,0,0,2,2
26,7780.519,6743.536,-217.199,-40.339,0.762222,0.647305,-0.003748,-0.647312,0.762225,-0.000871,0.002293,0.003091,0.999993,0,0.42391,-0.84372,25.435,-1.687,-1,350.000,-1,375.000,-1,300.000,300.000,275.000,375.000,-1,-1,175.000,675.000,625.000,650.000,-1,-1,2,0,2,0,2,0,0,0,1,2,2,1,1,0,0,2,2
27,7799.801,6726.170,-217.633,-42.008,0.743015,0.669215,-0.008904,-0.669255,0.743030,-0.002174,0.005161,0.007575,0.999958,0,0.43249,-0.83454,25.949,-1.669,-1,350.000,-1,375.000,-1,300.000,300.000,275.000,350.000,-1,-1,200.000,550.000,625.000,650.000,-1,-1,2,0,2,0,2,0,0,0,1,2,2,1,1,0,0,2,2
28,7818.944,6707.904,-218.071,-43.658,0.723377,0.690308,-0.014127,-0.690406,0.723415,-0.003149,0.008046,0.012031,0.999895,0,0.44098,-0.82524,26.459,-1.650,-1,350.000,-1,375.000,-1,300.000,300.000,300.000,350.000,-1,-1,225.000,525.000,650.000,650.000,-1,-1,2,0,2,0,2,0,0,0,1,2,2,1,1,0,0,2,2
29,7837.914,6688.743,-218.507,-45.290,0.703347,0.710583,-0.019360,-0.710763,0.703421,-0.003796,0.010921,0.016430,0.999805,0,0.44939,-0.81585,26.963,-1.632,-1,375.000,-1,375.000,-1,300.000,300.000,300.000,350.000,-1,450.000,225.000,525.000,675.000,650.000,-1,-1,2,0,2,0,2,0,0,0,1,2,1,1,1,0,0,2,2
30,7856.677,6668.691,-218.933,-46.903,0.682963,0.730040,-0.024549,-0.730323,0.683090,-0.004119,0.013762,0.020742,0.999690,0,0.45769,-0.80636,27.461,-1.613,-1,375.000,-1,375.000,-1,300.000,300.000,300.000,325.000,-1,450.000,250.000,500.000,675.000,650.000,-1,-1,2,0,2,0,2,0,0,0,1,2,1,1,1,0,0,2,2
31,7875.203,6647.757,-219.340,-48.496,0.662267,0.748682,-0.029637,-0.749086,0.662460,-0.004130,0.016541,0.024935,0.999552,0,0.46589,-0.79678,27.954,-1.594,-1,375.000,-1,375.000,-1,300.000,300.000,300.000,325.000,-1,450.000,275.000,500.000,675.000,650.000,1000.000,-1,2,0,2,0,2,0,0,0,1,2,1,1,1,0,0,1,2
32,7893.458,6625.949,-219.631,-50.071,0.641292,0.766522,-0.034486,-0.767049,0.641579,-0.003422,0.019502,0.028647,0.999399,0,0.47400,-0.78710,28.440,-1.574,-1,375.000,-1,375.000,-1,300.000,300.000,300.000,325.000,-1,450.000,300.000,500.000,700.000,650.000,950.000,-1,2,0,2,0,2,0,0,0,1,2,1,1,1,0,0,1,2
33,7911.413,6603.278,-219.805,-51.625,0.620077,0.783570,-0.039018,-0.784215,0.620486,-0.002050,0.022604,0.031869,0.999236,0,0.48199,-0.77734,28.920,-1.555,-1,375.000,-1,375.000,-1,300.000,300.000,300.000,325.000,-1,450.000,300.000,475.000,700.000,650.000,925.000,-1,2,0,2,0,2,0,0,0,0,2,1,1,1,0,0,1,2
34,7929.038,6579.755,-219.934,-53.160,0.598667,0.799829,-0.043249,-0.800589,0.599213,-0.000417,0.025582,0.034874,0.999064,0,0.48988,-0.76749,29.393,-1.535,-1,375.000,-1,375.000,-1,325.000,300.000,325.000,300.000,-1,450.000,325.000,475.000,725.000,650.000,925.000,-1,2,0,2,0,2,0,0,0,1,2,1,1,1,0,0,1,2
35,7946.303,6555.392,-219.218,-54.675,0.577271,0.815398,-0.043408,-0.816135,0.577859,0.001233,0.026090,0.034715,0.999057,0,0.49767,-0.75755,29.860,-1.515,975.000,375.000,-1,375.000,-1,325.000,300.000,325.000,300.000,-1,475.000,375.000,500.000,725.000,675.000,900.000,-1,1,0,2,0,2,0,0,0,0,2,0,1,1,0,0,1,2
36,7963.184,6530.204,-218.413,-56.170,0.555782,0.830213,-0.043048,-0.830911,0.556399,0.002875,0.026339,0.034171,0.999069,0,0.50535,-0.74753,30.321,-1.495,900.000,375.000,-1,375.000,-1,300.000,300.000,325.000,325.000,-1,475.000,400.000,525.000,725.000,675.000,875.000,-1,1,0,2,0,2,0,0,0,0,2,0,1,1,0,0,1,2
37,7979.654,6504.206,-217.616,-57.645,0.534213,0.844275,-0.042618,-0.844931,0.534856,0.004519,0.026610,0.033595,0.999081,0,0.51293,-0.73744,30.776,-1.475,850.000,375.000,-1,375.000,-1,300.000,300.000,300.000,325.000,-1,450.000,450.000,550.000,700.000,675.000,850.000,-1,1,0,2,0,2,0,0,0,0,2,0,1,1,0,0,1,2
38,7995.689,6477.413,-216.829,-59.100,0.512595,0.857597,-0.042121,-0.858209,0.513264,0.006163,0.026904,0.032989,0.999094,0,0.52041,-0.72726,31.225,-1.455,800.000,375.000,-1,375.000,-1,300.000,300.000,300.000,325.000,-1,450.000,500.000,575.000,700.000,675.000,825.000,-1,1,0,2,0,2,0,0,0,0,2,0,1,1,0,0,1,2
39,8011.266,6449.841,-215.916,-60.534,0.490964,0.870175,-0.041817,-0.870768,0.491642,0.007149,0.026780,0.032903,0.999100,0,0.52779,-0.71701,31.667,-1.434,750.000,375.000,-1,375.000,-1,300.000,300.000,300.000,325.000,-1,450.000,525.000,600.000,700.000,675.000,825.000,-1,1,0,2,0,2,0,0,0,0,2,0,0,1,0,0,1,2
40,8026.364,6421.509,-214.994,-61.947,0.469345,0.882038,-0.041519,-0.882614,0.470030,0.008045,0.026611,0.032870,0.999105,0,0.53507,-0.70668,32.104,-1.413,725.000,375.000,-1,375.000,-1,300.000,300.000,300.000,325.000,-1,475.000,525.000,600.000,700.000,675.000,800.000,-1,1,0,2,0,2,0,0,0,0,2,0,0,1,0,0,1,2
41,8040.963,6392.433,-214.036,-63.340,0.447754,0.893196,-0.041431,-0.893761,0.448454,0.008984,0.026604,0.033007,0.999101,0,0.54225,-0.69628,32.535,-1.393,700.000,375.000,-1,375.000,-1,300.000,300.000,300.000,325.000,-1,475.000,525.000,625.000,700.000,675.000,800.000,-1,1,0,2,0,2,0,0,0,0,2,0,0,1,0,0,1,2
42,8055.043,6362.631,-212.918,-64.711,0.426189,0.903650,-0.042185,-0.904226,0.426933,0.010134,0.027167,0.033826,0.999058,0,0.54934,-0.68580,32.961,-1.372,700.000,375.000,-1,375.000,-1,300.000,300.000,300.000,325.000,-1,475.000,525.000,650.000,700.000,675.000,800.000,-1,1,0,2,0,2,0,0,0,0,2,0,0,1,0,0,1,2
43,8068.588,6332.121,-211.811,-66.062,0.404715,0.913436,-0.042897,-0.914022,0.405506,0.011328,0.027742,0.034625,0.999015,0,0.55635,-0.67524,33.381,-1.350,675.000,375.000,-1,375.000,-1,300.000,300.000,300.000,325.000,-1,475.000,525.000,675.000,700.000,675.000,800.000,-1,1,0,2,0,2,0,0,0,0,2,0,0,1,0,0,1,2
44,8081.581,6300.922,-210.735,-67.391,0.383357,0.922574,-0.043526,-0.923164,0.384198,0.012640,0.028384,0.035336,0.998972,0,0.56327,-0.66462,33.796,-1.329,675.000,375.000,-1,375.000,-1,300.000,300.000,325.000,325.000,-1,475.000,525.000,700.000,725.000,675.000,825.000,-1,1,0,2,0,2,0,0,0,0,2,0,0,1,0,0,1,2
45,8092.218,6273.947,-209.851,-68.480,0.365698,0.929695,-0.043970,-0.930281,0.366584,0.013873,0.029017,0.035831,0.998937,0,0.48327,-0.54462,28.996,-1.089,650.000,375.000,-1,375.000,-1,300.000,300.000,325.000,300.000,-1,475.000,525.000,700.000,725.000,700.000,825.000,-1,1,0,2,0,2,0,0,0,0,2,0,0,1,0,0,1,2
46,8101.251,6250.004,-209.082,-69.330,0.351832,0.935013,-0.044335,-0.935594,0.352760,0.014956,0.029623,0.036218,0.998905,0,0.42650,-0.42462,25.590,-0.849,650.000,375.000,-1,375.000,-1,300.000,300.000,325.000,300.000,-1,475.000,525.000,725.000,725.000,700.000,850.000,-1,1,0,2,0,2,0,0,0,0,2,0,0,1,0,0,1,2
47,8110.126,6225.703,-208.316,-69.939,0.341823,0.938701,-0.044688,-0.939273,0.342795,0.016038,0.030374,0.036492,0.998872,0,0.43119,-0.30462,25.871,-0.609,650.000,375.000,-1,375.000,-1,300.000,300.000,325.000,300.000,-1,475.000,525.000,750.000,725.000,700.000,850.000,-1,1,0,2,0,2,0,0,0,0,2,0,0,1,0,0,1,2
48,8118.926,6201.115,-207.550,-70.308,0.335718,0.940885,-0.045039,-0.941443,0.336736,0.017117,0.031272,0.036655,0.998839,0,0.43525,-0.18462,26.115,-0.369,625.000,375.000,-1,375.000,-1,325.000,300.000,325.000,300.000,-1,475.000,525.000,750.000,725.000,700.000,875.000,-1,1,0,2,0,2,0,0,0,0,2,0,0,1,0,0,1,2
49,8127.669,6176.284,-206.780,-70.603,0.330827,0.942599,-0.045388,-0.943141,0.331893,0.018196,0.032216,0.036787,0.998804,0,0.43875,-0.14727,26.325,-0.295,625.000,375.000,-1,375.000,-1,325.000,300.000,325.000,300.000,-1,475.000,525.000,775.000,725.000,700.000,875.000,-1,1,0,2,0,2,0,0,0,0,2,0,0,1,0,0,1,2
50,8136.359,6151.217,-206.007,-70.880,0.326204,0.944192,-0.045733,-0.944717,0.327319,0.019277,0.033171,0.036916,0.998768,0,0.44219,-0.13886,26.531,-0.278,600.000,375.000,-1,375.000,-1,325.000,300.000,325.000,300.000,-1,475.000,525.000,800.000,725.000,700.000,900.000,-1,1,0,2,0,2,0,0,0,0,2,0,0,1,0,0,1,2
51,8145.004,6125.908,-205.229,-71.141,0.321855,0.945667,-0.046075,-0.946173,0.323019,0.020360,0.034137,0.037042,0.998730,0,0.44574,-0.13032,26.744,-0.261,600.000,375.000,-1,375.000,-1,325.000,325.000,325.000,300.000,-1,475.000,525.000,825.000,750.000,725.000,925.000,-1,1,0,2,0,2,0,0,0,0,2,0,0,1,0,0,1,2
52,8153.612,6100.354,-204.446,-71.384,0.317784,0.947026,-0.046415,-0.947513,0.318998,0.021445,0.035115,0.037164,0.998692,0,0.44941,-0.12167,26.965,-0.243,600.000,400.000,-1,375.000,-1,325.000,325.000,325.000,300.000,-1,475.000,500.000,825.000,750.000,725.000,-1,-1,1,0,2,0,2,0,0,0,0,2,0,0,1,0,0,2,2
53,8163.750,6070.250,-203.526,-71.388,0.317667,0.947045,-0.046844,-0.947502,0.318943,0.022699,0.036438,0.037174,0.998644,0,0.52941,-0.00167,31.765,-0.003,575.000,400.000,-1,375.000,-1,325.000,325.000,325.000,300.000,-1,450.000,475.000,850.000,750.000,725.000,-1,-1,1,0,2,0,2,0,0,0,0,2,0,0,1,0,0,2,2
54,8175.168,6036.730,-202.495,-71.190,0.320855,0.945944,-0.047352,-0.946365,0.322202,0.024073,0.038029,0.037089,0.998588,0,0.59019,0.09862,35.412,0.197,575.000,400.000,-1,375.000,-1,325.000,325.000,325.000,300.000,-1,425.000,450.000,875.000,750.000,725.000,-1,-1,1,0,2,0,2,0,0,0,0,2,0,0,1,0,0,2,2
55,8186.773,6003.084,-201.407,-70.970,0.324432,0.944707,-0.047680,-0.945084,0.325842,0.025367,0.039501,0.036832,0.998540,0,0.59319,0.11020,35.591,0.220,550.000,400.000,-1,375.000,-1,325.000,325.000,325.000,300.000,-1,400.000,425.000,925.000,750.000,725.000,-1,-1,1,0,2,0,2,0,0,0,0,2,0,0,1,0,0,2,2
56,8198.582,5969.313,-200.074,-70.726,0.328457,0.943348,-0.047008,-0.943658,0.329875,0.026297,0.040314,0.035722,0.998548,0,0.59627,0.12200,35.776,0.244,550.000,400.000,-1,375.000,-1,325.000,325.000,325.000,300.000,-1,425.000,450.000,950.000,750.000,725.000,-1,-1,1,0,2,0,2,0,0,0,0,2,0,0,1,0,0,2,2
57,8210.611,5935.420,-198.712,-70.458,0.332873,0.941834,-0.046309,-0.942072,0.334299,0.027281,0.041176,0.034545,0.998555,0,0.59941,0.13402,35.964,0.268,525.000,400.000,-1,375.000,-1,325.000,325.000,300.000,300.000,-1,425.000,450.000,1000.000,750.000,750.000,-1,-1,1,0,2,0,2,0,0,0,0,2,0,0,1,1,0,2,2
58,8222.879,5901.408,-197.329,-70.165,0.337685,0.940153,-0.045613,-0.940319,0.339117,0.028277,0.042052,0.033342,0.998559,0,0.60261,0.14626,36.157,0.293,500.000,400.000,-1,400.000,-1,325.000,325.000,300.000,300.000,-1,425.000,475.000,-1,750.000,750.000,-1,-1,1,0,2,0,2,0,0,0,0,2,0,0,2,1,0,2,2
59,8235.402,5867.281,-195.929,-69.848,0.342898,0.938298,-0.044928,-0.938391,0.344334,0.029270,0.042934,0.032124,0.998561,0,0.60586,0.15870,36.352,0.317,500.000,400.000,-1,400.000,-1,325.000,325.000,300.000,300.000,-1,450.000,475.000,-1,750.000,775.000,-1,-1,1,0,2,0,2,0,0,0,0,2,0,0,2,1,0,2,2
60,8248.198,5833.044,-194.487,-69.505,0.348515,0.936255,-0.044319,-0.936282,0.349953,0.030158,0.043746,0.030985,0.998562,0,0.60917,0.17136,36.550,0.343,475.000,400.000,-1,400.000,-1,325.000,325.000,300.000,300.000,-1,450.000,500.000,-1,750.000,775.000,-1,-1,1,0,2,0,2,0,0,0,0,2,0,0,2,1,0,2,2
61,8261.286,5798.704,-192.856,-69.137,0.354536,0.933999,-0.044170,-0.934006,0.355971,0.030288,0.044012,0.030517,0.998565,0,0.61251,0.18423,36.750,0.368,475.000,400.000,-1,400.000,-1,325.000,325.000,300.000,300.000,-1,475.000,550.000,-1,750.000,775.000,-1,-1,1,0,2,0,2,0,0,0,0,2,0,0,2,1,0,2,2
62,8274.684,5764.265,-191.204,-68.742,0.360967,0.931538,-0.044037,-0.931526,0.362400,0.030427,0.044303,0.030039,0.998566,0,0.61588,0.19730,36.953,0.395,450.000,400.000,-1,400.000,-1,325.000,325.000,300.000,300.000,-1,525.000,575.000,-1,750.000,775.000,-1,-1,1,0,2,0,2,0,0,0,0,2,0,0,2,1,0,2,2
63,8288.410,5729.736,-189.531,-68.321,0.367811,0.928863,-0.043918,-0.928830,0.369243,0.030574,0.044616,0.029547,0.998567,0,0.61928,0.21057,37.157,0.421,425.000,400.000,-1,400.000,-1,325.000,325.000,300.000,300.000,-1,550.000,625.000,-1,775.000,800.000,-1,-1,1,0,2,0,2,0,0,0,0,2,0,0,2,0,0,2,2
64,8302.482,5695.125,-187.840,-67.873,0.375070,0.925961,-0.043794,-0.925906,0.376501,0.030725,0.044938,0.029026,0.998568,0,0.62271,0.22404,37.362,0.448,425.000,400.000,-1,400.000,-1,325.000,325.000,300.000,300.000,-1,600.000,650.000,-1,775.000,800.000,-1,-1,1,0,2,0,2,0,0,0,0,2,0,0,2,0,0,2,2
65,8318.831,5656.262,-185.948,-67.185,0.386173,0.921390,-0.043724,-0.921314,0.387601,0.030768,0.045297,0.028401,0.998570,0,0.70271,0.34404,42.162,0.688,400.000,400.000,-1,400.000,-1,325.000,325.000,300.000,300.000,-1,650.000,700.000,-1,775.000,800.000,-1,-1,1,0,2,0,2,0,0,0,0,2,0,0,2,0,0,2,2
66,8337.739,5613.274,-183.824,-66.257,0.401059,0.915012,-0.043649,-0.914909,0.402483,0.030799,0.045749,0.027582,0.998572,0,0.78271,0.46404,46.962,0.928,375.000,400.000,-1,400.000,-1,325.000,325.000,300.000,300.000,-1,700.000,750.000,-1,800.000,800.000,-1,-1,1,0,2,0,2,0,0,1,0,2,0,0,2,0,0,2,2
67,8359.234,5566.990,-181.489,-65.089,0.419646,0.906642,-0.043563,-0.906507,0.421064,0.030821,0.046287,0.026556,0.998575,0,0.85053,0.58404,51.032,1.168,350.000,400.000,-1,400.000,-1,325.000,325.000,300.000,300.000,-1,750.000,825.000,-1,800.000,800.000,-1,-1,1,0,2,0,2,0,0,1,0,2,0,0,2,0,0,2,2
68,8382.010,5520.944,-179.110,-63.681,0.441819,0.896050,-0.043474,-0.895878,0.443230,0.030831,0.046895,0.025326,0.998579,0,0.85619,0.70404,51.372,1.408,325.000,400.000,-1,400.000,-1,325.000,325.000,275.000,300.000,-1,825.000,875.000,-1,800.000,800.000,-1,-1,1,1,2,0,2,0,0,1,0,2,0,0,2,0,0,2,2
69,8406.277,5475.241,-176.679,-62.033,0.467433,0.882963,-0.043378,-0.882748,0.468834,0.030827,0.047556,0.023882,0.998583,0,0.86243,0.82404,51.746,1.648,275.000,400.000,-1,400.000,-1,325.000,325.000,275.000,300.000,-1,875.000,950.000,-1,800.000,825.000,-1,-1,1,1,2,0,2,0,0,1,0,2,0,0,2,0,0,2,2
70,8432.241,5430.005,-174.192,-60.145,0.496302,0.867071,-0.043272,-0.866808,0.497690,0.030811,0.048251,0.022217,0.998588,0,0.86930,0.94404,52.158,1.888,250.000,375.000,-1,400.000,-1,325.000,325.000,250.000,300.000,-1,950.000,-1,-1,800.000,825.000,-1,-1,1,1,2,0,2,0,0,1,0,2,0,2,2,0,0,2,2
71,8460.008,5385.319,-171.087,-58.145,0.526132,0.849167,-0.045823,-0.848897,0.527643,0.031098,0.050586,0.022538,0.998465,0,0.87685,1.00000,52.611,2.000,225.000,400.000,-1,400.000,-1,325.000,325.000,225.000,300.000,-1,975.000,-1,-1,825.000,825.000,-1,-1,1,0,2,0,2,0,0,1,0,2,0,2,2,0,0,2,2
72,8489.589,5341.234,-165.644,-56.145,0.554477,0.830017,-0.060230,-0.830017,0.556810,0.032161,0.060231,0.032159,0.997666,0,0.88480,1.00000,53.088,2.000,250.000,450.000,-1,425.000,-1,350.000,350.000,225.000,300.000,-1,825.000,850.000,-1,950.000,900.000,-1,-1,1,0,2,0,2,0,0,1,0,2,0,0,2,0,0,2,2
73,8520.815,5298.037,-160.757,-54.145,0.582170,0.809840,-0.072372,-0.810230,0.585265,0.031499,0.067866,0.040300,0.996880,0,0.88835,1.00000,53.301,2.000,325.000,475.000,-1,450.000,-1,375.000,375.000,225.000,300.000,-1,675.000,525.000,-1,-1,950.000,-1,-1,1,0,2,0,2,0,0,1,0,2,0,0,2,2,0,2,2
74,8553.494,5255.999,-156.373,-52.145,0.609277,0.788702,-0.082042,-0.789523,0.613002,0.029700,0.073716,0.046678,0.996186,0,0.88742,1.00000,53.245,2.000,-1,500.000,-1,450.000,-1,400.000,375.000,200.000,275.000,-1,550.000,375.000,-1,-1,975.000,-1,-1,2,0,2,0,2,0,0,1,0,2,0,0,2,2,0,2,2
75,8587.574,5215.182,-152.408,-50.145,0.635827,0.766662,-0.089186,-0.767876,0.640015,0.027350,0.078049,0.051094,0.995639,0,0.88623,1.00000,53.174,2.000,-1,525.000,-1,475.000,-1,400.000,400.000,200.000,275.000,-1,475.000,300.000,-1,-1,-1,-1,-1,2,0,2,0,2,0,0,1,0,2,0,0,2,2,2,2,2
76,8622.997,5175.645,-148.891,-48.145,0.661797,0.743753,-0.094109,-0.745287,0.666286,0.024692,0.081069,0.053798,0.995256,0,0.88476,1.00000,53.086,2.000,-1,550.000,-1,475.000,-1,400.000,400.000,175.000,275.000,-1,450.000,275.000,-1,-1,-1,-1,-1,2,0,2,0,2,0,0,1,0,2,0,0,2,2,2,2,2
77,8659.705,5137.442,-145.764,-46.145,0.687182,0.720008,-0.096795,-0.721756,0.691800,0.021929,0.082752,0.054793,0.995063,0,0.88301,1.00000,52.981,2.000,-1,550.000,-1,475.000,-1,425.000,400.000,175.000,275.000,-1,425.000,250.000,-1,-1,-1,-1,-1,2,0,2,0,2,0,0,1,0,2,0,0,2,2,2,2,2
78,8697.635,5100.628,-142.992,-44.145,0.711947,0.695449,-0.097379,-0.697290,0.716530,0.019278,0.083182,0.054177,0.995061,0,0.88098,1.00000,52.859,2.000,-1,550.000,-1,475.000,-1,425.000,400.000,150.000,275.000,-1,425.000,250.000,-1,-1,-1,-1,-1,2,0,2,0,2,0,0,1,0,2,0,0,2,2,2,2,2
79,8736.722,5065.253,-140.549,-42.145,0.736033,0.670094,-0.096068,-0.671901,0.740447,0.016943,0.082487,0.052077,0.995231,0,0.87866,1.00000,52.720,2.000,-1,550.000,-1,475.000,-1,425.000,400.000,150.000,275.000,-1,450.000,250.000,-1,-1,-1,-1,-1,2,0,2,0,2,0,0,1,0,2,0,0,2,2,2,2,2
80,8776.900,5031.363,-138.425,-40.145,0.759379,0.643952,-0.093108,-0.645623,0.763510,0.014952,0.080717,0.048758,0.995544,0,0.87605,1.00000,52.563,2.000,-1,550.000,-1,475.000,-1,425.000,400.000,125.000,275.000,-1,475.000,275.000,-1,-1,-1,-1,-1,2,0,2,0,2,0,0,1,0,2,0,0,2,2,2,2,2
81,8818.099,4999.002,-136.646,-38.145,0.781916,0.617033,-0.088753,-0.618507,0.785670,0.013111,0.077821,0.044643,0.995967,0,0.87317,1.00000,52.390,2.000,-1,525.000,-1,475.000,-1,400.000,400.000,125.000,275.000,-1,525.000,300.000,-1,-1,1000.000,-1,-1,2,0,2,0,2,0,0,1,0,2,0,0,2,2,0,2,2
82,8860.250,4968.211,-135.082,-36.145,0.803566,0.589363,-0.083265,-0.590572,0.806897,0.011903,0.074201,0.039609,0.996456,0,0.87002,1.00000,52.201,2.000,-1,525.000,-1,475.000,-1,400.000,375.000,100.000,275.000,-1,600.000,350.000,-1,-1,975.000,-1,-1,2,0,2,0,2,0,0,1,0,2,0,0,2,2,0,2,2
83,8903.281,4939.023,-133.703,-34.145,0.824252,0.560961,-0.077019,-0.561871,0.827147,0.011339,0.070066,0.033928,0.996965,0,0.86662,1.00000,51.997,2.000,-1,500.000,-1,450.000,-1,400.000,375.000,100.000,300.000,-1,750.000,450.000,-1,-1,975.000,-1,-1,2,0,2,0,2,0,0,1,0,2,0,0,2,2,0,2,2
84,8947.121,4911.471,-132.613,-32.145,0.843861,0.531844,-0.070996,-0.532484,0.846367,0.011166,0.066028,0.028382,0.997414,0,0.86300,1.00000,51.780,2.000,-1,500.000,-1,450.000,-1,375.000,375.000,75.000,300.000,-1,975.000,550.000,-1,-1,950.000,-1,-1,2,0,2,0,2,0,0,1,0,2,0,0,2,2,0,2,2
85,8991.697,4885.582,-131.577,-30.145,0.862413,0.502057,-0.064677,-0.502428,0.864541,0.011572,0.061726,0.022515,0.997839,0,0.85916,1.00000,51.550,2.000,-1,475.000,-1,425.000,-1,375.000,350.000,75.000,300.000,-1,-1,1000.000,-1,-1,925.000,-1,-1,2,0,2,0,2,0,0,1,0,2,2,0,2,2,0,2,2
86,9036.938,4861.381,-128.007,-28.145,0.880071,0.471529,-0.055989,-0.472291,0.881443,-0.000420,0.049153,0.026813,0.998431,0,0.85515,1.00000,51.309,2.000,-1,450.000,-1,425.000,-1,350.000,350.000,75.000,275.000,-1,-1,-1,-1,1000.000,825.000,-1,-1,2,0,2,0,2,0,0,1,0,2,2,2,2,0,0,2,2
87,9082.772,4838.885,-124.370,-26.145,0.896575,0.440422,-0.046704,-0.441373,0.897244,-0.011953,0.036641,0.031330,0.998837,0,0.85099,1.00000,51.059,2.000,750.000,450.000,-1,400.000,-1,350.000,325.000,75.000,275.000,-1,-1,-1,-1,925.000,750.000,-1,-1,1,0,2,0,2,0,0,1,0,2,2,2,2,0,0,2,2
88,9133.647,4815.823,-121.312,-24.385,0.910296,0.412639,-0.033028,-0.413404,0.910307,-0.020940,0.021425,0.032716,0.999235,0,0.93099,0.88000,55.859,1.760,500.000,425.000,-1,375.000,-1,325.000,300.000,75.000,275.000,-1,-1,-1,-1,850.000,675.000,-1,-1,1,0,2,0,2,0,0,1,0,2,2,2,2,0,0,2,2
89,9185.731,4793.859,-118.309,-22.865,0.921284,0.388332,-0.020818,-0.388801,0.920896,-0.027996,0.008300,0.033886,0.999391,0,0.94211,0.76000,56.527,1.520,450.000,400.000,-1,350.000,-1,325.000,300.000,75.000,275.000,-1,-1,-1,-1,775.000,625.000,-1,-1,1,0,2,0,2,0,0,1,0,2,2,2,2,0,0,2,2
90,9237.897,4773.223,-114.276,-21.585,0.929853,0.367588,-0.015886,-0.367928,0.929150,-0.036179,0.001462,0.039486,0.999219,0,0.93498,0.64000,56.099,1.280,475.000,400.000,-1,350.000,925.000,300.000,300.000,100.000,275.000,-1,-1,-1,-1,750.000,600.000,-1,-1,1,0,2,0,0,0,0,1,0,2,2,2,2,0,0,2,2
91,9289.991,4753.702,-110.795,-20.545,0.936450,0.350599,-0.011921,-0.350782,0.935498,-0.042361,-0.003700,0.043850,0.999031,0,0.92719,0.52000,55.632,1.040,500.000,400.000,-1,350.000,800.000,300.000,300.000,100.000,275.000,-1,-1,-1,-1,750.000,600.000,-1,-1,1,0,2,0,0,0,0,1,0,2,2,2,2,0,0,2,2
92,9341.882,4735.078,-108.005,-19.745,0.941309,0.337445,-0.008315,-0.337446,0.940139,-0.047640,-0.008259,0.047650,0.998830,0,0.91887,0.40000,55.132,0.800,550.000,400.000,-1,325.000,700.000,300.000,300.000,100.000,250.000,-1,-1,-1,-1,750.000,575.000,-1,875.000,1,0,2,0,0,0,0,1,0,2,2,2,2,0,0,2,0
93,9393.459,4717.133,-105.634,-19.185,0.944592,0.328202,-0.005488,-0.328043,0.943282,-0.051058,-0.011581,0.050029,0.998681,0,0.91016,0.28000,54.610,0.560,600.000,400.000,-1,325.000,650.000,300.000,275.000,125.000,250.000,-1,-1,-1,-1,750.000,575.000,-1,800.000,1,0,2,0,0,0,0,1,0,2,2,2,2,0,0,2,0
94,9444.630,4699.653,-103.652,-18.860,0.946447,0.322841,-0.003529,-0.322571,0.945078,-0.052686,-0.013674,0.051003,0.998605,0,0.90124,0.16216,54.075,0.324,675.000,400.000,-1,325.000,625.000,300.000,275.000,125.000,250.000,300.000,-1,-1,-1,750.000,550.000,-1,775.000,1,0,2,0,0,0,0,1,0,1,2,2,2,0,0,2,0
95,9495.389,4682.630,-102.180,-18.540,0.948233,0.317567,-0.002410,-0.317258,0.946918,-0.051898,-0.014199,0.049976,0.998649,0,0.89229,0.16023,53.537,0.320,725.000,400.000,-1,325.000,625.000,300.000,275.000,150.000,250.000,200.000,-1,-1,-1,750.000,550.000,-1,800.000,1,0,2,0,0,0,0,1,0,1,2,2,2,0,0,2,0
96,9545.773,4666.039,-101.192,-18.224,0.949952,0.312389,-0.002130,-0.312115,0.948789,-0.048827,-0.013232,0.047048,0.998805,0,0.88410,0.15786,53.046,0.316,775.000,400.000,-1,325.000,650.000,300.000,275.000,150.000,250.000,175.000,-1,-1,-1,750.000,575.000,-1,900.000,1,0,2,0,0,0,0,1,0,1,2,2,2,0,0,2,0
97,9595.827,4649.857,-100.665,-17.914,0.951605,0.307313,-0.002688,-0.307133,0.950668,-0.043596,-0.010843,0.042312,0.999046,0,0.87674,0.15509,52.604,0.310,800.000,400.000,-1,325.000,775.000,300.000,300.000,150.000,250.000,175.000,-1,-1,-1,750.000,600.000,-1,-1,1,0,2,0,0,0,0,1,0,1,2,2,2,0,0,2,2
98,9645.592,4634.058,-100.577,-17.610,0.953191,0.302342,-0.004081,-0.302286,0.952525,-0.036317,-0.007093,0.035851,0.999332,0,0.87023,0.15196,52.214,0.304,850.000,400.000,-1,350.000,-1,300.000,300.000,175.000,275.000,150.000,-1,-1,-1,750.000,625.000,-1,-1,1,0,2,0,2,0,0,1,0,1,2,2,2,0,0,2,2
99,9695.115,4618.618,-100.910,-17.313,0.954708,0.297478,-0.006308,-0.297538,0.954326,-0.027089,-0.002038,0.027739,0.999613,0,0.86457,0.14849,51.874,0.297,925.000,400.000,-1,350.000,-1,325.000,300.000,175.000,275.000,150.000,-1,-1,-1,775.000,650.000,-1,-1,1,0,2,0,2,0,0,1,0,1,2,2,2,0,0,2,2
100,9744.439,4603.513,-101.728,-17.024,0.956151,0.292720,-0.009523,-0.292840,0.956034,-0.015612,0.004534,0.017716,0.999833,0,0.85975,0.14470,51.585,0.289,-1,400.000,-1,375.000,-1,325.000,300.000,175.000,275.000,150.000,-1,-1,-1,775.000,700.000,-1,-1,2,0,2,0,2,0,0,1,0,1,2,2,2,0,0,2,2
101,9793.607,4588.720,-103.261,-16.742,0.957509,0.288065,-0.013943,-0.288105,0.957598,-0.000883,0.013097,0.004862,0.999902,0,0.85574,0.14063,51.344,0.281,-1,400.000,-1,375.000,-1,325.000,325.000,175.000,300.000,150.000,-1,-1,-1,800.000,750.000,-1,-1,2,0,2,0,2,0,0,1,0,1,2,2,2,0,0,2,2
102,9838.299,4575.718,-104.897,-16.221,0.960024,0.279336,-0.018010,-0.279124,0.960161,0.013422,0.021042,-0.007858,0.999748,0,0.77574,0.26063,46.544,0.521,-1,400.000,-1,400.000,-1,325.000,325.000,175.000,300.000,150.000,-1,-1,-1,825.000,825.000,-1,-1,2,0,2,0,2,0,0,1,0,1,2,2,2,0,0,2,2
103,9878.533,4564.591,-104.738,-15.460,0.963644,0.266541,-0.018601,-0.266211,0.963738,0.018462,0.022848,-0.012839,0.999657,0,0.69574,0.38063,41.744,0.761,-1,400.000,-1,400.000,-1,325.000,325.000,175.000,300.000,175.000,-1,-1,-1,825.000,850.000,-1,-1,2,0,2,0,2,0,0,1,0,1,2,2,2,0,0,2,2
104,9923.110,4553.097,-103.781,-14.459,0.968168,0.249658,-0.017915,-0.249334,0.968241,0.018508,0.021967,-0.013452,0.999668,0,0.76724,0.50063,46.035,1.001,-1,400.000,-1,400.000,-1,325.000,325.000,200.000,300.000,175.000,-1,-1,-1,825.000,850.000,-1,-1,2,0,2,0,2,0,0,1,0,1,2,2,2,0,0,2,2
105,9967.693,4542.626,-103.032,-13.217,0.973366,0.228625,-0.017040,-0.228326,0.973422,0.017805,0.020658,-0.013440,0.999696,0,0.76327,0.62063,45.796,1.241,-1,400.000,-1,400.000,-1,325.000,325.000,200.000,300.000,200.000,-1,-1,-1,800.000,850.000,-1,-1,2,0,2,0,2,0,0,1,0,1,2,2,2,0,0,2,2
106,10012.338,4533.351,-102.306,-11.736,0.978966,0.203385,-0.016154,-0.203111,0.979006,0.017128,0.019299,-0.013487,0.999723,0,0.75997,0.74063,45.598,1.481,-1,400.000,-1,400.000,-1,325.000,325.000,200.000,300.000,225.000,-1,-1,-1,800.000,850.000,-1,-1,2,0,2,0,2,0,0,1,0,1,2,2,2,0,0,2,2
107,10057.087,4525.449,-101.604,-10.015,0.984647,0.173887,-0.015259,-0.173635,0.984672,0.016488,0.017892,-0.013585,0.999748,0,0.75736,0.86063,45.442,1.721,800.000,400.000,-1,400.000,-1,325.000,325.000,200.000,300.000,250.000,-1,-1,-1,800.000,850.000,-1,-1,1,0,2,0,2,0,0,1,0,1,2,2,2,0,0,2,2
108,10101.966,4519.099,-100.924,-8.054,0.990035,0.140085,-0.014355,-0.139856,0.990044,0.015896,0.016439,-0.013730,0.999771,0,0.75543,0.98063,45.326,1.961,675.000,400.000,-1,400.000,-1,325.000,325.000,200.000,300.000,275.000,-1,-1,-1,800.000,850.000,-1,-1,1,0,2,0,2,0,0,1,0,1,2,2,2,0,0,2,2
109,10146.964,4514.327,-100.265,-6.054,0.994334,0.105448,-0.013445,-0.105239,0.994328,0.015365,0.014989,-0.013863,0.999792,0,0.75417,1.00000,45.250,2.000,575.000,400.000,-1,400.000,-1,325.000,325.000,200.000,300.000,300.000,-1,-1,-1,800.000,850.000,-1,-1,1,0,2,0,2,0,0,1,0,1,2,2,2,0,0,2,2
110,10192.034,4511.133,-99.626,-4.054,0.997420,0.070682,-0.012535,-0.070493,0.997401,0.014898,0.013556,-0.013976,0.999810,0,0.75305,1.00000,45.183,2.000,525.000,400.000,-1,400.000,-1,325.000,325.000,200.000,300.000,325.000,-1,-1,-1,775.000,850.000,-1,-1,1,0,2,0,2,0,0,1,0,1,2,2,2,0,0,2,2
111,10237.123,4509.516,-99.007,-2.054,0.999290,0.035830,-0.011632,-0.035660,0.999259,0.014496,0.012143,-0.014071,0.999827,0,0.75198,1.00000,45.119,2.000,450.000,400.000,-1,400.000,-1,325.000,325.000,200.000,300.000,350.000,-1,-1,-1,775.000,850.000,-1,-1,1,0,2,0,2,0,0,1,0,1,2,2,2,0,0,2,2
112,10282.180,4509.474,-98.406,-0.054,0.999942,0.000934,-0.010741,-0.000782,0.999899,0.014156,0.010753,-0.014147,0.999842,0,0.75095,1.00000,45.057,2.000,400.000,400.000,-1,400.000,-1,325.000,325.000,200.000,300.000,375.000,-1,-1,-1,775.000,850.000,-1,-1,1,0,2,0,2,0,0,1,0,1,2,2,2,0,0,2,2
113,10327.152,4511.003,-97.831,1.946,0.999374,-0.033962,-0.009884,0.034097,0.999323,0.013849,0.009407,-0.014178,0.999855,0,0.74996,1.00000,44.998,2.000,375.000,400.000,-1,400.000,-1,325.000,325.000,200.000,300.000,400.000,-1,-1,-1,775.000,825.000,-1,-1,1,0,2,0,2,0,0,1,0,1,2,2,2,0,0,2,2
114,10371.987,4514.096,-97.269,3.946,0.997588,-0.068817,-0.009050,0.068937,0.997528,0.013615,0.008090,-0.014206,0.999866,0,0.74903,1.00000,44.942,2.000,325.000,400.000,-1,400.000,-1,325.000,325.000,200.000,300.000,425.000,-1,-1,-1,750.000,825.000,-1,-1,1,0,2,0,2,0,0,1,0,1,2,2,2,0,0,2,2
115,10416.634,4518.746,-96.719,5.946,0.994586,-0.103589,-0.008243,0.103693,0.994518,0.013455,0.006804,-0.014237,0.999876,0,0.74814,1.00000,44.889,2.000,300.000,400.000,-1,400.000,-1,325.000,325.000,200.000,300.000,450.000,-1,-1,-1,750.000,825.000,-1,-1,1,0,2,0,2,0,0,1,0,1,2,2,2,1,0,2,2
116,10456.360,4524.122,-96.255,7.706,0.990941,-0.134084,-0.007600,0.134177,0.990868,0.013288,0.005749,-0.014188,0.999883,0,0.66814,0.88000,40.089,1.760,250.000,400.000,-1,400.000,-1,325.000,325.000,200.000,300.000,475.000,-1,-1,-1,725.000,825.000,525.000,-1,1,0,2,0,2,0,0,1,0,1,2,2,2,1,0,1,2
117,10494.082,4530.250,-96.059,9.226,0.987039,-0.160323,-0.007094,0.160401,0.986976,0.012255,0.005037,-0.013234,0.999900,0,0.63694,0.76000,38.217,1.520,225.000,400.000,-1,400.000,-1,325.000,325.000,175.000,300.000,500.000,-1,-1,-1,700.000,825.000,425.000,-1,1,0,2,0,2,0,0,1,0,1,2,2,2,1,0,1,2
118,10531.594,4537.206,-95.893,10.506,0.983216,-0.182333,-0.006477,0.182396,0.983161,0.011180,0.004330,-0.012174,0.999917,0,0.63585,0.64000,38.151,1.280,225.000,400.000,-1,400.000,-1,325.000,325.000,175.000,300.000,525.000,-1,-1,-1,700.000,825.000,375.000,-1,1,0,2,0,2,0,0,1,0,1,2,2,2,1,0,1,2
119,10573.676,4545.803,-95.821,11.546,0.979746,-0.200149,-0.006105,0.200205,0.979698,0.010441,0.003891,-0.011451,0.999927,0,0.71585,0.52000,42.951,1.040,200.000,400.000,-1,400.000,-1,325.000,325.000,175.000,300.000,525.000,-1,-1,-1,750.000,825.000,325.000,-1,1,0,2,0,2,0,0,1,0,1,2,2,2,0,0,1,2
120,10615.882,4555.042,-95.777,12.346,0.976859,-0.213810,-0.005673,0.213858,0.976815,0.009880,0.003429,-0.010865,0.999935,0,0.72009,0.40000,43.205,0.800,175.000,400.000,-1,400.000,-1,325.000,325.000,175.000,300.000,525.000,-1,-1,-1,725.000,825.000,300.000,-1,1,0,2,0,2,0,0,1,0,1,2,2,2,0,0,1,2
121,10657.866,4564.662,-95.727,12.906,0.974725,-0.223348,-0.005262,0.223389,0.974684,0.009342,0.003043,-0.010281,0.999943,0,0.71787,0.28000,43.072,0.560,175.000,400.000,-1,400.000,-1,325.000,325.000,175.000,300.000,525.000,-1,-1,-1,725.000,825.000,275.000,-1,1,0,2,0,2,0,0,1,0,1,2,2,2,0,0,1,2
122,10699.611,4574.474,-95.669,13.226,0.973464,-0.228790,-0.004871,0.228825,0.973428,0.008817,0.002725,-0.009698,0.999949,0,0.71471,0.16000,42.883,0.320,150.000,400.000,-1,400.000,-1,325.000,325.000,150.000,300.000,500.000,-1,-1,-1,725.000,825.000,250.000,-1,1,1,2,0,2,0,0,1,0,1,2,2,2,0,0,1,2
123,10741.101,4584.286,-95.240,13.306,0.973140,-0.230153,-0.005321,0.230185,0.973125,0.006551,0.003670,-0.007599,0.999964,0,0.71057,0.04000,42.634,0.080,150.000,400.000,-1,400.000,-1,325.000,325.000,150.000,300.000,500.000,-1,-1,-1,750.000,825.000,275.000,-1,1,1,2,0,2,0,0,1,0,1,2,2,2,0,0,1,2
124,10782.316,4593.912,-93.933,13.146,0.973761,-0.227441,-0.007757,0.227449,0.973790,0.000158,0.007518,-0.001918,0.999970,0,0.70540,-0.08000,42.324,-0.160,175.000,400.000,-1,400.000,-1,325.000,325.000,150.000,300.000,475.000,-1,-1,-1,775.000,850.000,-1,-1,1,1,2,0,2,0,0,1,0,1,2,2,2,0,0,2,2
125,10823.234,4603.168,-93.047,12.746,0.975312,-0.220637,-0.009296,0.220607,0.975354,-0.004153,0.009983,0.001999,0.999948,0,0.69919,-0.20000,41.952,-0.400,200.000,400.000,-1,425.000,-1,325.000,325.000,150.000,300.000,425.000,-1,-1,-1,800.000,850.000,-1,-1,1,1,2,0,2,0,0,1,0,1,2,2,2,0,0,2,2
126,10863.827,4611.876,-92.555,12.106,0.977709,-0.209727,-0.010005,0.209669,0.977751,-0.006516,0.011149,0.004273,0.999929,0,0.69194,-0.32000,41.516,-0.640,275.000,425.000,-1,425.000,-1,350.000,350.000,125.000,300.000,400.000,-1,-1,-1,825.000,875.000,-1,-1,1,0,2,0,2,0,0,1,0,1,2,2,2,0,0,2,2
127,10904.063,4619.862,-92.413,11.226,0.980815,-0.194685,-0.009942,0.194620,0.980853,-0.007155,0.011145,0.005083,0.999925,0,0.68369,-0.44000,41.021,-0.880,-1,425.000,-1,425.000,-1,350.000,350.000,125.000,300.000,375.000,-1,-1,-1,825.000,875.000,-1,-1,2,0,2,0,2,0,0,1,0,1,2,2,2,0,0,2,2
128,10943.906,4626.964,-92.564,10.106,0.984441,-0.175476,-0.009177,0.175422,0.984473,-0.006384,0.010154,0.004675,0.999938,0,0.67451,-0.56000,40.470,-1.120,-1,425.000,-1,425.000,-1,350.000,350.000,125.000,300.000,325.000,-1,-1,-1,825.000,875.000,-1,-1,2,0,2,0,2,0,0,1,0,1,2,2,2,0,0,2,2
129,10983.312,4633.026,-92.933,8.746,0.988340,-0.152061,-0.007805,0.152029,0.988365,-0.004604,0.008414,0.003364,0.999959,0,0.66450,-0.68000,39.870,-1.360,-1,400.000,-1,425.000,-1,325.000,325.000,125.000,300.000,275.000,-1,-1,-1,800.000,875.000,-1,-1,2,0,2,0,2,0,0,1,0,1,2,2,2,0,0,2,2
130,11022.221,4638.033,-93.359,7.332,0.991803,-0.127626,-0.006145,0.127613,0.991821,-0.002600,0.006426,0.001795,0.999978,0,0.65382,-0.70700,39.229,-1.414,-1,400.000,-1,425.000,-1,325.000,325.000,125.000,300.000,250.000,-1,-1,-1,775.000,850.000,-1,-1,2,0,2,0,2,0,0,1,0,1,2,2,2,0,0,2,2
131,11060.604,4642.011,-93.764,5.918,0.994661,-0.103100,-0.004395,0.103098,0.994671,-0.000750,0.004449,0.000293,0.999990,0,0.64314,-0.70738,38.589,-1.415,-1,400.000,-1,425.000,-1,325.000,325.000,125.000,300.000,225.000,-1,-1,-1,775.000,850.000,-1,-1,2,0,2,0,2,0,0,1,0,1,2,2,2,0,0,2,2
132,11098.454,4644.991,-94.097,4.501,0.996912,-0.078483,-0.002716,0.078485,0.996915,0.000718,0.002652,-0.000929,0.999996,0,0.63278,-0.70817,37.967,-1.416,-1,400.000,-1,400.000,-1,325.000,325.000,150.000,300.000,200.000,-1,-1,-1,750.000,850.000,-1,-1,2,0,2,0,2,0,0,1,0,1,2,2,2,0,0,2,2
133,11135.772,4647.001,-94.328,3.083,0.998552,-0.053777,-0.001329,0.053780,0.998552,0.001545,0.001244,-0.001615,0.999998,0,0.62287,-0.70933,37.372,-1.419,-1,400.000,-1,400.000,-1,325.000,325.000,150.000,300.000,175.000,-1,-1,-1,750.000,850.000,-1,-1,2,0,2,0,2,0,0,1,0,1,2,2,2,0,0,2,2
134,11172.566,4648.068,-94.531,1.661,0.999580,-0.028987,-0.000524,0.028987,0.999579,0.001272,0.000487,-0.001287,0.999999,0,0.61349,-0.71084,36.810,-1.422,-1,400.000,-1,400.000,-1,325.000,325.000,150.000,300.000,150.000,-1,-1,-1,750.000,850.000,-1,-1,2,0,2,0,2,0,0,1,0,1,2,2,2,0,0,2,2
