timestep,x_cm,y_cm,z_cm,yaw_deg,basis_xx,basis_xy,basis_xz,basis_yx,basis_yy,basis_yz,basis_zx,basis_zy,basis_zz,teleport_flag,throttle_cmd,steering_cmd,cmd_move_cm,cmd_turn_deg,lidar_cm_0,lidar_cm_1,lidar_cm_2,lidar_cm_3,lidar_cm_4,lidar_cm_5,lidar_cm_6,lidar_cm_7,lidar_cm_8,lidar_cm_9,lidar_cm_10,lidar_cm_11,lidar_cm_12,lidar_cm_13,lidar_cm_14,lidar_cm_15,lidar_cm_16,lidar_class_0,lidar_class_1,lidar_class_2,lidar_class_3,lidar_class_4,lidar_class_5,lidar_class_6,lidar_class_7,lidar_class_8,lidar_class_9,lidar_class_10,lidar_class_11,lidar_class_12,lidar_class_13,lidar_class_14,lidar_class_15,lidar_class_16
0,4259.868,7546.291,-301.351,140.123,-0.767981,-0.640440,-0.006413,0.639744,-0.766592,-0.055355,0.030536,-0.046614,0.998446,1,0.08000,-0.12000,4.800,-0.240,-1,400.000,1000.000,400.000,550.000,325.000,325.000,300.000,300.000,-1,750.000,950.000,-1,725.000,550.000,-1,550.000,2,0,1,0,1,0,0,0,0,2,1,1,2,0,1,2,1
1,4252.553,7552.507,-301.026,139.643,-0.762592,-0.646848,-0.006435,0.646143,-0.761210,-0.055311,0.030880,-0.046338,0.998448,0,0.16000,-0.24000,9.600,-0.480,-1,400.000,975.000,400.000,550.000,325.000,325.000,300.000,300.000,-1,750.000,950.000,-1,725.000,550.000,-1,550.000,2,0,1,0,1,0,0,0,0,2,1,1,2,0,1,2,1
2,4241.698,7561.970,-300.531,138.923,-0.754407,-0.656375,-0.006464,0.655656,-0.753036,-0.055250,0.031397,-0.045919,0.998452,0,0.24000,-0.36000,14.400,-0.720,-1,400.000,925.000,400.000,550.000,325.000,325.000,300.000,300.000,-1,750.000,950.000,-1,725.000,525.000,-1,525.000,2,0,1,0,1,0,0,0,0,2,1,1,2,0,1,2,1
3,4227.438,7574.826,-299.857,137.963,-0.743309,-0.668917,-0.006496,0.668178,-0.741952,-0.055176,0.032088,-0.045353,0.998456,0,0.32000,-0.48000,19.200,-0.960,-1,400.000,900.000,400.000,525.000,325.000,325.000,300.000,300.000,-1,750.000,925.000,-1,725.000,525.000,-1,525.000,2,0,1,0,1,0,0,0,0,2,1,1,2,0,1,2,1
4,4209.953,7591.267,-298.987,136.763,-0.729144,-0.684328,-0.006604,0.683567,-0.727801,-0.055147,0.032933,-0.044724,0.998456,0,0.40000,-0.60000,24.000,-1.200,-1,400.000,850.000,400.000,500.000,325.000,325.000,300.000,300.000,-1,750.000,925.000,-1,725.000,500.000,-1,500.000,2,0,1,1,1,0,0,0,0,2,1,1,2,0,1,2,1
5,4189.423,7611.466,-297.953,135.466,-0.713480,-0.700643,-0.006772,0.699853,-0.712141,-0.055323,0.033939,-0.044211,0.998446,0,0.48000,-0.64853,28.800,-1.297,-1,400.000,800.000,375.000,500.000,325.000,325.000,300.000,300.000,-1,750.000,900.000,-1,725.000,475.000,-1,475.000,2,0,1,1,1,0,0,0,0,2,1,1,2,0,1,2,1
6,4166.011,7635.567,-296.721,134.170,-0.697460,-0.716589,-0.006997,0.715771,-0.696122,-0.055549,0.034935,-0.043751,0.998431,0,0.56000,-0.64816,33.600,-1.296,-1,400.000,750.000,375.000,475.000,325.000,325.000,300.000,300.000,-1,775.000,900.000,-1,725.000,450.000,-1,450.000,2,0,1,1,1,0,0,0,0,2,1,1,2,0,1,2,1
7,4139.885,7663.709,-295.285,132.874,-0.681090,-0.732163,-0.007284,0.731318,-0.679748,-0.055837,0.035930,-0.043357,0.998413,0,0.64000,-0.64802,38.400,-1.296,-1,400.000,675.000,350.000,425.000,325.000,325.000,300.000,300.000,-1,775.000,925.000,-1,725.000,425.000,-1,400.000,2,0,1,1,1,0,0,0,0,2,1,1,2,0,1,2,1
8,4111.216,7696.025,-293.637,131.578,-0.664373,-0.747362,-0.007642,0.746488,-0.663021,-0.056196,0.036932,-0.043040,0.998390,0,0.72000,-0.64808,43.200,-1.296,-1,400.000,625.000,325.000,400.000,325.000,325.000,300.000,300.000,900.000,800.000,925.000,-1,700.000,400.000,1000.000,375.000,2,0,1,1,1,0,1,0,0,1,1,1,2,1,1,1,1
9,4080.182,7732.644,-291.773,130.281,-0.647312,-0.762182,-0.008077,0.761279,-0.645945,-0.056640,0.037952,-0.042813,0.998362,0,0.80000,-0.64833,48.000,-1.297,-1,400.000,550.000,300.000,350.000,325.000,300.000,300.000,300.000,850.000,825.000,950.000,-1,625.000,375.000,900.000,325.000,2,0,1,1,1,0,1,0,0,1,1,1,2,1,1,1,1
10,4046.965,7773.687,-289.686,128.984,-0.629913,-0.776618,-0.008601,0.775686,-0.628524,-0.057178,0.039000,-0.042689,0.998327,0,0.88000,-0.64879,52.800,-1.298,-1,375.000,500.000,275.000,300.000,325.000,250.000,300.000,300.000,850.000,875.000,975.000,-1,550.000,325.000,800.000,275.000,2,0,1,1,1,1,1,0,0,1,1,1,2,1,1,1,1
11,4011.751,7819.270,-285.500,127.685,-0.612458,-0.790426,-0.011024,0.789185,-0.610572,-0.066246,0.045632,-0.049273,0.997742,0,0.96000,-0.64945,57.600,-1.299,-1,375.000,425.000,250.000,275.000,300.000,225.000,300.000,325.000,825.000,850.000,975.000,-1,475.000,300.000,700.000,250.000,2,1,1,1,1,1,1,0,0,1,1,1,2,1,1,1,1
12,3976.154,7867.572,-279.085,126.384,-0.595127,-0.803482,-0.015535,0.801500,-0.592030,-0.084247,0.058494,-0.062589,0.996324,0,1.00000,-0.65035,60.000,-1.301,925.000,325.000,400.000,225.000,275.000,250.000,225.000,300.000,350.000,775.000,425.000,675.000,-1,425.000,275.000,600.000,225.000,1,1,1,1,1,1,1,0,0,1,0,0,2,1,1,1,1
13,3941.661,7916.670,-271.970,125.081,-0.577906,-0.815811,-0.021858,0.812809,-0.572963,-0.105140,0.073251,-0.078527,0.994217,0,1.00000,-0.65134,60.000,-1.303,750.000,300.000,350.000,200.000,250.000,225.000,200.000,275.000,400.000,775.000,225.000,400.000,-1,375.000,250.000,525.000,225.000,1,1,1,1,1,1,1,0,0,1,0,0,2,1,1,1,1
14,3908.291,7966.539,-264.162,123.777,-0.560950,-0.827302,-0.030108,0.822981,-0.553344,-0.128500,0.089648,-0.096861,0.991252,0,1.00000,-0.65227,60.000,-1.305,600.000,250.000,300.000,175.000,250.000,200.000,175.000,275.000,475.000,725.000,150.000,300.000,-1,325.000,225.000,425.000,200.000,1,1,1,1,1,1,1,0,0,0,0,0,2,1,1,1,1
15,3876.062,8017.154,-255.569,122.470,-0.544359,-0.837896,-0.040053,0.831986,-0.533190,-0.153322,0.107112,-0.116786,0.987364,0,1.00000,-0.65316,60.000,-1.306,475.000,200.000,275.000,175.000,250.000,175.000,150.000,250.000,550.000,525.000,100.000,250.000,-1,275.000,200.000,350.000,200.000,1,1,1,1,1,1,1,0,0,0,0,0,2,1,1,1,1
16,-9511.024,-5575.394,265.466,14.167,0.968762,-0.244054,0.044031,0.246589,0.966840,-0.066435,-0.026357,0.075217,0.996819,1,0.00000,0.00000,60.000,-1.308,-1,300.000,-1,275.000,-1,225.000,200.000,350.000,700.000,-1,-1,-1,-1,550.000,550.000,-1,-1,2,0,2,1,2,0,0,0,1,2,2,2,2,0,1,2,2
17,-9506.365,-5574.238,265.356,13.927,0.969747,-0.239987,0.044697,0.242602,0.967794,-0.067223,-0.027125,0.076033,0.996736,0,0.08000,-0.12000,4.800,-0.240,-1,300.000,-1,275.000,-1,225.000,200.000,350.000,700.000,-1,-1,-1,-1,550.000,550.000,-1,-1,2,0,2,1,2,0,0,0,1,2,2,2,2,0,1,2,2
18,-9497.028,-5572.004,265.125,13.447,0.971663,-0.231841,0.046050,0.234622,0.969645,-0.068849,-0.028690,0.077703,0.996564,0,0.16000,-0.24000,9.600,-0.480,-1,300.000,-1,275.000,-1,225.000,200.000,350.000,700.000,-1,-1,-1,-1,550.000,575.000,-1,-1,2,0,2,1,2,0,0,0,1,2,2,2,2,0,1,2,2
19,-9482.981,-5568.830,264.750,12.727,0.974404,-0.219593,0.048118,0.222641,0.972282,-0.071410,-0.031103,0.080296,0.996286,0,0.24000,-0.36000,14.400,-0.720,-1,300.000,-1,275.000,-1,225.000,200.000,375.000,675.000,-1,-1,-1,-1,550.000,600.000,-1,-1,2,0,2,1,2,0,0,0,1,2,2,2,2,0,1,2,2
20,-9464.185,-5564.912,264.199,11.767,0.977809,-0.203211,0.050945,0.206649,0.975532,-0.075060,-0.034446,0.083923,0.995877,0,0.32000,-0.48000,19.200,-0.960,-1,275.000,-1,275.000,-1,225.000,200.000,375.000,675.000,-1,-1,-1,-1,525.000,650.000,-1,-1,2,0,2,1,2,0,0,0,1,2,2,2,2,0,1,2,2
21,-9440.591,-5560.507,263.424,10.567,0.981660,-0.182660,0.054589,0.186645,0.979163,-0.080021,-0.038835,0.088742,0.995297,0,0.40000,-0.60000,24.000,-1.200,-1,275.000,-1,275.000,-1,225.000,200.000,375.000,675.000,-1,-1,-1,-1,500.000,725.000,-1,-1,2,0,2,1,2,0,0,0,1,2,2,2,2,0,1,2,2
22,-9412.155,-5555.933,262.360,9.127,0.985683,-0.157904,0.059116,0.162649,0.982876,-0.086601,-0.044429,0.094976,0.994488,0,0.48000,-0.72000,28.800,-1.440,-1,275.000,-1,300.000,-1,200.000,175.000,375.000,650.000,-1,-1,-1,-1,475.000,950.000,-1,-1,2,0,2,1,2,0,0,0,1,2,2,2,2,0,1,2,2
23,-9378.837,-5551.571,260.924,7.447,0.989549,-0.128919,0.064598,0.134711,0.986300,-0.095214,-0.051438,0.102921,0.993359,0,0.56000,-0.84000,33.600,-1.680,-1,250.000,-1,300.000,-1,200.000,175.000,400.000,650.000,-1,-1,-1,-1,450.000,1000.000,900.000,-1,2,0,2,1,2,0,0,0,1,2,2,2,2,0,1,0,2
24,-9340.614,-5547.862,259.007,5.527,0.992868,-0.095696,0.071096,0.102941,0.988979,-0.106408,-0.060130,0.112968,0.991778,0,0.64000,-0.96000,38.400,-1.920,-1,250.000,925.000,300.000,-1,175.000,150.000,400.000,625.000,-1,-1,-1,-1,425.000,-1,725.000,-1,2,0,0,1,2,0,1,0,1,2,2,2,2,0,2,0,2
25,2951.697,4919.482,-205.494,-78.761,0.197029,0.980269,-0.015864,-0.976538,0.194793,-0.091814,-0.086912,0.033582,0.995650,1,0.00000,0.00000,43.200,-2.000,825.000,300.000,825.000,250.000,250.000,250.000,225.000,500.000,300.000,-1,0.000,50.000,-1,475.000,375.000,625.000,250.000,0,0,0,0,0,0,0,1,0,2,1,1,2,0,0,0,0
26,8858.359,-980.388,30.070,46.990,0.681988,-0.731182,-0.016285,0.731286,0.682071,0.000592,0.010675,-0.012313,0.999867,1,0.08000,0.12000,4.800,0.240,-1,400.000,-1,375.000,-1,325.000,325.000,325.000,325.000,-1,750.000,825.000,-1,750.000,775.000,-1,-1,2,0,2,0,2,0,0,0,0,2,1,1,2,0,0,2,2
27,8864.867,-973.331,30.170,47.317,0.677806,-0.735061,-0.016281,0.735165,0.677888,0.000624,0.010578,-0.012392,0.999867,0,0.16000,0.16343,9.600,0.327,-1,400.000,-1,375.000,-1,325.000,325.000,325.000,325.000,-1,775.000,825.000,-1,750.000,775.000,-1,-1,2,0,2,0,2,0,0,0,0,2,1,1,2,0,0,2,2
28,8874.569,-962.690,30.324,47.641,0.673642,-0.738879,-0.016279,0.738984,0.673723,0.000678,0.010467,-0.012487,0.999867,0,0.24000,0.16188,14.400,0.324,-1,400.000,-1,375.000,-1,325.000,325.000,325.000,325.000,-1,775.000,850.000,-1,750.000,775.000,-1,-1,2,0,2,0,2,0,0,0,0,2,1,1,2,0,0,2,2
29,8887.426,-948.431,30.539,47.960,0.669517,-0.742618,-0.016282,0.742725,0.669596,0.000758,0.010339,-0.012601,0.999867,0,0.32000,0.15956,19.200,0.319,-1,400.000,-1,375.000,-1,325.000,325.000,325.000,325.000,-1,800.000,875.000,-1,750.000,775.000,-1,-1,2,0,2,0,2,0,0,0,0,2,1,1,2,0,0,2,2
30,8903.400,-930.519,30.782,48.273,0.665451,-0.746264,-0.016260,0.746370,0.665531,0.000687,0.010309,-0.012593,0.999868,0,0.40000,0.15646,24.000,0.313,-1,400.000,-1,375.000,-1,325.000,325.000,325.000,325.000,-1,825.000,900.000,-1,750.000,775.000,-1,-1,2,0,2,0,2,0,0,0,0,2,1,1,2,0,0,2,2
31,8922.454,-908.923,31.039,48.578,0.661462,-0.749796,-0.016511,0.749905,0.661545,0.000624,0.010455,-0.012795,0.999863,0,0.48000,0.15258,28.800,0.305,-1,400.000,-1,375.000,-1,325.000,325.000,325.000,325.000,-1,850.000,950.000,-1,750.000,775.000,-1,-1,2,0,2,0,2,0,0,0,0,2,1,1,2,0,0,2,2
32,8944.554,-883.613,31.338,48.874,0.657574,-0.753199,-0.016954,0.753314,0.657661,0.000562,0.010726,-0.013141,0.999856,0,0.56000,0.14794,33.600,0.296,-1,400.000,-1,375.000,-1,325.000,325.000,325.000,325.000,-1,875.000,975.000,-1,750.000,775.000,-1,-1,2,0,2,0,2,0,0,0,0,2,1,1,2,0,0,2,2
33,8969.666,-854.563,31.710,49.159,0.653809,-0.756458,-0.017473,0.756579,0.653902,0.000495,0.011051,-0.013543,0.999847,0,0.64000,0.14252,38.400,0.285,-1,400.000,-1,375.000,-1,325.000,325.000,325.000,325.000,-1,925.000,-1,-1,750.000,775.000,-1,-1,2,0,2,0,2,0,0,0,0,2,1,2,2,0,0,2,2
34,8997.761,-821.746,32.170,49.432,0.650191,-0.759556,-0.018069,0.759685,0.650291,0.000419,0.011432,-0.013999,0.999837,0,0.72000,0.13633,43.200,0.273,-1,400.000,-1,400.000,-1,325.000,325.000,325.000,325.000,-1,950.000,-1,-1,750.000,800.000,-1,-1,2,0,2,0,2,0,0,0,0,2,1,2,2,0,0,2,2
35,9028.813,-785.144,32.733,49.690,0.646741,-0.762479,-0.018742,0.762617,0.646850,0.000334,0.011869,-0.014509,0.999824,0,0.80000,0.12936,48.000,0.259,-1,400.000,-1,400.000,-1,325.000,325.000,325.000,325.000,-1,1000.000,-1,-1,750.000,800.000,-1,-1,2,0,2,0,2,0,0,0,0,2,1,2,2,0,0,2,2
36,9060.349,-747.649,33.358,49.934,0.643484,-0.765212,-0.019442,0.765360,0.643602,0.000267,0.012308,-0.015052,0.999811,0,0.81656,0.12163,48.994,0.243,-1,400.000,-1,400.000,-1,325.000,325.000,325.000,325.000,-1,-1,-1,-1,750.000,800.000,-1,-1,2,0,2,0,2,0,0,0,0,2,2,2,2,0,0,2,2
37,9091.982,-709.734,33.980,50.161,0.640428,-0.767752,-0.020220,0.767915,0.640551,0.000528,0.012547,-0.015865,0.999795,0,0.82296,0.11373,49.378,0.227,-1,400.000,-1,400.000,-1,325.000,325.000,325.000,325.000,-1,-1,-1,-1,750.000,825.000,-1,-1,2,0,2,0,2,0,0,0,0,2,2,2,2,0,0,2,2
38,9123.633,-671.504,34.596,50.378,0.637509,-0.770164,-0.020722,0.770340,0.637633,0.000811,0.012589,-0.016480,0.999785,0,0.82721,0.10849,49.632,0.217,-1,400.000,-1,400.000,-1,325.000,325.000,325.000,325.000,-1,-1,-1,-1,750.000,825.000,-1,-1,2,0,2,0,2,0,0,0,0,2,2,2,2,0,0,2,2
39,9155.140,-633.154,35.094,50.595,0.634597,-0.772573,-0.020431,0.772749,0.634711,0.001112,0.012108,-0.016494,0.999791,0,0.82721,0.10849,49.632,0.217,-1,400.000,-1,400.000,-1,325.000,325.000,325.000,325.000,-1,-1,-1,-1,750.000,825.000,-1,-1,2,0,2,0,2,0,0,0,0,2,2,2,2,0,0,2,2
40,9185.106,-596.080,35.611,51.052,0.628424,-0.777610,-0.020136,0.777785,0.628528,0.001442,0.011535,-0.016567,0.999796,0,0.79449,0.22849,47.670,0.457,-1,375.000,-1,400.000,-1,325.000,325.000,325.000,325.000,-1,-1,-1,-1,750.000,825.000,-1,-1,2,0,2,0,2,0,0,0,0,2,2,2,2,0,0,2,2
41,9214.618,-558.645,36.077,51.749,0.618927,-0.785200,-0.019759,0.785370,0.619025,0.001432,0.011106,-0.016404,0.999804,0,0.79449,0.34849,47.670,0.697,-1,375.000,-1,400.000,-1,325.000,325.000,325.000,325.000,-1,-1,-1,-1,775.000,825.000,-1,-1,2,0,2,0,2,0,0,0,0,2,2,2,2,0,0,2,2
42,9243.515,-520.732,36.518,52.686,0.606011,-0.795221,-0.019339,0.795384,0.606104,0.001239,0.010737,-0.016133,0.999812,0,0.79449,0.46849,47.670,0.937,-1,375.000,-1,400.000,-1,325.000,325.000,325.000,325.000,-1,-1,-1,-1,775.000,825.000,-1,-1,2,0,2,0,2,0,0,0,0,2,2,2,2,0,0,2,2
43,9271.627,-482.234,36.965,53.863,0.589553,-0.807504,-0.019097,0.807664,0.589642,0.001147,0.010334,-0.016100,0.999817,0,0.79449,0.58849,47.670,1.177,-1,375.000,-1,400.000,-1,325.000,325.000,325.000,325.000,-1,-1,-1,-1,775.000,825.000,-1,-1,2,0,2,0,2,0,0,0,0,2,2,2,2,0,0,2,2
44,9298.778,-443.052,37.348,55.280,0.569408,-0.821835,-0.019016,0.821996,0.569492,0.001166,0.009871,-0.016295,0.999819,0,0.79449,0.70849,47.670,1.417,-1,375.000,-1,400.000,-1,325.000,325.000,325.000,325.000,-1,-1,-1,-1,775.000,825.000,-1,-1,2,0,2,0,2,0,0,0,0,2,2,2,2,0,0,2,2
45,9324.784,-403.101,37.638,56.937,0.545419,-0.837960,-0.018456,0.838116,0.545491,0.001362,0.008926,-0.016211,0.999829,0,0.79449,0.82849,47.670,1.657,-1,375.000,-1,400.000,-1,325.000,325.000,325.000,325.000,-1,-1,-1,-1,775.000,825.000,-1,-1,2,0,2,0,2,0,0,0,0,2,2,2,2,0,0,2,2
46,9349.477,-362.325,37.948,58.803,0.517863,-0.855274,-0.017992,0.855428,0.517920,0.001724,0.007844,-0.016284,0.999837,0,0.79449,0.93285,47.670,1.866,-1,375.000,-1,400.000,-1,325.000,325.000,325.000,325.000,-1,-1,-1,-1,775.000,800.000,-1,-1,2,0,2,0,2,0,0,0,0,2,2,2,2,0,0,2,2
47,9372.828,-320.767,38.278,60.668,0.489758,-0.871680,-0.017631,0.871833,0.489799,0.002229,0.006693,-0.016463,0.999842,0,0.79449,0.93285,47.670,1.866,-1,375.000,-1,400.000,-1,325.000,325.000,325.000,325.000,-1,-1,-1,-1,775.000,800.000,-1,-1,2,0,2,0,2,0,0,0,0,2,2,2,2,0,0,2,2
48,9394.814,-278.470,38.626,62.534,0.461134,-0.887160,-0.017383,0.887314,0.461158,0.002868,0.005472,-0.016746,0.999845,0,0.79449,0.93285,47.670,1.866,-1,375.000,-1,400.000,-1,325.000,325.000,325.000,325.000,-1,-1,-1,-1,775.000,800.000,-1,-1,2,0,2,0,2,0,0,0,0,2,2,2,2,0,0,2,2
49,9415.412,-235.481,38.989,64.400,0.432022,-0.901698,-0.017257,0.901853,0.432027,0.003632,0.004180,-0.017132,0.999844,0,0.79449,0.93285,47.670,1.866,-1,375.000,-1,400.000,-1,325.000,325.000,325.000,325.000,-1,-1,-1,-1,775.000,800.000,-1,-1,2,0,2,0,2,0,0,0,0,2,2,2,2,0,0,2,2
50,9434.599,-191.843,39.227,66.265,0.402449,-0.915285,-0.016961,0.915437,0.402442,0.003937,0.003222,-0.017111,0.999848,0,0.79449,0.93285,47.670,1.866,-1,375.000,-1,400.000,-1,325.000,325.000,325.000,325.000,-1,-1,-1,-1,775.000,800.000,-1,-1,2,0,2,0,2,0,0,0,0,2,2,2,2,0,0,2,2
51,9452.355,-147.604,39.382,68.131,0.372445,-0.927907,-0.016549,0.928051,0.372432,0.003979,0.002471,-0.016841,0.999855,0,0.79449,0.93285,47.670,1.866,-1,375.000,-1,400.000,-1,325.000,325.000,325.000,325.000,-1,-1,-1,-1,775.000,800.000,-1,-1,2,0,2,0,2,0,0,0,0,2,2,2,2,0,0,2,2
52,9468.662,-102.810,39.509,69.997,0.342045,-0.939541,-0.016371,0.939682,0.342025,0.004084,0.001762,-0.016781,0.999858,0,0.79449,0.93285,47.670,1.866,-1,400.000,-1,400.000,-1,325.000,325.000,325.000,325.000,-1,-1,-1,-1,775.000,800.000,-1,-1,2,0,2,0,2,0,0,0,0,2,2,2,2,0,0,2,2
53,9483.501,-57.509,39.588,71.862,0.311282,-0.950174,-0.016495,0.950317,0.311254,0.004302,0.001046,-0.017015,0.999855,0,0.79449,0.93285,47.670,1.866,-1,400.000,-1,400.000,-1,325.000,325.000,325.000,325.000,-1,-1,-1,-1,800.000,800.000,-1,-1,2,0,2,0,2,0,0,0,0,2,2,2,2,0,0,2,2
54,9496.858,-11.749,39.584,73.728,0.280195,-0.959793,-0.016969,0.959943,0.280151,0.004919,0.000032,-0.017668,0.999844,0,0.79449,0.93285,47.670,1.866,-1,400.000,-1,400.000,-1,325.000,325.000,325.000,325.000,-1,-1,-1,-1,800.000,800.000,-1,-1,2,0,2,0,2,0,0,0,0,2,2,2,2,0,0,2,2
55,9508.717,34.422,39.574,75.594,0.248812,-0.968392,-0.017586,0.968551,0.248752,0.005580,-0.001029,-0.018422,0.999830,0,0.79449,0.93285,47.670,1.866,-1,400.000,-1,400.000,-1,325.000,325.000,325.000,325.000,-1,-1,-1,-1,800.000,800.000,-1,-1,2,0,2,0,2,0,0,0,0,2,2,2,2,0,0,2,2
56,9519.068,80.955,39.367,77.460,0.217163,-0.975974,-0.017727,0.976134,0.217091,0.005873,-0.001884,-0.018580,0.999826,0,0.79449,0.93285,47.670,1.866,-1,400.000,-1,400.000,-1,325.000,325.000,325.000,325.000,-1,-1,-1,-1,800.000,800.000,-1,-1,2,0,2,0,2,0,0,0,0,2,2,2,2,0,0,2,2
57,9527.898,127.799,39.006,79.325,0.185288,-0.982530,-0.017409,0.982680,0.185203,0.006389,-0.003053,-0.018292,0.999828,0,0.79449,0.93285,47.670,1.866,-1,400.000,-1,400.000,-1,325.000,325.000,325.000,325.000,-1,-1,-1,-1,800.000,800.000,-1,-1,2,0,2,0,2,0,0,0,0,2,2,2,2,0,0,2,2
58,9535.198,174.907,38.633,81.191,0.153217,-0.988042,-0.017224,0.988183,0.153117,0.006989,-0.004268,-0.018092,0.999827,0,0.79449,0.93285,47.670,1.866,-1,400.000,-1,400.000,-1,325.000,325.000,325.000,325.000,-1,-1,-1,-1,825.000,800.000,-1,-1,2,0,2,0,2,0,0,0,0,2,2,2,2,0,0,2,2
59,9540.961,222.227,38.246,83.057,0.120985,-0.992506,-0.017175,0.992639,0.120869,0.007659,-0.005525,-0.017975,0.999823,0,0.79449,0.93285,47.670,1.866,-1,400.000,-1,400.000,-1,325.000,325.000,325.000,325.000,-1,-1,-1,-1,825.000,800.000,-1,-1,2,0,2,0,2,0,0,0,0,2,2,2,2,0,0,2,2
60,9545.180,269.709,37.844,84.922,0.088626,-0.995915,-0.017263,0.996042,0.088492,0.008387,-0.006825,-0.017938,0.999816,0,0.79449,0.93285,47.670,1.866,-1,400.000,-1,400.000,-1,325.000,325.000,325.000,325.000,-1,-1,-1,-1,825.000,800.000,-1,-1,2,0,2,0,2,0,0,0,0,2,2,2,2,0,0,2,2
61,9547.851,317.304,37.424,86.788,0.056175,-0.998268,-0.017490,0.998388,0.056021,0.009162,-0.008166,-0.017977,0.999805,0,0.79449,0.93285,47.670,1.866,-1,400.000,-1,400.000,-1,325.000,325.000,325.000,300.000,-1,-1,-1,-1,825.000,800.000,-1,-1,2,0,2,0,2,0,0,0,0,2,2,2,2,0,0,2,2
62,9548.970,364.960,36.985,88.654,0.023667,-0.999560,-0.017856,0.999674,0.023491,0.009969,-0.009545,-0.018086,0.999791,0,0.79449,0.93285,47.670,1.866,-1,400.000,-1,400.000,-1,325.000,325.000,325.000,300.000,-1,-1,-1,-1,825.000,800.000,-1,-1,2,0,2,0,2,0,0,0,0,2,2,2,2,0,0,2,2
63,9548.538,412.628,36.526,90.519,-0.008864,-0.999792,-0.018359,0.999901,-0.009064,0.010797,-0.010961,-0.018262,0.999773,0,0.79449,0.93285,47.670,1.866,-1,400.000,-1,400.000,-1,325.000,325.000,325.000,325.000,-1,-1,-1,-1,825.000,800.000,-1,-1,2,0,2,0,2,0,0,0,0,2,2,2,2,0,0,2,2
64,9546.554,460.256,36.043,92.385,-0.041383,-0.998963,-0.018999,0.999066,-0.041609,0.011633,-0.012411,-0.018499,0.999752,0,0.79449,0.93285,47.670,1.866,-1,400.000,-1,400.000,-1,325.000,325.000,325.000,325.000,-1,-1,-1,-1,825.000,800.000,-1,-1,2,0,2,0,2,0,0,0,0,2,2,2,2,0,0,2,2
65,9543.021,507.795,35.537,94.251,-0.073855,-0.997073,-0.019772,0.997172,-0.074109,0.012464,-0.013893,-0.018795,0.999727,0,0.79449,0.93285,47.670,1.866,-1,400.000,-1,400.000,-1,325.000,325.000,325.000,325.000,-1,-1,-1,-1,825.000,800.000,-1,-1,2,0,2,0,2,0,0,0,0,2,2,2,2,0,0,2,2
66,9537.941,555.193,35.004,96.116,-0.106244,-0.994125,-0.020675,0.994221,-0.106531,0.013280,-0.015404,-0.019144,0.999698,0,0.79449,0.93285,47.670,1.866,-1,400.000,-1,400.000,-1,325.000,325.000,325.000,325.000,-1,-1,-1,-1,825.000,800.000,-1,-1,2,0,2,0,2,0,0,0,0,2,2,2,2,0,0,2,2
67,9531.322,602.401,34.444,97.982,-0.138517,-0.990122,-0.021703,0.990215,-0.138839,0.014067,-0.016941,-0.019543,0.999665,0,0.79449,0.93285,47.670,1.866,-1,400.000,-1,400.000,-1,325.000,325.000,325.000,325.000,-1,-1,-1,-1,825.000,800.000,-1,-1,2,0,2,0,2,0,0,0,0,2,2,2,2,0,0,2,2
68,9523.168,649.368,33.643,99.848,-0.170658,-0.985084,-0.022048,0.985161,-0.171001,0.014726,-0.018277,-0.019207,0.999648,0,0.79449,0.93285,47.670,1.866,-1,400.000,-1,400.000,-1,325.000,325.000,325.000,325.000,-1,-1,-1,-1,850.000,800.000,-1,-1,2,0,2,0,2,0,0,0,0,2,2,2,2,0,0,2,2
69,9514.641,691.381,32.821,101.474,-0.198520,-0.979846,-0.022184,0.979901,-0.198881,0.015471,-0.019571,-0.018666,0.999634,0,0.71449,0.81285,42.870,1.626,-1,400.000,-1,400.000,-1,325.000,325.000,325.000,325.000,-1,-1,-1,-1,850.000,800.000,-1,-1,2,0,2,0,2,0,0,0,0,2,2,2,2,0,0,2,2
70,9506.168,728.496,32.004,102.859,-0.222140,-0.974753,-0.022607,0.974799,-0.222519,0.015876,-0.020505,-0.018511,0.999618,0,0.63449,0.69285,38.070,1.386,-1,400.000,-1,400.000,-1,325.000,325.000,325.000,300.000,-1,-1,-1,-1,850.000,800.000,-1,-1,2,0,2,0,2,0,0,0,0,2,2,2,2,0,0,2,2
71,9498.117,760.777,31.211,104.005,-0.241561,-0.970105,-0.023316,0.970148,-0.241964,0.016307,-0.021461,-0.018681,0.999595,0,0.55449,0.57285,33.270,1.146,-1,400.000,-1,400.000,-1,325.000,325.000,325.000,300.000,-1,-1,-1,-1,850.000,800.000,-1,-1,2,0,2,0,2,0,0,0,0,2,2,2,2,0,0,2,2
72,9490.791,788.288,30.521,104.911,-0.256843,-0.966156,-0.023957,0.966197,-0.257267,0.016658,-0.022258,-0.018869,0.999574,0,0.47449,0.45285,28.470,0.906,-1,400.000,-1,400.000,-1,325.000,325.000,325.000,300.000,-1,-1,-1,-1,850.000,800.000,-1,-1,2,0,2,0,2,0,0,0,0,2,2,2,2,0,0,2,2
73,9484.435,811.088,29.939,105.576,-0.268031,-0.963098,-0.024514,0.963138,-0.268473,0.016937,-0.022894,-0.019070,0.999556,0,0.39449,0.33285,23.670,0.666,-1,400.000,-1,400.000,-1,325.000,325.000,325.000,300.000,-1,-1,-1,-1,850.000,800.000,-1,-1,2,0,2,0,2,0,0,0,0,2,2,2,2,0,0,2,2
74,9479.233,829.227,29.469,106.002,-0.275163,-0.961073,-0.024973,0.961113,-0.275620,0.017153,-0.023369,-0.019282,0.999541,0,0.31449,0.21285,18.870,0.426,-1,400.000,-1,400.000,-1,325.000,325.000,325.000,300.000,-1,-1,-1,-1,850.000,800.000,-1,-1,2,0,2,0,2,0,0,0,0,2,2,2,2,0,0,2,2
75,9475.311,842.738,29.115,106.188,-0.278264,-0.960171,-0.025328,0.960213,-0.278733,0.017312,-0.023683,-0.019503,0.999529,0,0.23449,0.09285,14.070,0.186,-1,400.000,-1,400.000,-1,325.000,325.000,325.000,300.000,-1,-1,-1,-1,850.000,800.000,-1,-1,2,0,2,0,2,0,0,0,0,2,2,2,2,0,0,2,2
76,9472.727,851.641,28.878,106.182,-0.278165,-0.960193,-0.025570,0.960237,-0.278642,0.017418,-0.023850,-0.019708,0.999521,0,0.15449,-0.00267,9.270,-0.005,-1,400.000,-1,400.000,-1,325.000,325.000,325.000,300.000,-1,-1,-1,-1,850.000,800.000,-1,-1,2,0,2,0,2,0,0,0,0,2,2,2,2,0,0,2,2
77,9471.482,855.933,28.763,106.177,-0.278072,-0.960217,-0.025687,0.960262,-0.278552,0.017469,-0.023929,-0.019808,0.999517,0,0.07449,-0.00267,4.470,-0.005,-1,400.000,-1,400.000,-1,325.000,325.000,325.000,300.000,-1,-1,-1,-1,850.000,800.000,-1,-1,2,0,2,0,2,0,0,0,0,2,2,2,2,0,0,2,2
78,9471.574,855.616,28.772,106.172,-0.277982,-0.960243,-0.025679,0.960288,-0.278463,0.017465,-0.023921,-0.019804,0.999518,0,-0.00551,-0.00267,-0.330,-0.005,-1,400.000,-1,400.000,-1,325.000,325.000,325.000,300.000,-1,-1,-1,-1,850.000,800.000,-1,-1,2,0,2,0,2,0,0,0,0,2,2,2,2,0,0,2,2
79,9473.002,850.689,28.903,106.166,-0.277898,-0.960271,-0.025545,0.960315,-0.278374,0.017407,-0.023826,-0.019694,0.999522,0,-0.08551,-0.00267,-5.130,-0.005,-1,400.000,-1,400.000,-1,325.000,325.000,325.000,300.000,-1,-1,-1,-1,850.000,800.000,-1,-1,2,0,2,0,2,0,0,0,0,2,2,2,2,0,0,2,2
80,9475.766,841.151,29.156,106.161,-0.277818,-0.960301,-0.025287,0.960343,-0.278285,0.017294,-0.023644,-0.019479,0.999531,0,-0.16551,-0.00267,-9.930,-0.005,-1,400.000,-1,400.000,-1,325.000,325.000,325.000,300.000,-1,-1,-1,-1,850.000,800.000,-1,-1,2,0,2,0,2,0,0,0,0,2,2,2,2,0,0,2,2
81,9478.611,831.334,29.417,106.156,-0.277738,-0.960331,-0.025020,0.960370,-0.278197,0.017178,-0.023457,-0.019257,0.999539,0,-0.17035,-0.00267,-10.221,-0.005,-1,400.000,-1,400.000,-1,325.000,325.000,325.000,300.000,-1,-1,-1,-1,850.000,800.000,-1,-1,2,0,2,0,2,0,0,0,0,2,2,2,2,0,0,2,2
82,9481.454,821.516,29.676,106.150,-0.277658,-0.960361,-0.024751,0.960398,-0.278109,0.017062,-0.023269,-0.019034,0.999548,0,-0.17035,-0.00267,-10.221,-0.005,-1,400.000,-1,400.000,-1,325.000,325.000,325.000,300.000,-1,-1,-1,-1,850.000,800.000,-1,-1,2,0,2,0,2,0,0,0,0,2,2,2,2,0,0,2,2
83,9484.296,811.698,29.936,106.145,-0.277579,-0.960391,-0.024482,0.960426,-0.278021,0.016947,-0.023082,-0.018810,0.999557,0,-0.17035,-0.00267,-10.221,-0.005,-1,400.000,-1,400.000,-1,325.000,325.000,325.000,300.000,-1,-1,-1,-1,850.000,800.000,-1,-1,2,0,2,0,2,0,0,0,0,2,2,2,2,0,0,2,2
84,9487.137,801.880,30.195,106.140,-0.277499,-0.960421,-0.024213,0.960453,-0.277932,0.016831,-0.022895,-0.018584,0.999565,0,-0.17035,-0.00267,-10.221,-0.005,-1,400.000,-1,400.000,-1,325.000,325.000,325.000,300.000,-1,-1,-1,-1,850.000,800.000,-1,-1,2,0,2,0,2,0,0,0,0,2,2,2,2,0,0,2,2
85,9489.978,792.062,30.454,106.134,-0.277419,-0.960451,-0.023942,0.960481,-0.277844,0.016717,-0.022707,-0.018358,0.999574,0,-0.17035,-0.00267,-10.221,-0.005,-1,400.000,-1,400.000,-1,325.000,325.000,325.000,300.000,-1,-1,-1,-1,850.000,800.000,-1,-1,2,0,2,0,2,0,0,0,0,2,2,2,2,0,0,2,2
86,9492.817,782.243,30.712,106.129,-0.277339,-0.960481,-0.023670,0.960508,-0.277756,0.016602,-0.022520,-0.018131,0.999582,0,-0.17035,-0.00267,-10.221,-0.005,-1,400.000,-1,400.000,-1,325.000,325.000,325.000,300.000,-1,-1,-1,-1,850.000,800.000,-1,-1,2,0,2,0,2,0,0,0,0,2,2,2,2,0,0,2,2
87,9495.656,772.424,30.969,106.124,-0.277258,-0.960510,-0.023397,0.960536,-0.277667,0.016488,-0.022333,-0.017903,0.999590,0,-0.17035,-0.00267,-10.221,-0.005,-1,400.000,-1,400.000,-1,325.000,325.000,325.000,300.000,-1,-1,-1,-1,850.000,800.000,-1,-1,2,0,2,0,2,0,0,0,0,2,2,2,2,0,0,2,2
88,9498.493,762.605,31.227,106.118,-0.277178,-0.960540,-0.023124,0.960563,-0.277579,0.016374,-0.022146,-0.017674,0.999599,0,-0.17035,-0.00267,-10.221,-0.005,-1,400.000,-1,400.000,-1,325.000,325.000,325.000,300.000,-1,-1,-1,-1,850.000,800.000,-1,-1,2,0,2,0,2,0,0,0,0,2,2,2,2,0,0,2,2
89,9501.330,752.785,31.483,106.113,-0.277098,-0.960570,-0.022850,0.960591,-0.277491,0.016260,-0.021959,-0.017443,0.999607,0,-0.17035,-0.00267,-10.221,-0.005,-1,400.000,-1,400.000,-1,325.000,325.000,325.000,300.000,-1,-1,-1,-1,850.000,800.000,-1,-1,2,0,2,0,2,0,0,0,0,2,2,2,2,0,0,2,2
90,9504.166,742.966,31.731,106.108,-0.277016,-0.960599,-0.022615,0.960618,-0.277402,0.016163,-0.021800,-0.017247,0.999614,0,-0.17035,-0.00267,-10.221,-0.005,-1,400.000,-1,400.000,-1,325.000,325.000,325.000,300.000,-1,-1,-1,-1,850.000,800.000,-1,-1,2,0,2,0,2,0,0,0,0,2,2,2,2,0,0,2,2
91,9507.001,733.146,31.965,106.102,-0.276932,-0.960627,-0.022449,0.960645,-0.277313,0.016096,-0.021687,-0.017108,0.999618,0,-0.17035,-0.00267,-10.221,-0.005,-1,400.000,-1,400.000,-1,325.000,325.000,325.000,300.000,-1,-1,-1,-1,850.000,800.000,-1,-1,2,0,2,0,2,0,0,0,0,2,2,2,2,0,0,2,2
92,9509.835,723.325,32.197,106.097,-0.276848,-0.960655,-0.022281,0.960671,-0.277224,0.016028,-0.021575,-0.016968,0.999623,0,-0.17035,-0.00267,-10.221,-0.005,-1,400.000,-1,400.000,-1,325.000,325.000,325.000,300.000,-1,-1,-1,-1,850.000,800.000,-1,-1,2,0,2,0,2,0,0,0,0,2,2,2,2,0,0,2,2
93,9512.668,713.505,32.430,106.092,-0.276764,-0.960683,-0.022113,0.960698,-0.277136,0.015961,-0.021462,-0.016826,0.999628,0,-0.17035,-0.00267,-10.221,-0.005,-1,400.000,-1,400.000,-1,325.000,325.000,325.000,300.000,-1,-1,-1,-1,850.000,800.000,-1,-1,2,0,2,0,2,0,0,0,0,2,2,2,2,0,0,2,2
94,9514.192,708.303,32.549,106.326,-0.280699,-0.959543,-0.022035,0.959556,-0.281069,0.015914,-0.021463,-0.016677,0.999631,0,-0.09035,0.11733,-5.421,0.235,-1,400.000,-1,400.000,-1,325.000,325.000,325.000,300.000,-1,-1,-1,-1,850.000,800.000,-1,-1,2,0,2,0,2,0,0,0,0,2,2,2,2,0,0,2,2
95,9514.371,707.708,32.563,106.801,-0.288640,-0.957184,-0.022026,0.957194,-0.289009,0.015919,-0.021603,-0.016489,0.999631,0,-0.01035,0.23733,-0.621,0.475,-1,400.000,-1,400.000,-1,325.000,325.000,325.000,300.000,-1,-1,-1,-1,850.000,800.000,-1,-1,2,0,2,0,2,0,0,0,0,2,2,2,2,0,0,2,2
96,9513.118,711.695,32.478,107.445,-0.299381,-0.953878,-0.022071,0.953883,-0.299752,0.016006,-0.021883,-0.016261,0.999628,0,0.06965,0.32206,4.179,0.644,-1,400.000,-1,400.000,-1,325.000,325.000,325.000,300.000,-1,-1,-1,-1,850.000,800.000,-1,-1,2,0,2,0,2,0,0,0,0,2,2,2,2,0,0,2,2
97,9510.330,720.230,32.282,108.089,-0.310081,-0.950451,-0.022207,0.950450,-0.310458,0.016123,-0.022218,-0.016107,0.999623,0,0.14965,0.32206,8.979,0.644,-1,400.000,-1,400.000,-1,325.000,325.000,325.000,300.000,-1,-1,-1,-1,850.000,800.000,-1,-1,2,0,2,0,2,0,0,0,0,2,2,2,2,0,0,2,2
98,9505.905,733.279,31.965,108.733,-0.320739,-0.946901,-0.022457,0.946898,-0.321123,0.016237,-0.022587,-0.016057,0.999616,0,0.22965,0.32206,13.779,0.644,-1,400.000,-1,400.000,-1,325.000,325.000,325.000,300.000,-1,-1,-1,-1,850.000,800.000,-1,-1,2,0,2,0,2,0,0,0,0,2,2,2,2,0,0,2,2
99,9499.741,750.806,31.530,109.377,-0.331353,-0.943231,-0.022810,0.943226,-0.331748,0.016372,-0.023010,-0.016090,0.999606,0,0.30965,0.32206,18.579,0.644,-1,400.000,-1,400.000,-1,325.000,325.000,325.000,300.000,-1,-1,-1,-1,850.000,800.000,-1,-1,2,0,2,0,2,0,0,0,0,2,2,2,2,0,0,2,2
100,9491.736,772.772,30.971,110.022,-0.341922,-0.939440,-0.023287,0.939434,-0.342330,0.016531,-0.023502,-0.016225,0.999592,0,0.38965,0.32206,23.379,0.644,-1,400.000,-1,400.000,-1,325.000,325.000,325.000,300.000,-1,-1,-1,-1,850.000,800.000,-1,-1,2,0,2,0,2,0,0,0,0,2,2,2,2,0,0,2,2
101,9481.791,799.138,30.241,110.666,-0.352435,-0.935526,-0.024109,0.935523,-0.352867,0.016781,-0.024206,-0.016640,0.999568,0,0.46965,0.32206,28.179,0.644,-1,400.000,-1,400.000,-1,325.000,325.000,325.000,300.000,-1,-1,-1,-1,850.000,800.000,-1,-1,2,0,2,0,2,0,0,0,0,2,2,2,2,0,0,2,2
102,9469.806,829.862,29.372,111.310,-0.362898,-0.931491,-0.025090,0.931493,-0.363358,0.017054,-0.025002,-0.017182,0.999540,0,0.54965,0.32206,32.979,0.644,-1,400.000,-1,400.000,-1,325.000,325.000,325.000,300.000,-1,-1,-1,-1,875.000,825.000,-1,-1,2,0,2,0,2,0,0,0,0,2,2,2,2,0,0,2,2
103,9455.682,864.901,28.360,111.954,-0.373308,-0.927336,-0.026230,0.927346,-0.373803,0.017346,-0.025891,-0.017849,0.999505,0,0.62965,0.32206,37.779,0.644,-1,400.000,-1,400.000,-1,325.000,325.000,325.000,300.000,-1,-1,-1,-1,875.000,825.000,-1,-1,2,0,2,0,2,0,0,0,0,2,2,2,2,0,0,2,2
104,9439.320,904.211,27.201,112.598,-0.383664,-0.923062,-0.027528,0.923082,-0.384199,0.017655,-0.026873,-0.018637,0.999465,0,0.70965,0.32206,42.579,0.644,-1,400.000,-1,400.000,-1,325.000,325.000,300.000,325.000,-1,-1,-1,-1,875.000,825.000,-1,-1,2,0,2,0,2,0,0,0,0,2,2,2,2,0,0,2,2
105,9420.623,947.745,25.889,113.242,-0.393964,-0.918669,-0.028980,0.918701,-0.394544,0.017977,-0.027949,-0.019542,0.999418,0,0.78965,0.32206,47.379,0.644,-1,400.000,-1,400.000,-1,325.000,325.000,300.000,325.000,-1,-1,-1,-1,875.000,825.000,-1,-1,2,0,2,0,2,0,0,0,0,2,2,2,2,0,0,2,2
106,9399.883,994.577,24.325,113.886,-0.404208,-0.914166,-0.030287,0.914193,-0.404843,0.018816,-0.029462,-0.020082,0.999364,0,0.85364,0.32206,51.219,0.644,-1,400.000,-1,400.000,-1,325.000,325.000,300.000,325.000,-1,-1,-1,-1,875.000,850.000,-1,-1,2,0,2,0,2,0,0,0,0,2,2,2,2,0,0,2,2
107,9378.618,1041.172,22.696,114.531,-0.414398,-0.909550,-0.031513,0.909564,-0.415091,0.019809,-0.031099,-0.020455,0.999307,0,0.85364,0.32206,51.219,0.644,-1,400.000,-1,400.000,-1,325.000,325.000,300.000,325.000,-1,-1,-1,-1,875.000,850.000,-1,-1,2,0,2,0,2,0,0,0,0,2,2,2,2,0,0,2,2
108,9356.830,1087.526,21.045,115.175,-0.424534,-0.904819,-0.032755,0.904820,-0.425287,0.020779,-0.032732,-0.020816,0.999247,0,0.85364,0.32206,51.219,0.644,-1,400.000,-1,400.000,-1,325.000,325.000,300.000,325.000,-1,-1,-1,-1,875.000,850.000,-1,-1,2,0,2,0,2,0,0,0,0,2,2,2,2,0,0,2,2
109,9334.523,1133.632,19.372,115.819,-0.434614,-0.899974,-0.034011,0.899961,-0.435429,0.021725,-0.034361,-0.021166,0.999185,0,0.85364,0.32206,51.219,0.644,-1,400.000,-1,400.000,-1,325.000,325.000,300.000,325.000,-1,-1,-1,-1,875.000,850.000,-1,-1,2,0,2,0,2,0,0,0,0,2,2,2,2,0,0,2,2
110,9311.699,1179.484,17.631,116.463,-0.444647,-0.895019,-0.035072,0.894988,-0.445517,0.022602,-0.035854,-0.021339,0.999129,0,0.85364,0.32206,51.219,0.644,-1,400.000,-1,400.000,-1,325.000,325.000,300.000,325.000,-1,-1,-1,-1,875.000,850.000,-1,-1,2,0,2,0,2,0,0,0,0,2,2,2,2,0,0,2,2
111,9288.361,1225.076,15.791,117.107,-0.454639,-0.889956,-0.035789,0.889902,-0.455552,0.023387,-0.037117,-0.021216,0.999086,0,0.85364,0.32206,51.219,0.644,-1,400.000,-1,400.000,-1,325.000,325.000,300.000,300.000,-1,-1,-1,-1,875.000,850.000,-1,-1,2,0,2,0,2,0,0,0,0,2,2,2,2,0,0,2,2
112,9264.512,1270.404,13.808,117.751,-0.464576,-0.884790,-0.036284,0.884686,-0.465533,0.024686,-0.038733,-0.020631,0.999037,0,0.85364,0.32206,51.219,0.644,-1,400.000,-1,400.000,-1,325.000,325.000,300.000,300.000,-1,-1,-1,-1,900.000,850.000,-1,-1,2,0,2,0,2,0,0,0,0,2,2,2,2,0,0,2,2
113,9242.608,1311.330,11.939,118.155,-0.470766,-0.881494,-0.036711,0.881337,-0.471768,0.026083,-0.040311,-0.020076,0.998985,0,0.77364,0.20206,46.419,0.404,-1,400.000,-1,400.000,-1,325.000,325.000,300.000,300.000,-1,-1,-1,-1,900.000,850.000,-1,-1,2,0,2,0,2,0,0,0,0,2,2,2,2,0,0,2,2
114,9222.865,1347.968,10.216,118.319,-0.473241,-0.880143,-0.037295,0.879941,-0.474293,0.027378,-0.041785,-0.019861,0.998929,0,0.69364,0.08206,41.619,0.164,-1,400.000,-1,400.000,-1,325.000,325.000,300.000,300.000,-1,-1,-1,-1,900.000,850.000,-1,-1,2,0,2,0,2,0,0,0,0,2,2,2,2,0,0,2,2
115,9204.455,1382.127,8.605,118.323,-0.473243,-0.880119,-0.037826,0.879876,-0.474342,0.028593,-0.043108,-0.019751,0.998875,0,0.64674,0.00155,38.804,0.003,-1,400.000,-1,400.000,-1,325.000,325.000,300.000,300.000,-1,-1,-1,-1,900.000,850.000,-1,-1,2,0,2,0,2,0,0,0,0,2,2,2,2,0,0,2,2
116,9186.043,1416.285,6.928,118.326,-0.473244,-0.880092,-0.038445,0.879819,-0.474389,0.029569,-0.044261,-0.019831,0.998823,0,0.64674,0.00155,38.804,0.003,-1,425.000,-1,400.000,-1,325.000,325.000,300.000,300.000,-1,-1,-1,-1,900.000,850.000,-1,-1,2,0,2,0,2,0,0,0,0,2,2,2,2,0,0,2,2
117,9167.629,1450.442,5.214,118.329,-0.473244,-0.880064,-0.039097,0.879765,-0.474435,0.030429,-0.045328,-0.019996,0.998772,0,0.64674,0.00155,38.804,0.003,-1,425.000,-1,400.000,-1,325.000,325.000,300.000,300.000,-1,-1,-1,-1,900.000,850.000,-1,-1,2,0,2,0,2,0,0,0,0,2,2,2,2,0,0,2,2
118,9149.213,1484.598,3.474,118.332,-0.473239,-0.880034,-0.039799,0.879709,-0.474481,0.031315,-0.046442,-0.020192,0.998717,0,0.64674,0.00155,38.804,0.003,-1,425.000,-1,400.000,-1,325.000,325.000,300.000,300.000,-1,-1,-1,-1,900.000,850.000,-1,-1,2,0,2,0,2,0,0,0,0,2,2,2,2,0,0,2,2
119,9130.796,1518.753,1.478,118.335,-0.473209,-0.879999,-0.040922,0.879650,-0.474523,0.032295,-0.047838,-0.020715,0.998640,0,0.64674,0.00155,38.804,0.003,-1,425.000,-1,400.000,-1,325.000,325.000,300.000,300.000,-1,-1,-1,-1,900.000,850.000,-1,-1,2,0,2,0,2,0,0,0,0,2,2,2,2,0,0,2,2
120,9112.376,1552.907,-0.569,118.338,-0.473186,-0.879966,-0.041884,0.879591,-0.474567,0.033263,-0.049147,-0.021101,0.998569,0,0.64674,0.00155,38.804,0.003,-1,425.000,-1,400.000,-1,325.000,325.000,300.000,300.000,-1,-1,-1,-1,900.000,850.000,-1,-1,2,0,2,0,2,0,0,0,0,2,2,2,2,0,0,2,2
121,9093.955,1587.060,-2.629,118.341,-0.473160,-0.879933,-0.042863,0.879529,-0.474611,0.034251,-0.050482,-0.021493,0.998494,0,0.64674,0.00155,38.804,0.003,-1,425.000,-1,400.000,-1,325.000,325.000,300.000,300.000,-1,-1,-1,-1,875.000,825.000,-1,-1,2,0,2,0,2,0,0,0,0,2,2,2,2,0,0,2,2
122,9075.531,1621.212,-4.702,118.344,-0.473130,-0.879900,-0.043858,0.879466,-0.474654,0.035260,-0.051843,-0.021889,0.998415,0,0.64674,0.00155,38.804,0.003,-1,400.000,-1,400.000,-1,325.000,325.000,300.000,300.000,-1,-1,-1,-1,875.000,825.000,-1,-1,2,0,2,0,2,0,0,0,0,2,2,2,2,0,0,2,2
123,9057.106,1655.363,-6.788,118.347,-0.473098,-0.879867,-0.044869,0.879400,-0.474698,0.036289,-0.053229,-0.022290,0.998334,0,0.64674,0.00155,38.804,0.003,-1,400.000,-1,400.000,-1,325.000,325.000,300.000,300.000,-1,-1,-1,-1,875.000,825.000,-1,-1,2,0,2,0,2,0,0,0,0,2,2,2,2,0,0,2,2
124,9038.679,1689.513,-8.887,118.350,-0.473062,-0.879833,-0.045898,0.879333,-0.474741,0.037339,-0.054642,-0.022696,0.998248,0,0.64674,0.00155,38.804,0.003,-1,400.000,-1,400.000,-1,325.000,325.000,300.000,300.000,-1,-1,-1,-1,875.000,825.000,-1,-1,2,0,2,0,2,0,0,0,0,2,2,2,2,0,0,2,2
125,9020.250,1723.662,-11.000,118.354,-0.473023,-0.879799,-0.046942,0.879264,-0.474784,0.038409,-0.056080,-0.023106,0.998159,0,0.64674,0.00155,38.804,0.003,-1,400.000,-1,400.000,-1,325.000,325.000,300.000,300.000,-1,-1,-1,-1,875.000,825.000,-1,-1,2,0,2,0,2,0,0,0,0,2,2,2,2,0,0,2,2
126,9001.820,1757.810,-13.125,118.357,-0.472980,-0.879765,-0.048003,0.879192,-0.474827,0.039499,-0.057543,-0.023522,0.998066,0,0.64674,0.00155,38.804,0.003,-1,400.000,-1,400.000,-1,325.000,325.000,300.000,300.000,-1,-1,-1,-1,875.000,825.000,-1,-1,2,0,2,0,2,0,0,0,0,2,2,2,2,0,0,2,2
127,8981.268,1796.268,-15.527,118.120,-0.469227,-0.881706,-0.049203,0.881096,-0.471178,0.040769,-0.059130,-0.024223,0.997956,0,0.72674,-0.11845,43.604,-0.237,-1,400.000,-1,400.000,-1,325.000,325.000,300.000,300.000,-1,-1,-1,-1,875.000,825.000,-1,-1,2,0,2,0,2,0,0,0,0,2,2,2,2,0,0,2,2
128,8958.810,1839.147,-18.317,117.643,-0.461778,-0.885584,-0.050015,0.884929,-0.463816,0.042139,-0.060515,-0.024801,0.997859,0,0.80674,-0.23845,48.404,-0.477,-1,400.000,-1,400.000,-1,325.000,325.000,300.000,300.000,-1,-1,-1,-1,875.000,825.000,-1,-1,2,0,2,0,2,0,0,0,0,2,2,2,2,0,0,2,2
129,8934.716,1886.583,-21.472,116.926,-0.450564,-0.891300,-0.050764,0.890607,-0.452690,0.043492,-0.061745,-0.025614,0.997763,0,0.88674,-0.35845,53.204,-0.717,-1,400.000,-1,400.000,-1,325.000,325.000,300.000,300.000,-1,-1,-1,-1,875.000,800.000,-1,-1,2,0,2,0,2,0,0,0,0,2,2,2,2,0,0,2,2
130,8910.421,1936.003,-24.851,116.179,-0.438802,-0.897111,-0.051415,0.896362,-0.441021,0.045107,-0.063141,-0.026294,0.997658,0,0.91780,-0.37359,55.068,-0.747,-1,400.000,-1,400.000,-1,325.000,325.000,300.000,300.000,-1,-1,-1,-1,875.000,800.000,-1,-1,2,0,2,0,2,0,0,0,0,2,2,2,2,0,0,2,2
131,8886.773,1985.735,-28.253,115.432,-0.426967,-0.902772,-0.051984,0.901957,-0.429278,0.046828,-0.064591,-0.026893,0.997549,0,0.91780,-0.37359,55.068,-0.747,-1,400.000,-1,400.000,-1,325.000,325.000,300.000,300.000,-1,-1,-1,-1,875.000,800.000,-1,-1,2,0,2,0,2,0,0,0,0,2,2,2,2,0,0,2,2
132,8863.775,2035.772,-31.663,114.684,-0.415059,-0.908279,-0.052497,0.907394,-0.417463,0.048587,-0.066046,-0.027469,0.997438,0,0.91780,-0.37359,55.068,-0.747,-1,400.000,-1,400.000,-1,325.000,325.000,300.000,300.000,-1,-1,-1,-1,875.000,800.000,-1,-1,2,0,2,0,2,0,0,0,0,2,2,2,2,0,0,2,2
133,8841.431,2086.103,-35.311,113.937,-0.403063,-0.913607,-0.053506,0.912734,-0.405566,0.049319,-0.066759,-0.028959,0.997349,0,0.91780,-0.37359,55.068,-0.747,-1,425.000,-1,400.000,-1,325.000,325.000,300.000,300.000,-1,-1,-1,-1,875.000,775.000,-1,-1,2,0,2,0,2,0,0,0,0,2,2,2,2,0,0,2,2
134,8819.745,2136.722,-39.068,113.190,-0.390969,-0.918766,-0.054888,0.917926,-0.393595,0.049939,-0.067486,-0.030858,0.997243,0,0.91780,-0.37359,55.068,-0.747,-1,425.000,-1,400.000,-1,325.000,325.000,300.000,300.000,-1,-1,-1,-1,875.000,775.000,-1,-1,2,0,2,0,2,0,0,0,0,2,2,2,2,0,0,2,2
135,8798.721,2187.619,-42.878,112.443,-0.378790,-0.923759,-0.056457,0.922959,-0.381556,0.050613,-0.068295,-0.032936,0.997121,0,0.91780,-0.37359,55.068,-0.747,-1,400.000,-1,400.000,-1,325.000,325.000,300.000,300.000,-1,-1,-1,-1,875.000,775.000,-1,-1,2,0,2,0,2,0,0,0,0,2,2,2,2,0,0,2,2
136,8778.362,2238.786,-46.701,111.696,-0.366544,-0.928589,-0.058028,0.927834,-0.369451,0.051292,-0.069068,-0.035039,0.996996,0,0.91780,-0.37359,55.068,-0.747,-1,400.000,-1,400.000,-1,325.000,325.000,300.000,300.000,-1,-1,-1,-1,850.000,775.000,-1,-1,2,0,2,0,2,0,0,0,0,2,2,2,2,0,0,2,2
137,8758.672,2290.214,-50.535,110.949,-0.354232,-0.933257,-0.059598,0.932549,-0.357283,0.051978,-0.069802,-0.037166,0.996868,0,0.91780,-0.37359,55.068,-0.747,-1,400.000,-1,400.000,-1,325.000,325.000,300.000,300.000,-1,-1,-1,-1,850.000,775.000,-1,-1,2,0,2,0,2,0,0,0,0,2,2,2,2,0,0,2,2
