timestep,x_cm,y_cm,z_cm,yaw_deg,basis_xx,basis_xy,basis_xz,basis_yx,basis_yy,basis_yz,basis_zx,basis_zy,basis_zz,teleport_flag,throttle_cmd,steering_cmd,cmd_move_cm,cmd_turn_deg,lidar_cm_0,lidar_cm_1,lidar_cm_2,lidar_cm_3,lidar_cm_4,lidar_cm_5,lidar_cm_6,lidar_cm_7,lidar_cm_8,lidar_cm_9,lidar_cm_10,lidar_cm_11,lidar_cm_12,lidar_cm_13,lidar_cm_14,lidar_cm_15,lidar_cm_16,lidar_class_0,lidar_class_1,lidar_class_2,lidar_class_3,lidar_class_4,lidar_class_5,lidar_class_6,lidar_class_7,lidar_class_8,lidar_class_9,lidar_class_10,lidar_class_11,lidar_class_12,lidar_class_13,lidar_class_14,lidar_class_15,lidar_class_16
0,1641.514,8203.649,154.302,69.385,0.352707,-0.935551,-0.018513,0.935354,0.351931,0.035473,-0.026672,-0.029828,0.999199,1,0.08000,-0.12000,4.800,-0.240,-1,375.000,-1,400.000,-1,325.000,325.000,325.000,325.000,-1,-1,-1,-1,775.000,850.000,-1,-1,2,0,2,0,2,0,0,0,0,2,2,2,2,0,0,2,2
1,1644.969,8212.605,154.073,68.905,0.360528,-0.932572,-0.018143,0.932369,0.359757,0.035547,-0.026623,-0.029732,0.999203,0,0.16000,-0.24000,9.600,-0.480,-1,400.000,-1,400.000,-1,325.000,325.000,325.000,325.000,-1,-1,-1,-1,775.000,850.000,-1,-1,2,0,2,0,2,0,0,0,0,2,2,2,2,0,0,2,2
2,1650.320,8225.974,153.735,68.185,0.372210,-0.927982,-0.017575,0.927769,0.371449,0.035640,-0.026545,-0.029571,0.999210,0,0.24000,-0.36000,14.400,-0.720,-1,400.000,-1,400.000,-1,325.000,325.000,325.000,325.000,-1,-1,-1,-1,775.000,850.000,-1,-1,2,0,2,0,2,0,0,0,0,2,2,2,2,0,0,2,2
3,1657.737,8243.684,153.293,67.278,0.386833,-0.921997,-0.016800,0.921770,0.386087,0.035735,-0.026461,-0.029309,0.999220,0,0.32000,-0.45324,19.200,-0.906,-1,400.000,-1,400.000,-1,325.000,325.000,325.000,325.000,-1,-1,-1,-1,775.000,850.000,-1,-1,2,0,2,0,2,0,0,0,0,2,2,2,2,0,0,2,2
4,1667.359,8265.671,152.744,66.365,0.401463,-0.915738,-0.015821,0.915493,0.400737,0.035822,-0.026464,-0.028865,0.999233,0,0.40000,-0.45657,24.000,-0.913,-1,400.000,-1,400.000,-1,325.000,325.000,325.000,300.000,-1,-1,-1,-1,775.000,850.000,-1,-1,2,0,2,0,2,0,0,0,0,2,2,2,2,0,0,2,2
5,1679.328,8291.866,152.091,65.444,0.416125,-0.909190,-0.014626,0.908920,0.415424,0.035882,-0.026547,-0.028225,0.999249,0,0.48000,-0.46088,28.800,-0.922,-1,400.000,-1,400.000,-1,325.000,325.000,325.000,300.000,-1,-1,-1,-1,775.000,850.000,-1,-1,2,0,2,0,2,0,0,0,0,2,2,2,2,0,0,2,2
6,1693.787,8322.196,151.338,64.511,0.430842,-0.902331,-0.013207,0.902032,0.430175,0.035892,-0.026705,-0.027376,0.999268,0,0.56000,-0.46621,33.600,-0.932,-1,400.000,-1,400.000,-1,325.000,325.000,325.000,300.000,-1,-1,-1,-1,775.000,825.000,-1,-1,2,0,2,0,2,0,0,0,0,2,2,2,2,0,0,2,2
7,1710.882,8356.581,150.487,63.566,0.445640,-0.895138,-0.011552,0.894807,0.445013,0.035827,-0.026929,-0.026303,0.999291,0,0.64000,-0.47256,38.400,-0.945,-1,400.000,-1,400.000,-1,325.000,325.000,325.000,300.000,-1,-1,-1,-1,800.000,825.000,-1,-1,2,0,2,0,2,0,0,0,0,2,2,2,2,0,0,2,2
8,1730.759,8394.937,149.410,62.606,0.460548,-0.887575,-0.010306,0.887229,0.459956,0.035568,-0.026829,-0.025524,0.999314,0,0.72000,-0.47996,43.200,-0.960,-1,400.000,-1,400.000,-1,325.000,325.000,325.000,300.000,-1,-1,-1,-1,800.000,825.000,-1,-1,2,0,2,0,2,0,0,0,0,2,2,2,2,0,0,2,2
9,1753.568,8437.172,147.915,61.629,0.475622,-0.879597,-0.009606,0.879218,0.475018,0.036536,-0.027574,-0.025823,0.999286,0,0.80000,-0.48844,48.000,-0.977,-1,400.000,-1,400.000,-1,325.000,325.000,325.000,300.000,-1,-1,-1,-1,800.000,825.000,-1,-1,2,0,2,0,2,0,0,0,0,2,2,2,2,0,0,2,2
10,1779.461,8483.187,146.243,60.633,0.490853,-0.871198,-0.008799,0.870773,0.490232,0.037765,-0.028587,-0.026199,0.999248,0,0.88000,-0.49805,52.800,-0.996,-1,400.000,-1,400.000,-1,325.000,325.000,325.000,300.000,-1,-1,-1,-1,800.000,825.000,-1,-1,2,0,2,0,2,0,0,0,0,2,2,2,2,0,0,2,2
11,1806.684,8529.617,144.557,59.615,0.506257,-0.862347,-0.007845,0.861874,0.505624,0.038947,-0.029619,-0.026479,0.999210,0,0.89703,-0.50884,53.822,-1.018,-1,400.000,-1,400.000,-1,325.000,325.000,325.000,300.000,-1,-1,-1,-1,775.000,800.000,-1,-1,2,0,2,0,2,0,0,0,0,2,2,2,2,0,0,2,2
12,1834.954,8575.887,142.883,58.576,0.521826,-0.853025,-0.006746,0.852502,0.521189,0.040039,-0.030638,-0.026645,0.999175,0,0.90372,-0.51994,54.223,-1.040,-1,400.000,-1,400.000,-1,325.000,325.000,325.000,300.000,-1,-1,-1,-1,775.000,800.000,-1,-1,2,0,2,0,2,0,0,0,0,2,2,2,2,0,0,2,2
13,1864.291,8621.960,141.172,57.513,0.537545,-0.843218,-0.005427,0.842647,0.536918,0.040812,-0.031500,-0.026511,0.999152,0,0.91033,-0.53121,54.620,-1.062,-1,400.000,-1,400.000,-1,325.000,325.000,325.000,300.000,-1,-1,-1,-1,775.000,800.000,-1,-1,2,0,2,0,2,0,0,0,0,2,2,2,2,0,0,2,2
14,1894.712,8667.794,139.426,56.428,0.553400,-0.832906,-0.003897,0.832293,0.552800,0.041243,-0.032198,-0.026067,0.999142,0,0.91685,-0.54267,55.011,-1.085,-1,400.000,-1,400.000,-1,325.000,325.000,325.000,300.000,-1,-1,-1,-1,775.000,775.000,-1,-1,2,0,2,0,2,0,0,0,0,2,2,2,2,0,0,2,2
15,1926.232,8713.348,137.689,55.319,0.569386,-0.822067,-0.002187,0.821410,0.568820,0.041575,-0.032933,-0.025469,0.999133,0,0.92326,-0.55431,55.396,-1.109,-1,400.000,-1,400.000,-1,325.000,325.000,325.000,300.000,-1,-1,-1,-1,775.000,775.000,-1,-1,2,0,2,0,2,0,0,0,0,2,2,2,2,0,0,2,2
16,1958.868,8758.576,136.002,54.187,0.585491,-0.810679,-0.000478,0.809982,0.584964,0.041784,-0.033594,-0.024852,0.999127,0,0.92955,-0.56617,55.773,-1.132,-1,400.000,-1,400.000,-1,325.000,325.000,300.000,300.000,-1,-1,-1,-1,775.000,775.000,-1,-1,2,0,2,0,2,0,0,0,0,2,2,2,2,0,0,2,2
17,1992.631,8803.430,134.370,53.030,0.601702,-0.798720,0.001214,0.797989,0.601216,0.041868,-0.034170,-0.024223,0.999122,0,0.93569,-0.57823,56.141,-1.156,-1,400.000,-1,400.000,-1,325.000,325.000,300.000,300.000,-1,-1,-1,-1,775.000,750.000,-1,-1,2,0,2,0,2,0,0,0,0,2,2,2,2,0,0,2,2
18,2027.533,8847.861,132.777,51.849,0.618002,-0.786171,0.002974,0.785410,0.617562,0.041823,-0.034716,-0.023511,0.999121,0,0.94166,-0.59053,56.500,-1.181,-1,400.000,-1,400.000,-1,325.000,325.000,300.000,300.000,-1,-1,-1,-1,775.000,750.000,-1,-1,2,0,2,0,2,0,0,0,0,2,2,2,2,0,0,2,2
19,2063.583,8891.816,131.107,50.643,0.634388,-0.773003,0.004182,0.772229,0.633978,0.041650,-0.034847,-0.023193,0.999124,0,0.94745,-0.60307,56.847,-1.206,-1,400.000,-1,400.000,-1,325.000,325.000,300.000,300.000,-1,-1,-1,-1,775.000,-1,-1,-1,2,0,2,0,2,0,0,0,0,2,2,2,2,0,2,2,2
20,2100.786,8935.239,129.229,49.411,0.650861,-0.759185,0.004149,0.758429,0.650439,0.041404,-0.034132,-0.023801,0.999134,0,0.95302,-0.61587,57.181,-1.232,-1,400.000,-1,400.000,-1,325.000,325.000,300.000,300.000,-1,-1,-1,-1,775.000,-1,-1,-1,2,0,2,0,2,0,0,0,0,2,2,2,2,0,2,2,2
21,2139.146,8978.073,127.345,48.153,0.667376,-0.744710,0.003902,0.743980,0.666937,0.041105,-0.033213,-0.024529,0.999147,0,0.95834,-0.62895,57.500,-1.258,-1,400.000,-1,400.000,-1,325.000,325.000,300.000,300.000,-1,-1,-1,-1,775.000,-1,-1,-1,2,0,2,0,2,0,0,0,0,2,2,2,2,0,2,2,2
22,2178.665,9020.257,125.503,46.869,0.683908,-0.729559,0.003671,0.728856,0.683454,0.040747,-0.032236,-0.025192,0.999163,0,0.96338,-0.64232,57.803,-1.285,-1,400.000,-1,400.000,-1,325.000,325.000,300.000,300.000,-1,-1,-1,-1,775.000,-1,-1,-1,2,0,2,0,2,0,0,0,0,2,2,2,2,0,2,2,2
23,2219.337,9061.729,123.705,45.557,0.700435,-0.713708,0.003454,0.713034,0.699969,0.040328,-0.031200,-0.025784,0.999181,0,0.96812,-0.65601,58.087,-1.312,-1,400.000,-1,400.000,-1,325.000,325.000,300.000,300.000,-1,-1,-1,-1,800.000,-1,-1,-1,2,0,2,0,2,0,0,0,0,2,2,2,2,0,2,2,2
24,2261.158,9102.421,121.904,44.217,0.716938,-0.697130,0.003222,0.696480,0.716455,0.040112,-0.030272,-0.026514,0.999190,0,0.97251,-0.67002,58.351,-1.340,-1,400.000,-1,400.000,-1,325.000,325.000,300.000,300.000,-1,-1,-1,-1,800.000,-1,-1,-1,2,0,2,0,2,0,0,0,0,2,2,2,2,0,2,2,2
25,2304.114,9142.267,120.021,42.848,0.733396,-0.679795,0.002960,0.679151,0.732879,0.040526,-0.029719,-0.027711,0.999174,0,0.97652,-0.68438,58.591,-1.369,-1,400.000,-1,400.000,-1,325.000,325.000,300.000,300.000,-1,-1,-1,-1,800.000,-1,-1,-1,2,0,2,0,2,0,0,0,0,2,2,2,2,0,2,2,2
26,2348.191,9181.195,118.192,41.450,0.749774,-0.661689,0.002751,0.661054,0.749224,0.040871,-0.029105,-0.028825,0.999161,0,0.98010,-0.69910,58.806,-1.398,-1,400.000,-1,-1,-1,325.000,325.000,300.000,300.000,-1,-1,-1,-1,775.000,-1,-1,-1,2,0,2,2,2,0,0,0,0,2,2,2,2,0,2,2,2
27,2394.280,9219.611,116.389,39.812,0.768388,-0.639979,0.002603,0.639358,0.767810,0.041098,-0.028300,-0.029915,0.999152,0,1.00000,-0.81910,60.000,-1.638,-1,400.000,-1,-1,-1,325.000,325.000,300.000,300.000,-1,-1,-1,-1,775.000,-1,-1,-1,2,0,2,2,2,0,0,0,0,2,2,2,2,1,2,2,2
28,2441.603,9256.496,114.668,37.933,0.788952,-0.614450,0.002522,0.613847,0.788347,0.041231,-0.027323,-0.030981,0.999146,0,1.00000,-0.93910,60.000,-1.878,-1,400.000,-1,-1,-1,325.000,625.000,300.000,300.000,-1,-1,-1,-1,775.000,-1,-1,-1,2,0,2,2,2,0,1,0,0,2,2,2,2,1,2,2,2
29,2490.178,9291.717,113.082,35.946,0.809791,-0.586714,0.002511,0.586126,0.809157,0.041487,-0.026373,-0.032124,0.999136,0,1.00000,-0.99391,60.000,-1.988,-1,400.000,-1,-1,-1,325.000,725.000,300.000,300.000,-1,-1,-1,-1,775.000,-1,-1,-1,2,0,2,2,2,0,1,0,0,2,2,2,2,0,2,2,2
30,2539.952,9325.222,111.593,33.946,0.829771,-0.558098,0.002565,0.557527,0.829112,0.041679,-0.025388,-0.033155,0.999128,0,1.00000,-1.00000,60.000,-2.000,-1,450.000,-1,-1,-1,525.000,800.000,325.000,300.000,-1,-1,-1,-1,750.000,-1,-1,-1,2,1,2,2,2,1,1,0,0,2,2,2,2,1,2,2,2
31,2590.873,9356.963,100.508,31.946,0.847288,-0.529113,0.046292,0.528457,0.848549,0.026411,-0.053256,0.002085,0.998579,0,1.00000,-1.00000,60.000,-2.000,-1,450.000,-1,-1,-1,500.000,750.000,350.000,225.000,-1,-1,-1,-1,700.000,-1,-1,-1,2,1,2,2,2,1,1,0,0,2,2,2,2,1,2,2,2
32,2642.866,9386.918,88.210,29.946,0.861564,-0.498726,0.094768,0.500504,0.865716,0.005683,-0.084877,0.042535,0.995483,0,1.00000,-1.00000,60.000,-2.000,-1,425.000,-1,-1,-1,475.000,700.000,400.000,150.000,-1,-1,-1,-1,625.000,-1,825.000,-1,2,1,2,2,2,1,1,0,0,2,2,2,2,1,2,0,2
33,2695.869,9415.055,75.867,27.946,0.872727,-0.466975,0.142410,0.474098,0.880269,-0.018921,-0.116524,0.084029,0.989627,0,1.00000,-1.00000,60.000,-2.000,-1,400.000,-1,-1,-1,450.000,650.000,450.000,100.000,-1,-1,-1,-1,575.000,-1,550.000,-1,2,1,2,2,2,1,1,0,0,2,2,2,2,1,2,1,2
34,-327.972,8199.153,61.916,172.229,-0.988846,-0.135164,-0.062557,0.133001,-0.990404,0.037554,-0.067033,0.028815,0.997335,1,0.00000,0.00000,60.000,-2.000,-1,400.000,-1,400.000,-1,325.000,325.000,300.000,300.000,-1,-1,-1,-1,750.000,775.000,-1,-1,2,0,2,0,2,0,0,0,0,2,2,2,2,0,0,2,2
35,-323.216,8198.500,62.241,172.181,-0.988736,-0.135992,-0.062512,0.133836,-0.990294,0.037495,-0.067004,0.028706,0.997340,0,-0.08000,-0.02394,-4.800,-0.048,-1,400.000,-1,400.000,-1,325.000,325.000,300.000,300.000,-1,-1,-1,-1,750.000,775.000,-1,-1,2,0,2,0,2,0,0,0,0,2,2,2,2,0,0,2,2
36,-313.707,8197.186,62.890,172.133,-0.988627,-0.136823,-0.062420,0.134678,-0.990184,0.037380,-0.066922,0.028549,0.997350,0,-0.16000,-0.02401,-9.600,-0.048,-1,400.000,-1,400.000,-1,325.000,325.000,300.000,300.000,-1,-1,-1,-1,750.000,775.000,-1,-1,2,0,2,0,2,0,0,0,0,2,2,2,2,0,0,2,2
37,-299.444,8195.203,63.863,172.084,-0.988519,-0.137660,-0.062283,0.135532,-0.990074,0.037208,-0.066787,0.028340,0.997365,0,-0.24000,-0.02418,-14.400,-0.048,-1,400.000,-1,400.000,-1,325.000,325.000,300.000,300.000,-1,-1,-1,-1,750.000,775.000,-1,-1,2,0,2,0,2,0,0,0,0,2,2,2,2,0,0,2,2
38,-280.429,8192.543,65.161,172.035,-0.988413,-0.138505,-0.062102,0.136399,-0.989964,0.036977,-0.066600,0.028078,0.997385,0,-0.32000,-0.02444,-19.200,-0.049,-1,400.000,-1,400.000,-1,325.000,325.000,300.000,300.000,-1,-1,-1,-1,750.000,775.000,-1,-1,2,0,2,0,2,0,0,0,0,2,2,2,2,0,0,2,2
39,-256.663,8189.197,66.782,171.986,-0.988306,-0.139363,-0.061877,0.137285,-0.989852,0.036682,-0.066361,0.027759,0.997409,0,-0.40000,-0.02480,-24.000,-0.050,-1,400.000,-1,400.000,-1,325.000,325.000,300.000,300.000,-1,-1,-1,-1,750.000,775.000,-1,-1,2,0,2,0,2,0,0,0,0,2,2,2,2,0,0,2,2
40,-228.148,8185.156,68.727,171.935,-0.988199,-0.140237,-0.061610,0.138191,-0.989739,0.036322,-0.066072,0.027379,0.997439,0,-0.48000,-0.02524,-28.800,-0.050,-1,400.000,-1,400.000,-1,325.000,325.000,300.000,300.000,-1,-1,-1,-1,750.000,775.000,-1,-1,2,0,2,0,2,0,0,0,0,2,2,2,2,0,0,2,2
41,-197.668,8180.810,70.804,171.884,-0.988090,-0.141128,-0.061330,0.139118,-0.989624,0.035926,-0.065764,0.026966,0.997471,0,-0.51314,-0.02577,-30.788,-0.052,-1,400.000,-1,400.000,-1,325.000,325.000,300.000,300.000,-1,-1,-1,-1,750.000,775.000,-1,-1,2,0,2,0,2,0,0,0,0,2,2,2,2,0,0,2,2
42,-166.956,8176.401,72.895,171.831,-0.987976,-0.142039,-0.061053,0.140064,-0.989505,0.035516,-0.065457,0.026538,0.997502,0,-0.51711,-0.02632,-31.027,-0.053,-1,400.000,-1,400.000,-1,325.000,325.000,300.000,300.000,-1,-1,-1,-1,750.000,800.000,-1,-1,2,0,2,0,2,0,0,0,0,2,2,2,2,0,0,2,2
43,-136.011,8171.930,75.001,171.777,-0.987859,-0.142969,-0.060778,0.141030,-0.989383,0.035092,-0.065150,0.026095,0.997534,0,-0.52111,-0.02687,-31.267,-0.054,-1,400.000,-1,400.000,-1,325.000,325.000,300.000,300.000,-1,-1,-1,-1,750.000,800.000,-1,-1,2,0,2,0,2,0,0,0,0,2,2,2,2,0,0,2,2
44,-104.830,8167.393,77.121,171.723,-0.987738,-0.143917,-0.060507,0.142016,-0.989258,0.034654,-0.064844,0.025636,0.997566,0,-0.52515,-0.02742,-31.509,-0.055,-1,400.000,-1,400.000,-1,325.000,325.000,300.000,300.000,-1,-1,-1,-1,750.000,800.000,-1,-1,2,0,2,0,2,0,0,0,0,2,2,2,2,0,0,2,2
45,-73.413,8162.792,79.255,171.667,-0.987613,-0.144885,-0.060239,0.143021,-0.989129,0.034200,-0.064539,0.025161,0.997598,0,-0.52921,-0.02796,-31.753,-0.056,-1,400.000,-1,400.000,-1,325.000,325.000,300.000,300.000,-1,-1,-1,-1,750.000,800.000,-1,-1,2,0,2,0,2,0,0,0,0,2,2,2,2,0,0,2,2
46,-41.931,8158.149,81.392,171.611,-0.987486,-0.145857,-0.059977,0.144031,-0.988998,0.033736,-0.064238,0.024675,0.997629,0,-0.53036,-0.02811,-31.822,-0.056,-1,400.000,-1,400.000,-1,325.000,325.000,300.000,300.000,-1,-1,-1,-1,775.000,800.000,-1,-1,2,0,2,0,2,0,0,0,0,2,2,2,2,0,0,2,2
47,-10.455,8153.475,83.422,171.554,-0.987357,-0.146828,-0.059724,0.145015,-0.988857,0.033652,-0.063999,0.024565,0.997648,0,-0.53036,-0.02811,-31.822,-0.056,-1,400.000,-1,400.000,-1,325.000,325.000,300.000,300.000,-1,-1,-1,-1,775.000,800.000,-1,-1,2,0,2,0,2,0,0,0,0,2,2,2,2,0,0,2,2
48,21.017,8148.770,85.398,171.498,-0.987239,-0.147798,-0.059292,0.145993,-0.988711,0.033722,-0.063606,0.024635,0.997671,0,-0.53036,-0.02811,-31.822,-0.056,-1,400.000,-1,400.000,-1,325.000,325.000,300.000,300.000,-1,-1,-1,-1,775.000,800.000,-1,-1,2,0,2,0,2,0,0,0,0,2,2,2,2,0,0,2,2
49,52.485,8144.035,87.356,171.442,-0.987115,-0.148768,-0.058917,0.146974,-0.988566,0.033718,-0.063259,0.024624,0.997693,0,-0.53036,-0.02811,-31.822,-0.056,-1,400.000,-1,400.000,-1,325.000,325.000,300.000,300.000,-1,-1,-1,-1,775.000,800.000,-1,-1,2,0,2,0,2,0,0,0,0,2,2,2,2,0,0,2,2
50,83.948,8139.269,89.258,171.386,-0.986996,-0.149739,-0.058461,0.147974,-0.988425,0.033457,-0.062794,0.024371,0.997729,0,-0.53036,-0.02811,-31.822,-0.056,-1,400.000,-1,400.000,-1,325.000,325.000,300.000,300.000,-1,-1,-1,-1,775.000,800.000,-1,-1,2,0,2,0,2,0,0,0,0,2,2,2,2,0,0,2,2
51,115.406,8134.471,91.159,171.329,-0.986875,-0.150709,-0.058011,0.148974,-0.988284,0.033186,-0.062333,0.024109,0.997764,0,-0.53036,-0.02811,-31.822,-0.056,-1,400.000,-1,400.000,-1,325.000,325.000,300.000,300.000,-1,-1,-1,-1,775.000,800.000,-1,-1,2,0,2,0,2,0,0,0,0,2,2,2,2,0,0,2,2
52,146.859,8129.643,93.061,171.273,-0.986752,-0.151680,-0.057565,0.149974,-0.988142,0.032905,-0.061874,0.023836,0.997799,0,-0.53036,-0.02811,-31.822,-0.056,-1,400.000,-1,400.000,-1,325.000,325.000,300.000,300.000,-1,-1,-1,-1,775.000,800.000,-1,-1,2,0,2,0,2,0,0,0,0,2,2,2,2,0,0,2,2
53,178.308,8124.784,94.962,171.217,-0.986628,-0.152651,-0.057124,0.150975,-0.987999,0.032614,-0.061417,0.023554,0.997834,0,-0.53036,-0.02811,-31.822,-0.056,-1,400.000,-1,400.000,-1,325.000,325.000,300.000,300.000,-1,-1,-1,-1,775.000,800.000,-1,-1,2,0,2,0,2,0,0,0,0,2,2,2,2,0,0,2,2
54,209.752,8119.894,96.864,171.161,-0.986502,-0.153621,-0.056689,0.151975,-0.987856,0.032313,-0.060964,0.023261,0.997869,0,-0.53036,-0.02811,-31.822,-0.056,-1,400.000,-1,400.000,-1,325.000,325.000,300.000,300.000,-1,-1,-1,-1,775.000,800.000,-1,-1,2,0,2,0,2,0,0,0,0,2,2,2,2,0,0,2,2
55,241.191,8114.974,98.766,171.105,-0.986375,-0.154591,-0.056258,0.152976,-0.987712,0.032001,-0.060514,0.022959,0.997903,0,-0.53036,-0.02811,-31.822,-0.056,-1,400.000,-1,400.000,-1,325.000,325.000,300.000,300.000,-1,-1,-1,-1,775.000,800.000,-1,-1,2,0,2,0,2,0,0,0,0,2,2,2,2,0,0,2,2
56,272.625,8110.022,100.668,171.048,-0.986247,-0.155562,-0.055832,0.153976,-0.987567,0.031678,-0.060066,0.022646,0.997938,0,-0.53036,-0.02811,-31.822,-0.056,-1,400.000,-1,400.000,-1,325.000,325.000,300.000,300.000,-1,-1,-1,-1,775.000,800.000,-1,-1,2,0,2,0,2,0,0,0,0,2,2,2,2,0,0,2,2
57,304.054,8105.040,102.571,170.992,-0.986117,-0.156532,-0.055412,0.154977,-0.987421,0.031345,-0.059621,0.022323,0.997971,0,-0.53036,-0.02811,-31.822,-0.056,-1,400.000,-1,400.000,-1,325.000,325.000,300.000,300.000,-1,-1,-1,-1,775.000,825.000,-1,-1,2,0,2,0,2,0,0,0,0,2,2,2,2,0,0,2,2
58,331.991,8100.571,104.262,170.911,-0.985914,-0.157934,-0.055044,0.156407,-0.987205,0.031038,-0.059242,0.021992,0.998001,0,-0.47154,-0.04064,-28.292,-0.081,-1,400.000,-1,400.000,-1,325.000,325.000,300.000,300.000,-1,-1,-1,-1,775.000,825.000,-1,-1,2,0,2,0,2,0,0,0,0,2,2,2,2,0,0,2,2
59,359.922,8096.062,105.955,170.830,-0.985709,-0.159335,-0.054681,0.157837,-0.986987,0.030723,-0.058864,0.021653,0.998031,0,-0.47154,-0.04064,-28.292,-0.081,-1,400.000,-1,400.000,-1,325.000,325.000,300.000,300.000,-1,-1,-1,-1,775.000,825.000,-1,-1,2,0,2,0,2,0,0,0,0,2,2,2,2,0,0,2,2
60,387.846,8091.513,107.648,170.748,-0.985501,-0.160736,-0.054322,0.159267,-0.986767,0.030398,-0.058489,0.021305,0.998061,0,-0.47154,-0.04064,-28.292,-0.081,-1,400.000,-1,400.000,-1,325.000,325.000,300.000,300.000,-1,-1,-1,-1,775.000,825.000,-1,-1,2,0,2,0,2,0,0,0,0,2,2,2,2,0,0,2,2
61,415.764,8086.925,109.341,170.667,-0.985291,-0.162137,-0.053968,0.160697,-0.986546,0.030063,-0.058117,0.020949,0.998090,0,-0.47154,-0.04064,-28.292,-0.081,-1,400.000,-1,400.000,-1,325.000,325.000,300.000,300.000,-1,-1,-1,-1,775.000,825.000,-1,-1,2,0,2,0,2,0,0,0,0,2,2,2,2,0,0,2,2
62,443.676,8082.297,111.035,170.586,-0.985079,-0.163538,-0.053619,0.162126,-0.986322,0.029720,-0.057746,0.020584,0.998119,0,-0.47154,-0.04064,-28.292,-0.081,-1,400.000,-1,400.000,-1,325.000,325.000,300.000,300.000,-1,-1,-1,-1,775.000,825.000,-1,-1,2,0,2,0,2,0,0,0,0,2,2,2,2,0,0,2,2
63,471.580,8077.630,112.729,170.504,-0.984864,-0.164938,-0.053275,0.163556,-0.986097,0.029367,-0.057378,0.020210,0.998148,0,-0.47154,-0.04064,-28.292,-0.081,-1,400.000,-1,400.000,-1,325.000,325.000,300.000,300.000,-1,-1,-1,-1,775.000,825.000,-1,-1,2,0,2,0,2,0,0,0,0,2,2,2,2,0,0,2,2
64,499.478,8072.923,114.424,170.423,-0.984647,-0.166338,-0.052935,0.164985,-0.985869,0.029005,-0.057012,0.019827,0.998177,0,-0.47154,-0.04064,-28.292,-0.081,-1,400.000,-1,400.000,-1,325.000,325.000,300.000,300.000,-1,-1,-1,-1,775.000,825.000,-1,-1,2,0,2,0,2,0,0,0,0,2,2,2,2,0,0,2,2
65,527.370,8068.176,116.119,170.342,-0.984427,-0.167738,-0.052601,0.166414,-0.985640,0.028634,-0.056648,0.019435,0.998205,0,-0.47154,-0.04064,-28.292,-0.081,-1,400.000,-1,400.000,-1,325.000,325.000,300.000,325.000,-1,-1,-1,-1,775.000,825.000,-1,-1,2,0,2,0,2,0,0,0,0,2,2,2,2,0,0,2,2
66,555.254,8063.390,117.814,170.261,-0.984205,-0.169137,-0.052271,0.167843,-0.985409,0.028253,-0.056287,0.019033,0.998233,0,-0.47154,-0.04064,-28.292,-0.081,-1,400.000,-1,400.000,-1,325.000,325.000,300.000,325.000,-1,-1,-1,-1,775.000,825.000,-1,-1,2,0,2,0,2,0,0,0,0,2,2,2,2,0,0,2,2
67,583.132,8058.564,119.510,170.179,-0.983981,-0.170536,-0.051947,0.169272,-0.985175,0.027862,-0.055928,0.018623,0.998261,0,-0.47154,-0.04064,-28.292,-0.081,-1,400.000,-1,400.000,-1,325.000,325.000,300.000,325.000,-1,-1,-1,-1,775.000,825.000,-1,-1,2,0,2,0,2,0,0,0,0,2,2,2,2,0,0,2,2
68,611.003,8053.699,121.192,170.098,-0.983753,-0.171935,-0.051662,0.170696,-0.984939,0.027524,-0.055616,0.018258,0.998285,0,-0.47154,-0.04064,-28.292,-0.081,-1,400.000,-1,400.000,-1,325.000,325.000,300.000,325.000,-1,-1,-1,-1,775.000,825.000,-1,-1,2,0,2,0,2,0,0,0,0,2,2,2,2,0,0,2,2
69,638.867,8048.794,122.750,170.017,-0.983524,-0.173331,-0.051347,0.172095,-0.984693,0.027634,-0.055351,0.018342,0.998298,0,-0.47154,-0.04064,-28.292,-0.081,-1,400.000,-1,400.000,-1,325.000,325.000,300.000,325.000,-1,-1,-1,-1,775.000,825.000,-1,-1,2,0,2,0,2,0,0,0,0,2,2,2,2,0,0,2,2
70,661.980,8044.592,123.988,169.695,-0.982558,-0.178850,-0.050912,0.177614,-0.983705,0.027890,-0.055070,0.018361,0.998314,0,-0.39154,-0.16064,-23.492,-0.321,-1,400.000,-1,400.000,-1,325.000,325.000,300.000,325.000,-1,-1,-1,-1,775.000,825.000,-1,-1,2,0,2,0,2,0,0,0,0,2,2,2,2,0,0,2,2
71,680.338,8041.068,124.975,169.134,-0.980774,-0.188479,-0.050586,0.187249,-0.981911,0.028082,-0.054964,0.018070,0.998325,0,-0.31154,-0.28064,-18.692,-0.561,-1,400.000,-1,400.000,-1,325.000,325.000,300.000,325.000,-1,-1,-1,-1,800.000,825.000,-1,-1,2,0,2,0,2,0,0,0,0,2,2,2,2,0,0,2,2
72,693.945,8038.267,125.709,168.368,-0.978173,-0.201597,-0.050365,0.200379,-0.979312,0.028214,-0.055011,0.017506,0.998332,0,-0.23154,-0.38318,-13.892,-0.766,-1,400.000,-1,400.000,-1,325.000,325.000,300.000,325.000,-1,-1,-1,-1,800.000,825.000,-1,-1,2,0,2,0,2,0,0,0,0,2,2,2,2,0,0,2,2
73,702.825,8036.315,126.190,167.601,-0.975392,-0.214680,-0.050238,0.213475,-0.976539,0.028292,-0.055133,0.016871,0.998336,0,-0.15154,-0.38318,-9.092,-0.766,-1,400.000,-1,400.000,-1,325.000,325.000,300.000,325.000,-1,-1,-1,-1,800.000,825.000,-1,-1,2,0,2,0,2,0,0,0,0,2,2,2,2,0,0,2,2
74,707.004,8035.338,126.414,166.835,-0.972430,-0.227725,-0.050211,0.226534,-0.973591,0.028319,-0.055334,0.016164,0.998337,0,-0.07154,-0.38318,-4.292,-0.766,-1,400.000,-1,400.000,-1,325.000,325.000,300.000,325.000,-1,-1,-1,-1,800.000,825.000,-1,-1,2,0,2,0,2,0,0,0,0,2,2,2,2,0,0,2,2
75,706.512,8035.460,126.370,166.069,-0.969292,-0.240729,-0.050216,0.239552,-0.970469,0.028356,-0.055559,0.015456,0.998336,0,0.00846,-0.38318,0.508,-0.766,-1,400.000,-1,400.000,-1,325.000,325.000,300.000,325.000,-1,-1,-1,-1,800.000,825.000,-1,-1,2,0,2,0,2,0,0,0,0,2,2,2,2,0,0,2,2
76,701.378,8036.807,126.060,165.302,-0.965976,-0.253691,-0.050313,0.252528,-0.967174,0.028363,-0.055856,0.014693,0.998331,0,0.08846,-0.38318,5.308,-0.766,-1,400.000,-1,400.000,-1,325.000,325.000,300.000,325.000,-1,-1,-1,-1,800.000,825.000,-1,-1,2,0,2,0,2,0,0,0,0,2,2,2,2,0,0,2,2
77,691.636,8039.502,125.491,164.536,-0.962480,-0.266607,-0.050529,0.265460,-0.963706,0.028325,-0.056247,0.013849,0.998321,0,0.16846,-0.38318,10.108,-0.766,-1,400.000,-1,400.000,-1,325.000,325.000,300.000,325.000,-1,-1,-1,-1,800.000,825.000,-1,-1,2,0,2,0,2,0,0,0,0,2,2,2,2,0,0,2,2
78,677.322,8043.669,124.662,163.770,-0.958804,-0.279476,-0.050871,0.278345,-0.960066,0.028247,-0.056734,0.012923,0.998306,0,0.24846,-0.38318,14.908,-0.766,-1,400.000,-1,400.000,-1,325.000,325.000,300.000,325.000,-1,-1,-1,-1,800.000,825.000,-1,-1,2,0,2,0,2,0,0,0,0,2,2,2,2,0,0,2,2
79,658.475,8049.430,123.570,163.003,-0.954949,-0.292296,-0.051343,0.291183,-0.956254,0.028131,-0.057319,0.011913,0.998285,0,0.32846,-0.38318,19.708,-0.766,-1,400.000,-1,400.000,-1,325.000,325.000,300.000,325.000,-1,-1,-1,-1,800.000,800.000,-1,-1,2,0,2,0,2,0,0,0,0,2,2,2,2,0,0,2,2
80,635.136,8056.907,122.212,162.237,-0.950914,-0.305064,-0.051951,0.303970,-0.952271,0.027979,-0.058007,0.010814,0.998258,0,0.40846,-0.38318,24.508,-0.766,-1,400.000,-1,400.000,-1,325.000,325.000,300.000,325.000,-1,-1,-1,-1,800.000,800.000,-1,-1,2,0,2,0,2,0,0,0,0,2,2,2,2,0,0,2,2
81,607.347,8066.220,120.587,161.471,-0.946700,-0.317777,-0.052704,0.316705,-0.948117,0.027793,-0.058802,0.009620,0.998223,0,0.48846,-0.38318,29.308,-0.766,-1,400.000,-1,400.000,-1,325.000,325.000,300.000,325.000,-1,-1,-1,-1,800.000,800.000,-1,-1,2,0,2,0,2,0,0,0,0,2,2,2,2,0,0,2,2
82,575.156,8077.491,118.559,160.704,-0.942336,-0.330432,-0.053087,0.329370,-0.943789,0.027901,-0.059322,0.008806,0.998200,0,0.56846,-0.38318,34.108,-0.766,-1,400.000,-1,400.000,-1,325.000,325.000,300.000,325.000,-1,-1,-1,-1,800.000,800.000,-1,-1,2,0,2,0,2,0,0,0,0,2,2,2,2,0,0,2,2
83,542.989,8089.239,116.463,159.938,-0.937807,-0.343028,-0.053384,0.341967,-0.939290,0.028168,-0.059806,0.008160,0.998177,0,0.57075,-0.38318,34.245,-0.766,-1,400.000,-1,400.000,-1,325.000,325.000,300.000,325.000,-1,-1,-1,-1,800.000,800.000,-1,-1,2,0,2,0,2,0,0,0,0,2,2,2,2,0,0,2,2
84,510.981,8101.415,114.294,159.171,-0.933104,-0.355562,-0.053783,0.354484,-0.934621,0.028715,-0.060477,0.007729,0.998140,0,0.57075,-0.38318,34.245,-0.766,-1,400.000,-1,400.000,-1,325.000,325.000,300.000,325.000,-1,-1,-1,-1,800.000,800.000,-1,-1,2,0,2,0,2,0,0,0,0,2,2,2,2,0,0,2,2
85,479.140,8114.019,112.115,158.405,-0.928233,-0.368032,-0.054185,0.366939,-0.929785,0.029256,-0.061148,0.007274,0.998102,0,0.57075,-0.38318,34.245,-0.766,-1,400.000,-1,400.000,-1,325.000,325.000,300.000,325.000,-1,-1,-1,-1,800.000,800.000,-1,-1,2,0,2,0,2,0,0,0,0,2,2,2,2,0,0,2,2
86,447.470,8127.047,109.929,157.639,-0.923195,-0.380436,-0.054592,0.379329,-0.924782,0.029791,-0.061819,0.006795,0.998064,0,0.57075,-0.38318,34.245,-0.766,-1,400.000,-1,400.000,-1,325.000,325.000,300.000,325.000,-1,-1,-1,-1,800.000,800.000,-1,-1,2,0,2,0,2,0,0,0,0,2,2,2,2,0,0,2,2
87,415.977,8140.498,107.733,156.872,-0.917989,-0.392772,-0.055003,0.391651,-0.919614,0.030318,-0.062490,0.006290,0.998026,0,0.57075,-0.38318,34.245,-0.766,-1,400.000,-1,400.000,-1,325.000,325.000,300.000,300.000,-1,-1,-1,-1,800.000,800.000,-1,-1,2,0,2,0,2,0,0,0,0,2,2,2,2,0,0,2,2
88,384.667,8154.369,105.530,156.106,-0.912618,-0.405038,-0.055422,0.403904,-0.914282,0.030838,-0.063162,0.005759,0.997987,0,0.57075,-0.38318,34.245,-0.766,-1,400.000,-1,400.000,-1,325.000,325.000,300.000,300.000,-1,-1,-1,-1,800.000,800.000,-1,-1,2,0,2,0,2,0,0,0,0,2,2,2,2,0,0,2,2
89,353.545,8168.657,103.318,155.340,-0.907082,-0.417232,-0.055847,0.416085,-0.908785,0.031350,-0.063834,0.005200,0.997947,0,0.57075,-0.38318,34.245,-0.766,-1,400.000,-1,400.000,-1,325.000,325.000,300.000,300.000,-1,-1,-1,-1,800.000,800.000,-1,-1,2,0,2,0,2,0,0,0,0,2,2,2,2,0,0,2,2
90,322.618,8183.361,101.099,154.573,-0.901382,-0.429351,-0.056282,0.428193,-0.903126,0.031854,-0.064506,0.004613,0.997907,0,0.57075,-0.38318,34.245,-0.766,-1,400.000,-1,400.000,-1,325.000,325.000,300.000,300.000,-1,-1,-1,-1,800.000,800.000,-1,-1,2,0,2,0,2,0,0,0,0,2,2,2,2,0,0,2,2
91,291.889,8198.476,98.873,153.807,-0.895519,-0.441393,-0.056726,0.440224,-0.897305,0.032349,-0.065180,0.003997,0.997866,0,0.57075,-0.38318,34.245,-0.766,-1,400.000,-1,400.000,-1,325.000,325.000,300.000,300.000,-1,-1,-1,-1,800.000,800.000,-1,-1,2,0,2,0,2,0,0,0,0,2,2,2,2,0,0,2,2
92,257.013,8216.032,96.322,153.281,-0.891386,-0.449618,-0.057220,0.448428,-0.893213,0.032905,-0.065905,0.003672,0.997819,0,0.65075,-0.26318,39.045,-0.526,-1,400.000,-1,400.000,-1,325.000,325.000,300.000,300.000,-1,-1,-1,-1,800.000,775.000,-1,-1,2,0,2,0,2,0,0,0,0,2,2,2,2,0,0,2,2
93,217.949,8235.941,93.446,152.994,-0.889087,-0.454077,-0.057779,0.452854,-0.890955,0.033505,-0.066692,0.003623,0.997767,0,0.73075,-0.14318,43.845,-0.286,-1,400.000,-1,400.000,-1,325.000,325.000,300.000,300.000,-1,-1,-1,-1,800.000,775.000,-1,-1,2,0,2,0,2,0,0,0,0,2,2,2,2,0,0,2,2
94,178.806,8255.930,90.555,152.948,-0.888681,-0.454798,-0.058356,0.453536,-0.890587,0.034072,-0.067467,0.003812,0.997714,0,0.73253,-0.02318,43.952,-0.046,-1,400.000,-1,400.000,-1,325.000,325.000,300.000,300.000,-1,-1,-1,-1,800.000,775.000,-1,-1,2,0,2,0,2,0,0,0,0,2,2,2,2,0,0,2,2
95,139.615,8275.826,87.615,153.085,-0.889732,-0.452666,-0.058914,0.451377,-0.891671,0.034376,-0.068093,0.003993,0.997671,0,0.73253,0.06851,43.952,0.137,-1,400.000,-1,400.000,-1,325.000,325.000,300.000,300.000,-1,-1,-1,-1,800.000,775.000,-1,-1,2,0,2,0,2,0,0,0,0,2,2,2,2,0,0,2,2
96,100.377,8295.628,84.647,153.222,-0.890777,-0.450533,-0.059476,0.449227,-0.892751,0.034508,-0.068644,0.004021,0.997633,0,0.73253,0.06851,43.952,0.137,-1,400.000,-1,400.000,-1,325.000,325.000,300.000,300.000,-1,-1,-1,-1,800.000,775.000,-1,-1,2,0,2,0,2,0,0,0,0,2,2,2,2,0,0,2,2
97,61.091,8315.336,81.660,153.359,-0.891811,-0.448397,-0.060118,0.447081,-0.893826,0.034551,-0.069228,0.003935,0.997593,0,0.73253,0.06851,43.952,0.137,-1,400.000,-1,400.000,-1,325.000,325.000,300.000,300.000,-1,-1,-1,-1,800.000,775.000,-1,-1,2,0,2,0,2,0,0,0,0,2,2,2,2,0,0,2,2
98,21.758,8334.950,78.650,153.496,-0.892832,-0.446258,-0.060866,0.444939,-0.894897,0.034493,-0.069861,0.003715,0.997550,0,0.73253,0.06851,43.952,0.137,-1,400.000,-1,400.000,-1,325.000,325.000,300.000,300.000,-1,-1,-1,-1,800.000,775.000,-1,-1,2,0,2,0,2,0,0,0,0,2,2,2,2,0,0,2,2
99,-17.621,8354.470,75.637,153.633,-0.893847,-0.444117,-0.061624,0.442798,-0.895962,0.034379,-0.070481,0.003443,0.997507,0,0.73253,0.06851,43.952,0.137,-1,400.000,-1,400.000,-1,325.000,325.000,300.000,300.000,-1,-1,-1,-1,775.000,775.000,-1,-1,2,0,2,0,2,0,0,0,0,2,2,2,2,0,0,2,2
100,-57.047,8373.895,72.620,153.770,-0.894855,-0.441974,-0.062391,0.440659,-0.897022,0.034209,-0.071086,0.003119,0.997465,0,0.73253,0.06851,43.952,0.137,-1,400.000,-1,400.000,-1,325.000,325.000,300.000,300.000,-1,-1,-1,-1,775.000,775.000,-1,-1,2,0,2,0,2,0,0,0,0,2,2,2,2,0,0,2,2
101,-96.519,8393.227,69.511,153.907,-0.895884,-0.439828,-0.062793,0.438510,-0.898077,0.034161,-0.071418,0.003069,0.997442,0,0.73253,0.06851,43.952,0.137,-1,400.000,-1,400.000,-1,325.000,325.000,300.000,300.000,-1,-1,-1,-1,775.000,775.000,-1,-1,2,0,2,0,2,0,0,0,0,2,2,2,2,0,0,2,2
102,-136.577,8412.854,66.319,153.896,-0.895779,-0.440000,-0.063085,0.438685,-0.897993,0.034126,-0.071665,0.002895,0.997425,0,0.74347,-0.00550,44.608,-0.011,-1,400.000,-1,400.000,-1,325.000,325.000,300.000,300.000,-1,-1,-1,-1,775.000,775.000,-1,-1,2,0,2,0,2,0,0,0,0,2,2,2,2,0,0,2,2
103,-176.815,8432.576,63.012,153.889,-0.895700,-0.440103,-0.063485,0.438760,-0.897942,0.034486,-0.072183,0.003034,0.997387,0,0.74685,-0.00328,44.811,-0.007,-1,400.000,-1,400.000,-1,325.000,325.000,300.000,300.000,-1,-1,-1,-1,775.000,750.000,-1,-1,2,0,2,0,2,0,0,0,0,2,2,2,2,0,0,2,2
104,-217.279,8452.409,59.656,153.889,-0.895663,-0.440115,-0.063922,0.438740,-0.897936,0.034914,-0.072764,0.003226,0.997344,0,0.75104,-0.00040,45.062,-0.001,-1,400.000,-1,400.000,-1,325.000,325.000,300.000,300.000,-1,-1,-1,-1,775.000,750.000,-1,-1,2,0,2,0,2,0,0,0,0,2,2,2,2,0,0,2,2
105,-257.965,8472.346,56.272,153.894,-0.895671,-0.440033,-0.064375,0.438627,-0.897975,0.035311,-0.073345,0.003391,0.997301,0,0.75515,0.00260,45.309,0.005,-1,400.000,-1,400.000,-1,325.000,325.000,300.000,300.000,-1,-1,-1,-1,750.000,750.000,-1,-1,2,0,2,0,2,0,0,0,0,2,2,2,2,0,0,2,2
106,-298.874,8492.383,52.861,153.905,-0.895725,-0.439854,-0.064844,0.438419,-0.898062,0.035675,-0.073925,0.003526,0.997258,0,0.75919,0.00572,45.552,0.011,-1,400.000,-1,400.000,-1,325.000,325.000,300.000,300.000,-1,-1,-1,-1,750.000,750.000,-1,-1,2,0,2,0,2,0,0,0,0,2,2,2,2,0,0,2,2
107,-340.002,8512.510,49.458,153.923,-0.895830,-0.439573,-0.065293,0.438124,-0.898200,0.035841,-0.074401,0.003501,0.997222,0,0.76315,0.00895,45.789,0.018,-1,400.000,-1,400.000,-1,325.000,325.000,300.000,300.000,-1,-1,-1,-1,750.000,725.000,-1,-1,2,0,2,0,2,0,0,0,0,2,2,2,2,0,0,2,2
108,-381.346,8532.722,46.041,153.948,-0.895987,-0.439187,-0.065746,0.437729,-0.898389,0.035920,-0.074841,0.003405,0.997190,0,0.76701,0.01231,46.020,0.025,-1,400.000,-1,400.000,-1,325.000,325.000,300.000,300.000,-1,-1,-1,-1,750.000,725.000,-1,-1,2,0,2,0,2,0,0,0,0,2,2,2,2,0,0,2,2
109,-423.180,8553.165,42.586,153.956,-0.896019,-0.439051,-0.066207,0.437592,-0.898456,0.035907,-0.075249,0.003202,0.997160,0,0.77604,0.00435,46.562,0.009,-1,400.000,-1,400.000,-1,325.000,325.000,300.000,300.000,-1,-1,-1,-1,750.000,725.000,-1,-1,2,0,2,0,2,0,0,0,0,2,2,2,2,0,0,2,2
110,-465.318,8573.745,39.109,153.969,-0.896082,-0.438853,-0.066673,0.437400,-0.898554,0.035803,-0.075622,0.002919,0.997132,0,0.78157,0.00632,46.894,0.013,-1,400.000,-1,400.000,-1,325.000,325.000,300.000,300.000,-1,-1,-1,-1,750.000,725.000,-1,-1,2,0,2,0,2,0,0,0,0,2,2,2,2,0,0,2,2
111,-507.760,8594.458,35.608,153.986,-0.896175,-0.438590,-0.067144,0.437151,-0.898684,0.035596,-0.075953,0.002549,0.997108,0,0.78711,0.00840,47.227,0.017,-1,400.000,-1,375.000,-1,325.000,325.000,300.000,300.000,-1,-1,-1,-1,750.000,700.000,-1,-1,2,0,2,0,2,0,0,0,0,2,2,2,2,0,0,2,2
112,-550.508,8615.301,32.058,154.007,-0.896304,-0.438259,-0.067589,0.436851,-0.898847,0.035160,-0.076162,0.001987,0.997094,0,0.79264,0.01058,47.558,0.021,-1,400.000,-1,375.000,-1,325.000,325.000,300.000,300.000,-1,-1,-1,-1,725.000,700.000,-1,-1,2,0,2,0,2,0,0,0,0,2,2,2,2,0,0,2,2
113,-593.563,8636.270,28.556,154.033,-0.896490,-0.437855,-0.067746,0.436473,-0.899044,0.034795,-0.076142,0.001624,0.997096,0,0.79816,0.01289,47.890,0.026,-1,400.000,-1,375.000,-1,325.000,325.000,300.000,300.000,-1,-1,-1,-1,725.000,700.000,-1,-1,2,0,2,0,2,0,0,0,0,2,2,2,2,0,0,2,2
114,-636.926,8657.360,25.110,154.064,-0.896738,-0.437374,-0.067569,0.436012,-0.899279,0.034524,-0.075863,0.001498,0.997117,0,0.80367,0.01532,48.220,0.031,-1,400.000,-1,375.000,-1,325.000,325.000,300.000,300.000,-1,-1,-1,-1,-1,700.000,-1,-1,2,0,2,0,2,0,0,0,0,2,2,2,2,2,0,2,2
115,-680.598,8678.567,21.648,154.099,-0.897024,-0.436812,-0.067399,0.435475,-0.899552,0.034181,-0.075560,0.001310,0.997140,0,0.80915,0.01790,48.549,0.036,-1,400.000,-1,375.000,-1,325.000,325.000,300.000,300.000,-1,-1,-1,-1,-1,700.000,-1,-1,2,0,2,0,2,0,0,0,0,2,2,2,2,2,0,2,2
116,-724.580,8699.885,18.166,154.141,-0.897353,-0.436165,-0.067216,0.434856,-0.899866,0.033774,-0.075217,0.001078,0.997167,0,0.81460,0.02062,48.876,0.041,-1,400.000,-1,375.000,-1,325.000,325.000,300.000,300.000,-1,-1,-1,-1,-1,700.000,-1,-1,2,0,2,0,2,0,0,0,0,2,2,2,2,2,0,2,2
117,-768.872,8721.308,14.540,154.188,-0.897765,-0.435426,-0.066501,0.434133,-0.900223,0.033554,-0.074476,0.001254,0.997222,0,0.82001,0.02350,49.201,0.047,-1,400.000,-1,375.000,-1,325.000,325.000,300.000,300.000,-1,-1,-1,-1,-1,700.000,-1,-1,2,0,2,0,2,0,0,0,0,2,2,2,2,2,0,2,2
118,-813.473,8742.830,10.931,154.241,-0.898226,-0.434592,-0.065729,0.433331,-0.900627,0.033100,-0.073582,0.001249,0.997288,0,0.82538,0.02655,49.523,0.053,-1,400.000,-1,375.000,-1,325.000,325.000,300.000,300.000,-1,-1,-1,-1,-1,700.000,-1,-1,2,0,2,0,2,0,0,0,0,2,2,2,2,2,0,2,2
119,-862.320,8766.597,7.042,154.054,-0.896866,-0.437528,-0.064815,0.436342,-0.899205,0.032195,-0.072368,0.000593,0.997378,0,0.90538,-0.09345,54.323,-0.187,-1,400.000,-1,375.000,-1,325.000,325.000,300.000,300.000,-1,-1,-1,-1,-1,700.000,-1,-1,2,0,2,0,2,0,0,0,0,2,2,2,2,2,0,2,2
120,-915.289,8792.860,2.827,153.627,-0.893634,-0.444215,-0.063966,0.443126,-0.895920,0.031090,-0.071119,-0.000562,0.997468,0,0.98538,-0.21345,59.123,-0.427,-1,400.000,-1,375.000,-1,325.000,325.000,300.000,300.000,-1,-1,-1,-1,-1,700.000,-1,-1,2,0,2,0,2,0,0,0,0,2,2,2,2,2,1,2,2
121,-968.730,8820.137,-1.434,152.960,-0.888439,-0.454612,-0.063275,0.453637,-0.890687,0.029830,-0.069920,-0.002202,0.997550,0,1.00000,-0.33345,60.000,-0.667,-1,425.000,-1,375.000,-1,325.000,325.000,300.000,300.000,-1,-1,-1,-1,-1,700.000,-1,-1,2,1,2,0,2,0,0,0,0,2,2,2,2,2,0,2,2
122,-1021.733,8848.256,-5.691,152.053,-0.881154,-0.468649,-0.062729,0.467805,-0.883374,0.028445,-0.068744,-0.004281,0.997625,0,1.00000,-0.45345,60.000,-0.907,-1,600.000,-1,375.000,-1,325.000,325.000,300.000,300.000,-1,-1,-1,-1,-1,700.000,-1,-1,2,1,2,0,2,0,0,0,0,2,2,2,2,2,0,2,2
123,-1074.163,8877.430,-9.945,150.906,-0.871603,-0.486230,-0.062354,0.485531,-0.873804,0.026928,-0.067578,-0.006804,0.997691,0,1.00000,-0.57345,60.000,-1.147,-1,650.000,-1,375.000,-1,325.000,325.000,300.000,300.000,-1,-1,-1,-1,-1,725.000,-1,-1,2,1,2,0,2,1,0,0,0,2,2,2,2,2,0,2,2
124,-1125.953,8907.724,-14.184,149.674,-0.860937,-0.504899,-0.062161,0.504354,-0.863126,0.025324,-0.066439,-0.009548,0.997745,0,1.00000,-0.61618,60.000,-1.232,-1,650.000,-1,375.000,-1,350.000,325.000,300.000,300.000,-1,-1,-1,-1,-1,725.000,-1,-1,2,1,2,0,2,1,0,0,0,2,2,2,2,2,0,2,2
125,-1177.090,8939.108,-18.076,148.462,-0.850086,-0.523037,-0.061526,0.522565,-0.852238,0.024823,-0.065418,-0.011050,0.997797,0,1.00000,-0.60608,60.000,-1.212,-1,625.000,-1,375.000,-1,375.000,325.000,300.000,300.000,-1,1000.000,-1,-1,-1,725.000,-1,-1,2,1,2,0,2,1,1,0,0,2,0,2,2,2,0,2,2
126,-1227.566,8971.547,-22.436,147.272,-0.838887,-0.540600,-0.063407,0.540294,-0.841152,0.023367,-0.065967,-0.014656,0.997714,0,1.00000,-0.59505,60.000,-1.190,-1,600.000,-1,375.000,-1,375.000,325.000,300.000,300.000,-1,-1,-1,-1,-1,725.000,-1,-1,2,1,2,1,2,1,1,0,0,2,2,2,2,2,0,2,2
127,-1277.376,9005.001,-30.070,146.105,-0.826209,-0.557382,-0.081879,0.558047,-0.829642,0.016655,-0.077214,-0.031931,0.996503,0,1.00000,-0.58304,60.000,-1.166,-1,500.000,-1,350.000,-1,325.000,300.000,250.000,325.000,-1,-1,-1,-1,925.000,675.000,-1,-1,2,1,2,0,2,1,1,0,0,2,2,2,2,1,0,2,2
128,-1326.512,9039.437,-36.965,144.965,-0.813466,-0.573453,-0.097082,0.575207,-0.817925,0.011638,-0.086079,-0.046375,0.995208,0,1.00000,-0.57001,60.000,-1.140,-1,450.000,-1,325.000,-1,300.000,275.000,225.000,325.000,-1,-1,-1,-1,775.000,625.000,-1,-1,2,1,2,0,2,1,1,0,0,2,2,2,2,1,0,2,2
129,-1374.971,9074.821,-43.119,143.854,-0.800859,-0.588858,-0.108951,0.591651,-0.806153,0.008084,-0.092591,-0.057986,0.994014,0,1.00000,-0.55594,60.000,-1.112,-1,400.000,-1,325.000,-1,300.000,250.000,-1,350.000,-1,-1,-1,-1,675.000,600.000,-1,-1,2,1,2,0,2,1,1,2,0,2,2,2,2,1,0,2,2
130,-1419.052,9108.049,-48.092,142.982,-0.790782,-0.600739,-0.117375,0.604379,-0.796677,0.005648,-0.096904,-0.066473,0.993072,0,0.92000,-0.43594,55.200,-0.872,-1,350.000,-1,300.000,-1,275.000,250.000,-1,350.000,-1,-1,-1,-1,575.000,575.000,950.000,-1,2,1,2,0,2,1,1,2,0,2,2,2,2,1,0,1,2
131,-1466.563,9144.694,-53.062,142.350,-0.783263,-0.609225,-0.123872,0.613526,-0.789663,0.004283,-0.100427,-0.072644,0.992289,0,1.00000,-0.31594,60.000,-0.632,-1,325.000,-1,300.000,-1,250.000,225.000,-1,350.000,-1,-1,-1,-1,525.000,575.000,800.000,-1,2,1,2,0,2,1,0,2,0,2,2,2,2,1,0,1,2
132,-1513.176,9181.162,-57.505,141.958,-0.778569,-0.614453,-0.127587,0.619136,-0.785275,0.003723,-0.102479,-0.076095,0.991820,0,0.98637,-0.19594,59.182,-0.392,-1,300.000,-1,300.000,-1,225.000,225.000,-1,350.000,-1,-1,-1,-1,450.000,550.000,700.000,-1,2,1,2,0,2,1,0,2,0,2,2,2,2,1,0,1,2
133,-1558.844,9217.089,-61.325,141.806,-0.776770,-0.616454,-0.128887,0.621328,-0.783545,0.003029,-0.102856,-0.077728,0.991655,0,0.96844,-0.07594,58.106,-0.152,-1,275.000,-1,300.000,-1,225.000,225.000,-1,375.000,-1,-1,-1,-1,425.000,550.000,625.000,-1,2,1,2,0,2,1,0,2,0,2,2,2,2,1,0,1,2
134,-1603.625,9252.209,-64.600,141.894,-0.777848,-0.615241,-0.128182,0.620148,-0.784482,0.002071,-0.101831,-0.077881,0.991749,0,0.94851,0.04406,56.911,0.088,975.000,275.000,-1,300.000,-1,200.000,225.000,-1,375.000,-1,-1,-1,-1,375.000,550.000,575.000,-1,1,1,2,0,2,1,0,2,0,2,2,2,2,0,0,1,2
135,-9511.015,4919.493,-96.162,29.966,0.865627,-0.499493,0.034590,0.499032,0.866317,0.021500,-0.040705,-0.001349,0.999170,1,0.00000,0.00000,55.630,0.328,-1,375.000,-1,375.000,-1,325.000,325.000,300.000,300.000,675.000,525.000,975.000,775.000,725.000,700.000,-1,-1,2,0,2,0,2,0,0,0,0,1,1,1,1,0,0,2,2
136,-9506.847,4921.873,-96.339,29.726,0.867715,-0.495860,0.034542,0.495398,0.868401,0.021438,-0.040626,-0.001490,0.999173,0,0.08000,-0.12000,4.800,-0.240,-1,375.000,-1,375.000,-1,325.000,325.000,300.000,300.000,675.000,525.000,1000.000,775.000,725.000,700.000,-1,-1,2,0,2,0,2,0,0,0,0,1,1,1,1,0,0,2,2
137,-9498.471,4926.563,-96.694,29.246,0.871846,-0.488567,0.034440,0.488105,0.872525,0.021317,-0.040464,-0.001775,0.999179,0,0.16000,-0.24000,9.600,-0.480,-1,375.000,-1,375.000,-1,325.000,325.000,300.000,300.000,675.000,525.000,-1,775.000,725.000,700.000,-1,-1,2,0,2,0,2,0,0,0,0,1,1,2,1,0,0,2,2
138,-9485.819,4933.440,-97.228,28.526,0.877928,-0.477564,0.034272,0.477101,0.878594,0.021139,-0.040207,-0.002207,0.999189,0,0.24000,-0.36000,14.400,-0.720,-1,375.000,-1,375.000,-1,325.000,325.000,300.000,300.000,700.000,525.000,-1,775.000,725.000,700.000,-1,-1,2,0,2,0,2,0,0,0,0,1,1,2,1,0,0,2,2
139,-9468.799,4942.325,-97.942,27.566,0.885822,-0.462776,0.034023,0.462312,0.886471,0.020910,-0.039837,-0.002794,0.999202,0,0.32000,-0.48000,19.200,-0.960,-1,375.000,-1,375.000,-1,325.000,325.000,300.000,300.000,725.000,525.000,-1,800.000,725.000,700.000,-1,-1,2,0,2,0,2,0,0,0,0,1,1,2,1,0,0,2,2
