timestep,x_cm,y_cm,z_cm,yaw_deg,basis_xx,basis_xy,basis_xz,basis_yx,basis_yy,basis_yz,basis_zx,basis_zy,basis_zz,teleport_flag,throttle_cmd,steering_cmd,cmd_move_cm,cmd_turn_deg,lidar_cm_0,lidar_cm_1,lidar_cm_2,lidar_cm_3,lidar_cm_4,lidar_cm_5,lidar_cm_6,lidar_cm_7,lidar_cm_8,lidar_cm_9,lidar_cm_10,lidar_cm_11,lidar_cm_12,lidar_cm_13,lidar_cm_14,lidar_cm_15,lidar_cm_16,lidar_class_0,lidar_class_1,lidar_class_2,lidar_class_3,lidar_class_4,lidar_class_5,lidar_class_6,lidar_class_7,lidar_class_8,lidar_class_9,lidar_class_10,lidar_class_11,lidar_class_12,lidar_class_13,lidar_class_14,lidar_class_15,lidar_class_16
0,-2949.969,6235.843,-38.861,67.561,0.371453,-0.913729,0.164687,0.926061,0.377343,0.004863,-0.066587,0.150704,0.986334,1,0.08000,0.12000,4.800,0.240,475.000,375.000,-1,325.000,625.000,300.000,300.000,425.000,250.000,400.000,25.000,175.000,-1,450.000,550.000,450.000,750.000,1,1,2,0,0,0,0,0,0,1,1,1,2,1,1,1,0
1,-2946.377,6244.744,-39.654,68.041,0.364175,-0.917143,0.161941,0.929103,0.369790,0.004903,-0.064381,0.148674,0.986788,0,0.16000,0.24000,9.600,0.480,450.000,375.000,-1,325.000,650.000,300.000,300.000,425.000,250.000,400.000,50.000,175.000,-1,450.000,575.000,450.000,775.000,1,1,2,0,0,0,0,0,0,1,1,1,2,1,1,1,0
2,-2941.158,6258.163,-40.807,68.761,0.353181,-0.922131,0.157917,0.933557,0.358396,0.004900,-0.061115,0.145693,0.987440,0,0.24000,0.36000,14.400,0.720,450.000,350.000,-1,350.000,700.000,300.000,300.000,400.000,275.000,400.000,50.000,200.000,-1,450.000,575.000,425.000,825.000,1,1,2,0,0,0,0,0,0,1,1,1,2,1,1,1,0
3,-2934.500,6276.168,-42.279,69.721,0.338383,-0.928532,0.152729,0.939290,0.343090,0.004784,-0.056842,0.141838,0.988257,0,0.32000,0.48000,19.200,0.960,425.000,350.000,-1,350.000,750.000,300.000,300.000,400.000,275.000,400.000,50.000,225.000,-1,425.000,575.000,425.000,900.000,1,1,2,0,0,0,0,0,0,1,1,1,2,1,1,1,0
4,-2926.650,6298.845,-44.018,70.921,0.319671,-0.936130,0.146533,0.946121,0.323783,0.004473,-0.051632,0.137208,0.989196,0,0.40000,0.60000,24.000,1.200,400.000,325.000,-1,350.000,825.000,325.000,300.000,375.000,275.000,400.000,75.000,250.000,-1,400.000,575.000,400.000,1000.000,1,1,2,0,0,1,0,0,0,1,1,1,2,1,1,1,0
5,-2917.883,6326.275,-45.980,72.286,0.298156,-0.944275,0.139454,0.953425,0.301607,0.003804,-0.045652,0.131824,0.990221,0,0.48000,0.68269,28.800,1.365,375.000,325.000,925.000,350.000,925.000,300.000,300.000,375.000,275.000,400.000,100.000,300.000,-1,400.000,550.000,375.000,-1,1,1,1,0,0,1,0,0,0,1,1,1,2,1,1,1,2
6,-2908.416,6358.511,-48.140,73.647,0.276572,-0.951943,0.131578,0.960193,0.279324,0.002568,-0.039197,0.125630,0.991303,0,0.56000,0.68038,33.600,1.361,350.000,300.000,800.000,350.000,-1,275.000,300.000,350.000,275.000,400.000,100.000,350.000,-1,375.000,550.000,350.000,-1,1,1,1,1,2,1,1,0,0,1,1,1,2,1,1,1,2
7,-2898.472,6395.598,-50.427,75.002,0.254894,-0.959093,0.123169,0.966425,0.256946,0.000803,-0.032418,0.118829,0.992385,0,0.64000,0.67769,38.400,1.355,325.000,275.000,700.000,350.000,-1,250.000,275.000,325.000,275.000,425.000,125.000,400.000,-1,350.000,550.000,300.000,-1,1,1,1,1,2,1,1,0,0,1,1,1,2,1,1,1,2
8,-2889.191,6433.794,-52.535,76.352,0.233031,-0.965605,0.115341,0.972123,0.234468,-0.001142,-0.025941,0.112391,0.993325,0,0.65516,0.67463,39.309,1.349,275.000,250.000,625.000,325.000,-1,250.000,275.000,325.000,300.000,425.000,150.000,450.000,-1,300.000,525.000,275.000,-1,1,1,1,1,2,1,1,0,0,1,1,1,2,1,1,1,2
9,-2879.674,6476.863,-54.715,77.549,0.213540,-0.971037,0.107180,0.976740,0.214399,-0.003577,-0.019506,0.105450,0.994233,0,0.73516,0.59879,44.109,1.198,225.000,225.000,550.000,300.000,-1,225.000,250.000,300.000,300.000,450.000,150.000,525.000,-1,275.000,500.000,225.000,-1,1,1,1,1,2,1,1,0,0,1,1,1,2,1,1,1,2
10,-2870.240,6524.297,-54.663,78.747,0.193692,-0.975124,0.107776,0.980969,0.194018,-0.007556,-0.013542,0.107189,0.994146,0,0.80608,0.59889,48.365,1.198,200.000,200.000,500.000,275.000,-1,200.000,225.000,300.000,300.000,500.000,200.000,625.000,-1,250.000,475.000,175.000,-1,1,1,1,1,2,1,1,0,0,1,1,1,2,1,1,1,2
11,-2861.795,6572.126,-49.954,79.945,0.175218,-0.976630,0.124469,0.984517,0.173169,-0.027174,0.004985,0.127303,0.991851,0,0.80951,0.59912,48.571,1.198,200.000,200.000,500.000,275.000,-1,200.000,225.000,375.000,275.000,550.000,250.000,625.000,-1,250.000,500.000,175.000,-1,1,1,1,1,2,1,1,0,0,1,1,1,2,1,1,1,2
12,-2854.323,6620.327,-44.403,81.144,0.157720,-0.977655,0.138979,0.987131,0.152330,-0.048670,0.026412,0.144867,0.989099,0,0.81297,0.59932,48.778,1.199,200.000,200.000,525.000,300.000,-1,200.000,225.000,425.000,275.000,600.000,250.000,400.000,-1,250.000,575.000,175.000,-1,1,1,1,1,2,1,1,0,0,1,1,0,2,1,1,1,2
13,1639.831,-4263.560,27.349,-132.230,-0.671971,0.740355,0.018162,-0.740518,-0.672026,-0.003770,0.009414,-0.015983,0.999828,1,0.00000,0.00000,48.987,1.199,-1,425.000,-1,425.000,-1,350.000,350.000,325.000,300.000,-1,-1,-1,-1,-1,1000.000,-1,-1,2,0,2,0,2,0,0,0,0,2,2,2,2,2,0,2,2
14,1636.620,-4267.128,27.355,-131.990,-0.668870,0.743164,0.017907,-0.743324,-0.668920,-0.003942,0.009049,-0.015947,0.999832,0,0.08000,0.12000,4.800,0.240,-1,425.000,-1,425.000,-1,350.000,350.000,325.000,300.000,-1,-1,-1,-1,-1,1000.000,-1,-1,2,0,2,0,2,0,0,0,0,2,2,2,2,2,0,2,2
15,1630.258,-4274.317,27.368,-131.510,-0.662633,0.748742,0.017398,-0.748898,-0.662671,-0.004297,0.008312,-0.015877,0.999839,0,0.16000,0.24000,9.600,0.480,-1,425.000,-1,425.000,-1,350.000,350.000,325.000,300.000,-1,-1,-1,-1,-1,1000.000,-1,-1,2,0,2,0,2,0,0,0,0,2,2,2,2,2,0,2,2
16,1620.850,-4285.219,27.387,-130.790,-0.653190,0.757011,0.016638,-0.757160,-0.653211,-0.004859,0.007190,-0.015772,0.999850,0,0.24000,0.36000,14.400,0.720,-1,425.000,-1,425.000,-1,350.000,350.000,325.000,300.000,-1,-1,-1,-1,-1,1000.000,-1,-1,2,0,2,0,2,0,0,0,0,2,2,2,2,2,0,2,2
17,1608.552,-4299.964,27.399,-129.830,-0.640437,0.767852,0.015622,-0.767989,-0.640438,-0.005612,0.005696,-0.015592,0.999862,0,0.32000,0.48000,19.200,0.960,-1,425.000,-1,425.000,-1,350.000,350.000,325.000,300.000,-1,-1,-1,-1,-1,1000.000,-1,-1,2,0,2,0,2,0,0,0,0,2,2,2,2,2,0,2,2
18,1593.570,-4318.712,27.397,-128.630,-0.624242,0.781099,0.014349,-0.781221,-0.624220,-0.006560,0.003833,-0.015305,0.999876,0,0.40000,0.60000,24.000,1.200,-1,425.000,-1,425.000,-1,350.000,350.000,325.000,300.000,-1,-1,-1,-1,-1,1000.000,-1,-1,2,0,2,0,2,0,0,0,0,2,2,2,2,2,0,2,2
19,1576.161,-4341.655,27.373,-127.190,-0.604445,0.796544,0.012821,-0.796646,-0.604397,-0.007729,0.001593,-0.014885,0.999888,0,0.48000,0.72000,28.800,1.440,-1,425.000,-1,425.000,-1,350.000,350.000,325.000,300.000,-1,-1,-1,-1,1000.000,1000.000,-1,-1,2,0,2,0,2,0,0,0,0,2,2,2,2,1,0,2,2
20,1556.644,-4369.006,27.306,-125.510,-0.580861,0.813927,0.011095,-0.814002,-0.580790,-0.009132,-0.000989,-0.014335,0.999897,0,0.56000,0.84000,33.600,1.680,-1,425.000,-1,425.000,-1,350.000,350.000,325.000,300.000,-1,-1,-1,-1,975.000,975.000,-1,-1,2,0,2,0,2,0,0,0,0,2,2,2,2,1,0,2,2
21,1535.400,-4400.994,27.092,-123.590,-0.553289,0.832934,0.009648,-0.832982,-0.553196,-0.010740,-0.003609,-0.013979,0.999896,0,0.64000,0.96000,38.400,1.920,-1,425.000,-1,425.000,-1,350.000,350.000,325.000,300.000,-1,-1,-1,-1,925.000,975.000,-1,-1,2,0,2,0,2,0,0,0,0,2,2,2,2,1,0,2,2
22,1512.770,-4437.792,26.791,-121.590,-0.523905,0.851738,0.008137,-0.851752,-0.523794,-0.012576,-0.006449,-0.013519,0.999888,0,0.72000,1.00000,43.200,2.000,-1,425.000,-1,425.000,-1,350.000,350.000,325.000,300.000,-1,-1,-1,-1,900.000,975.000,-1,-1,2,0,2,0,2,0,0,0,0,2,2,2,2,1,0,2,2
23,1489.281,-4479.156,26.388,-119.590,-0.493879,0.869506,0.006603,-0.869479,-0.493753,-0.014614,-0.009446,-0.012958,0.999871,0,0.79280,1.00000,47.568,2.000,-1,425.000,-1,425.000,-1,350.000,350.000,325.000,300.000,-1,-1,-1,-1,850.000,950.000,-1,-1,2,0,2,0,2,0,0,0,0,2,2,2,2,1,0,2,2
24,1467.175,-4521.458,25.783,-117.590,-0.463254,0.886209,0.005428,-0.886132,-0.463108,-0.017334,-0.012848,-0.012840,0.999835,0,0.79548,1.00000,47.729,2.000,975.000,425.000,-1,425.000,-1,350.000,350.000,325.000,300.000,-1,-1,-1,-1,825.000,950.000,975.000,-1,1,0,2,0,2,0,0,0,0,2,2,2,2,1,0,1,2
25,1446.488,-4564.655,24.891,-115.590,-0.432078,0.901823,0.004889,-0.901677,-0.431894,-0.021118,-0.016933,-0.013533,0.999765,0,0.79825,1.00000,47.895,2.000,925.000,425.000,-1,425.000,-1,350.000,350.000,325.000,300.000,-1,-1,-1,-1,775.000,925.000,925.000,-1,1,0,2,0,2,0,0,0,0,2,2,2,2,1,0,1,2
26,1427.252,-4608.705,23.947,-113.590,-0.400377,0.916339,0.004537,-0.916112,-0.400154,-0.024827,-0.020934,-0.014097,0.999681,0,0.80112,1.00000,48.067,2.000,875.000,425.000,-1,425.000,-1,350.000,350.000,325.000,300.000,-1,-1,-1,-1,725.000,925.000,850.000,-1,1,0,2,0,2,0,0,0,0,2,2,2,2,1,0,1,2
27,1409.500,-4653.565,22.937,-111.590,-0.368188,0.929741,0.004337,-0.929421,-0.367929,-0.028383,-0.024793,-0.014481,0.999588,0,0.80408,1.00000,48.245,2.000,850.000,425.000,-1,425.000,-1,350.000,350.000,325.000,300.000,-1,-1,-1,-1,700.000,900.000,800.000,-1,1,0,2,0,2,0,0,0,0,2,2,2,2,1,1,1,2
28,1393.263,-4699.189,21.509,-109.590,-0.335512,0.942030,0.003364,-0.941632,-0.335262,-0.030470,-0.027576,-0.013391,0.999530,0,0.80712,1.00000,48.427,2.000,800.000,425.000,-1,425.000,-1,350.000,350.000,325.000,300.000,-1,-1,-1,-1,650.000,825.000,750.000,-1,1,0,2,0,2,0,0,0,0,2,2,2,2,1,1,1,2
29,1378.570,-4745.531,19.757,-107.590,-0.302393,0.953182,0.001245,-0.952676,-0.302190,-0.033004,-0.031082,-0.011166,0.999454,0,0.81026,1.00000,48.615,2.000,775.000,425.000,925.000,425.000,-1,325.000,350.000,325.000,300.000,-1,-1,-1,-1,625.000,775.000,700.000,-1,1,0,1,0,2,0,0,0,0,2,2,2,2,1,1,1,2
30,1365.452,-4792.544,17.969,-105.590,-0.268892,0.963170,-0.000715,-0.962554,-0.268746,-0.035580,-0.034462,-0.008879,0.999367,0,0.81348,1.00000,48.809,2.000,725.000,425.000,875.000,425.000,-1,325.000,325.000,325.000,300.000,-1,-1,-1,-1,575.000,700.000,650.000,925.000,1,0,1,0,2,0,0,0,0,2,2,2,2,1,1,1,1
31,1352.637,-4844.599,15.961,-103.830,-0.239121,0.970986,-0.002602,-0.970248,-0.239042,-0.038453,-0.037959,-0.006670,0.999257,0,0.89348,0.88000,53.609,1.760,675.000,425.000,800.000,400.000,-1,325.000,325.000,325.000,300.000,-1,-1,-1,-1,550.000,625.000,600.000,825.000,1,0,1,0,2,0,0,0,0,2,2,2,2,1,1,1,1
32,1340.183,-4901.665,13.734,-102.310,-0.213206,0.976997,-0.004427,-0.976122,-0.213204,-0.041596,-0.041583,-0.004547,0.999125,0,0.97348,0.76000,58.409,1.520,625.000,400.000,725.000,400.000,875.000,325.000,325.000,325.000,300.000,-1,-1,-1,-1,500.000,575.000,550.000,725.000,1,1,1,0,1,0,0,0,0,2,2,2,2,1,1,1,1
33,1328.703,-4960.557,11.415,-101.030,-0.191246,0.981523,-0.006127,-0.980503,-0.191327,-0.044816,-0.045160,-0.002563,0.998976,0,1.00000,0.64000,60.000,1.280,550.000,350.000,650.000,400.000,750.000,325.000,325.000,325.000,300.000,-1,-1,-1,-1,450.000,525.000,500.000,625.000,1,1,1,1,1,1,0,0,0,2,2,2,2,1,1,1,1
34,1318.504,-5019.684,9.065,-99.787,-0.169813,0.985447,-0.007655,-0.984277,-0.169985,-0.048002,-0.048604,-0.000616,0.998818,0,1.00000,0.62169,60.000,1.243,500.000,325.000,600.000,350.000,650.000,300.000,300.000,325.000,300.000,-1,-1,-1,-1,425.000,450.000,425.000,550.000,1,1,1,1,1,1,1,0,0,2,2,2,2,1,1,1,1
35,1309.593,-5079.019,6.517,-98.540,-0.148279,0.988911,-0.008260,-0.987610,-0.148508,-0.050721,-0.051385,0.000637,0.998679,0,1.00000,0.62323,60.000,1.246,425.000,300.000,525.000,325.000,550.000,275.000,275.000,325.000,300.000,-1,-1,-1,-1,375.000,400.000,375.000,450.000,1,1,1,1,1,1,1,0,0,2,2,2,2,1,1,1,1
36,1301.895,-5138.523,3.953,-97.372,-0.128018,0.991733,-0.008773,-0.990296,-0.128305,-0.053405,-0.054089,0.001851,0.998534,0,1.00000,0.58440,60.000,1.169,350.000,250.000,450.000,275.000,450.000,225.000,250.000,325.000,300.000,-1,-1,-1,-1,325.000,350.000,325.000,375.000,1,1,1,1,1,1,1,0,0,2,2,2,2,1,1,1,1
37,1295.406,-5198.172,1.373,-96.208,-0.107796,0.994131,-0.009185,-0.992554,-0.108143,-0.056059,-0.056723,0.003073,0.998385,0,1.00000,0.58168,60.000,1.163,300.000,225.000,400.000,225.000,350.000,200.000,200.000,325.000,300.000,-1,-1,-1,-1,300.000,300.000,250.000,300.000,1,1,1,1,1,1,1,0,0,2,2,2,2,1,1,1,1
38,1290.124,-5257.938,0.884,-95.051,-0.087294,0.996032,-0.017300,-0.994946,-0.088038,-0.048287,-0.049619,0.012997,0.998684,0,1.00000,0.57858,60.000,1.157,250.000,200.000,350.000,200.000,275.000,175.000,175.000,350.000,300.000,-1,-1,-1,-1,275.000,250.000,225.000,250.000,1,1,1,1,1,1,1,0,0,2,2,2,2,1,1,1,1
39,1286.043,-5317.796,7.418,-93.901,-0.067796,0.997606,-0.013628,-0.997531,-0.068029,-0.017446,-0.018332,0.012411,0.999755,0,1.00000,0.57503,60.000,1.150,300.000,225.000,375.000,200.000,275.000,200.000,175.000,400.000,350.000,-1,-1,-1,-1,275.000,275.000,250.000,225.000,1,1,1,1,1,1,1,0,0,2,2,2,2,1,1,1,1
40,9511.015,-983.909,1.417,-167.755,-0.976149,0.211999,-0.046789,-0.210132,-0.976779,-0.041805,-0.054565,-0.030976,0.998030,1,0.00000,0.00000,60.000,1.142,-1,400.000,-1,375.000,-1,325.000,300.000,325.000,300.000,-1,475.000,475.000,-1,750.000,700.000,-1,-1,2,0,2,0,2,0,0,0,0,2,1,1,2,0,0,2,2
41,9506.329,-984.947,1.153,-167.515,-0.975258,0.216089,-0.046650,-0.214225,-0.975886,-0.041887,-0.054577,-0.030857,0.998033,0,0.08000,0.12000,4.800,0.240,-1,400.000,-1,375.000,-1,325.000,300.000,325.000,300.000,-1,475.000,500.000,-1,750.000,700.000,-1,-1,2,0,2,0,2,0,0,0,0,2,1,1,2,0,0,2,2
42,9496.974,-987.101,0.624,-167.035,-0.973426,0.224259,-0.046375,-0.222399,-0.974048,-0.042050,-0.054602,-0.030619,0.998039,0,0.16000,0.24000,9.600,0.480,-1,400.000,-1,375.000,-1,325.000,300.000,325.000,300.000,-1,500.000,500.000,-1,750.000,700.000,-1,-1,2,0,2,0,2,0,0,0,0,2,1,1,2,0,0,2,2
43,9482.983,-990.507,-0.177,-166.315,-0.970548,0.236484,-0.045965,-0.234631,-0.971164,-0.042289,-0.054640,-0.030259,0.998048,0,0.24000,0.36000,14.400,0.720,-1,400.000,-1,375.000,-1,325.000,300.000,325.000,300.000,-1,500.000,500.000,-1,750.000,700.000,-1,-1,2,0,2,0,2,0,0,0,0,2,1,1,2,0,0,2,2
44,9464.407,-995.362,-1.256,-165.355,-0.966471,0.252725,-0.045421,-0.250883,-0.967080,-0.042598,-0.054691,-0.029774,0.998059,0,0.32000,0.48000,19.200,0.960,-1,400.000,-1,375.000,-1,325.000,300.000,325.000,300.000,-1,500.000,525.000,-1,775.000,700.000,-1,-1,2,0,2,0,2,0,0,0,0,2,1,1,2,0,0,2,2
45,9441.319,-1001.914,-2.624,-164.155,-0.960993,0.272928,-0.044748,-0.271097,-0.961592,-0.042967,-0.054756,-0.029160,0.998074,0,0.40000,0.60000,24.000,1.200,-1,400.000,-1,375.000,-1,325.000,325.000,325.000,300.000,-1,525.000,550.000,-1,775.000,700.000,-1,-1,2,0,2,0,2,0,0,0,0,2,1,1,2,0,0,2,2
46,9413.820,-1010.471,-4.291,-162.715,-0.953861,0.297013,-0.043949,-0.295198,-0.954451,-0.043383,-0.054833,-0.028408,0.998091,0,0.48000,0.72000,28.800,1.440,-1,400.000,-1,375.000,-1,325.000,325.000,325.000,300.000,-1,550.000,575.000,-1,775.000,725.000,-1,-1,2,0,2,0,2,0,0,0,0,2,1,1,2,0,0,2,2
47,9382.044,-1021.391,-6.272,-161.035,-0.944777,0.324876,-0.043030,-0.323079,-0.945357,-0.043830,-0.054918,-0.027508,0.998112,0,0.56000,0.84000,33.600,1.680,-1,400.000,-1,375.000,-1,325.000,325.000,325.000,300.000,-1,575.000,625.000,-1,775.000,725.000,-1,-1,2,0,2,0,2,0,0,0,0,2,1,1,2,0,0,2,2
48,9346.123,-1034.964,-8.576,-159.299,-0.934545,0.353358,-0.041988,-0.351581,-0.935109,-0.044299,-0.054917,-0.026637,0.998136,0,0.64000,0.86752,38.400,1.735,-1,400.000,-1,375.000,-1,325.000,325.000,325.000,300.000,-1,600.000,675.000,-1,775.000,725.000,-1,-1,2,0,2,0,2,0,0,0,0,2,1,1,2,0,0,2,2
49,9306.195,-1051.456,-11.204,-157.558,-0.923414,0.381626,-0.040842,-0.379867,-0.923954,-0.044834,-0.054846,-0.025886,0.998159,0,0.72000,0.87092,43.200,1.742,-1,400.000,-1,375.000,-1,325.000,325.000,325.000,300.000,-1,650.000,725.000,-1,775.000,725.000,-1,-1,2,0,2,0,2,0,0,0,0,2,1,1,2,0,0,2,2
50,9262.411,-1071.126,-13.919,-155.808,-0.911369,0.409654,-0.039878,-0.407840,-0.911866,-0.046555,-0.055435,-0.026165,0.998119,0,0.80000,0.87476,48.000,1.750,-1,400.000,-1,375.000,-1,325.000,325.000,325.000,300.000,-1,700.000,775.000,-1,775.000,750.000,-1,-1,2,0,2,0,2,0,0,0,0,2,1,1,2,0,0,2,2
51,9214.934,-1094.231,-17.073,-154.050,-0.898397,0.437435,-0.039162,-0.435565,-0.898867,-0.048173,-0.056274,-0.026221,0.998071,0,0.88000,0.87902,52.800,1.758,-1,400.000,-1,375.000,-1,325.000,325.000,300.000,300.000,-1,775.000,850.000,-1,750.000,750.000,-1,-1,2,0,2,0,2,0,0,0,0,2,1,1,2,0,0,2,2
52,9166.154,-1120.022,-20.440,-152.134,-0.883293,0.467250,-0.038343,-0.465323,-0.883738,-0.049816,-0.057162,-0.026161,0.998022,0,0.91964,0.95817,55.179,1.916,-1,400.000,-1,400.000,-1,325.000,325.000,300.000,300.000,-1,850.000,925.000,-1,750.000,750.000,-1,-1,2,0,2,0,2,0,0,0,0,2,1,1,2,0,0,2,2
53,9118.051,-1147.541,-23.883,-150.227,-0.867292,0.496393,-0.037392,-0.494412,-0.867705,-0.051426,-0.057973,-0.026115,0.997977,0,0.92365,0.95327,55.419,1.907,-1,400.000,-1,400.000,-1,325.000,325.000,300.000,300.000,-1,925.000,1000.000,-1,750.000,750.000,-1,-1,2,0,2,0,2,0,0,0,0,2,1,1,2,0,0,2,2
54,9070.679,-1176.764,-27.248,-148.330,-0.850389,0.524849,-0.037046,-0.522815,-0.850814,-0.052724,-0.059191,-0.025467,0.997922,0,0.92767,0.94836,55.660,1.897,-1,400.000,-1,400.000,-1,325.000,325.000,300.000,300.000,-1,1000.000,-1,-1,725.000,750.000,-1,-1,2,0,2,0,2,0,0,0,0,2,1,2,2,0,0,2,2
55,9024.093,-1207.664,-30.576,-146.444,-0.832624,0.552594,-0.037125,-0.550506,-0.833094,-0.053833,-0.060676,-0.024385,0.997860,0,0.93171,0.94344,55.903,1.887,-1,400.000,-1,400.000,-1,325.000,325.000,300.000,300.000,-1,-1,-1,-1,725.000,750.000,-1,-1,2,0,2,0,2,0,0,0,0,2,2,2,2,0,0,2,2
56,8978.347,-1240.214,-33.986,-144.567,-0.814057,0.579599,-0.037108,-0.577454,-0.814567,-0.055021,-0.062117,-0.023362,0.997795,0,0.93574,0.93851,56.144,1.877,-1,400.000,-1,400.000,-1,325.000,325.000,300.000,300.000,-1,-1,-1,-1,725.000,750.000,-1,-1,2,0,2,0,2,0,0,0,0,2,2,2,2,0,0,2,2
57,8933.495,-1274.383,-37.450,-142.699,-0.794721,0.605847,-0.036982,-0.603652,-0.795269,-0.056137,-0.063421,-0.022289,0.997738,0,0.93975,0.93359,56.385,1.867,-1,375.000,-1,375.000,-1,325.000,325.000,300.000,300.000,-1,-1,-1,-1,700.000,750.000,-1,-1,2,0,2,0,2,0,0,0,0,2,2,2,2,0,0,2,2
58,8889.588,-1310.138,-40.914,-140.842,-0.774649,0.631322,-0.036756,-0.629103,-0.775238,-0.056887,-0.064409,-0.020945,0.997704,0,0.94373,0.92866,56.624,1.857,-1,375.000,-1,375.000,-1,325.000,325.000,300.000,300.000,-1,-1,-1,-1,700.000,725.000,-1,-1,2,0,2,0,2,0,0,0,0,2,2,2,2,0,0,2,2
59,8846.679,-1347.445,-44.411,-138.995,-0.753874,0.656006,-0.036456,-0.653776,-0.754504,-0.057454,-0.065196,-0.019479,0.997682,0,0.94766,0.92375,56.860,1.847,-1,375.000,-1,375.000,-1,300.000,325.000,300.000,300.000,-1,-1,-1,-1,675.000,725.000,-1,-1,2,0,2,0,2,0,0,0,0,2,2,2,2,0,0,2,2
60,8804.893,-1386.203,-47.952,-137.153,-0.732379,0.679939,-0.036106,-0.677718,-0.733052,-0.057741,-0.065728,-0.017819,0.997678,0,0.94989,0.92095,56.993,1.842,-1,375.000,-1,375.000,-1,300.000,300.000,300.000,300.000,-1,-1,-1,-1,675.000,700.000,-1,-1,2,0,2,0,2,0,0,0,0,2,2,2,2,0,0,2,2
61,8767.633,-1422.752,-51.299,-135.551,-0.713060,0.700188,-0.035804,-0.698015,-0.713781,-0.057384,-0.065736,-0.015926,0.997710,0,0.86989,0.80095,52.193,1.602,-1,375.000,-1,375.000,-1,300.000,300.000,325.000,300.000,-1,-1,-1,-1,675.000,700.000,-1,-1,2,0,2,0,2,0,0,0,0,2,2,2,2,0,0,2,2
62,8734.599,-1456.735,-54.325,-134.189,-0.696195,0.716973,-0.035531,-0.714847,-0.696955,-0.056985,-0.065620,-0.014274,0.997743,0,0.78989,0.68095,47.393,1.362,-1,375.000,-1,375.000,-1,300.000,300.000,325.000,300.000,-1,-1,-1,-1,675.000,675.000,-1,-1,2,0,2,0,2,0,0,0,0,2,2,2,2,0,0,2,2
63,8705.514,-1487.851,-57.035,-133.067,-0.682005,0.730496,-0.035292,-0.728418,-0.682797,-0.056538,-0.065398,-0.012852,0.997776,0,0.70989,0.56095,42.593,1.122,-1,375.000,-1,375.000,-1,300.000,300.000,325.000,300.000,-1,-1,-1,-1,650.000,675.000,-1,-1,2,0,2,0,2,0,0,0,0,2,2,2,2,0,0,2,2
64,8680.134,-1515.855,-59.429,-132.185,-0.670666,0.740929,-0.035089,-0.738897,-0.671482,-0.056064,-0.065101,-0.011673,0.997810,0,0.62989,0.44095,37.793,0.882,-1,375.000,-1,375.000,-1,300.000,300.000,325.000,300.000,-1,-1,-1,-1,650.000,675.000,-1,-1,2,0,2,0,2,0,0,0,0,2,2,2,2,0,0,2,2
65,8658.253,-1540.549,-61.509,-131.543,-0.662314,0.748413,-0.034919,-0.746423,-0.663146,-0.055580,-0.064753,-0.010747,0.997843,0,0.54989,0.32095,32.993,0.642,-1,375.000,-1,375.000,-1,300.000,300.000,325.000,300.000,-1,-1,-1,-1,650.000,650.000,-1,-1,2,0,2,0,2,0,0,0,0,2,2,2,2,0,0,2,2
66,8639.704,-1561.781,-63.240,-131.141,-0.657052,0.753050,-0.034622,-0.751100,-0.657884,-0.055109,-0.064277,-0.010205,0.997880,0,0.46989,0.20095,28.193,0.402,-1,375.000,-1,375.000,-1,300.000,300.000,325.000,300.000,-1,-1,-1,-1,650.000,650.000,-1,-1,2,0,2,0,2,0,0,0,0,2,2,2,2,0,0,2,2
67,8624.363,-1579.442,-64.575,-130.979,-0.654954,0.754905,-0.033950,-0.752993,-0.655754,-0.054674,-0.063536,-0.010245,0.997927,0,0.38989,0.08095,23.393,0.162,-1,375.000,-1,375.000,-1,300.000,300.000,325.000,300.000,-1,-1,-1,-1,650.000,650.000,-1,-1,2,0,2,0,2,0,0,0,0,2,2,2,2,0,0,2,2
68,8612.151,-1593.462,-65.627,-131.058,-0.656012,0.754009,-0.033436,-0.752126,-0.656781,-0.054267,-0.062878,-0.010451,0.997967,0,0.30989,-0.03905,18.593,-0.078,-1,375.000,-1,375.000,-1,300.000,300.000,325.000,300.000,-1,-1,-1,-1,650.000,650.000,-1,-1,2,0,2,0,2,0,0,0,0,2,2,2,2,0,0,2,2
69,8603.034,-1603.812,-66.402,-131.376,-0.660214,0.750348,-0.033099,-0.748488,-0.660954,-0.053901,-0.062321,-0.010813,0.997998,0,0.22989,-0.15905,13.793,-0.318,-1,375.000,-1,375.000,-1,300.000,300.000,325.000,300.000,-1,-1,-1,-1,650.000,650.000,-1,-1,2,0,2,0,2,0,0,0,0,2,2,2,2,0,0,2,2
70,8597.038,-1610.515,-66.907,-131.817,-0.665997,0.745227,-0.032927,-0.743381,-0.666716,-0.053611,-0.061906,-0.011227,0.998019,0,0.14989,-0.22084,8.993,-0.442,-1,375.000,-1,375.000,-1,300.000,300.000,325.000,300.000,-1,-1,-1,-1,650.000,650.000,-1,-1,2,0,2,0,2,0,0,0,0,2,2,2,2,0,0,2,2
71,8594.218,-1613.618,-67.146,-132.259,-0.671733,0.740063,-0.032906,-0.738223,-0.672438,-0.053427,-0.061667,-0.011597,0.998029,0,0.06989,-0.22084,4.193,-0.442,-1,375.000,-1,375.000,-1,300.000,300.000,325.000,300.000,-1,-1,-1,-1,625.000,650.000,-1,-1,2,0,2,0,2,0,0,0,0,2,2,2,2,0,0,2,2
72,8594.629,-1613.173,-67.116,-132.701,-0.677421,0.734854,-0.033018,-0.733012,-0.678120,-0.053353,-0.061597,-0.011940,0.998030,0,-0.01011,-0.22084,-0.607,-0.442,-1,375.000,-1,375.000,-1,300.000,300.000,325.000,300.000,-1,-1,-1,-1,625.000,650.000,-1,-1,2,0,2,0,2,0,0,0,0,2,2,2,2,0,0,2,2
73,8598.326,-1609.228,-66.817,-133.142,-0.683063,0.729602,-0.033261,-0.727749,-0.683762,-0.053390,-0.061696,-0.012263,0.998020,0,-0.09011,-0.22084,-5.407,-0.442,-1,375.000,-1,375.000,-1,300.000,300.000,325.000,300.000,-1,-1,-1,-1,625.000,650.000,-1,-1,2,0,2,0,2,0,0,0,0,2,2,2,2,0,0,2,2
74,8605.363,-1601.834,-66.254,-133.584,-0.688657,0.724306,-0.033649,-0.722434,-0.689364,-0.053533,-0.061971,-0.012556,0.997999,0,-0.17011,-0.22084,-10.207,-0.442,-1,375.000,-1,375.000,-1,300.000,300.000,325.000,300.000,-1,-1,-1,-1,625.000,650.000,-1,-1,2,0,2,0,2,0,0,0,0,2,2,2,2,0,0,2,2
75,8615.792,-1591.044,-65.422,-134.026,-0.694202,0.718968,-0.034174,-0.717069,-0.694925,-0.053772,-0.062409,-0.012824,0.997968,0,-0.25011,-0.22084,-15.007,-0.442,-1,375.000,-1,375.000,-1,300.000,300.000,325.000,300.000,-1,-1,-1,-1,650.000,650.000,-1,-1,2,0,2,0,2,0,0,0,0,2,2,2,2,0,0,2,2
76,8629.667,-1576.910,-64.300,-134.467,-0.699705,0.713587,-0.034736,-0.711654,-0.700444,-0.054108,-0.062941,-0.013140,0.997931,0,-0.33011,-0.22084,-19.807,-0.442,-1,375.000,-1,375.000,-1,300.000,300.000,325.000,300.000,-1,-1,-1,-1,650.000,650.000,-1,-1,2,0,2,0,2,0,0,0,0,2,2,2,2,0,0,2,2
77,8647.039,-1559.483,-62.791,-134.909,-0.705190,0.708159,-0.034886,-0.706189,-0.705917,-0.054574,-0.063274,-0.013849,0.997900,0,-0.41011,-0.22084,-24.607,-0.442,-1,375.000,-1,375.000,-1,300.000,300.000,325.000,300.000,-1,-1,-1,-1,650.000,675.000,-1,-1,2,0,2,0,2,0,0,0,0,2,2,2,2,0,0,2,2
78,8666.404,-1540.353,-61.119,-135.351,-0.710633,0.702689,-0.035054,-0.700680,-0.711348,-0.055067,-0.063631,-0.014571,0.997867,0,-0.45368,-0.22084,-27.221,-0.442,-1,375.000,-1,375.000,-1,300.000,300.000,325.000,300.000,-1,-1,-1,-1,650.000,675.000,-1,-1,2,0,2,0,2,0,0,0,0,2,2,2,2,0,0,2,2
79,8685.917,-1521.374,-59.443,-135.793,-0.716033,0.697177,-0.035223,-0.695131,-0.716736,-0.055526,-0.063957,-0.015273,0.997836,0,-0.45368,-0.22084,-27.221,-0.442,-1,375.000,-1,375.000,-1,300.000,300.000,325.000,300.000,-1,-1,-1,-1,650.000,675.000,-1,-1,2,0,2,0,2,0,0,0,0,2,2,2,2,0,0,2,2
80,8705.575,-1502.545,-57.762,-136.234,-0.721390,0.691624,-0.035392,-0.689542,-0.722081,-0.055950,-0.064252,-0.015957,0.997806,0,-0.45368,-0.22084,-27.221,-0.442,-1,375.000,-1,375.000,-1,300.000,300.000,325.000,300.000,-1,-1,-1,-1,650.000,675.000,-1,-1,2,0,2,0,2,0,0,0,0,2,2,2,2,0,0,2,2
81,8725.378,-1483.868,-56.076,-136.676,-0.726704,0.686030,-0.035560,-0.683914,-0.727384,-0.056339,-0.064516,-0.016622,0.997778,0,-0.45368,-0.22084,-27.221,-0.442,-1,375.000,-1,375.000,-1,300.000,300.000,325.000,300.000,-1,-1,-1,-1,650.000,675.000,-1,-1,2,0,2,0,2,0,0,0,0,2,2,2,2,0,0,2,2
82,8745.324,-1465.345,-54.386,-137.118,-0.731975,0.680395,-0.035726,-0.678248,-0.732642,-0.056693,-0.064748,-0.017267,0.997752,0,-0.45368,-0.22084,-27.221,-0.442,-1,375.000,-1,375.000,-1,300.000,300.000,325.000,300.000,-1,-1,-1,-1,675.000,700.000,-1,-1,2,0,2,0,2,0,0,0,0,2,2,2,2,0,0,2,2
83,8765.412,-1446.976,-52.691,-137.559,-0.737201,0.674719,-0.035890,-0.672544,-0.737858,-0.057013,-0.064950,-0.017892,0.997728,0,-0.45368,-0.22084,-27.221,-0.442,-1,375.000,-1,375.000,-1,300.000,300.000,325.000,300.000,-1,-1,-1,-1,675.000,700.000,-1,-1,2,0,2,0,2,0,0,0,0,2,2,2,2,0,0,2,2
84,8785.641,-1428.762,-50.990,-138.001,-0.742384,0.669004,-0.036051,-0.666801,-0.743029,-0.057308,-0.065126,-0.018506,0.997705,0,-0.45368,-0.22084,-27.221,-0.442,-1,375.000,-1,375.000,-1,300.000,300.000,325.000,300.000,-1,-1,-1,-1,675.000,700.000,-1,-1,2,0,2,0,2,0,0,0,0,2,2,2,2,0,0,2,2
85,8806.010,-1410.705,-49.277,-138.443,-0.747523,0.663248,-0.036205,-0.661018,-0.748155,-0.057608,-0.065296,-0.019131,0.997683,0,-0.45368,-0.22084,-27.221,-0.442,-1,375.000,-1,375.000,-1,300.000,300.000,325.000,300.000,-1,-1,-1,-1,675.000,700.000,-1,-1,2,0,2,0,2,0,0,0,0,2,2,2,2,0,0,2,2
86,8826.518,-1392.805,-47.562,-138.884,-0.752618,0.657453,-0.036357,-0.655199,-0.753237,-0.057860,-0.065425,-0.019725,0.997662,0,-0.45368,-0.22084,-27.221,-0.442,-1,375.000,-1,375.000,-1,300.000,300.000,300.000,300.000,-1,-1,-1,-1,675.000,700.000,-1,-1,2,0,2,0,2,0,0,0,0,2,2,2,2,0,0,2,2
87,8847.163,-1375.064,-45.858,-139.326,-0.757666,0.651621,-0.036507,-0.649349,-0.758275,-0.058005,-0.065479,-0.020243,0.997649,0,-0.45368,-0.22084,-27.221,-0.442,-1,375.000,-1,375.000,-1,300.000,325.000,300.000,300.000,-1,-1,-1,-1,675.000,725.000,-1,-1,2,0,2,0,2,0,0,0,0,2,2,2,2,0,0,2,2
88,8867.944,-1357.483,-44.207,-139.768,-0.762667,0.645752,-0.036658,-0.643483,-0.763271,-0.057851,-0.065337,-0.020533,0.997652,0,-0.45368,-0.22084,-27.221,-0.442,-1,375.000,-1,375.000,-1,300.000,325.000,300.000,300.000,-1,-1,-1,-1,675.000,725.000,-1,-1,2,0,2,0,2,0,0,0,0,2,2,2,2,0,0,2,2
89,8888.860,-1340.062,-42.556,-140.209,-0.767622,0.639845,-0.036798,-0.637582,-0.768222,-0.057646,-0.065153,-0.020788,0.997659,0,-0.45368,-0.22084,-27.221,-0.442,-1,375.000,-1,375.000,-1,325.000,325.000,300.000,300.000,-1,-1,-1,-1,700.000,725.000,-1,-1,2,0,2,0,2,0,0,0,0,2,2,2,2,0,0,2,2
90,8906.139,-1325.774,-41.199,-140.411,-0.769867,0.637137,-0.036898,-0.634883,-0.770470,-0.057450,-0.065032,-0.020803,0.997666,0,-0.37368,-0.10084,-22.421,-0.202,-1,375.000,-1,375.000,-1,325.000,325.000,300.000,300.000,-1,-1,-1,-1,700.000,725.000,-1,-1,2,0,2,0,2,0,0,0,0,2,2,2,2,0,0,2,2
91,8919.716,-1314.542,-40.135,-140.401,-0.769749,0.637276,-0.036964,-0.635031,-0.770360,-0.057283,-0.064981,-0.020620,0.997673,0,-0.29368,0.00508,-17.621,0.010,-1,375.000,-1,375.000,-1,325.000,325.000,300.000,300.000,-1,-1,-1,-1,700.000,725.000,-1,-1,2,0,2,0,2,0,0,0,0,2,2,2,2,0,0,2,2
92,8929.592,-1306.368,-39.359,-140.388,-0.769598,0.637456,-0.037009,-0.635219,-0.770215,-0.057147,-0.064934,-0.020471,0.997680,0,-0.21368,0.00661,-12.821,0.013,-1,375.000,-1,375.000,-1,325.000,325.000,300.000,300.000,-1,-1,-1,-1,700.000,725.000,-1,-1,2,0,2,0,2,0,0,0,0,2,2,2,2,0,0,2,2
93,8935.770,-1301.252,-38.866,-140.372,-0.769423,0.637665,-0.037037,-0.635436,-0.770045,-0.057019,-0.064879,-0.020337,0.997686,0,-0.13368,0.00772,-8.021,0.015,-1,375.000,-1,375.000,-1,325.000,325.000,300.000,300.000,-1,-1,-1,-1,700.000,725.000,-1,-1,2,0,2,0,2,0,0,0,0,2,2,2,2,0,0,2,2
94,8938.250,-1299.197,-38.665,-140.355,-0.769234,0.637893,-0.037048,-0.635668,-0.769859,-0.056945,-0.064847,-0.020254,0.997690,0,-0.05368,0.00842,-3.221,0.017,-1,375.000,-1,375.000,-1,325.000,325.000,300.000,300.000,-1,-1,-1,-1,700.000,725.000,-1,-1,2,0,2,0,2,0,0,0,0,2,2,2,2,0,0,2,2
95,8937.034,-1300.205,-38.764,-140.338,-0.769040,0.638126,-0.037042,-0.635900,-0.769665,-0.056981,-0.064871,-0.020266,0.997688,0,0.02632,0.00870,1.579,0.017,-1,375.000,-1,375.000,-1,325.000,325.000,300.000,300.000,-1,-1,-1,-1,700.000,725.000,-1,-1,2,0,2,0,2,0,0,0,0,2,2,2,2,0,0,2,2
96,8932.124,-1304.279,-39.162,-140.321,-0.768851,0.638355,-0.037018,-0.636121,-0.769473,-0.057115,-0.064944,-0.020365,0.997681,0,0.10632,0.00856,6.379,0.017,-1,375.000,-1,375.000,-1,325.000,325.000,300.000,300.000,-1,-1,-1,-1,700.000,725.000,-1,-1,2,0,2,0,2,0,0,0,0,2,2,2,2,0,0,2,2
97,8923.523,-1311.419,-39.840,-140.305,-0.768676,0.638569,-0.036979,-0.636327,-0.769293,-0.057241,-0.064999,-0.020469,0.997675,0,0.18632,0.00801,11.179,0.016,-1,375.000,-1,375.000,-1,325.000,325.000,300.000,300.000,-1,-1,-1,-1,700.000,725.000,-1,-1,2,0,2,0,2,0,0,0,0,2,2,2,2,0,0,2,2
98,8911.230,-1321.628,-40.807,-140.291,-0.768523,0.638756,-0.036919,-0.636505,-0.769133,-0.057402,-0.065061,-0.020616,0.997668,0,0.26632,0.00704,15.979,0.014,-1,375.000,-1,375.000,-1,325.000,325.000,300.000,300.000,-1,-1,-1,-1,700.000,725.000,-1,-1,2,0,2,0,2,0,0,0,0,2,2,2,2,0,0,2,2
99,8895.247,-1334.907,-42.062,-140.279,-0.768403,0.638905,-0.036836,-0.636645,-0.769004,-0.057581,-0.065116,-0.020794,0.997661,0,0.34632,0.00565,20.779,0.011,-1,375.000,-1,375.000,-1,325.000,325.000,300.000,300.000,-1,-1,-1,-1,700.000,725.000,-1,-1,2,0,2,0,2,0,0,0,0,2,2,2,2,0,0,2,2
100,8875.574,-1351.256,-43.602,-140.272,-0.768325,0.639006,-0.036726,-0.636736,-0.768916,-0.057754,-0.065144,-0.020989,0.997655,0,0.42632,0.00385,25.579,0.008,-1,375.000,-1,375.000,-1,300.000,325.000,300.000,300.000,-1,-1,-1,-1,675.000,725.000,-1,-1,2,0,2,0,2,0,0,0,0,2,2,2,2,0,0,2,2
101,8852.211,-1370.674,-45.426,-140.269,-0.768298,0.639047,-0.036583,-0.636771,-0.768876,-0.057891,-0.065123,-0.021183,0.997652,0,0.50632,0.00162,30.379,0.003,-1,375.000,-1,375.000,-1,300.000,325.000,300.000,300.000,-1,-1,-1,-1,675.000,725.000,-1,-1,2,0,2,0,2,0,0,0,0,2,2,2,2,0,0,2,2
102,8825.158,-1393.162,-47.592,-140.265,-0.768269,0.639091,-0.036407,-0.636834,-0.768842,-0.057666,-0.064845,-0.021118,0.997672,0,0.58632,0.00160,35.179,0.003,-1,375.000,-1,375.000,-1,300.000,325.000,325.000,300.000,-1,-1,-1,-1,675.000,725.000,-1,-1,2,0,2,0,2,0,0,0,0,2,2,2,2,0,0,2,2
103,8794.415,-1418.720,-50.067,-140.262,-0.768241,0.639137,-0.036189,-0.636917,-0.768810,-0.057175,-0.064365,-0.020875,0.997708,0,0.66632,0.00160,39.979,0.003,-1,375.000,-1,375.000,-1,300.000,300.000,325.000,300.000,-1,-1,-1,-1,675.000,700.000,-1,-1,2,0,2,0,2,0,0,0,0,2,2,2,2,0,0,2,2
104,8759.982,-1447.348,-52.819,-140.259,-0.768214,0.639184,-0.035917,-0.637013,-0.768779,-0.056508,-0.063731,-0.020530,0.997756,0,0.74632,0.00160,44.779,0.003,-1,375.000,-1,375.000,-1,300.000,300.000,325.000,300.000,-1,-1,-1,-1,675.000,700.000,-1,-1,2,0,2,0,2,0,0,0,0,2,2,2,2,0,0,2,2
105,8721.860,-1479.047,-55.821,-140.256,-0.768190,0.639233,-0.035579,-0.637118,-0.768750,-0.055716,-0.062967,-0.020132,0.997813,0,0.82632,0.00160,49.579,0.003,-1,375.000,-1,375.000,-1,300.000,300.000,325.000,300.000,-1,-1,-1,-1,650.000,700.000,-1,-1,2,0,2,0,2,0,0,0,0,2,2,2,2,0,0,2,2
106,8680.049,-1513.817,-59.079,-140.253,-0.768167,0.639282,-0.035167,-0.637240,-0.768722,-0.054693,-0.061998,-0.019603,0.997884,0,0.90632,0.00160,54.379,0.003,-1,375.000,-1,375.000,-1,300.000,300.000,325.000,300.000,-1,-1,-1,-1,650.000,700.000,-1,-1,2,0,2,0,2,0,0,0,0,2,2,2,2,0,0,2,2
107,8637.098,-1549.539,-62.387,-140.249,-0.768146,0.639333,-0.034698,-0.637375,-0.768696,-0.053474,-0.060860,-0.018960,0.997966,0,0.93109,0.00160,55.865,0.003,-1,375.000,-1,375.000,-1,300.000,300.000,325.000,300.000,-1,-1,-1,-1,650.000,675.000,-1,-1,2,0,2,0,2,0,0,0,0,2,2,2,2,0,0,2,2
108,8594.149,-1585.264,-65.668,-140.246,-0.768123,0.639386,-0.034237,-0.637521,-0.768671,-0.052073,-0.059612,-0.018171,0.998056,0,0.93109,0.00160,55.865,0.003,-1,375.000,-1,375.000,-1,300.000,300.000,325.000,300.000,-1,-1,-1,-1,650.000,675.000,-1,-1,2,0,2,0,2,0,0,0,0,2,2,2,2,0,0,2,2
109,8551.201,-1620.992,-68.925,-140.243,-0.768098,0.639440,-0.033803,-0.637676,-0.768648,-0.050486,-0.058265,-0.017222,0.998153,0,0.93109,0.00160,55.865,0.003,-1,350.000,-1,375.000,-1,300.000,300.000,325.000,300.000,-1,-1,-1,-1,625.000,675.000,-1,-1,2,0,2,0,2,0,0,0,0,2,2,2,2,0,0,2,2
110,8508.256,-1656.722,-71.920,-140.240,-0.768147,0.639481,-0.031845,-0.637835,-0.768611,-0.049034,-0.055833,-0.017353,0.998289,0,0.93109,0.00160,55.865,0.003,-1,350.000,-1,375.000,-1,300.000,300.000,325.000,300.000,-1,-1,-1,-1,625.000,675.000,-1,-1,2,0,2,0,2,0,0,0,0,2,2,2,2,0,0,2,2
111,8465.314,-1692.454,-74.849,-140.236,-0.768202,0.639522,-0.029628,-0.638000,-0.768572,-0.047455,-0.053119,-0.017552,0.998434,0,0.93109,0.00160,55.865,0.003,-1,350.000,-1,375.000,-1,300.000,300.000,325.000,300.000,-1,875.000,-1,-1,625.000,675.000,-1,-1,2,0,2,0,2,0,0,0,0,2,0,2,2,0,0,2,2
112,8422.372,-1728.189,-77.630,-140.233,-0.768242,0.639566,-0.027566,-0.638173,-0.768537,-0.045662,-0.050389,-0.017488,0.998577,0,0.93109,0.00160,55.865,0.003,-1,350.000,-1,375.000,-1,300.000,300.000,325.000,300.000,-1,675.000,675.000,-1,625.000,675.000,-1,-1,2,0,2,0,2,0,0,0,0,2,0,0,2,0,0,2,2
113,8380.403,-1763.279,-80.162,-140.101,-0.766815,0.641345,-0.025927,-0.640079,-0.767067,-0.043671,-0.047895,-0.016892,0.998710,0,0.91176,0.06614,54.706,0.132,-1,350.000,-1,375.000,-1,300.000,300.000,325.000,325.000,-1,600.000,600.000,-1,625.000,675.000,-1,-1,2,0,2,0,2,0,0,0,0,2,0,0,2,0,0,2,2
114,8338.516,-1798.466,-82.582,-139.969,-0.765378,0.643122,-0.024297,-0.641985,-0.765593,-0.041502,-0.045292,-0.016167,0.998843,0,0.91176,0.06614,54.706,0.132,-1,350.000,-1,375.000,-1,300.000,300.000,325.000,325.000,-1,550.000,525.000,-1,625.000,675.000,1000.000,-1,2,0,2,0,2,0,0,0,0,2,0,0,2,0,0,0,2
115,8296.709,-1833.749,-84.889,-139.836,-0.763934,0.644896,-0.022677,-0.643889,-0.764117,-0.039155,-0.042579,-0.015311,0.998976,0,0.91176,0.06614,54.706,0.132,-1,350.000,-1,375.000,-1,300.000,300.000,325.000,325.000,-1,500.000,500.000,-1,625.000,675.000,1000.000,-1,2,0,2,0,2,0,0,0,0,2,0,0,2,0,0,0,2
116,8254.984,-1869.129,-87.106,-139.704,-0.762481,0.646667,-0.021066,-0.645784,-0.762636,-0.036741,-0.039825,-0.014410,0.999103,0,0.91176,0.06614,54.706,0.132,-1,350.000,-1,375.000,-1,300.000,300.000,325.000,325.000,-1,475.000,450.000,-1,600.000,675.000,1000.000,-1,2,0,2,0,2,0,0,0,0,2,0,0,2,0,0,0,2
117,8213.341,-1904.604,-89.132,-139.572,-0.761018,0.648438,-0.019481,-0.647692,-0.761155,-0.033738,-0.036705,-0.013058,0.999241,0,0.91176,0.06614,54.706,0.132,-1,350.000,-1,375.000,-1,300.000,300.000,325.000,325.000,-1,450.000,400.000,-1,600.000,675.000,1000.000,-1,2,0,2,0,2,0,0,0,0,2,0,0,2,0,0,0,2
118,8171.758,-1940.192,-91.004,-139.442,-0.759573,0.650175,-0.017919,-0.649567,-0.759699,-0.030327,-0.033331,-0.011396,0.999379,0,0.91220,0.06493,54.732,0.130,-1,350.000,-1,375.000,-1,300.000,300.000,325.000,325.000,-1,425.000,375.000,-1,625.000,675.000,-1,-1,2,0,2,0,2,0,0,0,0,2,0,0,2,0,0,2,2
119,8130.226,-1975.894,-92.765,-139.316,-0.758165,0.651857,-0.016374,-0.651379,-0.758281,-0.026741,-0.029848,-0.009609,0.999508,0,0.91281,0.06302,54.769,0.126,-1,350.000,-1,375.000,-1,300.000,300.000,325.000,325.000,-1,400.000,350.000,-1,625.000,675.000,-1,-1,2,0,2,0,2,0,0,0,0,2,0,0,2,0,0,2,2
120,8088.747,-2011.705,-94.443,-139.194,-0.756794,0.653485,-0.014852,-0.653129,-0.756901,-0.022856,-0.026178,-0.007597,0.999628,0,0.91331,0.06114,54.798,0.122,-1,350.000,-1,375.000,-1,300.000,300.000,325.000,325.000,-1,375.000,325.000,-1,625.000,675.000,-1,-1,2,0,2,0,2,0,0,0,0,2,0,0,2,0,0,2,2
121,8047.326,-2047.616,-95.915,-139.075,-0.755461,0.655058,-0.013331,-0.654801,-0.755556,-0.019240,-0.022676,-0.005806,0.999726,0,0.91369,0.05930,54.822,0.119,-1,350.000,-1,375.000,-1,300.000,300.000,325.000,325.000,-1,375.000,325.000,-1,625.000,675.000,-1,-1,2,0,2,0,2,0,0,0,0,2,0,0,2,0,0,2,2
122,8005.964,-2083.622,-97.084,-138.960,-0.754163,0.656582,-0.011792,-0.656394,-0.754241,-0.016351,-0.019629,-0.004591,0.999797,0,0.91398,0.05766,54.839,0.115,-1,350.000,-1,375.000,-1,300.000,300.000,325.000,325.000,-1,350.000,325.000,-1,625.000,675.000,-1,-1,2,0,2,0,2,0,0,0,0,2,0,0,2,0,0,2,2
123,7964.665,-2119.717,-98.104,-138.847,-0.752894,0.658062,-0.010261,-0.657933,-0.752956,-0.013460,-0.016584,-0.003383,0.999857,0,0.91416,0.05616,54.850,0.112,-1,350.000,-1,375.000,-1,300.000,300.000,325.000,325.000,-1,350.000,325.000,-1,625.000,675.000,-1,-1,2,0,2,0,2,0,0,0,0,2,0,0,2,0,0,2,2
124,7923.430,-2155.894,-99.003,-138.738,-0.751649,0.659503,-0.008865,-0.659422,-0.751699,-0.010545,-0.013618,-0.002081,0.999905,0,0.91425,0.05479,54.855,0.110,-1,350.000,-1,375.000,-1,300.000,300.000,325.000,325.000,-1,350.000,300.000,-1,625.000,675.000,-1,-1,2,0,2,0,2,0,0,0,0,2,0,0,2,0,0,2,2
125,7882.264,-2192.147,-99.772,-138.631,-0.750428,0.660908,-0.007573,-0.660865,-0.750466,-0.007613,-0.010715,-0.000708,0.999942,0,0.91425,0.05355,54.855,0.107,-1,350.000,-1,375.000,-1,300.000,300.000,325.000,325.000,-1,350.000,300.000,-1,625.000,675.000,-1,-1,2,0,2,0,2,0,0,0,0,2,0,0,2,0,0,2,2
126,7841.167,-2228.473,-100.398,-138.526,-0.749229,0.662281,-0.006318,-0.662265,-0.749255,-0.004677,-0.007831,0.000680,0.999969,0,0.91416,0.05243,54.850,0.105,-1,350.000,-1,375.000,-1,300.000,300.000,325.000,325.000,-1,350.000,300.000,-1,625.000,675.000,-1,-1,2,0,2,0,2,0,0,0,0,2,0,0,2,0,0,2,2
127,7800.143,-2264.867,-100.874,-138.423,-0.748049,0.663624,-0.005066,-0.663625,-0.748063,-0.001742,-0.004946,0.002059,0.999986,0,0.91400,0.05146,54.840,0.103,-1,350.000,-1,375.000,-1,300.000,300.000,325.000,325.000,-1,350.000,300.000,-1,650.000,675.000,-1,-1,2,0,2,0,2,0,0,0,0,2,0,0,2,0,0,2,2
128,7759.194,-2301.324,-101.074,-138.322,-0.746887,0.664944,-0.002973,-0.664949,-0.746888,0.001045,-0.001526,0.002758,0.999995,0,0.91378,0.05061,54.827,0.101,-1,350.000,-1,375.000,-1,300.000,300.000,325.000,325.000,-1,350.000,300.000,-1,650.000,700.000,-1,-1,2,0,2,0,2,0,0,0,0,2,0,0,2,0,0,2,2
129,7718.320,-2337.841,-101.029,-138.222,-0.745735,0.666241,-0.001481,-0.666241,-0.745726,0.003935,0.001517,0.003922,0.999991,0,0.91350,0.04991,54.810,0.100,-1,375.000,-1,375.000,-1,300.000,300.000,325.000,325.000,-1,350.000,300.000,-1,650.000,700.000,-1,-1,2,0,2,0,2,0,0,0,0,2,0,0,2,0,0,2,2
130,7677.524,-2374.415,-100.823,-138.123,-0.744591,0.667521,-0.000165,-0.667506,-0.744573,0.006852,0.004451,0.005213,0.999977,0,0.91317,0.04934,54.790,0.099,-1,375.000,-1,375.000,-1,300.000,300.000,325.000,325.000,-1,350.000,300.000,-1,650.000,700.000,-1,-1,2,0,2,0,2,0,0,0,0,2,0,0,2,0,0,2,2
131,7636.808,-2411.044,-100.480,-138.025,-0.743454,0.668786,0.001098,-0.668747,-0.743426,0.009775,0.007354,0.006533,0.999952,0,0.91280,0.04891,54.768,0.098,-1,375.000,-1,375.000,-1,300.000,300.000,325.000,325.000,-1,350.000,300.000,-1,675.000,700.000,-1,-1,2,0,2,0,2,0,0,0,0,2,0,0,2,0,0,2,2
132,7596.171,-2447.726,-100.023,-137.928,-0.742321,0.670041,0.002315,-0.669968,-0.742283,0.012586,0.010151,0.007792,0.999918,0,0.91241,0.04863,54.744,0.097,-1,375.000,-1,375.000,-1,300.000,300.000,325.000,325.000,-1,350.000,300.000,-1,675.000,725.000,-1,-1,2,0,2,0,2,0,0,0,0,2,0,0,2,0,0,2,2
133,7555.614,-2484.461,-99.532,-137.831,-0.741185,0.671291,0.003513,-0.671183,-0.741143,0.014856,0.012577,0.008653,0.999883,0,0.91200,0.04848,54.720,0.097,-1,375.000,-1,375.000,-1,300.000,300.000,325.000,325.000,-1,375.000,325.000,-1,675.000,725.000,-1,-1,2,0,2,0,2,0,0,0,0,2,0,0,2,0,0,2,2
134,7515.138,-2521.247,-98.915,-137.734,-0.740047,0.672540,0.004664,-0.672390,-0.740000,0.017081,0.014939,0.009505,0.999843,0,0.91158,0.04848,54.695,0.097,-1,375.000,-1,375.000,-1,300.000,300.000,325.000,325.000,-1,375.000,325.000,-1,700.000,725.000,-1,-1,2,0,2,0,2,0,0,0,0,2,0,0,2,0,0,2,2
