timestep,x_cm,y_cm,z_cm,yaw_deg,basis_xx,basis_xy,basis_xz,basis_yx,basis_yy,basis_yz,basis_zx,basis_zy,basis_zz,teleport_flag,throttle_cmd,steering_cmd,cmd_move_cm,cmd_turn_deg,lidar_cm_0,lidar_cm_1,lidar_cm_2,lidar_cm_3,lidar_cm_4,lidar_cm_5,lidar_cm_6,lidar_cm_7,lidar_cm_8,lidar_cm_9,lidar_cm_10,lidar_cm_11,lidar_cm_12,lidar_cm_13,lidar_cm_14,lidar_cm_15,lidar_cm_16,lidar_class_0,lidar_class_1,lidar_class_2,lidar_class_3,lidar_class_4,lidar_class_5,lidar_class_6,lidar_class_7,lidar_class_8,lidar_class_9,lidar_class_10,lidar_class_11,lidar_class_12,lidar_class_13,lidar_class_14,lidar_class_15,lidar_class_16
0,-4259.365,4917.157,114.504,-29.101,0.873746,0.486307,0.008600,-0.486097,0.873702,-0.018849,-0.016680,0.012288,0.999785,1,0.08000,0.12000,4.800,0.240,300.000,500.000,-1,475.000,600.000,400.000,400.000,125.000,275.000,-1,525.000,325.000,-1,1000.000,975.000,-1,-1,1,0,2,0,1,0,0,1,0,2,0,0,2,0,0,2,2
1,-4250.938,4912.559,114.099,-28.621,0.877791,0.478966,0.008639,-0.478747,0.877738,-0.019427,-0.016888,0.012917,0.999774,0,0.16000,0.24000,9.600,0.480,300.000,500.000,-1,475.000,625.000,400.000,400.000,125.000,275.000,-1,525.000,300.000,-1,1000.000,975.000,-1,-1,1,0,2,0,1,0,0,1,0,2,0,0,2,0,0,2,2
2,-4238.211,4905.821,113.494,-27.901,0.883743,0.467893,0.008658,-0.467658,0.883676,-0.020320,-0.017158,0.013909,0.999756,0,0.24000,0.36000,14.400,0.720,275.000,500.000,-1,475.000,-1,400.000,400.000,125.000,275.000,-1,525.000,300.000,-1,1000.000,975.000,-1,-1,1,0,2,0,2,0,0,1,0,2,0,0,2,0,0,2,2
3,-4221.095,4897.122,112.695,-26.941,0.891463,0.453012,0.008607,-0.452758,0.891373,-0.021561,-0.017440,0.015324,0.999730,0,0.32000,0.48000,19.200,0.960,250.000,500.000,-1,475.000,-1,400.000,400.000,125.000,275.000,-1,525.000,300.000,-1,1000.000,975.000,-1,-1,1,0,2,0,2,0,0,1,0,2,0,0,2,0,0,2,2
4,-4199.476,4886.699,111.710,-25.741,0.900762,0.434232,0.008410,-0.433954,0.900636,-0.023208,-0.017652,0.017256,0.999695,0,0.40000,0.60000,24.000,1.200,225.000,500.000,-1,475.000,-1,400.000,400.000,125.000,275.000,-1,525.000,300.000,-1,975.000,950.000,-1,-1,1,0,2,0,2,0,0,1,0,2,0,0,2,0,0,2,2
5,-4173.228,4874.848,110.559,-24.301,0.911401,0.411442,0.007949,-0.411139,0.911220,-0.025356,-0.017676,0.019841,0.999647,0,0.48000,0.72000,28.800,1.440,225.000,500.000,-1,475.000,-1,400.000,400.000,125.000,275.000,-1,500.000,275.000,-1,975.000,950.000,-1,-1,1,0,2,0,2,0,0,1,0,2,0,0,2,0,0,2,2
6,-4142.212,4861.925,109.274,-22.621,0.923089,0.384522,0.007056,-0.384196,0.922822,-0.028156,-0.017338,0.023280,0.999579,0,0.56000,0.84000,33.600,1.680,200.000,500.000,-1,475.000,-1,400.000,400.000,125.000,275.000,-1,500.000,250.000,-1,975.000,950.000,-1,-1,1,0,2,0,2,0,0,1,0,2,0,0,2,0,0,2,2
7,-4106.291,4848.353,107.909,-20.701,0.935476,0.353346,0.005500,-0.353009,0.935078,-0.031844,-0.016395,0.027847,0.999478,0,0.64000,0.96000,38.400,1.920,175.000,500.000,-1,475.000,-1,400.000,400.000,100.000,275.000,-1,475.000,225.000,-1,975.000,925.000,-1,-1,1,0,2,0,2,0,0,1,0,2,0,0,2,0,0,2,2
8,-4065.371,4834.504,106.358,-18.701,0.947259,0.320447,0.003705,-0.320113,0.946691,-0.036118,-0.015082,0.033027,0.999341,0,0.72000,1.00000,43.200,2.000,150.000,500.000,-1,475.000,-1,400.000,400.000,100.000,275.000,-1,425.000,200.000,-1,975.000,925.000,-1,-1,1,0,2,0,2,0,0,1,0,2,0,0,2,0,0,2,2
9,-4019.395,4820.714,105.634,-16.701,0.957891,0.287105,0.003848,-0.286636,0.956940,-0.045891,-0.016857,0.042856,0.998939,0,0.80000,1.00000,48.000,2.000,150.000,500.000,-1,450.000,-1,400.000,375.000,100.000,275.000,-1,525.000,250.000,925.000,975.000,900.000,-1,-1,1,0,2,0,2,0,0,1,0,2,0,0,0,0,0,2,2
10,-3968.321,4807.323,105.859,-14.701,0.967346,0.253343,0.007632,-0.252411,0.965649,-0.061727,-0.023007,0.057785,0.998064,0,0.88000,1.00000,52.800,2.000,175.000,500.000,-1,450.000,-1,400.000,375.000,100.000,275.000,-1,800.000,475.000,850.000,950.000,825.000,-1,-1,1,0,2,0,2,0,0,1,0,2,0,0,1,0,0,2,2
11,-3912.129,4794.668,105.588,-12.701,0.975583,0.219285,0.012317,-0.217739,0.973003,-0.076524,-0.028765,0.071973,0.996992,0,0.96000,1.00000,57.600,2.000,175.000,500.000,-1,425.000,-1,375.000,375.000,100.000,250.000,-1,-1,750.000,750.000,925.000,775.000,-1,-1,1,0,2,0,2,0,0,1,0,2,2,0,1,0,0,2,2
12,-3853.827,4783.663,105.421,-10.701,0.982615,0.185006,0.015512,-0.182930,0.979069,-0.089220,-0.031694,0.084832,0.995891,0,0.98888,1.00000,59.333,2.000,175.000,500.000,-1,425.000,-1,375.000,350.000,100.000,250.000,-1,-1,950.000,675.000,875.000,750.000,575.000,-1,1,0,2,0,2,0,0,1,0,2,2,0,1,1,0,1,2
13,8855.116,2951.659,33.072,-138.418,-0.746646,0.660919,0.075540,-0.664923,-0.744885,-0.054984,0.019929,-0.091282,0.995626,1,0.00000,0.00000,58.480,2.000,375.000,225.000,375.000,225.000,375.000,175.000,200.000,75.000,325.000,-1,800.000,725.000,-1,275.000,300.000,325.000,375.000,1,1,1,1,1,1,1,1,0,2,1,1,2,1,1,1,1
14,8851.530,2948.468,33.582,-138.331,-0.745534,0.662045,0.076659,-0.666131,-0.743867,-0.054140,0.021181,-0.091428,0.995586,0,0.08000,0.04366,4.800,0.087,375.000,225.000,375.000,225.000,375.000,175.000,200.000,75.000,325.000,-1,800.000,725.000,-1,275.000,300.000,325.000,375.000,1,1,1,1,1,1,1,1,0,2,1,1,2,1,1,1,1
15,8844.368,2942.075,34.620,-138.244,-0.744309,0.663174,0.078772,-0.667408,-0.742862,-0.052180,0.023912,-0.091411,0.995526,0,0.16000,0.04349,9.600,0.087,375.000,225.000,375.000,225.000,375.000,175.000,200.000,75.000,325.000,-1,775.000,700.000,-1,275.000,300.000,325.000,350.000,1,1,1,1,1,1,1,1,0,2,1,1,2,1,1,1,1
16,8833.637,2932.473,37.350,-138.157,-0.743313,0.664577,0.076314,-0.668488,-0.742167,-0.048075,0.024688,-0.086750,0.995924,0,0.24000,0.04341,14.400,0.087,375.000,225.000,375.000,225.000,350.000,175.000,200.000,75.000,325.000,350.000,800.000,725.000,-1,275.000,300.000,325.000,350.000,1,1,1,1,1,1,1,1,0,1,1,1,2,1,1,1,1
17,8819.348,2919.649,41.471,-138.070,-0.742416,0.666136,0.071279,-0.669477,-0.741644,-0.042013,0.024877,-0.078911,0.996571,0,0.32000,0.04341,19.200,0.087,350.000,200.000,350.000,225.000,350.000,175.000,175.000,100.000,325.000,300.000,850.000,775.000,-1,275.000,300.000,325.000,325.000,1,1,1,1,1,1,1,1,0,1,1,1,2,1,1,1,1
18,8801.512,2903.590,46.604,-137.983,-0.741463,0.667718,0.066220,-0.670480,-0.741138,-0.034203,0.026240,-0.069759,0.997219,0,0.40000,0.04350,24.000,0.087,350.000,200.000,350.000,200.000,325.000,175.000,175.000,100.000,325.000,275.000,875.000,800.000,-1,275.000,275.000,325.000,300.000,1,1,1,1,1,1,1,1,0,1,1,1,2,1,1,1,1
19,8780.139,2884.286,52.707,-137.896,-0.740411,0.669280,0.062098,-0.671502,-0.740598,-0.024492,0.029598,-0.059833,0.997769,0,0.48000,0.04368,28.800,0.087,350.000,200.000,350.000,200.000,300.000,175.000,175.000,125.000,325.000,250.000,925.000,850.000,-1,275.000,275.000,300.000,275.000,1,1,1,1,1,1,1,1,0,1,1,1,2,1,1,1,1
20,8755.240,2861.725,59.653,-137.808,-0.739207,0.670796,0.060053,-0.672506,-0.739989,-0.012318,0.036175,-0.049491,0.998119,0,0.56000,0.04397,33.600,0.088,350.000,200.000,325.000,200.000,275.000,175.000,175.000,150.000,325.000,225.000,950.000,875.000,-1,275.000,250.000,300.000,275.000,1,1,1,1,1,1,1,1,0,1,1,1,2,1,1,1,1
21,-9511.016,-5575.447,10.098,-177.539,-0.999074,0.042858,-0.003872,-0.043015,-0.997166,0.061730,-0.001215,0.061839,0.998085,1,0.00000,0.00000,38.400,0.089,-1,425.000,-1,400.000,-1,325.000,325.000,300.000,300.000,-1,-1,-1,-1,925.000,800.000,-1,-1,2,0,2,0,2,0,0,0,0,2,2,2,2,0,0,2,2
22,-9515.812,-5575.633,10.096,-177.779,-0.999243,0.038681,-0.004055,-0.038857,-0.997344,0.061596,-0.001661,0.061707,0.998093,0,0.08000,-0.12000,4.800,-0.240,-1,425.000,-1,400.000,-1,325.000,325.000,300.000,300.000,-1,-1,-1,-1,925.000,800.000,-1,-1,2,0,2,0,2,0,0,0,0,2,2,2,2,0,0,2,2
23,-9525.408,-5575.925,10.088,-178.259,-0.999530,0.030325,-0.004419,-0.030539,-0.997650,0.061335,-0.002548,0.061441,0.998107,0,0.16000,-0.24000,9.600,-0.480,-1,425.000,-1,400.000,-1,325.000,325.000,300.000,300.000,-1,-1,-1,-1,925.000,775.000,-1,-1,2,0,2,0,2,0,0,0,0,2,2,2,2,0,0,2,2
24,-9539.806,-5576.181,10.064,-178.979,-0.999829,0.017787,-0.004962,-0.018056,-0.997977,0.060959,-0.003868,0.061039,0.998128,0,0.24000,-0.36000,14.400,-0.720,-1,425.000,-1,400.000,-1,325.000,325.000,300.000,300.000,-1,-1,-1,-1,925.000,775.000,-1,-1,2,0,2,0,2,0,0,0,0,2,2,2,2,0,0,2,2
25,-9559.007,-5576.201,10.014,-179.939,-0.999983,0.001064,-0.005680,-0.001405,-0.998168,0.060489,-0.005605,0.060496,0.998153,0,0.32000,-0.48000,19.200,-0.960,-1,425.000,-1,400.000,-1,325.000,325.000,300.000,300.000,-1,-1,-1,-1,900.000,775.000,-1,-1,2,0,2,0,2,0,0,0,0,2,2,2,2,0,0,2,2
26,-9583.002,-5575.723,9.924,-181.139,-0.999782,-0.019842,-0.006565,0.019413,-0.998013,0.059948,-0.007741,0.059808,0.998180,0,0.40000,-0.60000,24.000,-1.200,-1,400.000,-1,400.000,-1,325.000,325.000,300.000,300.000,-1,-1,-1,-1,900.000,775.000,-1,-1,2,0,2,0,2,0,0,0,0,2,2,2,2,0,0,2,2
27,-9611.774,-5574.426,9.775,-182.579,-0.998962,-0.044918,-0.007607,0.044389,-0.997249,0.059369,-0.010253,0.058970,0.998207,0,0.48000,-0.72000,28.800,-1.440,-1,400.000,-1,400.000,-1,325.000,325.000,300.000,300.000,-1,-1,-1,-1,900.000,775.000,-1,-1,2,0,2,0,2,0,0,0,0,2,2,2,2,0,0,2,2
28,-9645.282,-5571.929,9.551,-184.259,-0.997209,-0.074139,-0.008790,0.073499,-0.995561,0.058788,-0.013109,0.057978,0.998232,0,0.56000,-0.84000,33.600,-1.680,-1,400.000,-1,400.000,-1,325.000,325.000,300.000,300.000,-1,-1,-1,-1,875.000,750.000,-1,-1,2,0,2,0,2,0,0,0,0,2,2,2,2,0,0,2,2
29,-9683.459,-5567.795,9.230,-186.179,-0.994158,-0.107460,-0.010091,0.106699,-0.992584,0.058248,-0.016275,0.056831,0.998251,0,0.64000,-0.96000,38.400,-1.920,-1,400.000,-1,400.000,-1,325.000,325.000,325.000,300.000,-1,-1,-1,-1,875.000,750.000,-1,-1,2,0,2,0,2,0,0,0,0,2,2,2,2,0,0,2,2
30,-9722.733,-5562.149,8.834,-188.179,-0.989795,-0.142045,-0.011370,0.141166,-0.988296,0.057826,-0.019451,0.055631,0.998262,0,0.66127,-1.00000,39.676,-2.000,-1,400.000,-1,400.000,-1,325.000,325.000,325.000,300.000,-1,-1,-1,-1,850.000,750.000,-1,-1,2,0,2,0,2,0,0,0,0,2,2,2,2,0,0,2,2
31,-9761.785,-5555.136,8.378,-190.179,-0.984227,-0.176461,-0.012575,0.175471,-0.982802,0.057538,-0.022512,0.054424,0.998264,0,0.66127,-1.00000,39.676,-2.000,-1,400.000,-1,375.000,-1,325.000,325.000,325.000,300.000,-1,-1,-1,-1,825.000,725.000,-1,-1,2,0,2,0,2,0,0,0,0,2,2,2,2,0,0,2,2
32,-9800.569,-5546.764,7.655,-192.179,-0.977465,-0.210676,-0.013342,0.209623,-0.976152,0.056437,-0.024914,0.052368,0.998317,0,0.66127,-1.00000,39.676,-2.000,-1,400.000,-1,375.000,-1,325.000,325.000,325.000,300.000,-1,-1,-1,-1,825.000,725.000,-1,-1,2,0,2,0,2,0,0,0,0,2,2,2,2,0,0,2,2
33,-9839.037,-5537.043,6.701,-194.179,-0.969507,-0.244650,-0.014248,0.243552,-0.968343,0.054728,-0.027186,0.049589,0.998400,0,0.66127,-1.00000,39.676,-2.000,-1,400.000,-1,375.000,-1,325.000,325.000,325.000,325.000,-1,-1,-1,-1,800.000,725.000,-1,-1,2,0,2,0,2,0,0,0,0,2,2,2,2,0,0,2,2
34,-9877.142,-5525.986,5.704,-196.179,-0.960365,-0.278332,-0.015144,0.277197,-0.959342,0.053153,-0.029322,0.046849,0.998472,0,0.66127,-1.00000,39.676,-2.000,-1,400.000,-1,375.000,-1,325.000,325.000,325.000,325.000,-1,-1,-1,-1,775.000,725.000,-1,-1,2,0,2,0,2,0,0,0,0,2,2,2,2,0,0,2,2
35,-9914.838,-5513.606,4.522,-198.179,-0.950064,-0.311674,-0.015438,0.310524,-0.949137,0.052092,-0.030888,0.044697,0.998523,0,0.66127,-1.00000,39.676,-2.000,-1,400.000,-1,375.000,-1,325.000,325.000,325.000,325.000,-1,-1,-1,-1,775.000,725.000,-1,-1,2,0,2,0,2,0,0,0,0,2,2,2,2,0,0,2,2
36,-9952.079,-5499.918,3.232,-200.179,-0.938609,-0.344636,-0.015455,0.343478,-0.937757,0.051334,-0.032184,0.042874,0.998562,0,0.66127,-1.00000,39.676,-2.000,-1,400.000,-1,375.000,-1,325.000,325.000,325.000,325.000,-1,-1,-1,-1,775.000,725.000,-1,-1,2,0,2,0,2,0,0,0,0,2,2,2,2,0,0,2,2
37,-9988.820,-5484.939,1.865,-202.179,-0.926012,-0.377179,-0.015459,0.376007,-0.925219,0.050872,-0.033490,0.041295,0.998586,0,0.66127,-1.00000,39.676,-2.000,-1,400.000,-1,375.000,-1,325.000,325.000,325.000,325.000,-1,-1,-1,-1,750.000,725.000,-1,-1,2,0,2,0,2,0,0,0,0,2,2,2,2,0,0,2,2
38,-10025.016,-5468.688,0.474,-204.179,-0.912287,-0.409264,-0.015361,0.408083,-0.911549,0.050475,-0.034660,0.039779,0.998607,0,0.66127,-1.00000,39.676,-2.000,-1,400.000,-1,375.000,-1,325.000,325.000,325.000,325.000,-1,-1,-1,-1,750.000,700.000,-1,-1,2,0,2,0,2,0,0,0,0,2,2,2,2,0,0,2,2
39,-10060.762,-5451.114,-1.016,-206.178,-0.897450,-0.440843,-0.015509,0.439650,-0.896778,0.049971,-0.035937,0.038028,0.998630,0,0.66386,-0.99956,39.832,-1.999,-1,400.000,-1,375.000,-1,325.000,325.000,325.000,325.000,-1,-1,-1,-1,750.000,700.000,-1,-1,2,0,2,0,2,0,0,0,0,2,2,2,2,0,0,2,2
40,-10096.138,-5432.165,-2.555,-208.175,-0.881538,-0.471854,-0.015669,0.470649,-0.880931,0.049493,-0.037156,0.036256,0.998652,0,0.66885,-0.99839,40.131,-1.997,-1,400.000,-1,375.000,-1,325.000,325.000,325.000,325.000,-1,-1,-1,-1,725.000,700.000,-1,-1,2,0,2,0,2,0,0,0,0,2,2,2,2,0,0,2,2
41,-10131.087,-5411.849,-4.120,-210.168,-0.864582,-0.502245,-0.015749,0.501033,-0.864035,0.049083,-0.038259,0.034546,0.998671,0,0.67375,-0.99682,40.425,-1.994,-1,400.000,-1,375.000,-1,325.000,325.000,325.000,325.000,-1,-1,-1,-1,725.000,700.000,-1,-1,2,0,2,0,2,0,0,0,0,2,2,2,2,0,0,2,2
42,-10165.551,-5390.180,-5.708,-212.158,-0.846617,-0.531970,-0.015745,0.530754,-0.846124,0.048736,-0.039248,0.032904,0.998688,0,0.67850,-0.99483,40.710,-1.990,-1,400.000,-1,375.000,-1,325.000,325.000,325.000,325.000,-1,-1,-1,-1,725.000,675.000,-1,-1,2,0,2,0,2,0,0,0,0,2,2,2,2,0,0,2,2
43,-10199.472,-5367.176,-7.313,-214.143,-0.827678,-0.560985,-0.015655,0.559767,-0.827233,0.048447,-0.040129,0.031335,0.998703,0,0.68308,-0.99242,40.985,-1.985,-1,375.000,-1,375.000,-1,325.000,325.000,325.000,325.000,-1,-1,-1,-1,700.000,675.000,-1,-1,2,0,2,0,2,0,0,0,0,2,2,2,2,0,0,2,2
44,-10232.789,-5342.861,-8.933,-216.122,-0.807805,-0.589247,-0.015476,0.588029,-0.807402,0.048212,-0.040905,0.029846,0.998717,0,0.68744,-0.98958,41.246,-1.979,1000.000,375.000,-1,375.000,-1,325.000,300.000,325.000,325.000,-1,-1,-1,-1,700.000,675.000,1000.000,-1,1,0,2,0,2,0,0,0,0,2,2,2,2,0,0,1,2
45,-10265.443,-5317.261,-10.594,-218.095,-0.787038,-0.616717,-0.015206,0.615509,-0.786676,0.047860,-0.041478,0.028308,0.998738,0,0.69154,-0.98631,41.493,-1.973,950.000,375.000,-1,375.000,-1,325.000,300.000,325.000,325.000,-1,-1,-1,-1,700.000,675.000,975.000,-1,1,0,2,0,2,0,0,0,0,2,2,2,2,0,0,1,2
46,-10297.374,-5290.409,-12.194,-220.060,-0.765409,-0.643372,-0.014885,0.642219,-0.765112,0.046467,-0.041284,0.026007,0.998809,0,0.69534,-0.98261,41.720,-1.965,900.000,375.000,-1,375.000,-1,325.000,300.000,325.000,325.000,-1,-1,-1,-1,700.000,675.000,950.000,-1,1,0,2,0,2,0,0,0,0,2,2,2,2,0,0,1,2
47,-10328.524,-5262.345,-13.765,-222.017,-0.742974,-0.669162,-0.014564,0.668066,-0.742738,0.045035,-0.040953,0.023730,0.998879,0,0.69879,-0.97847,41.928,-1.957,875.000,375.000,-1,375.000,-1,325.000,300.000,325.000,325.000,-1,-1,-1,-1,675.000,675.000,925.000,-1,1,0,2,0,2,0,0,0,0,2,2,2,2,0,0,1,2
48,-10358.833,-5233.110,-15.329,-223.965,-0.719782,-0.694054,-0.014239,0.693014,-0.719599,0.043687,-0.040567,0.021577,0.998944,0,0.70185,-0.97390,42.111,-1.948,825.000,375.000,-1,375.000,-1,300.000,300.000,325.000,325.000,-1,-1,-1,-1,675.000,675.000,900.000,-1,1,0,2,0,2,0,0,0,0,2,2,2,2,0,0,1,2
49,-10388.247,-5202.754,-16.881,-225.903,-0.695883,-0.718020,-0.013907,0.717033,-0.695747,0.042424,-0.040137,0.019550,0.999003,0,0.70448,-0.96891,42.269,-1.938,800.000,375.000,-1,375.000,-1,300.000,300.000,325.000,325.000,-1,925.000,975.000,-1,675.000,675.000,875.000,-1,1,0,2,0,2,0,0,0,0,2,0,0,2,0,0,1,2
50,-10416.710,-5171.331,-18.372,-227.830,-0.671336,-0.741034,-0.013318,0.740099,-0.671231,0.041262,-0.039516,0.017844,0.999060,0,0.70662,-0.96352,42.397,-1.927,775.000,375.000,-1,375.000,-1,300.000,300.000,325.000,325.000,-1,900.000,875.000,-1,675.000,675.000,875.000,-1,1,0,2,0,2,0,0,0,0,2,0,0,2,0,0,1,2
51,-10444.170,-5138.900,-19.849,-229.745,-0.646188,-0.763076,-0.012510,0.762205,-0.646104,0.039912,-0.038539,0.016255,0.999125,0,0.70826,-0.95773,42.495,-1.915,750.000,375.000,-1,375.000,-1,300.000,300.000,325.000,325.000,-1,850.000,800.000,-1,675.000,675.000,850.000,-1,1,0,2,0,2,0,0,0,0,2,0,0,2,0,0,1,2
52,-10470.577,-5105.523,-21.359,-231.648,-0.620481,-0.784133,-0.011800,0.783328,-0.620422,0.038384,-0.037420,0.014573,0.999193,0,0.70934,-0.95158,42.560,-1.903,725.000,375.000,-1,375.000,-1,300.000,300.000,300.000,325.000,-1,775.000,750.000,-1,675.000,675.000,850.000,-1,1,0,2,0,2,0,0,0,0,2,0,0,2,0,0,1,2
53,-10493.138,-5075.244,-22.688,-233.311,-0.597454,-0.801825,-0.011222,0.801076,-0.597414,0.037068,-0.036426,0.013157,0.999250,0,0.62934,-0.83158,37.760,-1.663,725.000,375.000,-1,375.000,-1,300.000,300.000,300.000,325.000,-1,725.000,700.000,-1,675.000,675.000,850.000,-1,1,0,2,0,2,0,0,0,0,2,0,0,2,0,0,1,2
54,-10512.168,-5048.332,-23.838,-234.735,-0.577348,-0.816427,-0.010753,0.815723,-0.577324,0.035953,-0.035561,0.011986,0.999296,0,0.54934,-0.71158,32.960,-1.423,700.000,375.000,-1,375.000,-1,300.000,300.000,300.000,325.000,-1,700.000,650.000,-1,675.000,675.000,825.000,-1,1,0,2,0,2,0,0,0,0,2,0,0,2,0,0,1,2
55,-10527.948,-5025.009,-24.779,-235.918,-0.560367,-0.828182,-0.010196,0.827517,-0.560348,0.035011,-0.034709,0.011181,0.999335,0,0.46934,-0.59158,28.160,-1.183,700.000,375.000,-1,375.000,-1,300.000,300.000,300.000,325.000,-1,650.000,600.000,-1,675.000,700.000,825.000,-1,1,0,2,0,2,0,0,0,0,2,0,0,2,0,0,1,2
56,-10540.718,-5005.449,-25.510,-236.861,-0.546665,-0.837297,-0.009524,0.836666,-0.546643,0.034223,-0.033861,0.010740,0.999369,0,0.38934,-0.47158,23.360,-0.943,700.000,375.000,-1,375.000,-1,300.000,300.000,300.000,325.000,-1,600.000,550.000,-1,675.000,700.000,825.000,-1,1,0,2,0,2,0,0,0,0,2,0,0,2,0,0,1,2
57,-10550.673,-4989.784,-26.103,-237.564,-0.536356,-0.843945,-0.008939,0.843341,-0.536328,0.033595,-0.033146,0.010481,0.999396,0,0.30934,-0.35158,18.560,-0.703,700.000,375.000,-1,375.000,-1,300.000,325.000,300.000,325.000,-1,575.000,525.000,-1,675.000,700.000,825.000,-1,1,0,2,0,2,0,0,0,0,2,0,0,2,0,0,1,2
58,-10557.959,-4978.111,-26.554,-238.027,-0.529523,-0.848253,-0.008453,0.847670,-0.529489,0.033128,-0.032577,0.010377,0.999415,0,0.22934,-0.23158,13.760,-0.463,675.000,375.000,-1,375.000,-1,300.000,325.000,300.000,325.000,-1,550.000,500.000,-1,675.000,700.000,825.000,-1,1,0,2,0,2,0,0,0,0,2,0,0,2,0,0,1,2
59,-10562.674,-4970.492,-26.846,-238.250,-0.526221,-0.850309,-0.008134,0.849738,-0.526181,0.032829,-0.032195,0.010364,0.999428,0,0.14934,-0.11158,8.960,-0.223,675.000,375.000,-1,375.000,-1,300.000,325.000,300.000,300.000,-1,550.000,475.000,-1,675.000,700.000,825.000,-1,1,0,2,0,2,0,0,0,0,2,0,0,2,0,0,1,2
60,-10564.865,-4966.955,-26.983,-238.233,-0.526474,-0.850154,-0.007974,0.849589,-0.526431,0.032699,-0.031997,0.010440,0.999433,0,0.06934,0.00842,4.160,0.017,675.000,375.000,-1,375.000,-1,300.000,325.000,300.000,300.000,-1,525.000,475.000,-1,675.000,700.000,825.000,-1,1,0,2,0,2,0,0,0,0,2,0,0,2,0,0,1,2
61,-10564.525,-4967.498,-26.965,-237.977,-0.530282,-0.847784,-0.007972,0.847218,-0.530236,0.032736,-0.031980,0.010606,0.999432,0,-0.01066,0.12842,-0.640,0.257,675.000,375.000,-1,375.000,-1,300.000,325.000,300.000,300.000,-1,525.000,475.000,-1,675.000,700.000,800.000,-1,1,0,2,0,2,0,0,0,0,2,0,0,2,0,0,1,2
62,-10561.606,-4972.088,-26.792,-237.548,-0.536609,-0.843792,-0.008136,0.843218,-0.536562,0.032937,-0.032157,0.010814,0.999424,0,-0.09066,0.21431,-5.440,0.429,675.000,375.000,-1,375.000,-1,300.000,325.000,300.000,300.000,-1,525.000,475.000,-1,675.000,700.000,800.000,-1,1,0,2,0,2,0,0,0,0,2,0,0,2,0,0,1,2
63,-10556.048,-4980.688,-26.461,-237.122,-0.542865,-0.839777,-0.008489,0.839188,-0.542821,0.033288,-0.032563,0.010947,0.999410,0,-0.17066,0.21305,-10.240,0.426,675.000,375.000,-1,375.000,-1,300.000,325.000,300.000,300.000,-1,550.000,500.000,-1,675.000,700.000,800.000,-1,1,0,2,0,2,0,0,0,0,2,0,0,2,0,0,1,2
64,-10547.790,-4993.258,-25.972,-236.699,-0.549035,-0.835751,-0.009035,0.835140,-0.548999,0.033793,-0.033202,0.011008,0.999388,0,-0.25066,0.21125,-15.040,0.423,675.000,375.000,-1,375.000,-1,300.000,325.000,300.000,325.000,-1,575.000,525.000,-1,675.000,700.000,825.000,-1,1,0,2,0,2,0,0,0,0,2,0,0,2,0,0,1,2
65,-10538.724,-5006.843,-25.462,-236.282,-0.555108,-0.831723,-0.009524,0.831089,-0.555078,0.034329,-0.033839,0.011141,0.999365,0,-0.27220,0.20892,-16.332,0.418,700.000,375.000,-1,375.000,-1,300.000,300.000,300.000,325.000,-1,600.000,550.000,-1,675.000,700.000,825.000,-1,1,0,2,0,2,0,0,0,0,2,0,0,2,0,0,1,2
66,-10529.568,-5020.350,-24.951,-235.869,-0.561081,-0.827700,-0.010018,0.827042,-0.561057,0.034867,-0.034480,0.011278,0.999342,0,-0.27197,0.20647,-16.318,0.413,700.000,375.000,-1,375.000,-1,300.000,300.000,300.000,325.000,-1,625.000,600.000,-1,675.000,700.000,825.000,-1,1,0,2,0,2,0,0,0,0,2,0,0,2,0,0,1,2
67,-10520.322,-5033.783,-24.437,-235.460,-0.566955,-0.823681,-0.010522,0.822999,-0.566938,0.035408,-0.035131,0.011415,0.999318,0,-0.27180,0.20406,-16.308,0.408,700.000,375.000,-1,375.000,-1,300.000,300.000,300.000,325.000,-1,675.000,625.000,-1,675.000,675.000,825.000,-1,1,0,2,0,2,0,0,0,0,2,0,0,2,0,0,1,2
68,-10510.984,-5047.147,-23.876,-235.057,-0.572739,-0.819667,-0.010801,0.818963,-0.572720,0.035937,-0.035642,0.011737,0.999296,0,-0.27171,0.20168,-16.303,0.403,725.000,375.000,-1,375.000,-1,300.000,300.000,300.000,325.000,-1,700.000,650.000,-1,675.000,675.000,825.000,-1,1,0,2,0,2,0,0,0,0,2,0,0,2,0,0,1,2
69,-10501.555,-5060.445,-23.310,-234.658,-0.578427,-0.815659,-0.011080,0.814932,-0.578407,0.036470,-0.036156,0.012066,0.999273,0,-0.27169,0.19933,-16.302,0.399,725.000,375.000,-1,375.000,-1,300.000,300.000,300.000,325.000,-1,725.000,675.000,-1,675.000,675.000,850.000,-1,1,0,2,0,2,0,0,0,0,2,0,0,2,0,0,1,2
70,-10492.032,-5073.679,-22.740,-234.264,-0.584022,-0.811658,-0.011365,0.810909,-0.584001,0.037009,-0.036676,0.012399,0.999250,0,-0.27174,0.19703,-16.305,0.394,725.000,375.000,-1,375.000,-1,300.000,300.000,300.000,325.000,-1,750.000,700.000,-1,675.000,675.000,850.000,-1,1,0,2,0,2,0,0,0,0,2,0,0,2,0,0,1,2
71,-10482.416,-5086.855,-22.166,-233.875,-0.589525,-0.807666,-0.011655,0.806893,-0.589503,0.037555,-0.037202,0.012735,0.999227,0,-0.27186,0.19476,-16.312,0.390,725.000,375.000,-1,375.000,-1,300.000,300.000,300.000,325.000,-1,775.000,725.000,-1,675.000,675.000,850.000,-1,1,0,2,0,2,0,0,0,0,2,0,0,2,0,0,1,2
72,-10472.704,-5099.974,-21.588,-233.490,-0.594938,-0.803683,-0.011952,0.802885,-0.594915,0.038105,-0.037735,0.013074,0.999202,0,-0.27205,0.19252,-16.323,0.385,750.000,375.000,-1,375.000,-1,300.000,300.000,300.000,325.000,-1,800.000,750.000,-1,675.000,675.000,875.000,-1,1,0,2,0,2,0,0,0,0,2,0,0,2,0,0,1,2
73,-10462.897,-5113.041,-21.006,-233.109,-0.600263,-0.799709,-0.012254,0.798886,-0.600238,0.038662,-0.038274,0.013418,0.999177,0,-0.27230,0.19032,-16.338,0.381,750.000,375.000,-1,375.000,-1,300.000,300.000,300.000,325.000,-1,825.000,775.000,-1,675.000,675.000,875.000,-1,1,0,2,0,2,0,0,0,0,2,0,0,2,0,0,1,2
74,-10452.992,-5126.058,-20.419,-232.733,-0.605501,-0.795746,-0.012562,0.794897,-0.605475,0.039225,-0.038819,0.013765,0.999151,0,-0.27262,0.18816,-16.357,0.376,750.000,375.000,-1,375.000,-1,300.000,300.000,300.000,325.000,-1,850.000,800.000,-1,675.000,675.000,875.000,-1,1,0,2,0,2,0,0,0,0,2,0,0,2,0,0,1,2
75,-10442.989,-5139.029,-19.827,-232.361,-0.610654,-0.791793,-0.012877,0.790919,-0.610626,0.039793,-0.039371,0.014115,0.999125,0,-0.27300,0.18603,-16.380,0.372,775.000,375.000,-1,375.000,-1,300.000,300.000,300.000,325.000,-1,875.000,825.000,-1,675.000,675.000,875.000,-1,1,0,2,0,2,0,0,0,0,2,0,0,2,0,0,1,2
76,-10432.886,-5151.957,-19.230,-231.993,-0.615723,-0.787852,-0.013197,0.786950,-0.615694,0.040368,-0.039929,0.014470,0.999098,0,-0.27344,0.18394,-16.407,0.368,775.000,375.000,-1,375.000,-1,300.000,300.000,325.000,325.000,-1,900.000,850.000,-1,675.000,675.000,900.000,-1,1,0,2,0,2,0,0,0,0,2,0,0,2,0,0,1,2
77,-10422.683,-5164.843,-18.652,-231.629,-0.620709,-0.783924,-0.013551,0.782999,-0.620682,0.040831,-0.040419,0.014734,0.999074,0,-0.27395,0.18189,-16.437,0.364,775.000,375.000,-1,375.000,-1,300.000,300.000,325.000,325.000,-1,925.000,875.000,-1,675.000,675.000,900.000,-1,1,0,2,0,2,0,0,0,0,2,0,0,2,0,0,1,2
78,-10412.378,-5177.692,-18.083,-231.269,-0.625613,-0.780009,-0.013926,0.779062,-0.625590,0.041226,-0.040868,0.014942,0.999053,0,-0.27451,0.17987,-16.471,0.360,800.000,375.000,-1,375.000,-1,300.000,300.000,325.000,325.000,-1,950.000,900.000,-1,675.000,675.000,900.000,-1,1,0,2,0,2,0,0,0,0,2,0,0,2,0,0,1,2
79,-10401.970,-5190.506,-17.483,-230.914,-0.630443,-0.776106,-0.014174,0.775139,-0.630418,0.041628,-0.041243,0.015258,0.999033,0,-0.27514,0.17789,-16.508,0.356,800.000,375.000,-1,375.000,-1,300.000,300.000,325.000,325.000,-1,950.000,925.000,-1,675.000,675.000,925.000,-1,1,0,2,0,2,0,0,0,0,2,0,0,2,0,0,1,2
80,-10391.457,-5203.287,-16.864,-230.562,-0.635199,-0.772215,-0.014351,0.771229,-0.635169,0.042040,-0.041579,0.015636,0.999013,0,-0.27582,0.17594,-16.549,0.352,825.000,375.000,-1,375.000,-1,300.000,300.000,325.000,325.000,-1,-1,925.000,-1,675.000,675.000,925.000,-1,1,0,2,0,2,0,0,0,0,2,2,0,2,0,0,1,2
81,-10380.838,-5216.038,-16.237,-230.214,-0.639880,-0.768338,-0.014528,0.767331,-0.639844,0.042462,-0.041920,0.016023,0.998992,0,-0.27656,0.17403,-16.594,0.348,825.000,375.000,-1,375.000,-1,300.000,300.000,325.000,325.000,-1,-1,925.000,-1,675.000,675.000,925.000,-1,1,0,2,0,2,0,0,0,0,2,2,0,2,0,0,1,2
82,-10370.112,-5228.762,-15.604,-229.869,-0.644487,-0.764474,-0.014704,0.763446,-0.644445,0.042892,-0.042266,0.016418,0.998971,0,-0.27736,0.17215,-16.642,0.344,825.000,375.000,-1,375.000,-1,300.000,300.000,325.000,325.000,-1,-1,950.000,-1,675.000,675.000,950.000,-1,1,0,2,0,2,0,0,0,0,2,2,0,2,0,0,1,2
83,-10362.464,-5237.802,-15.149,-229.765,-0.645876,-0.763298,-0.014841,0.762255,-0.645834,0.043196,-0.042556,0.016586,0.998956,0,-0.19736,0.05215,-11.842,0.104,850.000,375.000,-1,375.000,-1,300.000,300.000,325.000,325.000,-1,-1,1000.000,-1,675.000,675.000,950.000,-1,1,0,2,0,2,0,0,0,0,2,2,0,2,0,0,1,2
84,-10357.928,-5243.188,-14.875,-229.901,-0.644064,-0.764826,-0.014939,0.763774,-0.644025,0.043366,-0.042789,0.016520,0.998948,0,-0.11736,-0.06785,-7.042,-0.136,850.000,375.000,-1,375.000,-1,300.000,300.000,325.000,325.000,-1,-1,-1,-1,675.000,675.000,950.000,-1,1,0,2,0,2,0,0,0,0,2,2,2,2,0,0,1,2
85,-10356.496,-5244.912,-14.785,-230.277,-0.639029,-0.769036,-0.014997,0.767982,-0.638999,0.043402,-0.042961,0.016218,0.998945,0,-0.03736,-0.18785,-2.242,-0.376,850.000,375.000,-1,375.000,-1,300.000,300.000,325.000,325.000,-1,-1,-1,-1,675.000,675.000,975.000,-1,1,0,2,0,2,0,0,0,0,2,2,2,2,0,0,1,2
86,-10358.109,-5242.927,-14.882,-230.892,-0.630720,-0.775865,-0.015015,0.774814,-0.630704,0.043307,-0.043070,0.015680,0.998949,0,0.04264,-0.30785,2.558,-0.616,850.000,375.000,-1,375.000,-1,300.000,300.000,325.000,325.000,-1,-1,975.000,-1,675.000,675.000,975.000,-1,1,0,2,0,2,0,0,0,0,2,2,0,2,0,0,1,2
87,-10362.665,-5237.148,-15.165,-231.748,-0.619052,-0.785207,-0.014991,0.784166,-0.619054,0.043085,-0.043111,0.014916,0.998959,0,0.12264,-0.42785,7.358,-0.856,850.000,375.000,-1,375.000,-1,300.000,300.000,325.000,325.000,-1,-1,975.000,-1,675.000,675.000,975.000,-1,1,0,2,0,2,0,0,0,0,2,2,0,2,0,0,1,2
88,-10370.009,-5227.458,-15.635,-232.844,-0.603910,-0.796912,-0.014924,0.795887,-0.603934,0.042747,-0.043078,0.013938,0.998974,0,0.20264,-0.54785,12.158,-1.096,850.000,375.000,-1,375.000,-1,300.000,300.000,325.000,325.000,-1,-1,975.000,-1,675.000,675.000,975.000,-1,1,0,2,0,2,0,0,0,0,2,2,0,2,0,0,1,2
89,-10379.962,-5213.728,-16.291,-234.059,-0.586853,-0.809558,-0.014800,0.808554,-0.586899,0.042309,-0.042937,0.012862,0.998995,0,0.28264,-0.60786,16.958,-1.216,850.000,375.000,-1,375.000,-1,300.000,300.000,325.000,325.000,-1,-1,975.000,-1,675.000,675.000,975.000,-1,1,0,2,0,2,0,0,0,0,2,2,0,2,0,0,1,2
90,-10392.358,-5195.846,-17.129,-235.270,-0.569612,-0.821784,-0.014607,0.820806,-0.569677,0.041783,-0.042659,0.011810,0.999020,0,0.36264,-0.60511,21.758,-1.210,850.000,375.000,-1,375.000,-1,300.000,300.000,300.000,325.000,-1,-1,950.000,-1,675.000,675.000,975.000,-1,1,0,2,0,2,0,0,0,0,2,2,0,2,0,0,1,2
91,-10407.027,-5173.706,-18.145,-236.473,-0.552214,-0.833579,-0.014342,0.832631,-0.552295,0.041181,-0.042248,0.010799,0.999049,0,0.44264,-0.60182,26.558,-1.204,825.000,375.000,-1,375.000,-1,300.000,300.000,300.000,325.000,-1,-1,950.000,-1,675.000,675.000,975.000,-1,1,0,2,0,2,0,0,0,0,2,2,0,2,0,0,1,2
92,-10423.798,-5147.209,-19.360,-237.669,-0.534687,-0.844934,-0.014010,0.844028,-0.534782,0.040311,-0.041552,0.009729,0.999089,0,0.52264,-0.59798,31.358,-1.196,825.000,375.000,-1,375.000,-1,300.000,300.000,300.000,325.000,-1,-1,925.000,-1,675.000,675.000,975.000,-1,1,0,2,0,2,0,0,0,0,2,2,0,2,0,0,1,2
93,-10442.498,-5116.262,-20.744,-238.856,-0.517065,-0.855840,-0.013452,0.854992,-0.517167,0.039082,-0.040405,0.008707,0.999145,0,0.60264,-0.59356,36.158,-1.187,825.000,375.000,-1,375.000,-1,300.000,300.000,300.000,325.000,-1,-1,875.000,-1,675.000,675.000,975.000,-1,1,0,2,0,2,0,0,0,0,2,2,0,2,0,0,1,2
94,-10462.957,-5080.779,-22.291,-240.033,-0.499376,-0.866290,-0.012833,0.865503,-0.499481,0.037733,-0.039097,0.007736,0.999205,0,0.68264,-0.58852,40.958,-1.177,800.000,375.000,-1,375.000,-1,300.000,300.000,300.000,325.000,-1,875.000,800.000,-1,675.000,675.000,975.000,-1,1,0,2,0,2,0,0,0,0,2,0,0,2,0,0,1,2
95,-10485.002,-5040.681,-23.891,-241.199,-0.481670,-0.876276,-0.011638,0.875558,-0.481756,0.036185,-0.037315,0.007240,0.999277,0,0.76264,-0.58285,45.758,-1.166,800.000,375.000,-1,375.000,-1,300.000,300.000,300.000,325.000,-1,775.000,700.000,-1,675.000,675.000,975.000,-1,1,0,2,0,2,0,0,0,0,2,0,0,2,0,0,1,2
96,-10508.463,-4995.896,-25.585,-242.352,-0.463968,-0.885794,-0.010135,0.885151,-0.464025,0.034471,-0.035237,0.007023,0.999354,0,0.84264,-0.57654,50.558,-1.153,775.000,375.000,-1,375.000,-1,300.000,300.000,300.000,325.000,-1,675.000,600.000,-1,675.000,700.000,950.000,-1,1,0,2,0,2,0,0,0,0,2,0,0,2,0,0,1,2
97,-10533.171,-4946.358,-27.418,-243.491,-0.446296,-0.894845,-0.008518,0.894277,-0.446323,0.032632,-0.033002,0.006946,0.999431,0,0.92264,-0.56959,55.358,-1.139,750.000,375.000,-1,375.000,-1,300.000,325.000,300.000,325.000,-1,600.000,500.000,-1,675.000,700.000,950.000,-1,1,0,2,0,2,0,0,0,0,2,0,0,2,0,0,1,2
98,-10557.129,-4895.868,-29.296,-244.615,-0.428690,-0.903427,-0.006694,0.902931,-0.428683,0.030757,-0.030656,0.007141,0.999504,0,0.93143,-0.56201,55.886,-1.124,750.000,375.000,-1,375.000,-1,325.000,325.000,300.000,325.000,-1,525.000,425.000,-1,675.000,700.000,950.000,-1,1,0,2,0,2,0,0,0,0,2,0,0,2,0,0,1,2
99,-10580.048,-4845.051,-31.135,-245.724,-0.411158,-0.911550,-0.004968,0.911121,-0.411122,0.028928,-0.028412,0.007368,0.999569,0,0.92911,-0.55431,55.747,-1.109,725.000,375.000,-1,375.000,975.000,325.000,325.000,300.000,300.000,-1,475.000,425.000,-1,700.000,700.000,950.000,-1,1,0,2,0,1,0,0,0,0,2,0,0,2,0,0,1,2
100,-10601.977,-4793.818,-32.939,-246.828,-0.393548,-0.919298,-0.003333,0.918929,-0.393488,0.027143,-0.026264,0.007619,0.999626,0,0.92882,-0.55183,55.729,-1.104,725.000,375.000,-1,375.000,950.000,325.000,325.000,300.000,300.000,-1,450.000,400.000,-1,700.000,700.000,975.000,1000.000,1,0,2,0,1,0,0,0,0,2,0,0,2,0,0,1,1
101,-10622.911,-4742.175,-34.710,-247.934,-0.375739,-0.926724,-0.001786,0.926409,-0.375660,0.025401,-0.024211,0.007890,0.999676,0,0.92875,-0.55329,55.725,-1.107,725.000,375.000,-1,375.000,900.000,325.000,325.000,300.000,300.000,-1,450.000,400.000,-1,700.000,700.000,1000.000,950.000,1,0,2,0,1,0,0,0,0,2,0,0,2,0,0,1,1
102,-10642.824,-4690.169,-36.338,-249.049,-0.357639,-0.933860,-0.000822,0.933587,-0.357556,0.023863,-0.022579,0.007767,0.999715,0,0.92814,-0.55751,55.688,-1.115,700.000,375.000,-1,375.000,850.000,325.000,325.000,300.000,300.000,-1,450.000,400.000,-1,700.000,700.000,-1,900.000,1,0,2,0,1,0,0,0,0,2,0,0,2,0,0,2,1
103,-10661.689,-4637.843,-37.714,-250.174,-0.339232,-0.940703,-0.000802,0.940461,-0.339163,0.022396,-0.021340,0.006843,0.999749,0,0.92704,-0.56221,55.623,-1.124,700.000,375.000,-1,375.000,800.000,325.000,325.000,300.000,300.000,-1,450.000,425.000,-1,700.000,700.000,-1,850.000,1,0,2,0,1,0,0,0,0,2,0,0,2,0,0,2,1
104,-10679.486,-4585.240,-38.886,-251.308,-0.320515,-0.947243,-0.001091,0.947035,-0.320468,0.020599,-0.019862,0.005569,0.999787,0,0.92554,-0.56742,55.532,-1.135,725.000,375.000,-1,375.000,750.000,300.000,325.000,300.000,300.000,-1,475.000,425.000,-1,700.000,700.000,-1,800.000,1,0,2,0,1,0,0,0,0,2,0,0,2,0,1,2,1
105,-10696.863,-4530.159,-40.018,-252.490,-0.300894,-0.953657,-0.001268,0.953476,-0.300863,0.019102,-0.018598,0.004539,0.999817,0,0.96261,-0.59097,57.757,-1.182,725.000,375.000,-1,375.000,725.000,300.000,325.000,300.000,300.000,-1,500.000,450.000,-1,700.000,675.000,-1,750.000,1,0,2,0,1,0,0,0,0,2,0,0,2,0,1,2,1
106,-10713.114,-4474.697,-40.883,-253.668,-0.281233,-0.959639,-0.000592,0.959477,-0.281197,0.018202,-0.017633,0.004551,0.999834,0,0.96323,-0.58890,57.794,-1.178,800.000,375.000,-1,375.000,675.000,300.000,325.000,300.000,300.000,-1,525.000,500.000,-1,700.000,625.000,-1,700.000,1,0,2,0,1,0,0,0,0,2,0,0,2,0,1,2,1
107,-10728.223,-4418.927,-41.614,-254.842,-0.261533,-0.965194,0.000641,0.965058,-0.261484,0.017009,-0.016249,0.005067,0.999855,0,0.96300,-0.58673,57.780,-1.173,-1,375.000,-1,375.000,625.000,300.000,325.000,300.000,300.000,-1,575.000,525.000,-1,700.000,600.000,-1,650.000,2,0,2,0,1,0,0,0,0,2,0,0,2,0,1,2,1
108,-10742.069,-4364.310,-42.327,-255.775,-0.245782,-0.969324,0.001750,0.969211,-0.245725,0.015800,-0.014885,0.005579,0.999874,0,0.93908,-0.46673,56.345,-0.933,-1,375.000,-1,375.000,575.000,325.000,325.000,300.000,300.000,-1,600.000,550.000,-1,700.000,575.000,-1,600.000,2,0,2,0,1,0,0,0,0,2,0,0,2,0,1,2,1
109,-10755.230,-4309.623,-43.039,-256.469,-0.234037,-0.972224,0.002779,0.972134,-0.233974,0.014558,-0.013503,0.006108,0.999890,0,0.93748,-0.34673,56.249,-0.693,-1,375.000,-1,375.000,525.000,325.000,325.000,300.000,300.000,-1,625.000,575.000,-1,700.000,550.000,-1,550.000,2,0,2,0,1,0,0,0,0,2,0,0,2,0,1,2,1
110,-10767.929,-4254.956,-43.745,-256.922,-0.226338,-0.974042,0.003745,0.973974,-0.226271,0.013294,-0.012101,0.006657,0.999905,0,0.93537,-0.22673,56.122,-0.453,-1,375.000,-1,375.000,475.000,325.000,325.000,300.000,300.000,-1,625.000,575.000,-1,700.000,550.000,-1,500.000,2,0,2,1,1,0,0,0,0,2,0,0,2,0,1,2,1
111,-10780.390,-4200.393,-44.445,-257.136,-0.222708,-0.974874,0.004667,0.974827,-0.222640,0.012017,-0.010676,0.007226,0.999917,0,0.93280,-0.10673,55.968,-0.213,-1,375.000,-1,375.000,425.000,325.000,325.000,300.000,300.000,-1,650.000,600.000,-1,700.000,525.000,-1,450.000,2,0,2,1,1,0,0,0,0,2,0,0,2,0,1,2,1
112,-10792.836,-4146.014,-45.135,-257.109,-0.223158,-0.974766,0.005561,0.974739,-0.223090,0.010736,-0.009224,0.007816,0.999927,0,0.92976,0.01327,55.786,0.027,-1,375.000,-1,350.000,375.000,325.000,325.000,300.000,300.000,-1,650.000,600.000,-1,700.000,525.000,-1,400.000,2,0,2,1,1,0,0,0,0,2,0,0,2,0,1,2,1
113,-10805.486,-4091.897,-45.813,-256.842,-0.227686,-0.973713,0.006444,0.973704,-0.227621,0.009456,-0.007741,0.008428,0.999935,0,0.92627,0.13327,55.576,0.267,-1,375.000,-1,350.000,325.000,325.000,325.000,300.000,300.000,-1,650.000,625.000,-1,700.000,525.000,-1,375.000,2,0,2,1,1,0,0,0,0,2,0,0,2,0,1,2,1
114,-10819.625,-4033.741,-46.530,-256.336,-0.236278,-0.971657,0.007403,0.971666,-0.236219,0.008082,-0.006104,0.009102,0.999940,0,0.99750,0.25327,59.850,0.507,-1,375.000,-1,350.000,300.000,325.000,325.000,300.000,300.000,-1,650.000,625.000,-1,700.000,525.000,-1,325.000,2,0,2,1,1,0,0,0,0,2,0,0,2,0,1,2,1
115,-10834.517,-3975.784,-46.662,-255.589,-0.248895,-0.968509,0.006527,0.968524,-0.248862,0.005459,-0.003662,0.007680,0.999964,0,0.99732,0.37327,59.839,0.747,-1,375.000,-1,375.000,250.000,325.000,325.000,300.000,300.000,-1,650.000,600.000,-1,725.000,575.000,-1,300.000,2,0,2,1,1,0,0,0,0,2,0,0,2,0,1,2,1
116,-10850.145,-3918.176,-44.343,-254.822,-0.261836,-0.965112,-0.001297,0.965097,-0.261824,-0.006009,0.005460,-0.002825,0.999981,0,0.99484,0.38389,59.690,0.768,-1,400.000,-1,400.000,250.000,325.000,325.000,300.000,325.000,-1,450.000,450.000,-1,750.000,700.000,-1,325.000,2,0,2,0,1,0,0,0,0,2,0,0,2,0,1,2,1
117,-10866.429,-3861.017,-42.820,-254.098,-0.274081,-0.961687,-0.006164,0.961636,-0.273977,-0.013898,0.011676,-0.009737,0.999884,0,0.99055,0.36174,59.433,0.723,-1,400.000,-1,425.000,250.000,350.000,350.000,300.000,350.000,-1,375.000,425.000,-1,775.000,825.000,-1,375.000,2,0,2,0,1,0,0,0,0,2,0,0,2,0,0,2,1
118,-10883.047,-3806.204,-42.070,-253.135,-0.290260,-0.956922,-0.007047,0.956833,-0.290103,-0.017627,0.014823,-0.011859,0.999820,0,0.95462,0.48174,57.277,0.963,-1,425.000,-1,425.000,250.000,350.000,350.000,300.000,350.000,-1,375.000,425.000,-1,800.000,850.000,-1,500.000,2,0,2,0,1,0,0,0,1,2,0,0,2,0,0,2,1
119,-10900.502,-3751.923,-42.246,-252.174,-0.306243,-0.951940,-0.004996,0.951832,-0.306116,-0.017545,0.015172,-0.010128,0.999834,0,0.95030,0.48046,57.018,0.961,-1,425.000,-1,425.000,250.000,350.000,350.000,300.000,275.000,-1,400.000,450.000,-1,800.000,850.000,-1,-1,2,0,2,0,1,0,0,0,1,2,0,0,2,0,0,2,2
120,-10918.733,-3698.250,-43.411,-251.239,-0.321659,-0.946855,-0.000428,0.946773,-0.321625,-0.013361,0.012514,-0.004703,0.999911,0,0.94476,0.46759,56.685,0.935,-1,400.000,-1,425.000,250.000,325.000,325.000,300.000,225.000,-1,450.000,500.000,-1,775.000,800.000,-1,-1,2,0,2,0,1,0,0,0,1,2,0,0,2,0,0,2,2
121,-10937.679,-3645.250,-45.574,-250.330,-0.336571,-0.941636,0.006480,0.941634,-0.336604,-0.004923,0.006817,0.004445,0.999967,0,0.93808,0.45442,56.285,0.909,-1,400.000,-1,400.000,250.000,325.000,325.000,300.000,175.000,-1,600.000,600.000,-1,750.000,725.000,-1,-1,2,0,2,0,1,0,0,0,1,2,0,0,2,0,0,2,2
122,-10957.276,-3592.983,-46.086,-249.448,-0.351016,-0.936326,0.009053,0.936350,-0.351054,-0.002985,0.005973,0.007429,0.999955,0,0.93032,0.44106,55.819,0.882,-1,400.000,-1,375.000,325.000,325.000,325.000,300.000,150.000,-1,675.000,650.000,-1,750.000,725.000,-1,-1,2,0,2,0,1,0,0,1,1,2,0,0,2,0,0,2,2
123,-10976.338,-3543.824,-45.823,-248.805,-0.361475,-0.932332,0.009628,0.932353,-0.361526,-0.004112,0.007314,0.007490,0.999945,0,0.87876,0.32106,52.725,0.642,-1,400.000,-1,375.000,450.000,325.000,325.000,300.000,150.000,-1,675.000,675.000,-1,750.000,725.000,-1,-1,2,0,2,0,1,0,0,1,1,2,0,0,2,0,0,2,2
124,-10995.555,-3495.280,-45.556,-248.403,-0.367997,-0.929771,0.010181,0.929788,-0.368060,-0.005189,0.008572,0.007557,0.999935,0,0.87016,0.20106,52.209,0.402,-1,400.000,-1,375.000,625.000,325.000,325.000,300.000,150.000,-1,675.000,675.000,-1,775.000,725.000,-1,-1,2,0,2,0,1,0,0,1,1,2,0,0,2,0,0,2,2
125,-11014.718,-3447.267,-45.286,-248.241,-0.370613,-0.928726,0.010697,0.928736,-0.370689,-0.006228,0.009750,0.007626,0.999923,0,0.86160,0.08106,51.696,0.162,-1,400.000,-1,375.000,750.000,325.000,325.000,300.000,150.000,-1,675.000,675.000,-1,775.000,725.000,-1,-1,2,0,2,0,1,0,0,1,1,2,0,0,2,0,0,2,2
126,-11033.632,-3399.693,-44.959,-248.319,-0.369342,-0.929230,0.010909,0.929232,-0.369427,-0.007165,0.010688,0.007490,0.999915,0,0.85327,-0.03894,51.196,-0.078,-1,400.000,-1,375.000,875.000,325.000,325.000,300.000,150.000,-1,700.000,700.000,-1,775.000,725.000,-1,-1,2,0,2,0,1,0,0,0,1,2,0,0,2,0,0,2,2
127,-11052.108,-3352.458,-42.674,-248.637,-0.364269,-0.931291,0.002264,0.931275,-0.364276,-0.005355,0.005812,0.000157,0.999983,0,0.84533,-0.15894,50.720,-0.318,-1,375.000,-1,375.000,975.000,325.000,325.000,300.000,150.000,975.000,975.000,1000.000,-1,750.000,725.000,-1,-1,2,0,2,0,1,0,0,0,1,1,0,0,2,0,0,2,2
128,-11069.965,-3305.461,-41.007,-249.195,-0.355204,-0.934782,-0.003479,0.934783,-0.355187,-0.004673,0.003132,-0.004912,0.999983,0,0.83792,-0.27894,50.275,-0.558,-1,375.000,-1,375.000,1000.000,300.000,325.000,300.000,150.000,875.000,-1,-1,-1,725.000,725.000,-1,-1,2,0,2,0,1,0,0,0,1,1,2,2,2,0,0,2,2
129,-11087.027,-3258.602,-39.988,-249.993,-0.342156,-0.939622,-0.006341,0.939640,-0.342130,-0.004844,0.002382,-0.007615,0.999968,0,0.83115,-0.39894,49.869,-0.798,-1,375.000,-1,375.000,-1,300.000,325.000,300.000,150.000,800.000,-1,-1,-1,725.000,725.000,-1,-1,2,0,2,0,2,0,0,0,1,1,2,2,2,0,0,2,2
130,-11103.120,-3211.785,-39.580,-251.031,-0.325087,-0.945662,-0.006426,0.945678,-0.325054,-0.005748,0.003347,-0.007946,0.999963,0,0.82509,-0.51894,49.505,-1.038,-1,375.000,-1,375.000,975.000,300.000,325.000,300.000,175.000,725.000,-1,-1,-1,750.000,725.000,-1,-1,2,0,2,0,1,0,0,0,1,1,2,2,2,0,0,2,2
