timestep,x_cm,y_cm,z_cm,yaw_deg,basis_xx,basis_xy,basis_xz,basis_yx,basis_yy,basis_yz,basis_zx,basis_zy,basis_zz,teleport_flag,throttle_cmd,steering_cmd,cmd_move_cm,cmd_turn_deg,lidar_cm_0,lidar_cm_1,lidar_cm_2,lidar_cm_3,lidar_cm_4,lidar_cm_5,lidar_cm_6,lidar_cm_7,lidar_cm_8,lidar_cm_9,lidar_cm_10,lidar_cm_11,lidar_cm_12,lidar_cm_13,lidar_cm_14,lidar_cm_15,lidar_cm_16,lidar_class_0,lidar_class_1,lidar_class_2,lidar_class_3,lidar_class_4,lidar_class_5,lidar_class_6,lidar_class_7,lidar_class_8,lidar_class_9,lidar_class_10,lidar_class_11,lidar_class_12,lidar_class_13,lidar_class_14,lidar_class_15,lidar_class_16
0,-988.398,9512.698,423.129,159.140,-0.932281,-0.355419,-0.067299,0.358462,-0.932686,-0.040019,-0.048545,-0.061433,0.996930,1,0.08000,-0.12000,4.800,-0.240,-1,400.000,-1,400.000,-1,325.000,325.000,325.000,350.000,-1,500.000,400.000,-1,725.000,750.000,-1,-1,2,0,2,0,2,0,0,0,0,2,1,1,2,0,0,2,2
1,-997.340,9516.192,422.717,158.660,-0.929255,-0.363218,-0.067518,0.366257,-0.929671,-0.039593,-0.048388,-0.061521,0.996932,0,0.16000,-0.24000,9.600,-0.480,-1,400.000,-1,400.000,-1,325.000,325.000,325.000,350.000,-1,525.000,425.000,-1,725.000,750.000,-1,-1,2,0,2,0,2,0,0,0,0,2,1,1,2,0,0,2,2
2,-1010.686,9521.600,422.111,157.940,-0.924594,-0.374869,-0.067819,0.377901,-0.925027,-0.038936,-0.048139,-0.061629,0.996938,0,0.24000,-0.36000,14.400,-0.720,-1,375.000,-1,400.000,-1,325.000,325.000,325.000,350.000,-1,550.000,450.000,825.000,725.000,750.000,-1,-1,2,0,2,0,2,0,0,0,0,2,1,1,1,0,0,2,2
3,-1028.357,9529.109,421.325,156.980,-0.918155,-0.390312,-0.068172,0.393329,-0.918611,-0.038031,-0.047780,-0.061732,0.996948,0,0.32000,-0.48000,19.200,-0.960,-1,375.000,-1,400.000,-1,325.000,325.000,325.000,350.000,-1,600.000,475.000,800.000,700.000,750.000,-1,-1,2,0,2,0,2,0,0,0,0,2,1,1,1,0,0,2,2
4,-1050.245,9538.955,420.376,155.780,-0.909749,-0.409463,-0.068534,0.412456,-0.910231,-0.036861,-0.047289,-0.061801,0.996968,0,0.40000,-0.60000,24.000,-1.200,-1,375.000,-1,400.000,-1,325.000,325.000,325.000,350.000,-1,675.000,500.000,775.000,700.000,750.000,-1,-1,2,0,2,0,2,0,0,0,0,2,1,1,1,0,0,2,2
5,-1076.205,9551.427,419.287,154.340,-0.899142,-0.432208,-0.068851,0.435165,-0.899654,-0.035410,-0.046638,-0.061800,0.996998,0,0.48000,-0.72000,28.800,-1.440,-1,375.000,-1,400.000,-1,325.000,325.000,325.000,325.000,-1,-1,550.000,775.000,700.000,725.000,-1,-1,2,0,2,0,2,0,0,0,0,2,2,1,1,0,0,2,2
6,-1106.052,9566.859,418.086,152.660,-0.886059,-0.458400,-0.069060,0.461306,-0.886602,-0.033668,-0.045795,-0.061689,0.997044,0,0.56000,-0.84000,33.600,-1.680,-1,375.000,-1,400.000,-1,325.000,325.000,325.000,325.000,-1,-1,625.000,775.000,700.000,725.000,-1,-1,2,0,2,0,2,0,0,0,0,2,2,1,1,0,0,2,2
7,-1139.604,9585.538,416.732,150.895,-0.871512,-0.485490,-0.069039,0.488331,-0.872074,-0.031921,-0.044710,-0.061534,0.997103,0,0.64000,-0.88232,38.400,-1.765,-1,375.000,-1,400.000,-1,325.000,325.000,325.000,325.000,-1,-1,700.000,775.000,700.000,725.000,-1,-1,2,0,2,0,2,0,0,0,0,2,2,1,1,0,0,2,2
8,-1174.688,9606.499,414.852,149.141,-0.856204,-0.511892,-0.069869,0.514801,-0.856716,-0.031908,-0.043525,-0.063288,0.997046,0,0.68113,-0.87677,40.868,-1.754,-1,375.000,-1,400.000,-1,325.000,325.000,325.000,325.000,-1,-1,-1,800.000,675.000,725.000,-1,-1,2,0,2,0,2,0,0,0,0,2,2,2,1,0,0,2,2
9,-1212.528,9630.486,412.885,147.628,-0.842342,-0.534293,-0.070654,0.537259,-0.842819,-0.031760,-0.042579,-0.064712,0.996995,0,0.74670,-0.75677,44.802,-1.514,-1,375.000,-1,400.000,-1,300.000,325.000,325.000,325.000,-1,-1,-1,850.000,675.000,700.000,-1,-1,2,0,2,0,2,0,0,0,0,2,2,2,1,0,0,2,2
10,-1249.586,9655.165,411.250,146.339,-0.830143,-0.553110,-0.070226,0.556036,-0.830573,-0.031199,-0.041071,-0.064948,0.997043,0,0.74204,-0.64456,44.522,-1.289,-1,375.000,-1,375.000,-1,300.000,325.000,325.000,325.000,-1,-1,-1,875.000,650.000,700.000,-1,-1,2,0,2,0,2,0,0,0,0,2,2,2,1,0,0,2,2
11,-1285.884,9680.538,409.786,145.045,-0.817505,-0.571721,-0.069438,0.574579,-0.817877,-0.030585,-0.039306,-0.064901,0.997117,0,0.73812,-0.64677,44.287,-1.294,-1,375.000,-1,375.000,-1,300.000,300.000,325.000,325.000,-1,-1,-1,900.000,650.000,700.000,-1,-1,2,0,2,0,2,0,0,0,0,2,2,2,1,0,0,2,2
12,-1321.428,9706.604,408.434,143.747,-0.804403,-0.590113,-0.068577,0.592902,-0.804715,-0.030020,-0.037470,-0.064807,0.997194,0,0.73461,-0.64930,44.076,-1.299,-1,375.000,-1,375.000,-1,300.000,300.000,325.000,325.000,-1,-1,-1,950.000,650.000,700.000,-1,-1,2,0,2,0,2,0,0,0,0,2,2,2,1,0,0,2,2
13,-1356.224,9733.360,407.195,142.442,-0.790832,-0.608283,-0.067648,0.610999,-0.791081,-0.029506,-0.035567,-0.064668,0.997273,0,0.73155,-0.65215,43.893,-1.304,-1,375.000,-1,375.000,-1,300.000,300.000,325.000,325.000,-1,-1,-1,975.000,650.000,700.000,-1,-1,2,0,2,0,2,0,0,0,0,2,2,2,1,0,0,2,2
14,-1390.277,9760.807,406.045,141.132,-0.776793,-0.626228,-0.066559,0.628862,-0.776975,-0.029027,-0.033537,-0.064404,0.997360,0,0.72896,-0.65530,43.737,-1.311,-1,375.000,-1,375.000,-1,300.000,300.000,325.000,325.000,-1,-1,-1,1000.000,650.000,700.000,-1,-1,2,0,2,0,2,0,0,0,0,2,2,2,1,0,0,2,2
15,-1423.594,9788.950,404.808,139.814,-0.762322,-0.643970,-0.064556,0.646458,-0.762422,-0.028377,-0.030945,-0.063365,0.997511,0,0.72686,-0.65874,43.612,-1.317,-1,375.000,-1,375.000,-1,300.000,300.000,325.000,325.000,-1,-1,-1,-1,650.000,700.000,-1,-1,2,0,2,0,2,0,0,0,0,2,2,2,2,0,0,2,2
16,-1456.180,9817.791,403.681,138.489,-0.747361,-0.661472,-0.062501,0.663815,-0.747380,-0.027820,-0.028310,-0.062281,0.997657,0,0.72526,-0.66245,43.516,-1.325,-1,375.000,-1,375.000,-1,300.000,300.000,325.000,325.000,-1,-1,-1,-1,650.000,700.000,-1,-1,2,0,2,0,2,0,0,0,0,2,2,2,2,0,0,2,2
17,-1488.037,9847.339,402.673,137.157,-0.731906,-0.678723,-0.060403,0.680924,-0.731841,-0.027403,-0.025606,-0.061187,0.997798,0,0.72417,-0.66642,43.450,-1.333,-1,375.000,-1,375.000,-1,300.000,300.000,325.000,325.000,-1,-1,-1,-1,675.000,725.000,-1,-1,2,0,2,0,2,0,0,0,0,2,2,2,2,0,0,2,2
18,-1522.782,9880.819,401.682,136.064,-0.718968,-0.692618,-0.058010,0.694664,-0.718825,-0.027052,-0.022962,-0.059747,0.997949,0,0.80417,-0.54642,48.250,-1.093,-1,375.000,-1,375.000,-1,300.000,300.000,325.000,325.000,-1,-1,-1,-1,675.000,725.000,-1,-1,2,0,2,0,2,0,0,0,0,2,2,2,2,0,0,2,2
19,-1557.692,9915.475,400.793,135.211,-0.708714,-0.703305,-0.055550,0.705199,-0.708502,-0.026842,-0.020479,-0.058197,0.998095,0,0.81986,-0.42642,49.192,-0.853,-1,375.000,-1,375.000,-1,300.000,300.000,325.000,325.000,-1,-1,-1,-1,700.000,725.000,-1,-1,2,0,2,0,2,0,0,0,0,2,2,2,2,0,0,2,2
20,-1592.273,9950.546,399.837,134.598,-0.701303,-0.710874,-0.053220,0.712648,-0.700968,-0.027856,-0.017503,-0.057463,0.998194,0,0.82086,-0.30642,49.252,-0.613,-1,375.000,-1,375.000,-1,300.000,300.000,325.000,325.000,-1,-1,325.000,-1,725.000,725.000,-1,-1,2,0,2,0,2,0,0,0,0,2,2,0,2,0,0,2,2
21,-1626.692,9985.910,398.934,134.225,-0.696822,-0.715428,-0.051014,0.717102,-0.696335,-0.029696,-0.014278,-0.057275,0.998256,0,0.82248,-0.18642,49.349,-0.373,-1,375.000,-1,400.000,-1,300.000,325.000,325.000,325.000,-1,-1,300.000,-1,725.000,750.000,-1,-1,2,0,2,0,2,0,0,0,0,2,2,0,2,0,0,2,2
22,-1661.119,10021.446,398.108,134.092,-0.695304,-0.717056,-0.048817,0.718625,-0.694689,-0.031383,-0.011409,-0.056901,0.998315,0,0.82462,-0.06642,49.477,-0.133,-1,375.000,-1,400.000,-1,300.000,325.000,300.000,325.000,-1,-1,300.000,-1,750.000,750.000,-1,-1,2,0,2,0,2,0,0,0,0,2,2,0,2,0,0,2,2
23,-1695.720,10057.029,397.526,134.199,-0.696749,-0.715806,-0.046503,0.717253,-0.696079,-0.031982,-0.009477,-0.055638,0.998406,0,0.82721,0.05358,49.633,0.107,-1,375.000,-1,400.000,-1,325.000,325.000,300.000,325.000,-1,350.000,325.000,-1,775.000,750.000,-1,-1,2,0,2,0,2,0,0,0,0,2,0,0,2,0,0,2,2
24,-1730.660,10092.529,397.030,134.547,-0.701158,-0.711636,-0.044176,0.712961,-0.700463,-0.032221,-0.008014,-0.054088,0.998504,0,0.83017,0.17358,49.810,0.347,-1,375.000,-1,400.000,-1,325.000,325.000,325.000,325.000,-1,375.000,325.000,-1,775.000,775.000,-1,-1,2,0,2,0,2,0,0,0,0,2,0,0,2,0,0,2,2
25,-1766.015,10127.892,396.566,134.995,-0.706780,-0.706193,-0.041877,0.707402,-0.706072,-0.032341,-0.006729,-0.052482,0.998599,0,0.83342,0.22421,50.005,0.448,-1,400.000,-1,400.000,-1,325.000,325.000,325.000,325.000,-1,400.000,350.000,-1,800.000,775.000,-1,-1,2,0,2,0,2,0,0,0,0,2,0,0,2,0,0,2,2
26,-1801.786,10163.128,395.977,135.431,-0.712180,-0.700831,-0.040441,0.701971,-0.711466,-0.032431,-0.006044,-0.051485,0.998655,0,0.83685,0.21818,50.211,0.436,-1,400.000,-1,400.000,-1,325.000,325.000,325.000,325.000,-1,400.000,350.000,-1,825.000,775.000,-1,-1,2,0,2,0,2,0,0,0,0,2,0,0,2,0,0,2,2
27,-1837.968,10198.248,395.404,135.856,-0.717382,-0.695580,-0.039141,0.696658,-0.716670,-0.032418,-0.005502,-0.050524,0.998708,0,0.84040,0.21208,50.424,0.424,-1,400.000,-1,400.000,-1,325.000,325.000,325.000,325.000,-1,425.000,375.000,-1,825.000,775.000,-1,-1,2,0,2,0,2,0,0,0,0,2,0,0,2,0,0,2,2
28,-1875.188,10234.023,394.815,136.134,-0.720789,-0.692117,-0.037910,0.693137,-0.720082,-0.032297,-0.004945,-0.049557,0.998759,0,0.86043,0.13944,51.626,0.279,-1,400.000,-1,400.000,-1,325.000,325.000,325.000,325.000,-1,450.000,400.000,-1,850.000,775.000,-1,-1,2,0,2,0,2,0,0,0,0,2,0,0,2,0,0,2,2
29,-1912.549,10269.582,394.003,136.415,-0.724161,-0.688577,-0.038103,0.689610,-0.723463,-0.032249,-0.005360,-0.049629,0.998753,0,0.85964,0.14039,51.579,0.281,-1,400.000,-1,400.000,-1,325.000,325.000,325.000,300.000,-1,500.000,450.000,-1,850.000,775.000,-1,-1,2,0,2,0,2,0,0,0,0,2,0,0,2,0,0,2,2
30,-1950.056,10304.928,393.240,136.698,-0.727538,-0.684988,-0.038465,0.686042,-0.726853,-0.032118,-0.005958,-0.049756,0.998744,0,0.85895,0.14160,51.537,0.283,-1,400.000,-1,400.000,-1,325.000,325.000,325.000,300.000,-1,550.000,500.000,-1,825.000,775.000,-1,-1,2,0,2,0,2,0,0,0,0,2,0,0,2,0,0,2,2
31,-1987.712,10340.062,392.527,136.985,-0.730924,-0.681344,-0.038998,0.682426,-0.730258,-0.031908,-0.006738,-0.049935,0.998730,0,0.85836,0.14306,51.501,0.286,-1,400.000,-1,400.000,-1,325.000,325.000,300.000,300.000,-1,600.000,550.000,-1,825.000,775.000,-1,-1,2,0,2,0,2,0,0,0,0,2,0,0,2,0,0,2,2
32,-2025.525,10374.986,391.863,137.274,-0.734324,-0.677638,-0.039703,0.678756,-0.733683,-0.031621,-0.007702,-0.050168,0.998711,0,0.85789,0.14476,51.473,0.290,-1,400.000,-1,400.000,-1,325.000,325.000,300.000,300.000,-1,650.000,600.000,-1,825.000,750.000,-1,-1,2,0,2,0,2,0,0,0,0,2,0,0,2,0,0,2,2
33,-2063.502,10409.703,391.299,137.568,-0.737735,-0.673855,-0.040818,0.675030,-0.737126,-0.031297,-0.008998,-0.050642,0.998676,0,0.85757,0.14671,51.454,0.293,-1,400.000,-1,400.000,-1,325.000,325.000,300.000,300.000,-1,725.000,675.000,-1,800.000,750.000,-1,-1,2,0,2,0,2,0,0,0,0,2,0,0,2,0,0,2,2
34,-2102.084,10444.607,390.804,137.864,-0.741158,-0.670008,-0.042121,0.671250,-0.740581,-0.031033,-0.010401,-0.051274,0.998630,0,0.86713,0.14835,52.028,0.297,-1,400.000,-1,400.000,-1,325.000,325.000,300.000,300.000,-1,800.000,775.000,-1,800.000,750.000,-1,-1,2,0,2,0,2,0,0,0,0,2,0,0,2,0,0,2,2
35,-2140.823,10479.294,390.331,138.158,-0.744529,-0.666179,-0.043380,0.667486,-0.743987,-0.030764,-0.011780,-0.051860,0.998585,0,0.86665,0.14698,51.999,0.294,-1,400.000,-1,400.000,-1,325.000,325.000,300.000,300.000,-1,900.000,850.000,-1,775.000,725.000,-1,-1,2,0,2,0,2,0,0,0,0,2,0,0,2,0,0,2,2
36,-2179.712,10513.760,389.863,138.450,-0.747852,-0.662366,-0.044592,0.663734,-0.747350,-0.030409,-0.013184,-0.052339,0.998542,0,0.86607,0.14586,51.964,0.292,-1,400.000,-1,400.000,-1,325.000,325.000,300.000,300.000,-1,1000.000,950.000,-1,775.000,725.000,-1,-1,2,0,2,0,2,0,0,0,0,2,0,0,2,0,0,2,2
37,-2218.745,10548.003,389.377,138.740,-0.751132,-0.658565,-0.045753,0.659989,-0.750682,-0.029857,-0.014683,-0.052623,0.998507,0,0.86541,0.14500,51.924,0.290,-1,400.000,-1,375.000,-1,325.000,325.000,300.000,300.000,-1,-1,-1,-1,750.000,725.000,-1,-1,2,0,2,0,2,0,0,0,0,2,2,2,2,0,0,2,2
38,-2257.917,10582.020,388.758,139.029,-0.754364,-0.654782,-0.046846,0.656247,-0.754003,-0.028627,-0.016578,-0.052337,0.998492,0,0.86469,0.14440,51.881,0.289,-1,400.000,-1,375.000,-1,325.000,325.000,300.000,300.000,-1,-1,-1,-1,750.000,700.000,-1,-1,2,0,2,0,2,0,0,0,0,2,2,2,2,0,0,2,2
39,-2297.226,10615.810,388.002,139.317,-0.757589,-0.650969,-0.047937,0.652487,-0.757271,-0.028311,-0.017872,-0.052726,0.998449,0,0.86393,0.14406,51.836,0.288,-1,400.000,-1,375.000,-1,325.000,325.000,300.000,300.000,-1,-1,-1,-1,725.000,700.000,-1,-1,2,0,2,0,2,0,0,0,0,2,2,2,2,0,0,2,2
40,-2336.668,10649.372,387.257,139.605,-0.760796,-0.647139,-0.048991,0.648711,-0.760514,-0.028139,-0.019048,-0.053189,0.998403,0,0.86315,0.14398,51.789,0.288,-1,400.000,-1,375.000,-1,325.000,300.000,325.000,300.000,-1,-1,-1,-1,700.000,675.000,-1,-1,2,0,2,0,2,0,0,0,0,2,2,2,2,0,0,2,2
41,-2376.244,10682.705,386.455,139.893,-0.763999,-0.643276,-0.050013,0.644911,-0.763728,-0.028460,-0.019888,-0.053998,0.998343,0,0.86238,0.14415,51.743,0.288,-1,400.000,-1,375.000,1000.000,325.000,300.000,325.000,300.000,-1,-1,-1,-1,700.000,675.000,-1,975.000,2,0,2,0,0,0,0,0,0,2,2,2,2,0,0,2,0
42,-2412.426,10712.613,385.556,140.421,-0.769876,-0.636159,-0.050920,0.637872,-0.769568,-0.029744,-0.020265,-0.055380,0.998260,0,0.78238,0.26415,46.943,0.528,-1,375.000,-1,375.000,950.000,325.000,300.000,325.000,300.000,-1,-1,-1,-1,700.000,650.000,-1,950.000,2,0,2,0,0,0,0,0,0,2,2,2,2,0,0,2,0
43,-2448.266,10741.439,384.671,141.190,-0.778315,-0.625737,-0.051753,0.627529,-0.777973,-0.031079,-0.020815,-0.056666,0.998176,0,0.76657,0.38415,45.994,0.768,-1,375.000,-1,375.000,925.000,325.000,300.000,300.000,300.000,-1,-1,-1,-1,675.000,650.000,-1,925.000,2,0,2,0,0,0,0,0,0,2,2,2,2,0,0,2,0
44,-2484.571,10769.601,383.770,142.198,-0.789184,-0.611908,-0.052515,0.613779,-0.788809,-0.032501,-0.021537,-0.057882,0.998091,0,0.76580,0.50415,45.948,1.008,-1,375.000,-1,375.000,875.000,300.000,300.000,300.000,300.000,-1,-1,-1,-1,675.000,625.000,-1,875.000,2,0,2,0,0,0,0,0,0,2,2,2,2,0,0,2,0
45,-2521.445,10796.938,382.842,143.446,-0.802306,-0.594538,-0.053191,0.596491,-0.801898,-0.034019,-0.022428,-0.059021,0.998005,0,0.76504,0.62415,45.902,1.248,-1,375.000,-1,375.000,850.000,300.000,300.000,300.000,300.000,-1,-1,-1,-1,675.000,625.000,-1,850.000,2,0,2,0,0,0,0,0,0,2,2,2,2,0,0,2,0
46,-2558.981,10823.284,382.024,144.935,-0.817482,-0.573489,-0.053230,0.575489,-0.817040,-0.035480,-0.023144,-0.059638,0.997952,0,0.76434,0.74415,45.860,1.488,-1,375.000,-1,375.000,825.000,300.000,300.000,300.000,300.000,-1,-1,-1,-1,650.000,625.000,-1,825.000,2,0,2,0,0,0,0,0,0,2,2,2,2,0,0,2,0
47,-2597.265,10848.467,381.230,146.663,-0.834417,-0.548572,-0.053069,0.550611,-0.833942,-0.036977,-0.023972,-0.060075,0.997906,0,0.76375,0.86415,45.825,1.728,-1,375.000,-1,375.000,800.000,300.000,300.000,300.000,300.000,-1,-1,-1,-1,650.000,600.000,-1,825.000,2,0,2,0,0,0,0,0,0,2,2,2,2,0,0,2,0
48,-2636.365,10872.316,380.383,148.619,-0.852668,-0.519781,-0.052780,0.521857,-0.852163,-0.038517,-0.024957,-0.060385,0.997863,0,0.76334,0.97791,45.800,1.956,-1,375.000,-1,350.000,775.000,300.000,300.000,300.000,300.000,-1,-1,-1,-1,650.000,600.000,-1,800.000,2,0,2,0,0,0,0,0,0,2,2,2,2,0,0,2,0
49,-2676.250,10894.808,379.476,150.580,-0.869975,-0.490307,-0.052372,0.492417,-0.869436,-0.040082,-0.025882,-0.060659,0.997823,0,0.76318,0.98052,45.791,1.961,-1,375.000,-1,350.000,750.000,300.000,300.000,300.000,325.000,-1,-1,-1,-1,650.000,600.000,-1,775.000,2,0,2,0,0,0,0,0,0,2,2,2,2,0,0,2,0
50,-2716.895,10915.924,378.433,152.547,-0.886338,-0.460181,-0.051367,0.462284,-0.885763,-0.041441,-0.026428,-0.060477,0.997820,0,0.76339,0.98351,45.803,1.967,-1,375.000,-1,350.000,725.000,300.000,300.000,300.000,300.000,-1,-1,-1,-1,675.000,600.000,-1,775.000,2,0,2,0,0,0,0,0,0,2,2,2,2,0,0,2,0
51,-2758.275,10935.644,377.284,154.520,-0.901723,-0.429414,-0.049988,0.431486,-0.901112,-0.042623,-0.026742,-0.060003,0.997840,0,0.76399,0.98685,45.839,1.974,-1,375.000,-1,350.000,700.000,300.000,300.000,300.000,300.000,-1,-1,-1,-1,675.000,600.000,-1,775.000,2,0,2,0,0,0,0,0,0,2,2,2,2,0,0,2,0
52,-2800.369,10953.945,376.340,156.502,-0.916114,-0.397992,-0.048347,0.400051,-0.915387,-0.045002,-0.026346,-0.060568,0.997816,0,0.76502,0.99055,45.901,1.981,-1,375.000,-1,350.000,700.000,300.000,300.000,300.000,300.000,-1,-1,-1,-1,675.000,600.000,-1,775.000,2,0,2,0,0,0,0,0,0,2,2,2,2,0,0,2,0
53,-2843.154,10970.806,375.369,158.491,-0.929460,-0.365962,-0.046645,0.368010,-0.928608,-0.047497,-0.025932,-0.061313,0.997782,0,0.76649,0.99459,45.989,1.989,-1,375.000,-1,350.000,700.000,300.000,300.000,300.000,325.000,-1,-1,-1,-1,675.000,600.000,-1,800.000,2,0,2,0,0,0,0,0,0,2,2,2,2,0,0,2,0
54,-2886.611,10986.204,374.335,160.489,-0.941733,-0.333349,-0.044916,0.335386,-0.940755,-0.049965,-0.025599,-0.062118,0.997740,0,0.76841,0.99895,46.104,1.998,-1,375.000,-1,350.000,725.000,300.000,300.000,300.000,300.000,-1,-1,-1,-1,700.000,600.000,-1,850.000,2,0,2,0,0,0,0,0,0,2,2,2,2,0,0,2,0
55,-2930.606,11000.084,373.234,162.489,-0.952868,-0.300298,-0.043168,0.302323,-0.951765,-0.052391,-0.025353,-0.062972,0.997693,0,0.76891,1.00000,46.135,2.000,-1,375.000,-1,350.000,725.000,300.000,300.000,300.000,300.000,-1,-1,-1,-1,700.000,625.000,-1,925.000,2,0,2,0,0,0,0,0,0,2,2,2,2,0,0,2,0
56,-2975.060,11012.421,372.063,164.489,-0.962839,-0.266884,-0.041408,0.268898,-0.961611,-0.054762,-0.025204,-0.063861,0.997640,0,0.76891,1.00000,46.135,2.000,-1,375.000,-1,350.000,775.000,300.000,300.000,300.000,300.000,-1,-1,-1,-1,725.000,625.000,-1,-1,2,0,2,0,0,0,0,0,0,2,2,2,2,0,0,2,2
57,-3017.419,11022.600,370.881,166.487,-0.971620,-0.233184,-0.039742,0.235192,-0.970279,-0.056952,-0.025281,-0.064683,0.997586,0,0.72610,0.99896,43.566,1.998,-1,375.000,-1,375.000,825.000,300.000,300.000,300.000,300.000,-1,575.000,-1,-1,725.000,650.000,-1,-1,2,0,2,0,0,0,0,0,0,2,0,2,2,0,0,2,2
58,-3060.108,11031.297,369.620,168.484,-0.979218,-0.199205,-0.038078,0.201207,-0.977766,-0.059072,-0.025464,-0.065506,0.997527,0,0.72610,0.99896,43.566,1.998,-1,375.000,-1,375.000,925.000,300.000,300.000,300.000,300.000,-1,475.000,-1,-1,725.000,650.000,-1,-1,2,0,2,0,0,0,0,0,0,2,0,2,2,0,0,2,2
59,-3103.073,11038.499,368.276,170.482,-0.985623,-0.164987,-0.036423,0.166984,-0.984064,-0.061113,-0.025760,-0.066317,0.997466,0,0.72610,0.99896,43.566,1.998,-1,400.000,-1,375.000,-1,325.000,300.000,300.000,300.000,-1,475.000,950.000,-1,750.000,675.000,-1,-1,2,0,2,0,2,0,0,0,0,2,0,0,2,0,0,2,2
60,-3146.264,11044.200,366.865,172.480,-0.990831,-0.130573,-0.034704,0.132561,-0.989171,-0.062988,-0.026104,-0.067011,0.997411,0,0.72610,0.99896,43.566,1.998,-1,400.000,-1,375.000,-1,325.000,300.000,300.000,300.000,-1,450.000,775.000,-1,750.000,675.000,-1,-1,2,0,2,0,2,0,0,0,0,2,0,0,2,0,0,2,2
61,-3189.627,11048.391,365.386,174.478,-0.994836,-0.096005,-0.032927,0.097976,-0.993085,-0.064670,-0.026491,-0.067562,0.997363,0,0.72610,0.99896,43.566,1.998,-1,400.000,-1,375.000,-1,325.000,300.000,300.000,300.000,-1,450.000,650.000,-1,750.000,700.000,-1,-1,2,0,2,0,2,0,0,0,0,2,0,0,2,0,0,2,2
62,-3233.109,11051.068,363.815,176.476,-0.997631,-0.061322,-0.031175,0.063279,-0.995797,-0.066212,-0.026984,-0.068027,0.997318,0,0.72610,0.99896,43.566,1.998,-1,400.000,-1,375.000,-1,325.000,300.000,300.000,300.000,-1,450.000,600.000,-1,775.000,700.000,-1,-1,2,0,2,0,2,0,0,0,0,2,0,0,2,0,0,2,2
63,-3276.659,11052.228,362.206,178.474,-0.999208,-0.026568,-0.029619,0.028515,-0.997320,-0.067373,-0.027749,-0.068164,0.997288,0,0.72610,0.99896,43.566,1.998,-1,400.000,-1,375.000,-1,325.000,325.000,300.000,275.000,-1,450.000,625.000,-1,775.000,700.000,-1,-1,2,0,2,0,2,0,0,0,0,2,0,0,2,0,0,2,2
64,-3320.222,11051.869,360.920,180.472,-0.999544,0.008218,-0.029065,-0.006211,-0.997633,-0.068480,-0.029559,-0.068268,0.997229,0,0.72610,0.99896,43.566,1.998,-1,400.000,-1,375.000,-1,325.000,325.000,300.000,275.000,-1,500.000,700.000,-1,775.000,725.000,-1,-1,2,0,2,0,2,0,0,0,0,2,0,0,2,0,0,2,2
65,-3363.747,11049.991,359.546,182.470,-0.998665,0.042993,-0.028638,-0.040917,-0.996742,-0.069505,-0.031533,-0.068241,0.997170,0,0.72610,0.99896,43.566,1.998,-1,400.000,-1,375.000,-1,325.000,325.000,300.000,275.000,-1,550.000,850.000,-1,775.000,725.000,-1,-1,2,0,2,0,2,0,0,0,0,2,0,0,2,0,0,2,2
66,-3407.180,11046.597,358.084,184.468,-0.996574,0.077717,-0.028272,-0.075568,-0.994647,-0.070475,-0.033598,-0.068097,0.997113,0,0.72610,0.99896,43.566,1.998,-1,400.000,-1,375.000,-1,325.000,325.000,300.000,275.000,-1,625.000,-1,-1,775.000,725.000,-1,-1,2,0,2,0,2,0,0,0,0,2,0,2,2,0,0,2,2
67,-3450.468,11041.691,356.532,186.466,-0.993275,0.112349,-0.027962,-0.110121,-0.991351,-0.071392,-0.035741,-0.067833,0.997056,0,0.72610,0.99896,43.566,1.998,-1,400.000,-1,375.000,-1,325.000,325.000,300.000,275.000,-1,725.000,-1,-1,775.000,725.000,-1,-1,2,0,2,0,2,0,0,0,0,2,0,2,2,0,0,2,2
68,-3493.558,11035.279,354.887,188.464,-0.988771,0.146846,-0.027705,-0.144537,-0.986858,-0.072258,-0.037952,-0.067442,0.997001,0,0.72610,0.99896,43.566,1.998,-1,400.000,-1,375.000,-1,325.000,325.000,300.000,275.000,-1,825.000,-1,-1,775.000,750.000,-1,-1,2,0,2,0,2,0,0,0,0,2,0,2,2,0,0,2,2
69,-3536.399,11027.369,353.144,190.462,-0.983068,0.181168,-0.027498,-0.178775,-0.981173,-0.073072,-0.040218,-0.066919,0.996948,0,0.72610,0.99896,43.566,1.998,-1,400.000,-1,400.000,-1,325.000,325.000,300.000,300.000,-1,-1,-1,-1,775.000,750.000,-1,-1,2,0,2,0,2,0,0,0,0,2,2,2,2,0,0,2,2
70,-3578.939,11017.970,351.304,192.459,-0.976171,0.215274,-0.027346,-0.212794,-0.974304,-0.073825,-0.042536,-0.066247,0.996896,0,0.72610,0.99896,43.566,1.998,-1,400.000,-1,400.000,-1,325.000,325.000,300.000,300.000,-1,-1,-1,-1,775.000,750.000,-1,-1,2,0,2,0,2,0,0,0,0,2,2,2,2,0,0,2,2
71,-3621.347,11007.035,349.361,194.459,-0.968081,0.249149,-0.027276,-0.246580,-0.966255,-0.074501,-0.044917,-0.065397,0.996848,0,0.72993,0.99969,43.796,1.999,-1,400.000,-1,400.000,-1,325.000,325.000,300.000,300.000,-1,-1,-1,-1,775.000,750.000,-1,-1,2,0,2,0,2,0,0,0,0,2,2,2,2,0,0,2,2
72,-3663.672,10994.532,347.288,196.459,-0.958811,0.282737,-0.027212,-0.280079,-0.957031,-0.075151,-0.047291,-0.064434,0.996801,0,0.73557,1.00000,44.134,2.000,-1,400.000,-1,400.000,-1,325.000,325.000,300.000,300.000,-1,-1,-1,-1,775.000,750.000,-1,-1,2,0,2,0,2,0,0,0,0,2,2,2,2,0,0,2,2
73,-3705.863,10980.449,345.080,198.459,-0.948375,0.315986,-0.027150,-0.313241,-0.946646,-0.075770,-0.049644,-0.063353,0.996756,0,0.74133,1.00000,44.480,2.000,-1,400.000,-1,400.000,-1,325.000,325.000,300.000,300.000,-1,-1,-1,-1,775.000,750.000,-1,-1,2,0,2,0,2,0,0,0,0,2,2,2,2,0,0,2,2
74,-3747.865,10964.780,342.733,200.459,-0.936784,0.348858,-0.027085,-0.346028,-0.935113,-0.076348,-0.051962,-0.062149,0.996713,0,0.74718,1.00000,44.831,2.000,-1,400.000,-1,400.000,-1,325.000,325.000,300.000,300.000,-1,-1,-1,-1,775.000,750.000,-1,-1,2,0,2,0,2,0,0,0,0,2,2,2,2,0,0,2,2
75,-3789.623,10947.519,340.257,202.459,-0.924049,0.381313,-0.027079,-0.378400,-0.922447,-0.076838,-0.054278,-0.060755,0.996676,0,0.75310,1.00000,45.186,2.000,-1,400.000,-1,400.000,-1,325.000,325.000,300.000,300.000,-1,-1,-1,-1,775.000,750.000,-1,-1,2,0,2,0,2,0,0,0,0,2,2,2,2,0,0,2,2
76,-3831.080,10928.664,337.616,204.458,-0.910190,0.413304,-0.027090,-0.410321,-0.908676,-0.077105,-0.056483,-0.059064,0.996655,0,0.75906,0.99962,45.544,1.999,-1,400.000,-1,400.000,-1,325.000,325.000,300.000,300.000,-1,-1,-1,-1,775.000,750.000,-1,-1,2,0,2,0,2,0,0,0,0,2,2,2,2,0,0,2,2
77,-3872.175,10908.216,334.828,206.455,-0.895238,0.444762,-0.027112,-0.441718,-0.893821,-0.077261,-0.058597,-0.057191,0.996642,0,0.76504,0.99836,45.903,1.997,-1,400.000,-1,400.000,-1,325.000,325.000,300.000,300.000,-1,-1,-1,-1,750.000,750.000,-1,-1,2,0,2,0,2,0,0,0,0,2,2,2,2,0,1,2,2
78,-3912.850,10886.181,331.933,208.448,-0.879227,0.475633,-0.027083,-0.472532,-0.877905,-0.077440,-0.060609,-0.055290,0.996629,0,0.77101,0.99664,46.261,1.993,-1,400.000,-1,400.000,-1,325.000,325.000,300.000,300.000,-1,-1,-1,-1,750.000,750.000,-1,-1,2,0,2,0,2,0,0,0,0,2,2,2,2,0,1,2,2
79,-3953.041,10862.568,328.917,210.437,-0.862186,0.505868,-0.027052,-0.502714,-0.860961,-0.077613,-0.062553,-0.053317,0.996616,0,0.77692,0.99442,46.615,1.989,-1,400.000,-1,400.000,-1,325.000,325.000,300.000,300.000,-1,-1,-1,-1,750.000,725.000,-1,-1,2,0,2,0,2,0,0,0,0,2,2,2,2,0,1,2,2
80,-3992.686,10837.390,325.781,212.420,-0.844154,0.535420,-0.027014,-0.532217,-0.843027,-0.077781,-0.064419,-0.051282,0.996604,0,0.78274,0.99170,46.964,1.983,-1,400.000,-1,400.000,-1,325.000,325.000,300.000,300.000,-1,-1,-1,-1,750.000,700.000,-1,925.000,2,0,2,0,2,0,0,0,0,2,2,2,2,0,1,2,1
81,-4031.720,10810.667,322.548,214.397,-0.825164,0.564245,-0.027066,-0.560993,-0.824146,-0.077911,-0.066267,-0.049105,0.996593,0,0.78842,0.98845,47.305,1.977,-1,400.000,-1,400.000,-1,325.000,325.000,300.000,300.000,-1,-1,-1,-1,725.000,675.000,-1,850.000,2,0,2,0,2,0,0,0,0,2,2,2,2,0,1,2,1
82,-4070.077,10782.424,319.371,216.366,-0.805264,0.592296,-0.027123,-0.589000,-0.804356,-0.078033,-0.068035,-0.046862,0.996582,0,0.79391,0.98463,47.635,1.969,-1,400.000,-1,400.000,950.000,325.000,325.000,300.000,300.000,-1,-1,-1,-1,725.000,650.000,-1,775.000,2,0,2,0,1,0,0,0,0,2,2,2,2,0,1,2,1
83,-4107.693,10752.690,316.094,218.327,-0.784504,0.619531,-0.027115,-0.616197,-0.783704,-0.078163,-0.069675,-0.044611,0.996572,0,0.79916,0.98024,47.949,1.960,-1,400.000,-1,400.000,825.000,325.000,325.000,300.000,300.000,-1,-1,-1,-1,725.000,625.000,-1,725.000,2,0,2,0,1,0,0,0,0,2,2,2,2,0,1,2,1
84,-4148.074,10718.751,312.392,220.047,-0.765520,0.642838,-0.027175,-0.639468,-0.764818,-0.078318,-0.071130,-0.042576,0.996558,0,0.87916,0.86024,52.749,1.720,-1,400.000,-1,400.000,725.000,325.000,325.000,300.000,300.000,-1,-1,-1,-1,725.000,600.000,-1,675.000,2,0,2,0,1,0,0,0,0,2,2,2,2,0,1,2,1
85,-4188.464,10682.983,308.514,221.528,-0.748626,0.662433,-0.027257,-0.659029,-0.748009,-0.078505,-0.072393,-0.040808,0.996541,0,0.89918,0.74024,53.951,1.480,-1,375.000,1000.000,400.000,625.000,325.000,325.000,300.000,300.000,-1,-1,-1,-1,700.000,575.000,-1,625.000,2,0,1,0,1,0,0,0,0,2,2,2,2,0,1,2,1
86,-4228.291,10646.145,304.614,222.768,-0.734072,0.678520,-0.027369,-0.675114,-0.733546,-0.078300,-0.073204,-0.039001,0.996554,0,0.90420,0.62024,54.252,1.240,-1,375.000,975.000,400.000,575.000,325.000,325.000,300.000,300.000,-1,-1,-1,-1,700.000,550.000,-1,575.000,2,0,1,0,1,0,0,0,0,2,2,2,2,0,1,2,1
87,-4267.675,10608.420,300.677,223.769,-0.722072,0.691270,-0.027508,-0.687885,-0.721634,-0.077832,-0.073654,-0.037278,0.996587,0,0.90895,0.50024,54.537,1.000,-1,375.000,925.000,400.000,500.000,325.000,325.000,300.000,300.000,-1,-1,-1,-1,700.000,525.000,-1,525.000,2,0,1,0,1,0,0,0,0,2,2,2,2,0,1,2,1
88,-4306.747,10569.985,296.713,224.529,-0.712793,0.700829,-0.027669,-0.697487,-0.712438,-0.077101,-0.073747,-0.035658,0.996639,0,0.91345,0.38024,54.807,0.760,-1,375.000,900.000,400.000,450.000,325.000,325.000,300.000,300.000,-1,-1,-1,-1,700.000,500.000,-1,475.000,2,0,1,1,1,0,0,0,0,2,2,2,2,0,1,2,1
89,-4345.649,10531.017,292.779,225.050,-0.706355,0.707309,-0.027844,-0.704034,-0.706080,-0.076073,-0.073467,-0.034132,0.996713,0,0.91773,0.26024,55.064,0.520,-1,375.000,850.000,375.000,400.000,325.000,325.000,300.000,300.000,-1,-1,-1,-1,700.000,450.000,-1,425.000,2,0,1,1,1,0,0,0,0,2,2,2,2,0,1,2,1
90,-4384.532,10491.684,288.830,225.330,-0.702851,0.710787,-0.027986,-0.707585,-0.702637,-0.074992,-0.072967,-0.032906,0.996791,0,0.92180,0.14024,55.308,0.280,-1,375.000,800.000,350.000,350.000,325.000,325.000,300.000,300.000,-1,-1,-1,-1,700.000,425.000,-1,375.000,2,0,1,1,1,0,0,0,0,2,2,2,2,0,1,2,1
91,-4423.552,10452.156,284.867,225.371,-0.702323,0.711305,-0.028073,-0.708186,-0.702156,-0.073819,-0.072219,-0.031963,0.996876,0,0.92571,0.02024,55.543,0.040,-1,375.000,750.000,325.000,300.000,325.000,325.000,300.000,300.000,-1,-1,-1,-1,675.000,400.000,-1,325.000,2,0,1,1,1,0,0,0,0,2,2,2,2,0,1,2,1
92,-4462.869,10412.604,280.928,225.171,-0.704783,0.708868,-0.028066,-0.705832,-0.704641,-0.072679,-0.071296,-0.031413,0.996960,0,0.92949,-0.09976,55.769,-0.200,-1,375.000,700.000,300.000,275.000,300.000,300.000,300.000,300.000,-1,-1,-1,-1,675.000,375.000,-1,275.000,2,0,1,1,1,0,1,0,0,2,2,2,2,0,1,2,1
93,-4502.225,10373.615,277.105,224.732,-0.710205,0.703441,-0.027916,-0.700474,-0.710058,-0.071790,-0.070322,-0.031431,0.997029,0,0.92332,-0.21976,55.399,-0.440,-1,375.000,625.000,275.000,225.000,300.000,275.000,300.000,300.000,-1,-1,-1,-1,625.000,325.000,975.000,225.000,2,0,1,1,1,0,1,0,0,2,2,2,2,1,1,1,1
94,-4542.191,10334.942,276.049,224.052,-0.719151,0.694701,-0.014594,-0.692187,-0.718071,-0.072470,-0.060825,-0.042015,0.997264,0,0.92691,-0.33976,55.614,-0.680,-1,400.000,600.000,250.000,200.000,325.000,250.000,300.000,325.000,-1,850.000,850.000,-1,600.000,325.000,950.000,200.000,2,0,1,1,1,1,1,0,1,2,0,0,2,1,1,1,1
95,-4582.923,10296.766,276.918,223.133,-0.730881,0.682460,0.007856,-0.681000,-0.728457,-0.074764,-0.045301,-0.059993,0.997170,0,0.93047,-0.45976,55.828,-0.920,-1,400.000,575.000,250.000,200.000,300.000,250.000,300.000,325.000,-1,350.000,475.000,-1,550.000,300.000,950.000,200.000,2,1,1,1,1,1,1,0,1,2,0,0,2,1,1,1,1
96,-4627.518,10256.626,278.445,221.973,-0.744650,0.666554,0.034667,-0.666923,-0.740978,-0.078522,-0.026652,-0.081592,0.996309,0,1.00000,-0.57976,60.000,-1.160,-1,375.000,575.000,250.000,175.000,300.000,225.000,275.000,375.000,825.000,175.000,325.000,-1,525.000,300.000,-1,175.000,2,1,1,1,1,1,1,0,1,0,0,0,2,1,1,2,1
97,-4673.076,10217.582,280.551,220.574,-0.759975,0.646799,0.063944,-0.649923,-0.755333,-0.084096,-0.006095,-0.105470,0.994404,0,1.00000,-0.69976,60.000,-1.400,-1,350.000,550.000,225.000,175.000,275.000,225.000,275.000,400.000,575.000,100.000,250.000,-1,500.000,300.000,-1,175.000,2,1,1,1,1,1,1,0,1,0,0,0,2,1,1,2,1
98,-4719.731,10179.851,283.337,218.934,-0.776486,0.623039,0.094295,-0.629943,-0.771197,-0.091801,0.015525,-0.130682,0.991303,0,1.00000,-0.81976,60.000,-1.640,-1,325.000,550.000,225.000,175.000,250.000,225.000,250.000,450.000,425.000,75.000,200.000,-1,450.000,300.000,-1,175.000,2,1,1,1,1,1,1,0,1,0,0,0,2,1,1,2,1
99,-4767.598,10143.667,285.947,217.055,-0.794214,0.595401,0.121337,-0.606601,-0.788555,-0.101076,0.035500,-0.153879,0.987452,0,1.00000,-0.93976,60.000,-1.880,-1,300.000,525.000,225.000,150.000,250.000,200.000,250.000,525.000,350.000,50.000,175.000,-1,425.000,275.000,-1,150.000,2,1,1,1,1,1,1,0,1,0,0,0,2,1,1,2,1
100,3607.619,-327.956,353.960,39.218,0.774652,-0.631609,0.031357,0.632380,0.773925,-0.033694,-0.002986,0.045930,0.998940,1,0.00000,0.00000,60.000,-2.000,500.000,200.000,325.000,225.000,-1,175.000,175.000,375.000,325.000,-1,-1,-1,-1,250.000,300.000,300.000,425.000,1,1,1,1,2,1,1,0,0,2,2,2,2,1,1,1,1
101,3611.327,-324.908,354.384,39.420,0.772478,-0.634343,0.029790,0.635041,0.771716,-0.034316,-0.001222,0.045427,0.998967,0,0.08000,0.10079,4.800,0.202,500.000,200.000,325.000,225.000,-1,175.000,175.000,375.000,325.000,-1,-1,-1,-1,250.000,275.000,300.000,425.000,1,1,1,1,2,1,1,0,0,2,2,2,2,1,1,1,1
102,3618.722,-318.786,355.258,39.621,0.770350,-0.637052,0.026928,0.637617,0.769501,-0.036232,0.002360,0.045081,0.998981,0,0.16000,0.10034,9.600,0.201,500.000,200.000,325.000,225.000,-1,175.000,175.000,400.000,325.000,-1,-1,-1,-1,250.000,275.000,300.000,425.000,1,1,1,1,2,1,1,0,0,2,2,2,2,1,1,1,1
103,3629.781,-309.564,356.633,39.821,0.768257,-0.639742,0.022635,0.640093,0.767280,-0.039533,0.007923,0.044860,0.998962,0,0.24000,0.10004,14.400,0.200,525.000,200.000,325.000,200.000,-1,175.000,175.000,400.000,325.000,-1,-1,-1,-1,250.000,275.000,300.000,475.000,1,1,1,1,2,1,1,0,0,2,2,2,2,1,1,1,1
104,3644.485,-297.217,358.590,40.020,0.766173,-0.642416,0.016719,0.642442,0.765049,-0.044365,0.015710,0.044732,0.998875,0,0.32000,0.09987,19.200,0.200,525.000,200.000,325.000,200.000,-1,175.000,175.000,400.000,325.000,-1,375.000,400.000,-1,250.000,275.000,300.000,-1,1,1,1,1,2,1,1,0,0,2,0,0,2,1,1,1,2
105,3662.810,-281.718,361.232,40.220,0.764062,-0.645081,0.008927,0.644617,0.762808,-0.050925,0.026041,0.044665,0.998663,0,0.40000,0.09984,24.000,0.200,550.000,200.000,325.000,200.000,-1,175.000,175.000,425.000,350.000,-1,250.000,275.000,-1,250.000,275.000,275.000,-1,1,1,1,1,2,1,1,0,0,2,0,0,2,1,1,1,2
106,-327.944,7543.240,299.199,-21.676,0.922692,0.368931,0.111936,-0.371983,0.928213,0.006963,-0.101332,-0.048063,0.993691,1,0.00000,0.00000,28.800,0.200,425.000,300.000,325.000,175.000,200.000,225.000,175.000,225.000,825.000,-1,75.000,0.000,-1,425.000,200.000,550.000,175.000,0,1,1,1,1,1,1,0,0,2,1,1,2,1,1,0,1
107,3603.436,-8852.744,144.766,150.821,-0.872960,-0.487537,0.015752,0.487374,-0.873094,-0.013219,0.020197,-0.003862,0.999789,1,0.08000,-0.12000,4.800,-0.240,-1,400.000,-1,400.000,-1,325.000,325.000,300.000,300.000,-1,850.000,950.000,-1,800.000,750.000,-1,-1,2,0,2,0,2,0,0,0,0,2,0,0,2,0,0,2,2
108,3595.094,-8847.994,144.951,150.341,-0.868847,-0.494835,0.015628,0.494671,-0.868979,-0.013277,0.020150,-0.003805,0.999790,0,0.16000,-0.24000,9.600,-0.480,-1,400.000,-1,400.000,-1,325.000,325.000,300.000,300.000,-1,850.000,950.000,-1,800.000,750.000,-1,-1,2,0,2,0,2,0,0,0,0,2,0,0,2,0,0,2,2
109,3582.671,-8840.711,145.230,149.621,-0.862562,-0.505716,0.015440,0.505553,-0.862692,-0.013358,0.020075,-0.003716,0.999792,0,0.24000,-0.36000,14.400,-0.720,-1,400.000,-1,400.000,-1,325.000,325.000,300.000,300.000,-1,875.000,950.000,-1,800.000,750.000,-1,-1,2,0,2,0,2,0,0,0,0,2,0,0,2,0,0,2,2
110,3566.272,-8830.725,145.605,148.661,-0.853971,-0.520099,0.015186,0.519937,-0.854099,-0.013452,0.019967,-0.003592,0.999794,0,0.32000,-0.48000,19.200,-0.960,-1,400.000,-1,400.000,-1,325.000,325.000,300.000,300.000,-1,875.000,975.000,-1,800.000,750.000,-1,-1,2,0,2,0,2,0,0,0,0,2,0,0,2,0,0,2,2
111,3546.039,-8817.816,146.079,147.461,-0.842896,-0.537872,0.014863,0.537712,-0.843020,-0.013547,0.019816,-0.003426,0.999798,0,0.40000,-0.60000,24.000,-1.200,-1,400.000,-1,400.000,-1,325.000,325.000,300.000,300.000,-1,900.000,975.000,-1,800.000,750.000,-1,-1,2,0,2,0,2,0,0,0,0,2,0,0,2,0,0,2,2
112,3522.157,-8801.720,146.665,146.021,-0.829116,-0.558888,0.014511,0.558731,-0.829237,-0.013611,0.019640,-0.003177,0.999802,0,0.48000,-0.72000,28.800,-1.440,-1,400.000,-1,400.000,-1,325.000,325.000,300.000,300.000,-1,925.000,1000.000,-1,800.000,750.000,-1,-1,2,0,2,0,2,0,0,0,0,2,0,0,2,0,0,2,2
113,3494.816,-8782.190,147.367,144.461,-0.813595,-0.581259,0.014198,0.581106,-0.813713,-0.013661,0.019494,-0.002864,0.999806,0,0.56000,-0.78011,33.600,-1.560,-1,400.000,-1,400.000,-1,325.000,325.000,300.000,300.000,-1,950.000,-1,-1,800.000,750.000,-1,-1,2,0,2,0,2,0,0,0,0,2,0,2,2,0,0,2,2
114,3464.189,-8759.027,148.145,142.900,-0.797469,-0.603200,0.013888,0.603046,-0.797586,-0.013872,0.019445,-0.002687,0.999807,0,0.64000,-0.78011,38.400,-1.560,-1,400.000,-1,400.000,-1,325.000,325.000,300.000,300.000,-1,950.000,-1,-1,800.000,750.000,-1,-1,2,0,2,0,2,0,0,0,0,2,0,2,2,0,0,2,2
115,3430.455,-8732.040,149.035,141.340,-0.780753,-0.624693,0.013573,0.624539,-0.780867,-0.014098,0.019406,-0.002530,0.999808,0,0.72000,-0.78011,43.200,-1.560,-1,400.000,-1,400.000,-1,325.000,325.000,300.000,300.000,-1,1000.000,-1,-1,800.000,750.000,-1,-1,2,0,2,0,2,0,0,0,0,2,0,2,2,0,0,2,2
116,3396.764,-8703.549,149.961,139.780,-0.763457,-0.645723,0.013275,0.645568,-0.763568,-0.014336,0.019393,-0.002375,0.999809,0,0.73539,-0.78011,44.124,-1.560,-1,400.000,-1,400.000,-1,325.000,325.000,300.000,300.000,-1,-1,-1,-1,825.000,750.000,-1,-1,2,0,2,0,2,0,0,0,0,2,2,2,2,0,0,2,2
117,3363.861,-8674.150,150.899,138.220,-0.745595,-0.666274,0.012968,0.666118,-0.745704,-0.014589,0.019391,-0.002239,0.999809,0,0.73539,-0.78011,44.124,-1.560,-1,400.000,-1,400.000,-1,325.000,325.000,300.000,300.000,-1,-1,-1,-1,825.000,750.000,-1,-1,2,0,2,0,2,0,0,0,0,2,2,2,2,0,0,2,2
118,3331.770,-8643.867,151.822,136.660,-0.727182,-0.686331,0.012515,0.686173,-0.727286,-0.014878,0.019313,-0.002232,0.999811,0,0.73539,-0.78011,44.124,-1.560,-1,400.000,-1,375.000,-1,325.000,325.000,300.000,300.000,-1,-1,-1,-1,825.000,750.000,-1,-1,2,0,2,0,2,0,0,0,0,2,2,2,2,0,0,2,2
119,3300.516,-8612.721,152.732,135.099,-0.708233,-0.705878,0.011922,0.705719,-0.708329,-0.015189,0.019166,-0.002343,0.999814,0,0.73539,-0.78011,44.124,-1.560,-1,400.000,-1,375.000,-1,325.000,325.000,300.000,300.000,-1,-1,-1,-1,825.000,750.000,-1,-1,2,0,2,0,2,0,0,0,0,2,2,2,2,0,0,2,2
120,3270.122,-8580.735,153.609,133.539,-0.688760,-0.724903,0.011203,0.724743,-0.688847,-0.015420,0.018895,-0.002501,0.999818,0,0.73539,-0.78011,44.124,-1.560,-1,400.000,-1,375.000,-1,325.000,325.000,300.000,300.000,-1,-1,-1,-1,825.000,750.000,-1,-1,2,0,2,0,2,0,0,0,0,2,2,2,2,0,0,2,2
121,3240.609,-8547.934,154.467,131.979,-0.668779,-0.743389,0.010355,0.743230,-0.668854,-0.015622,0.018539,-0.002751,0.999824,0,0.73539,-0.78011,44.124,-1.560,-1,400.000,-1,375.000,-1,325.000,325.000,300.000,300.000,-1,-1,-1,-1,825.000,750.000,-1,-1,2,0,2,0,2,0,0,0,0,2,2,2,2,0,0,2,2
122,3212.001,-8514.342,155.308,130.419,-0.648303,-0.761324,0.009411,0.761166,-0.648364,-0.015825,0.018150,-0.003096,0.999830,0,0.73539,-0.78011,44.124,-1.560,-1,400.000,-1,375.000,-1,325.000,325.000,300.000,325.000,-1,-1,-1,-1,800.000,750.000,-1,-1,2,0,2,0,2,0,0,0,0,2,2,2,2,0,0,2,2
123,3184.318,-8479.983,156.005,128.858,-0.627338,-0.778695,0.008963,0.778537,-0.627395,-0.016019,0.018097,-0.003071,0.999832,0,0.73539,-0.78011,44.124,-1.560,-1,400.000,-1,375.000,-1,325.000,325.000,300.000,325.000,-1,-1,-1,-1,800.000,750.000,-1,-1,2,0,2,0,2,0,0,0,0,2,2,2,2,0,0,2,2
124,3157.229,-8444.728,156.701,127.538,-0.609237,-0.792944,0.008393,0.792784,-0.609286,-0.016253,0.018001,-0.003248,0.999833,0,0.74101,-0.66011,44.460,-1.320,-1,400.000,-1,375.000,-1,325.000,325.000,300.000,325.000,-1,-1,-1,-1,800.000,750.000,-1,-1,2,0,2,0,2,0,0,0,0,2,2,2,2,0,0,2,2
125,3130.809,-8408.969,157.414,126.458,-0.594189,-0.804288,0.007732,0.804129,-0.594229,-0.016419,0.017801,-0.003538,0.999835,0,0.74101,-0.54011,44.460,-1.080,-1,400.000,-1,375.000,-1,325.000,325.000,300.000,325.000,-1,-1,-1,-1,800.000,750.000,-1,-1,2,0,2,0,2,0,0,0,0,2,2,2,2,0,0,2,2
126,3104.916,-8372.826,158.139,125.618,-0.582341,-0.812915,0.006977,0.812756,-0.582369,-0.016555,0.017521,-0.003970,0.999839,0,0.74101,-0.42011,44.460,-0.840,-1,400.000,-1,375.000,-1,325.000,325.000,300.000,325.000,-1,-1,-1,-1,800.000,725.000,-1,-1,2,0,2,0,2,0,0,0,0,2,2,2,2,0,0,2,2
127,3079.404,-8336.414,158.874,125.017,-0.573806,-0.818969,0.006120,0.818811,-0.573820,-0.016701,0.017189,-0.004572,0.999842,0,0.74101,-0.30011,44.460,-0.600,-1,400.000,-1,375.000,-1,325.000,325.000,300.000,325.000,-1,-1,-1,-1,775.000,725.000,-1,-1,2,0,2,0,2,0,0,0,0,2,2,2,2,0,0,2,2
128,3054.142,-8299.827,159.652,124.624,-0.568175,-0.822890,0.005340,0.822734,-0.568176,-0.016879,0.016924,-0.005197,0.999843,0,0.74101,-0.19689,44.460,-0.394,-1,400.000,-1,375.000,-1,325.000,325.000,300.000,325.000,-1,-1,-1,-1,775.000,725.000,-1,-1,2,0,2,0,2,0,0,0,0,2,2,2,2,0,0,2,2
129,3029.132,-8263.068,160.515,124.230,-0.562513,-0.826774,0.004863,0.826617,-0.562506,-0.017081,0.016858,-0.005588,0.999842,0,0.74101,-0.19689,44.460,-0.394,-1,400.000,-1,375.000,-1,325.000,325.000,300.000,325.000,-1,-1,-1,-1,775.000,725.000,-1,-1,2,0,2,0,2,0,0,0,0,2,2,2,2,0,0,2,2
130,3004.376,-8226.137,161.400,123.836,-0.556824,-0.830619,0.004365,0.830461,-0.556809,-0.017286,0.016789,-0.006000,0.999841,0,0.74101,-0.19689,44.460,-0.394,-1,400.000,-1,375.000,-1,325.000,325.000,300.000,325.000,-1,-1,-1,-1,775.000,725.000,-1,-1,2,0,2,0,2,0,0,0,0,2,2,2,2,0,0,2,2
131,2979.874,-8189.038,162.283,123.442,-0.551111,-0.834423,0.003807,0.834263,-0.551086,-0.017612,0.016794,-0.006531,0.999838,0,0.74101,-0.19689,44.460,-0.394,-1,400.000,-1,400.000,-1,325.000,325.000,300.000,325.000,-1,-1,-1,-1,775.000,725.000,-1,-1,2,0,2,0,2,0,0,0,0,2,2,2,2,0,0,2,2
132,2955.627,-8151.771,163.159,123.049,-0.545373,-0.838187,0.003179,0.838023,-0.545335,-0.018077,0.016886,-0.007194,0.999832,0,0.74101,-0.19689,44.460,-0.394,-1,400.000,-1,400.000,-1,325.000,325.000,300.000,325.000,-1,-1,-1,-1,750.000,725.000,-1,-1,2,0,2,0,2,0,0,0,0,2,2,2,2,0,0,2,2
133,2931.637,-8114.338,164.034,122.655,-0.539612,-0.841910,0.002490,0.841742,-0.539558,-0.018653,0.017048,-0.007970,0.999823,0,0.74101,-0.19689,44.460,-0.394,-1,400.000,-1,375.000,-1,325.000,325.000,300.000,325.000,-1,-1,-1,-1,750.000,725.000,-1,-1,2,0,2,0,2,0,0,0,0,2,2,2,2,0,0,2,2
134,2907.906,-8076.741,164.814,122.261,-0.533821,-0.845595,0.001882,0.845426,-0.533757,-0.018915,0.016999,-0.008506,0.999819,0,0.74101,-0.19689,44.460,-0.394,-1,400.000,-1,375.000,-1,325.000,325.000,300.000,325.000,-1,-1,-1,-1,750.000,725.000,-1,-1,2,0,2,0,2,0,0,0,0,2,2,2,2,0,0,2,2
