timestep,x_cm,y_cm,z_cm,yaw_deg,basis_xx,basis_xy,basis_xz,basis_yx,basis_yy,basis_yz,basis_zx,basis_zy,basis_zz,teleport_flag,throttle_cmd,steering_cmd,cmd_move_cm,cmd_turn_deg,lidar_cm_0,lidar_cm_1,lidar_cm_2,lidar_cm_3,lidar_cm_4,lidar_cm_5,lidar_cm_6,lidar_cm_7,lidar_cm_8,lidar_cm_9,lidar_cm_10,lidar_cm_11,lidar_cm_12,lidar_cm_13,lidar_cm_14,lidar_cm_15,lidar_cm_16,lidar_class_0,lidar_class_1,lidar_class_2,lidar_class_3,lidar_class_4,lidar_class_5,lidar_class_6,lidar_class_7,lidar_class_8,lidar_class_9,lidar_class_10,lidar_class_11,lidar_class_12,lidar_class_13,lidar_class_14,lidar_class_15,lidar_class_16
0,6887.294,5575.417,358.818,-136.159,-0.721401,0.692206,-0.020755,-0.692490,-0.720787,0.030391,0.006077,0.036296,0.999323,1,0.00000,0.00000,-4.800,0.240,-1,375.000,-1,400.000,-1,325.000,325.000,300.000,300.000,-1,-1,-1,-1,750.000,775.000,-1,-1,2,0,2,0,2,0,0,0,0,2,2,2,2,0,0,2,2
1,6883.818,5572.107,358.832,-136.399,-0.724295,0.689180,-0.020671,-0.689464,-0.723680,0.030450,0.006026,0.036307,0.999323,0,0.08000,-0.12000,4.800,-0.240,-1,375.000,-1,400.000,-1,325.000,325.000,300.000,300.000,-1,-1,-1,-1,750.000,775.000,-1,-1,2,0,2,0,2,0,0,0,0,2,2,2,2,0,0,2,2
2,6876.811,5565.545,358.859,-136.879,-0.730043,0.683093,-0.020507,-0.683375,-0.729427,0.030567,0.005922,0.036330,0.999322,0,0.16000,-0.24000,9.600,-0.480,-1,375.000,-1,400.000,-1,325.000,325.000,300.000,300.000,-1,-1,-1,-1,750.000,800.000,-1,-1,2,0,2,0,2,0,0,0,0,2,2,2,2,0,0,2,2
3,6866.177,5555.835,358.901,-137.599,-0.738570,0.673872,-0.020296,-0.674153,-0.737952,0.030743,0.005739,0.036388,0.999321,0,0.24000,-0.36000,14.400,-0.720,-1,375.000,-1,400.000,-1,325.000,325.000,300.000,300.000,-1,-1,625.000,-1,750.000,800.000,-1,-1,2,0,2,0,2,0,0,0,0,2,2,0,2,0,0,2,2
4,6851.784,5543.127,358.977,-138.559,-0.749755,0.661409,-0.020169,-0.661694,-0.749133,0.030995,0.005391,0.036584,0.999316,0,0.32000,-0.48000,19.200,-0.960,-1,375.000,-1,400.000,-1,325.000,325.000,300.000,300.000,-1,-1,650.000,-1,750.000,800.000,-1,-1,2,0,2,0,2,0,0,0,0,2,2,0,2,0,0,2,2
5,6833.464,5527.623,359.060,-139.759,-0.763440,0.645569,-0.020022,-0.645860,-0.762813,0.031306,0.004937,0.036832,0.999309,0,0.40000,-0.60000,24.000,-1.200,-1,375.000,-1,400.000,-1,325.000,325.000,300.000,300.000,-1,-1,650.000,-1,750.000,800.000,-1,-1,2,0,2,0,2,0,0,0,0,2,2,0,2,0,0,2,2
6,6811.020,5509.576,359.141,-141.199,-0.779419,0.626189,-0.019865,-0.626488,-0.778787,0.031673,0.004363,0.037132,0.999301,0,0.48000,-0.72000,28.800,-1.440,-1,375.000,-1,400.000,-1,325.000,325.000,300.000,300.000,-1,925.000,675.000,-1,775.000,800.000,-1,-1,2,0,2,0,2,0,0,0,0,2,0,0,2,0,0,2,2
7,6784.228,5489.298,359.212,-142.879,-0.797438,0.603079,-0.019709,-0.603390,-0.796800,0.032095,0.003652,0.037486,0.999290,0,0.56000,-0.84000,33.600,-1.680,-1,375.000,-1,400.000,-1,325.000,325.000,300.000,300.000,-1,1000.000,700.000,-1,775.000,825.000,-1,-1,2,0,2,0,2,0,0,0,0,2,0,0,2,0,0,2,2
8,6756.341,5469.510,359.266,-144.642,-0.815609,0.578273,-0.019583,-0.578597,-0.814967,0.032478,0.002822,0.037820,0.999281,0,0.56991,-0.88151,34.194,-1.763,-1,375.000,-1,400.000,-1,325.000,325.000,300.000,300.000,-1,-1,775.000,-1,800.000,825.000,-1,-1,2,0,2,0,2,0,0,0,0,2,2,0,2,0,0,2,2
9,6727.505,5450.345,359.298,-146.391,-0.832874,0.553119,-0.019491,-0.553459,-0.832228,0.032857,0.001953,0.038153,0.999270,0,0.57706,-0.87462,34.623,-1.749,-1,375.000,-1,400.000,-1,325.000,325.000,300.000,300.000,-1,-1,850.000,-1,825.000,825.000,-1,-1,2,0,2,0,2,0,0,0,0,2,2,0,2,0,0,2,2
10,6697.742,5431.838,359.303,-148.127,-0.849238,0.527652,-0.019432,-0.528009,-0.848588,0.033250,0.001054,0.038497,0.999258,0,0.58412,-0.86782,35.047,-1.736,-1,375.000,-1,400.000,-1,325.000,325.000,300.000,300.000,-1,-1,925.000,-1,825.000,825.000,-1,-1,2,0,2,0,2,0,0,0,0,2,2,0,2,0,0,2,2
11,6667.076,5414.025,359.281,-149.849,-0.864706,0.501903,-0.019408,-0.502278,-0.864051,0.033659,0.000124,0.038853,0.999245,0,0.59107,-0.86112,35.464,-1.722,-1,400.000,-1,400.000,-1,325.000,325.000,300.000,300.000,-1,-1,-1,-1,850.000,-1,-1,-1,2,0,2,0,2,0,0,0,0,2,2,2,2,0,2,2,2
12,6635.531,5396.938,359.232,-151.558,-0.879283,0.475904,-0.019418,-0.476299,-0.878622,0.034088,-0.000838,0.039221,0.999230,0,0.59791,-0.85451,35.875,-1.709,-1,400.000,-1,400.000,-1,325.000,325.000,300.000,300.000,-1,-1,-1,-1,875.000,-1,-1,-1,2,0,2,0,2,0,0,0,0,2,2,2,2,0,2,2,2
13,6603.134,5380.612,359.063,-153.254,-0.892970,0.449678,-0.019858,-0.450111,-0.892297,0.034720,-0.002106,0.039943,0.999200,0,0.60463,-0.84802,36.278,-1.696,-1,400.000,-1,400.000,-1,325.000,325.000,300.000,300.000,-1,-1,-1,-1,875.000,-1,-1,-1,2,0,2,0,2,0,0,0,0,2,2,2,2,0,2,2,2
14,6569.914,5365.076,358.856,-154.937,-0.905780,0.423260,-0.020358,-0.423735,-0.905093,0.035420,-0.003434,0.040709,0.999165,0,0.61121,-0.84164,36.673,-1.683,-1,400.000,-1,400.000,-1,325.000,325.000,300.000,300.000,-1,-1,-1,-1,900.000,-1,-1,-1,2,0,2,0,2,0,0,0,0,2,2,2,2,0,2,2,2
15,6531.916,5348.459,358.594,-156.380,-0.916138,0.400314,-0.020965,-0.400835,-0.915432,0.036257,-0.004678,0.041620,0.999123,0,0.69121,-0.72164,41.473,-1.443,-1,400.000,-1,400.000,-1,325.000,325.000,300.000,300.000,-1,-1,-1,-1,925.000,-1,-1,-1,2,0,2,0,2,0,0,0,0,2,2,2,2,0,2,2,2
16,6489.139,5330.814,358.275,-157.584,-0.924327,0.380985,-0.021700,-0.381557,-0.923595,0.037240,-0.005854,0.042702,0.999071,0,0.77121,-0.60164,46.273,-1.203,-1,425.000,-1,400.000,-1,325.000,325.000,300.000,300.000,-1,-1,-1,-1,925.000,-1,-1,-1,2,0,2,0,2,0,0,0,0,2,2,2,2,0,2,2,2
17,6441.605,5312.134,357.822,-158.547,-0.930589,0.365388,-0.022240,-0.366003,-0.929830,0.038179,-0.006729,0.043669,0.999023,0,0.85121,-0.48164,51.073,-0.963,-1,425.000,-1,400.000,-1,325.000,325.000,300.000,300.000,-1,-1,-1,-1,950.000,-1,-1,-1,2,0,2,0,2,0,0,0,1,2,2,2,2,0,2,2,2
18,6391.437,5293.148,356.980,-159.270,-0.935094,0.353627,-0.023401,-0.354296,-0.934381,0.037507,-0.008602,0.043363,0.999022,0,0.89400,-0.36164,53.640,-0.723,-1,425.000,-1,400.000,-1,325.000,325.000,300.000,325.000,-1,-1,-1,-1,950.000,-1,-1,-1,2,0,2,0,2,0,0,0,1,2,2,2,2,0,2,2,2
19,6340.882,5274.501,356.022,-159.754,-0.938001,0.345742,-0.024818,-0.346467,-0.937355,0.036405,-0.010676,0.042746,0.999029,0,0.89808,-0.24164,53.885,-0.483,-1,425.000,-1,400.000,-1,325.000,325.000,300.000,325.000,-1,-1,-1,-1,925.000,-1,-1,-1,2,0,2,0,2,0,0,0,1,2,2,2,2,0,2,2,2
20,6290.067,5256.003,355.014,-159.997,-0.939413,0.341769,-0.026390,-0.342549,-0.938842,0.035164,-0.012758,0.042073,0.999033,0,0.90128,-0.12164,54.077,-0.243,-1,425.000,-1,400.000,-1,325.000,325.000,300.000,350.000,-1,-1,-1,-1,925.000,-1,-1,-1,2,0,2,0,2,0,0,0,1,2,2,2,2,0,2,2,2
21,6239.074,5237.586,353.981,-160.140,-0.940214,0.339426,-0.028066,-0.340259,-0.939721,0.033889,-0.014871,0.041413,0.999031,0,0.90362,-0.07175,54.217,-0.144,-1,425.000,-1,600.000,-1,325.000,325.000,300.000,350.000,-1,-1,-1,-1,925.000,-1,-1,-1,2,0,2,1,2,0,0,0,1,2,2,2,2,0,2,2,2
22,6187.938,5219.241,352.956,-160.264,-0.940886,0.337403,-0.029893,-0.338289,-0.940483,0.032428,-0.017172,0.040624,0.999027,0,0.90545,-0.06199,54.327,-0.124,-1,425.000,-1,725.000,-1,325.000,325.000,300.000,375.000,-1,-1,-1,-1,900.000,-1,-1,-1,2,0,2,1,2,0,0,0,1,2,2,2,2,0,2,2,2
23,6136.681,5200.957,351.909,-160.368,-0.941427,0.335714,-0.031820,-0.336650,-0.941122,0.030924,-0.019565,0.039825,0.999015,0,0.90701,-0.05177,54.420,-0.104,-1,425.000,-1,775.000,-1,325.000,350.000,300.000,375.000,-1,-1,-1,-1,900.000,-1,-1,-1,2,0,2,1,2,0,1,0,1,2,2,2,2,0,2,2,2
24,6085.323,5182.721,350.837,-160.450,-0.941832,0.334375,-0.033843,-0.335359,-0.941632,0.029386,-0.022042,0.039026,0.998995,0,0.90832,-0.04107,54.499,-0.082,-1,425.000,-1,800.000,-1,325.000,350.000,300.000,375.000,-1,-1,-1,-1,875.000,-1,-1,-1,2,0,2,1,2,0,1,0,1,2,2,2,2,0,2,2,2
25,6034.237,5164.663,349.749,-160.532,-0.942230,0.333031,-0.035945,-0.334061,-0.942141,0.027827,-0.024599,0.038227,0.998966,0,0.90306,-0.04118,54.183,-0.082,-1,400.000,-1,800.000,-1,325.000,375.000,300.000,375.000,-1,-1,-1,-1,875.000,-1,-1,-1,2,0,2,1,2,0,1,0,1,2,2,2,2,0,2,2,2
26,5983.466,5146.801,348.564,-160.616,-0.942634,0.331657,-0.037999,-0.332734,-0.942645,0.026609,-0.026994,0.037726,0.998923,0,0.89702,-0.04196,53.821,-0.084,-1,400.000,-1,775.000,-1,325.000,375.000,300.000,375.000,-1,-1,-1,-1,850.000,-1,-1,-1,2,0,2,1,2,0,1,0,1,2,2,2,2,0,2,2,2
27,5928.186,5127.291,343.867,-160.565,-0.941651,0.332319,-0.053464,-0.334315,-0.941851,0.033910,-0.039086,0.049805,0.997994,0,0.97702,0.02547,58.621,0.051,-1,375.000,-1,650.000,-1,300.000,350.000,300.000,275.000,-1,-1,-1,-1,775.000,-1,-1,-1,2,0,2,1,2,0,1,0,1,2,2,2,2,0,2,2,2
28,5872.036,5107.435,337.680,-160.533,-0.940134,0.332508,-0.074739,-0.336269,-0.940701,0.044775,-0.055420,0.067227,0.996197,0,0.99258,0.01611,59.555,0.032,-1,350.000,-1,525.000,-1,275.000,300.000,325.000,225.000,-1,-1,-1,-1,700.000,1000.000,-1,-1,2,0,2,1,2,0,1,0,0,2,2,2,2,0,1,2,2
29,5820.500,5088.934,332.448,-160.261,-0.937192,0.336641,-0.091351,-0.342124,-0.938181,0.052605,-0.067995,0.080555,0.994428,0,0.91258,0.13611,54.755,0.272,-1,325.000,-1,450.000,-1,250.000,275.000,350.000,200.000,-1,-1,-1,-1,625.000,825.000,-1,-1,2,0,2,1,2,0,1,0,0,2,2,2,2,0,1,2,2
30,5773.560,5071.839,328.041,-159.997,-0.934478,0.340687,-0.103359,-0.347592,-0.935857,0.057888,-0.077008,0.090022,0.992958,0,0.83258,0.13213,49.955,0.264,-1,300.000,-1,375.000,-1,250.000,250.000,350.000,175.000,-1,-1,-1,-1,575.000,700.000,-1,-1,2,0,2,1,2,0,1,0,0,2,2,2,2,0,1,2,2
31,5731.196,5056.207,324.555,-159.753,-0.932091,0.344432,-0.112129,-0.352484,-0.933778,0.061760,-0.083431,0.097089,0.991773,0,0.75258,0.12176,45.155,0.244,-1,300.000,-1,350.000,-1,225.000,225.000,375.000,225.000,-1,-1,-1,-1,550.000,600.000,-1,-1,2,0,2,1,2,0,1,0,1,2,2,2,2,0,1,2,2
32,5693.390,5042.090,321.768,-159.529,-0.930032,0.347908,-0.118321,-0.356796,-0.931978,0.064137,-0.087959,0.101866,0.990902,0,0.67258,0.11187,40.355,0.224,-1,275.000,-1,300.000,-1,225.000,200.000,375.000,-1,-1,-1,-1,-1,550.000,525.000,-1,-1,2,0,2,1,2,0,1,0,2,2,2,2,2,0,1,2,2
33,5660.126,5029.534,319.600,-159.324,-0.928270,0.351131,-0.122564,-0.360588,-0.930427,0.065439,-0.091059,0.104940,0.990301,0,0.59258,0.10261,35.555,0.205,-1,275.000,975.000,275.000,-1,225.000,200.000,375.000,-1,-1,-1,-1,-1,525.000,475.000,-1,1000.000,2,0,0,1,2,0,1,0,2,2,2,2,2,0,1,2,1
34,5631.388,5018.579,317.947,-159.136,-0.926770,0.354119,-0.125289,-0.363922,-0.929092,0.065950,-0.093051,0.106716,0.989926,0,0.51258,0.09411,30.755,0.188,-1,275.000,950.000,275.000,-1,225.000,175.000,375.000,-1,-1,-1,-1,-1,525.000,425.000,1000.000,925.000,2,0,0,1,2,0,0,0,2,2,2,2,2,0,1,0,1
35,5607.164,5009.262,316.721,-158.963,-0.925490,0.356890,-0.126881,-0.366869,-0.927934,0.065916,-0.094213,0.107553,0.989725,0,0.43258,0.08649,25.955,0.173,-1,275.000,925.000,250.000,-1,200.000,175.000,375.000,-1,-1,-1,-1,-1,525.000,400.000,950.000,850.000,2,0,0,1,2,0,0,0,2,2,2,2,2,0,1,0,1
36,5587.440,5001.613,315.845,-158.803,-0.924383,0.359467,-0.127668,-0.369504,-0.926915,0.065540,-0.094778,0.107758,0.989649,0,0.35258,0.07986,21.155,0.160,-1,275.000,900.000,250.000,-1,200.000,175.000,375.000,-1,-1,-1,-1,-1,500.000,375.000,925.000,800.000,2,0,0,1,2,0,0,0,2,2,2,2,2,0,1,0,1
37,5572.207,4995.660,315.256,-158.655,-0.923407,0.361877,-0.127924,-0.371895,-0.925997,0.064987,-0.094940,0.107584,0.989653,0,0.27258,0.07430,16.355,0.149,-1,275.000,875.000,225.000,-1,200.000,175.000,375.000,-1,-1,-1,-1,-1,500.000,350.000,925.000,750.000,2,0,0,1,2,0,0,0,2,2,2,2,2,0,1,0,1
38,5552.491,4987.991,314.372,-158.746,-0.923910,0.360397,-0.128467,-0.370470,-0.926568,0.064993,-0.095610,0.107640,0.989582,0,0.35258,-0.04570,21.155,-0.091,-1,275.000,875.000,225.000,-1,200.000,175.000,375.000,-1,-1,-1,-1,-1,500.000,350.000,900.000,725.000,2,0,0,1,2,0,0,0,2,2,2,2,2,0,1,0,1
39,5528.248,4978.723,313.193,-159.077,-0.925881,0.355022,-0.129245,-0.365218,-0.928612,0.065542,-0.096750,0.107887,0.989444,0,0.43258,-0.16570,25.955,-0.331,-1,275.000,850.000,200.000,-1,200.000,175.000,375.000,-1,-1,-1,-1,-1,500.000,325.000,850.000,700.000,2,0,0,1,2,0,0,0,2,2,2,2,2,0,1,0,1
40,5499.412,4968.027,311.710,-159.649,-0.929253,0.345727,-0.130236,-0.356114,-0.932062,0.066653,-0.098344,0.108317,0.989240,0,0.51258,-0.28570,30.755,-0.571,-1,275.000,800.000,200.000,-1,200.000,175.000,400.000,-1,-1,-1,-1,-1,475.000,300.000,800.000,700.000,2,0,0,1,2,0,0,0,2,2,2,2,2,0,1,0,1
41,5465.906,4956.128,309.907,-160.449,-0.933848,0.332651,-0.131420,-0.343298,-0.936737,0.068344,-0.100372,0.108939,0.988968,0,0.59258,-0.40020,35.555,-0.800,-1,275.000,750.000,175.000,-1,200.000,175.000,400.000,-1,-1,-1,-1,-1,450.000,275.000,750.000,675.000,2,0,0,0,2,0,0,0,2,2,2,2,2,0,1,0,1
42,5427.689,4943.166,307.972,-161.263,-0.938387,0.319305,-0.132188,-0.330142,-0.941349,0.069779,-0.102154,0.109120,0.988766,0,0.67258,-0.40695,40.355,-0.814,-1,275.000,725.000,175.000,-1,200.000,175.000,400.000,-1,-1,-1,-1,-1,425.000,275.000,675.000,650.000,2,0,0,0,2,0,0,0,2,2,2,2,2,0,0,0,1
43,-2295.561,5575.203,224.558,-68.515,0.431609,0.901297,-0.037112,-0.784543,0.354757,-0.508566,-0.445203,0.248618,0.860223,1,0.00000,0.00000,45.155,-0.830,0.000,575.000,-1,825.000,-1,550.000,675.000,0.000,100.000,-1,0.000,0.000,0.000,825.000,-1,0.000,-1,1,1,2,1,2,1,1,0,1,2,0,0,0,1,2,1,2
44,979.969,-4266.317,295.583,-145.058,-0.819970,0.572375,0.006016,-0.572135,-0.819211,-0.039422,-0.017636,-0.035767,0.999205,1,0.08000,-0.01222,4.800,-0.024,-1,425.000,-1,425.000,-1,350.000,350.000,275.000,275.000,-1,-1,-1,-1,850.000,-1,-1,-1,2,0,2,0,2,0,0,0,0,2,2,2,2,0,2,2,2
45,972.097,-4271.812,295.399,-145.083,-0.820215,0.572029,0.005423,-0.571761,-0.819454,-0.039810,-0.018328,-0.035753,0.999193,0,0.16000,-0.01210,9.600,-0.024,-1,425.000,-1,425.000,-1,350.000,350.000,275.000,275.000,-1,-1,-1,-1,850.000,-1,-1,-1,2,0,2,0,2,0,0,0,0,2,2,2,2,0,2,2,2
46,960.286,-4280.049,295.126,-145.106,-0.820457,0.571690,0.004571,-0.571380,-0.819690,-0.040401,-0.019350,-0.035759,0.999173,0,0.24000,-0.01187,14.400,-0.024,-1,425.000,-1,425.000,-1,350.000,350.000,275.000,275.000,-1,-1,-1,-1,850.000,-1,-1,-1,2,0,2,0,2,0,0,0,0,2,2,2,2,0,2,2,2
47,944.533,-4291.027,294.807,-145.129,-0.820694,0.571356,0.003702,-0.570999,-0.819913,-0.041264,-0.020541,-0.035979,0.999141,0,0.32000,-0.01150,19.200,-0.023,-1,425.000,-1,425.000,-1,350.000,350.000,275.000,275.000,-1,-1,-1,-1,825.000,-1,-1,-1,2,0,2,0,2,0,0,0,0,2,2,2,2,0,2,2,2
48,924.838,-4304.741,294.389,-145.151,-0.820920,0.571037,0.002611,-0.570617,-0.820124,-0.042335,-0.022034,-0.036243,0.999100,0,0.40000,-0.01097,24.000,-0.022,-1,425.000,-1,425.000,-1,350.000,350.000,275.000,275.000,-1,-1,-1,-1,825.000,-1,-1,-1,2,0,2,0,2,0,0,0,0,2,2,2,2,0,2,2,2
49,901.197,-4321.189,293.856,-145.172,-0.821132,0.570737,0.001292,-0.570240,-0.820320,-0.043609,-0.023829,-0.036545,0.999048,0,0.48000,-0.01026,28.800,-0.021,-1,425.000,-1,425.000,-1,350.000,350.000,275.000,275.000,-1,-1,-1,-1,825.000,-1,-1,-1,2,0,2,0,2,0,0,0,0,2,2,2,2,0,2,2,2
50,873.609,-4340.370,293.191,-145.190,-0.821324,0.570463,-0.000257,-0.569873,-0.820495,-0.045079,-0.025927,-0.036878,0.998983,0,0.56000,-0.00932,33.600,-0.019,-1,425.000,-1,425.000,-1,350.000,350.000,275.000,275.000,-1,-1,-1,-1,825.000,-1,-1,-1,2,0,2,0,2,0,0,0,0,2,2,2,2,0,2,2,2
51,842.075,-4362.282,292.282,-145.207,-0.821483,0.570230,-0.002015,-0.569542,-0.820657,-0.046305,-0.028058,-0.036891,0.998925,0,0.64000,-0.00813,38.400,-0.016,-1,425.000,-1,450.000,-1,325.000,350.000,275.000,275.000,-1,-1,-1,-1,800.000,-1,-1,-1,2,0,2,0,2,0,0,0,0,2,2,2,2,0,2,2,2
52,806.592,-4386.925,291.114,-145.220,-0.821603,0.570046,-0.003988,-0.569257,-0.820797,-0.047313,-0.030244,-0.036602,0.998872,0,0.72000,-0.00662,43.200,-0.013,-1,425.000,-1,450.000,-1,325.000,350.000,275.000,275.000,-1,-1,-1,-1,800.000,-1,-1,-1,2,0,2,0,2,0,0,0,0,2,2,2,2,0,2,2,2
53,767.163,-4414.299,289.720,-145.229,-0.821678,0.569918,-0.006204,-0.569015,-0.820903,-0.048370,-0.032660,-0.036214,0.998810,0,0.80000,-0.00475,48.000,-0.009,-1,400.000,-1,450.000,-1,350.000,350.000,275.000,275.000,-1,-1,-1,-1,800.000,-1,-1,-1,2,0,2,0,2,0,0,0,0,2,2,2,2,0,2,2,2
54,723.788,-4444.407,287.943,-145.234,-0.821685,0.569867,-0.009247,-0.568825,-0.820981,-0.049285,-0.035677,-0.035237,0.998742,0,0.88000,-0.00246,52.800,-0.005,-1,400.000,-1,450.000,-1,350.000,350.000,275.000,275.000,-1,-1,-1,-1,775.000,-1,-1,-1,2,0,2,0,2,0,0,0,0,2,2,2,2,0,2,2,2
55,684.468,-4471.938,285.886,-144.999,-0.819250,0.573277,-0.013525,-0.572073,-0.818701,-0.049608,-0.039512,-0.032904,0.998677,0,0.80000,0.11754,48.000,0.235,-1,400.000,-1,450.000,-1,350.000,350.000,275.000,275.000,-1,-1,-1,-1,775.000,-1,-1,-1,2,0,2,0,2,0,0,0,0,2,2,2,2,0,2,2,2
56,648.006,-4497.922,283.885,-144.524,-0.814367,0.580089,-0.017430,-0.578745,-0.813980,-0.049915,-0.043142,-0.030562,0.998601,0,0.74622,0.23754,44.773,0.475,-1,400.000,-1,450.000,-1,350.000,350.000,275.000,275.000,-1,-1,-1,-1,750.000,-1,-1,-1,2,0,2,0,2,0,0,0,0,2,2,2,2,0,2,2,2
57,611.955,-4524.298,281.926,-143.809,-0.806939,0.590254,-0.021216,-0.588810,-0.806747,-0.049618,-0.046403,-0.027546,0.998543,0,0.74448,0.35754,44.669,0.715,-1,400.000,-1,425.000,-1,325.000,350.000,275.000,275.000,-1,-1,-1,-1,725.000,1000.000,-1,-1,2,0,2,0,2,0,0,0,0,2,2,2,2,0,0,2,2
58,576.430,-4551.208,280.018,-142.854,-0.796839,0.603678,-0.024915,-0.602182,-0.796874,-0.048671,-0.049235,-0.023779,0.998504,0,0.74277,0.47754,44.566,0.955,-1,400.000,-1,425.000,-1,325.000,350.000,300.000,275.000,-1,-1,-1,875.000,725.000,975.000,-1,-1,2,0,2,0,2,0,0,0,0,2,2,2,1,0,0,2,2
59,541.551,-4578.793,277.908,-141.659,-0.783938,0.620215,-0.027844,-0.618701,-0.784170,-0.047807,-0.051485,-0.020251,0.998468,0,0.74116,0.59754,44.469,1.195,-1,400.000,-1,425.000,-1,325.000,350.000,300.000,275.000,-1,-1,-1,825.000,725.000,950.000,-1,-1,2,0,2,0,2,0,0,0,0,2,2,2,1,0,0,2,2
60,507.440,-4607.188,275.671,-140.224,-0.768020,0.639702,-0.030429,-0.638196,-0.768443,-0.046909,-0.053391,-0.016607,0.998436,0,0.73971,0.71754,44.383,1.435,-1,375.000,-1,425.000,-1,325.000,350.000,300.000,300.000,-1,-1,-1,825.000,700.000,925.000,-1,-1,2,0,2,0,2,0,0,0,0,2,2,2,1,0,0,2,2
61,474.163,-4636.447,273.366,-138.675,-0.750297,0.660276,-0.033019,-0.658802,-0.750916,-0.045876,-0.055085,-0.012667,0.998401,0,0.73851,0.77438,44.311,1.549,-1,375.000,-1,425.000,-1,325.000,350.000,300.000,300.000,-1,-1,-1,825.000,700.000,875.000,-1,-1,2,0,2,0,2,0,0,0,0,2,2,2,1,0,0,2,2
62,441.727,-4666.568,271.029,-137.118,-0.731913,0.680467,-0.035615,-0.679041,-0.732728,-0.044869,-0.056628,-0.008656,0.998358,0,0.73774,0.77857,44.264,1.557,-1,375.000,-1,425.000,-1,325.000,325.000,300.000,300.000,-1,-1,-1,825.000,675.000,850.000,-1,-1,2,0,2,0,2,0,0,0,0,2,2,2,1,0,0,2,2
63,410.136,-4697.555,268.790,-135.552,-0.712873,0.700255,-0.038153,-0.698857,-0.713875,-0.044512,-0.058407,-0.005068,0.998280,0,0.73751,0.78302,44.251,1.566,-1,375.000,-1,425.000,-1,325.000,325.000,300.000,300.000,-1,-1,-1,850.000,675.000,825.000,-1,-1,2,0,2,0,2,0,0,0,0,2,2,2,1,0,0,2,2
64,379.397,-4729.412,266.497,-133.976,-0.693170,0.719626,-0.040678,-0.718275,-0.694361,-0.044082,-0.059968,-0.001338,0.998199,0,0.73782,0.78773,44.269,1.575,-1,375.000,-1,400.000,-1,300.000,325.000,300.000,300.000,-1,-1,-1,850.000,675.000,800.000,-1,-1,2,0,2,0,2,0,0,0,0,2,2,2,1,0,0,2,2
65,349.517,-4762.144,264.146,-132.391,-0.672804,0.738559,-0.043198,-0.737277,-0.674184,-0.043574,-0.061305,0.002532,0.998116,0,0.73866,0.79269,44.319,1.585,-1,375.000,-1,400.000,-1,300.000,325.000,300.000,300.000,-1,-1,-1,875.000,650.000,775.000,-1,-1,2,0,2,0,2,0,0,0,0,2,2,2,1,0,0,2,2
66,320.507,-4795.757,261.640,-130.795,-0.651779,0.757035,-0.045628,-0.755810,-0.653345,-0.043482,-0.062728,0.006146,0.998012,0,0.74001,0.79788,44.401,1.596,-1,350.000,-1,400.000,-1,300.000,325.000,300.000,300.000,-1,-1,-1,900.000,650.000,750.000,-1,-1,2,0,2,0,2,0,0,0,0,2,2,2,1,0,0,2,2
67,290.419,-4832.336,258.733,-129.439,-0.633510,0.772255,-0.047821,-0.771182,-0.635229,-0.041976,-0.062793,0.010286,0.997974,0,0.78939,0.67788,47.364,1.356,-1,350.000,-1,375.000,-1,300.000,300.000,300.000,300.000,-1,-1,-1,950.000,625.000,750.000,-1,-1,2,0,2,0,2,0,0,0,0,2,2,2,1,0,0,2,2
68,260.951,-4869.617,256.179,-128.324,-0.618365,0.784457,-0.047460,-0.783560,-0.620054,-0.039588,-0.060482,0.012708,0.998088,0,0.79202,0.55788,47.521,1.116,-1,350.000,-1,375.000,-1,300.000,300.000,300.000,300.000,-1,-1,-1,975.000,650.000,750.000,-1,-1,2,0,2,0,2,0,0,0,0,2,2,2,1,0,0,2,2
69,232.102,-4907.618,253.626,-127.206,-0.602967,0.796381,-0.047001,-0.795659,-0.604609,-0.037080,-0.057947,0.015039,0.998206,0,0.79518,0.55904,47.711,1.118,-1,350.000,-1,375.000,-1,300.000,300.000,300.000,300.000,-1,-1,-1,-1,650.000,750.000,-1,-1,2,0,2,0,2,0,0,0,0,2,2,2,2,0,0,2,2
70,202.943,-4947.884,250.991,-125.910,-0.584849,0.809813,-0.046411,-0.809274,-0.586427,-0.034323,-0.055011,0.017485,0.998333,0,0.82859,0.64770,49.716,1.295,-1,375.000,-1,375.000,-1,300.000,300.000,300.000,325.000,-1,-1,-1,-1,650.000,750.000,-1,-1,2,0,2,0,2,0,0,0,0,2,2,2,2,0,0,2,2
71,174.705,-4988.799,248.372,-124.613,-0.566420,0.822846,-0.045744,-0.822485,-0.567919,-0.031427,-0.051838,0.019823,0.998459,0,0.82857,0.64862,49.714,1.297,-1,375.000,-1,375.000,-1,300.000,300.000,300.000,325.000,-1,-1,-1,-1,650.000,750.000,-1,-1,2,0,2,0,2,0,0,0,0,2,2,2,2,0,0,2,2
72,147.402,-5030.342,245.770,-123.314,-0.547689,0.835471,-0.045011,-0.835279,-0.549093,-0.028387,-0.048432,0.022050,0.998583,0,0.82853,0.64952,49.712,1.299,-1,375.000,-1,400.000,-1,300.000,300.000,300.000,325.000,-1,-1,700.000,-1,675.000,750.000,-1,-1,2,0,2,0,2,0,0,0,0,2,2,0,2,0,0,2,2
73,121.052,-5072.491,243.389,-122.013,-0.528602,0.847662,-0.045280,-0.847652,-0.529948,-0.025320,-0.045458,0.024997,0.998653,0,0.82848,0.65040,49.709,1.301,-1,375.000,-1,400.000,-1,300.000,300.000,300.000,325.000,-1,-1,300.000,-1,675.000,750.000,-1,-1,2,0,2,0,2,0,0,0,0,2,2,0,2,0,0,2,2
74,95.668,-5115.227,241.125,-120.711,-0.509205,0.859415,-0.046006,-0.859591,-0.510499,-0.022218,-0.042581,0.028233,0.998694,0,0.82843,0.65125,49.706,1.302,-1,375.000,-1,400.000,-1,300.000,300.000,300.000,325.000,-1,800.000,225.000,-1,675.000,750.000,-1,-1,2,0,2,0,2,0,0,0,0,2,0,0,2,0,0,2,2
75,71.265,-5158.525,238.911,-119.407,-0.489531,0.870726,-0.046864,-0.871087,-0.490759,-0.019061,-0.039596,0.031492,0.998719,0,0.82837,0.65207,49.702,1.304,-1,375.000,-1,400.000,-1,300.000,300.000,325.000,350.000,-1,475.000,250.000,-1,700.000,750.000,-1,-1,2,0,2,0,2,0,0,0,0,2,0,0,2,0,0,2,2
76,49.949,-5198.045,236.992,-118.342,-0.473299,0.879601,-0.047849,-0.880134,-0.474456,-0.015987,-0.036764,0.034547,0.998727,0,0.74837,0.53207,44.902,1.064,-1,375.000,-1,375.000,-1,300.000,300.000,325.000,325.000,-1,375.000,250.000,-1,700.000,750.000,-1,-1,2,0,2,0,2,0,0,0,0,2,0,0,2,0,0,2,2
77,31.422,-5233.611,235.274,-117.518,-0.460618,0.886245,-0.048994,-0.886933,-0.461709,-0.013258,-0.034371,0.037348,0.998711,0,0.66837,0.41207,40.102,0.824,-1,375.000,-1,375.000,-1,300.000,300.000,325.000,325.000,-1,350.000,250.000,-1,700.000,725.000,-1,-1,2,0,2,0,2,0,0,0,0,2,0,0,2,0,0,2,2
78,13.818,-5268.263,233.597,-116.934,-0.451575,0.890812,-0.050343,-0.891649,-0.452601,-0.010654,-0.032276,0.040077,0.998675,0,0.64779,0.29207,38.867,0.584,-1,375.000,-1,375.000,-1,300.000,300.000,325.000,325.000,-1,325.000,250.000,-1,725.000,725.000,-1,-1,2,0,2,0,2,0,0,0,0,2,0,0,2,0,0,2,2
79,-4.083,-5304.029,231.889,-116.590,-0.446238,0.893415,-0.051787,-0.894402,-0.447193,-0.007979,-0.030287,0.042758,0.998626,0,0.66660,0.17207,39.996,0.344,-1,375.000,-1,375.000,-1,300.000,300.000,325.000,325.000,-1,325.000,275.000,-1,750.000,725.000,-1,-1,2,0,2,0,2,0,0,0,0,2,0,0,2,0,0,2,2
80,-21.948,-5339.883,230.572,-116.486,-0.444617,0.894180,-0.052514,-0.895233,-0.445545,-0.006905,-0.029572,0.043943,0.998596,0,0.66763,0.05207,40.058,0.104,-1,375.000,-1,375.000,-1,300.000,300.000,325.000,325.000,-1,350.000,300.000,-1,750.000,725.000,-1,-1,2,0,2,0,2,0,0,0,0,2,0,0,2,0,0,2,2
81,-39.917,-5375.735,229.439,-116.622,-0.446728,0.893104,-0.052912,-0.894182,-0.447656,-0.006553,-0.029539,0.044386,0.998578,0,0.66838,-0.06793,40.103,-0.136,-1,375.000,-1,375.000,-1,300.000,300.000,325.000,325.000,-1,400.000,350.000,-1,750.000,725.000,-1,-1,2,0,2,0,2,0,0,0,0,2,0,0,2,0,0,2,2
82,-58.134,-5411.490,228.336,-116.998,-0.452575,0.890138,-0.053201,-0.891235,-0.453500,-0.006148,-0.029599,0.044632,0.998565,0,0.66880,-0.18793,40.128,-0.376,-1,375.000,-1,375.000,-1,300.000,300.000,325.000,325.000,-1,450.000,375.000,-1,750.000,725.000,-1,-1,2,0,2,0,2,0,0,0,0,2,0,0,2,0,0,2,2
83,-76.734,-5447.049,227.161,-117.613,-0.462149,0.885227,-0.052833,-0.886315,-0.463049,-0.005571,-0.029395,0.044252,0.998588,0,0.66884,-0.30793,40.131,-0.616,-1,375.000,-1,375.000,-1,300.000,300.000,325.000,325.000,-1,475.000,400.000,-1,775.000,725.000,-1,-1,2,0,2,0,2,0,0,0,0,2,0,0,2,0,0,2,2
84,-95.853,-5482.307,225.982,-118.469,-0.475349,0.878229,-0.052504,-0.879307,-0.476229,-0.004962,-0.029361,0.043809,0.998608,0,0.66846,-0.42793,40.108,-0.856,-1,375.000,-1,375.000,-1,300.000,300.000,325.000,325.000,-1,525.000,450.000,-1,775.000,725.000,-1,-1,2,0,2,0,2,0,0,0,0,2,0,0,2,0,0,2,2
85,-115.507,-5517.211,224.802,-119.383,-0.489318,0.870542,-0.052197,-0.871611,-0.490178,-0.004326,-0.029351,0.043379,0.998627,0,0.66762,-0.45670,40.057,-0.913,-1,375.000,-1,375.000,-1,300.000,300.000,325.000,325.000,-1,575.000,475.000,-1,775.000,725.000,-1,-1,2,0,2,0,2,0,0,0,0,2,0,0,2,0,0,2,2
86,-135.675,-5551.741,223.623,-120.287,-0.503026,0.862711,-0.051904,-0.863774,-0.503867,-0.003667,-0.029316,0.042988,0.998645,0,0.66646,-0.45221,39.987,-0.904,-1,375.000,-1,375.000,-1,300.000,300.000,325.000,325.000,-1,600.000,525.000,-1,775.000,725.000,-1,-1,2,0,2,0,2,0,0,0,0,2,0,0,2,0,0,2,2
87,-156.336,-5585.879,222.449,-121.183,-0.516485,0.854738,-0.051624,-0.855796,-0.517305,-0.002984,-0.029256,0.042639,0.998662,0,0.66505,-0.44804,39.903,-0.896,-1,375.000,-1,375.000,-1,300.000,325.000,325.000,325.000,-1,650.000,550.000,-1,800.000,750.000,-1,-1,2,0,2,0,2,0,0,0,0,2,0,0,2,0,0,2,2
88,-177.473,-5619.607,221.279,-122.075,-0.529758,0.846592,-0.051360,-0.847647,-0.530556,-0.002278,-0.029178,0.042328,0.998678,0,0.66341,-0.44602,39.805,-0.892,-1,375.000,-1,375.000,-1,300.000,325.000,325.000,325.000,-1,700.000,575.000,-1,800.000,750.000,-1,-1,2,0,2,0,2,0,0,0,0,2,0,0,2,0,0,2,2
89,-199.071,-5652.911,220.115,-122.964,-0.542850,0.838273,-0.051109,-0.839326,-0.543626,-0.001549,-0.029082,0.042056,0.998692,0,0.66157,-0.44424,39.694,-0.888,-1,375.000,-1,400.000,-1,300.000,325.000,325.000,325.000,-1,725.000,625.000,-1,800.000,750.000,-1,-1,2,0,2,0,2,0,0,0,0,2,0,0,2,0,0,2,2
90,-221.113,-5685.776,218.958,-123.849,-0.555766,0.829781,-0.050872,-0.830834,-0.556520,-0.000795,-0.028971,0.041824,0.998705,0,0.65953,-0.44270,39.572,-0.885,-1,400.000,-1,400.000,-1,300.000,325.000,325.000,325.000,-1,775.000,650.000,-1,800.000,750.000,-1,-1,2,0,2,0,2,0,0,0,0,2,0,0,2,0,0,2,2
91,-243.584,-5718.189,217.847,-124.732,-0.568502,0.821109,-0.050843,-0.822172,-0.569240,-0.000032,-0.028968,0.041784,0.998707,0,0.65733,-0.44140,39.440,-0.883,-1,400.000,-1,400.000,-1,325.000,325.000,325.000,325.000,-1,825.000,675.000,-1,825.000,775.000,-1,-1,2,0,2,0,2,0,0,0,0,2,0,0,2,0,0,2,2
92,-266.468,-5750.138,216.752,-125.613,-0.581071,0.812262,-0.050859,-0.813337,-0.581793,0.000760,-0.028972,0.041808,0.998706,0,0.65499,-0.44035,39.300,-0.881,-1,400.000,-1,400.000,-1,325.000,325.000,325.000,325.000,-1,875.000,725.000,-1,825.000,775.000,-1,-1,2,0,2,0,2,0,0,0,0,2,0,0,2,0,0,2,2
93,-289.753,-5781.615,215.667,-126.492,-0.593480,0.803238,-0.050891,-0.804327,-0.594185,0.001583,-0.028968,0.041873,0.998703,0,0.65255,-0.43954,39.153,-0.879,-1,400.000,-1,400.000,-1,325.000,325.000,325.000,325.000,-1,900.000,750.000,-1,825.000,775.000,-1,-1,2,0,2,0,2,0,0,0,0,2,0,0,2,0,0,2,2
94,-313.425,-5812.611,214.566,-127.370,-0.605731,0.794040,-0.050902,-0.795139,-0.606423,0.002293,-0.029048,0.041864,0.998701,0,0.65002,-0.43897,39.001,-0.878,-1,400.000,-1,400.000,-1,325.000,325.000,325.000,325.000,-1,950.000,800.000,-1,825.000,775.000,-1,-1,2,0,2,0,2,0,0,0,0,2,0,0,2,0,0,2,2
95,-337.473,-5843.119,213.233,-128.247,-0.617815,0.784689,-0.050681,-0.785758,-0.618531,0.001958,-0.029812,0.041033,0.998713,0,0.64745,-0.43865,38.847,-0.877,-1,400.000,-1,400.000,-1,325.000,325.000,325.000,325.000,-1,-1,825.000,-1,825.000,775.000,-1,-1,2,0,2,0,2,0,0,0,0,2,2,0,2,0,0,2,2
96,-361.888,-5873.135,211.711,-129.124,-0.629746,0.775162,-0.050428,-0.776190,-0.630498,0.001266,-0.030814,0.039939,0.998727,0,0.64485,-0.43857,38.691,-0.877,-1,400.000,-1,400.000,-1,325.000,325.000,325.000,325.000,-1,-1,900.000,-1,825.000,775.000,-1,-1,2,0,2,0,2,0,0,0,0,2,2,0,2,0,0,2,2
97,-386.660,-5902.654,210.199,-130.002,-0.641534,0.765447,-0.050243,-0.766435,-0.642321,0.000625,-0.031794,0.038909,0.998737,0,0.64226,-0.43873,38.536,-0.877,-1,400.000,-1,400.000,-1,325.000,325.000,325.000,325.000,-1,-1,975.000,-1,825.000,775.000,-1,-1,2,0,2,0,2,0,0,0,0,2,2,0,2,0,0,2,2
98,-411.781,-5931.675,208.704,-130.880,-0.653183,0.755539,-0.050130,-0.756493,-0.654002,0.000070,-0.032732,0.037969,0.998743,0,0.63972,-0.43913,38.383,-0.878,-1,400.000,-1,400.000,-1,325.000,325.000,325.000,325.000,-1,-1,-1,-1,825.000,775.000,-1,-1,2,0,2,0,2,0,0,0,0,2,2,2,2,0,0,2,2
99,-437.245,-5960.195,207.226,-131.759,-0.664694,0.745435,-0.050086,-0.746359,-0.665544,-0.000398,-0.033631,0.037117,0.998745,0,0.63723,-0.43976,38.234,-0.880,-1,400.000,-1,400.000,-1,325.000,325.000,325.000,325.000,-1,-1,-1,-1,825.000,775.000,-1,-1,2,0,2,0,2,0,0,0,0,2,2,2,2,0,0,2,2
100,-463.048,-5988.215,205.787,-132.641,-0.676069,0.735134,-0.050092,-0.736028,-0.676951,-0.000874,-0.034552,0.036278,0.998744,0,0.63484,-0.44062,38.091,-0.881,-1,400.000,-1,400.000,-1,325.000,325.000,325.000,325.000,-1,-1,-1,-1,800.000,775.000,-1,-1,2,0,2,0,2,0,0,0,0,2,2,2,2,0,0,2,2
101,-489.186,-6015.735,204.397,-133.524,-0.687310,0.724632,-0.050143,-0.725495,-0.688226,-0.001407,-0.035529,0.035411,0.998741,0,0.63257,-0.44170,37.954,-0.883,-1,400.000,-1,400.000,-1,325.000,325.000,325.000,325.000,-1,-1,-1,-1,800.000,775.000,-1,-1,2,0,2,0,2,0,0,0,0,2,2,2,2,0,0,2,2
102,-515.657,-6042.756,203.025,-134.410,-0.698419,0.713923,-0.050258,-0.714759,-0.699368,-0.001858,-0.036475,0.034625,0.998735,0,0.63044,-0.44301,37.826,-0.886,-1,400.000,-1,400.000,-1,325.000,325.000,325.000,325.000,-1,-1,-1,-1,800.000,775.000,-1,-1,2,0,2,0,2,0,0,0,0,2,2,2,2,0,0,2,2
103,-542.460,-6069.280,201.671,-135.299,-0.709397,0.703002,-0.050436,-0.703816,-0.710378,-0.002224,-0.037392,0.033920,0.998725,0,0.62847,-0.44453,37.708,-0.889,-1,400.000,-1,400.000,-1,325.000,325.000,325.000,325.000,-1,-1,-1,-1,800.000,775.000,-1,-1,2,0,2,0,2,0,0,0,0,2,2,2,2,0,0,2,2
104,-569.595,-6095.309,200.335,-136.192,-0.720246,0.691866,-0.050672,-0.692662,-0.721258,-0.002506,-0.038281,0.033294,0.998712,0,0.62668,-0.44626,37.601,-0.893,-1,400.000,-1,400.000,-1,325.000,325.000,325.000,325.000,-1,-1,-1,-1,800.000,775.000,-1,-1,2,0,2,0,2,0,0,0,0,2,2,2,2,0,0,2,2
105,-597.064,-6120.845,198.952,-137.088,-0.730948,0.680504,-0.051268,-0.681298,-0.732001,-0.002655,-0.039335,0.032988,0.998681,0,0.62509,-0.44820,37.505,-0.896,-1,400.000,-1,400.000,-1,325.000,325.000,325.000,325.000,-1,-1,-1,-1,800.000,775.000,-1,-1,2,0,2,0,2,0,0,0,0,2,2,2,2,0,0,2,2
106,-624.869,-6145.891,197.545,-137.989,-0.741510,0.668916,-0.052109,-0.669719,-0.742609,-0.002676,-0.040486,0.032914,0.998638,0,0.62371,-0.45034,37.422,-0.901,-1,400.000,-1,400.000,-1,325.000,325.000,325.000,325.000,-1,-1,-1,-1,800.000,775.000,-1,-1,2,0,2,0,2,0,0,0,0,2,2,2,2,0,0,2,2
107,-656.565,-6173.786,195.970,-138.649,-0.749122,0.660304,-0.053056,-0.661129,-0.750268,-0.002604,-0.041526,0.033126,0.998588,0,0.70371,-0.33034,42.222,-0.661,-1,400.000,-1,400.000,-1,325.000,325.000,325.000,325.000,-1,-1,-1,-1,800.000,750.000,-1,-1,2,0,2,0,2,0,0,0,0,2,2,2,2,0,0,2,2
108,-692.091,-6204.593,194.235,-139.070,-0.753890,0.654766,-0.054142,-0.655626,-0.755082,-0.002441,-0.042480,0.033657,0.998530,0,0.78371,-0.21034,47.022,-0.421,-1,400.000,-1,400.000,-1,325.000,325.000,325.000,325.000,-1,-1,-1,-1,800.000,750.000,-1,-1,2,0,2,0,2,0,0,0,0,2,2,2,2,0,0,2,2
109,-731.350,-6238.420,192.184,-139.251,-0.755848,0.652352,-0.055957,-0.653286,-0.757109,-0.002085,-0.043725,0.034980,0.998431,0,0.86371,-0.09034,51.822,-0.181,-1,400.000,-1,400.000,-1,325.000,325.000,325.000,325.000,-1,-1,-1,-1,775.000,750.000,-1,-1,2,0,2,0,2,0,0,0,0,2,2,2,2,0,0,2,2
110,-774.207,-6275.425,189.602,-139.191,-0.755185,0.653137,-0.055752,-0.654066,-0.756435,-0.002071,-0.043526,0.034902,0.998442,0,0.94371,0.02966,56.622,0.059,-1,375.000,-1,375.000,-1,325.000,325.000,325.000,325.000,-1,-1,-1,-1,775.000,750.000,-1,-1,2,0,2,0,2,0,0,0,0,2,2,2,2,0,0,2,2
111,-816.958,-6312.729,187.048,-138.892,-0.751795,0.657084,-0.055178,-0.657997,-0.753017,-0.002107,-0.042934,0.034723,0.998474,0,0.94564,0.14966,56.738,0.299,-1,375.000,-1,375.000,-1,325.000,325.000,325.000,325.000,-1,-1,-1,-1,775.000,750.000,-1,-1,2,0,2,0,2,0,0,0,0,2,2,2,2,0,0,2,2
112,-859.407,-6350.480,184.610,-138.353,-0.745610,0.664143,-0.054589,-0.665046,-0.746799,-0.002138,-0.042187,0.034711,0.998507,0,0.94679,0.26966,56.808,0.539,-1,400.000,-1,375.000,-1,325.000,325.000,325.000,325.000,-1,-1,-1,-1,800.000,750.000,-1,-1,2,0,2,0,2,0,0,0,0,2,2,2,2,0,0,2,2
113,-901.527,-6388.733,182.289,-137.755,-0.738672,0.671903,-0.053940,-0.672795,-0.739825,-0.002153,-0.041353,0.034701,0.998542,0,0.94830,0.29908,56.898,0.598,-1,400.000,-1,375.000,-1,325.000,325.000,325.000,325.000,-1,-1,-1,-1,800.000,750.000,-1,-1,2,0,2,0,2,0,0,0,0,2,2,2,2,0,0,2,2
114,-943.328,-6427.487,180.042,-137.166,-0.731772,0.679470,-0.053204,-0.680340,-0.732893,-0.002356,-0.040593,0.034472,0.998581,0,0.95002,0.29417,57.001,0.588,-1,400.000,-1,375.000,-1,300.000,325.000,325.000,325.000,-1,-1,-1,-1,800.000,725.000,-1,-1,2,0,2,0,2,0,0,0,0,2,2,2,2,0,0,2,2
115,-984.818,-6466.738,177.849,-136.588,-0.724915,0.686845,-0.052365,-0.687677,-0.726011,-0.002865,-0.039986,0.033933,0.998624,0,0.95191,0.28915,57.114,0.578,-1,400.000,-1,375.000,-1,325.000,300.000,325.000,325.000,-1,-1,-1,-1,800.000,750.000,-1,-1,2,0,2,0,2,0,0,0,0,2,2,2,2,0,0,2,2
116,-1026.005,-6506.484,175.450,-136.020,-0.718095,0.694053,-0.051290,-0.694773,-0.719212,-0.005030,-0.040380,0.032023,0.998671,0,0.95395,0.28400,57.237,0.568,-1,400.000,-1,375.000,-1,325.000,300.000,325.000,325.000,-1,-1,-1,-1,775.000,750.000,-1,-1,2,0,2,0,2,0,0,0,0,2,2,2,2,0,0,2,2
117,-1066.897,-6546.721,173.065,-135.462,-0.711343,0.701054,-0.050149,-0.701679,-0.712461,-0.006751,-0.040462,0.030386,0.998719,0,0.95615,0.27875,57.369,0.557,-1,400.000,-1,375.000,-1,325.000,300.000,325.000,325.000,-1,-1,-1,-1,775.000,750.000,-1,-1,2,0,2,0,2,0,0,0,0,2,2,2,2,0,0,2,2
118,-1107.503,-6587.446,170.724,-134.916,-0.704665,0.707850,-0.048953,-0.708397,-0.705768,-0.008072,-0.040263,0.028990,0.998768,0,0.95850,0.27338,57.510,0.547,-1,400.000,-1,375.000,-1,325.000,300.000,325.000,325.000,-1,-1,-1,-1,775.000,750.000,-1,-1,2,0,2,0,2,0,0,0,0,2,2,2,2,0,0,2,2
119,-1147.832,-6628.657,168.486,-134.380,-0.698064,0.714446,-0.047679,-0.714920,-0.699145,-0.009276,-0.039962,0.027611,0.998820,0,0.96101,0.26790,57.660,0.536,-1,400.000,-1,375.000,-1,325.000,300.000,325.000,325.000,-1,-1,-1,-1,775.000,750.000,-1,-1,2,0,2,0,2,0,0,0,0,2,2,2,2,0,0,2,2
120,-1187.891,-6670.350,166.163,-133.855,-0.691553,0.720831,-0.046452,-0.721273,-0.692586,-0.009469,-0.038998,0.026957,0.998876,0,0.96365,0.26231,57.819,0.525,-1,400.000,-1,375.000,-1,325.000,300.000,325.000,325.000,-1,-1,-1,-1,800.000,750.000,-1,-1,2,0,2,0,2,0,0,0,0,2,2,2,2,0,0,2,2
121,-1227.690,-6712.522,163.962,-133.342,-0.685130,0.727019,-0.045164,-0.727430,-0.686115,-0.009625,-0.037985,0.026260,0.998933,0,0.96645,0.25662,57.987,0.513,-1,400.000,-1,400.000,-1,325.000,325.000,325.000,325.000,-1,-1,-1,-1,825.000,750.000,-1,-1,2,0,2,0,2,0,0,0,0,2,2,2,2,0,0,2,2
122,-1267.172,-6755.107,161.783,-132.834,-0.678698,0.733076,-0.044371,-0.733469,-0.679653,-0.009769,-0.037318,0.025914,0.998967,0,0.96786,0.25380,58.072,0.508,-1,400.000,-1,400.000,-1,325.000,325.000,325.000,325.000,-1,-1,-1,-1,850.000,775.000,-1,-1,2,0,2,0,2,0,0,0,0,2,2,2,2,0,0,2,2
123,-1306.275,-6798.040,159.691,-132.327,-0.672201,0.739072,-0.043790,-0.739453,-0.673135,-0.009934,-0.036819,0.025703,0.998991,0,0.96786,0.25380,58.072,0.508,-1,400.000,-1,400.000,-1,325.000,325.000,325.000,325.000,-1,-1,-1,-1,875.000,775.000,-1,-1,2,0,2,0,2,0,0,0,0,2,2,2,2,0,0,2,2
124,-1345.199,-6841.543,157.432,-131.820,-0.665601,0.744976,-0.044568,-0.745380,-0.666564,-0.010062,-0.037203,0.026522,0.998956,0,0.97292,0.25315,58.375,0.506,-1,400.000,-1,400.000,-1,325.000,325.000,325.000,325.000,-1,-1,-1,-1,900.000,750.000,-1,-1,2,0,2,0,2,0,0,0,0,2,2,2,2,0,0,2,2
125,-1384.037,-6885.726,155.172,-131.316,-0.658948,0.750786,-0.045906,-0.751229,-0.659963,-0.010229,-0.037976,0.027745,0.998893,0,0.98043,0.25202,58.826,0.504,-1,400.000,-1,400.000,-1,325.000,325.000,325.000,325.000,-1,-1,-1,-1,900.000,750.000,-1,-1,2,0,2,0,2,0,0,0,0,2,2,2,2,0,0,2,2
126,-1422.782,-6930.589,152.963,-130.815,-0.652298,0.756514,-0.046848,-0.756982,-0.653351,-0.010488,-0.038543,0.028622,0.998847,0,0.98796,0.25068,59.277,0.501,-1,400.000,-1,375.000,-1,325.000,325.000,350.000,325.000,-1,-1,-1,-1,900.000,750.000,-1,-1,2,0,2,0,2,0,0,0,0,2,2,2,2,0,0,2,2
127,-1461.427,-6976.131,150.678,-130.317,-0.645693,0.762166,-0.046726,-0.762627,-0.646748,-0.010849,-0.038489,0.028629,0.998849,0,0.99549,0.24912,59.729,0.498,-1,400.000,-1,375.000,-1,325.000,325.000,350.000,325.000,-1,-1,-1,-1,925.000,750.000,-1,-1,2,0,2,0,2,0,0,0,0,2,2,2,2,0,0,2,2
128,-1499.852,-7022.213,148.339,-129.822,-0.639138,0.767739,-0.045603,-0.768160,-0.640159,-0.011284,-0.037856,0.027818,0.998896,0,1.00000,0.24733,60.000,0.495,-1,400.000,-1,375.000,-1,325.000,325.000,350.000,325.000,-1,-1,-1,-1,950.000,750.000,-1,-1,2,0,2,0,2,0,0,0,0,2,2,2,2,0,1,2,2
129,-1537.880,-7068.623,146.145,-129.332,-0.632589,0.773210,-0.044464,-0.773591,-0.633577,-0.011752,-0.037258,0.026963,0.998942,0,1.00000,0.24528,60.000,0.491,-1,425.000,-1,375.000,-1,325.000,325.000,350.000,325.000,-1,-1,-1,-1,1000.000,750.000,-1,-1,2,0,2,0,2,0,0,0,0,2,2,2,2,0,1,2,2
130,-1575.514,-7115.353,144.097,-128.846,-0.626056,0.778575,-0.043311,-0.778914,-0.627011,-0.012253,-0.036696,0.026065,0.998986,0,1.00000,0.24299,60.000,0.486,-1,425.000,-1,375.000,-1,325.000,325.000,325.000,325.000,-1,-1,-1,-1,-1,725.000,-1,-1,2,0,2,0,2,0,0,0,0,2,2,2,2,2,1,2,2
131,-1612.754,-7162.397,141.635,-128.365,-0.619536,0.783871,-0.041482,-0.784047,-0.620504,-0.015646,-0.038004,0.022830,0.999017,0,1.00000,0.24042,60.000,0.481,-1,425.000,-1,375.000,-1,325.000,325.000,325.000,325.000,-1,-1,-1,-1,-1,725.000,-1,-1,2,0,2,0,2,0,0,0,0,2,2,2,2,2,1,2,2
132,-1646.833,-7205.821,139.405,-128.124,-0.616278,0.786529,-0.039676,-0.786537,-0.617248,-0.019107,-0.039518,0.019431,0.999030,0,0.92000,0.12042,55.200,0.241,-1,425.000,-1,375.000,-1,325.000,325.000,325.000,325.000,-1,-1,-1,-1,-1,700.000,-1,950.000,2,0,2,0,2,0,0,0,0,2,2,2,2,2,1,2,1
133,-1680.137,-7248.258,137.027,-128.123,-0.616315,0.786588,-0.037883,-0.786420,-0.617276,-0.022677,-0.041221,0.015816,0.999025,0,0.89907,0.00042,53.944,0.001,-1,425.000,-1,400.000,-1,325.000,325.000,325.000,325.000,-1,-1,-1,-1,-1,675.000,-1,900.000,2,0,2,0,2,0,0,0,0,2,2,2,2,2,1,2,1
134,-1713.857,-7290.859,134.678,-128.362,-0.619649,0.784047,-0.036133,-0.783693,-0.620587,-0.026395,-0.043118,0.011961,0.998998,0,0.90552,-0.11958,54.331,-0.239,-1,425.000,-1,400.000,-1,325.000,325.000,325.000,325.000,-1,-1,-1,-1,-1,650.000,-1,850.000,2,0,2,0,2,0,0,0,0,2,2,2,2,2,1,2,1
135,-1748.177,-7333.483,132.018,-128.841,-0.626237,0.778851,-0.034905,-0.778388,-0.627139,-0.028445,-0.044045,0.009357,0.998986,0,0.91206,-0.23958,54.723,-0.479,-1,425.000,-1,400.000,975.000,325.000,325.000,325.000,325.000,-1,-1,-1,-1,-1,625.000,-1,800.000,2,0,2,1,1,0,0,0,0,2,2,2,2,2,1,2,1
136,-1783.285,-7375.980,129.424,-129.561,-0.636014,0.770935,-0.033851,-0.770359,-0.636879,-0.030526,-0.045093,0.006662,0.998961,0,0.91872,-0.35958,55.123,-0.719,-1,425.000,-1,375.000,925.000,325.000,325.000,325.000,350.000,-1,-1,-1,-1,-1,575.000,-1,725.000,2,0,2,1,1,0,0,0,0,2,2,2,2,2,1,2,1
137,-1819.365,-7418.194,126.895,-130.520,-0.648877,0.760177,-0.033026,-0.759487,-0.649705,-0.032611,-0.046248,0.003923,0.998922,0,0.92553,-0.47958,55.532,-0.959,-1,425.000,-1,375.000,875.000,325.000,325.000,325.000,350.000,-1,-1,-1,-1,-1,550.000,-1,675.000,2,0,2,1,1,0,0,0,0,2,2,2,2,2,1,2,1
