timestep,x_cm,y_cm,z_cm,yaw_deg,basis_xx,basis_xy,basis_xz,basis_yx,basis_yy,basis_yz,basis_zx,basis_zy,basis_zz,teleport_flag,throttle_cmd,steering_cmd,cmd_move_cm,cmd_turn_deg,lidar_cm_0,lidar_cm_1,lidar_cm_2,lidar_cm_3,lidar_cm_4,lidar_cm_5,lidar_cm_6,lidar_cm_7,lidar_cm_8,lidar_cm_9,lidar_cm_10,lidar_cm_11,lidar_cm_12,lidar_cm_13,lidar_cm_14,lidar_cm_15,lidar_cm_16,lidar_class_0,lidar_class_1,lidar_class_2,lidar_class_3,lidar_class_4,lidar_class_5,lidar_class_6,lidar_class_7,lidar_class_8,lidar_class_9,lidar_class_10,lidar_class_11,lidar_class_12,lidar_class_13,lidar_class_14,lidar_class_15,lidar_class_16
0,-2956.481,-7542.844,-154.338,175.502,-0.996772,-0.078427,-0.017179,0.078254,-0.996878,0.010548,-0.017953,0.009169,0.999797,1,0.08000,-0.12000,4.800,-0.240,-1,400.000,-1,400.000,-1,325.000,325.000,300.000,300.000,-1,-1,-1,-1,775.000,825.000,-1,-1,2,0,2,0,2,0,0,0,0,2,2,2,2,0,0,2,2
1,-2966.044,-7542.011,-154.513,175.022,-0.996078,-0.086776,-0.017286,0.086601,-0.996187,0.010597,-0.018140,0.009058,0.999794,0,0.16000,-0.24000,9.600,-0.480,-1,400.000,-1,400.000,-1,325.000,325.000,300.000,300.000,-1,-1,-1,-1,775.000,825.000,-1,-1,2,0,2,0,2,0,0,0,0,2,2,2,2,0,0,2,2
2,-2980.373,-7540.581,-154.778,174.302,-0.994906,-0.099287,-0.017448,0.099111,-0.995019,0.010671,-0.018421,0.008888,0.999791,0,0.24000,-0.36000,14.400,-0.720,-1,400.000,-1,400.000,-1,325.000,325.000,300.000,300.000,-1,-1,-1,-1,775.000,825.000,-1,-1,2,0,2,0,2,0,0,0,0,2,2,2,2,0,0,2,2
3,-2999.444,-7538.355,-155.135,173.342,-0.993099,-0.115945,-0.017667,0.115767,-0.993218,0.010774,-0.018796,0.008654,0.999786,0,0.32000,-0.48000,19.200,-0.960,-1,400.000,-1,400.000,-1,325.000,325.000,300.000,300.000,-1,-1,-1,-1,775.000,825.000,-1,-1,2,0,2,0,2,0,0,0,0,2,2,2,2,0,0,2,2
4,-3023.219,-7535.082,-155.587,172.162,-0.990495,-0.136375,-0.017944,0.136195,-0.990622,0.010906,-0.019263,0.008358,0.999780,0,0.40000,-0.59004,24.000,-1.180,-1,400.000,-1,400.000,-1,325.000,325.000,300.000,300.000,-1,-1,-1,-1,800.000,825.000,-1,-1,2,0,2,0,2,0,0,0,0,2,2,2,2,0,0,2,2
5,-3051.663,-7530.566,-156.135,170.980,-0.987464,-0.156780,-0.018285,0.156597,-0.987601,0.011070,-0.019794,0.008068,0.999772,0,0.48000,-0.59096,28.800,-1.182,-1,400.000,-1,400.000,-1,325.000,325.000,300.000,300.000,-1,-1,-1,-1,800.000,825.000,-1,-1,2,0,2,0,2,0,0,0,0,2,2,2,2,0,0,2,2
6,-3084.732,-7524.613,-156.782,169.795,-0.984005,-0.177157,-0.018692,0.176970,-0.984152,0.011268,-0.020392,0.007780,0.999762,0,0.56000,-0.59208,33.600,-1.184,-1,400.000,-1,400.000,-1,325.000,325.000,300.000,300.000,-1,-1,-1,-1,800.000,825.000,-1,-1,2,0,2,0,2,0,0,0,0,2,2,2,2,0,0,2,2
7,-3122.375,-7517.029,-157.531,168.609,-0.980115,-0.197501,-0.019168,0.197308,-0.980274,0.011501,-0.021061,0.007490,0.999750,0,0.64000,-0.59334,38.400,-1.187,-1,400.000,-1,400.000,-1,325.000,325.000,300.000,300.000,-1,-1,-1,-1,800.000,825.000,-1,-1,2,0,2,0,2,0,0,0,0,2,2,2,2,0,0,2,2
8,-3164.578,-7507.798,-158.383,167.662,-0.976707,-0.213671,-0.019720,0.213471,-0.976879,0.011765,-0.021778,0.007282,0.999736,0,0.72000,-0.47334,43.200,-0.947,-1,400.000,-1,400.000,-1,325.000,325.000,300.000,300.000,-1,-1,-1,-1,800.000,825.000,-1,-1,2,0,2,0,2,0,0,0,0,2,2,2,2,0,0,2,2
9,-3206.414,-7498.105,-159.243,166.955,-0.973985,-0.225703,-0.020272,0.225496,-0.974170,0.012007,-0.022459,0.007123,0.999722,0,0.71574,-0.35334,42.944,-0.707,-1,400.000,-1,400.000,-1,325.000,325.000,300.000,300.000,-1,-1,-1,-1,800.000,850.000,-1,-1,2,0,2,0,2,0,0,0,0,2,2,2,2,0,0,2,2
10,-3247.837,-7488.152,-160.191,166.489,-0.972101,-0.233631,-0.020872,0.233424,-0.972302,0.011883,-0.023070,0.006679,0.999712,0,0.71004,-0.23334,42.602,-0.467,-1,400.000,-1,400.000,-1,325.000,325.000,300.000,300.000,-1,-1,-1,-1,800.000,850.000,-1,-1,2,0,2,0,2,0,0,0,0,2,2,2,2,0,1,2,2
11,-3288.823,-7478.132,-161.175,166.262,-0.971152,-0.237477,-0.021664,0.237272,-0.971374,0.011623,-0.023804,0.006148,0.999698,0,0.70321,-0.11334,42.193,-0.227,-1,400.000,-1,400.000,-1,325.000,325.000,300.000,300.000,-1,-1,-1,-1,800.000,850.000,-1,-1,2,0,2,0,2,0,0,0,0,2,2,2,2,0,1,2,2
12,-3332.784,-7467.288,-162.263,166.143,-0.970640,-0.239491,-0.022423,0.239287,-0.970882,0.011427,-0.024506,0.005726,0.999683,0,0.75465,-0.05941,45.279,-0.119,-1,400.000,-1,400.000,-1,325.000,325.000,300.000,300.000,-1,-1,-1,-1,800.000,875.000,-1,-1,2,0,2,0,2,0,0,0,0,2,2,2,2,0,1,2,2
13,-3376.310,-7456.445,-163.501,166.012,-0.970074,-0.241712,-0.023049,0.241496,-0.970330,0.011787,-0.025215,0.005868,0.999665,0,0.74760,-0.06554,44.856,-0.131,-1,400.000,-1,400.000,-1,325.000,325.000,300.000,300.000,-1,-1,-1,-1,800.000,-1,-1,-1,2,0,2,0,2,0,0,0,0,2,2,2,2,0,2,2,2
14,-3419.390,-7445.600,-164.794,165.870,-0.969452,-0.244126,-0.023781,0.243890,-0.969724,0.012399,-0.026088,0.006220,0.999640,0,0.74040,-0.07131,44.424,-0.143,-1,400.000,-1,400.000,-1,325.000,325.000,300.000,300.000,-1,-1,-1,-1,800.000,-1,-1,-1,2,0,2,0,2,0,0,0,0,2,2,2,2,0,2,2,2
15,-3462.014,-7434.748,-166.085,165.716,-0.968777,-0.246721,-0.024508,0.246465,-0.969064,0.013025,-0.026964,0.006578,0.999615,0,0.73308,-0.07671,43.985,-0.153,-1,400.000,-1,400.000,-1,325.000,325.000,300.000,300.000,-1,-1,-1,-1,800.000,-1,-1,-1,2,0,2,0,2,0,0,0,0,2,2,2,2,0,2,2,2
16,-3504.179,-7423.885,-167.375,165.553,-0.968050,-0.249484,-0.025231,0.249206,-0.968354,0.013665,-0.027841,0.006940,0.999588,0,0.72569,-0.08173,43.541,-0.163,-1,400.000,-1,400.000,-1,325.000,325.000,300.000,300.000,-1,-1,-1,-1,800.000,-1,-1,-1,2,0,2,0,2,0,0,0,0,2,2,2,2,0,2,2,2
17,-3545.880,-7413.009,-168.664,165.383,-0.967287,-0.252355,-0.025948,0.252055,-0.967607,0.014318,-0.028721,0.007309,0.999561,0,0.71827,-0.08500,43.096,-0.170,-1,400.000,-1,400.000,-1,325.000,325.000,300.000,300.000,-1,-1,-1,-1,800.000,-1,-1,-1,2,0,2,0,2,0,0,0,0,2,2,2,2,0,2,2,2
18,-3587.119,-7402.123,-169.951,165.213,-0.966514,-0.255225,-0.026660,0.254901,-0.966851,0.014985,-0.029600,0.007688,0.999532,0,0.71086,-0.08503,42.652,-0.170,-1,400.000,-1,400.000,-1,325.000,325.000,300.000,300.000,-1,-1,-1,-1,800.000,-1,-1,-1,2,0,2,0,2,0,0,0,1,2,2,2,2,0,2,2,2
19,-3627.897,-7391.229,-171.236,165.044,-0.965737,-0.258077,-0.027366,0.257727,-0.966091,0.015666,-0.030481,0.008077,0.999503,0,0.70346,-0.08454,42.208,-0.169,-1,400.000,-1,400.000,-1,325.000,325.000,300.000,300.000,-1,-1,-1,-1,800.000,-1,-1,-1,2,0,2,0,2,0,0,0,1,2,2,2,2,0,2,2,2
20,-3668.218,-7380.332,-172.520,164.876,-0.964960,-0.260892,-0.028066,0.260516,-0.965331,0.016360,-0.031361,0.008475,0.999472,0,0.69611,-0.08354,41.767,-0.167,-1,400.000,-1,400.000,-1,325.000,325.000,300.000,300.000,-1,-1,-1,-1,800.000,-1,-1,-1,2,0,2,0,2,0,0,0,1,2,2,2,2,0,2,2,2
21,-3708.086,-7369.435,-173.801,164.712,-0.964188,-0.263655,-0.028761,0.263252,-0.964576,0.017067,-0.032242,0.008884,0.999441,0,0.68885,-0.08205,41.331,-0.164,-1,400.000,-1,400.000,-1,325.000,325.000,300.000,275.000,-1,-1,-1,-1,800.000,-1,-1,-1,2,0,2,0,2,0,0,0,1,2,2,2,2,0,2,2,2
22,-3747.511,-7358.540,-175.085,164.552,-0.963426,-0.266349,-0.029470,0.265918,-0.963832,0.017771,-0.033137,0.009284,0.999408,0,0.68170,-0.08009,40.902,-0.160,-1,400.000,-1,400.000,-1,325.000,325.000,300.000,275.000,-1,-1,-1,-1,800.000,-1,-1,-1,2,0,2,0,2,0,0,0,1,2,2,2,2,0,2,2,2
23,-3791.475,-7346.060,-176.540,164.152,-0.961516,-0.273074,-0.030279,0.272611,-0.961945,0.018579,-0.034200,0.009609,0.999369,0,0.76170,-0.20009,45.702,-0.400,-1,400.000,-1,400.000,-1,325.000,325.000,300.000,275.000,-1,-1,-1,-1,800.000,-1,-1,-1,2,0,2,0,2,0,0,0,1,2,2,2,2,0,2,2,2
24,-3837.455,-7332.450,-178.091,163.512,-0.958376,-0.283804,-0.031146,0.283307,-0.958832,0.019454,-0.035385,0.009820,0.999325,0,0.79919,-0.32009,47.952,-0.640,-1,400.000,-1,400.000,-1,325.000,325.000,300.000,275.000,-1,-1,-1,-1,-1,-1,-1,-1,2,0,2,0,2,0,0,0,1,2,2,2,2,2,2,2,2
25,-3882.888,-7318.240,-179.786,162.632,-0.953873,-0.298501,-0.031978,0.297990,-0.954363,0.019807,-0.036431,0.009364,0.999292,0,0.79339,-0.44009,47.603,-0.880,-1,400.000,-1,400.000,-1,325.000,325.000,300.000,275.000,-1,-1,-1,-1,-1,-1,-1,-1,2,0,2,0,2,0,0,0,1,2,2,2,2,2,2,2,2
26,-3927.779,-7303.229,-181.614,161.511,-0.947805,-0.317105,-0.033317,0.316590,-0.948354,0.019872,-0.037898,0.008287,0.999247,0,0.78890,-0.56009,47.334,-1.120,-1,400.000,-1,400.000,-1,325.000,325.000,300.000,275.000,-1,-1,-1,-1,-1,-1,-1,-1,2,0,2,0,2,0,0,0,1,2,2,2,2,2,2,2,2
27,-3972.121,-7287.223,-183.465,160.151,-0.939956,-0.339530,-0.034678,0.339013,-0.940569,0.020013,-0.039412,0.007055,0.999198,0,0.78570,-0.68009,47.142,-1.360,-1,400.000,-1,-1,-1,325.000,325.000,300.000,250.000,-1,-1,-1,-1,-1,-1,-1,-1,2,0,2,2,2,0,0,0,1,2,2,2,2,2,2,2,2
28,-4015.886,-7270.028,-185.406,158.551,-0.930057,-0.365666,-0.035801,0.365144,-0.930728,0.020396,-0.040779,0.005897,0.999151,0,0.78370,-0.80009,47.022,-1.600,-1,400.000,-1,-1,-1,325.000,325.000,300.000,250.000,-1,-1,-1,-1,-1,-1,-1,-1,2,0,2,2,2,0,0,0,1,2,2,2,2,2,2,2,2
29,-4059.030,-7251.457,-187.433,156.711,-0.917790,-0.395367,-0.036693,0.394838,-0.918511,0.021001,-0.042006,0.004787,0.999106,0,0.78285,-0.92009,46.971,-1.840,-1,400.000,-1,-1,-1,325.000,325.000,300.000,250.000,-1,-1,-1,-1,-1,-1,-1,-1,2,0,2,2,2,0,0,0,1,2,2,2,2,2,2,2,2
30,-4101.513,-7231.385,-189.617,154.711,-0.903378,-0.427183,-0.037724,0.426621,-0.904156,0.022278,-0.043625,0.004032,0.999040,0,0.78310,-1.00000,46.986,-2.000,-1,400.000,-1,-1,-1,325.000,325.000,300.000,250.000,-1,-1,-1,-1,-1,-1,-1,-1,2,0,2,2,2,0,0,0,1,2,2,2,2,2,2,2,2
31,-4143.319,-7209.817,-192.415,152.711,-0.887841,-0.458474,-0.039246,0.457747,-0.888691,0.026382,-0.046973,0.005458,0.998881,0,0.78402,-1.00000,47.041,-2.000,-1,400.000,-1,-1,-1,325.000,450.000,300.000,250.000,-1,-1,-1,-1,-1,-1,-1,-1,2,0,2,2,2,0,1,0,1,2,2,2,2,2,2,2,2
32,-4184.393,-7186.777,-195.892,150.711,-0.871209,-0.489196,-0.041011,0.488125,-0.872124,0.033669,-0.052237,0.009314,0.998591,0,0.78491,-1.00000,47.094,-2.000,-1,375.000,-1,-1,-1,325.000,-1,300.000,225.000,-1,-1,-1,-1,-1,-1,-1,-1,2,0,2,2,2,0,2,0,1,2,2,2,2,2,2,2,2
33,-4224.683,-7162.291,-200.045,148.711,-0.853529,-0.519294,-0.042682,0.517648,-0.854453,0.044163,-0.059404,0.015600,0.998112,0,0.78576,-1.00000,47.146,-2.000,-1,375.000,-1,-1,-1,300.000,-1,300.000,225.000,-1,-1,-1,-1,-1,-1,-1,-1,2,0,2,2,2,0,2,0,1,2,2,2,2,2,2,2,2
34,-4264.134,-7136.387,-204.870,146.711,-0.834863,-0.548702,-0.043918,0.546188,-0.835665,0.057819,-0.068427,0.024283,0.997361,0,0.78658,-1.00000,47.195,-2.000,-1,350.000,-1,-1,-1,325.000,-1,325.000,200.000,-1,-1,-1,-1,-1,-1,-1,-1,2,0,2,2,2,1,2,0,1,2,2,2,2,2,2,2,2
35,-4306.578,-7106.349,-211.019,144.711,-0.815309,-0.577309,-0.044566,0.573391,-0.815691,0.076625,-0.080589,0.036919,0.996063,0,0.86658,-1.00000,51.995,-2.000,-1,325.000,-1,-1,-1,-1,-1,325.000,175.000,-1,-1,-1,-1,-1,-1,-1,-1,2,0,2,2,2,2,2,0,1,2,2,2,2,2,2,2,2
36,-4351.240,-7072.344,-218.637,142.711,-0.795044,-0.604948,-0.044074,0.598855,-0.794420,0.101342,-0.096320,0.054177,0.993875,0,0.93552,-1.00000,56.131,-2.000,-1,-1,-1,-1,-1,-1,-1,350.000,150.000,-1,-1,-1,-1,-1,-1,-1,-1,2,2,2,2,2,2,2,0,1,2,2,2,2,2,2,2,2
37,-4395.112,-7036.459,-227.458,140.711,-0.774270,-0.631475,-0.041776,0.622465,-0.771810,0.129792,-0.114204,0.074490,0.990661,0,0.94455,-1.00000,56.673,-2.000,-1,-1,-1,-1,-1,-1,-1,375.000,125.000,-1,-1,-1,-1,-1,-1,-1,-1,2,2,2,2,2,2,2,0,1,2,2,2,2,2,2,2,2
38,8855.080,6231.352,274.238,129.792,-0.639660,-0.768074,0.029948,0.768542,-0.639753,0.007613,0.013312,0.027886,0.999522,1,0.00000,0.00000,56.337,-1.760,-1,400.000,-1,400.000,-1,325.000,325.000,300.000,300.000,-1,-1,-1,-1,775.000,850.000,-1,-1,2,0,2,0,2,0,0,0,0,2,2,2,2,0,0,2,2
39,8851.993,6235.028,274.296,130.032,-0.642873,-0.765388,0.029918,0.765856,-0.642966,0.007677,0.013360,0.027849,0.999523,0,0.08000,0.12000,4.800,0.240,-1,400.000,-1,400.000,-1,325.000,325.000,300.000,300.000,-1,-1,-1,-1,775.000,850.000,-1,-1,2,0,2,0,2,0,0,0,0,2,2,2,2,0,0,2,2
40,8845.757,6242.326,274.414,130.512,-0.649264,-0.759977,0.029857,0.760444,-0.649357,0.007807,0.013455,0.027774,0.999524,0,0.16000,0.24000,9.600,0.480,-1,400.000,-1,400.000,-1,325.000,325.000,300.000,300.000,-1,-1,-1,-1,775.000,850.000,-1,-1,2,0,2,0,2,0,0,0,0,2,2,2,2,0,0,2,2
41,8836.265,6253.156,274.595,131.232,-0.658766,-0.751759,0.029761,0.752225,-0.658857,0.008003,0.013592,0.027659,0.999525,0,0.24000,0.36000,14.400,0.720,-1,400.000,-1,400.000,-1,325.000,325.000,300.000,300.000,-1,-1,-1,-1,775.000,850.000,-1,-1,2,0,2,0,2,0,0,0,0,2,2,2,2,0,0,2,2
42,8823.370,6267.381,274.844,132.192,-0.671273,-0.740618,0.029625,0.741083,-0.671363,0.008266,0.013767,0.027503,0.999527,0,0.32000,0.48000,19.200,0.960,-1,400.000,-1,400.000,-1,325.000,325.000,300.000,300.000,-1,-1,-1,-1,775.000,850.000,-1,-1,2,0,2,0,2,0,0,0,0,2,2,2,2,0,0,2,2
43,8806.883,6284.821,275.170,133.392,-0.686642,-0.726400,0.029440,0.726862,-0.686730,0.008597,0.013972,0.027302,0.999530,0,0.40000,0.60000,24.000,1.200,-1,400.000,-1,400.000,-1,325.000,325.000,300.000,300.000,-1,-1,-1,-1,775.000,850.000,-1,-1,2,0,2,0,2,0,0,0,0,2,2,2,2,0,0,2,2
44,8786.578,6305.245,275.556,134.832,-0.704684,-0.708916,0.029303,0.709378,-0.704771,0.009010,0.014265,0.027136,0.999530,0,0.48000,0.72000,28.800,1.440,-1,400.000,-1,400.000,-1,325.000,325.000,300.000,300.000,-1,-1,-1,-1,775.000,875.000,-1,-1,2,0,2,0,2,0,0,0,0,2,2,2,2,0,0,2,2
45,8762.201,6328.369,276.011,136.512,-0.725169,-0.687952,0.029206,0.688416,-0.725254,0.009513,0.014637,0.027005,0.999528,0,0.56000,0.84000,33.600,1.680,-1,400.000,-1,400.000,-1,325.000,325.000,300.000,300.000,-1,-1,-1,-1,750.000,875.000,-1,-1,2,0,2,0,2,0,0,0,0,2,2,2,2,0,0,2,2
46,8733.555,6353.942,276.549,138.244,-0.745632,-0.665723,0.029082,0.666190,-0.745714,0.010101,0.014962,0.026906,0.999526,0,0.64000,0.86584,38.400,1.732,-1,400.000,-1,400.000,-1,325.000,325.000,300.000,300.000,-1,-1,-1,-1,750.000,875.000,-1,-1,2,0,2,0,2,0,0,0,0,2,2,2,2,0,0,2,2
47,8700.469,6381.718,277.171,139.985,-0.765527,-0.642753,0.028928,0.643224,-0.765602,0.010783,0.015217,0.026862,0.999523,0,0.72000,0.87078,43.200,1.742,-1,400.000,-1,400.000,-1,325.000,325.000,300.000,300.000,-1,-1,-1,-1,750.000,875.000,-1,-1,2,0,2,0,2,0,0,0,0,2,2,2,2,0,0,2,2
48,8662.780,6411.443,277.882,141.738,-0.784841,-0.619031,0.028747,0.619506,-0.784906,0.011571,0.015401,0.026890,0.999520,0,0.80000,0.87652,48.000,1.753,-1,400.000,-1,400.000,-1,325.000,325.000,300.000,300.000,-1,-1,-1,-1,750.000,850.000,-1,-1,2,0,2,0,2,0,0,0,0,2,2,2,2,0,0,2,2
49,8621.847,6441.726,278.657,143.504,-0.803557,-0.594543,0.028551,0.595025,-0.803611,0.012452,0.015541,0.026994,0.999515,0,0.84863,0.88311,50.918,1.766,-1,400.000,-1,400.000,-1,325.000,325.000,300.000,300.000,-1,-1,-1,-1,725.000,850.000,-1,-1,2,0,2,0,2,0,0,0,0,2,2,2,2,0,0,2,2
50,8579.845,6470.826,279.558,145.285,-0.821639,-0.569277,0.028863,0.569784,-0.821683,0.013540,0.016008,0.027571,0.999492,0,0.85163,0.89029,51.098,1.781,-1,400.000,-1,400.000,-1,325.000,325.000,300.000,300.000,-1,-1,-1,-1,725.000,850.000,-1,-1,2,0,2,0,2,0,0,0,0,2,2,2,2,0,0,2,2
51,8536.769,6498.714,280.493,147.080,-0.839067,-0.543245,0.029198,0.543778,-0.839100,0.014729,0.016498,0.028236,0.999465,0,0.85526,0.89768,51.315,1.795,-1,375.000,-1,400.000,-1,325.000,325.000,300.000,300.000,-1,-1,-1,-1,725.000,850.000,-1,-1,2,0,2,0,2,0,0,0,0,2,2,2,2,0,0,2,2
52,8495.232,6524.032,281.336,148.636,-0.853502,-0.520254,0.029475,0.520821,-0.853512,0.016228,0.016715,0.029202,0.999434,0,0.81076,0.77768,48.645,1.555,-1,375.000,-1,400.000,-1,325.000,325.000,300.000,300.000,-1,-1,-1,-1,725.000,850.000,-1,-1,2,0,2,0,2,0,0,0,0,2,2,2,2,0,0,2,2
53,8452.892,6548.525,282.167,149.951,-0.865223,-0.500507,0.029713,0.501109,-0.865198,0.017941,0.016728,0.030413,0.999397,0,0.81524,0.65768,48.914,1.315,-1,375.000,-1,400.000,-1,325.000,325.000,300.000,300.000,-1,-1,-1,-1,725.000,825.000,-1,-1,2,0,2,0,2,0,0,0,0,2,2,2,2,0,0,2,2
54,8409.840,6572.362,283.026,151.026,-0.874469,-0.484162,0.029848,0.484798,-0.874404,0.019716,0.016553,0.031711,0.999360,0,0.82018,0.53768,49.211,1.075,-1,375.000,-1,400.000,-1,325.000,325.000,300.000,300.000,-1,-1,-1,-1,725.000,825.000,-1,-1,2,0,2,0,2,0,0,0,0,2,2,2,2,0,0,2,2
55,8365.690,6595.973,283.919,151.862,-0.881441,-0.471340,0.029991,0.472013,-0.881329,0.021514,0.016292,0.033119,0.999319,0,0.83444,0.41768,50.067,0.835,-1,375.000,-1,400.000,-1,300.000,325.000,325.000,300.000,-1,-1,-1,-1,725.000,825.000,-1,-1,2,0,2,0,2,0,0,0,0,2,2,2,2,0,0,2,2
56,8321.135,6619.209,285.002,152.457,-0.886286,-0.462144,0.030320,0.462845,-0.886154,0.022481,0.016479,0.033958,0.999287,0,0.83751,0.29768,50.250,0.595,-1,375.000,-1,400.000,-1,300.000,325.000,325.000,300.000,-1,-1,-1,-1,725.000,825.000,-1,-1,2,0,2,0,2,0,0,0,0,2,2,2,2,0,0,2,2
57,8276.247,6642.265,285.959,152.813,-0.889123,-0.456631,0.030797,0.457356,-0.888987,0.022968,0.016890,0.034506,0.999262,0,0.84104,0.17768,50.463,0.355,-1,375.000,-1,400.000,-1,300.000,325.000,300.000,300.000,-1,-1,-1,-1,725.000,825.000,-1,-1,2,0,2,0,2,0,0,0,0,2,2,2,2,0,0,2,2
58,8231.104,6665.338,286.893,152.928,-0.890028,-0.454829,0.031317,0.455582,-0.889883,0.023526,0.017168,0.035206,0.999233,0,0.84497,0.05768,50.698,0.115,-1,375.000,-1,400.000,-1,300.000,325.000,300.000,300.000,-1,-1,-1,-1,725.000,825.000,-1,-1,2,0,2,0,2,0,0,0,0,2,2,2,2,0,0,2,2
59,8185.711,6688.481,287.808,152.985,-0.890466,-0.453933,0.031868,0.454717,-0.890309,0.024130,0.017419,0.035978,0.999201,0,0.84920,0.02843,50.952,0.057,-1,375.000,-1,400.000,-1,300.000,325.000,300.000,300.000,-1,-1,-1,-1,725.000,825.000,-1,-1,2,0,2,0,2,0,0,0,0,2,2,2,2,0,0,2,2
60,8140.053,6711.689,288.708,153.055,-0.891011,-0.452822,0.032447,0.453638,-0.890842,0.024769,0.017689,0.036788,0.999167,0,0.85364,0.03533,51.218,0.071,-1,375.000,-1,400.000,-1,300.000,325.000,300.000,300.000,-1,-1,-1,-1,725.000,825.000,-1,-1,2,0,2,0,2,0,0,0,0,2,2,2,2,0,0,2,2
61,8094.113,6734.955,289.592,153.140,-0.891663,-0.451491,0.033054,0.452342,-0.891482,0.025444,0.017979,0.037639,0.999130,0,0.85825,0.04232,51.495,0.085,-1,375.000,-1,400.000,-1,325.000,325.000,300.000,325.000,-1,-1,-1,-1,725.000,850.000,-1,-1,2,0,2,0,2,0,0,0,0,2,2,2,2,0,0,2,2
62,8047.878,6758.270,290.461,153.239,-0.892425,-0.449937,0.033688,0.450825,-0.892229,0.026156,0.018289,0.038529,0.999090,0,0.86303,0.04942,51.782,0.099,-1,375.000,-1,400.000,-1,325.000,325.000,300.000,325.000,-1,-1,-1,-1,725.000,850.000,-1,-1,2,0,2,0,2,0,0,0,0,2,2,2,2,0,0,2,2
63,8001.331,6781.627,291.396,153.352,-0.893301,-0.448150,0.034264,0.449083,-0.893073,0.027313,0.018359,0.039786,0.999040,0,0.86797,0.05663,52.078,0.113,-1,375.000,-1,400.000,-1,325.000,325.000,300.000,325.000,-1,-1,-1,-1,725.000,850.000,-1,-1,2,0,2,0,2,0,0,0,0,2,2,2,2,0,0,2,2
64,7959.122,6802.924,292.251,153.225,-0.892301,-0.450098,0.034794,0.451076,-0.892027,0.028600,0.018164,0.041214,0.998985,0,0.78797,-0.06337,47.278,-0.127,-1,375.000,-1,400.000,-1,325.000,325.000,300.000,325.000,-1,-1,-1,-1,750.000,850.000,-1,-1,2,0,2,0,2,0,0,0,0,2,2,2,2,0,0,2,2
65,7921.321,6822.301,292.947,152.859,-0.889394,-0.455770,0.035375,0.456793,-0.889072,0.029864,0.017840,0.042719,0.998928,0,0.70797,-0.18337,42.478,-0.367,-1,375.000,-1,400.000,-1,325.000,325.000,300.000,325.000,-1,-1,-1,-1,750.000,850.000,-1,-1,2,0,2,0,2,0,0,0,0,2,2,2,2,0,0,2,2
66,7887.975,6839.843,293.504,152.252,-0.884508,-0.465126,0.036098,0.466199,-0.884132,0.031120,0.017441,0.044355,0.998864,0,0.62797,-0.30337,37.678,-0.607,-1,375.000,-1,400.000,-1,325.000,325.000,300.000,300.000,-1,-1,-1,-1,775.000,850.000,-1,-1,2,0,2,0,2,0,0,0,0,2,2,2,2,0,0,2,2
67,7857.321,6856.551,293.997,151.405,-0.877530,-0.478105,0.036840,0.479226,-0.877096,0.032336,0.016852,0.046030,0.998798,0,0.58186,-0.42337,34.912,-0.847,-1,400.000,-1,400.000,-1,325.000,325.000,300.000,300.000,-1,-1,-1,-1,775.000,850.000,-1,-1,2,0,2,0,2,0,0,0,0,2,2,2,2,0,0,2,2
68,7826.990,6873.838,294.461,150.318,-0.868297,-0.494612,0.037667,0.495783,-0.867796,0.033590,0.016073,0.047841,0.998726,0,0.58186,-0.54337,34.912,-1.087,-1,400.000,-1,400.000,-1,325.000,325.000,325.000,300.000,-1,-1,-1,-1,800.000,875.000,-1,-1,2,0,2,0,2,0,0,0,0,2,2,2,2,0,0,2,2
69,7797.066,6891.822,294.898,148.992,-0.856608,-0.514524,0.038568,0.515747,-0.856031,0.034861,0.015079,0.049753,0.998648,0,0.58186,-0.66337,34.912,-1.327,-1,400.000,-1,425.000,-1,325.000,325.000,325.000,300.000,-1,-1,-1,-1,825.000,875.000,-1,-1,2,0,2,0,2,0,0,0,0,2,2,2,2,0,0,2,2
70,7767.646,6910.618,295.414,147.425,-0.842235,-0.537693,0.039069,0.538941,-0.841576,0.035965,0.013541,0.051347,0.998589,0,0.58186,-0.78337,34.912,-1.567,-1,400.000,-1,425.000,-1,325.000,325.000,325.000,300.000,-1,-1,-1,-1,850.000,875.000,-1,-1,2,0,2,0,2,0,0,0,0,2,2,2,2,0,0,2,2
71,7738.762,6930.228,295.866,145.826,-0.826923,-0.560920,0.039589,0.562189,-0.826178,0.037073,0.011913,0.052913,0.998528,0,0.58186,-0.79943,34.912,-1.599,-1,400.000,-1,425.000,-1,325.000,325.000,325.000,300.000,-1,-1,-1,-1,850.000,875.000,-1,-1,2,0,2,0,2,0,0,0,0,2,2,2,2,0,0,2,2
72,7710.436,6950.636,296.010,144.227,-0.811011,-0.583736,0.038905,0.584955,-0.810182,0.037844,0.009429,0.053450,0.998526,0,0.58186,-0.79943,34.912,-1.599,-1,400.000,-1,425.000,-1,325.000,325.000,325.000,300.000,-1,-1,-1,-1,850.000,875.000,-1,-1,2,0,2,0,2,0,0,0,0,2,2,2,2,0,0,2,2
73,7682.691,6971.827,296.090,142.628,-0.794470,-0.606098,0.038237,0.607264,-0.793558,0.038690,0.006893,0.053958,0.998519,0,0.58186,-0.79943,34.912,-1.599,-1,400.000,-1,425.000,-1,325.000,325.000,325.000,300.000,-1,-1,-1,-1,875.000,875.000,-1,-1,2,0,2,0,2,0,0,0,0,2,2,2,2,0,0,2,2
74,7655.548,6993.784,296.107,141.030,-0.777315,-0.627987,0.037592,0.629097,-0.776317,0.039612,0.004308,0.054440,0.998508,0,0.58186,-0.79943,34.912,-1.599,-1,400.000,-1,425.000,-1,325.000,325.000,300.000,300.000,-1,-1,-1,-1,875.000,875.000,-1,-1,2,0,2,0,2,0,0,0,0,2,2,2,2,0,0,2,2
75,7629.028,7016.490,296.061,139.431,-0.759558,-0.649387,0.036977,0.650437,-0.758474,0.040599,0.001681,0.054889,0.998491,0,0.58186,-0.79943,34.912,-1.599,-1,400.000,-1,400.000,-1,325.000,325.000,300.000,300.000,-1,-1,-1,-1,875.000,875.000,-1,-1,2,0,2,0,2,0,0,0,0,2,2,2,2,0,0,2,2
76,7599.526,7043.073,295.963,137.978,-0.742928,-0.668383,0.036372,0.669371,-0.741754,0.041751,-0.000927,0.055364,0.998466,0,0.66186,-0.72608,39.712,-1.452,-1,400.000,-1,400.000,-1,325.000,325.000,300.000,300.000,-1,-1,-1,-1,875.000,850.000,-1,-1,2,0,2,0,2,0,0,0,0,2,2,2,2,0,0,2,2
77,7567.224,7073.698,295.778,136.526,-0.725829,-0.686945,0.035771,0.687866,-0.724556,0.043128,-0.003709,0.055909,0.998429,0,0.74186,-0.72608,44.512,-1.452,-1,400.000,-1,400.000,-1,325.000,325.000,300.000,300.000,-1,-1,-1,-1,875.000,850.000,-1,-1,2,0,2,0,2,0,0,0,0,2,2,2,2,0,0,2,2
78,7532.310,7108.522,295.487,135.074,-0.708273,-0.705061,0.035193,0.705907,-0.706889,0.044744,-0.006670,0.056534,0.998378,0,0.82186,-0.72608,49.312,-1.452,-1,400.000,-1,400.000,-1,325.000,325.000,300.000,300.000,-1,-1,-1,-1,875.000,850.000,-1,-1,2,0,2,0,2,0,0,0,0,2,2,2,2,0,0,2,2
79,7495.214,7147.448,295.054,133.622,-0.690271,-0.722720,0.034660,0.723485,-0.688768,0.046572,-0.009786,0.057223,0.998313,0,0.89618,-0.72608,53.771,-1.452,-1,400.000,-1,400.000,-1,325.000,325.000,300.000,300.000,-1,-1,-1,-1,900.000,850.000,-1,-1,2,0,2,0,2,0,0,0,0,2,2,2,2,0,0,2,2
80,7459.115,7187.301,294.492,132.170,-0.671833,-0.739911,0.034232,0.740589,-0.670202,0.048560,-0.012987,0.057976,0.998233,0,0.89618,-0.72608,53.771,-1.452,-1,400.000,-1,400.000,-1,325.000,325.000,300.000,300.000,-1,-1,-1,-1,900.000,825.000,-1,-1,2,0,2,0,2,0,0,0,0,2,2,2,2,0,0,2,2
81,7424.038,7228.056,293.830,130.718,-0.652972,-0.756622,0.033922,0.757207,-0.651205,0.050689,-0.016262,0.058784,0.998138,0,0.89618,-0.72608,53.771,-1.452,-1,400.000,-1,400.000,-1,325.000,325.000,300.000,300.000,-1,-1,-1,-1,900.000,825.000,-1,-1,2,0,2,0,2,0,0,0,0,2,2,2,2,0,0,2,2
82,7390.005,7269.687,293.071,129.266,-0.633701,-0.772842,0.033742,0.773330,-0.631789,0.052950,-0.019604,0.059648,0.998027,0,0.89618,-0.72608,53.771,-1.452,-1,400.000,-1,400.000,-1,325.000,325.000,300.000,300.000,-1,-1,-1,-1,900.000,825.000,-1,-1,2,0,2,0,2,0,0,0,0,2,2,2,2,0,0,2,2
83,7357.038,7312.167,292.159,127.813,-0.614022,-0.788572,0.033635,0.788959,-0.611975,0.055053,-0.022829,0.060340,0.997917,0,0.89618,-0.72608,53.771,-1.452,-1,400.000,-1,400.000,-1,325.000,325.000,300.000,300.000,-1,-1,-1,-1,900.000,800.000,-1,-1,2,0,2,0,2,0,0,0,0,2,2,2,2,0,0,2,2
84,7325.159,7355.469,290.823,126.361,-0.593896,-0.803855,0.033229,0.804152,-0.591815,0.055639,-0.025060,0.059765,0.997898,0,0.89618,-0.72608,53.771,-1.452,-1,425.000,-1,400.000,-1,325.000,325.000,300.000,300.000,-1,-1,-1,-1,900.000,800.000,-1,-1,2,0,2,0,2,0,0,0,0,2,2,2,2,0,0,2,2
85,7294.388,7399.565,289.366,124.909,-0.573387,-0.818626,0.032839,0.818831,-0.571275,0.056226,-0.027268,0.059129,0.997878,0,0.89618,-0.72608,53.771,-1.452,-1,425.000,-1,400.000,-1,325.000,325.000,300.000,300.000,-1,-1,-1,-1,925.000,800.000,-1,-1,2,0,2,0,2,0,0,0,0,2,2,2,2,0,0,2,2
86,7264.744,7444.428,287.558,123.457,-0.552509,-0.832920,0.031265,0.832960,-0.550398,0.056921,-0.030203,0.057492,0.997889,0,0.89618,-0.72608,53.771,-1.452,-1,425.000,-1,400.000,-1,325.000,325.000,300.000,300.000,-1,-1,-1,-1,900.000,800.000,-1,-1,2,0,2,0,2,0,0,0,0,2,2,2,2,0,0,2,2
87,7236.247,7490.027,285.595,122.005,-0.531267,-0.846690,0.029513,0.846553,-0.529169,0.057695,-0.033232,0.055636,0.997898,0,0.89618,-0.72608,53.771,-1.452,-1,425.000,-1,400.000,-1,325.000,325.000,300.000,300.000,-1,-1,-1,-1,900.000,775.000,-1,-1,2,0,2,0,2,0,0,0,0,2,2,2,2,0,0,2,2
88,7208.915,7536.334,283.532,120.553,-0.509674,-0.859916,0.027869,0.859607,-0.507594,0.058519,-0.036175,0.053782,0.997897,0,0.89618,-0.72608,53.771,-1.452,-1,425.000,-1,400.000,-1,325.000,325.000,300.000,300.000,-1,-1,-1,-1,900.000,775.000,-1,-1,2,0,2,0,2,0,0,0,0,2,2,2,2,0,0,2,2
89,7182.765,7583.318,281.372,119.100,-0.487744,-0.872589,0.026335,0.872114,-0.485686,0.059384,-0.039028,0.051931,0.997888,0,0.89618,-0.72608,53.771,-1.452,-1,425.000,-1,400.000,-1,325.000,325.000,300.000,300.000,-1,-1,-1,-1,875.000,750.000,-1,-1,2,0,2,0,2,0,0,0,0,2,2,2,2,0,0,2,2
90,7157.814,7630.950,279.139,117.648,-0.465492,-0.884704,0.024815,0.884062,-0.463463,0.060299,-0.041846,0.050007,0.997872,0,0.89618,-0.72608,53.771,-1.452,-1,400.000,-1,400.000,-1,325.000,325.000,300.000,300.000,-1,-1,-1,-1,875.000,750.000,-1,-1,2,0,2,0,2,0,0,0,0,2,2,2,2,0,0,2,2
91,7134.078,7679.199,276.826,116.196,-0.442930,-0.896252,0.023347,0.895446,-0.440936,0.061254,-0.044604,0.048037,0.997849,0,0.89618,-0.72608,53.771,-1.452,-1,400.000,-1,400.000,-1,325.000,325.000,325.000,300.000,-1,-1,-1,-1,850.000,750.000,-1,-1,2,0,2,0,2,0,0,0,0,2,2,2,2,0,0,2,2
92,7111.573,7728.034,274.430,114.744,-0.420075,-0.907223,0.021973,0.906257,-0.418121,0.062233,-0.047272,0.046056,0.997820,0,0.89618,-0.72608,53.771,-1.452,-1,400.000,-1,375.000,-1,325.000,325.000,325.000,300.000,-1,-1,-1,-1,850.000,725.000,-1,-1,2,0,2,0,2,0,0,0,0,2,2,2,2,0,0,2,2
93,7090.312,7777.424,271.929,113.292,-0.396944,-0.917607,0.020796,0.916492,-0.395029,0.063200,-0.049778,0.044146,0.997784,0,0.89618,-0.72608,53.771,-1.452,-1,400.000,-1,375.000,-1,325.000,325.000,325.000,300.000,-1,-1,-1,-1,850.000,725.000,-1,-1,2,0,2,0,2,0,0,0,0,2,2,2,2,0,0,2,2
94,7070.309,7827.336,269.396,111.840,-0.373539,-0.927407,0.019615,0.926155,-0.371682,0.063944,-0.052011,0.042052,0.997761,0,0.89618,-0.72608,53.771,-1.452,-1,400.000,-1,375.000,-1,325.000,325.000,325.000,300.000,-1,-1,-1,-1,825.000,725.000,-1,-1,2,0,2,0,2,0,0,0,0,2,2,2,2,0,0,2,2
95,7051.578,7877.739,266.851,110.388,-0.349870,-0.936618,0.018371,0.935244,-0.348093,0.064412,-0.053934,0.039718,0.997754,0,0.89618,-0.72608,53.771,-1.452,-1,400.000,-1,375.000,-1,325.000,325.000,325.000,300.000,-1,-1,-1,-1,825.000,725.000,-1,-1,2,0,2,0,2,0,0,0,0,2,2,2,2,0,0,2,2
96,7034.131,7928.601,264.194,108.935,-0.325960,-0.945229,0.017113,0.943745,-0.324276,0.064725,-0.055630,0.037248,0.997756,0,0.89618,-0.72608,53.771,-1.452,-1,400.000,-1,375.000,-1,325.000,300.000,325.000,300.000,-1,-1,-1,-1,825.000,700.000,-1,-1,2,0,2,0,2,0,0,0,0,2,2,2,2,0,0,2,2
97,7017.977,7979.888,261.235,107.483,-0.301770,-0.953258,0.015291,0.951712,-0.300254,0.063968,-0.056387,0.033856,0.997835,0,0.89618,-0.72608,53.771,-1.452,-1,400.000,-1,375.000,-1,325.000,300.000,325.000,300.000,-1,-1,-1,-1,825.000,700.000,-1,-1,2,0,2,0,2,0,0,0,0,2,2,2,2,0,0,2,2
98,7003.129,8031.569,258.283,106.031,-0.277393,-0.960657,0.013830,0.959075,-0.276028,0.063113,-0.056812,0.030771,0.997911,0,0.89618,-0.72608,53.771,-1.452,-1,400.000,-1,375.000,-1,325.000,300.000,325.000,300.000,-1,-1,-1,-1,825.000,725.000,-1,-1,2,0,2,0,2,0,0,0,0,2,2,2,2,0,0,2,2
99,6989.595,8083.608,255.279,104.579,-0.252836,-0.967430,0.012405,0.965819,-0.251616,0.062313,-0.057162,0.027736,0.997980,0,0.89618,-0.72608,53.771,-1.452,-1,400.000,-1,375.000,-1,325.000,325.000,325.000,300.000,-1,-1,-1,-1,800.000,725.000,-1,-1,2,0,2,0,2,0,0,0,0,2,2,2,2,0,0,2,2
100,6977.384,8135.974,252.229,103.127,-0.228116,-0.973572,0.011016,0.971939,-0.227037,0.061561,-0.057433,0.024750,0.998043,0,0.89618,-0.72608,53.771,-1.452,-1,400.000,-1,375.000,-1,325.000,325.000,325.000,300.000,-1,-1,-1,-1,800.000,725.000,-1,-1,2,0,2,0,2,0,0,0,0,2,2,2,2,0,0,2,2
101,6966.504,8188.633,249.137,101.675,-0.203248,-0.979080,0.009665,0.977430,-0.202305,0.060850,-0.057622,0.021814,0.998100,0,0.89618,-0.72608,53.771,-1.452,-1,400.000,-1,375.000,-1,325.000,325.000,325.000,300.000,-1,-1,-1,-1,800.000,725.000,-1,-1,2,0,2,0,2,0,0,0,0,2,2,2,2,0,0,2,2
102,6956.961,8241.550,246.009,100.222,-0.178250,-0.983950,0.008351,0.982291,-0.177439,0.060170,-0.057723,0.018928,0.998153,0,0.89618,-0.72608,53.771,-1.452,-1,400.000,-1,375.000,-1,325.000,325.000,325.000,300.000,-1,-1,-1,-1,800.000,725.000,-1,-1,2,0,2,0,2,0,0,0,0,2,2,2,2,0,0,2,2
103,6948.763,8294.692,242.849,98.770,-0.153137,-0.988180,0.007074,0.986517,-0.152454,0.059515,-0.057733,0.016093,0.998202,0,0.89618,-0.72608,53.771,-1.452,-1,400.000,-1,375.000,-1,325.000,325.000,325.000,300.000,-1,-1,-1,-1,800.000,725.000,-1,-1,2,0,2,0,2,0,0,0,0,2,2,2,2,0,0,2,2
104,6941.914,8348.025,239.664,97.318,-0.127928,-0.991766,0.005833,0.990107,-0.127367,0.058876,-0.057649,0.013307,0.998248,0,0.89618,-0.72608,53.771,-1.452,-1,400.000,-1,375.000,-1,325.000,325.000,325.000,300.000,-1,-1,-1,-1,800.000,725.000,-1,-1,2,0,2,0,2,0,0,0,0,2,2,2,2,0,0,2,2
105,6936.419,8401.514,236.458,95.866,-0.102637,-0.994708,0.004625,0.993058,-0.102196,0.058247,-0.057466,0.010571,0.998291,0,0.89618,-0.72608,53.771,-1.452,-1,400.000,-1,375.000,-1,325.000,325.000,325.000,300.000,-1,-1,-1,-1,800.000,725.000,-1,-1,2,0,2,0,2,0,0,0,0,2,2,2,2,0,0,2,2
106,6932.216,8459.110,232.999,94.174,-0.073094,-0.997319,0.003354,0.995685,-0.072780,0.057567,-0.057169,0.007547,0.998336,0,0.96248,-0.84608,57.749,-1.692,-1,400.000,-1,375.000,-1,325.000,325.000,325.000,300.000,-1,-1,-1,-1,800.000,725.000,-1,-1,2,0,2,0,2,0,0,0,0,2,2,2,2,0,0,2,2
107,6929.957,8516.814,229.553,92.242,-0.039293,-0.999226,0.002023,0.997612,-0.039114,0.056926,-0.056803,0.004255,0.998376,0,0.96248,-0.96608,57.749,-1.932,-1,400.000,-1,375.000,-1,325.000,325.000,325.000,300.000,-1,-1,-1,-1,775.000,725.000,-1,-1,2,0,2,0,2,0,0,0,0,2,2,2,2,0,0,2,2
108,6929.713,8574.563,226.374,90.242,-0.004265,-0.999991,0.000716,0.998390,-0.004218,0.056557,-0.056554,0.000956,0.998399,0,0.96248,-1.00000,57.749,-2.000,-1,400.000,-1,375.000,-1,325.000,325.000,325.000,300.000,-1,825.000,-1,-1,775.000,725.000,-1,-1,2,0,2,0,2,0,0,0,0,2,0,2,2,0,0,2,2
109,6931.485,8632.284,223.247,88.242,0.030753,-0.999527,-0.000372,0.997952,0.030684,0.056121,-0.056083,-0.002097,0.998424,0,0.96248,-1.00000,57.749,-2.000,-1,400.000,-1,375.000,-1,325.000,325.000,325.000,300.000,-1,775.000,-1,-1,775.000,725.000,-1,-1,2,0,2,0,2,0,0,0,0,2,0,2,2,0,0,2,2
110,6935.270,8689.909,220.132,86.242,0.065728,-0.997837,-0.001423,0.996296,0.065547,0.055650,-0.055436,-0.005076,0.998449,0,0.96248,-1.00000,57.749,-2.000,-1,400.000,-1,375.000,-1,325.000,325.000,325.000,300.000,-1,775.000,875.000,-1,775.000,725.000,-1,-1,2,0,2,0,2,0,0,0,0,2,0,0,2,0,0,2,2
111,6941.063,8747.366,217.039,84.242,0.100616,-0.994922,-0.002445,0.993425,0.100330,0.055142,-0.054616,-0.007977,0.998476,0,0.96248,-1.00000,57.749,-2.000,-1,400.000,-1,375.000,-1,325.000,325.000,325.000,300.000,-1,800.000,800.000,-1,775.000,725.000,-1,-1,2,0,2,0,2,0,0,0,0,2,0,0,2,0,0,2,2
112,6948.858,8804.586,213.977,82.242,0.135374,-0.990789,-0.003440,0.989342,0.134987,0.054596,-0.053629,-0.010794,0.998503,0,0.96248,-1.00000,57.749,-2.000,-1,400.000,-1,375.000,-1,325.000,325.000,325.000,300.000,-1,800.000,800.000,-1,750.000,725.000,-1,-1,2,0,2,0,2,0,0,0,0,2,0,0,2,0,0,2,2
113,6958.646,8861.500,210.957,80.242,0.169959,-0.985441,-0.004414,0.984053,0.169477,0.054012,-0.052478,-0.013523,0.998531,0,0.96248,-1.00000,57.749,-2.000,-1,400.000,-1,375.000,-1,325.000,325.000,325.000,325.000,-1,800.000,800.000,-1,750.000,725.000,-1,-1,2,0,2,0,2,0,0,0,0,2,0,0,2,0,0,2,2
114,6970.413,8918.037,207.987,78.242,0.204327,-0.978888,-0.005371,0.977564,0.203758,0.053390,-0.051169,-0.016160,0.998559,0,0.96248,-1.00000,57.749,-2.000,-1,400.000,-1,375.000,-1,325.000,325.000,325.000,325.000,-1,775.000,800.000,-1,750.000,725.000,-1,-1,2,0,2,0,2,0,0,0,0,2,0,0,2,0,0,2,2
115,6984.147,8974.129,205.076,76.242,0.238436,-0.971138,-0.006316,0.969885,0.237786,0.052732,-0.049708,-0.018699,0.998589,0,0.96248,-1.00000,57.749,-2.000,-1,400.000,-1,375.000,-1,325.000,325.000,325.000,325.000,-1,775.000,800.000,-1,750.000,725.000,-1,-1,2,0,2,0,2,0,0,0,0,2,0,0,2,0,0,2,2
116,6999.830,9029.707,202.234,74.242,0.272245,-0.962201,-0.007253,0.961025,0.271520,0.052038,-0.048102,-0.021137,0.998619,0,0.96248,-1.00000,57.749,-2.000,-1,400.000,-1,375.000,-1,325.000,325.000,325.000,325.000,-1,775.000,775.000,-1,750.000,750.000,-1,-1,2,0,2,0,2,0,0,0,0,2,0,0,2,0,0,2,2
117,7017.443,9084.705,199.478,72.242,0.305710,-0.952090,-0.008143,0.950994,0.304919,0.051328,-0.046386,-0.023435,0.998649,0,0.96248,-1.00000,57.749,-2.000,-1,400.000,-1,375.000,-1,325.000,325.000,325.000,325.000,-1,775.000,775.000,-1,750.000,750.000,-1,-1,2,0,2,0,2,0,0,0,0,2,0,0,2,0,0,2,2
118,7036.964,9139.054,196.885,70.242,0.338781,-0.940825,-0.008663,0.939801,0.337945,0.050669,-0.044743,-0.025307,0.998678,0,0.96248,-1.00000,57.749,-2.000,-1,400.000,-1,400.000,-1,325.000,325.000,325.000,325.000,-1,775.000,775.000,-1,775.000,750.000,-1,-1,2,0,2,0,2,0,0,0,0,2,0,0,2,0,0,2,2
119,7058.371,9192.689,194.341,68.242,0.371439,-0.928411,-0.009299,0.927455,0.370555,0.050155,-0.043118,-0.027254,0.998698,0,0.96248,-1.00000,57.749,-2.000,-1,400.000,-1,400.000,-1,325.000,325.000,325.000,325.000,-1,800.000,800.000,-1,775.000,750.000,-1,-1,2,0,2,0,2,0,0,0,0,2,0,0,2,0,0,2,2
120,7081.636,9245.544,191.878,66.242,0.403640,-0.914863,-0.009972,0.913979,0.402708,0.049682,-0.041436,-0.029168,0.998715,0,0.96248,-1.00000,57.749,-2.000,-1,400.000,-1,400.000,-1,325.000,325.000,325.000,325.000,-1,800.000,800.000,-1,775.000,750.000,-1,-1,2,0,2,0,2,0,0,0,0,2,0,0,2,0,0,2,2
121,7106.732,9297.555,189.538,64.242,0.435350,-0.900197,-0.010750,0.899381,0.434365,0.049411,-0.039810,-0.031179,0.998721,0,0.96248,-1.00000,57.749,-2.000,-1,400.000,-1,400.000,-1,325.000,325.000,325.000,325.000,-1,825.000,825.000,-1,775.000,750.000,-1,-1,2,0,2,0,2,0,0,0,0,2,0,0,2,0,0,2,2
122,7133.627,9348.658,187.262,62.242,0.466521,-0.884437,-0.011410,0.883684,0.465489,0.049227,-0.038227,-0.033048,0.998722,0,0.96248,-1.00000,57.749,-2.000,-1,400.000,-1,400.000,-1,325.000,325.000,325.000,300.000,-1,850.000,850.000,-1,775.000,750.000,-1,-1,2,0,2,0,2,0,0,0,0,2,0,0,2,0,0,2,2
123,7162.290,9398.792,185.008,60.242,0.497112,-0.867607,-0.011719,0.866904,0.496046,0.049153,-0.036832,-0.034594,0.998723,0,0.96248,-1.00000,57.749,-2.000,-1,400.000,-1,400.000,-1,325.000,325.000,300.000,300.000,-1,900.000,875.000,-1,775.000,750.000,-1,-1,2,0,2,0,2,0,0,0,0,2,0,0,2,0,0,2,2
124,7192.685,9447.895,182.867,58.242,0.527095,-0.849720,-0.012071,0.849069,0.525994,0.049108,-0.035379,-0.036134,0.998721,0,0.96248,-1.00000,57.749,-2.000,-1,400.000,-1,400.000,-1,325.000,325.000,300.000,300.000,-1,925.000,925.000,-1,775.000,750.000,-1,-1,2,0,2,0,2,0,0,0,0,2,0,0,2,0,0,2,2
125,7224.775,9495.907,180.826,56.242,0.556432,-0.830801,-0.012380,0.830200,0.555298,0.049111,-0.033926,-0.037605,0.998717,0,0.96248,-1.00000,57.749,-2.000,-1,400.000,-1,400.000,-1,325.000,325.000,300.000,300.000,-1,1000.000,950.000,-1,775.000,750.000,-1,-1,2,0,2,0,2,0,0,0,0,2,0,0,2,0,0,2,2
126,7258.521,9542.770,178.886,54.242,0.585087,-0.810872,-0.012615,0.810319,0.583923,0.049161,-0.032497,-0.038986,0.998711,0,0.96248,-1.00000,57.749,-2.000,-1,400.000,-1,400.000,-1,325.000,325.000,300.000,300.000,-1,-1,-1,-1,800.000,750.000,-1,-1,2,0,2,0,2,0,0,0,0,2,2,2,2,0,0,2,2
127,7293.898,9588.452,177.050,52.244,0.612993,-0.789985,-0.012768,0.789476,0.611802,0.049256,-0.031099,-0.040274,0.998705,0,0.96297,-0.99877,57.778,-1.998,-1,400.000,-1,400.000,-1,325.000,325.000,300.000,300.000,-1,-1,-1,-1,800.000,750.000,-1,-1,2,0,2,0,2,0,0,0,0,2,2,2,2,0,0,2,2
128,7330.884,9632.929,175.288,50.254,0.640054,-0.768220,-0.012992,0.767758,0.638834,0.049394,-0.029645,-0.041590,0.998695,0,0.96409,-0.99512,57.845,-1.990,-1,400.000,-1,400.000,-1,325.000,325.000,300.000,300.000,-1,-1,-1,-1,800.000,750.000,-1,-1,2,0,2,0,2,0,0,0,0,2,2,2,2,0,0,2,2
129,7369.412,9676.128,173.621,48.270,0.666252,-0.745609,-0.013202,0.745193,0.665003,0.049583,-0.028190,-0.042873,0.998683,0,0.96473,-0.99169,57.884,-1.983,-1,400.000,-1,400.000,-1,325.000,325.000,300.000,300.000,-1,-1,-1,-1,800.000,750.000,-1,-1,2,0,2,0,2,0,0,0,0,2,2,2,2,0,0,2,2
130,7409.417,9717.981,172.050,46.293,0.691583,-0.722173,-0.013405,0.721802,0.690304,0.049826,-0.026729,-0.044135,0.998668,0,0.96495,-0.98899,57.897,-1.978,-1,400.000,-1,400.000,-1,325.000,325.000,300.000,300.000,-1,-1,-1,-1,800.000,750.000,-1,-1,2,0,2,0,2,0,0,0,0,2,2,2,2,0,0,2,2
131,7450.833,9758.425,170.562,44.319,0.716038,-0.697929,-0.013606,0.697602,0.714724,0.050209,-0.025318,-0.045443,0.998646,0,0.96480,-0.98684,57.888,-1.974,-1,400.000,-1,400.000,-1,325.000,325.000,300.000,300.000,-1,-1,-1,-1,800.000,750.000,-1,-1,2,0,2,0,2,0,0,0,0,2,2,2,2,0,0,2,2
132,7493.596,9797.403,169.137,42.348,0.739609,-0.672895,-0.013798,0.672607,0.738250,0.050850,-0.024030,-0.046890,0.998611,0,0.96435,-0.98526,57.861,-1.971,-1,400.000,-1,400.000,-1,325.000,325.000,300.000,300.000,-1,-1,-1,-1,800.000,750.000,-1,-1,2,0,2,0,2,0,0,0,0,2,2,2,2,0,0,2,2
133,7537.643,9834.864,167.834,40.380,0.762280,-0.647097,-0.013946,0.646850,0.760879,0.051459,-0.022688,-0.048248,0.998578,0,0.96370,-0.98424,57.822,-1.968,-1,400.000,-1,400.000,-1,325.000,325.000,300.000,300.000,-1,-1,-1,-1,800.000,750.000,-1,-1,2,0,2,0,2,0,0,0,0,2,2,2,2,0,0,2,2
134,7579.051,9867.981,166.717,38.651,0.781446,-0.623815,-0.014048,0.623601,0.780005,0.052101,-0.021544,-0.049475,0.998543,0,0.88370,-0.86424,53.022,-1.728,-1,400.000,-1,400.000,-1,325.000,325.000,300.000,300.000,-1,-1,-1,-1,800.000,750.000,-1,-1,2,0,2,0,2,0,0,0,0,2,2,2,2,0,0,2,2
135,7620.314,9899.260,165.693,37.163,0.797383,-0.603309,-0.014113,0.603121,0.795900,0.052801,-0.020622,-0.050614,0.998505,0,0.86297,-0.74424,51.778,-1.488,-1,400.000,-1,400.000,-1,325.000,325.000,300.000,300.000,-1,-1,-1,-1,800.000,750.000,-1,-1,2,0,2,0,2,0,0,0,0,2,2,2,2,0,0,2,2
136,7662.178,9929.581,164.639,35.914,0.810331,-0.585801,-0.014167,0.585642,0.808825,0.053156,-0.019681,-0.051371,0.998486,0,0.86151,-0.62424,51.691,-1.248,-1,400.000,-1,400.000,-1,325.000,325.000,300.000,300.000,-1,-1,-1,-1,800.000,750.000,-1,-1,2,0,2,0,2,0,0,0,0,2,2,2,2,0,0,2,2
137,7704.512,9959.121,163.648,34.906,0.820512,-0.571452,-0.014203,0.571312,0.818978,0.053650,-0.019027,-0.052135,0.998459,0,0.86036,-0.50424,51.622,-1.008,-1,400.000,-1,375.000,-1,325.000,325.000,300.000,300.000,-1,-1,-1,-1,800.000,750.000,-1,-1,2,0,2,0,2,0,0,0,0,2,2,2,2,0,0,2,2
138,7747.201,9988.065,162.685,34.137,0.828103,-0.560396,-0.014228,0.560268,0.826538,0.054175,-0.018600,-0.052834,0.998430,0,0.85959,-0.38424,51.576,-0.768,-1,400.000,-1,375.000,-1,325.000,325.000,300.000,300.000,-1,-1,-1,-1,800.000,750.000,-1,-1,2,0,2,0,2,0,0,0,0,2,2,2,2,0,0,2,2
139,7790.137,10016.602,161.738,33.609,0.833239,-0.552730,-0.014246,0.552607,0.831643,0.054730,-0.018403,-0.053476,0.998400,0,0.85923,-0.26424,51.554,-0.528,-1,400.000,-1,375.000,-1,325.000,325.000,300.000,300.000,-1,-1,-1,-1,800.000,750.000,-1,-1,2,0,2,0,2,0,0,0,0,2,2,2,2,0,0,2,2
