timestep,x_cm,y_cm,z_cm,yaw_deg,basis_xx,basis_xy,basis_xz,basis_yx,basis_yy,basis_yz,basis_zx,basis_zy,basis_zz,teleport_flag,throttle_cmd,steering_cmd,cmd_move_cm,cmd_turn_deg,lidar_cm_0,lidar_cm_1,lidar_cm_2,lidar_cm_3,lidar_cm_4,lidar_cm_5,lidar_cm_6,lidar_cm_7,lidar_cm_8,lidar_cm_9,lidar_cm_10,lidar_cm_11,lidar_cm_12,lidar_cm_13,lidar_cm_14,lidar_cm_15,lidar_cm_16,lidar_class_0,lidar_class_1,lidar_class_2,lidar_class_3,lidar_class_4,lidar_class_5,lidar_class_6,lidar_class_7,lidar_class_8,lidar_class_9,lidar_class_10,lidar_class_11,lidar_class_12,lidar_class_13,lidar_class_14,lidar_class_15,lidar_class_16
0,-8197.512,-979.387,198.599,69.512,0.349893,-0.933583,0.077441,0.936788,0.348835,-0.027234,-0.001589,0.082075,0.996625,1,0.08000,-0.02558,4.800,-0.051,-1,400.000,-1,350.000,-1,325.000,300.000,400.000,275.000,-1,50.000,200.000,-1,875.000,650.000,-1,-1,2,0,2,0,2,0,0,0,0,2,1,1,2,0,0,2,2
1,-8194.142,-970.398,198.325,69.459,0.350860,-0.933423,0.074955,0.936428,0.349752,-0.027858,-0.000212,0.079964,0.996798,0,0.16000,-0.02629,9.600,-0.053,-1,400.000,-1,350.000,-1,325.000,300.000,400.000,275.000,-1,50.000,200.000,-1,875.000,675.000,-1,-1,2,0,2,0,2,0,0,0,0,2,1,1,2,0,0,2,2
2,-8189.073,-956.920,197.933,69.404,0.351910,-0.933313,0.071320,0.936032,0.350740,-0.028732,0.001801,0.076869,0.997040,0,0.24000,-0.02770,14.400,-0.055,-1,400.000,-1,350.000,-1,325.000,300.000,400.000,275.000,-1,50.000,200.000,-1,875.000,675.000,-1,-1,2,0,2,0,2,0,0,0,0,2,1,1,2,0,0,2,2
3,-8182.297,-938.955,197.440,69.344,0.353052,-0.933229,0.066625,0.935594,0.351818,-0.029817,0.004386,0.072861,0.997332,0,0.32000,-0.02983,19.200,-0.060,-1,400.000,-1,375.000,-1,325.000,300.000,375.000,275.000,-1,50.000,200.000,-1,900.000,700.000,-1,-1,2,0,2,0,2,0,0,0,0,2,1,1,2,0,0,2,2
4,-8173.802,-916.509,196.868,69.279,0.354288,-0.933145,0.060989,0.935107,0.353003,-0.031060,0.007454,0.068036,0.997655,0,0.40000,-0.03268,24.000,-0.065,-1,400.000,-1,375.000,-1,325.000,300.000,375.000,275.000,-1,50.000,200.000,-1,900.000,725.000,-1,-1,2,0,2,0,2,0,0,0,0,2,1,1,2,0,0,2,2
5,-8163.574,-889.586,196.248,69.206,0.355623,-0.933036,0.054562,0.934566,0.354311,-0.032397,0.010896,0.062513,0.997985,0,0.48000,-0.03625,28.800,-0.073,-1,425.000,-1,375.000,-1,325.000,325.000,350.000,275.000,-1,75.000,200.000,-1,925.000,775.000,-1,-1,2,0,2,0,2,0,0,0,0,2,1,1,2,0,0,2,2
6,-8151.597,-858.193,195.615,69.125,0.357061,-0.932871,0.047525,0.933967,0.355761,-0.033749,0.014576,0.056437,0.998300,0,0.56000,-0.04056,33.600,-0.081,-1,425.000,-1,375.000,-1,325.000,325.000,325.000,300.000,-1,75.000,200.000,-1,950.000,800.000,-1,-1,2,0,2,0,2,0,0,0,0,2,1,1,2,0,0,2,2
7,-8137.853,-822.336,195.009,69.034,0.358613,-0.932625,0.040092,0.933306,0.357369,-0.035024,0.018337,0.049978,0.998582,0,0.64000,-0.04562,38.400,-0.091,-1,425.000,-1,400.000,-1,325.000,325.000,325.000,300.000,-1,75.000,225.000,-1,975.000,850.000,-1,-1,2,0,2,0,2,0,0,0,0,2,1,1,2,0,0,2,2
8,-8122.320,-782.026,194.492,68.931,0.360295,-0.932270,0.032569,0.932580,0.359154,-0.036098,0.021956,0.043379,0.998817,0,0.72000,-0.05142,43.200,-0.103,-1,425.000,-1,400.000,-1,350.000,325.000,300.000,300.000,-1,75.000,225.000,-1,-1,900.000,-1,-1,2,0,2,0,2,0,0,0,0,2,1,1,2,2,0,2,2
9,-8106.527,-741.278,195.561,68.815,0.362125,-0.931550,0.032851,0.931907,0.361044,-0.034597,0.020369,0.043142,0.998861,0,0.72834,-0.05799,43.701,-0.116,-1,425.000,-1,425.000,-1,350.000,325.000,300.000,300.000,-1,125.000,275.000,-1,-1,900.000,-1,-1,2,0,2,0,2,0,0,0,0,2,1,1,2,2,0,2,2
10,-8090.544,-700.317,196.375,68.686,0.364128,-0.930784,0.032423,0.931175,0.363166,-0.032009,0.018019,0.041847,0.998962,0,0.73283,-0.06467,43.970,-0.129,-1,425.000,-1,425.000,-1,350.000,325.000,300.000,300.000,-1,175.000,325.000,-1,-1,900.000,-1,-1,2,0,2,0,2,0,0,0,0,2,1,1,2,2,0,2,2
11,-8074.356,-659.136,197.072,68.543,0.366336,-0.929944,0.031656,0.930356,0.365512,-0.028957,0.015358,0.040059,0.999079,0,0.73747,-0.07142,44.248,-0.143,-1,425.000,-1,425.000,-1,350.000,325.000,300.000,300.000,-1,225.000,400.000,-1,1000.000,875.000,-1,-1,2,0,2,0,2,0,0,0,0,2,1,1,2,0,0,2,2
12,-8057.951,-617.732,197.763,68.386,0.368770,-0.929008,0.030848,0.929433,0.368077,-0.025957,0.012760,0.038243,0.999187,0,0.74226,-0.07825,44.535,-0.156,-1,425.000,-1,425.000,-1,350.000,325.000,300.000,300.000,-1,300.000,450.000,-1,1000.000,875.000,-1,-1,2,0,2,0,2,0,0,0,0,2,1,1,2,0,0,2,2
13,-8041.313,-576.103,198.302,68.216,0.371452,-0.927956,0.030335,0.928391,0.370855,-0.023597,0.010647,0.036928,0.999261,0,0.74718,-0.08515,44.831,-0.170,-1,425.000,-1,425.000,-1,350.000,325.000,275.000,325.000,-1,350.000,525.000,-1,1000.000,875.000,-1,-1,2,0,2,0,2,0,0,0,0,2,1,1,2,0,0,2,2
14,-8024.428,-534.247,198.638,68.032,0.374378,-0.926782,0.030263,0.927233,0.373846,-0.021862,0.008948,0.036246,0.999303,0,0.75223,-0.09211,45.134,-0.184,-1,425.000,-1,425.000,-1,350.000,325.000,275.000,325.000,-1,400.000,575.000,-1,1000.000,875.000,-1,-1,2,0,2,0,2,0,0,0,0,2,1,1,2,0,0,2,2
15,-8007.282,-492.162,198.628,67.833,0.377506,-0.925467,0.031632,0.925986,0.377045,-0.019690,0.006296,0.036723,0.999306,0,0.75740,-0.09915,45.444,-0.198,-1,425.000,-1,425.000,-1,350.000,325.000,300.000,325.000,-1,475.000,625.000,-1,1000.000,875.000,-1,-1,2,0,2,0,2,0,0,0,0,2,1,1,2,0,0,2,2
16,-7989.860,-449.847,198.603,67.621,0.380856,-0.924048,0.032937,0.924627,0.380469,-0.017537,0.003673,0.037133,0.999304,0,0.76268,-0.10626,45.761,-0.213,-1,425.000,-1,400.000,-1,325.000,325.000,300.000,300.000,-1,525.000,675.000,-1,975.000,850.000,-1,-1,2,0,2,0,2,0,0,0,0,2,1,1,2,0,0,2,2
17,-7972.145,-407.303,198.561,67.394,0.384428,-0.922522,0.034177,0.923154,0.384121,-0.015405,0.001083,0.037473,0.999297,0,0.76808,-0.11344,46.085,-0.227,-1,425.000,-1,400.000,-1,325.000,325.000,300.000,300.000,-1,600.000,750.000,-1,975.000,850.000,-1,-1,2,0,2,0,2,0,0,0,0,2,1,1,2,0,0,2,2
18,-7954.123,-364.530,198.501,67.153,0.388225,-0.920886,0.035352,0.921563,0.388000,-0.013295,-0.001474,0.037741,0.999286,0,0.77357,-0.12070,46.414,-0.241,-1,425.000,-1,400.000,-1,325.000,325.000,300.000,300.000,-1,650.000,800.000,-1,975.000,850.000,-1,-1,2,0,2,0,2,0,0,0,0,2,1,1,2,0,0,2,2
19,-7935.779,-321.529,198.423,66.897,0.392248,-0.919137,0.036460,0.919851,0.392108,-0.011208,-0.003995,0.037934,0.999272,0,0.77917,-0.12802,46.750,-0.256,-1,425.000,-1,400.000,-1,325.000,325.000,300.000,300.000,-1,725.000,875.000,-1,950.000,850.000,-1,-1,2,0,2,0,2,0,0,0,0,2,1,1,2,0,0,2,2
20,-7917.096,-278.302,198.325,66.626,0.396499,-0.917269,0.037498,0.918012,0.396447,-0.009145,-0.006478,0.038049,0.999255,0,0.78487,-0.13541,47.092,-0.271,-1,425.000,-1,400.000,-1,325.000,325.000,300.000,300.000,-1,775.000,925.000,-1,950.000,825.000,-1,-1,2,0,2,0,2,0,0,0,0,2,1,1,2,0,0,2,2
21,-7898.058,-234.851,198.207,66.340,0.400979,-0.915279,0.038465,0.916044,0.401016,-0.007106,-0.008921,0.038085,0.999235,0,0.79065,-0.14287,47.439,-0.286,-1,425.000,-1,400.000,-1,325.000,325.000,300.000,300.000,-1,850.000,975.000,-1,950.000,825.000,-1,-1,2,0,2,0,2,0,0,0,0,2,1,1,2,0,0,2,2
22,-7878.649,-191.178,198.027,66.039,0.405684,-0.913158,0.039541,0.913942,0.405814,-0.005045,-0.011439,0.038184,0.999205,0,0.79653,-0.15040,47.792,-0.301,-1,425.000,-1,400.000,-1,325.000,325.000,300.000,300.000,-1,925.000,-1,-1,950.000,825.000,-1,-1,2,0,2,0,2,0,0,0,0,2,1,2,2,0,0,2,2
23,-7858.852,-147.286,197.831,65.723,0.410621,-0.910906,0.040508,0.911701,0.410844,-0.003021,-0.013891,0.038172,0.999175,0,0.80249,-0.15800,48.149,-0.316,-1,425.000,-1,400.000,-1,325.000,325.000,300.000,300.000,-1,975.000,-1,-1,950.000,825.000,-1,-1,2,0,2,0,2,0,0,0,0,2,1,2,2,0,0,2,2
24,-7838.650,-103.180,197.245,65.392,0.415861,-0.908571,0.039489,0.909303,0.416131,-0.001501,-0.015069,0.036532,0.999219,0,0.80854,-0.16568,48.512,-0.331,-1,425.000,-1,400.000,-1,325.000,325.000,300.000,300.000,-1,-1,-1,-1,950.000,825.000,-1,-1,2,0,2,0,2,0,0,0,0,2,2,2,2,0,0,2,2
25,-7818.026,-58.863,196.494,65.045,0.421325,-0.906111,0.038055,0.906754,0.421659,0.000816,-0.016786,0.034163,0.999275,0,0.81467,-0.17342,48.880,-0.347,-1,425.000,-1,400.000,-1,325.000,325.000,300.000,300.000,-1,-1,-1,-1,950.000,825.000,-1,-1,2,0,2,0,2,0,0,0,0,2,2,2,2,0,0,2,2
26,-7796.963,-14.341,195.582,64.683,0.427016,-0.903516,0.036277,0.904042,0.427426,0.004013,-0.019132,0.031082,0.999334,0,0.82089,-0.18124,49.253,-0.362,-1,425.000,-1,400.000,-1,325.000,325.000,300.000,300.000,-1,-1,-1,-1,925.000,825.000,-1,-1,2,0,2,0,2,0,0,0,0,2,2,2,2,0,0,2,2
27,-7775.442,30.381,194.673,64.304,0.432950,-0.900758,0.034500,0.901163,0.433421,0.007227,-0.021463,0.027961,0.999379,0,0.82718,-0.18912,49.631,-0.378,-1,425.000,-1,400.000,-1,325.000,325.000,300.000,325.000,-1,-1,-1,-1,900.000,825.000,-1,-1,2,0,2,0,2,0,0,0,0,2,2,2,2,0,0,2,2
28,-7753.447,75.298,193.694,63.910,0.439126,-0.897824,0.032871,0.898116,0.439641,0.010149,-0.023563,0.025065,0.999408,0,0.83355,-0.19708,50.013,-0.394,-1,425.000,-1,400.000,-1,325.000,325.000,300.000,325.000,-1,-1,-1,-1,900.000,825.000,-1,-1,2,0,2,0,2,0,0,0,0,2,2,2,2,0,0,2,2
29,-7729.119,123.617,192.287,63.276,0.449039,-0.892944,0.031849,0.893166,0.449572,0.011817,-0.024871,0.023140,0.999423,0,0.90162,-0.31708,54.097,-0.634,-1,425.000,-1,400.000,-1,325.000,325.000,300.000,325.000,-1,-1,-1,-1,900.000,825.000,-1,-1,2,0,2,0,2,0,0,0,0,2,2,2,2,0,0,2,2
30,-7703.863,171.930,190.706,62.402,0.462586,-0.886010,0.031626,0.886171,0.463158,0.013647,-0.026739,0.021713,0.999407,0,0.90862,-0.43708,54.517,-0.874,-1,425.000,-1,400.000,-1,325.000,325.000,300.000,325.000,-1,-1,-1,-1,875.000,825.000,-1,-1,2,0,2,0,2,0,0,0,0,2,2,2,2,0,0,2,2
31,-7677.468,220.117,188.907,61.288,0.479667,-0.876851,0.032432,0.876962,0.480306,0.015626,-0.029279,0.020946,0.999352,0,0.91570,-0.55708,54.942,-1.114,-1,425.000,-1,400.000,-1,325.000,325.000,300.000,325.000,-1,-1,-1,-1,875.000,800.000,-1,-1,2,0,2,0,2,0,0,0,0,2,2,2,2,0,0,2,2
32,-7649.731,268.030,187.097,59.934,0.500196,-0.865271,0.033312,0.865326,0.500903,0.017524,-0.031849,0.020060,0.999291,0,0.92269,-0.67708,55.362,-1.354,-1,400.000,-1,400.000,-1,325.000,325.000,300.000,325.000,-1,-1,-1,-1,850.000,775.000,-1,-1,2,0,2,0,2,0,0,0,0,2,2,2,2,0,0,2,2
33,-7620.672,315.152,185.288,58.339,0.524017,-0.851018,0.034276,0.851012,0.524791,0.019299,-0.034411,0.019057,0.999226,0,0.92269,-0.79708,55.362,-1.594,-1,400.000,-1,400.000,-1,325.000,325.000,300.000,300.000,-1,-1,-1,-1,850.000,775.000,-1,-1,2,0,2,0,2,0,0,0,0,2,2,2,2,0,0,2,2
34,-7590.212,361.381,183.477,56.620,0.549266,-0.834900,0.035335,0.834832,0.550107,0.020931,-0.036913,0.018002,0.999156,0,0.92269,-0.85995,55.362,-1.720,-1,400.000,-1,400.000,-1,325.000,325.000,325.000,300.000,-1,-1,-1,-1,850.000,750.000,-1,-1,2,0,2,0,2,0,0,0,0,2,2,2,2,0,0,2,2
35,-7558.378,406.675,181.657,54.900,0.574020,-0.818028,0.036481,0.817897,0.574928,0.022402,-0.039299,0.016978,0.999083,0,0.92269,-0.85995,55.362,-1.720,-1,400.000,-1,400.000,-1,325.000,325.000,325.000,300.000,-1,-1,-1,-1,825.000,750.000,-1,-1,2,0,2,0,2,0,0,0,0,2,2,2,2,0,0,2,2
36,-7525.199,450.992,179.574,53.180,0.598313,-0.800427,0.036581,0.800225,0.599238,0.023528,-0.040753,0.015196,0.999054,0,0.92269,-0.85995,55.362,-1.720,-1,400.000,-1,400.000,-1,325.000,325.000,325.000,300.000,-1,-1,-1,-1,825.000,725.000,-1,-1,2,0,2,0,2,0,0,0,0,2,2,2,2,0,0,2,2
37,-7490.705,494.295,177.259,51.460,0.622121,-0.782111,0.035620,0.781819,0.623015,0.024740,-0.041541,0.012458,0.999059,0,0.92269,-0.85995,55.362,-1.720,-1,400.000,-1,400.000,-1,325.000,325.000,325.000,300.000,-1,-1,-1,-1,825.000,725.000,-1,-1,2,0,2,0,2,0,0,0,0,2,2,2,2,0,0,2,2
38,-7454.927,536.542,174.959,49.740,0.645365,-0.763083,0.034767,0.762703,0.646227,0.025981,-0.042293,0.009750,0.999058,0,0.92269,-0.85995,55.362,-1.720,-1,400.000,-1,400.000,-1,325.000,325.000,325.000,300.000,-1,-1,-1,-1,800.000,725.000,-1,-1,2,0,2,0,2,0,0,0,0,2,2,2,2,0,0,2,2
39,-7417.897,577.697,172.638,48.020,0.668026,-0.743361,0.033992,0.742886,0.668855,0.027444,-0.043137,0.006918,0.999045,0,0.92269,-0.85995,55.362,-1.720,-1,400.000,-1,375.000,-1,325.000,325.000,325.000,300.000,-1,-1,-1,-1,800.000,725.000,-1,-1,2,0,2,0,2,0,0,0,0,2,2,2,2,0,0,2,2
40,-7379.649,617.721,170.281,46.300,0.690083,-0.722963,0.033302,0.722383,0.690875,0.029216,-0.044130,0.003895,0.999018,0,0.92269,-0.85995,55.362,-1.720,-1,400.000,-1,375.000,-1,325.000,325.000,325.000,300.000,-1,-1,-1,-1,800.000,700.000,-1,-1,2,0,2,0,2,0,0,0,0,2,2,2,2,0,0,2,2
41,-7340.217,656.580,167.956,44.580,0.711515,-0.701907,0.032761,0.701225,0.712268,0.030962,-0.045067,0.000943,0.998984,0,0.92269,-0.85995,55.362,-1.720,-1,400.000,-1,375.000,-1,325.000,325.000,325.000,300.000,-1,-1,-1,-1,775.000,700.000,-1,-1,2,0,2,0,2,0,0,0,0,2,2,2,2,0,0,2,2
42,-7299.636,694.238,165.664,42.860,0.732300,-0.680212,0.032366,0.679430,0.733013,0.032675,-0.045951,-0.001937,0.998942,0,0.92269,-0.85995,55.362,-1.720,-1,400.000,-1,375.000,-1,325.000,325.000,300.000,300.000,-1,-1,-1,-1,750.000,700.000,-1,-1,2,0,2,0,2,0,0,0,0,2,2,2,2,0,0,2,2
43,-7257.944,730.661,163.507,41.140,0.752454,-0.657898,0.031346,0.657030,0.753089,0.034173,-0.046088,-0.005119,0.998924,0,0.92269,-0.85995,55.362,-1.720,-1,400.000,-1,375.000,-1,325.000,300.000,300.000,300.000,-1,-1,-1,-1,750.000,700.000,-1,-1,2,0,2,0,2,0,0,0,0,2,2,2,2,0,0,2,2
44,-7215.177,765.816,161.158,39.421,0.771927,-0.634990,0.030274,0.634099,0.772485,0.034438,-0.045254,-0.007387,0.998948,0,0.92269,-0.85995,55.362,-1.720,-1,400.000,-1,375.000,-1,325.000,300.000,300.000,300.000,-1,-1,-1,-1,750.000,700.000,-1,-1,2,0,2,0,2,0,0,0,0,2,2,2,2,0,0,2,2
45,-7174.199,797.764,158.995,37.941,0.788126,-0.614818,0.029278,0.613909,0.788613,0.034700,-0.044423,-0.009374,0.998969,0,0.86600,-0.73995,51.960,-1.480,-1,400.000,-1,375.000,-1,325.000,300.000,300.000,325.000,-1,-1,-1,-1,750.000,700.000,-1,-1,2,0,2,0,2,0,0,0,0,2,2,2,2,0,0,2,2
46,-7132.539,828.818,156.870,36.701,0.801297,-0.597599,0.028277,0.596679,0.801718,0.034969,-0.043568,-0.011148,0.998988,0,0.86600,-0.61995,51.960,-1.240,-1,400.000,-1,375.000,-1,325.000,300.000,300.000,325.000,-1,-1,-1,-1,725.000,700.000,-1,-1,2,0,2,0,2,0,0,0,0,2,2,2,2,0,0,2,2
47,-7090.344,859.139,154.758,35.701,0.811655,-0.583505,0.027146,0.582579,0.812008,0.035277,-0.042627,-0.012818,0.999009,0,0.86600,-0.49995,51.960,-1.000,-1,400.000,-1,375.000,-1,325.000,300.000,300.000,325.000,-1,-1,-1,-1,725.000,700.000,-1,-1,2,0,2,0,2,0,0,0,0,2,2,2,2,0,0,2,2
48,-7047.750,888.899,152.676,34.941,0.819373,-0.572673,0.025961,0.571745,0.819659,0.035597,-0.041665,-0.014325,0.999029,0,0.86600,-0.37995,51.960,-0.760,-1,375.000,-1,375.000,-1,325.000,300.000,300.000,325.000,-1,-1,-1,-1,725.000,700.000,-1,-1,2,0,2,0,2,0,0,0,0,2,2,2,2,0,0,2,2
49,-7004.888,918.271,150.626,34.421,0.824582,-0.565201,0.024735,0.564276,0.824805,0.035920,-0.040703,-0.015661,0.999049,0,0.86600,-0.25995,51.960,-0.520,-1,375.000,-1,375.000,-1,325.000,300.000,300.000,325.000,-1,-1,-1,-1,725.000,700.000,-1,-1,2,0,2,0,2,0,0,0,0,2,2,2,2,0,0,2,2
50,-6961.883,947.432,148.747,34.141,0.827380,-0.561160,0.023300,0.560276,0.827548,0.035427,-0.039162,-0.016258,0.999101,0,0.86600,-0.13995,51.960,-0.280,-1,400.000,-1,375.000,-1,325.000,300.000,300.000,325.000,-1,-1,-1,-1,725.000,700.000,-1,-1,2,0,2,0,2,0,0,0,0,2,2,2,2,0,0,2,2
51,-6918.858,976.564,146.836,34.101,0.827822,-0.560577,0.021533,0.559738,0.827929,0.035035,-0.037467,-0.016950,0.999154,0,0.86600,-0.01995,51.960,-0.040,-1,400.000,-1,375.000,-1,325.000,325.000,300.000,325.000,-1,-1,-1,-1,725.000,700.000,-1,-1,2,0,2,0,2,0,0,0,0,2,2,2,2,0,0,2,2
52,-6875.934,1005.846,144.931,34.301,0.825907,-0.563460,0.019793,0.562664,0.825958,0.034662,-0.035879,-0.017491,0.999203,0,0.86600,0.10005,51.960,0.200,-1,400.000,-1,375.000,-1,325.000,325.000,300.000,325.000,-1,875.000,-1,-1,725.000,700.000,-1,-1,2,0,2,0,2,0,0,0,0,2,0,2,2,0,0,2,2
53,-6829.293,1038.192,142.710,34.741,0.821582,-0.569788,0.018575,0.569035,0.821607,0.034068,-0.034673,-0.017419,0.999247,0,0.94600,0.22005,56.760,0.440,-1,400.000,-1,375.000,-1,325.000,325.000,300.000,300.000,-1,800.000,-1,-1,725.000,725.000,-1,-1,2,0,2,0,2,0,0,0,0,2,0,2,2,0,0,2,2
54,-6782.765,1071.212,140.470,35.362,0.815384,-0.578658,0.017435,0.577945,0.815389,0.033470,-0.033584,-0.017214,0.999288,0,0.95090,0.31038,57.054,0.621,-1,400.000,-1,375.000,-1,325.000,325.000,300.000,300.000,-1,750.000,800.000,-1,725.000,725.000,-1,-1,2,0,2,0,2,0,0,0,0,2,0,0,2,0,0,2,2
55,-6736.598,1104.733,138.397,35.983,0.809092,-0.587453,0.016395,0.586752,0.809066,0.033677,-0.033048,-0.017628,0.999298,0,0.95090,0.31038,57.054,0.621,-1,400.000,-1,375.000,-1,325.000,325.000,300.000,300.000,-1,725.000,800.000,-1,700.000,725.000,-1,-1,2,0,2,0,2,0,0,0,0,2,0,0,2,0,0,2,2
56,-6690.796,1138.754,136.397,36.604,0.802705,-0.596177,0.015413,0.595474,0.802644,0.034252,-0.032792,-0.018316,0.999294,0,0.95090,0.31038,57.054,0.621,-1,400.000,-1,375.000,-1,325.000,325.000,300.000,300.000,-1,750.000,825.000,-1,700.000,725.000,-1,-1,2,0,2,0,2,0,0,0,0,2,0,0,2,0,0,2,2
57,-6645.366,1173.268,134.404,37.224,0.796223,-0.604830,0.014471,0.604123,0.796127,0.034882,-0.032618,-0.019031,0.999287,0,0.95090,0.31038,57.054,0.621,-1,375.000,-1,375.000,-1,325.000,325.000,300.000,300.000,-1,750.000,875.000,-1,700.000,725.000,-1,-1,2,0,2,0,2,0,0,0,0,2,0,0,2,0,0,2,2
58,-6600.312,1208.272,132.499,37.845,0.789657,-0.613407,0.013193,0.612699,0.789512,0.035658,-0.032289,-0.020074,0.999277,0,0.95090,0.31038,57.054,0.621,-1,375.000,-1,375.000,-1,325.000,325.000,300.000,300.000,-1,775.000,900.000,-1,700.000,725.000,-1,-1,2,0,2,0,2,0,0,0,0,2,0,0,2,0,0,2,2
59,-6555.641,1243.763,130.760,38.466,0.782993,-0.621918,0.011880,0.621232,0.782812,0.035741,-0.031527,-0.020605,0.999290,0,0.95090,0.31038,57.054,0.621,-1,375.000,-1,375.000,-1,325.000,325.000,300.000,300.000,-1,775.000,900.000,-1,700.000,725.000,-1,-1,2,0,2,0,2,0,0,0,0,2,0,0,2,0,0,2,2
60,-6511.356,1279.735,129.192,39.087,0.776227,-0.630364,0.010623,0.629723,0.776030,0.035022,-0.030320,-0.020495,0.999330,0,0.95090,0.31038,57.054,0.621,-1,375.000,-1,400.000,-1,325.000,325.000,300.000,300.000,-1,750.000,875.000,-1,700.000,750.000,-1,-1,2,0,2,0,2,0,0,0,0,2,0,0,2,0,0,2,2
61,-6467.463,1316.185,127.644,39.707,0.769368,-0.638736,0.009456,0.638138,0.769157,0.034317,-0.029192,-0.020368,0.999366,0,0.95090,0.31038,57.054,0.621,-1,375.000,-1,400.000,-1,325.000,325.000,300.000,300.000,-1,750.000,875.000,-1,700.000,750.000,-1,-1,2,0,2,0,2,0,0,0,0,2,0,0,2,0,0,2,2
62,-6423.968,1353.108,126.271,40.328,0.762400,-0.647041,0.009170,0.646472,0.762203,0.033474,-0.028649,-0.019592,0.999398,0,0.95090,0.31038,57.054,0.621,-1,375.000,-1,400.000,-1,325.000,325.000,300.000,300.000,-1,775.000,900.000,-1,700.000,750.000,-1,-1,2,0,2,0,2,0,0,0,0,2,0,0,2,0,0,2,2
63,-6380.876,1390.500,124.849,40.949,0.755340,-0.655273,0.008914,0.654736,0.755162,0.032424,-0.027978,-0.018655,0.999434,0,0.95090,0.31038,57.054,0.621,-1,375.000,-1,400.000,-1,325.000,325.000,300.000,300.000,-1,800.000,925.000,-1,700.000,775.000,-1,-1,2,0,2,0,2,0,0,0,0,2,0,0,2,0,0,2,2
64,-6338.191,1428.356,123.304,41.570,0.748186,-0.663432,0.008711,0.662941,0.748037,0.030819,-0.026963,-0.017283,0.999487,0,0.95090,0.31038,57.054,0.621,-1,375.000,-1,400.000,-1,325.000,325.000,300.000,300.000,-1,800.000,925.000,-1,700.000,775.000,-1,-1,2,0,2,0,2,0,0,0,0,2,0,0,2,0,0,2,2
65,-6295.918,1466.673,121.744,42.190,0.740944,-0.671513,0.008549,0.671067,0.740823,0.029173,-0.025923,-0.015879,0.999538,0,0.95090,0.31038,57.054,0.621,-1,375.000,-1,400.000,-1,325.000,325.000,300.000,300.000,-1,800.000,900.000,-1,700.000,775.000,-1,-1,2,0,2,0,2,0,0,0,0,2,0,0,2,0,0,2,2
66,-6254.063,1505.446,120.180,42.811,0.733614,-0.679514,0.008431,0.679113,0.733521,0.027442,-0.024832,-0.014407,0.999588,0,0.95090,0.31038,57.054,0.621,-1,375.000,-1,400.000,-1,325.000,325.000,300.000,300.000,-1,800.000,875.000,-1,700.000,800.000,-1,-1,2,0,2,0,2,0,0,0,0,2,0,0,2,0,0,2,2
67,-6212.631,1544.670,118.585,43.432,0.726198,-0.687435,0.008349,0.687075,0.726130,0.025755,-0.023768,-0.012967,0.999633,0,0.95090,0.31038,57.054,0.621,-1,375.000,-1,400.000,-1,325.000,325.000,300.000,300.000,-1,775.000,875.000,-1,725.000,800.000,-1,-1,2,0,2,0,2,0,0,0,0,2,0,0,2,0,0,2,2
68,-6171.626,1584.340,116.959,44.053,0.718697,-0.695273,0.008300,0.694951,0.718652,0.024127,-0.022740,-0.011572,0.999674,0,0.95090,0.31038,57.054,0.621,-1,375.000,-1,400.000,-1,325.000,325.000,300.000,300.000,-1,775.000,850.000,-1,725.000,800.000,-1,-1,2,0,2,0,2,0,0,0,0,2,0,0,2,0,0,2,2
69,-6131.054,1624.453,115.646,44.673,0.711136,-0.703019,0.007061,0.702732,0.711078,0.023147,-0.021293,-0.011499,0.999707,0,0.95090,0.31038,57.054,0.621,-1,375.000,-1,400.000,-1,325.000,325.000,300.000,300.000,-1,750.000,825.000,-1,725.000,825.000,-1,-1,2,0,2,0,2,0,0,0,0,2,0,0,2,0,0,2,2
70,-6090.919,1665.002,114.320,45.294,0.703491,-0.710681,0.005749,0.710428,0.703420,0.022207,-0.019826,-0.011538,0.999737,0,0.95090,0.31038,57.054,0.621,-1,400.000,-1,400.000,-1,325.000,325.000,300.000,300.000,-1,725.000,725.000,-1,725.000,850.000,-1,-1,2,0,2,0,2,0,0,0,0,2,0,0,2,0,0,2,2
71,-6051.225,1705.985,113.147,45.915,0.695745,-0.718267,0.005585,0.718034,0.695685,0.021189,-0.019104,-0.010732,0.999760,0,0.95090,0.31038,57.054,0.621,-1,400.000,-1,400.000,-1,325.000,325.000,300.000,300.000,-1,725.000,650.000,-1,725.000,850.000,-1,-1,2,0,2,0,2,0,0,0,0,2,0,0,2,0,0,2,2
72,-6011.977,1747.394,112.035,46.536,0.687909,-0.725771,0.006089,0.725552,0.687871,0.020169,-0.018826,-0.009456,0.999778,0,0.95090,0.31038,57.054,0.621,-1,400.000,-1,400.000,-1,325.000,325.000,300.000,300.000,-1,750.000,675.000,-1,750.000,875.000,-1,-1,2,0,2,0,2,0,0,0,0,2,0,0,2,0,0,2,2
73,-5973.180,1789.227,110.868,47.156,0.679990,-0.733190,0.006790,0.732983,0.679976,0.019203,-0.018696,-0.008081,0.999793,0,0.95090,0.31038,57.054,0.621,-1,400.000,-1,425.000,-1,325.000,325.000,300.000,300.000,-1,775.000,700.000,-1,750.000,875.000,-1,-1,2,0,2,0,2,0,0,0,0,2,0,0,2,0,0,2,2
74,-5934.839,1831.477,109.509,47.777,0.671978,-0.740524,0.008339,0.740324,0.672003,0.018256,-0.019123,-0.006094,0.999799,0,0.95090,0.31038,57.054,0.621,-1,400.000,-1,425.000,-1,325.000,325.000,300.000,300.000,-1,850.000,750.000,-1,750.000,900.000,-1,-1,2,0,2,0,2,0,0,0,0,2,0,0,2,0,0,2,2
75,-5896.958,1874.140,108.121,48.398,0.663885,-0.747768,0.009984,0.747578,0.663947,0.017378,-0.019624,-0.004073,0.999799,0,0.95090,0.31038,57.054,0.621,-1,375.000,-1,425.000,-1,325.000,325.000,300.000,300.000,-1,925.000,800.000,-1,750.000,925.000,-1,-1,2,0,2,0,2,0,0,0,0,2,0,0,2,0,0,2,2
76,-5859.541,1917.212,106.888,49.019,0.655705,-0.754923,0.011901,0.754763,0.655812,0.015609,-0.019588,-0.001252,0.999807,0,0.95090,0.31038,57.054,0.621,-1,400.000,-1,425.000,-1,325.000,325.000,300.000,300.000,-1,950.000,825.000,-1,775.000,950.000,-1,-1,2,0,2,0,2,0,0,0,0,2,0,0,2,0,0,2,2
77,-5822.593,1960.686,105.616,49.639,0.647447,-0.761984,0.013919,0.761857,0.647594,0.013970,-0.019659,0.001559,0.999806,0,0.95090,0.31038,57.054,0.621,-1,400.000,-1,425.000,-1,325.000,325.000,300.000,300.000,-1,1000.000,875.000,-1,800.000,975.000,-1,-1,2,0,2,0,2,0,0,0,0,2,0,0,2,0,0,2,2
78,-5786.118,2004.558,104.313,50.260,0.639109,-0.768949,0.016072,0.768860,0.639296,0.012464,-0.019859,0.004391,0.999793,0,0.95090,0.31038,57.054,0.621,-1,400.000,-1,425.000,-1,325.000,325.000,300.000,300.000,-1,-1,900.000,-1,800.000,975.000,-1,-1,2,0,2,0,2,0,0,0,0,2,2,0,2,0,0,2,2
79,-5750.121,2048.822,102.995,50.881,0.630695,-0.775818,0.018190,0.775767,0.630918,0.011281,-0.020229,0.006996,0.999771,0,0.95090,0.31038,57.054,0.621,-1,400.000,-1,425.000,-1,325.000,325.000,300.000,300.000,-1,-1,950.000,-1,825.000,1000.000,-1,-1,2,0,2,0,2,0,0,0,0,2,2,0,2,0,0,2,2
80,-5714.606,2093.474,101.864,51.502,0.622205,-0.782598,0.020040,0.782563,0.622468,0.011351,-0.021357,0.008620,0.999735,0,0.95090,0.31038,57.054,0.621,-1,400.000,-1,425.000,-1,325.000,325.000,300.000,300.000,-1,-1,-1,-1,850.000,-1,-1,-1,2,0,2,0,2,0,0,0,0,2,2,2,2,0,2,2,2
81,-5679.576,2138.508,100.660,52.122,0.613639,-0.789284,0.021870,0.789267,0.613944,0.011461,-0.022472,0.010228,0.999695,0,0.95090,0.31038,57.054,0.621,-1,400.000,-1,425.000,-1,325.000,350.000,300.000,300.000,-1,-1,-1,-1,850.000,-1,-1,-1,2,0,2,0,2,0,0,0,0,2,2,2,2,0,2,2,2
82,-5648.117,2180.231,99.500,52.983,0.601662,-0.798404,0.023544,0.798406,0.602007,0.011613,-0.023445,0.011811,0.999655,0,0.87090,0.43038,52.254,0.861,-1,400.000,-1,425.000,-1,325.000,350.000,300.000,300.000,-1,-1,-1,-1,850.000,-1,-1,-1,2,0,2,0,2,0,0,0,0,2,2,2,2,0,2,2,2
83,-5620.280,2218.663,98.413,54.084,0.586164,-0.809805,0.025044,0.809830,0.586546,0.011794,-0.024240,0.013368,0.999617,0,0.79090,0.55038,47.454,1.101,-1,400.000,-1,425.000,-1,325.000,350.000,300.000,300.000,-1,-1,-1,-1,850.000,-1,-1,-1,2,0,2,0,2,0,0,0,0,2,2,2,2,0,2,2,2
84,-5596.038,2253.758,97.388,55.364,0.567879,-0.822686,0.026501,0.822735,0.568299,0.011998,-0.024930,0.014990,0.999577,0,0.71090,0.63994,42.654,1.280,-1,400.000,-1,425.000,-1,325.000,350.000,300.000,300.000,-1,-1,-1,-1,875.000,-1,-1,-1,2,0,2,0,2,0,0,0,0,2,2,2,2,0,2,2,2
85,-5573.810,2287.524,96.239,56.644,0.549308,-0.835145,0.028165,0.835240,0.549762,0.011611,-0.025181,0.017147,0.999536,0,0.67376,0.63994,40.425,1.280,-1,400.000,-1,425.000,-1,325.000,350.000,300.000,300.000,-1,-1,-1,-1,875.000,-1,-1,-1,2,0,2,0,2,0,0,0,0,2,2,2,2,0,2,2,2
86,-5552.343,2321.778,95.053,57.924,0.530459,-0.847182,0.029928,0.847329,0.530949,0.011263,-0.025432,0.019384,0.999489,0,0.67376,0.63994,40.425,1.280,-1,400.000,-1,425.000,-1,325.000,350.000,300.000,300.000,-1,-1,-1,-1,875.000,-1,-1,-1,2,0,2,0,2,0,0,0,0,2,2,2,2,0,2,2,2
87,-5531.646,2356.504,93.835,59.204,0.511342,-0.858789,0.031775,0.858993,0.511870,0.010976,-0.025691,0.021682,0.999435,0,0.67376,0.63994,40.425,1.280,-1,400.000,-1,450.000,-1,325.000,350.000,300.000,300.000,-1,-1,-1,-1,875.000,-1,-1,-1,2,0,2,0,2,0,0,0,0,2,2,2,2,0,2,2,2
88,-5511.729,2391.683,92.589,60.483,0.491967,-0.869962,0.033697,0.870227,0.492533,0.010751,-0.025950,0.024035,0.999374,0,0.67376,0.63994,40.425,1.280,-1,400.000,-1,450.000,-1,325.000,350.000,300.000,300.000,-1,-1,-1,-1,875.000,-1,-1,-1,2,0,2,0,2,0,0,0,0,2,2,2,2,0,2,2,2
89,-5492.604,2427.298,91.319,61.763,0.472342,-0.880693,0.035685,0.881026,0.472950,0.010589,-0.026203,0.026438,0.999307,0,0.67376,0.63994,40.425,1.280,-1,400.000,-1,450.000,-1,350.000,350.000,300.000,300.000,-1,-1,-1,-1,875.000,-1,-1,-1,2,0,2,0,2,0,0,0,0,2,2,2,2,0,2,2,2
90,-5474.279,2463.331,89.998,63.043,0.452473,-0.890980,0.037730,0.891379,0.453131,0.010752,-0.026677,0.028766,0.999230,0,0.67376,0.63994,40.425,1.280,-1,425.000,-1,450.000,-1,350.000,350.000,300.000,300.000,-1,-1,-1,-1,875.000,1000.000,-1,-1,2,0,2,0,2,0,0,0,0,2,2,2,2,0,0,2,2
91,-5456.660,2499.980,88.749,64.322,0.432366,-0.900796,0.040329,0.901279,0.433096,0.011131,-0.027493,0.031535,0.999124,0,0.67773,0.63945,40.664,1.279,-1,425.000,-1,450.000,-1,350.000,350.000,300.000,300.000,-1,-1,-1,-1,875.000,1000.000,-1,-1,2,0,2,0,2,0,0,0,0,2,2,2,2,0,0,2,2
92,-5439.732,2537.297,87.475,65.599,0.412066,-0.910141,0.042963,0.910715,0.412873,0.011588,-0.028285,0.034352,0.999009,0,0.68295,0.63857,40.977,1.277,-1,425.000,-1,450.000,-1,350.000,350.000,300.000,300.000,-1,-1,-1,-1,850.000,975.000,-1,-1,2,0,2,0,2,0,0,0,0,2,2,2,2,0,0,2,2
93,-5425.386,2570.508,86.202,66.636,0.395412,-0.917403,0.044959,0.918032,0.396305,0.012673,-0.029444,0.036263,0.998908,0,0.60295,0.51857,36.177,1.037,-1,400.000,-1,450.000,-1,350.000,350.000,300.000,300.000,-1,-1,-1,-1,850.000,950.000,-1,-1,2,0,2,0,2,0,0,0,0,2,2,2,2,0,0,2,2
94,-5413.346,2599.482,85.054,67.434,0.382508,-0.922777,0.046587,0.923445,0.383482,0.013799,-0.030599,0.037742,0.998819,0,0.52295,0.39857,31.377,0.797,-1,400.000,-1,425.000,-1,325.000,350.000,300.000,300.000,-1,-1,-1,-1,850.000,950.000,-1,-1,2,0,2,0,2,0,0,0,0,2,2,2,2,0,0,2,2
95,-5403.386,2624.123,84.068,67.991,0.373427,-0.926420,0.047944,0.927120,0.374474,0.014778,-0.031645,0.038931,0.998741,0,0.44295,0.27857,26.577,0.557,-1,400.000,-1,425.000,-1,325.000,350.000,300.000,300.000,-1,-1,-1,-1,825.000,925.000,-1,-1,2,0,2,0,2,0,0,0,0,2,2,2,2,0,0,2,2
96,-5395.337,2644.357,83.247,68.308,0.368217,-0.928446,0.049040,0.929168,0.369327,0.015604,-0.032599,0.039821,0.998675,0,0.36295,0.15857,21.777,0.317,-1,400.000,-1,425.000,-1,325.000,350.000,300.000,300.000,-1,-1,-1,-1,825.000,925.000,-1,-1,2,0,2,0,2,0,0,0,0,2,2,2,2,0,0,2,2
97,-5389.119,2660.155,82.600,68.515,0.364798,-0.929749,0.049890,0.930488,0.365961,0.016253,-0.033370,0.040493,0.998622,0,0.28295,0.10350,16.977,0.207,-1,400.000,-1,425.000,-1,325.000,350.000,300.000,300.000,-1,-1,-1,-1,825.000,925.000,-1,-1,2,0,2,0,2,0,0,0,0,2,2,2,2,0,1,2,2
98,-5384.700,2671.501,82.137,68.718,0.361451,-0.931022,0.050505,0.931775,0.362650,0.016715,-0.033878,0.041017,0.998584,0,0.20295,0.10170,12.177,0.203,-1,400.000,-1,425.000,-1,325.000,350.000,300.000,300.000,-1,-1,-1,-1,825.000,900.000,-1,-1,2,0,2,0,2,0,0,0,0,2,2,2,2,0,1,2,2
99,-5382.047,2678.384,81.860,68.919,0.358163,-0.932272,0.050882,0.933035,0.359383,0.016989,-0.034125,0.041390,0.998560,0,0.12295,0.10028,7.377,0.201,-1,400.000,-1,425.000,-1,325.000,350.000,300.000,300.000,-1,-1,-1,-1,825.000,900.000,-1,-1,2,0,2,0,2,0,0,0,0,2,2,2,2,0,1,2,2
100,-5381.128,2680.792,81.770,69.117,0.354921,-0.933503,0.051023,0.934274,0.356147,0.017074,-0.034111,0.041610,0.998552,0,0.04295,0.09928,2.577,0.199,-1,400.000,-1,425.000,-1,325.000,350.000,300.000,300.000,-1,-1,-1,-1,825.000,900.000,-1,-1,2,0,2,0,2,0,0,0,0,2,2,2,2,0,1,2,2
101,-5381.914,2678.712,81.866,69.315,0.351711,-0.934722,0.050928,0.935497,0.352927,0.016971,-0.033837,0.041675,0.998558,0,-0.03705,0.09872,-2.223,0.197,-1,400.000,-1,425.000,-1,325.000,350.000,300.000,300.000,-1,-1,-1,-1,825.000,900.000,-1,-1,2,0,2,0,2,0,0,0,0,2,2,2,2,0,1,2,2
102,-5384.372,2672.133,82.147,69.512,0.348518,-0.935935,0.050602,0.936710,0.349708,0.016678,-0.033306,0.041586,0.998580,0,-0.11705,0.09863,-7.023,0.197,-1,400.000,-1,425.000,-1,325.000,350.000,300.000,300.000,-1,-1,-1,-1,825.000,900.000,-1,-1,2,0,2,0,2,0,0,0,0,2,2,2,2,0,1,2,2
103,-5388.472,2661.044,82.610,69.710,0.345326,-0.937148,0.050047,0.937919,0.346475,0.016197,-0.032519,0.041347,0.998616,0,-0.19705,0.09900,-11.823,0.198,-1,400.000,-1,425.000,-1,325.000,350.000,300.000,300.000,-1,-1,-1,-1,825.000,900.000,-1,-1,2,0,2,0,2,0,0,0,0,2,2,2,2,0,1,2,2
104,-5394.182,2645.432,83.249,69.910,0.342118,-0.938365,0.049270,0.939130,0.343212,0.015527,-0.031480,0.040958,0.998665,0,-0.27705,0.09986,-16.623,0.200,-1,400.000,-1,425.000,-1,325.000,350.000,300.000,300.000,-1,-1,-1,-1,825.000,925.000,-1,-1,2,0,2,0,2,0,0,0,0,2,2,2,2,0,1,2,2
105,-5401.470,2625.286,84.059,70.112,0.338877,-0.939591,0.048277,0.940346,0.339902,0.014668,-0.030192,0.040427,0.998726,0,-0.35705,0.10119,-21.423,0.202,-1,400.000,-1,425.000,-1,325.000,350.000,300.000,300.000,-1,-1,-1,-1,825.000,925.000,-1,-1,2,0,2,0,2,0,0,0,0,2,2,2,2,0,0,2,2
106,-5410.301,2600.595,85.031,70.318,0.335585,-0.940833,0.047079,0.941574,0.336531,0.013622,-0.028659,0.039757,0.998798,0,-0.43705,0.10300,-26.223,0.206,-1,400.000,-1,425.000,-1,325.000,350.000,300.000,300.000,-1,-1,-1,-1,825.000,950.000,-1,-1,2,0,2,0,2,0,0,0,0,2,2,2,2,0,0,2,2
107,-5420.196,2572.609,86.110,70.529,0.332222,-0.942091,0.045744,0.942816,0.333081,0.012440,-0.026956,0.038996,0.998876,0,-0.49473,0.10528,-29.684,0.211,-1,400.000,-1,425.000,-1,325.000,350.000,300.000,300.000,-1,-1,-1,-1,850.000,950.000,-1,-1,2,0,2,0,2,0,0,0,0,2,2,2,2,0,0,2,2
108,-5430.151,2544.110,87.101,70.744,0.328762,-0.943379,0.044179,0.944068,0.329546,0.011613,-0.025515,0.037890,0.998956,0,-0.50312,0.10787,-30.187,0.216,-1,400.000,-1,450.000,-1,325.000,350.000,300.000,300.000,-1,-1,-1,-1,850.000,975.000,-1,-1,2,0,2,0,2,0,0,0,0,2,2,2,2,0,0,2,2
109,-5440.163,2515.089,87.920,70.965,0.325199,-0.944706,0.042142,0.945325,0.325926,0.011512,-0.024610,0.036094,0.999045,0,-0.51166,0.11051,-30.700,0.221,-1,400.000,-1,450.000,-1,325.000,350.000,300.000,300.000,-1,-1,-1,-1,825.000,975.000,-1,-1,2,0,2,0,2,0,0,0,0,2,2,2,2,0,0,2,2
110,-5450.228,2485.535,88.840,71.192,0.321515,-0.946032,0.040636,0.946598,0.322207,0.011621,-0.024087,0.034730,0.999106,0,-0.52034,0.11318,-31.221,0.226,-1,400.000,-1,425.000,-1,325.000,350.000,300.000,300.000,-1,-1,-1,-1,825.000,975.000,-1,-1,2,0,2,0,2,0,0,0,0,2,2,2,2,0,0,2,2
111,-5460.342,2455.438,89.772,71.424,0.317729,-0.947370,0.039228,0.947886,0.318391,0.011792,-0.023661,0.033437,0.999161,0,-0.52917,0.11590,-31.750,0.232,-1,400.000,-1,425.000,-1,325.000,350.000,300.000,300.000,-1,-1,-1,-1,825.000,975.000,-1,-1,2,0,2,0,2,0,0,0,0,2,2,2,2,0,0,2,2
112,-5470.501,2424.789,90.693,71.661,0.313844,-0.948721,0.037814,0.949189,0.314477,0.011988,-0.023264,0.032130,0.999213,0,-0.53815,0.11867,-32.289,0.237,-1,400.000,-1,425.000,-1,325.000,350.000,300.000,300.000,-1,-1,-1,-1,825.000,975.000,-1,-1,2,0,2,0,2,0,0,0,0,2,2,2,2,0,0,2,2
113,-5480.700,2393.576,91.603,71.904,0.309859,-0.950086,0.036394,0.950507,0.310464,0.012209,-0.022899,0.030809,0.999263,0,-0.54728,0.12149,-32.837,0.243,-1,400.000,-1,425.000,-1,325.000,350.000,300.000,300.000,-1,-1,975.000,-1,800.000,975.000,-1,-1,2,0,2,0,2,0,0,0,0,2,2,0,2,0,0,2,2
114,-5490.770,2362.311,92.487,72.147,0.305864,-0.951432,0.034991,0.951808,0.306442,0.012454,-0.022572,0.029495,0.999310,0,-0.54743,0.12154,-32.846,0.243,-1,400.000,-1,425.000,-1,325.000,325.000,300.000,300.000,-1,-1,925.000,-1,800.000,975.000,-1,-1,2,0,2,0,2,0,0,0,0,2,2,0,2,0,0,2,2
115,-5500.706,2331.005,93.345,72.390,0.301861,-0.952760,0.033605,0.953092,0.302415,0.012722,-0.022283,0.028189,0.999354,0,-0.54743,0.12154,-32.846,0.243,-1,400.000,-1,425.000,-1,325.000,325.000,300.000,300.000,-1,-1,875.000,-1,800.000,975.000,-1,-1,2,0,2,0,2,0,0,0,0,2,2,0,2,0,0,2,2
116,-5510.510,2299.656,94.177,72.633,0.297850,-0.954068,0.032236,0.954358,0.298381,0.013011,-0.022032,0.026889,0.999396,0,-0.54743,0.12154,-32.846,0.243,-1,375.000,-1,425.000,-1,325.000,325.000,300.000,300.000,-1,-1,850.000,-1,775.000,975.000,-1,-1,2,0,2,0,2,0,0,0,0,2,2,0,2,0,0,2,2
117,-5520.181,2268.266,94.983,72.876,0.293833,-0.955358,0.030883,0.955608,0.294340,0.013324,-0.021819,0.025597,0.999434,0,-0.54743,0.12154,-32.846,0.243,-1,375.000,-1,425.000,-1,325.000,325.000,300.000,300.000,-1,-1,800.000,-1,775.000,950.000,-1,-1,2,0,2,0,2,0,0,0,0,2,2,0,2,0,0,2,2
118,-5529.718,2236.835,95.764,73.119,0.289808,-0.956629,0.029545,0.956840,0.290294,0.013658,-0.021642,0.024312,0.999470,0,-0.54743,0.12154,-32.846,0.243,-1,375.000,-1,425.000,-1,325.000,325.000,300.000,300.000,-1,1000.000,775.000,-1,775.000,950.000,-1,-1,2,0,2,0,2,0,0,0,0,2,0,0,2,0,0,2,2
119,-5539.123,2205.364,96.520,73.362,0.285777,-0.957881,0.028222,0.958055,0.286242,0.014014,-0.021503,0.023034,0.999503,0,-0.54743,0.12154,-32.846,0.243,-1,375.000,-1,425.000,-1,325.000,325.000,300.000,300.000,-1,950.000,725.000,-1,750.000,950.000,-1,-1,2,0,2,0,2,0,0,0,0,2,0,0,2,0,0,2,2
120,-5547.130,2178.486,97.148,73.410,0.285007,-0.958142,0.027095,0.958285,0.285455,0.014325,-0.021460,0.021882,0.999530,0,-0.46743,0.02375,-28.046,0.047,-1,375.000,-1,425.000,-1,325.000,325.000,300.000,300.000,-1,925.000,700.000,-1,750.000,950.000,-1,-1,2,0,2,0,2,0,0,0,0,2,0,0,2,0,0,2,2
121,-5553.749,2156.202,97.657,73.457,0.284233,-0.958398,0.026170,0.958516,0.284666,0.014595,-0.021438,0.020936,0.999551,0,-0.38743,0.02375,-23.246,0.047,-1,375.000,-1,425.000,-1,325.000,325.000,300.000,300.000,-1,900.000,675.000,-1,750.000,950.000,-1,-1,2,0,2,0,2,0,0,0,0,2,0,0,2,0,0,2,2
122,-5558.986,2138.515,98.053,73.505,0.283454,-0.958648,0.025442,0.958746,0.283876,0.014818,-0.021428,0.020192,0.999566,0,-0.30743,0.02375,-18.446,0.047,-1,375.000,-1,425.000,-1,325.000,325.000,300.000,300.000,-1,875.000,650.000,-1,725.000,950.000,-1,-1,2,0,2,0,2,0,0,0,0,2,0,0,2,0,0,2,2
123,-5562.850,2125.427,98.341,73.552,0.282670,-0.958894,0.024907,0.958978,0.283084,0.014988,-0.021422,0.019648,0.999577,0,-0.22743,0.02375,-13.646,0.047,-1,375.000,-1,425.000,-1,325.000,325.000,300.000,300.000,-1,850.000,650.000,-1,725.000,950.000,-1,-1,2,0,2,0,2,0,0,0,0,2,0,0,2,0,0,2,2
124,-5565.347,2116.941,98.526,73.600,0.281883,-0.959134,0.024562,0.959210,0.282291,0.015100,-0.021417,0.019303,0.999584,0,-0.14743,0.02375,-8.846,0.047,-1,375.000,-1,425.000,-1,325.000,325.000,300.000,300.000,-1,850.000,650.000,-1,725.000,950.000,-1,-1,2,0,2,0,2,0,0,0,0,2,0,0,2,0,0,2,2
125,-5566.486,2113.059,98.610,73.647,0.281091,-0.959371,0.024405,0.959442,0.281497,0.015154,-0.021408,0.019156,0.999587,0,-0.06743,0.02375,-4.046,0.047,-1,375.000,-1,425.000,-1,325.000,325.000,300.000,300.000,-1,850.000,625.000,-1,725.000,950.000,-1,-1,2,0,2,0,2,0,0,0,0,2,0,0,2,0,0,2,2
126,-5566.275,2113.783,98.595,73.695,0.280295,-0.959603,0.024436,0.959676,0.280702,0.015146,-0.021393,0.019205,0.999587,0,0.01257,0.02375,0.754,0.047,-1,375.000,-1,425.000,-1,325.000,325.000,300.000,300.000,-1,850.000,625.000,-1,725.000,950.000,-1,-1,2,0,2,0,2,0,0,0,0,2,0,0,2,0,0,2,2
127,-5564.720,2119.115,98.479,73.742,0.279494,-0.959831,0.024654,0.959909,0.279905,0.015078,-0.021373,0.019452,0.999582,0,0.09257,0.02375,5.554,0.047,-1,375.000,-1,425.000,-1,325.000,325.000,300.000,300.000,-1,850.000,650.000,-1,725.000,950.000,-1,-1,2,0,2,0,2,0,0,0,0,2,0,0,2,0,0,2,2
128,-5561.829,2129.057,98.263,73.790,0.278690,-0.960054,0.025062,0.960144,0.279106,0.014951,-0.021348,0.019896,0.999574,0,0.17257,0.02375,10.354,0.047,-1,375.000,-1,425.000,-1,325.000,325.000,300.000,300.000,-1,850.000,650.000,-1,725.000,950.000,-1,-1,2,0,2,0,2,0,0,0,0,2,0,0,2,0,0,2,2
129,-5557.611,2143.612,97.943,73.837,0.277882,-0.960273,0.025660,0.960379,0.278307,0.014768,-0.021322,0.020540,0.999562,0,0.25257,0.02375,15.154,0.047,-1,375.000,-1,425.000,-1,325.000,325.000,300.000,300.000,-1,875.000,650.000,-1,725.000,950.000,-1,-1,2,0,2,0,2,0,0,0,0,2,0,0,2,0,0,2,2
130,-5552.073,2162.782,97.516,73.885,0.277069,-0.960486,0.026453,0.960614,0.277506,0.014533,-0.021299,0.021384,0.999544,0,0.33257,0.02375,19.954,0.047,-1,375.000,-1,425.000,-1,325.000,325.000,300.000,300.000,-1,900.000,675.000,-1,750.000,950.000,-1,-1,2,0,2,0,2,0,0,0,0,2,0,0,2,0,0,2,2
131,-5545.222,2186.570,96.976,73.932,0.276251,-0.960694,0.027443,0.960850,0.276703,0.014251,-0.021285,0.022432,0.999522,0,0.41257,0.02375,24.754,0.047,-1,375.000,-1,425.000,-1,325.000,325.000,300.000,300.000,-1,925.000,700.000,-1,750.000,950.000,-1,-1,2,0,2,0,2,0,0,0,0,2,0,0,2,0,0,2,2
132,-5537.066,2214.976,96.317,73.980,0.275429,-0.960895,0.028637,0.961086,0.275899,0.013931,-0.021287,0.023686,0.999493,0,0.49257,0.02375,29.554,0.047,-1,375.000,-1,425.000,-1,325.000,325.000,300.000,300.000,-1,950.000,725.000,-1,750.000,950.000,-1,-1,2,0,2,0,2,0,0,0,0,2,0,0,2,0,0,2,2
133,-5527.612,2248.004,95.532,74.027,0.274601,-0.961089,0.030040,0.961322,0.275093,0.013580,-0.021315,0.025149,0.999456,0,0.57257,0.02375,34.354,0.047,-1,375.000,-1,425.000,-1,325.000,325.000,300.000,300.000,-1,1000.000,750.000,-1,750.000,950.000,-1,-1,2,0,2,0,2,0,0,0,0,2,0,0,2,0,0,2,2
134,-5517.265,2284.270,94.647,74.075,0.273769,-0.961276,0.031599,0.961558,0.274284,0.013221,-0.021376,0.026765,0.999413,0,0.62856,0.02375,37.714,0.047,-1,375.000,-1,425.000,-1,325.000,325.000,300.000,300.000,-1,-1,775.000,-1,775.000,950.000,-1,-1,2,0,2,0,2,0,0,0,0,2,2,0,2,0,0,2,2
135,-5506.947,2320.545,93.735,74.122,0.272936,-0.961460,0.033178,0.961793,0.273475,0.012889,-0.021466,0.028392,0.999366,0,0.62856,0.02375,37.714,0.047,-1,375.000,-1,425.000,-1,325.000,325.000,300.000,300.000,-1,-1,800.000,-1,775.000,950.000,-1,-1,2,0,2,0,2,0,0,0,0,2,2,0,2,0,0,2,2
136,-5496.660,2356.828,92.799,74.170,0.272100,-0.961640,0.034776,0.962027,0.272665,0.012586,-0.021586,0.030031,0.999316,0,0.62856,0.02375,37.714,0.047,-1,400.000,-1,425.000,-1,325.000,325.000,300.000,300.000,-1,-1,850.000,-1,775.000,950.000,-1,-1,2,0,2,0,2,0,0,0,0,2,2,0,2,0,0,2,2
137,-5486.403,2393.120,91.838,74.217,0.271263,-0.961817,0.036394,0.962260,0.271854,0.012311,-0.021734,0.031681,0.999262,0,0.62856,0.02375,37.714,0.047,-1,400.000,-1,425.000,-1,325.000,325.000,300.000,300.000,-1,-1,875.000,-1,800.000,950.000,-1,-1,2,0,2,0,2,0,0,0,0,2,2,0,2,0,0,2,2
138,-5476.176,2429.420,90.853,74.265,0.270424,-0.961990,0.038032,0.962492,0.271042,0.012063,-0.021912,0.033343,0.999204,0,0.62856,0.02375,37.714,0.047,-1,400.000,-1,425.000,-1,325.000,350.000,300.000,300.000,-1,-1,925.000,-1,800.000,950.000,-1,-1,2,0,2,0,2,0,0,0,0,2,2,0,2,0,0,2,2
