timestep,x_cm,y_cm,z_cm,yaw_deg,basis_xx,basis_xy,basis_xz,basis_yx,basis_yy,basis_yz,basis_zx,basis_zy,basis_zz,teleport_flag,throttle_cmd,steering_cmd,cmd_move_cm,cmd_turn_deg,lidar_cm_0,lidar_cm_1,lidar_cm_2,lidar_cm_3,lidar_cm_4,lidar_cm_5,lidar_cm_6,lidar_cm_7,lidar_cm_8,lidar_cm_9,lidar_cm_10,lidar_cm_11,lidar_cm_12,lidar_cm_13,lidar_cm_14,lidar_cm_15,lidar_cm_16,lidar_class_0,lidar_class_1,lidar_class_2,lidar_class_3,lidar_class_4,lidar_class_5,lidar_class_6,lidar_class_7,lidar_class_8,lidar_class_9,lidar_class_10,lidar_class_11,lidar_class_12,lidar_class_13,lidar_class_14,lidar_class_15,lidar_class_16
0,2300.565,-2951.492,51.921,2.429,0.996381,-0.042377,0.073679,0.043987,0.998824,-0.020369,-0.072729,0.023536,0.997074,1,0.08000,0.12000,4.800,0.240,-1,400.000,-1,375.000,-1,325.000,325.000,300.000,325.000,-1,-1,-1,-1,900.000,775.000,-1,-1,2,0,2,0,2,0,0,0,0,2,2,2,2,0,0,2,2
1,2310.153,-2951.005,51.215,2.909,0.995983,-0.050742,0.073771,0.052359,0.998425,-0.020143,-0.072633,0.023925,0.997072,0,0.16000,0.24000,9.600,0.480,-1,400.000,-1,375.000,-1,325.000,325.000,300.000,325.000,-1,-1,-1,-1,900.000,775.000,-1,-1,2,0,2,0,2,0,0,0,0,2,2,2,2,0,0,2,2
2,2324.526,-2950.129,50.160,3.486,0.995410,-0.060784,0.073924,0.062403,0.997855,-0.019783,-0.072563,0.024306,0.997068,0,0.24000,0.28823,14.400,0.576,-1,425.000,-1,375.000,-1,325.000,325.000,300.000,325.000,-1,-1,-1,-1,900.000,775.000,-1,-1,2,0,2,0,2,0,0,0,0,2,2,2,2,0,0,2,2
3,2343.678,-2948.770,48.758,4.060,0.994732,-0.070778,0.074148,0.072390,0.997190,-0.019274,-0.072576,0.024540,0.997061,0,0.32000,0.28702,19.200,0.574,-1,425.000,-1,375.000,-1,325.000,325.000,300.000,325.000,-1,-1,-1,-1,900.000,775.000,-1,-1,2,0,2,0,2,0,0,0,0,2,2,2,2,0,0,2,2
4,2367.599,-2946.832,47.011,4.631,0.993953,-0.080714,0.074448,0.082310,0.996433,-0.018610,-0.072680,0.024625,0.997051,0,0.40000,0.28557,24.000,0.571,-1,425.000,-1,375.000,-1,325.000,325.000,300.000,325.000,-1,-1,-1,-1,900.000,775.000,-1,-1,2,0,2,0,2,0,0,0,0,2,2,2,2,0,0,2,2
5,2396.281,-2944.222,44.917,5.199,0.993074,-0.090582,0.074829,0.092151,0.995586,-0.017788,-0.072887,0.024560,0.997038,0,0.48000,0.28380,28.800,0.568,-1,425.000,-1,400.000,-1,325.000,325.000,300.000,300.000,-1,-1,-1,-1,900.000,775.000,-1,-1,2,0,2,0,2,0,0,0,0,2,2,2,2,0,0,2,2
6,2429.711,-2940.849,42.476,5.762,0.992097,-0.100366,0.075298,0.101900,0.994653,-0.016805,-0.073209,0.024345,0.997019,0,0.56000,0.28166,33.600,0.563,-1,425.000,-1,400.000,-1,325.000,325.000,300.000,300.000,-1,-1,-1,-1,900.000,775.000,-1,975.000,2,0,2,0,2,0,0,0,0,2,2,2,2,0,0,2,1
7,2467.878,-2936.622,39.686,6.320,0.991026,-0.110051,0.075865,0.111540,0.993637,-0.015659,-0.073659,0.023981,0.996995,0,0.64000,0.27907,38.400,0.558,-1,425.000,1000.000,400.000,-1,325.000,325.000,300.000,300.000,-1,-1,-1,-1,900.000,775.000,-1,950.000,2,0,1,0,2,0,0,0,0,2,2,2,2,0,0,2,1
8,2510.768,-2931.453,36.544,6.872,0.989865,-0.119618,0.076541,0.121052,0.992542,-0.014352,-0.074253,0.023472,0.996963,0,0.72000,0.27594,43.200,0.552,-1,425.000,975.000,400.000,975.000,325.000,325.000,300.000,300.000,-1,-1,-1,-1,900.000,775.000,-1,900.000,2,0,1,0,1,0,0,0,0,2,2,2,2,1,0,2,1
9,2558.366,-2925.257,33.048,7.416,0.988618,-0.129045,0.077340,0.130413,0.991376,-0.012882,-0.075011,0.022822,0.996922,0,0.80000,0.27219,48.000,0.544,-1,425.000,925.000,400.000,900.000,325.000,325.000,300.000,300.000,-1,-1,-1,-1,875.000,775.000,-1,850.000,2,0,1,0,1,0,0,0,0,2,2,2,2,1,1,2,1
10,2610.659,-2917.953,29.137,7.952,0.987267,-0.138306,0.078586,0.139617,0.990140,-0.011414,-0.076232,0.022241,0.996842,0,0.88000,0.26771,52.800,0.535,-1,425.000,875.000,400.000,850.000,325.000,325.000,300.000,300.000,-1,-1,-1,-1,850.000,725.000,-1,800.000,2,0,1,0,1,0,0,0,0,2,2,2,2,1,1,2,1
11,2667.630,-2909.462,24.595,8.477,0.985798,-0.147369,0.080531,0.148657,0.988836,-0.010204,-0.078128,0.022031,0.996700,0,0.96000,0.26238,57.600,0.525,-1,425.000,825.000,400.000,775.000,325.000,325.000,300.000,300.000,-1,-1,-1,-1,800.000,675.000,-1,725.000,2,0,1,0,1,0,0,0,0,2,2,2,2,1,1,2,1
12,2726.894,-2900.088,19.626,8.989,0.984309,-0.156205,0.082068,0.157383,0.987505,-0.008044,-0.079786,0.020834,0.996594,0,1.00000,0.25606,60.000,0.512,-1,425.000,775.000,400.000,700.000,325.000,325.000,300.000,300.000,-1,-1,-1,-1,775.000,600.000,-1,650.000,2,0,1,0,1,0,0,0,0,2,2,2,2,1,1,2,1
13,2786.074,-2890.199,14.638,9.486,0.982784,-0.164780,0.083562,0.165839,0.986136,-0.005851,-0.081440,0.019608,0.996485,0,1.00000,0.24880,60.000,0.498,-1,425.000,725.000,400.000,650.000,325.000,325.000,300.000,300.000,-1,-1,-1,-1,725.000,550.000,-1,600.000,2,0,1,0,1,0,0,0,0,2,2,2,2,1,1,2,1
14,2845.168,-2879.814,9.633,9.968,0.981236,-0.173064,0.085001,0.173998,0.984739,-0.003643,-0.083074,0.018365,0.996374,0,1.00000,0.24072,60.000,0.481,-1,425.000,650.000,400.000,575.000,325.000,325.000,300.000,300.000,-1,-1,-1,-1,700.000,500.000,-1,525.000,2,0,1,0,1,0,0,0,0,2,2,2,2,1,1,2,1
15,2904.177,-2868.950,4.607,10.431,0.979677,-0.181030,0.086381,0.181830,0.983329,-0.001427,-0.084683,0.017104,0.996261,0,1.00000,0.23179,60.000,0.464,-1,400.000,600.000,400.000,500.000,325.000,325.000,300.000,300.000,-1,-1,-1,-1,650.000,450.000,-1,475.000,2,0,1,0,1,0,0,0,0,2,2,2,2,1,1,2,1
16,2963.100,-2857.630,-0.442,10.875,0.978121,-0.188646,0.087699,0.189307,0.981918,0.000793,-0.086263,0.015826,0.996147,0,1.00000,0.22193,60.000,0.444,-1,400.000,550.000,350.000,425.000,325.000,325.000,300.000,300.000,-1,-1,-1,-1,600.000,400.000,-1,400.000,2,0,1,1,1,0,0,0,0,2,2,2,2,1,1,2,1
17,3021.938,-2845.876,-5.518,11.297,0.976585,-0.195879,0.088950,0.196394,0.980520,0.003011,-0.087807,0.014529,0.996032,0,1.00000,0.21107,60.000,0.422,-1,375.000,475.000,325.000,375.000,325.000,300.000,300.000,300.000,-1,-1,-1,-1,575.000,350.000,-1,350.000,2,1,1,1,1,1,1,0,0,2,2,2,2,1,1,2,1
18,3080.692,-2833.713,-10.622,11.696,0.975085,-0.202694,0.090133,0.203057,0.979153,0.005220,-0.089312,0.013213,0.995916,0,1.00000,0.19914,60.000,0.398,-1,350.000,425.000,275.000,300.000,300.000,275.000,300.000,300.000,-1,-1,-1,-1,525.000,300.000,-1,300.000,2,1,1,1,1,1,1,0,0,2,2,2,2,1,1,2,1
19,3139.367,-2821.169,-15.758,12.068,0.973639,-0.209051,0.091246,0.209257,0.977833,0.007414,-0.090773,0.011875,0.995801,0,1.00000,0.18602,60.000,0.372,-1,325.000,375.000,225.000,250.000,250.000,225.000,300.000,300.000,-1,-1,-1,-1,475.000,250.000,-1,225.000,2,1,1,1,1,1,1,0,0,2,2,2,2,1,1,2,1
20,3197.965,-2808.273,-20.929,12.411,0.972264,-0.214908,0.092286,0.214951,0.976578,0.009588,-0.092185,0.010514,0.995686,0,1.00000,0.17160,60.000,0.343,-1,275.000,300.000,175.000,175.000,225.000,175.000,300.000,300.000,-1,-1,-1,-1,425.000,200.000,-1,175.000,2,1,1,1,1,1,1,0,0,2,2,2,2,1,1,2,1
21,3256.487,-2795.056,-20.806,12.722,0.972772,-0.220213,0.072253,0.218776,0.975392,0.027328,-0.076493,-0.010776,0.997012,0,1.00000,0.15575,60.000,0.311,-1,275.000,275.000,150.000,125.000,200.000,150.000,300.000,375.000,-1,-1,-1,-1,825.000,175.000,-1,125.000,2,1,1,1,1,1,1,0,0,2,2,2,2,0,1,2,1
22,3314.936,-2781.527,-9.775,12.999,0.974455,-0.224327,0.010689,0.222854,0.971754,0.077654,-0.027807,-0.073289,0.996923,0,1.00000,0.13829,60.000,0.277,-1,300.000,350.000,150.000,125.000,225.000,150.000,250.000,575.000,500.000,75.000,275.000,-1,-1,175.000,-1,125.000,2,1,1,1,1,1,1,0,0,0,0,0,2,2,1,2,1
23,-1639.998,3607.702,419.891,67.798,0.365319,-0.909917,0.196451,0.928463,0.371367,-0.006473,-0.067066,0.184763,0.980492,1,0.00000,0.00000,60.000,0.238,-1,775.000,-1,200.000,0.000,425.000,225.000,150.000,75.000,25.000,525.000,725.000,-1,-1,225.000,-1,0.000,2,1,2,1,1,1,1,1,1,1,1,1,2,2,1,2,1
24,8199.164,-327.960,-303.730,36.260,0.800542,-0.591198,-0.098066,0.590822,0.805999,-0.035973,0.100308,-0.029142,0.994530,1,0.00000,0.00000,4.800,-0.240,-1,425.000,-1,400.000,-1,350.000,325.000,325.000,325.000,-1,700.000,800.000,-1,925.000,950.000,-1,-1,2,0,2,0,2,0,0,0,0,2,0,0,2,1,0,2,2
25,8203.022,-325.105,-303.234,36.500,0.798036,-0.594558,-0.098181,0.594226,0.803501,-0.035799,0.100173,-0.029772,0.994525,0,0.08000,0.12000,4.800,0.240,-1,425.000,-1,400.000,-1,350.000,325.000,325.000,325.000,-1,700.000,800.000,-1,925.000,950.000,-1,-1,2,0,2,0,2,0,0,0,0,2,0,0,2,1,0,2,2
26,8210.691,-319.330,-302.360,36.980,0.793041,-0.601254,-0.097879,0.600979,0.798472,-0.035589,0.099551,-0.030600,0.994562,0,0.16000,0.24000,9.600,0.480,-1,425.000,-1,400.000,-1,350.000,325.000,325.000,325.000,-1,725.000,850.000,-1,925.000,975.000,-1,-1,2,0,2,0,2,0,0,0,0,2,0,0,2,1,0,2,2
27,8222.084,-310.524,-301.071,37.700,0.785452,-0.611217,-0.097356,0.611026,0.790824,-0.035266,0.098547,-0.031788,0.994625,0,0.24000,0.36000,14.400,0.720,-1,425.000,-1,400.000,-1,350.000,325.000,325.000,325.000,-1,775.000,875.000,-1,925.000,975.000,-1,-1,2,0,2,0,2,0,0,0,0,2,0,0,2,1,0,2,2
28,8237.076,-298.530,-299.361,38.660,0.775141,-0.624349,-0.096669,0.624272,0.780432,-0.034786,0.097163,-0.033383,0.994708,0,0.32000,0.48000,19.200,0.960,-1,425.000,-1,400.000,-1,350.000,325.000,325.000,325.000,-1,825.000,950.000,-1,925.000,975.000,-1,-1,2,0,2,0,2,0,0,0,0,2,0,0,2,1,0,2,2
29,8255.498,-283.147,-297.238,39.860,0.761946,-0.640512,-0.095828,0.640581,0.767132,-0.034108,0.095359,-0.035398,0.994813,0,0.40000,0.60000,24.000,1.200,-1,425.000,-1,425.000,-1,325.000,325.000,325.000,325.000,-1,875.000,-1,-1,925.000,975.000,-1,-1,2,0,2,0,2,0,0,0,0,2,0,2,2,1,0,2,2
30,8277.133,-264.139,-294.711,41.300,0.745671,-0.659528,-0.094853,0.659779,0.750727,-0.033177,0.093090,-0.037843,0.994938,0,0.48000,0.72000,28.800,1.440,-1,425.000,-1,425.000,-1,325.000,325.000,325.000,325.000,-1,975.000,-1,-1,925.000,975.000,-1,-1,2,0,2,0,2,0,0,0,0,2,0,2,2,1,0,2,2
31,8301.714,-241.232,-291.880,42.980,0.726085,-0.681185,-0.093740,0.681617,0.730995,-0.032336,0.090551,-0.040416,0.995071,0,0.56000,0.84000,33.600,1.680,-1,425.000,-1,425.000,-1,325.000,325.000,325.000,325.000,-1,-1,-1,-1,925.000,975.000,-1,-1,2,0,2,0,2,0,0,0,0,2,2,2,2,1,0,2,2
32,8328.912,-214.126,-288.696,44.900,0.702938,-0.705207,-0.092527,0.705849,0.707674,-0.031213,0.087490,-0.043369,0.995221,0,0.64000,0.96000,38.400,1.920,-1,425.000,-1,425.000,-1,325.000,325.000,325.000,325.000,-1,-1,-1,-1,950.000,925.000,-1,-1,2,0,2,0,2,0,0,0,0,2,2,2,2,1,1,2,2
33,8358.428,-182.582,-285.174,46.900,0.677998,-0.729371,-0.091303,0.730249,0.682534,-0.029715,0.083990,-0.046527,0.995380,0,0.72000,1.00000,43.200,2.000,-1,425.000,-1,425.000,-1,325.000,325.000,325.000,300.000,-1,-1,-1,-1,950.000,875.000,-1,-1,2,0,2,0,2,0,0,0,0,2,2,2,2,1,1,2,2
34,8389.986,-146.416,-281.332,48.889,0.652387,-0.752507,-0.090137,0.753640,0.656699,-0.027793,0.080107,-0.049799,0.995542,0,0.80000,0.99472,48.000,1.989,-1,425.000,-1,425.000,-1,325.000,325.000,325.000,300.000,-1,-1,-1,-1,950.000,800.000,-1,-1,2,0,2,0,2,0,0,0,0,2,2,2,2,1,1,2,2
35,8423.311,-105.462,-277.190,50.862,0.626228,-0.774535,-0.089073,0.775943,0.630290,-0.025419,0.075830,-0.053197,0.995701,0,0.88000,0.98654,52.800,1.973,-1,425.000,-1,425.000,-1,350.000,325.000,300.000,300.000,-1,-1,-1,-1,950.000,750.000,-1,-1,2,0,2,0,2,0,1,0,0,2,2,2,2,1,1,2,2
36,8458.119,-59.571,-272.975,52.816,0.599633,-0.795376,-0.088422,0.797166,0.603376,-0.021526,0.070473,-0.057579,0.995850,0,0.96000,0.97671,57.600,1.953,-1,425.000,-1,425.000,-1,350.000,325.000,300.000,300.000,-1,-1,-1,-1,950.000,700.000,-1,-1,2,0,2,1,2,0,1,0,0,2,2,2,2,1,1,2,2
37,8492.748,-10.575,-268.993,54.746,0.572806,-0.815048,-0.087122,0.817198,0.576112,-0.016793,0.063879,-0.061576,0.996056,0,1.00000,0.96489,60.000,1.930,-1,425.000,-1,400.000,-1,325.000,325.000,300.000,300.000,-1,-1,-1,-1,925.000,650.000,-1,900.000,2,0,2,1,2,0,1,0,0,2,2,2,2,1,1,2,1
38,8525.731,39.544,-265.163,56.648,0.545765,-0.833509,-0.086042,0.835998,0.548607,-0.011737,0.056986,-0.065525,0.996222,0,1.00000,0.95094,60.000,1.902,-1,425.000,-1,375.000,-1,325.000,325.000,300.000,300.000,-1,-1,-1,-1,900.000,600.000,-1,800.000,2,0,2,1,2,0,1,0,0,2,2,2,2,0,1,2,1
39,8557.062,90.713,-261.691,58.517,0.518590,-0.850785,-0.085021,0.853518,0.521008,-0.007523,0.050697,-0.068666,0.996351,0,1.00000,0.93489,60.000,1.870,-1,425.000,-1,375.000,925.000,325.000,325.000,300.000,325.000,-1,-1,-1,-1,875.000,575.000,-1,700.000,2,0,2,1,1,0,1,0,0,2,2,2,2,0,1,2,1
40,8586.741,142.857,-258.853,60.351,0.491374,-0.866937,-0.083493,0.869741,0.493479,-0.005353,0.045843,-0.069987,0.996494,0,1.00000,0.91663,60.000,1.833,-1,425.000,-1,350.000,700.000,325.000,300.000,300.000,325.000,-1,-1,-1,-1,850.000,525.000,-1,600.000,2,0,2,1,1,0,1,0,0,2,2,2,2,0,1,2,1
41,8614.775,195.904,-256.013,62.143,0.464125,-0.881768,-0.084101,0.884761,0.466032,-0.003477,0.042260,-0.072796,0.996451,0,1.00000,0.89604,60.000,1.792,-1,425.000,-1,350.000,600.000,325.000,300.000,300.000,325.000,-1,-1,-1,-1,850.000,500.000,-1,550.000,2,0,2,1,1,0,1,0,0,2,2,2,2,0,1,2,1
42,8641.177,249.781,-252.918,63.889,0.436974,-0.895259,-0.086978,0.898581,0.438803,-0.002131,0.040074,-0.077225,0.996208,0,1.00000,0.87299,60.000,1.746,-1,425.000,-1,325.000,525.000,350.000,300.000,300.000,325.000,-1,-1,-1,-1,850.000,475.000,-1,475.000,2,0,2,1,1,1,1,0,0,2,2,2,2,0,1,2,1
43,8665.974,304.416,-249.679,65.583,0.410125,-0.907447,-0.091309,0.911203,0.411955,-0.001321,0.038814,-0.082659,0.995822,0,1.00000,0.84733,60.000,1.695,-1,425.000,-1,325.000,450.000,350.000,300.000,300.000,350.000,-1,-1,-1,-1,850.000,450.000,-1,425.000,2,0,2,1,1,1,1,0,0,2,2,2,2,0,1,2,1
44,8689.199,359.738,-246.330,67.221,0.383727,-0.918351,-0.096875,0.922649,0.385640,-0.001113,0.038381,-0.088955,0.995296,0,1.00000,0.81893,60.000,1.638,-1,425.000,-1,325.000,400.000,350.000,300.000,300.000,375.000,-1,-1,-1,-1,875.000,450.000,-1,400.000,2,0,2,1,1,1,1,0,0,2,2,2,2,0,1,2,1
45,8710.892,415.678,-242.902,68.796,0.357933,-0.927997,-0.103467,0.932946,0.360014,-0.001539,0.038678,-0.095978,0.994632,0,1.00000,0.78761,60.000,1.575,-1,450.000,-1,300.000,375.000,350.000,300.000,275.000,375.000,-1,-1,-1,-1,875.000,450.000,-1,375.000,2,0,2,1,1,1,1,0,0,2,2,2,2,0,1,2,1
46,8731.107,472.169,-239.424,70.303,0.332896,-0.936420,-0.110896,0.942131,0.335235,-0.002610,0.039620,-0.103609,0.993829,0,1.00000,0.75322,60.000,1.506,-1,450.000,-1,300.000,325.000,350.000,300.000,275.000,400.000,-1,-1,-1,-1,900.000,450.000,-1,350.000,2,0,2,1,1,1,1,0,0,2,2,2,2,0,1,2,1
47,8749.904,529.147,-236.164,71.734,0.308718,-0.943758,-0.118380,0.950233,0.311497,-0.005265,0.041844,-0.110863,0.992954,0,1.00000,0.71561,60.000,1.431,-1,450.000,-1,325.000,300.000,375.000,300.000,275.000,400.000,-1,-1,-1,-1,900.000,475.000,-1,325.000,2,0,2,1,1,1,1,0,1,2,2,2,2,0,1,2,1
48,8767.353,586.553,-233.075,73.083,0.285493,-0.949899,-0.127226,0.957318,0.288903,-0.008813,0.045127,-0.119279,0.991835,0,1.00000,0.67464,60.000,1.349,-1,475.000,-1,325.000,275.000,375.000,300.000,275.000,375.000,-1,-1,-1,-1,925.000,500.000,-1,325.000,2,0,2,1,1,1,1,0,1,2,2,2,2,0,1,2,1
49,8783.533,644.329,-229.979,74.344,0.263364,-0.954969,-0.136652,0.963422,0.267642,-0.013607,0.049568,-0.128070,0.990526,0,1.00000,0.63024,60.000,1.260,-1,475.000,-1,325.000,275.000,400.000,325.000,275.000,350.000,-1,325.000,-1,-1,950.000,525.000,-1,375.000,2,0,2,1,1,1,1,0,1,2,0,2,2,0,1,2,1
50,8798.535,702.422,-226.860,75.509,0.242558,-0.959030,-0.146378,0.968608,0.247870,-0.018930,0.054437,-0.137192,0.989048,0,1.00000,0.58237,60.000,1.165,-1,500.000,-1,350.000,325.000,400.000,325.000,275.000,325.000,-1,150.000,500.000,-1,975.000,550.000,-1,450.000,2,0,2,1,1,1,1,0,1,2,0,0,2,0,1,2,1
51,8812.458,760.783,-224.271,76.571,0.223906,-0.962427,-0.153625,0.973000,0.229800,-0.021513,0.056008,-0.144661,0.987895,0,1.00000,0.53115,60.000,1.062,-1,500.000,-1,350.000,350.000,400.000,350.000,250.000,300.000,-1,125.000,425.000,-1,975.000,575.000,-1,525.000,2,0,2,1,1,1,1,0,1,2,0,0,2,0,1,2,1
52,8825.543,819.337,-222.142,77.393,0.209702,-0.964748,-0.159018,0.976204,0.215768,-0.021695,0.055242,-0.150684,0.987037,0,1.00000,0.41115,60.000,0.822,-1,500.000,-1,350.000,350.000,400.000,350.000,250.000,275.000,925.000,150.000,450.000,-1,975.000,575.000,-1,550.000,2,0,2,1,1,1,1,0,1,0,0,0,2,0,1,2,1
53,-4263.508,-9511.060,121.654,-129.070,-0.632171,0.772688,0.057559,-0.774308,-0.627278,-0.083488,-0.028405,-0.097348,0.994845,1,0.00000,0.00000,60.000,0.582,725.000,375.000,-1,400.000,-1,300.000,325.000,300.000,300.000,525.000,500.000,375.000,-1,600.000,700.000,800.000,-1,0,0,2,0,2,0,0,0,0,1,0,0,2,0,0,0,2
54,-4266.541,-9514.781,121.504,-129.171,-0.633508,0.771578,0.057752,-0.773235,-0.628643,-0.083163,-0.027861,-0.097341,0.994861,0,0.08000,-0.05064,4.800,-0.101,725.000,375.000,-1,400.000,-1,300.000,325.000,300.000,300.000,525.000,500.000,375.000,-1,600.000,700.000,800.000,-1,0,0,2,0,2,0,0,0,0,1,0,0,2,0,0,0,2
55,-4272.618,-9522.212,121.193,-129.274,-0.634839,0.770453,0.058157,-0.772172,-0.630017,-0.082635,-0.027026,-0.097367,0.994882,0,0.16000,-0.05113,9.600,-0.102,725.000,375.000,-1,400.000,-1,300.000,325.000,300.000,300.000,525.000,475.000,350.000,-1,600.000,700.000,800.000,-1,0,0,2,0,2,0,0,0,0,1,0,0,2,0,0,0,2
56,-4281.754,-9533.343,120.732,-129.378,-0.636176,0.769302,0.058767,-0.771109,-0.631415,-0.081883,-0.025887,-0.097408,0.994908,0,0.24000,-0.05212,14.400,-0.104,725.000,375.000,-1,400.000,-1,300.000,325.000,300.000,300.000,525.000,475.000,350.000,-1,600.000,700.000,800.000,-1,0,0,2,0,2,0,0,0,0,1,0,0,2,0,0,0,2
57,-4293.963,-9548.161,120.122,-129.485,-0.637533,0.768116,0.059577,-0.770036,-0.632852,-0.080895,-0.024433,-0.097450,0.994940,0,0.32000,-0.05362,19.200,-0.107,700.000,375.000,-1,400.000,-1,300.000,325.000,300.000,300.000,525.000,450.000,325.000,-1,600.000,700.000,800.000,-1,0,0,2,0,2,0,0,0,0,1,0,0,2,0,0,0,2
58,-4309.260,-9566.654,119.360,-129.596,-0.638921,0.766883,0.060582,-0.768938,-0.634340,-0.079663,-0.022663,-0.097482,0.994979,0,0.40000,-0.05564,24.000,-0.111,700.000,375.000,-1,400.000,-1,300.000,325.000,300.000,300.000,550.000,425.000,300.000,-1,600.000,725.000,800.000,-1,0,0,2,0,2,0,0,0,0,1,0,0,2,0,0,0,2
59,-4327.662,-9588.808,118.508,-129.713,-0.640363,0.765610,0.061454,-0.767791,-0.635912,-0.078184,-0.020779,-0.097250,0.995043,0,0.48000,-0.05822,28.800,-0.116,700.000,375.000,-1,400.000,-1,300.000,325.000,300.000,300.000,575.000,400.000,300.000,-1,600.000,725.000,775.000,-1,0,0,2,0,2,0,0,0,0,1,0,0,2,0,0,0,2
60,-4349.188,-9614.608,117.844,-129.836,-0.641914,0.764368,0.060726,-0.766523,-0.637652,-0.076430,-0.019698,-0.095609,0.995224,0,0.56000,-0.06136,33.600,-0.123,700.000,375.000,-1,400.000,-1,325.000,325.000,300.000,300.000,600.000,425.000,300.000,-1,600.000,700.000,775.000,-1,0,0,2,0,2,0,0,0,0,1,0,0,2,0,0,0,2
61,-4373.514,-9643.630,117.091,-129.966,-0.643555,0.763054,0.059875,-0.765176,-0.639503,-0.074448,-0.018518,-0.093726,0.995426,0,0.63114,-0.06511,37.869,-0.130,700.000,350.000,-1,400.000,-1,325.000,325.000,300.000,300.000,625.000,450.000,325.000,-1,600.000,700.000,775.000,-1,0,0,2,0,2,0,0,0,0,1,0,0,2,0,0,0,2
62,-4397.945,-9672.634,116.330,-130.105,-0.645311,0.761639,0.058983,-0.763723,-0.641465,-0.072462,-0.017354,-0.091807,0.995626,0,0.63204,-0.06941,37.923,-0.139,700.000,350.000,-1,400.000,1000.000,325.000,325.000,300.000,300.000,650.000,450.000,350.000,-1,575.000,700.000,775.000,-1,0,0,2,0,1,0,0,0,0,1,0,0,2,0,0,0,2
63,-4422.495,-9701.627,115.563,-130.252,-0.647184,0.760120,0.058051,-0.762161,-0.643541,-0.070469,-0.016207,-0.089851,0.995823,0,0.63318,-0.07382,37.991,-0.148,700.000,350.000,-1,400.000,975.000,300.000,325.000,300.000,300.000,700.000,475.000,350.000,-1,575.000,675.000,775.000,-1,0,0,2,0,1,0,0,0,0,1,0,0,2,0,0,0,2
64,-4447.177,-9730.615,114.788,-130.409,-0.649176,0.758493,0.057080,-0.760488,-0.645732,-0.068470,-0.015075,-0.087858,0.996019,0,0.63454,-0.07832,38.072,-0.157,675.000,350.000,-1,400.000,925.000,300.000,325.000,300.000,300.000,725.000,500.000,375.000,-1,575.000,650.000,750.000,-1,0,0,2,0,1,0,0,0,0,1,0,0,2,0,0,0,2
65,-4472.005,-9759.603,114.235,-130.575,-0.651238,0.756816,0.055853,-0.758759,-0.648091,-0.065296,-0.013219,-0.084902,0.996302,0,0.63611,-0.08291,38.167,-0.166,700.000,350.000,-1,375.000,900.000,300.000,325.000,300.000,300.000,775.000,500.000,375.000,-1,575.000,650.000,775.000,975.000,0,0,2,0,1,0,0,0,0,1,0,0,2,0,0,0,1
66,-4496.992,-9788.594,113.892,-130.750,-0.653378,0.755075,0.054387,-0.756956,-0.650613,-0.060996,-0.010672,-0.081022,0.996655,0,0.63789,-0.08760,38.273,-0.175,725.000,350.000,-1,375.000,875.000,300.000,325.000,300.000,300.000,800.000,500.000,375.000,1000.000,575.000,650.000,775.000,950.000,0,0,2,0,1,0,0,0,0,1,0,0,0,0,0,0,1
67,-4522.149,-9817.595,113.561,-130.935,-0.655648,0.753210,0.052918,-0.755023,-0.653249,-0.056627,-0.008083,-0.077082,0.996992,0,0.63986,-0.09237,38.392,-0.185,750.000,350.000,-1,375.000,850.000,300.000,325.000,300.000,300.000,850.000,525.000,375.000,975.000,600.000,625.000,800.000,925.000,0,0,2,0,1,0,0,0,0,1,0,0,0,0,0,0,1
68,-4547.490,-9846.608,113.478,-131.129,-0.658016,0.751167,0.052568,-0.752989,-0.655957,-0.052231,-0.004752,-0.073952,0.997250,0,0.64203,-0.09723,38.522,-0.194,750.000,350.000,-1,375.000,825.000,300.000,325.000,300.000,300.000,900.000,500.000,350.000,925.000,600.000,625.000,825.000,900.000,0,0,2,0,1,0,0,0,0,1,0,0,0,0,0,0,1
69,-4573.028,-9875.637,113.416,-131.333,-0.660512,0.748995,0.052264,-0.750815,-0.658783,-0.047773,-0.001352,-0.070795,0.997490,0,0.64438,-0.10217,38.663,-0.204,775.000,350.000,-1,375.000,775.000,300.000,300.000,300.000,300.000,925.000,500.000,350.000,900.000,600.000,625.000,825.000,875.000,0,0,2,0,1,0,0,0,0,1,0,0,0,0,0,0,1
70,-4598.774,-9904.684,113.376,-131.548,-0.663136,0.746690,0.052008,-0.748496,-0.661728,-0.043253,0.002119,-0.067610,0.997710,0,0.64691,-0.10720,38.815,-0.214,800.000,350.000,-1,375.000,750.000,300.000,300.000,300.000,300.000,975.000,500.000,350.000,875.000,600.000,625.000,850.000,850.000,0,0,2,0,1,0,0,0,0,1,0,0,0,0,0,0,1
71,-4627.961,-9937.094,113.819,-132.002,-0.668904,0.741513,0.052203,-0.743331,-0.667714,-0.040201,0.005048,-0.065695,0.997827,0,0.72691,-0.22720,43.615,-0.454,825.000,350.000,-1,375.000,725.000,300.000,300.000,300.000,300.000,-1,500.000,375.000,875.000,600.000,625.000,850.000,825.000,0,0,2,0,1,0,0,0,0,2,0,0,0,0,0,0,1
72,-4658.873,-9970.829,114.488,-132.497,-0.675169,0.735785,0.052607,-0.737623,-0.674160,-0.037700,0.007727,-0.064258,0.997903,0,0.76259,-0.24755,45.756,-0.495,825.000,350.000,-1,375.000,700.000,300.000,300.000,300.000,300.000,-1,550.000,400.000,875.000,600.000,625.000,850.000,775.000,0,0,2,0,1,0,0,0,0,2,0,0,0,0,0,0,1
73,-4690.204,-10004.425,115.162,-133.000,-0.681476,0.729896,0.053305,-0.731763,-0.680651,-0.035168,0.010613,-0.062973,0.997959,0,0.76563,-0.25156,45.938,-0.503,825.000,350.000,-1,350.000,675.000,300.000,300.000,300.000,300.000,-1,575.000,425.000,900.000,600.000,625.000,825.000,750.000,0,0,2,0,1,0,0,0,0,2,0,0,0,0,0,0,1
74,-4721.954,-10037.867,115.797,-133.512,-0.687814,0.723835,0.054538,-0.725755,-0.687179,-0.032633,0.013856,-0.062027,0.997978,0,0.76856,-0.25570,46.113,-0.511,825.000,350.000,-1,350.000,625.000,300.000,300.000,300.000,300.000,-1,575.000,450.000,900.000,600.000,600.000,825.000,725.000,0,0,2,0,1,0,0,0,0,2,0,0,0,0,0,0,1
75,-4754.124,-10071.141,116.465,-134.032,-0.694196,0.717609,0.055932,-0.719580,-0.693758,-0.030075,0.017222,-0.061126,0.997981,0,0.77136,-0.25998,46.282,-0.520,825.000,350.000,-1,350.000,600.000,300.000,300.000,300.000,275.000,-1,600.000,450.000,900.000,600.000,600.000,825.000,675.000,0,0,2,0,1,0,0,0,0,2,0,0,0,0,0,0,1
76,-4783.350,-10100.579,117.104,-134.792,-0.703492,0.708376,0.057470,-0.710402,-0.703246,-0.027834,0.020699,-0.060408,0.997959,0,0.69136,-0.37998,41.482,-0.760,800.000,350.000,-1,350.000,575.000,300.000,300.000,300.000,275.000,-1,600.000,475.000,900.000,575.000,600.000,825.000,650.000,0,0,2,0,1,0,0,0,0,2,0,0,0,0,1,0,1
77,-4812.071,-10128.658,118.013,-135.647,-0.713760,0.697786,0.060345,-0.699944,-0.713730,-0.025864,0.025023,-0.060699,0.997842,0,0.66943,-0.42768,40.166,-0.855,800.000,350.000,-1,350.000,550.000,300.000,300.000,275.000,300.000,-1,500.000,400.000,900.000,575.000,600.000,825.000,625.000,0,0,2,0,1,0,0,0,0,2,0,0,0,0,1,0,1
78,-4841.325,-10156.409,119.103,-136.509,-0.723894,0.686934,0.064027,-0.689266,-0.724109,-0.024061,0.029835,-0.061549,0.997658,0,0.67203,-0.43100,40.322,-0.862,800.000,350.000,-1,350.000,525.000,300.000,300.000,275.000,300.000,-1,400.000,325.000,900.000,575.000,575.000,850.000,600.000,0,0,2,0,1,0,0,0,0,2,0,0,0,0,1,0,1
79,-4871.109,-10183.818,120.296,-137.378,-0.733915,0.675853,0.067767,-0.678343,-0.734417,-0.021956,0.034930,-0.062083,0.997460,0,0.67458,-0.43441,40.475,-0.869,825.000,350.000,-1,350.000,500.000,300.000,300.000,275.000,300.000,-1,325.000,300.000,900.000,600.000,575.000,875.000,600.000,0,0,2,0,1,0,0,0,0,2,0,0,0,0,1,0,1
80,-4901.421,-10210.865,122.284,-138.254,-0.743958,0.664653,0.069009,-0.667066,-0.744779,-0.018106,0.039362,-0.059504,0.997452,0,0.67707,-0.43789,40.624,-0.876,875.000,350.000,-1,375.000,475.000,300.000,300.000,275.000,300.000,-1,325.000,275.000,900.000,600.000,550.000,950.000,550.000,0,0,2,0,1,0,0,0,0,2,0,0,0,0,1,0,1
81,-4932.255,-10237.537,124.326,-139.137,-0.753918,0.653200,0.070267,-0.655511,-0.755051,-0.014261,0.043740,-0.056812,0.997426,0,0.67949,-0.44148,40.769,-0.883,925.000,350.000,-1,375.000,450.000,300.000,300.000,275.000,300.000,-1,325.000,275.000,875.000,600.000,550.000,-1,525.000,0,0,2,0,1,0,0,0,0,2,0,0,0,0,1,2,1
82,-4963.608,-10263.818,126.403,-140.027,-0.763783,0.641486,0.071629,-0.643677,-0.765226,-0.010437,0.048117,-0.054078,0.997377,0,0.68183,-0.44516,40.910,-0.890,-1,350.000,-1,375.000,425.000,300.000,300.000,300.000,300.000,-1,325.000,275.000,875.000,625.000,550.000,-1,500.000,2,0,2,1,1,0,0,0,0,2,0,0,0,0,1,2,1
83,-4995.474,-10289.688,128.515,-140.925,-0.773548,0.629508,0.073098,-0.631560,-0.775299,-0.006640,0.052492,-0.051302,0.997303,0,0.68407,-0.44895,41.044,-0.898,-1,375.000,-1,350.000,400.000,300.000,300.000,300.000,300.000,-1,325.000,275.000,850.000,625.000,525.000,-1,475.000,2,0,2,1,1,0,0,0,0,2,0,0,0,0,1,2,1
84,-5027.846,-10315.132,130.743,-141.831,-0.783214,0.617252,0.074669,-0.619168,-0.785252,-0.003251,0.056627,-0.048779,0.997203,0,0.68622,-0.45287,41.173,-0.906,-1,375.000,-1,350.000,375.000,300.000,300.000,300.000,300.000,-1,350.000,275.000,850.000,650.000,525.000,-1,450.000,2,0,2,1,1,0,0,0,0,2,0,0,0,0,1,2,1
85,-5060.715,-10340.130,133.197,-142.744,-0.792786,0.604704,0.076314,-0.606521,-0.795067,-0.000793,0.060195,-0.046915,0.997084,0,0.68825,-0.45691,41.295,-0.914,-1,375.000,-1,350.000,350.000,300.000,300.000,300.000,300.000,-1,350.000,300.000,850.000,650.000,525.000,-1,425.000,2,0,2,1,1,0,1,0,0,2,0,0,0,0,1,2,1
86,-5094.075,-10364.664,135.703,-143.667,-0.802241,0.591880,0.078021,-0.593592,-0.804765,0.001538,0.063699,-0.045079,0.996951,0,0.69016,-0.46109,41.409,-0.922,-1,375.000,-1,325.000,325.000,300.000,300.000,300.000,300.000,-1,375.000,300.000,875.000,650.000,525.000,-1,375.000,2,0,2,1,1,0,1,0,0,2,0,0,0,0,1,2,1
87,-5127.916,-10388.714,138.261,-144.597,-0.811575,0.578774,0.079786,-0.580378,-0.814339,0.003737,0.067136,-0.043273,0.996805,0,0.69192,-0.46542,41.515,-0.931,-1,375.000,-1,325.000,300.000,300.000,300.000,300.000,300.000,-1,375.000,325.000,875.000,675.000,525.000,-1,350.000,2,0,2,1,1,0,1,0,0,2,0,0,0,0,1,2,1
88,-5162.225,-10412.260,140.871,-145.537,-0.820782,0.565382,0.081605,-0.566873,-0.823785,0.005802,0.070505,-0.041497,0.996648,0,0.69352,-0.46991,41.611,-0.940,-1,375.000,-1,325.000,275.000,300.000,300.000,300.000,300.000,-1,400.000,325.000,875.000,675.000,500.000,-1,325.000,2,0,2,1,1,1,1,0,0,2,0,0,0,0,1,2,1
89,-5196.991,-10435.283,145.423,-146.486,-0.829102,0.551550,0.091559,-0.553435,-0.832873,0.005651,0.079374,-0.045987,0.995784,0,0.69494,-0.47457,41.697,-0.949,-1,375.000,-1,325.000,275.000,325.000,300.000,300.000,300.000,-1,375.000,325.000,900.000,725.000,550.000,-1,325.000,2,0,2,1,1,0,1,0,0,2,0,0,0,0,1,2,1
90,-5232.199,-10457.762,150.335,-147.445,-0.837046,0.537389,0.102798,-0.539837,-0.841757,0.004694,0.089053,-0.051565,0.994691,0,0.69617,-0.47942,41.770,-0.959,-1,400.000,-1,350.000,275.000,325.000,325.000,300.000,325.000,-1,350.000,325.000,925.000,775.000,600.000,-1,350.000,2,0,2,1,1,0,1,0,0,2,0,0,0,0,1,2,1
91,-5267.835,-10479.674,155.144,-148.414,-0.844806,0.522931,0.113339,-0.525987,-0.850486,0.003426,0.098185,-0.056720,0.993550,0,0.69719,-0.48447,41.831,-0.969,-1,425.000,-1,350.000,275.000,350.000,325.000,275.000,325.000,-1,275.000,325.000,950.000,825.000,675.000,-1,400.000,2,0,2,1,1,0,1,0,1,2,0,0,0,0,1,2,1
92,-5303.880,-10500.997,159.856,-149.394,-0.852396,0.508173,0.123211,-0.511875,-0.859058,0.001865,0.106793,-0.061479,0.992379,0,0.69796,-0.48973,41.878,-0.979,-1,425.000,-1,375.000,300.000,375.000,350.000,275.000,325.000,-1,250.000,325.000,975.000,900.000,675.000,-1,450.000,2,0,2,1,1,0,1,0,1,2,0,0,0,0,1,2,1
93,-5340.315,-10521.709,164.567,-150.384,-0.859884,0.493121,0.132028,-0.497454,-0.867490,0.000193,0.114628,-0.065512,0.991246,0,0.69847,-0.49522,41.908,-0.990,-1,450.000,-1,375.000,300.000,375.000,375.000,275.000,325.000,925.000,200.000,325.000,1000.000,950.000,675.000,-1,600.000,2,0,2,1,1,0,1,0,1,0,0,0,0,0,1,2,1
94,-5377.119,-10541.787,169.590,-151.386,-0.867433,0.477780,0.138873,-0.482668,-0.875802,-0.001735,0.120796,-0.068535,0.990309,0,0.69870,-0.50094,41.922,-1.002,-1,475.000,-1,400.000,300.000,375.000,375.000,275.000,300.000,800.000,200.000,300.000,-1,-1,675.000,-1,625.000,2,0,2,1,1,0,1,0,1,0,0,0,2,2,1,2,1
95,-5414.267,-10561.209,174.824,-152.400,-0.874914,0.462086,0.144920,-0.467680,-0.883883,-0.005173,0.125702,-0.072302,0.989430,0,0.69861,-0.50691,41.917,-1.014,-1,475.000,-1,400.000,300.000,400.000,400.000,275.000,300.000,750.000,200.000,325.000,-1,-1,675.000,-1,625.000,2,0,2,1,1,0,1,0,1,0,0,0,2,2,1,2,1
96,-5451.734,-10579.950,179.999,-153.426,-0.882259,0.446071,0.150468,-0.452354,-0.891797,-0.008565,0.130367,-0.075621,0.988578,0,0.69819,-0.51315,41.891,-1.026,-1,500.000,-1,425.000,300.000,400.000,425.000,250.000,275.000,700.000,175.000,325.000,-1,-1,650.000,-1,625.000,2,0,2,1,1,0,0,0,1,0,0,0,2,2,1,2,1
97,-5489.491,-10597.989,185.084,-154.465,-0.889468,0.429719,0.155528,-0.436696,-0.899527,-0.012110,0.134698,-0.078690,0.987757,0,0.69739,-0.51965,41.843,-1.039,-1,500.000,-1,425.000,300.000,425.000,425.000,250.000,250.000,675.000,150.000,300.000,-1,-1,650.000,-1,600.000,2,0,2,1,1,0,0,0,1,0,0,0,2,2,1,2,1
98,-5527.509,-10615.300,190.091,-155.518,-0.896530,0.413022,0.160145,-0.420698,-0.907063,-0.015808,0.138733,-0.081545,0.986967,0,0.69620,-0.52644,41.772,-1.053,-1,525.000,-1,450.000,300.000,425.000,450.000,250.000,250.000,625.000,150.000,300.000,-1,-1,625.000,-1,575.000,2,0,2,1,1,0,0,0,1,0,0,0,2,2,1,2,1
99,-5565.754,-10631.863,195.028,-156.585,-0.903432,0.395970,0.164369,-0.404352,-0.914392,-0.019663,0.142512,-0.084227,0.986203,0,0.69459,-0.53352,41.675,-1.067,-1,525.000,-1,425.000,275.000,425.000,450.000,250.000,250.000,600.000,125.000,275.000,-1,-1,625.000,-1,550.000,2,0,2,1,1,0,1,0,1,0,0,0,2,2,1,2,1
100,-5604.190,-10647.653,199.906,-157.667,-0.910159,0.378554,0.168250,-0.387650,-0.921502,-0.023683,0.146077,-0.086778,0.985460,0,0.69253,-0.54088,41.552,-1.082,-1,525.000,-1,425.000,275.000,450.000,425.000,250.000,225.000,575.000,125.000,275.000,-1,-1,600.000,-1,525.000,2,1,2,1,1,1,1,0,1,0,0,0,2,2,1,2,1
101,-5642.780,-10662.649,204.738,-158.764,-0.916691,0.360762,0.171836,-0.370588,-0.928379,-0.027882,0.149470,-0.089240,0.984731,0,0.68999,-0.54854,41.400,-1.097,-1,525.000,-1,400.000,275.000,425.000,425.000,250.000,225.000,550.000,100.000,250.000,-1,-1,575.000,-1,500.000,2,1,2,1,1,1,1,0,1,0,0,0,2,2,1,2,1
102,-5681.483,-10676.831,209.533,-159.877,-0.923010,0.342586,0.175180,-0.353164,-0.935004,-0.032278,0.152736,-0.091660,0.984007,0,0.68697,-0.55647,41.218,-1.113,-1,525.000,-1,400.000,250.000,425.000,400.000,250.000,200.000,525.000,100.000,250.000,-1,-1,575.000,-1,450.000,2,1,2,1,1,1,1,0,1,0,0,0,2,2,1,2,1
103,-5720.258,-10690.177,214.418,-161.006,-0.929175,0.324031,0.177867,-0.335298,-0.941401,-0.036588,0.155589,-0.093635,0.983374,0,0.68344,-0.56468,41.006,-1.129,-1,500.000,-1,375.000,250.000,400.000,375.000,250.000,200.000,500.000,100.000,250.000,-1,-1,550.000,-1,425.000,2,1,2,1,1,1,1,0,1,0,0,0,2,2,1,2,1
104,6231.350,-4263.566,-310.435,178.626,-0.997546,-0.023978,0.065774,0.025347,-0.999478,0.020049,0.065258,0.021667,0.997633,1,0.00000,0.00000,40.764,-1.146,-1,400.000,-1,375.000,550.000,300.000,300.000,300.000,350.000,-1,500.000,400.000,-1,775.000,500.000,-1,525.000,2,0,2,0,1,0,0,0,0,2,0,0,2,0,1,2,1
105,6226.552,-4263.431,-310.117,178.386,-0.997426,-0.028165,0.065942,0.029540,-0.999364,0.019975,0.065337,0.021872,0.997624,0,0.08000,-0.12000,4.800,-0.240,-1,400.000,-1,375.000,550.000,300.000,300.000,300.000,350.000,-1,500.000,400.000,-1,775.000,500.000,-1,525.000,2,0,2,0,1,0,0,0,0,2,0,0,2,0,1,2,1
106,6216.959,-4263.082,-309.482,177.919,-0.997140,-0.036301,0.066282,0.037690,-0.999093,0.019829,0.065502,0.022270,0.997604,0,0.16000,-0.23326,9.600,-0.467,-1,400.000,-1,375.000,550.000,300.000,300.000,300.000,325.000,-1,500.000,400.000,-1,775.000,475.000,-1,500.000,2,0,2,1,1,0,0,0,0,2,0,0,2,0,1,2,1
107,6202.573,-4262.442,-308.532,177.453,-0.996775,-0.044431,0.066822,0.045835,-0.998756,0.019618,0.065867,0.022618,0.997572,0,0.24000,-0.23319,14.400,-0.466,-1,400.000,-1,375.000,550.000,300.000,300.000,300.000,325.000,-1,500.000,425.000,-1,775.000,475.000,-1,500.000,2,0,2,1,1,0,0,0,0,2,0,0,2,0,1,2,1
108,6183.399,-4261.432,-307.269,176.985,-0.996328,-0.052591,0.067567,0.054009,-0.998353,0.019341,0.066438,0.022919,0.997527,0,0.32000,-0.23409,19.200,-0.468,-1,400.000,-1,350.000,525.000,300.000,300.000,300.000,325.000,-1,500.000,425.000,-1,775.000,450.000,-1,475.000,2,0,2,1,1,0,0,0,0,2,0,0,2,0,1,2,1
109,6159.443,-4259.973,-305.692,176.513,-0.995795,-0.060812,0.068521,0.062246,-0.997880,0.018994,0.067221,0.023179,0.997469,0,0.40000,-0.23597,24.000,-0.472,-1,400.000,1000.000,350.000,500.000,300.000,300.000,300.000,325.000,-1,500.000,400.000,-1,775.000,450.000,-1,450.000,2,0,1,1,1,0,1,0,0,2,0,0,2,0,1,2,1
110,6130.712,-4257.981,-303.801,176.035,-0.995171,-0.069128,0.069691,0.070579,-0.997333,0.018573,0.068222,0.023402,0.997396,0,0.48000,-0.23884,28.800,-0.478,-1,400.000,950.000,325.000,475.000,300.000,300.000,300.000,325.000,-1,500.000,400.000,-1,775.000,425.000,-1,425.000,2,0,1,1,1,0,1,0,0,2,0,0,2,0,1,2,1
111,6097.213,-4255.374,-301.596,175.550,-0.994449,-0.077576,0.071088,0.079044,-0.996707,0.018072,0.069452,0.023591,0.997306,0,0.56000,-0.24274,33.600,-0.485,-1,400.000,900.000,325.000,450.000,325.000,300.000,300.000,325.000,-1,475.000,375.000,-1,800.000,400.000,-1,400.000,2,0,1,1,1,0,1,0,0,2,0,0,2,0,1,2,1
112,6058.956,-4252.063,-299.077,175.054,-0.993621,-0.086191,0.072721,0.087677,-0.995995,0.017484,0.070923,0.023749,0.997199,0,0.64000,-0.24773,38.400,-0.495,-1,400.000,875.000,300.000,400.000,325.000,275.000,300.000,325.000,-1,425.000,350.000,-1,800.000,375.000,-1,375.000,2,0,1,1,1,0,1,0,0,2,0,0,2,0,1,2,1
113,6015.951,-4247.958,-296.243,174.546,-0.992676,-0.095015,0.074607,0.096518,-0.995189,0.016801,0.072652,0.023879,0.997071,0,0.72000,-0.25389,43.200,-0.508,-1,400.000,825.000,275.000,350.000,325.000,275.000,325.000,325.000,-1,375.000,325.000,-1,800.000,350.000,-1,325.000,2,0,1,1,1,1,1,0,0,2,0,0,2,0,1,2,1
114,5968.211,-4242.960,-293.093,174.024,-0.991601,-0.104090,0.076765,0.105610,-0.994279,0.016011,0.074659,0.023983,0.996921,0,0.80000,-0.26136,48.000,-0.523,-1,400.000,750.000,250.000,325.000,300.000,250.000,325.000,325.000,-1,350.000,325.000,-1,775.000,325.000,975.000,300.000,2,0,1,1,1,1,1,0,0,2,0,0,2,1,1,1,1
115,5915.752,-4236.967,-289.568,173.483,-0.990393,-0.113465,0.079037,0.115016,-0.993245,0.015348,0.076762,0.024291,0.996754,0,0.88000,-0.27028,52.800,-0.541,-1,400.000,700.000,225.000,250.000,300.000,225.000,325.000,325.000,-1,325.000,300.000,-1,725.000,300.000,900.000,250.000,2,0,1,1,1,1,1,0,0,2,0,0,2,1,1,1,1
116,5858.690,-4229.880,-284.401,172.921,-0.988913,-0.123209,0.082890,0.124448,-0.992177,0.009928,0.081019,0.020133,0.996509,0,0.95832,-0.28088,57.499,-0.562,-1,400.000,625.000,225.000,200.000,300.000,200.000,325.000,325.000,-1,300.000,300.000,-1,675.000,275.000,825.000,200.000,2,0,1,1,1,1,1,0,0,2,0,0,2,1,1,1,1
117,5800.964,-4222.102,-273.604,172.334,-0.986181,-0.133389,0.098253,0.132266,-0.991053,-0.017892,0.099760,-0.004649,0.995001,0,0.97074,-0.29341,58.244,-0.587,-1,450.000,600.000,200.000,200.000,300.000,200.000,300.000,375.000,-1,175.000,275.000,-1,650.000,250.000,775.000,175.000,2,0,1,1,1,1,1,0,0,2,0,0,2,1,1,1,1
118,5742.604,-4213.607,-262.224,171.720,-0.982973,-0.143933,0.114229,0.139248,-0.989092,-0.048026,0.119895,-0.031302,0.992293,0,0.98281,-0.30700,58.969,-0.614,-1,500.000,575.000,200.000,175.000,325.000,225.000,275.000,475.000,825.000,100.000,250.000,-1,625.000,250.000,725.000,175.000,2,0,1,1,1,1,1,0,0,0,0,0,2,1,1,1,1
119,5683.653,-4204.356,-250.207,171.077,-0.979247,-0.154831,0.130779,0.145137,-0.986114,-0.080716,0.141460,-0.060060,0.988120,0,0.99443,-0.32182,59.666,-0.644,-1,500.000,550.000,200.000,150.000,325.000,225.000,275.000,575.000,475.000,50.000,225.000,-1,575.000,250.000,675.000,150.000,2,1,1,1,1,1,1,0,0,0,0,0,2,1,1,1,1
120,5624.482,-4194.361,-237.568,170.401,-0.974987,-0.166066,0.147721,0.149668,-0.981907,-0.116013,0.164314,-0.091002,0.982201,0,1.00000,-0.33809,60.000,-0.676,-1,475.000,525.000,200.000,150.000,325.000,225.000,250.000,700.000,325.000,25.000,200.000,-1,550.000,250.000,625.000,150.000,2,1,1,1,1,1,1,0,0,0,0,0,2,1,1,1,1
121,-8855.218,-6231.442,416.554,-156.838,-0.839668,0.388011,-0.380008,-0.421176,-0.906967,0.004565,-0.342883,0.163883,0.924972,1,0.00000,0.00000,60.000,-0.469,600.000,275.000,500.000,225.000,175.000,225.000,200.000,325.000,300.000,300.000,100.000,175.000,-1,400.000,300.000,500.000,175.000,0,0,0,0,0,0,0,1,0,1,1,1,2,0,0,0,0
122,-1639.855,-6887.271,191.326,156.137,-0.906160,-0.404298,0.124163,0.394935,-0.913927,-0.093619,0.151326,-0.035797,0.987835,1,0.00000,0.00000,4.800,0.240,-1,400.000,-1,400.000,-1,325.000,325.000,325.000,325.000,-1,-1,-1,-1,800.000,950.000,-1,-1,2,0,2,0,2,0,0,0,0,2,2,2,2,0,0,2,2
123,-1644.238,-6885.316,192.067,155.963,-0.904921,-0.407066,0.124160,0.397743,-0.912719,-0.093514,0.151390,-0.035239,0.987846,0,0.08000,-0.08656,4.800,-0.173,-1,400.000,-1,400.000,-1,325.000,325.000,325.000,325.000,-1,-1,-1,-1,800.000,950.000,-1,-1,2,0,2,0,2,0,0,0,0,2,2,2,2,0,0,2,2
124,-1652.994,-6881.379,193.540,155.790,-0.903671,-0.409838,0.124148,0.400573,-0.911503,-0.093295,0.151397,-0.034577,0.987868,0,0.16000,-0.08676,9.600,-0.174,-1,400.000,-1,400.000,-1,325.000,325.000,325.000,325.000,-1,-1,-1,-1,800.000,975.000,-1,-1,2,0,2,0,2,0,0,0,0,2,2,2,2,0,0,2,2
125,-1666.109,-6875.434,195.746,155.616,-0.902406,-0.412621,0.124128,0.403433,-0.910275,-0.092955,0.151346,-0.033805,0.987903,0,0.24000,-0.08719,14.400,-0.174,-1,400.000,-1,400.000,-1,325.000,325.000,325.000,325.000,-1,-1,-1,-1,825.000,975.000,-1,-1,2,0,2,0,2,0,0,0,0,2,2,2,2,0,0,2,2
126,-1683.572,-6867.453,198.691,155.440,-0.901122,-0.415424,0.124105,0.406333,-0.909032,-0.092486,0.151236,-0.032913,0.987950,0,0.32000,-0.08789,19.200,-0.176,-1,400.000,-1,400.000,-1,325.000,325.000,325.000,325.000,-1,-1,-1,-1,825.000,1000.000,-1,-1,2,0,2,0,2,0,0,0,0,2,2,2,2,0,0,2,2
127,-1705.370,-6857.410,202.379,155.262,-0.899814,-0.418257,0.124079,0.409285,-0.907769,-0.091877,0.151063,-0.031889,0.988010,0,0.40000,-0.08891,24.000,-0.178,-1,400.000,-1,400.000,-1,325.000,325.000,325.000,325.000,-1,-1,-1,-1,825.000,-1,-1,-1,2,0,2,0,2,0,0,0,0,2,2,2,2,0,2,2,2
128,-1731.488,-6845.276,206.815,155.081,-0.898476,-0.421132,0.124053,0.412303,-0.906479,-0.091116,0.150824,-0.030718,0.988083,0,0.48000,-0.09031,28.800,-0.181,-1,400.000,-1,400.000,-1,325.000,325.000,325.000,325.000,-1,-1,-1,-1,825.000,-1,-1,-1,2,0,2,0,2,0,0,0,0,2,2,2,2,0,2,2,2
129,-1761.915,-6831.021,212.006,154.897,-0.897099,-0.424064,0.124030,0.415403,-0.905155,-0.090188,0.150512,-0.029385,0.988171,0,0.56000,-0.09219,33.600,-0.184,-1,400.000,-1,400.000,-1,325.000,325.000,325.000,300.000,-1,-1,-1,-1,825.000,-1,-1,-1,2,0,2,0,2,0,0,0,0,2,2,2,2,0,2,2,2
130,-1796.633,-6814.615,217.959,154.708,-0.895674,-0.427070,0.124012,0.418606,-0.903789,-0.089075,0.150122,-0.027870,0.988275,0,0.64000,-0.09464,38.400,-0.189,-1,400.000,-1,400.000,-1,325.000,325.000,350.000,300.000,-1,-1,-1,-1,850.000,-1,-1,-1,2,0,2,0,2,0,0,0,0,2,2,2,2,0,2,2,2
