timestep,x_cm,y_cm,z_cm,yaw_deg,basis_xx,basis_xy,basis_xz,basis_yx,basis_yy,basis_yz,basis_zx,basis_zy,basis_zz,teleport_flag,throttle_cmd,steering_cmd,cmd_move_cm,cmd_turn_deg,lidar_cm_0,lidar_cm_1,lidar_cm_2,lidar_cm_3,lidar_cm_4,lidar_cm_5,lidar_cm_6,lidar_cm_7,lidar_cm_8,lidar_cm_9,lidar_cm_10,lidar_cm_11,lidar_cm_12,lidar_cm_13,lidar_cm_14,lidar_cm_15,lidar_cm_16,lidar_class_0,lidar_class_1,lidar_class_2,lidar_class_3,lidar_class_4,lidar_class_5,lidar_class_6,lidar_class_7,lidar_class_8,lidar_class_9,lidar_class_10,lidar_class_11,lidar_class_12,lidar_class_13,lidar_class_14,lidar_class_15,lidar_class_16
0,-8853.401,2956.190,-301.488,-110.491,-0.349972,0.936450,0.024095,-0.936753,-0.349952,-0.005175,0.003586,-0.024382,0.999696,1,-0.08000,0.12000,-4.800,0.240,525.000,400.000,-1,375.000,-1,325.000,300.000,300.000,300.000,-1,425.000,375.000,550.000,825.000,650.000,950.000,-1,1,0,2,0,2,0,0,0,0,2,1,1,1,0,0,1,2
1,-8850.116,2965.210,-301.529,-110.011,-0.342123,0.939357,0.023670,-0.939650,-0.342097,-0.005234,0.003181,-0.024033,0.999706,0,-0.16000,0.24000,-9.600,0.480,525.000,400.000,-1,375.000,-1,325.000,300.000,300.000,300.000,-1,400.000,375.000,550.000,825.000,650.000,775.000,-1,1,0,2,0,2,0,0,0,0,2,1,1,1,0,0,1,2
2,-8845.359,2978.802,-301.585,-109.291,-0.330303,0.943594,0.023042,-0.943871,-0.330270,-0.005326,0.002584,-0.023508,0.999720,0,-0.24000,0.36000,-14.400,0.720,525.000,400.000,-1,375.000,-1,325.000,300.000,300.000,300.000,-1,400.000,350.000,550.000,825.000,650.000,700.000,-1,1,0,2,0,2,0,0,0,0,2,1,1,1,0,0,1,2
3,-8839.321,2997.028,-301.646,-108.331,-0.314462,0.949010,0.022218,-0.949268,-0.314420,-0.005453,0.001811,-0.022806,0.999738,0,-0.32000,0.48000,-19.200,0.960,550.000,400.000,-1,375.000,-1,325.000,300.000,300.000,300.000,-1,375.000,325.000,525.000,800.000,650.000,675.000,-1,1,0,2,0,2,0,0,0,0,2,1,1,1,1,0,1,2
4,-8833.144,3017.067,-301.694,-107.131,-0.294533,0.955403,0.021344,-0.955641,-0.294481,-0.005601,0.000935,-0.022047,0.999757,0,-0.34949,0.60000,-20.969,1.200,550.000,400.000,-1,375.000,-1,325.000,300.000,300.000,300.000,-1,350.000,300.000,525.000,725.000,650.000,650.000,-1,1,0,2,0,2,0,0,0,0,2,1,1,1,1,0,1,2
5,-8827.268,3037.644,-301.727,-105.940,-0.274622,0.961334,0.020471,-0.961552,-0.274562,-0.005755,0.000088,-0.021265,0.999774,0,-0.35665,0.59556,-21.399,1.191,575.000,400.000,-1,375.000,-1,325.000,300.000,300.000,300.000,-1,325.000,275.000,500.000,700.000,650.000,650.000,-1,1,0,2,0,2,0,0,0,0,2,1,1,1,1,0,1,2
6,-8821.702,3058.760,-301.745,-104.766,-0.254883,0.966773,0.019601,-0.966972,-0.254816,-0.005916,-0.000725,-0.020462,0.999790,0,-0.36395,0.58689,-21.837,1.174,600.000,400.000,-1,375.000,-1,325.000,300.000,300.000,300.000,975.000,300.000,250.000,500.000,675.000,650.000,650.000,-1,1,0,2,0,2,0,0,0,0,1,1,1,1,1,0,1,2
7,-8816.459,3080.416,-301.746,-103.610,-0.235338,0.971733,0.018734,-0.971912,-0.235264,-0.006082,-0.001503,-0.019640,0.999806,0,-0.37137,0.57799,-22.282,1.156,625.000,400.000,-1,375.000,-1,325.000,325.000,300.000,300.000,825.000,275.000,225.000,475.000,650.000,675.000,650.000,-1,1,0,2,0,2,0,0,0,0,1,1,1,1,1,0,1,2
8,-8811.550,3102.614,-301.732,-102.472,-0.216005,0.976229,0.017872,-0.976390,-0.215926,-0.006253,-0.002245,-0.018800,0.999821,0,-0.37890,0.56887,-22.734,1.138,650.000,400.000,-1,375.000,-1,325.000,325.000,300.000,300.000,725.000,225.000,200.000,475.000,650.000,675.000,675.000,-1,1,0,2,0,2,0,0,0,0,1,1,1,1,1,0,1,2
9,-8806.984,3125.354,-301.702,-101.353,-0.196905,0.980275,0.017014,-0.980418,-0.196822,-0.006426,-0.002951,-0.017947,0.999835,0,-0.38656,0.55953,-23.194,1.119,675.000,400.000,-1,375.000,-1,325.000,325.000,300.000,300.000,650.000,200.000,200.000,450.000,650.000,675.000,675.000,-1,1,0,2,0,2,0,0,0,0,1,1,1,1,1,0,1,2
10,-8802.773,3148.636,-301.657,-100.253,-0.178056,0.983888,0.016163,-0.984014,-0.177971,-0.006602,-0.003619,-0.017080,0.999848,0,-0.39433,0.54997,-23.660,1.100,700.000,400.000,-1,375.000,-1,325.000,325.000,300.000,300.000,600.000,175.000,175.000,425.000,650.000,675.000,700.000,-1,1,0,2,0,2,0,0,0,0,1,1,1,1,1,0,1,2
11,-8798.926,3172.461,-301.595,-99.173,-0.159478,0.987083,0.015319,-0.987192,-0.159390,-0.006779,-0.004250,-0.016204,0.999860,0,-0.40223,0.54018,-24.134,1.080,725.000,400.000,-1,375.000,-1,325.000,325.000,300.000,300.000,525.000,150.000,150.000,400.000,650.000,675.000,725.000,-1,1,0,2,0,2,0,0,0,0,1,1,1,1,1,0,1,2
12,-8795.452,3196.829,-301.518,-98.112,-0.141187,0.989877,0.014483,-0.989971,-0.141099,-0.006956,-0.004842,-0.015320,0.999871,0,-0.41024,0.53017,-24.614,1.060,750.000,400.000,-1,375.000,-1,325.000,325.000,300.000,300.000,475.000,125.000,125.000,375.000,675.000,675.000,750.000,-1,1,0,2,0,2,0,0,0,0,1,1,1,1,1,0,1,2
13,-8792.362,3221.741,-301.425,-97.073,-0.123201,0.992288,0.013655,-0.992367,-0.123113,-0.007133,-0.005396,-0.014430,0.999881,0,-0.41838,0.51993,-25.103,1.040,800.000,400.000,-1,375.000,-1,325.000,325.000,300.000,300.000,400.000,100.000,100.000,350.000,700.000,675.000,775.000,-1,1,0,2,0,2,0,0,0,0,1,1,1,1,1,0,1,2
14,-8789.662,3247.196,-301.317,-96.054,-0.105537,0.994332,0.012838,-0.994398,-0.105450,-0.007308,-0.005913,-0.013537,0.999891,0,-0.42663,0.50945,-25.598,1.019,825.000,400.000,-1,375.000,-1,325.000,325.000,300.000,300.000,375.000,75.000,75.000,325.000,700.000,675.000,800.000,-1,1,0,2,0,2,0,0,0,0,1,1,1,1,1,0,1,2
15,-8787.361,3273.195,-300.024,-95.056,-0.088290,0.995966,0.016032,-0.996048,-0.088119,-0.011076,-0.009619,-0.016947,0.999810,0,-0.43501,0.49874,-26.101,0.997,850.000,400.000,-1,375.000,-1,325.000,325.000,300.000,300.000,325.000,50.000,50.000,325.000,725.000,675.000,825.000,-1,1,0,2,0,2,0,0,0,0,1,1,1,1,1,0,1,2
16,-8785.462,3299.737,-295.508,-94.081,-0.071868,0.996949,0.030459,-0.997156,-0.071122,-0.024917,-0.022675,-0.032164,0.999225,0,-0.44351,0.48780,-26.611,0.976,850.000,375.000,-1,375.000,-1,325.000,325.000,275.000,325.000,275.000,25.000,25.000,375.000,700.000,675.000,825.000,-1,1,0,2,0,2,0,0,0,0,1,1,1,1,0,0,1,2
17,-8783.629,3331.091,-283.875,-93.345,-0.059801,0.997940,0.023231,-0.996512,-0.058326,-0.059681,-0.058203,-0.026719,0.997947,0,-0.52351,0.36780,-31.411,0.736,800.000,350.000,-1,350.000,825.000,300.000,300.000,325.000,350.000,275.000,25.000,25.000,-1,600.000,575.000,825.000,825.000,1,0,2,0,0,0,0,0,0,1,1,1,2,0,0,1,0
18,-6231.359,5575.422,-221.824,136.025,-0.719932,-0.694043,-0.001242,0.693523,-0.719322,-0.040017,0.026880,-0.029671,0.999198,1,0.00000,0.00000,-36.211,0.496,-1,400.000,-1,400.000,-1,325.000,325.000,325.000,325.000,-1,-1,-1,-1,750.000,775.000,-1,-1,2,0,2,0,2,0,0,0,0,2,2,2,2,0,0,2,2
19,-6234.827,5578.740,-221.694,136.265,-0.722833,-0.691021,-0.001322,0.690508,-0.722220,-0.039968,0.026664,-0.029803,0.999200,0,0.08000,0.12000,4.800,0.240,-1,400.000,-1,400.000,-1,325.000,325.000,325.000,325.000,-1,-1,-1,-1,750.000,775.000,-1,-1,2,0,2,0,2,0,0,0,0,2,2,2,2,0,0,2,2
20,-6241.812,5585.326,-221.434,136.682,-0.727844,-0.685741,-0.001481,0.685240,-0.727226,-0.039869,0.026262,-0.030033,0.999204,0,0.16000,0.20852,9.600,0.417,-1,400.000,-1,400.000,-1,325.000,325.000,325.000,325.000,-1,-1,-1,-1,750.000,775.000,-1,-1,2,0,2,0,2,0,0,0,0,2,2,2,2,0,0,2,2
21,-6252.360,5595.129,-221.036,137.097,-0.732791,-0.680452,-0.001715,0.679966,-0.732167,-0.039715,0.025769,-0.030269,0.999210,0,0.24000,0.20747,14.400,0.415,-1,400.000,-1,400.000,-1,325.000,325.000,325.000,325.000,-1,-1,-1,-1,750.000,775.000,-1,-1,2,0,2,0,2,0,0,0,0,2,2,2,2,0,0,2,2
22,-6266.518,5608.098,-220.501,137.509,-0.737664,-0.675164,-0.002024,0.674698,-0.737036,-0.039511,0.025185,-0.030511,0.999217,0,0.32000,0.20600,19.200,0.412,-1,400.000,-1,375.000,-1,325.000,325.000,325.000,325.000,-1,-1,-1,-1,750.000,750.000,-1,-1,2,0,2,0,2,0,0,0,0,2,2,2,2,0,0,2,2
23,-6284.330,5624.183,-219.857,137.917,-0.742453,-0.669894,-0.002263,0.669446,-0.741824,-0.039240,0.024607,-0.030649,0.999227,0,0.40000,0.20408,24.000,0.408,-1,400.000,-1,375.000,-1,325.000,325.000,325.000,325.000,-1,-1,-1,-1,750.000,750.000,-1,-1,2,0,2,0,2,0,0,0,0,2,2,2,2,0,0,2,2
24,-6305.840,5643.334,-219.168,138.320,-0.747155,-0.664645,-0.002554,0.664207,-0.746511,-0.039373,0.024262,-0.031114,0.999221,0,0.48000,0.20171,28.800,0.403,-1,400.000,-1,375.000,-1,325.000,325.000,325.000,325.000,-1,-1,-1,-1,750.000,750.000,-1,-1,2,0,2,0,2,0,0,0,0,2,2,2,2,0,0,2,2
25,-6331.089,5665.502,-218.381,138.718,-0.751757,-0.659433,-0.002902,0.659003,-0.751092,-0.039691,0.023994,-0.031750,0.999208,0,0.56000,0.19887,33.600,0.398,-1,400.000,-1,375.000,-1,325.000,325.000,325.000,325.000,-1,-1,-1,-1,750.000,750.000,-1,-1,2,0,2,0,2,0,0,0,0,2,2,2,2,0,0,2,2
26,-6360.118,5690.639,-217.469,139.109,-0.756249,-0.654276,-0.003298,0.653854,-0.755558,-0.040095,0.023741,-0.032478,0.999190,0,0.64000,0.19554,38.400,0.391,-1,400.000,-1,375.000,-1,325.000,325.000,325.000,300.000,-1,-1,-1,-1,750.000,750.000,-1,-1,2,0,2,0,2,0,0,0,0,2,2,2,2,0,0,2,2
27,-6392.964,5718.699,-216.425,139.492,-0.760619,-0.649188,-0.003740,0.648773,-0.759899,-0.040596,0.023513,-0.033305,0.999169,0,0.72000,0.19170,43.200,0.383,-1,400.000,-1,375.000,-1,325.000,325.000,325.000,300.000,-1,-1,-1,-1,750.000,750.000,-1,-1,2,0,2,0,2,0,0,0,0,2,2,2,2,0,0,2,2
28,-6429.663,5749.638,-215.244,139.867,-0.764858,-0.644185,-0.004223,0.643776,-0.764104,-0.041205,0.023317,-0.034234,0.999142,0,0.80000,0.18734,48.000,0.375,-1,400.000,-1,400.000,-1,325.000,325.000,325.000,300.000,-1,-1,-1,-1,725.000,750.000,-1,-1,2,0,2,0,2,0,0,0,0,2,2,2,2,0,0,2,2
29,-6470.247,5783.413,-213.909,140.232,-0.768957,-0.639283,-0.004708,0.638880,-0.768163,-0.041925,0.023185,-0.035246,0.999110,0,0.88000,0.18244,52.800,0.365,-1,375.000,-1,400.000,-1,325.000,325.000,325.000,300.000,-1,-1,-1,-1,725.000,750.000,-1,-1,2,0,2,0,2,0,0,0,0,2,2,2,2,0,0,2,2
30,-6514.620,5819.879,-212.379,140.586,-0.772904,-0.634504,-0.004996,0.634097,-0.772072,-0.042723,0.023251,-0.036188,0.999074,0,0.95724,0.17699,57.435,0.354,-1,375.000,-1,400.000,-1,325.000,325.000,325.000,300.000,-1,-1,-1,-1,725.000,750.000,-1,-1,2,0,2,0,2,0,0,0,0,2,2,2,2,0,0,2,2
31,-6559.224,5856.091,-210.896,140.928,-0.776684,-0.629868,-0.005285,0.629466,-0.775826,-0.043202,0.023111,-0.036881,0.999052,0,0.95755,0.17099,57.453,0.342,-1,375.000,-1,400.000,-1,325.000,325.000,325.000,300.000,-1,-1,-1,-1,725.000,750.000,-1,-1,2,0,2,0,2,0,0,0,0,2,2,2,2,0,0,2,2
32,-6604.031,5892.042,-209.450,141.258,-0.780300,-0.625380,-0.005583,0.624989,-0.779425,-0.043413,0.022798,-0.037365,0.999042,0,0.95745,0.16492,57.447,0.330,-1,375.000,-1,400.000,-1,300.000,325.000,325.000,325.000,-1,-1,-1,-1,725.000,750.000,-1,-1,2,0,2,0,2,0,0,0,0,2,2,2,2,0,0,2,2
33,-6649.013,5927.725,-208.064,141.575,-0.783755,-0.621045,-0.005504,0.620653,-0.782874,-0.043566,0.022748,-0.037561,0.999035,0,0.95693,0.15880,57.416,0.318,-1,375.000,-1,400.000,-1,300.000,325.000,325.000,325.000,-1,-1,-1,-1,700.000,750.000,-1,-1,2,0,2,0,2,0,0,0,0,2,2,2,2,0,0,2,2
34,-6694.140,5963.134,-206.825,141.881,-0.787048,-0.616874,-0.004650,0.616454,-0.786185,-0.043561,0.023216,-0.037152,0.999040,0,0.95601,0.15267,57.360,0.305,-1,375.000,-1,400.000,-1,300.000,325.000,325.000,325.000,-1,-1,-1,-1,700.000,750.000,-1,-1,2,0,2,0,2,0,0,0,0,2,2,2,2,0,0,2,2
35,-6739.385,5998.263,-205.556,142.174,-0.790189,-0.612852,-0.003835,0.612406,-0.789341,-0.043587,0.023686,-0.036790,0.999042,0,0.95469,0.14657,57.282,0.293,-1,375.000,-1,400.000,-1,300.000,325.000,325.000,325.000,-1,-1,-1,-1,700.000,725.000,-1,-1,2,0,2,0,2,0,0,0,0,2,2,2,2,0,0,2,2
36,-6784.722,6033.107,-204.247,142.456,-0.793191,-0.608966,-0.003055,0.608494,-0.792357,-0.043652,0.024162,-0.036483,0.999042,0,0.95300,0.14102,57.180,0.282,-1,375.000,-1,400.000,-1,300.000,325.000,325.000,325.000,-1,-1,-1,-1,700.000,725.000,-1,-1,2,0,2,0,2,0,0,0,0,2,2,2,2,0,0,2,2
37,-6830.129,6067.658,-202.839,142.732,-0.796116,-0.605140,-0.002305,0.604637,-0.795286,-0.043986,0.024784,-0.036412,0.999029,0,0.95096,0.13811,57.058,0.276,-1,375.000,-1,375.000,-1,300.000,325.000,325.000,325.000,-1,-1,-1,-1,700.000,750.000,-1,-1,2,0,2,0,2,0,0,0,0,2,2,2,2,0,0,2,2
38,-6875.586,6101.908,-201.382,143.003,-0.798968,-0.601371,-0.001588,0.600836,-0.798140,-0.044356,0.025407,-0.036394,0.999015,0,0.94860,0.13554,56.916,0.271,-1,375.000,-1,375.000,-1,325.000,325.000,325.000,325.000,-1,-1,-1,-1,675.000,750.000,-1,-1,2,0,2,0,2,0,0,0,0,2,2,2,2,0,0,2,2
39,-6921.074,6135.851,-199.876,143.270,-0.801757,-0.597649,-0.000903,0.597083,-0.800930,-0.044764,0.026029,-0.036429,0.998997,0,0.94594,0.13333,56.756,0.267,-1,375.000,-1,375.000,-1,325.000,325.000,325.000,325.000,-1,-1,-1,-1,675.000,750.000,-1,-1,2,0,2,0,2,0,0,0,0,2,2,2,2,0,0,2,2
40,-6966.576,6169.481,-198.323,143.533,-0.804491,-0.593965,-0.000250,0.593367,-0.803661,-0.045208,0.026651,-0.036517,0.998978,0,0.94302,0.13148,56.581,0.263,-1,375.000,-1,375.000,-1,325.000,325.000,325.000,325.000,-1,-1,-1,-1,675.000,750.000,-1,-1,2,0,2,0,2,0,0,0,0,2,2,2,2,0,0,2,2
41,-7012.079,6202.793,-196.693,143.793,-0.807175,-0.590312,0.000366,0.589687,-0.806348,-0.045525,0.027169,-0.036531,0.998963,0,0.93989,0.12999,56.393,0.260,-1,375.000,-1,375.000,-1,325.000,325.000,325.000,325.000,-1,-1,-1,-1,675.000,750.000,-1,-1,2,0,2,0,2,0,0,0,0,2,2,2,2,0,0,2,2
42,-7057.572,6235.783,-195.061,144.051,-0.809815,-0.586684,0.001225,0.586025,-0.809002,-0.045711,0.027809,-0.036299,0.998954,0,0.93659,0.12888,56.196,0.258,-1,375.000,-1,375.000,-1,300.000,325.000,325.000,325.000,-1,-1,-1,-1,675.000,725.000,-1,-1,2,0,2,0,2,0,0,0,0,2,2,2,2,0,0,2,2
43,-7100.572,6266.947,-193.564,144.068,-0.809987,-0.586443,0.002293,0.585743,-0.809199,-0.045846,0.028741,-0.035792,0.998946,0,0.88509,0.00888,53.105,0.018,-1,375.000,-1,375.000,-1,300.000,325.000,325.000,325.000,-1,-1,-1,-1,650.000,725.000,-1,-1,2,0,2,0,2,0,0,0,0,2,2,2,2,0,0,2,2
44,-7143.308,6298.172,-191.965,143.846,-0.807691,-0.589595,0.003637,0.588842,-0.806942,-0.045935,0.030018,-0.034960,0.998938,0,0.88213,-0.11112,52.928,-0.222,-1,375.000,-1,375.000,-1,300.000,300.000,325.000,325.000,-1,-1,-1,-1,650.000,725.000,-1,-1,2,0,2,0,2,0,0,0,0,2,2,2,2,0,0,2,2
45,-7185.664,6329.648,-190.199,143.384,-0.802880,-0.596115,0.005555,0.595291,-0.802198,-0.045910,0.031824,-0.033553,0.998930,0,0.87951,-0.23112,52.771,-0.462,-1,375.000,-1,375.000,-1,300.000,300.000,325.000,325.000,-1,850.000,825.000,-1,650.000,725.000,-1,-1,2,0,2,0,2,0,0,0,0,2,0,0,2,0,0,2,2
46,-7227.524,6361.559,-188.359,142.682,-0.795479,-0.605933,0.007555,0.605035,-0.794873,-0.045921,0.033830,-0.031958,0.998917,0,0.87726,-0.35112,52.636,-0.702,-1,375.000,-1,375.000,-1,300.000,300.000,325.000,325.000,-1,825.000,775.000,-1,650.000,725.000,-1,-1,2,0,2,0,2,0,0,0,0,2,0,0,2,0,0,2,2
47,-7268.765,6394.084,-186.436,141.739,-0.785365,-0.618958,0.009649,0.617983,-0.784846,-0.045983,0.036034,-0.030150,0.998896,0,0.87540,-0.47112,52.524,-0.942,-1,375.000,-1,375.000,-1,300.000,300.000,325.000,325.000,-1,800.000,725.000,-1,650.000,725.000,-1,-1,2,0,2,0,2,0,0,0,0,2,0,0,2,0,0,2,2
48,-7309.258,6427.398,-184.399,140.557,-0.772378,-0.635055,0.011733,0.634005,-0.771952,-0.046135,0.038356,-0.028195,0.998866,0,0.87392,-0.59112,52.435,-1.182,-1,375.000,-1,375.000,-1,300.000,300.000,325.000,325.000,-1,775.000,700.000,-1,650.000,750.000,-1,-1,2,0,2,0,2,0,0,0,0,2,0,0,2,0,0,2,2
49,-7348.863,6461.663,-182.235,139.135,-0.756320,-0.654057,0.013775,0.652931,-0.755995,-0.046395,0.040759,-0.026095,0.998828,0,0.87283,-0.71112,52.370,-1.422,-1,375.000,-1,400.000,-1,300.000,300.000,325.000,325.000,-1,750.000,675.000,-1,650.000,750.000,-1,-1,2,0,2,0,2,0,0,0,0,2,0,0,2,0,0,2,2
50,-7387.426,6497.034,-180.051,137.473,-0.736953,-0.675756,0.015925,0.674572,-0.736754,-0.046329,0.043040,-0.023400,0.998799,0,0.87213,-0.83112,52.328,-1.662,-1,375.000,-1,400.000,-1,300.000,300.000,325.000,325.000,-1,750.000,650.000,-1,650.000,750.000,-1,-1,2,0,2,0,2,0,0,0,0,2,0,0,2,0,0,2,2
51,-7424.779,6533.652,-178.012,135.570,-0.714007,-0.699899,0.018306,0.698711,-0.713977,-0.045163,0.044679,-0.019456,0.998812,0,0.87180,-0.95112,52.308,-1.902,-1,350.000,-1,400.000,975.000,300.000,300.000,325.000,325.000,-1,800.000,650.000,-1,650.000,750.000,-1,1000.000,2,0,2,0,1,0,0,0,0,2,0,0,2,0,0,2,1
52,-7460.833,6571.552,-175.874,133.570,-0.689019,-0.724443,0.020876,0.723263,-0.689166,-0.044065,0.046310,-0.015263,0.998811,0,0.87183,-1.00000,52.310,-2.000,-1,350.000,-1,400.000,925.000,300.000,325.000,325.000,325.000,-1,825.000,650.000,-1,650.000,775.000,-1,950.000,2,0,2,0,1,0,0,0,0,2,0,0,2,0,1,2,1
53,-7495.550,6610.696,-173.640,131.570,-0.663170,-0.748096,0.023626,0.746936,-0.663501,-0.043042,0.047876,-0.010897,0.998794,0,0.87201,-1.00000,52.320,-2.000,-1,350.000,-1,400.000,900.000,300.000,325.000,325.000,300.000,-1,875.000,675.000,-1,650.000,725.000,-1,900.000,2,0,2,0,1,0,0,0,0,2,0,0,2,0,1,2,1
54,-7528.886,6651.035,-171.287,129.570,-0.636494,-0.770826,0.026512,0.769694,-0.637013,-0.042254,0.049459,-0.006488,0.998755,0,0.87219,-1.00000,52.331,-2.000,-1,375.000,-1,400.000,850.000,300.000,325.000,325.000,300.000,-1,925.000,675.000,-1,650.000,700.000,-1,850.000,2,0,2,0,1,0,0,0,0,2,0,0,2,0,1,2,1
55,-7563.499,6696.028,-168.408,127.570,-0.609012,-0.792603,0.029755,0.791515,-0.609736,-0.041555,0.051080,-0.001756,0.998693,0,0.94609,-1.00000,56.766,-2.000,-1,375.000,-1,400.000,800.000,300.000,325.000,325.000,300.000,-1,975.000,700.000,-1,650.000,675.000,-1,800.000,2,0,2,0,1,0,0,0,0,2,0,0,2,0,1,2,1
56,-7596.704,6742.458,-165.361,125.570,-0.580760,-0.813396,0.033245,0.812387,-0.581700,-0.040636,0.052392,0.003408,0.998621,0,0.95137,-1.00000,57.082,-2.000,-1,375.000,-1,400.000,750.000,300.000,325.000,325.000,300.000,-1,-1,725.000,-1,650.000,625.000,-1,750.000,2,0,2,0,1,0,0,0,0,2,2,0,2,0,1,2,1
57,-7628.448,6790.289,-162.390,123.570,-0.551834,-0.833180,0.035925,0.832274,-0.552944,-0.039660,0.052908,0.008014,0.998567,0,0.95677,-1.00000,57.406,-2.000,-1,375.000,-1,400.000,700.000,300.000,325.000,325.000,300.000,-1,-1,800.000,-1,650.000,600.000,-1,675.000,2,0,2,0,1,0,0,0,0,2,2,0,2,0,1,2,1
58,-7658.677,6839.480,-159.613,121.570,-0.522315,-0.851940,0.037227,0.851150,-0.523511,-0.038457,0.052252,0.011599,0.998567,0,0.96228,-1.00000,57.737,-2.000,-1,375.000,-1,400.000,650.000,300.000,325.000,325.000,300.000,-1,-1,-1,-1,650.000,550.000,-1,625.000,2,0,2,0,1,0,0,0,0,2,2,2,2,0,1,2,1
59,-7687.336,6889.989,-156.744,119.570,-0.492155,-0.869647,0.038697,0.868990,-0.493435,-0.037112,0.051369,0.015362,0.998562,0,0.96789,-1.00000,58.073,-2.000,-1,375.000,950.000,400.000,600.000,300.000,325.000,300.000,300.000,-1,-1,-1,-1,650.000,525.000,-1,575.000,2,0,1,1,1,0,0,0,0,2,2,2,2,1,1,2,1
60,-7714.374,6941.770,-153.790,117.570,-0.461395,-0.886277,0.040340,0.885771,-0.462753,-0.035630,0.050245,0.019293,0.998551,0,0.97359,-1.00000,58.415,-2.000,-1,375.000,800.000,375.000,550.000,300.000,325.000,300.000,300.000,-1,-1,-1,-1,600.000,500.000,-1,525.000,2,0,1,1,1,0,0,0,0,2,2,2,2,1,1,2,1
61,-7739.738,6994.776,-150.762,115.570,-0.430074,-0.901809,0.042160,0.901470,-0.431503,-0.034013,0.048865,0.023378,0.998532,0,0.97936,-1.00000,58.762,-2.000,-1,375.000,725.000,325.000,500.000,300.000,300.000,300.000,300.000,-1,-1,-1,-1,550.000,450.000,875.000,475.000,2,0,1,1,1,0,1,0,0,2,2,2,2,1,1,1,1
62,-7763.377,7048.955,-147.670,113.570,-0.398235,-0.916220,0.044160,0.916067,-0.399724,-0.032267,0.047215,0.027604,0.998503,0,0.98520,-1.00000,59.112,-2.000,-1,350.000,650.000,300.000,450.000,300.000,275.000,300.000,300.000,-1,-1,-1,-1,500.000,425.000,700.000,400.000,2,1,1,1,1,1,1,0,0,2,2,2,2,1,1,1,1
63,-7785.241,7104.255,-144.611,111.570,-0.365897,-0.929482,0.046721,0.929541,-0.367454,-0.030511,0.045527,0.032265,0.998442,0,0.99109,-1.00000,59.465,-2.000,-1,325.000,600.000,275.000,375.000,275.000,250.000,300.000,300.000,-1,-1,-1,-1,450.000,375.000,600.000,350.000,2,1,1,1,1,1,1,0,0,2,2,2,2,1,1,1,1
64,-7805.281,7160.619,-141.447,109.570,-0.333037,-0.941593,0.049890,0.941811,-0.334739,-0.030676,0.045585,0.036771,0.998283,0,0.99699,-1.00000,59.820,-2.000,-1,300.000,525.000,250.000,325.000,250.000,225.000,300.000,300.000,-1,-1,-1,-1,400.000,350.000,500.000,300.000,2,1,1,1,1,1,1,0,0,2,2,2,2,1,1,1,1
65,-7823.391,7217.822,-135.138,107.570,-0.299875,-0.952926,0.044800,0.952407,-0.301745,-0.043242,0.054725,0.029701,0.998060,0,1.00000,-1.00000,60.000,-2.000,-1,275.000,500.000,250.000,350.000,225.000,225.000,275.000,325.000,-1,-1,-1,-1,350.000,350.000,450.000,300.000,2,1,1,1,1,1,1,0,0,2,2,2,2,1,1,1,1
66,-7838.429,7270.936,-129.330,105.810,-0.270513,-0.961913,0.039316,0.960645,-0.272384,-0.054479,0.063113,0.023032,0.997741,0,0.92000,-0.88000,55.200,-1.760,-1,250.000,500.000,250.000,350.000,225.000,200.000,275.000,350.000,-1,-1,-1,-1,325.000,325.000,375.000,300.000,2,1,1,1,1,1,1,0,0,2,2,2,2,1,1,1,1
67,-7851.049,7320.478,-122.415,104.290,-0.244331,-0.968802,0.041544,0.966513,-0.246773,-0.070403,0.078458,0.022951,0.996653,0,0.85202,-0.76000,51.121,-1.520,-1,250.000,500.000,250.000,375.000,200.000,200.000,300.000,375.000,-1,425.000,425.000,-1,325.000,350.000,375.000,325.000,2,1,1,1,1,1,1,0,0,2,0,0,2,1,1,1,1
68,-7862.496,7370.582,-112.886,102.862,-0.218202,-0.974389,0.054342,0.970599,-0.222478,-0.091877,0.101614,0.032697,0.994286,0,0.85650,-0.71443,51.390,-1.429,-1,250.000,550.000,250.000,450.000,225.000,225.000,325.000,400.000,-1,150.000,150.000,-1,325.000,375.000,475.000,375.000,2,1,1,1,1,1,1,0,1,2,0,0,2,1,1,1,1
69,2295.758,-7543.228,-341.617,166.944,-0.973463,-0.225645,0.038132,0.223278,-0.973035,-0.057874,0.050163,-0.047824,0.997595,1,0.00000,0.00000,51.639,-1.438,775.000,350.000,-1,375.000,-1,300.000,300.000,325.000,325.000,-1,-1,300.000,-1,600.000,700.000,825.000,-1,0,0,2,0,2,0,0,0,0,2,2,0,2,0,0,0,2
70,2291.077,-7542.163,-341.371,167.184,-0.974381,-0.221566,0.038590,0.219182,-0.973968,-0.057835,0.050399,-0.047895,0.997580,0,0.08000,0.12000,4.800,0.240,775.000,350.000,-1,375.000,-1,300.000,300.000,325.000,325.000,-1,-1,300.000,-1,600.000,700.000,825.000,-1,0,0,2,0,2,0,0,0,0,2,2,0,2,0,0,0,2
71,2281.699,-7540.112,-340.884,167.664,-0.976166,-0.213398,0.039510,0.210977,-0.975784,-0.057745,0.050876,-0.048033,0.997549,0,0.16000,0.24000,9.600,0.480,775.000,350.000,-1,375.000,-1,300.000,300.000,325.000,325.000,-1,-1,275.000,-1,600.000,700.000,825.000,-1,0,0,2,0,2,0,0,0,0,2,2,0,2,0,0,0,2
72,2267.594,-7537.213,-340.164,168.384,-0.978713,-0.201117,0.040902,0.198642,-0.978379,-0.057584,0.051599,-0.048233,0.997502,0,0.24000,0.36000,14.400,0.720,775.000,350.000,-1,375.000,-1,300.000,300.000,325.000,325.000,-1,375.000,275.000,-1,600.000,700.000,825.000,-1,0,0,2,0,2,0,0,0,0,2,0,0,2,0,0,0,2
73,2248.725,-7533.662,-339.226,169.344,-0.981865,-0.184694,0.042778,0.182147,-0.981599,-0.057317,0.052577,-0.048486,0.997439,0,0.32000,0.48000,19.200,0.960,800.000,350.000,-1,375.000,-1,300.000,300.000,325.000,325.000,-1,350.000,250.000,-1,600.000,700.000,825.000,-1,0,0,2,0,2,0,0,0,0,2,0,0,2,0,0,0,2
74,2225.051,-7529.719,-338.085,170.544,-0.985411,-0.164094,0.045150,0.161458,-0.985238,-0.056901,0.053821,-0.048781,0.997358,0,0.40000,0.60000,24.000,1.200,800.000,350.000,-1,375.000,-1,300.000,300.000,325.000,325.000,-1,300.000,225.000,-1,600.000,700.000,850.000,-1,0,0,2,0,2,0,0,0,0,2,0,0,2,0,0,0,2
75,2196.533,-7525.703,-336.760,171.984,-0.989087,-0.139281,0.048034,0.136541,-0.989035,-0.056279,0.055346,-0.049106,0.997259,0,0.48000,0.72000,28.800,1.440,825.000,350.000,-1,375.000,-1,300.000,300.000,325.000,325.000,-1,275.000,200.000,-1,600.000,700.000,850.000,-1,0,0,2,0,2,0,0,0,0,2,0,0,2,0,0,0,2
76,2163.138,-7521.995,-335.276,173.664,-0.992575,-0.110224,0.051443,0.107364,-0.992676,-0.055384,0.057171,-0.049450,0.997139,0,0.56000,0.84000,33.600,1.680,850.000,350.000,-1,375.000,-1,300.000,300.000,325.000,325.000,-1,250.000,200.000,-1,600.000,700.000,875.000,-1,0,0,2,0,2,0,0,0,0,2,0,0,2,0,0,0,2
77,2124.852,-7519.039,-333.658,175.584,-0.995499,-0.076902,0.055386,0.073913,-0.995794,-0.054138,0.059317,-0.049800,0.996996,0,0.64000,0.96000,38.400,1.920,850.000,350.000,-1,375.000,-1,300.000,300.000,300.000,325.000,-1,225.000,175.000,-1,600.000,700.000,900.000,-1,0,0,2,0,2,0,0,0,0,2,0,0,2,0,0,0,2
78,2081.690,-7517.218,-331.934,177.584,-0.997318,-0.042102,0.059867,0.038973,-0.997860,-0.052510,0.061949,-0.050036,0.996824,0,0.72000,1.00000,43.200,2.000,900.000,350.000,-1,375.000,-1,300.000,300.000,300.000,325.000,-1,200.000,175.000,-1,600.000,700.000,925.000,-1,0,0,2,0,2,0,0,0,0,2,0,0,2,0,0,0,2
79,2033.691,-7516.869,-330.120,179.584,-0.997867,-0.007251,0.064882,0.003976,-0.998717,-0.050475,0.065165,-0.050109,0.996616,0,0.80000,1.00000,48.000,2.000,925.000,350.000,-1,375.000,-1,300.000,300.000,300.000,325.000,-1,175.000,150.000,-1,600.000,700.000,975.000,-1,0,0,2,0,2,0,0,0,0,2,0,0,2,0,0,0,2
80,1981.422,-7518.314,-328.226,181.584,-0.997143,0.027608,0.070310,-0.031032,-0.998361,-0.048081,0.068868,-0.050125,0.996366,0,0.87147,1.00000,52.288,2.000,975.000,350.000,-1,375.000,-1,300.000,300.000,300.000,300.000,-1,175.000,150.000,-1,600.000,700.000,-1,-1,0,0,2,0,2,0,0,0,0,2,0,0,2,0,0,2,2
81,1929.241,-7521.584,-324.310,183.584,-0.995386,0.062425,0.072874,-0.066033,-0.996653,-0.048201,0.069621,-0.052791,0.996176,0,0.87140,1.00000,52.284,2.000,975.000,350.000,-1,375.000,-1,300.000,300.000,300.000,325.000,-1,200.000,175.000,-1,600.000,700.000,-1,-1,0,0,2,0,2,0,0,0,0,2,0,0,2,0,0,2,2
82,1877.204,-7526.672,-319.981,185.584,-0.992390,0.097163,0.075643,-0.100865,-0.993801,-0.046753,0.070632,-0.054027,0.996038,0,0.87142,1.00000,52.285,2.000,-1,350.000,-1,375.000,-1,300.000,300.000,300.000,325.000,-1,250.000,225.000,-1,625.000,700.000,-1,-1,2,0,2,0,2,0,0,0,0,2,0,0,2,0,0,2,2
83,1825.370,-7533.574,-315.731,187.584,-0.988168,0.131778,0.078475,-0.135573,-0.989738,-0.045154,0.071720,-0.055259,0.995893,0,0.87153,1.00000,52.292,2.000,-1,350.000,-1,375.000,-1,300.000,300.000,325.000,325.000,-1,275.000,275.000,-1,625.000,700.000,-1,-1,2,0,2,0,2,0,0,0,0,2,0,0,2,0,0,2,2
84,1773.797,-7542.283,-311.557,189.584,-0.982725,0.166228,0.081362,-0.170116,-0.984467,-0.043409,0.072883,-0.056500,0.995739,0,0.87172,1.00000,52.303,2.000,-1,350.000,-1,375.000,-1,300.000,300.000,325.000,325.000,-1,300.000,300.000,-1,625.000,700.000,-1,-1,2,0,2,0,2,0,0,0,0,2,0,0,2,0,0,2,2
85,1727.262,-7551.823,-307.831,191.584,-0.976090,0.200468,0.084030,-0.204449,-0.977987,-0.041727,0.073816,-0.057909,0.995589,0,0.79172,1.00000,47.503,2.000,-1,350.000,-1,375.000,-1,300.000,300.000,325.000,325.000,-1,325.000,325.000,-1,625.000,725.000,-1,-1,2,0,2,0,2,0,0,0,0,2,0,0,2,0,0,2,2
86,1685.754,-7561.853,-304.542,193.584,-0.968274,0.234455,0.086465,-0.238530,-0.970306,-0.040130,0.074489,-0.059481,0.995446,0,0.71172,1.00000,42.703,2.000,-1,350.000,-1,375.000,-1,300.000,300.000,325.000,325.000,-1,350.000,350.000,-1,625.000,725.000,-1,-1,2,0,2,0,2,0,0,0,0,2,0,0,2,0,0,2,2
87,1649.246,-7572.037,-301.678,195.584,-0.959290,0.268147,0.088654,-0.272317,-0.961432,-0.038638,0.074874,-0.061207,0.995313,0,0.63172,1.00000,37.903,2.000,-1,350.000,-1,375.000,-1,300.000,300.000,325.000,325.000,-1,375.000,375.000,-1,650.000,725.000,-1,-1,2,0,2,0,2,0,0,0,0,2,0,0,2,0,0,2,2
88,1617.690,-7582.039,-299.230,197.584,-0.949153,0.301502,0.090586,-0.305766,-0.951377,-0.037271,0.074944,-0.063074,0.995191,0,0.55172,1.00000,33.103,2.000,-1,375.000,-1,375.000,-1,300.000,300.000,325.000,325.000,-1,400.000,350.000,-1,650.000,725.000,-1,-1,2,0,2,0,2,0,0,0,0,2,0,0,2,0,0,2,2
89,1591.025,-7591.527,-297.185,199.584,-0.937877,0.334478,0.092251,-0.338836,-0.940155,-0.036047,0.074673,-0.065065,0.995083,0,0.47172,1.00000,28.303,2.000,-1,375.000,-1,375.000,-1,300.000,300.000,325.000,325.000,-1,375.000,325.000,-1,650.000,725.000,-1,-1,2,0,2,0,2,0,0,0,0,2,0,0,2,0,0,2,2
90,1569.172,-7600.174,-295.534,201.584,-0.925482,0.367034,0.093640,-0.371485,-0.927780,-0.034981,0.074038,-0.067160,0.994991,0,0.39172,1.00000,23.503,2.000,-1,375.000,-1,375.000,-1,300.000,300.000,325.000,325.000,-1,350.000,325.000,-1,650.000,725.000,-1,-1,2,0,2,0,2,0,0,0,0,2,0,0,2,0,0,2,2
91,1552.032,-7607.658,-294.263,203.584,-0.911986,0.399130,0.094748,-0.403671,-0.914269,-0.034088,0.073019,-0.069335,0.994918,0,0.31172,1.00000,18.703,2.000,-1,375.000,-1,375.000,-1,300.000,300.000,325.000,325.000,-1,325.000,300.000,-1,650.000,700.000,-1,-1,2,0,2,0,2,0,0,0,0,2,0,0,2,0,0,2,2
92,1539.494,-7613.663,-293.358,205.582,-0.897421,0.430699,0.095570,-0.435326,-0.899654,-0.033383,0.071601,-0.071563,0.994863,0,0.23172,0.99912,13.903,1.998,-1,375.000,-1,375.000,-1,300.000,300.000,325.000,325.000,-1,300.000,300.000,-1,650.000,700.000,-1,-1,2,0,2,0,2,0,0,0,0,2,0,0,2,0,0,2,2
93,1531.427,-7617.879,-292.820,207.579,-0.881814,0.461716,0.096029,-0.466414,-0.883956,-0.032845,0.069720,-0.073752,0.994837,0,0.15172,0.99856,9.103,1.997,-1,375.000,-1,375.000,-1,300.000,300.000,325.000,325.000,-1,300.000,300.000,-1,650.000,700.000,-1,-1,2,0,2,0,2,0,0,0,0,2,0,0,2,0,0,2,2
94,1527.687,-7620.004,-292.631,209.576,-0.865185,0.492154,0.096118,-0.496907,-0.867195,-0.032490,0.067363,-0.075872,0.994840,0,0.07172,0.99829,4.303,1.997,-1,375.000,-1,375.000,-1,300.000,300.000,325.000,325.000,-1,300.000,300.000,-1,675.000,700.000,-1,-1,2,0,2,0,2,0,0,0,0,2,0,0,2,0,0,2,2
95,1528.113,-7619.745,-292.746,211.572,-0.847544,0.521981,0.095940,-0.526780,-0.849385,-0.032374,0.064592,-0.077977,0.994861,0,-0.00828,0.99822,-0.497,1.996,-1,375.000,-1,375.000,-1,300.000,300.000,325.000,325.000,-1,300.000,300.000,-1,675.000,700.000,-1,-1,2,0,2,0,2,0,0,0,0,2,0,0,2,0,0,2,2
96,1532.529,-7616.818,-293.139,213.569,-0.828913,0.551165,0.095504,-0.555997,-0.830549,-0.032501,0.061407,-0.080040,0.994898,0,-0.08828,0.99822,-5.297,1.996,-1,375.000,-1,375.000,-1,300.000,300.000,325.000,325.000,-1,275.000,300.000,-1,675.000,675.000,-1,-1,2,0,2,0,2,0,0,0,0,2,0,0,2,0,0,2,2
97,1540.745,-7610.946,-293.781,215.565,-0.809317,0.579668,0.094820,-0.584520,-0.810713,-0.032875,0.057815,-0.082031,0.994951,0,-0.16828,0.99815,-10.097,1.996,-1,375.000,-1,375.000,-1,300.000,300.000,325.000,325.000,-1,300.000,300.000,-1,675.000,675.000,-1,-1,2,0,2,0,2,0,0,0,0,2,0,0,2,0,0,2,2
98,1549.964,-7603.861,-294.474,217.561,-0.788765,0.607454,0.094072,-0.612314,-0.789912,-0.033338,0.054057,-0.083898,0.995007,0,-0.19376,0.99785,-11.626,1.996,-1,375.000,-1,375.000,-1,300.000,300.000,325.000,325.000,-1,300.000,325.000,-1,675.000,675.000,-1,-1,2,0,2,0,2,0,0,0,0,2,0,0,2,0,0,2,2
99,1558.488,-7596.823,-295.111,219.555,-0.767274,0.634486,0.093370,-0.639344,-0.768178,-0.033787,0.050287,-0.085619,0.995058,0,-0.18420,0.99728,-11.052,1.995,-1,375.000,-1,375.000,-1,300.000,300.000,325.000,325.000,-1,300.000,325.000,-1,675.000,675.000,-1,-1,2,0,2,0,2,0,0,0,0,2,0,0,2,0,0,2,2
100,1566.342,-7589.866,-295.693,221.549,-0.744878,0.660728,0.092713,-0.665578,-0.745544,-0.034219,0.046512,-0.087196,0.995105,0,-0.17485,0.99655,-10.491,1.993,-1,375.000,-1,375.000,-1,300.000,300.000,325.000,325.000,-1,300.000,325.000,-1,675.000,650.000,-1,-1,2,0,2,0,2,0,0,0,0,2,0,0,2,0,0,2,2
101,1573.554,-7583.016,-296.201,223.540,-0.721612,0.686143,0.092108,-0.690982,-0.722037,-0.034746,0.042665,-0.088719,0.995143,0,-0.16573,0.99567,-9.944,1.991,-1,375.000,-1,350.000,-1,300.000,300.000,325.000,325.000,-1,300.000,350.000,-1,675.000,650.000,-1,-1,2,0,2,0,2,0,0,0,0,2,0,0,2,0,0,2,2
102,1580.150,-7576.301,-296.634,225.529,-0.697510,0.710696,0.091596,-0.715527,-0.697688,-0.035408,0.038741,-0.090236,0.995167,0,-0.15686,0.99467,-9.412,1.989,-1,375.000,-1,350.000,-1,300.000,300.000,325.000,325.000,-1,300.000,375.000,-1,675.000,650.000,-1,-1,2,0,2,0,2,0,0,0,0,2,0,0,2,0,0,2,2
103,1586.161,-7569.740,-297.031,227.516,-0.672600,0.734364,0.091203,-0.739185,-0.672536,-0.036069,0.034849,-0.091676,0.995179,0,-0.14827,0.99356,-8.896,1.987,-1,375.000,-1,350.000,-1,300.000,300.000,325.000,325.000,-1,325.000,375.000,-1,675.000,650.000,-1,-1,2,0,2,0,2,0,0,0,0,2,0,0,2,0,0,2,2
104,1591.618,-7563.355,-297.383,229.501,-0.646921,0.757123,0.090868,-0.761928,-0.646620,-0.036718,0.030957,-0.092989,0.995186,0,-0.13995,0.99237,-8.397,1.985,-1,375.000,-1,350.000,-1,300.000,300.000,325.000,325.000,-1,325.000,400.000,-1,675.000,650.000,-1,-1,2,0,2,0,2,0,0,0,0,2,0,0,2,0,0,2,2
105,1596.551,-7557.162,-297.695,231.475,-0.620617,0.778863,0.090591,-0.783646,-0.620084,-0.037351,0.027083,-0.094172,0.995188,0,-0.13193,0.98711,-7.916,1.974,-1,375.000,-1,350.000,-1,300.000,300.000,300.000,325.000,1000.000,350.000,425.000,-1,675.000,650.000,-1,-1,2,0,2,0,2,0,0,0,0,0,0,0,2,0,0,2,2
106,1600.996,-7551.176,-297.971,233.427,-0.593897,0.799450,0.090368,-0.804205,-0.593138,-0.037961,0.023253,-0.095219,0.995185,0,-0.12423,0.97588,-7.454,1.952,-1,375.000,-1,350.000,-1,300.000,300.000,300.000,300.000,1000.000,350.000,450.000,-1,675.000,625.000,-1,-1,2,0,2,0,2,0,0,0,0,0,0,0,2,0,0,2,2
107,1604.985,-7545.404,-298.192,235.357,-0.566802,0.818905,0.090166,-0.823622,-0.565835,-0.038438,0.019542,-0.096050,0.995185,0,-0.11690,0.96490,-7.014,1.930,-1,375.000,-1,350.000,-1,300.000,300.000,300.000,300.000,1000.000,375.000,475.000,-1,700.000,625.000,-1,-1,2,0,2,0,2,0,0,0,0,0,0,0,2,0,0,2,2
108,1608.554,-7539.855,-298.254,237.265,-0.539353,0.837279,0.089792,-0.841922,-0.538242,-0.038249,0.016304,-0.096228,0.995226,0,-0.10993,0.95417,-6.596,1.908,-1,375.000,-1,350.000,-1,300.000,300.000,300.000,300.000,975.000,375.000,500.000,-1,700.000,625.000,-1,-1,2,0,2,0,2,0,0,0,0,0,0,0,2,0,0,2,2
109,1611.734,-7534.532,-298.296,239.153,-0.511621,0.854545,0.089427,-0.859112,-0.510370,-0.038078,0.013101,-0.096309,0.995265,0,-0.10331,0.94370,-6.198,1.887,-1,375.000,-1,350.000,-1,300.000,300.000,300.000,300.000,975.000,400.000,525.000,-1,700.000,625.000,-1,-1,2,0,2,0,2,0,0,0,0,0,0,0,2,0,0,2,2
110,1614.556,-7529.439,-298.320,241.020,-0.483646,0.870720,0.089072,-0.875207,-0.482259,-0.037924,0.009935,-0.096298,0.995303,0,-0.09702,0.93348,-5.821,1.867,-1,400.000,-1,350.000,-1,300.000,300.000,300.000,300.000,975.000,400.000,550.000,-1,725.000,625.000,-1,-1,2,0,2,0,2,0,0,0,0,0,0,0,2,0,0,2,2
111,1617.049,-7524.575,-298.330,242.867,-0.455468,0.885819,0.088728,-0.890226,-0.453949,-0.037785,0.006807,-0.096198,0.995339,0,-0.09106,0.92351,-5.463,1.847,-1,400.000,-1,350.000,-1,325.000,300.000,300.000,300.000,975.000,425.000,575.000,-1,725.000,650.000,-1,-1,2,0,2,0,2,0,0,0,0,0,0,0,2,0,0,2,2
112,1619.241,-7519.941,-298.327,244.694,-0.427123,0.899862,0.088396,-0.904186,-0.425476,-0.037661,0.003721,-0.096012,0.995373,0,-0.08541,0.91378,-5.125,1.828,-1,400.000,-1,375.000,-1,325.000,300.000,300.000,300.000,975.000,450.000,600.000,-1,725.000,650.000,-1,-1,2,0,2,0,2,0,0,0,0,0,0,0,2,0,0,2,2
113,1621.157,-7515.534,-298.313,246.503,-0.398645,0.912866,0.088077,-0.917105,-0.396873,-0.037550,0.000677,-0.095745,0.995406,0,-0.08006,0.90430,-4.804,1.809,-1,400.000,-1,375.000,-1,325.000,300.000,300.000,300.000,1000.000,475.000,650.000,-1,750.000,650.000,-1,-1,2,0,2,0,2,0,0,0,0,0,0,0,2,0,0,2,2
114,1621.160,-7515.529,-298.303,248.071,-0.373619,0.923397,0.088010,-0.927580,-0.371740,-0.037478,-0.001891,-0.095638,0.995414,0,-0.00006,0.78430,-0.004,1.569,-1,400.000,-1,375.000,-1,325.000,300.000,300.000,300.000,1000.000,500.000,700.000,-1,750.000,650.000,-1,-1,2,0,2,0,2,0,0,0,0,0,0,0,2,0,0,2,2
115,1619.474,-7520.018,-298.318,249.400,-0.352199,0.931761,0.088193,-0.935917,-0.350226,-0.037439,-0.003996,-0.095727,0.995400,0,0.07994,0.66430,4.796,1.329,-1,400.000,-1,375.000,-1,325.000,300.000,300.000,300.000,1000.000,525.000,725.000,-1,750.000,650.000,-1,-1,2,0,2,0,2,0,0,0,0,0,0,0,2,0,0,2,2
116,1616.270,-7529.062,-298.371,250.489,-0.334504,0.938218,0.088624,-0.942378,-0.332451,-0.037428,-0.005652,-0.096037,0.995362,0,0.15994,0.54430,9.596,1.089,-1,400.000,-1,375.000,-1,325.000,300.000,300.000,300.000,1000.000,550.000,775.000,-1,750.000,650.000,-1,-1,2,0,2,0,2,0,0,0,0,0,0,0,2,0,0,2,2
117,1611.664,-7542.701,-298.470,251.337,-0.320622,0.942988,0.089301,-0.947182,-0.318502,-0.037444,-0.006867,-0.096590,0.995301,0,0.23994,0.42430,14.396,0.849,-1,400.000,-1,375.000,-1,325.000,300.000,300.000,300.000,1000.000,575.000,800.000,-1,750.000,650.000,-1,-1,2,0,2,0,2,0,0,0,0,0,0,0,2,0,0,2,2
118,1605.716,-7560.952,-298.616,251.946,-0.310619,0.946243,0.090224,-0.950504,-0.308443,-0.037489,-0.007645,-0.097403,0.995216,0,0.31994,0.30430,19.196,0.609,-1,400.000,-1,375.000,-1,325.000,300.000,300.000,300.000,-1,600.000,850.000,-1,750.000,650.000,-1,-1,2,0,2,0,2,0,0,0,0,2,0,0,2,0,0,2,2
119,1598.435,-7583.816,-298.803,252.332,-0.304246,0.948199,0.091391,-0.952560,-0.302024,-0.037565,-0.008016,-0.098485,0.995106,0,0.39994,0.19314,23.996,0.386,-1,400.000,-1,375.000,-1,325.000,300.000,300.000,300.000,-1,625.000,875.000,-1,750.000,650.000,-1,-1,2,0,2,0,2,0,0,0,0,2,0,0,2,0,0,2,2
120,1589.888,-7611.314,-299.031,252.730,-0.297661,0.950151,0.092795,-0.954635,-0.295388,-0.037662,-0.008374,-0.099796,0.994973,0,0.47994,0.19912,28.796,0.398,-1,400.000,-1,375.000,-1,325.000,300.000,300.000,300.000,-1,650.000,900.000,-1,750.000,650.000,-1,-1,2,0,2,0,2,0,0,0,0,2,0,0,2,0,0,2,2
121,1580.148,-7643.467,-299.300,253.144,-0.290812,0.952109,0.094435,-0.956740,-0.288479,-0.037783,-0.008731,-0.101337,0.994814,0,0.55994,0.20672,33.596,0.413,-1,400.000,-1,375.000,-1,325.000,300.000,300.000,300.000,-1,675.000,950.000,-1,750.000,650.000,-1,-1,2,0,2,0,2,0,0,0,0,2,0,0,2,0,0,2,2
122,1569.294,-7680.296,-299.608,253.576,-0.283640,0.954082,0.096310,-0.958888,-0.281240,-0.037931,-0.009102,-0.103110,0.994628,0,0.63994,0.21601,38.396,0.432,-1,400.000,-1,375.000,-1,325.000,300.000,300.000,300.000,-1,700.000,1000.000,-1,750.000,650.000,-1,-1,2,0,2,0,2,0,0,0,0,2,0,0,2,0,0,2,2
123,1557.412,-7721.826,-299.956,254.030,-0.276088,0.956080,0.098422,-0.961085,-0.273611,-0.038106,-0.009503,-0.105113,0.994415,0,0.71994,0.22709,43.196,0.454,-1,400.000,-1,375.000,-1,325.000,300.000,300.000,300.000,-1,725.000,-1,-1,750.000,650.000,-1,-1,2,0,2,0,2,0,0,0,0,2,0,2,2,0,0,2,2
124,1544.597,-7768.079,-300.342,254.510,-0.268090,0.958109,0.100771,-0.963342,-0.265525,-0.038312,-0.009950,-0.107348,0.994172,0,0.79994,0.24008,47.996,0.480,-1,400.000,-1,375.000,-1,325.000,300.000,300.000,300.000,-1,775.000,-1,-1,750.000,650.000,-1,-1,2,0,2,0,2,0,0,0,0,2,0,2,2,0,0,2,2
125,1531.009,-7818.879,-300.815,255.020,-0.259571,0.960155,0.103562,-0.965668,-0.256907,-0.038524,-0.010384,-0.110006,0.993877,0,0.87645,0.25513,52.587,0.510,-1,400.000,-1,375.000,-1,325.000,300.000,300.000,300.000,-1,825.000,-1,-1,725.000,650.000,-1,-1,2,0,2,0,2,0,0,0,0,2,0,2,2,0,0,2,2
126,1517.878,-7869.908,-301.421,255.565,-0.250507,0.962208,0.106782,-0.968049,-0.247679,-0.039184,-0.011255,-0.113186,0.993510,0,0.87819,0.27233,52.692,0.545,-1,375.000,-1,375.000,-1,300.000,300.000,300.000,300.000,-1,875.000,-1,-1,725.000,650.000,-1,-1,2,0,2,0,2,0,0,0,0,2,0,2,2,0,0,2,2
127,1505.251,-7921.122,-301.964,256.145,-0.240794,0.964358,0.109687,-0.970504,-0.237849,-0.039382,-0.011890,-0.115934,0.993186,0,0.87915,0.29005,52.749,0.580,-1,375.000,-1,375.000,-1,300.000,300.000,300.000,300.000,-1,925.000,-1,-1,700.000,650.000,-1,-1,2,0,2,0,2,0,0,0,0,2,0,2,2,0,0,2,2
128,1493.174,-7972.476,-302.496,256.762,-0.230377,0.966605,0.112253,-0.973027,-0.227397,-0.038835,-0.012012,-0.118172,0.992921,0,0.87927,0.30827,52.756,0.617,-1,375.000,-1,375.000,-1,300.000,300.000,300.000,300.000,-1,950.000,-1,-1,700.000,650.000,-1,-1,2,0,2,0,2,0,0,0,0,2,0,2,2,0,0,2,2
129,1481.692,-8023.922,-302.968,257.416,-0.219276,0.968901,0.114666,-0.975589,-0.216297,-0.037962,-0.011979,-0.120191,0.992678,0,0.87854,0.32699,52.712,0.654,-1,375.000,-1,375.000,-1,300.000,300.000,300.000,300.000,-1,950.000,-1,-1,700.000,650.000,-1,-1,2,0,2,0,2,0,0,0,0,2,0,2,2,0,0,2,2
130,1470.853,-8075.406,-303.423,258.108,-0.207486,0.971234,0.116853,-0.978165,-0.204530,-0.036877,-0.011916,-0.121953,0.992464,0,0.87690,0.34616,52.614,0.692,-1,375.000,-1,375.000,-1,300.000,300.000,300.000,300.000,-1,975.000,-1,-1,700.000,675.000,-1,-1,2,0,2,0,2,0,0,1,0,2,0,2,2,0,0,2,2
131,1460.701,-8126.875,-303.883,258.839,-0.194995,0.973576,0.118854,-0.980732,-0.192077,-0.035647,-0.011876,-0.123515,0.992272,0,0.87436,0.36574,52.461,0.731,-1,375.000,-1,375.000,-1,300.000,300.000,325.000,300.000,-1,975.000,-1,-1,700.000,675.000,-1,-1,2,0,2,0,2,0,0,1,0,2,0,2,2,0,0,2,2
132,1451.281,-8178.270,-304.371,259.611,-0.181796,0.975899,0.120713,-0.983264,-0.178920,-0.034343,-0.011917,-0.124936,0.992093,0,0.87088,0.38570,52.253,0.771,-1,375.000,-1,375.000,-1,300.000,300.000,350.000,300.000,-1,975.000,-1,-1,700.000,675.000,-1,-1,2,0,2,0,2,0,0,1,0,2,0,2,2,0,0,2,2
