timestep,x_cm,y_cm,z_cm,yaw_deg,basis_xx,basis_xy,basis_xz,basis_yx,basis_yy,basis_yz,basis_zx,basis_zy,basis_zz,teleport_flag,throttle_cmd,steering_cmd,cmd_move_cm,cmd_turn_deg,lidar_cm_0,lidar_cm_1,lidar_cm_2,lidar_cm_3,lidar_cm_4,lidar_cm_5,lidar_cm_6,lidar_cm_7,lidar_cm_8,lidar_cm_9,lidar_cm_10,lidar_cm_11,lidar_cm_12,lidar_cm_13,lidar_cm_14,lidar_cm_15,lidar_cm_16,lidar_class_0,lidar_class_1,lidar_class_2,lidar_class_3,lidar_class_4,lidar_class_5,lidar_class_6,lidar_class_7,lidar_class_8,lidar_class_9,lidar_class_10,lidar_class_11,lidar_class_12,lidar_class_13,lidar_class_14,lidar_class_15,lidar_class_16
0,1636.583,2948.143,409.126,-132.410,-0.669105,0.738089,0.086731,-0.736380,-0.674201,0.056553,0.100215,-0.026027,0.994625,1,0.08000,0.12000,4.800,0.240,-1,400.000,-1,400.000,-1,325.000,325.000,300.000,300.000,-1,-1,-1,-1,850.000,900.000,-1,-1,2,0,2,0,2,0,0,0,0,2,2,2,2,0,0,2,2
1,1630.168,2941.001,410.091,-131.930,-0.662899,0.743695,0.086499,-0.742046,-0.667979,0.056318,0.099663,-0.026853,0.994659,0,0.16000,0.24000,9.600,0.480,-1,400.000,-1,400.000,-1,325.000,325.000,300.000,300.000,-1,-1,-1,-1,850.000,900.000,-1,-1,2,0,2,0,2,0,0,0,0,2,2,2,2,0,0,2,2
2,1620.682,2930.168,411.532,-131.210,-0.653503,0.752005,0.086153,-0.750445,-0.658559,0.055965,0.098823,-0.028079,0.994709,0,0.24000,0.36000,14.400,0.720,-1,400.000,-1,400.000,-1,325.000,325.000,300.000,300.000,-1,-1,-1,-1,850.000,900.000,-1,-1,2,0,2,0,2,0,0,0,0,2,2,2,2,0,0,2,2
3,1608.277,2915.514,413.426,-130.250,-0.640815,0.762899,0.085683,-0.761451,-0.645838,0.055554,0.097719,-0.029644,0.994772,0,0.32000,0.48000,19.200,0.960,-1,400.000,-1,400.000,-1,325.000,325.000,300.000,300.000,-1,-1,-1,-1,850.000,900.000,-1,-1,2,0,2,0,2,0,0,0,0,2,2,2,2,0,0,2,2
4,1593.157,2896.875,415.759,-129.050,-0.624703,0.776212,0.085088,-0.774896,-0.629683,0.055088,0.096338,-0.031521,0.994849,0,0.40000,0.60000,24.000,1.200,-1,400.000,-1,400.000,-1,325.000,325.000,300.000,300.000,-1,-1,-1,-1,850.000,900.000,-1,-1,2,0,2,0,2,0,0,0,0,2,2,2,2,0,0,2,2
5,1575.582,2874.060,418.522,-127.610,-0.605010,0.791734,0.084378,-0.790574,-0.609934,0.054530,0.094638,-0.033716,0.994941,0,0.48000,0.72000,28.800,1.440,-1,400.000,-1,400.000,-1,325.000,325.000,300.000,300.000,-1,-1,-1,-1,850.000,900.000,-1,-1,2,0,2,0,2,0,0,0,0,2,2,2,2,0,0,2,2
6,1555.867,2846.853,421.684,-125.930,-0.581548,0.809204,0.083606,-0.808221,-0.586409,0.053884,0.092630,-0.036236,0.995041,0,0.56000,0.84000,33.600,1.680,-1,400.000,-1,400.000,-1,325.000,325.000,300.000,300.000,-1,-1,-1,-1,850.000,900.000,-1,-1,2,0,2,0,2,0,0,0,0,2,2,2,2,0,0,2,2
7,1534.321,2815.067,425.194,-124.133,-0.555892,0.827109,0.082909,-0.826318,-0.560689,0.053165,0.090459,-0.038955,0.995138,0,0.64000,0.89844,38.400,1.797,-1,400.000,-1,400.000,-1,325.000,325.000,300.000,300.000,-1,-1,-1,-1,850.000,900.000,-1,-1,2,0,2,0,2,0,0,0,0,2,2,2,2,0,0,2,2
8,1511.216,2778.566,429.056,-122.336,-0.529703,0.844195,0.082154,-0.843593,-0.534422,0.052381,0.088124,-0.041559,0.995242,0,0.72000,0.89844,43.200,1.797,-1,400.000,-1,400.000,-1,325.000,325.000,300.000,300.000,-1,-1,-1,-1,850.000,900.000,-1,-1,2,0,2,0,2,0,0,0,0,2,2,2,2,0,0,2,2
9,1486.827,2737.224,433.242,-120.539,-0.503006,0.860447,0.081341,-0.860029,-0.507635,0.051542,0.085641,-0.044030,0.995353,0,0.80000,0.89844,48.000,1.797,-1,400.000,-1,400.000,-1,325.000,325.000,300.000,300.000,-1,-1,-1,-1,825.000,900.000,-1,-1,2,0,2,0,2,0,0,0,0,2,2,2,2,0,0,2,2
10,1461.439,2690.930,437.657,-118.742,-0.475827,0.875837,0.080609,-0.875633,-0.480348,0.050327,0.082799,-0.046637,0.995474,0,0.88000,0.89844,52.800,1.797,-1,400.000,-1,400.000,-1,325.000,325.000,300.000,300.000,-1,-1,-1,-1,825.000,900.000,-1,-1,2,0,2,0,2,0,0,0,0,2,2,2,2,0,0,2,2
11,1439.511,2648.232,441.493,-117.185,-0.451904,0.888460,0.080137,-0.888471,-0.456321,0.048900,0.080014,-0.049101,0.995584,0,0.80000,0.77844,48.000,1.557,-1,400.000,-1,400.000,-1,325.000,325.000,300.000,300.000,-1,-1,-1,-1,825.000,900.000,-1,-1,2,0,2,0,2,0,0,0,0,2,2,2,2,0,0,2,2
12,1420.664,2609.361,444.867,-115.869,-0.431417,0.898621,0.079746,-0.898811,-0.435737,0.047665,0.077581,-0.051113,0.995675,0,0.72000,0.65844,43.200,1.317,-1,400.000,-1,400.000,-1,325.000,325.000,300.000,300.000,-1,-1,-1,-1,825.000,875.000,-1,-1,2,0,2,0,2,0,0,0,0,2,2,2,2,0,0,2,2
13,1404.563,2574.500,447.807,-114.792,-0.414501,0.906577,0.079420,-0.906911,-0.418737,0.046604,0.075506,-0.052709,0.995751,0,0.64000,0.53844,38.400,1.077,-1,400.000,-1,400.000,-1,325.000,325.000,300.000,300.000,-1,-1,-1,-1,825.000,875.000,-1,-1,2,0,2,0,2,0,0,0,0,2,2,2,2,0,0,2,2
14,1390.922,2543.794,450.308,-113.955,-0.401264,0.912542,0.079087,-0.912978,-0.405427,0.045819,0.073876,-0.053819,0.995814,0,0.56000,0.41844,33.600,0.837,-1,400.000,-1,400.000,-1,325.000,325.000,300.000,300.000,-1,-1,-1,-1,825.000,875.000,-1,-1,2,0,2,0,2,0,0,0,0,2,2,2,2,0,0,2,2
15,1379.504,2517.354,452.400,-113.358,-0.391781,0.916682,0.078755,-0.917185,-0.395884,0.045255,0.072662,-0.054503,0.995866,0,0.48000,0.29844,28.800,0.597,-1,400.000,-1,400.000,-1,325.000,325.000,300.000,300.000,-1,-1,-1,-1,825.000,875.000,-1,-1,2,0,2,0,2,0,0,0,0,2,2,2,2,0,0,2,2
16,1370.127,2495.262,454.119,-113.001,-0.386108,0.919112,0.078447,-0.919658,-0.390159,0.044776,0.071761,-0.054856,0.995912,0,0.40000,0.17844,24.000,0.357,-1,400.000,-1,400.000,-1,325.000,325.000,300.000,300.000,-1,-1,-1,-1,825.000,875.000,-1,-1,2,0,2,0,2,0,0,0,0,2,2,2,2,0,0,2,2
17,1362.660,2477.574,455.458,-112.884,-0.384284,0.919908,0.078074,-0.920472,-0.388284,0.044353,0.071116,-0.054821,0.995960,0,0.32000,0.05844,19.200,0.117,-1,400.000,-1,400.000,-1,325.000,325.000,300.000,300.000,-1,-1,-1,-1,800.000,875.000,-1,-1,2,0,2,0,2,0,0,0,0,2,2,2,2,0,0,2,2
18,1357.032,2464.319,456.462,-113.007,-0.386301,0.919085,0.077802,-0.919649,-0.390266,0.044034,0.070834,-0.054540,0.995996,0,0.24000,-0.06156,14.400,-0.123,-1,400.000,-1,400.000,-1,325.000,325.000,300.000,300.000,-1,-1,-1,-1,800.000,875.000,-1,-1,2,0,2,0,2,0,0,0,0,2,2,2,2,0,0,2,2
19,1353.224,2455.507,457.133,-113.370,-0.392151,0.916620,0.077627,-0.917164,-0.396094,0.043815,0.070909,-0.054015,0.996019,0,0.16000,-0.18156,9.600,-0.363,-1,400.000,-1,400.000,-1,325.000,325.000,300.000,300.000,-1,-1,-1,-1,800.000,875.000,-1,-1,2,0,2,0,2,0,0,0,0,2,2,2,2,0,0,2,2
20,1351.273,2451.121,457.470,-113.973,-0.401800,0.912438,0.077549,-0.912945,-0.405737,0.043696,0.071334,-0.053241,0.996031,0,0.08000,-0.30156,4.800,-0.603,-1,400.000,-1,400.000,-1,325.000,325.000,300.000,300.000,-1,-1,-1,-1,800.000,875.000,-1,-1,2,0,2,0,2,0,0,0,0,2,2,2,2,0,0,2,2
21,1347.243,2442.407,458.152,-114.817,-0.415225,0.906422,0.077377,-0.906878,-0.419144,0.043470,0.071834,-0.052121,0.996054,0,0.16000,-0.42156,9.600,-0.843,-1,400.000,-1,400.000,-1,325.000,325.000,300.000,300.000,-1,-1,-1,-1,800.000,875.000,-1,-1,2,0,2,0,2,0,0,0,0,2,2,2,2,0,0,2,2
22,1340.952,2429.454,459.157,-115.900,-0.432362,0.898411,0.076944,-0.898798,-0.436239,0.043106,0.072293,-0.050520,0.996103,0,0.24000,-0.54156,14.400,-1.083,-1,400.000,-1,400.000,-1,325.000,325.000,300.000,300.000,-1,-1,-1,-1,800.000,875.000,-1,-1,2,0,2,0,2,0,0,0,0,2,2,2,2,0,0,2,2
23,1332.168,2412.381,460.482,-117.223,-0.453112,0.888193,0.076168,-0.888488,-0.456917,0.042611,0.072649,-0.048367,0.996184,0,0.32000,-0.66156,19.200,-1.323,-1,400.000,-1,400.000,-1,325.000,325.000,300.000,300.000,-1,-1,-1,-1,800.000,875.000,-1,-1,2,0,2,0,2,0,0,0,0,2,2,2,2,0,0,2,2
24,1320.610,2391.347,462.171,-118.786,-0.477323,0.875507,0.075168,-0.875693,-0.481034,0.042039,0.072964,-0.045758,0.996284,0,0.40000,-0.78156,24.000,-1.563,-1,400.000,-1,400.000,-1,325.000,325.000,300.000,300.000,-1,-1,-1,-1,800.000,875.000,-1,-1,2,0,2,0,2,0,0,0,0,2,2,2,2,0,0,2,2
25,1305.953,2366.556,464.237,-120.589,-0.504817,0.860055,0.073927,-0.860116,-0.508414,0.041423,0.073211,-0.042675,0.996403,0,0.48000,-0.90156,28.800,-1.803,-1,400.000,-1,400.000,-1,325.000,325.000,300.000,300.000,-1,-1,-1,-1,800.000,875.000,-1,-1,2,0,2,0,2,0,0,0,0,2,2,2,2,0,0,2,2
26,1287.876,2338.233,466.696,-122.546,-0.534104,0.842309,0.072440,-0.842235,-0.537565,0.040796,0.073304,-0.039222,0.996538,0,0.56000,-0.97856,33.600,-1.957,-1,400.000,-1,400.000,-1,325.000,325.000,300.000,300.000,-1,-1,-1,-1,800.000,850.000,-1,-1,2,0,2,0,2,0,0,0,0,2,2,2,2,0,0,2,2
27,1266.125,2306.587,469.554,-124.500,-0.562737,0.823605,0.070719,-0.823395,-0.566044,0.040186,0.073128,-0.035615,0.996686,0,0.64000,-0.97682,38.400,-1.954,-1,400.000,-1,400.000,-1,325.000,325.000,300.000,300.000,-1,-1,-1,-1,800.000,850.000,-1,-1,2,0,2,0,2,0,0,0,0,2,2,2,2,0,0,2,2
28,1240.457,2271.839,472.816,-126.451,-0.590700,0.803956,0.068765,-0.803611,-0.593835,0.039624,0.072691,-0.031854,0.996846,0,0.72000,-0.97564,43.200,-1.951,-1,400.000,-1,400.000,-1,325.000,325.000,300.000,300.000,-1,-1,-1,-1,800.000,875.000,-1,-1,2,0,2,0,2,0,0,0,0,2,2,2,2,0,0,2,2
29,1210.640,2234.223,476.437,-128.402,-0.617960,0.783365,0.066812,-0.782892,-0.620925,0.039142,0.072147,-0.028118,0.996998,0,0.80000,-0.97529,48.000,-1.951,-1,400.000,-1,400.000,-1,325.000,325.000,300.000,300.000,-1,-1,-1,-1,800.000,900.000,-1,-1,2,0,2,0,2,0,0,0,0,2,2,2,2,0,0,2,2
30,1176.451,2193.987,480.307,-130.354,-0.644468,0.761826,0.065436,-0.761247,-0.647305,0.038730,0.071863,-0.024853,0.997105,0,0.88000,-0.97603,52.800,-1.952,-1,400.000,-1,400.000,-1,325.000,325.000,300.000,300.000,-1,-1,-1,-1,800.000,925.000,-1,-1,2,0,2,0,2,0,0,0,0,2,2,2,2,0,0,2,2
31,1137.779,2151.503,484.473,-132.310,-0.670254,0.739338,0.064335,-0.738664,-0.672981,0.038367,0.071662,-0.021806,0.997191,0,0.95750,-0.97813,57.450,-1.956,-1,400.000,-1,400.000,-1,325.000,325.000,300.000,300.000,-1,-1,-1,-1,800.000,975.000,-1,-1,2,0,2,0,2,0,0,0,0,2,2,2,2,0,0,2,2
32,1097.695,2110.389,488.674,-134.274,-0.695351,0.715889,0.063173,-0.715116,-0.697965,0.038126,0.071387,-0.018665,0.997274,0,0.95700,-0.98185,57.420,-1.964,-1,400.000,-1,400.000,-1,325.000,325.000,300.000,300.000,-1,-1,-1,-1,800.000,-1,-1,-1,2,0,2,0,2,0,0,0,0,2,2,2,2,0,2,2,2
33,1056.215,2070.679,492.907,-136.248,-0.719753,0.691459,0.061961,-0.690586,-0.722251,0.038017,0.071038,-0.015426,0.997354,0,0.95706,-0.98702,57.424,-1.974,-1,400.000,-1,400.000,-1,325.000,325.000,300.000,300.000,-1,-1,-1,-1,800.000,-1,-1,-1,2,0,2,0,2,0,0,0,0,2,2,2,2,0,2,2,2
34,1013.348,2032.399,496.956,-138.235,-0.743453,0.666022,0.060771,-0.665123,-0.745820,0.036929,0.069920,-0.012965,0.997468,0,0.95786,-0.99361,57.471,-1.987,-1,400.000,-1,400.000,-1,325.000,325.000,300.000,300.000,-1,-1,-1,-1,800.000,-1,-1,-1,2,0,2,0,2,0,0,0,0,2,2,2,2,0,2,2,2
35,973.010,1998.530,500.549,-139.982,-0.763556,0.642985,0.059608,-0.642114,-0.765795,0.035323,0.068360,-0.011304,0.997597,0,0.87786,-0.87361,52.671,-1.747,-1,400.000,-1,400.000,-1,325.000,325.000,300.000,300.000,-1,-1,-1,-1,800.000,-1,-1,-1,2,0,2,0,2,0,0,0,0,2,2,2,2,0,2,2,2
36,933.537,1967.119,504.006,-141.489,-0.780335,0.622630,0.058387,-0.621784,-0.782455,0.033894,0.066788,-0.009856,0.997718,0,0.84077,-0.75361,50.446,-1.507,-1,400.000,-1,425.000,-1,325.000,325.000,300.000,300.000,-1,-1,-1,-1,775.000,-1,-1,-1,2,0,2,0,2,0,0,0,0,2,2,2,2,0,2,2,2
37,893.101,1936.378,507.502,-142.757,-0.794040,0.605180,0.057078,-0.604365,-0.796042,0.032556,0.065138,-0.008645,0.997839,0,0.84658,-0.63361,50.795,-1.267,-1,400.000,-1,425.000,-1,325.000,325.000,300.000,300.000,-1,-1,-1,-1,800.000,-1,-1,-1,2,0,2,0,2,0,0,0,0,2,2,2,2,0,2,2,2
38,851.751,1906.213,510.906,-143.889,-0.805962,0.589339,0.055720,-0.588519,-0.807854,0.031892,0.063808,-0.007089,0.997937,0,0.85306,-0.56611,51.183,-1.132,-1,400.000,-1,450.000,-1,325.000,325.000,300.000,300.000,-1,-1,-1,-1,825.000,-1,-1,-1,2,0,2,0,2,0,0,0,0,2,2,2,2,0,2,2,2
39,809.490,1876.646,514.184,-145.023,-0.817580,0.573243,0.054357,-0.572368,-0.819371,0.032039,0.062904,-0.004918,0.998007,0,0.85963,-0.56701,51.578,-1.134,-1,400.000,-1,450.000,-1,325.000,325.000,300.000,300.000,-1,-1,-1,-1,875.000,-1,-1,-1,2,0,2,0,2,0,0,0,0,2,2,2,2,0,2,2,2
40,766.317,1847.699,517.490,-146.158,-0.828889,0.556899,0.052977,-0.555970,-0.830576,0.032265,0.061970,-0.002710,0.998074,0,0.86631,-0.56770,51.979,-1.135,-1,400.000,-1,450.000,-1,325.000,350.000,300.000,300.000,-1,-1,-1,-1,900.000,-1,-1,-1,2,0,2,0,2,0,0,0,0,2,2,2,2,0,2,2,2
41,722.238,1819.395,520.607,-147.295,-0.839937,0.540320,0.050604,-0.539317,-0.841460,0.032906,0.060361,0.000347,0.998177,0,0.87308,-0.56818,52.385,-1.136,-1,400.000,-1,475.000,-1,325.000,350.000,300.000,300.000,-1,-1,-1,-1,925.000,-1,-1,-1,2,0,2,0,2,0,0,0,0,2,2,2,2,0,2,2,2
42,677.256,1791.755,523.135,-148.431,-0.850805,0.523510,0.045479,-0.522392,-0.852000,0.034666,0.056896,0.005736,0.998364,0,0.87993,-0.56842,52.796,-1.137,-1,400.000,-1,475.000,-1,350.000,350.000,300.000,300.000,-1,-1,-1,-1,950.000,-1,-1,-1,2,0,2,0,2,0,0,0,0,2,2,2,2,0,2,2,2
43,631.376,1764.801,525.675,-149.568,-0.861308,0.506479,0.040335,-0.505274,-0.862179,0.036679,0.053354,0.011212,0.998513,0,0.88687,-0.56843,53.212,-1.137,-1,425.000,-1,475.000,-1,350.000,350.000,300.000,300.000,-1,-1,-1,-1,950.000,-1,-1,-1,2,0,2,0,2,0,0,0,0,2,2,2,2,0,2,2,2
44,584.603,1738.557,528.225,-150.705,-0.871438,0.489243,0.035183,-0.487978,-0.871986,0.038950,0.049734,0.016774,0.998622,0,0.89389,-0.56818,53.633,-1.136,-1,425.000,-1,475.000,-1,350.000,350.000,325.000,275.000,-1,-1,-1,-1,975.000,-1,-1,-1,2,0,2,0,2,0,0,0,0,2,2,2,2,0,2,2,2
45,536.945,1713.044,530.551,-151.840,-0.881141,0.471827,0.031142,-0.470532,-0.881430,0.041001,0.046795,0.021474,0.998674,0,0.90097,-0.56766,54.058,-1.135,-1,425.000,-1,475.000,-1,350.000,350.000,325.000,275.000,-1,-1,-1,-1,-1,-1,-1,-1,2,0,2,0,2,0,0,0,0,2,2,2,2,2,2,2,2
46,488.409,1688.284,532.684,-152.974,-0.890452,0.454253,0.027396,-0.452974,-0.890510,0.042506,0.043705,0.025440,0.998721,0,0.90811,-0.56686,54.487,-1.134,-1,450.000,-1,475.000,-1,350.000,350.000,325.000,275.000,-1,-1,-1,-1,-1,-1,-1,-1,2,0,2,0,2,0,0,0,0,2,2,2,2,2,2,2,2
47,439.004,1664.300,533.939,-154.105,-0.899384,0.436574,0.022608,-0.435535,-0.899297,0.039678,0.037654,0.025840,0.998957,0,0.91531,-0.56575,54.919,-1.132,-1,425.000,-1,450.000,-1,350.000,350.000,300.000,300.000,-1,-1,-1,-1,-1,-1,-1,-1,2,0,2,0,2,0,0,0,0,2,2,2,2,2,2,2,2
48,388.743,1641.112,535.183,-155.234,-0.907921,0.418772,0.017606,-0.417958,-0.907712,0.037014,0.031482,0.026247,0.999160,0,0.92254,-0.56433,55.353,-1.129,-1,425.000,-1,450.000,-1,350.000,350.000,300.000,300.000,-1,-1,-1,-1,-1,-1,-1,-1,2,0,2,1,2,0,0,0,0,2,2,2,2,2,2,2,2
49,333.878,1616.826,536.541,-156.122,-0.914397,0.404640,0.012011,-0.404053,-0.914090,0.034359,0.024882,0.026565,0.999337,0,1.00000,-0.44433,60.000,-0.889,-1,425.000,-1,500.000,-1,350.000,350.000,300.000,300.000,-1,-1,-1,-1,-1,-1,-1,-1,2,0,2,1,2,0,0,0,0,2,2,2,2,2,2,2,2
50,278.742,1593.162,537.905,-156.771,-0.918976,0.394263,0.006296,-0.393886,-0.918607,0.031865,0.018347,0.026803,0.999472,0,1.00000,-0.32433,60.000,-0.649,-1,425.000,-1,550.000,-1,350.000,350.000,275.000,300.000,-1,-1,-1,-1,-1,-1,-1,-1,2,0,2,1,2,0,1,0,0,2,2,2,2,2,2,2,2
51,223.439,1569.892,539.278,-157.180,-0.921786,0.387700,0.000509,-0.387518,-0.921391,0.029465,0.011893,0.026963,0.999566,0,1.00000,-0.20433,60.000,-0.409,-1,400.000,-1,600.000,-1,325.000,400.000,275.000,300.000,-1,-1,-1,-1,-1,-1,-1,-1,2,0,2,1,2,0,1,0,0,2,2,2,2,2,2,2,2
52,168.067,1546.785,540.666,-157.348,-0.922908,0.384985,-0.005306,-0.384982,-0.922526,0.027092,0.005535,0.027046,0.999619,0,1.00000,-0.08433,60.000,-0.169,-1,750.000,-1,675.000,-1,425.000,475.000,275.000,325.000,-1,-1,-1,-1,-1,-1,-1,-1,2,1,2,1,2,1,1,0,0,2,2,2,2,2,2,2,2
53,112.724,1523.608,541.800,-157.277,-0.922385,0.386123,-0.010726,-0.386272,-0.922020,0.025935,0.000125,0.028065,0.999606,0,1.00000,0.03567,60.000,0.071,-1,825.000,-1,800.000,-1,-1,650.000,275.000,325.000,-1,-1,-1,-1,-1,-1,-1,-1,2,1,2,1,2,2,1,0,0,2,2,2,2,2,2,2,2
54,57.478,1500.201,541.918,-157.039,-0.920720,0.389893,-0.016084,-0.390208,-0.920274,0.028859,-0.003550,0.032847,0.999454,0,1.00000,0.11901,60.000,0.238,-1,850.000,-1,-1,-1,-1,-1,275.000,300.000,-1,-1,-1,-1,-1,-1,-1,-1,2,1,2,2,2,2,2,0,0,2,2,2,2,2,2,2,2
55,2.331,1476.561,540.613,-156.800,-0.918883,0.393571,-0.027485,-0.394363,-0.918289,0.034969,-0.011476,0.042972,0.999010,0,1.00000,0.11932,60.000,0.239,-1,875.000,-1,-1,-1,-1,-1,300.000,300.000,-1,-1,-1,-1,-1,-1,-1,-1,2,1,2,2,2,2,2,0,0,2,2,2,2,2,2,2,2
56,-52.716,1452.690,538.868,-156.561,-0.916836,0.397173,-0.040808,-0.398726,-0.916109,0.041982,-0.020710,0.054761,0.998285,0,1.00000,0.11962,60.000,0.239,-1,875.000,-1,-1,-1,-1,-1,325.000,275.000,-1,-1,-1,-1,-1,-1,-1,-1,2,1,2,2,2,2,2,0,0,2,2,2,2,2,2,2,2
57,-107.663,1428.587,536.074,-156.321,-0.914641,0.400736,-0.053318,-0.403204,-0.913828,0.048436,-0.029313,0.065800,0.997402,0,1.00000,0.11992,60.000,0.240,-1,850.000,-1,-1,-1,-1,-1,325.000,250.000,-1,-1,-1,-1,-1,-1,-1,-1,2,1,2,2,2,2,2,0,0,2,2,2,2,2,2,2,2
58,-162.512,1404.261,530.127,-156.081,-0.911901,0.404522,-0.069272,-0.407850,-0.912035,0.043018,-0.045776,0.067480,0.996670,0,1.00000,0.12023,60.000,0.240,-1,800.000,-1,-1,-1,-1,-1,300.000,250.000,-1,-1,-1,-1,-1,-1,-1,-1,2,1,2,2,2,2,2,0,0,2,2,2,2,2,2,2,2
59,-217.265,1379.713,520.171,-155.840,-0.908078,0.408640,-0.091694,-0.411996,-0.910957,0.020409,-0.075189,0.056311,0.995578,0,1.00000,0.12054,60.000,0.241,-1,725.000,-1,-1,-1,-1,-1,250.000,250.000,-1,-1,-1,-1,-1,-1,-1,-1,2,1,2,2,2,2,2,0,0,2,2,2,2,2,2,2,2
60,-271.914,1354.929,509.693,-155.598,-0.903482,0.412686,-0.115802,-0.415308,-0.909679,-0.001620,-0.106011,0.046630,0.993271,0,1.00000,0.12087,60.000,0.242,750.000,650.000,-1,-1,-1,-1,-1,200.000,225.000,-1,-1,-1,-1,-1,-1,-1,-1,1,1,2,2,2,2,2,0,0,2,2,2,2,2,2,2,2
61,-1639.837,6231.363,306.172,77.193,0.222780,-0.974833,0.008379,0.972428,0.221606,-0.072628,0.068943,0.024328,0.997324,1,0.00000,0.00000,60.000,0.242,125.000,575.000,-1,600.000,-1,525.000,500.000,250.000,250.000,-1,300.000,100.000,425.000,-1,-1,175.000,-1,1,1,2,0,2,0,0,1,0,2,0,0,0,2,2,1,2
62,-1638.753,6236.040,306.175,76.953,0.226866,-0.973891,0.008222,0.971468,0.225686,-0.072914,0.069155,0.024529,0.997304,0,0.08000,-0.12000,4.800,-0.240,125.000,575.000,-1,600.000,-1,525.000,500.000,250.000,250.000,-1,300.000,100.000,425.000,-1,-1,175.000,-1,1,1,2,0,2,0,0,1,0,2,0,0,0,2,2,1,2
63,-1636.508,6245.373,306.148,76.473,0.235015,-0.971961,0.007778,0.969507,0.233835,-0.073323,0.069448,0.024773,0.997278,0,0.16000,-0.24000,9.600,-0.480,125.000,600.000,-1,600.000,-1,525.000,500.000,225.000,250.000,-1,300.000,100.000,425.000,-1,-1,175.000,-1,1,1,2,0,2,0,0,1,0,2,0,0,0,2,2,1,2
64,-1632.964,6259.331,306.024,75.753,0.247179,-0.968946,0.006807,0.966469,0.246031,-0.073525,0.069567,0.024752,0.997270,0,0.24000,-0.36000,14.400,-0.720,125.000,625.000,-1,600.000,-1,525.000,500.000,200.000,250.000,-1,300.000,100.000,425.000,-1,-1,200.000,-1,1,1,2,0,2,0,0,1,0,2,0,0,0,2,2,1,2
65,-1627.927,6277.858,305.698,74.793,0.263284,-0.964706,0.004964,0.962239,0.262235,-0.073000,0.069122,0.023996,0.997320,0,0.32000,-0.48000,19.200,-0.960,125.000,675.000,-1,575.000,-1,525.000,500.000,200.000,250.000,-1,325.000,100.000,425.000,-1,-1,200.000,-1,1,1,2,0,2,0,0,1,0,2,0,0,0,2,2,1,2
66,-1621.147,6300.881,305.026,73.593,0.283233,-0.959049,0.001826,0.956667,0.282395,-0.070999,0.067576,0.021856,0.997475,0,0.40000,-0.60000,24.000,-1.200,125.000,700.000,-1,575.000,-1,500.000,475.000,175.000,250.000,-1,325.000,100.000,450.000,-1,-1,250.000,-1,1,1,2,0,2,0,0,1,0,2,0,0,0,2,2,1,2
67,-1612.364,6328.308,303.907,72.248,0.305366,-0.952231,-0.002680,0.950052,0.304855,-0.066811,0.064436,0.017856,0.997762,0,0.48000,-0.67258,28.800,-1.345,125.000,675.000,-1,575.000,-1,500.000,475.000,150.000,250.000,-1,350.000,125.000,475.000,-1,-1,-1,-1,1,0,2,0,2,0,0,1,0,2,0,0,0,2,2,2,2
68,-1601.381,6360.062,302.314,70.924,0.326903,-0.945022,-0.008242,0.943189,0.326793,-0.060011,0.059405,0.011844,0.998164,0,0.56000,-0.66161,33.600,-1.323,125.000,650.000,-1,550.000,-1,475.000,450.000,125.000,250.000,675.000,400.000,150.000,525.000,-1,-1,-1,-1,1,0,2,0,2,0,0,1,0,1,0,0,0,2,2,2,2
69,-1588.003,6396.055,300.067,69.614,0.348023,-0.937363,-0.015190,0.936049,0.348341,-0.049714,0.051892,0.003083,0.998648,0,0.64000,-0.65518,38.400,-1.310,125.000,600.000,-1,525.000,-1,450.000,450.000,100.000,250.000,625.000,500.000,200.000,575.000,-1,-1,-1,-1,1,0,2,0,2,0,0,1,0,1,0,0,1,2,2,2,2
70,-1572.034,6436.194,297.605,68.307,0.369109,-0.929157,-0.020624,0.928562,0.369625,-0.033903,0.039124,-0.006637,0.999212,0,0.72000,-0.65351,43.200,-1.307,125.000,550.000,-1,500.000,-1,425.000,400.000,75.000,275.000,600.000,675.000,400.000,625.000,-1,-1,-1,-1,1,0,2,0,2,0,0,1,0,1,1,0,1,2,2,2,2
71,-1553.282,6480.377,297.814,67.003,0.390612,-0.920510,-0.009179,0.920498,0.390680,-0.007306,0.010312,-0.005595,0.999931,0,0.80000,-0.65210,48.000,-1.304,-1,475.000,-1,425.000,-1,375.000,350.000,75.000,250.000,625.000,850.000,800.000,700.000,975.000,900.000,-1,-1,2,0,2,0,2,0,0,1,0,1,1,1,1,0,0,2,2
72,-1532.063,6527.378,296.361,65.701,0.411634,-0.911348,-0.001257,0.911079,0.411478,0.024912,-0.022186,-0.011399,0.999689,0,0.85947,-0.65111,51.568,-1.302,-1,400.000,-1,375.000,-1,325.000,300.000,75.000,250.000,650.000,-1,-1,775.000,750.000,700.000,-1,-1,2,0,2,0,2,0,0,1,0,1,2,2,1,0,0,2,2
73,-1510.163,6573.082,299.217,64.399,0.431799,-0.901826,0.016108,0.901249,0.432099,0.032270,-0.036062,0.000583,0.999349,0,0.84464,-0.65072,50.678,-1.301,-1,375.000,-1,350.000,-1,300.000,300.000,75.000,250.000,675.000,-1,-1,825.000,700.000,625.000,-1,-1,2,0,2,0,2,0,0,1,0,1,2,2,1,0,0,2,2
74,-1487.630,6617.490,302.151,63.097,0.451499,-0.891700,0.031942,0.891134,0.452442,0.034310,-0.045046,0.012974,0.998901,0,0.82995,-0.65102,49.797,-1.302,-1,375.000,-1,325.000,850.000,300.000,300.000,100.000,250.000,675.000,-1,-1,850.000,700.000,575.000,-1,-1,2,0,2,0,0,0,0,1,0,1,2,2,1,0,0,2,2
75,-1464.496,6660.624,304.355,61.793,0.471003,-0.881027,0.044129,0.880612,0.472538,0.035080,-0.051759,0.022338,0.998410,0,0.81575,-0.65197,48.945,-1.304,-1,375.000,-1,325.000,625.000,300.000,275.000,125.000,250.000,650.000,-1,-1,900.000,700.000,550.000,-1,825.000,2,0,2,0,0,0,0,1,0,1,2,2,1,0,0,2,0
76,-1440.781,6702.518,305.808,60.486,0.490457,-0.869879,0.052550,0.869655,0.492432,0.034784,-0.056135,0.028640,0.998012,0,0.80234,-0.65352,48.140,-1.307,-1,375.000,-1,325.000,550.000,300.000,275.000,150.000,250.000,225.000,-1,-1,925.000,675.000,550.000,-1,675.000,2,0,2,0,0,0,0,1,0,1,2,2,1,0,0,2,0
77,-1416.494,6743.219,306.516,59.175,0.509970,-0.858302,0.057001,0.858230,0.512161,0.033642,-0.058068,0.031764,0.997807,0,0.78993,-0.65564,47.396,-1.311,-1,375.000,-1,325.000,525.000,300.000,275.000,200.000,225.000,200.000,-1,-1,975.000,675.000,550.000,-1,650.000,2,0,2,0,0,0,0,1,0,1,2,2,1,0,0,2,0
78,-1391.638,6782.780,306.497,57.858,0.529601,-0.846313,0.057240,0.846300,0.531750,0.031900,-0.057435,0.031548,0.997851,0,0.77869,-0.65827,46.721,-1.317,-1,375.000,-1,325.000,525.000,300.000,275.000,225.000,250.000,175.000,-1,-1,1000.000,700.000,550.000,-1,675.000,2,0,2,0,0,0,0,1,0,1,2,2,1,0,0,2,0
79,-1366.205,6821.255,305.686,56.536,0.549328,-0.833898,0.053419,0.833838,0.551201,0.029860,-0.054345,0.028140,0.998126,0,0.76869,-0.66137,46.122,-1.323,-1,375.000,-1,325.000,575.000,300.000,275.000,250.000,250.000,175.000,-1,-1,-1,700.000,550.000,-1,750.000,2,0,2,0,0,0,0,1,0,1,2,2,2,0,0,2,0
80,-1340.184,6858.701,303.990,55.206,0.569068,-0.821012,0.045832,0.820830,0.570495,0.027816,-0.048984,0.021791,0.998562,0,0.75999,-0.66488,45.600,-1.330,-1,375.000,-1,325.000,700.000,300.000,275.000,300.000,250.000,150.000,-1,-1,-1,700.000,575.000,-1,900.000,2,0,2,0,0,0,0,1,0,1,2,2,2,0,0,2,1
81,-1313.559,6895.169,301.477,53.868,0.588745,-0.807604,0.033997,0.807276,0.589601,0.026002,-0.041044,0.012136,0.999084,0,0.75258,-0.66878,45.155,-1.338,-1,400.000,-1,350.000,750.000,300.000,300.000,300.000,250.000,150.000,-1,-1,-1,725.000,625.000,-1,925.000,2,0,2,0,1,0,0,1,0,1,2,2,2,0,0,2,1
82,-1286.310,6930.710,298.129,52.522,0.608193,-0.793589,0.017835,0.793204,0.608454,0.024711,-0.030462,-0.000882,0.999536,0,0.74642,-0.67302,44.785,-1.346,-1,400.000,-1,350.000,800.000,325.000,300.000,325.000,250.000,150.000,-1,-1,-1,725.000,675.000,-1,1000.000,2,0,2,0,1,0,0,1,0,1,2,2,2,0,0,2,1
83,-1258.417,6965.365,293.926,51.167,0.627191,-0.778861,-0.002727,0.778676,0.626958,0.024246,-0.017174,-0.017330,0.999702,0,0.74145,-0.67757,44.487,-1.355,-1,400.000,-1,375.000,900.000,325.000,325.000,325.000,275.000,175.000,-1,-1,-1,750.000,750.000,-1,-1,2,0,2,0,1,0,0,1,0,1,2,2,2,0,0,2,2
84,-1229.857,6999.173,288.795,49.802,0.645455,-0.763284,-0.028020,0.763798,0.644974,0.024937,-0.000962,-0.037497,0.999296,0,0.73761,-0.68240,44.257,-1.365,-1,400.000,-1,425.000,-1,325.000,325.000,300.000,300.000,175.000,300.000,-1,-1,800.000,825.000,-1,-1,2,0,2,0,2,0,0,0,0,1,1,2,2,0,1,2,2
85,-1200.601,7032.158,288.324,48.427,0.663566,-0.747550,-0.029131,0.748118,0.663070,0.025659,0.000134,-0.038819,0.999246,0,0.73483,-0.68749,44.090,-1.375,-1,400.000,-1,425.000,1000.000,325.000,325.000,300.000,300.000,225.000,325.000,-1,-1,800.000,800.000,-1,-1,2,0,2,0,1,0,0,0,0,1,1,2,2,0,1,2,2
86,-1170.629,7064.345,288.339,47.042,0.681477,-0.731316,-0.027672,0.731839,0.680970,0.026298,-0.000388,-0.038173,0.999271,0,0.73301,-0.69281,43.981,-1.386,-1,400.000,-1,425.000,950.000,325.000,325.000,300.000,300.000,250.000,350.000,-1,-1,800.000,775.000,-1,-1,2,0,2,0,1,0,0,0,0,1,1,2,2,0,1,2,2
87,-1143.361,7092.480,288.333,45.896,0.695987,-0.717569,-0.026404,0.718054,0.695469,0.026861,-0.000912,-0.037655,0.999290,0,0.65301,-0.57281,39.181,-1.146,-1,400.000,-1,425.000,900.000,325.000,325.000,300.000,300.000,300.000,375.000,-1,-1,800.000,750.000,-1,-1,2,0,2,0,1,0,0,0,0,1,1,2,2,0,1,2,2
88,-1117.967,7117.864,288.311,44.990,0.707264,-0.706498,-0.025271,0.706948,0.706735,0.027378,-0.001482,-0.037229,0.999306,0,0.59842,-0.45281,35.905,-0.906,-1,400.000,-1,425.000,850.000,325.000,325.000,300.000,300.000,325.000,400.000,625.000,-1,800.000,725.000,-1,-1,2,0,2,0,1,0,0,0,0,1,1,1,2,0,1,2,2
89,-1092.252,7142.981,288.309,44.325,0.715442,-0.698255,-0.024144,0.698669,0.714910,0.027674,-0.002063,-0.036668,0.999325,0,0.59910,-0.33281,35.946,-0.666,-1,400.000,-1,425.000,825.000,325.000,325.000,300.000,300.000,375.000,425.000,625.000,-1,800.000,725.000,-1,-1,2,0,2,0,1,0,0,0,0,1,1,1,2,0,1,2,2
90,-1066.291,7167.962,288.294,43.899,0.720627,-0.692940,-0.023034,0.693317,0.720092,0.027905,-0.002750,-0.036079,0.999345,0,0.60047,-0.21281,36.028,-0.426,-1,400.000,-1,425.000,775.000,325.000,325.000,300.000,300.000,400.000,450.000,650.000,-1,800.000,700.000,-1,-1,2,0,2,0,1,0,0,0,0,1,1,1,2,0,1,2,2
91,-1040.165,7192.941,288.248,43.714,0.722887,-0.690618,-0.021940,0.690957,0.722349,0.028121,-0.003572,-0.035488,0.999364,0,0.60242,-0.09281,36.145,-0.186,-1,400.000,-1,425.000,750.000,325.000,325.000,300.000,300.000,450.000,500.000,700.000,-1,800.000,700.000,-1,-1,2,0,2,0,1,0,0,0,0,1,1,1,2,0,1,2,2
92,-1013.956,7218.045,288.127,43.768,0.722253,-0.691314,-0.020869,0.691614,0.721705,0.028513,-0.004650,-0.035027,0.999376,0,0.60487,0.02719,36.292,0.054,-1,400.000,-1,425.000,725.000,325.000,325.000,300.000,300.000,500.000,525.000,750.000,-1,800.000,675.000,-1,-1,2,0,2,0,1,0,0,0,0,1,1,1,2,0,1,2,2
93,-987.754,7243.403,287.950,44.062,0.718714,-0.695024,-0.019803,0.695281,0.718155,0.028953,-0.005901,-0.034577,0.999385,0,0.60772,0.14719,36.463,0.294,-1,400.000,-1,425.000,700.000,325.000,325.000,300.000,300.000,525.000,575.000,-1,-1,800.000,675.000,-1,-1,2,0,2,0,1,0,0,0,0,1,1,2,2,0,1,2,2
94,-958.372,7272.374,287.694,44.597,0.712224,-0.701706,-0.018591,0.701913,0.711656,0.029396,-0.007397,-0.033986,0.999395,0,0.68772,0.26719,41.263,0.534,-1,400.000,-1,400.000,675.000,325.000,325.000,300.000,300.000,575.000,625.000,-1,-1,800.000,675.000,-1,-1,2,0,2,0,1,0,0,0,0,1,1,2,2,0,1,2,2
95,-926.012,7305.156,287.351,45.371,0.702701,-0.711277,-0.017236,0.711426,0.702124,0.029912,-0.009174,-0.033281,0.999404,0,0.76772,0.38719,46.063,0.774,-1,400.000,-1,400.000,625.000,325.000,325.000,300.000,300.000,625.000,700.000,-1,-1,775.000,675.000,-1,-1,2,0,2,1,1,0,0,0,0,1,1,2,2,0,1,2,2
96,-892.576,7340.249,286.837,46.385,0.690017,-0.723621,-0.015751,0.723710,0.689447,0.030098,-0.010920,-0.032167,0.999423,0,0.80787,0.50719,48.472,1.014,-1,400.000,-1,400.000,600.000,325.000,325.000,300.000,300.000,675.000,775.000,-1,-1,775.000,675.000,-1,-1,2,0,2,1,1,0,0,0,0,1,1,2,2,0,1,2,2
97,-859.866,7376.121,286.231,47.640,0.674026,-0.738570,-0.014226,0.738597,0.673468,0.030250,-0.012761,-0.030897,0.999441,0,0.80909,0.62719,48.546,1.254,-1,400.000,-1,400.000,600.000,325.000,325.000,300.000,300.000,725.000,875.000,-1,-1,775.000,675.000,-1,-1,2,0,2,1,1,0,0,0,0,1,1,2,2,0,1,2,2
98,-828.097,7412.839,285.528,49.134,0.654547,-0.755916,-0.012651,0.755879,0.654007,0.030375,-0.014687,-0.029444,0.999459,0,0.80924,0.74719,48.554,1.494,-1,400.000,-1,375.000,625.000,325.000,325.000,300.000,300.000,775.000,-1,-1,-1,775.000,700.000,-1,-1,2,0,2,1,1,0,0,0,0,1,2,2,2,0,1,2,2
99,-797.497,7450.449,284.743,50.869,0.631374,-0.775399,-0.011107,0.775300,0.630857,0.030480,-0.016628,-0.027855,0.999474,0,0.80810,0.86719,48.486,1.734,-1,400.000,-1,375.000,700.000,325.000,325.000,300.000,300.000,800.000,-1,-1,-1,775.000,750.000,-1,-1,2,0,2,1,1,0,0,0,0,1,2,2,2,0,1,2,2
100,-768.171,7488.861,284.046,52.640,0.607102,-0.794556,-0.010400,0.794421,0.606599,0.030551,-0.017966,-0.026810,0.999479,0,0.80545,0.88590,48.327,1.772,-1,400.000,-1,375.000,-1,325.000,325.000,300.000,300.000,850.000,-1,-1,-1,750.000,825.000,-1,-1,2,0,2,1,2,0,0,0,1,1,2,2,2,0,1,2,2
101,-740.167,7527.957,283.264,54.387,0.582604,-0.812698,-0.009692,0.812530,0.582119,0.030555,-0.019190,-0.025676,0.999486,0,0.80150,0.87323,48.090,1.746,-1,400.000,-1,375.000,-1,325.000,325.000,300.000,275.000,875.000,-1,-1,-1,750.000,900.000,-1,-1,2,0,2,1,2,0,1,0,1,1,2,2,2,0,0,2,2
102,-713.523,7567.617,282.401,56.107,0.557943,-0.829830,-0.008979,0.829631,0.557479,0.030491,-0.020296,-0.024462,0.999495,0,0.79632,0.86003,47.779,1.720,-1,400.000,-1,400.000,-1,325.000,325.000,300.000,275.000,900.000,-1,-1,-1,750.000,900.000,-1,-1,2,0,2,1,2,0,1,0,1,1,2,2,2,0,0,2,2
103,-688.269,7607.721,282.006,57.800,0.533199,-0.845921,-0.010830,0.845761,0.532713,0.030069,-0.019667,-0.025192,0.999489,0,0.78989,0.84638,47.394,1.693,-1,400.000,-1,400.000,-1,325.000,325.000,300.000,275.000,925.000,-1,-1,-1,775.000,900.000,-1,-1,2,0,2,1,2,0,1,0,1,1,2,2,2,0,0,2,2
104,-664.422,7648.147,281.374,59.464,0.508400,-0.861039,-0.011857,0.860902,0.507912,0.029546,-0.019418,-0.025229,0.999493,0,0.78227,0.83239,46.936,1.665,-1,400.000,-1,425.000,-1,325.000,325.000,300.000,275.000,950.000,-1,-1,-1,775.000,925.000,-1,-1,2,0,2,1,2,0,1,0,1,1,2,2,2,0,0,2,2
105,-643.599,7685.542,280.587,60.889,0.486829,-0.873414,-0.012083,0.873280,0.486352,0.029051,-0.019497,-0.024695,0.999505,0,0.71335,0.71239,42.801,1.425,-1,400.000,-1,425.000,-1,325.000,325.000,300.000,250.000,975.000,-1,-1,-1,775.000,925.000,-1,-1,2,0,2,1,2,0,1,0,1,1,2,2,2,0,0,2,2
106,-623.799,7722.896,279.692,62.074,0.468654,-0.883307,-0.011492,0.883157,0.468201,0.028649,-0.019925,-0.023576,0.999523,0,0.70463,0.59239,42.278,1.185,-1,400.000,-1,425.000,-1,325.000,350.000,300.000,250.000,-1,-1,-1,-1,775.000,925.000,-1,-1,2,0,2,0,2,0,0,0,1,2,2,2,2,0,0,2,2
107,-604.857,7760.100,278.677,63.019,0.454008,-0.890938,-0.010343,0.890760,0.453589,0.028350,-0.020566,-0.022084,0.999545,0,0.69580,0.47239,41.748,0.945,-1,400.000,-1,425.000,-1,325.000,325.000,300.000,250.000,-1,-1,-1,-1,775.000,925.000,-1,-1,2,0,2,0,2,0,0,0,1,2,2,2,2,0,0,2,2
108,-586.607,7797.063,277.527,63.724,0.442992,-0.896481,-0.008901,0.896274,0.442611,0.028089,-0.021241,-0.020421,0.999566,0,0.68706,0.35239,41.224,0.705,-1,400.000,-1,425.000,-1,325.000,325.000,300.000,250.000,-1,-1,-1,-1,775.000,925.000,-1,-1,2,0,2,0,2,0,0,0,1,2,2,2,2,0,0,2,2
109,-568.879,7833.715,276.287,64.188,0.435676,-0.900076,-0.007095,0.899836,0.435340,0.027813,-0.021945,-0.018502,0.999588,0,0.67857,0.23239,40.714,0.465,-1,400.000,-1,425.000,-1,325.000,325.000,300.000,250.000,-1,-1,-1,-1,775.000,925.000,-1,-1,2,0,2,0,2,0,0,0,1,2,2,2,2,0,0,2,2
110,-551.504,7869.999,274.959,64.413,0.432105,-0.901810,-0.004940,0.901536,0.431822,0.027636,-0.022789,-0.016395,0.999606,0,0.67048,0.11239,40.229,0.225,-1,400.000,-1,425.000,-1,325.000,325.000,300.000,250.000,-1,-1,-1,-1,775.000,900.000,-1,-1,2,0,2,0,2,0,0,0,1,2,2,2,2,0,0,2,2
111,-534.316,7905.868,273.552,64.398,0.432300,-0.901726,-0.002466,0.901416,0.432076,0.027543,-0.023771,-0.014129,0.999618,0,0.66292,-0.00761,39.775,-0.015,-1,400.000,-1,425.000,-1,325.000,325.000,300.000,225.000,-1,-1,-1,-1,775.000,900.000,-1,-1,2,0,2,0,2,0,0,0,1,2,2,2,2,0,0,2,2
112,-517.150,7941.286,272.084,64.143,0.436260,-0.899820,0.000282,0.899475,0.436102,0.027568,-0.024929,-0.011773,0.999620,0,0.65598,-0.12761,39.359,-0.255,-1,400.000,-1,425.000,-1,325.000,325.000,300.000,225.000,-1,-1,-1,-1,775.000,900.000,-1,-1,2,0,2,0,2,0,0,0,1,2,2,2,2,0,0,2,2
113,-499.845,7976.219,270.670,63.647,0.443969,-0.896037,0.003069,0.895648,0.443872,0.028152,-0.026587,-0.009750,0.999599,0,0.64974,-0.24761,38.984,-0.495,-1,400.000,-1,425.000,-1,325.000,325.000,300.000,225.000,-1,-1,-1,-1,750.000,875.000,-1,-1,2,0,2,0,2,0,0,0,1,2,2,2,2,0,0,2,2
114,-482.345,8010.685,269.174,63.082,0.452720,-0.891631,0.006209,0.891199,0.452700,0.028764,-0.028458,-0.007489,0.999567,0,0.64424,-0.28266,38.654,-0.565,-1,375.000,-1,400.000,-1,325.000,325.000,300.000,225.000,-1,-1,-1,-1,750.000,850.000,-1,-1,2,0,2,0,2,0,0,0,1,2,2,2,2,0,0,2,2
115,-464.651,8044.700,267.970,62.517,0.461448,-0.887132,0.007951,0.886678,0.461473,0.029051,-0.029441,-0.006356,0.999546,0,0.63902,-0.28246,38.341,-0.565,-1,375.000,-1,400.000,-1,325.000,325.000,300.000,225.000,-1,-1,-1,-1,750.000,850.000,-1,-1,2,0,2,0,2,0,0,0,1,2,2,2,2,0,1,2,2
116,-446.768,8078.268,266.920,61.953,0.470138,-0.882548,0.008934,0.882085,0.470187,0.029175,-0.029949,-0.005836,0.999534,0,0.63391,-0.28206,38.035,-0.564,-1,375.000,-1,400.000,-1,325.000,325.000,300.000,225.000,-1,-1,-1,-1,750.000,900.000,-1,-1,2,0,2,0,2,0,0,0,1,2,2,2,2,0,1,2,2
117,-428.698,8111.397,265.863,61.390,0.478764,-0.877888,0.009912,0.877415,0.478837,0.029292,-0.030461,-0.005327,0.999522,0,0.62895,-0.28148,37.737,-0.563,-1,375.000,-1,400.000,-1,325.000,325.000,300.000,225.000,-1,-1,-1,-1,775.000,-1,-1,-1,2,0,2,0,2,0,0,0,1,2,2,2,2,0,2,2,2
118,-410.444,8144.096,264.799,60.829,0.487320,-0.873156,0.010884,0.872674,0.487417,0.029401,-0.030976,-0.004830,0.999508,0,0.62414,-0.28072,37.449,-0.561,-1,375.000,-1,400.000,-1,325.000,325.000,300.000,250.000,-1,-1,-1,-1,775.000,-1,-1,-1,2,0,2,0,2,0,0,0,1,2,2,2,2,0,2,2,2
119,-392.009,8176.375,263.727,60.269,0.495800,-0.868356,0.011849,0.867865,0.495923,0.029502,-0.031495,-0.004343,0.999494,0,0.61953,-0.27979,37.172,-0.560,-1,400.000,-1,400.000,-1,325.000,325.000,300.000,250.000,-1,-1,-1,-1,775.000,-1,-1,-1,2,0,2,0,2,0,0,0,1,2,2,2,2,0,2,2,2
120,-373.395,8208.244,262.757,59.712,0.504207,-0.863491,0.012624,0.862977,0.504347,0.030074,-0.032335,-0.004269,0.999468,0,0.61512,-0.27870,36.907,-0.557,-1,400.000,-1,400.000,-1,325.000,325.000,300.000,250.000,-1,-1,-1,-1,775.000,-1,-1,-1,2,0,2,0,2,0,0,0,1,2,2,2,2,0,2,2,2
121,-354.602,8239.716,261.968,59.157,0.512540,-0.858563,0.013089,0.858000,0.512684,0.031475,-0.033733,-0.004902,0.999419,0,0.61094,-0.27744,36.656,-0.555,-1,400.000,-1,400.000,-1,325.000,325.000,300.000,250.000,-1,-1,-1,-1,775.000,-1,-1,-1,2,0,2,0,2,0,0,0,1,2,2,2,2,0,2,2,2
122,-335.630,8270.803,261.107,58.605,0.520779,-0.853582,0.013676,0.852976,0.520932,0.032593,-0.034945,-0.005309,0.999375,0,0.60698,-0.27604,36.419,-0.552,-1,400.000,-1,400.000,-1,325.000,325.000,300.000,275.000,-1,-1,-1,-1,775.000,-1,-1,-1,2,0,2,0,2,0,0,0,1,2,2,2,2,0,2,2,2
123,-316.479,8301.518,260.173,58.056,0.528919,-0.848550,0.014378,0.847910,0.529086,0.033425,-0.035970,-0.005488,0.999338,0,0.60327,-0.27450,36.196,-0.549,-1,400.000,-1,400.000,-1,325.000,325.000,300.000,275.000,-1,-1,-1,-1,775.000,-1,-1,-1,2,0,2,0,2,0,0,0,1,2,2,2,2,0,2,2,2
124,-297.148,8331.873,259.172,57.510,0.536955,-0.843474,0.015219,0.842807,0.537143,0.033971,-0.036828,-0.005414,0.999307,0,0.59980,-0.27282,35.988,-0.546,-1,400.000,-1,400.000,-1,325.000,325.000,300.000,275.000,-1,-1,-1,-1,775.000,-1,-1,-1,2,0,2,0,2,0,0,0,1,2,2,2,2,0,2,2,2
125,-277.636,8361.883,258.113,56.968,0.544880,-0.838356,0.016262,0.837671,0.545099,0.034262,-0.037588,-0.005046,0.999281,0,0.59658,-0.27101,35.795,-0.542,-1,400.000,-1,400.000,-1,325.000,325.000,300.000,275.000,-1,-1,-1,-1,775.000,-1,-1,-1,2,0,2,0,2,0,0,0,1,2,2,2,2,0,2,2,2
126,-257.941,8391.559,256.859,56.430,0.552704,-0.833200,0.017204,0.832485,0.552949,0.034857,-0.038556,-0.004943,0.999244,0,0.59361,-0.26907,35.617,-0.538,-1,400.000,-1,400.000,-1,325.000,325.000,300.000,300.000,-1,-1,-1,-1,775.000,-1,-1,-1,2,0,2,0,2,0,0,0,1,2,2,2,2,0,2,2,2
127,-238.063,8420.915,255.529,55.896,0.560414,-0.828011,0.018243,0.827278,0.560692,0.035155,-0.039338,-0.004609,0.999215,0,0.59089,-0.26702,35.453,-0.534,-1,400.000,-1,400.000,-1,325.000,325.000,300.000,300.000,-1,-1,-1,-1,775.000,-1,-1,-1,2,0,2,0,2,0,0,0,1,2,2,2,2,0,2,2,2
128,-217.998,8449.963,254.097,55.366,0.568011,-0.822794,0.019334,0.822048,0.568325,0.035278,-0.040014,-0.004145,0.999191,0,0.58841,-0.26486,35.305,-0.530,-1,400.000,-1,400.000,-1,325.000,325.000,300.000,300.000,-1,-1,-1,-1,775.000,-1,-1,-1,2,0,2,1,2,0,0,0,1,2,2,2,2,0,2,2,2
129,-200.326,8474.827,252.752,54.596,0.578982,-0.815086,0.020368,0.814334,0.579327,0.035201,-0.040492,-0.003795,0.999173,0,0.50841,-0.38486,30.505,-0.770,-1,400.000,-1,425.000,-1,325.000,325.000,300.000,325.000,-1,-1,-1,-1,775.000,-1,-1,-1,2,0,2,1,2,0,0,0,1,2,2,2,2,0,2,2,2
130,-185.083,8495.525,251.560,53.632,0.592593,-0.805220,0.021319,0.804469,0.592965,0.034959,-0.040791,-0.003566,0.999161,0,0.42841,-0.48222,25.705,-0.964,-1,400.000,-1,425.000,-1,325.000,325.000,300.000,325.000,-1,-1,-1,-1,800.000,-1,-1,-1,2,0,2,1,2,0,0,0,0,2,2,2,2,0,2,2,2
131,-172.407,8512.148,250.558,52.671,0.605993,-0.795162,0.022127,0.794414,0.606387,0.034662,-0.040979,-0.003427,0.999154,0,0.34841,-0.48049,20.905,-0.961,-1,400.000,-1,425.000,-1,325.000,325.000,300.000,325.000,-1,-1,-1,-1,800.000,-1,-1,-1,2,0,2,1,2,0,0,0,0,2,2,2,2,0,2,2,2
132,-162.429,8524.788,249.765,51.713,0.619190,-0.784911,0.022773,0.784166,0.619599,0.034374,-0.041091,-0.003427,0.999150,0,0.26841,-0.47907,16.105,-0.958,-1,400.000,-1,450.000,-1,325.000,325.000,300.000,300.000,-1,-1,-1,-1,800.000,-1,-1,-1,2,0,2,1,2,0,0,0,0,2,2,2,2,0,2,2,2
133,-155.277,8533.543,249.191,50.757,0.632190,-0.774464,0.023249,0.773720,0.632607,0.034140,-0.041148,-0.003595,0.999147,0,0.18841,-0.47798,11.305,-0.956,-1,400.000,-1,450.000,-1,325.000,325.000,300.000,300.000,-1,-1,-1,-1,800.000,-1,-1,-1,2,0,2,1,2,0,0,0,0,2,2,2,2,0,2,2,2
134,-151.079,8538.512,248.843,49.803,0.645001,-0.763818,0.023555,0.763072,0.645419,0.033986,-0.041162,-0.003947,0.999145,0,0.10841,-0.47722,6.505,-0.954,-1,400.000,-1,450.000,-1,325.000,325.000,300.000,300.000,-1,-1,-1,-1,800.000,-1,-1,-1,2,0,2,1,2,0,0,0,0,2,2,2,2,0,2,2,2
135,-149.958,8539.795,248.721,48.849,0.657629,-0.752970,0.023694,0.752219,0.658040,0.033914,-0.041128,-0.004480,0.999144,0,0.02841,-0.47679,1.705,-0.954,-1,400.000,-1,450.000,-1,325.000,325.000,300.000,300.000,-1,-1,-1,-1,800.000,-1,-1,-1,2,0,2,1,2,0,0,0,0,2,2,2,2,0,2,2,2
136,-152.033,8537.499,248.820,47.896,0.670077,-0.741914,0.023674,0.741157,0.670475,0.033906,-0.041029,-0.005173,0.999145,0,-0.05159,-0.47668,-3.095,-0.953,-1,400.000,-1,450.000,-1,325.000,325.000,300.000,300.000,-1,-1,-1,-1,800.000,-1,-1,-1,2,0,2,1,2,0,0,0,0,2,2,2,2,0,2,2,2
137,-157.424,8531.730,249.130,46.942,0.682350,-0.730648,0.023507,0.729884,0.682728,0.033922,-0.040834,-0.005989,0.999148,0,-0.13159,-0.47687,-7.895,-0.954,-1,400.000,-1,425.000,-1,325.000,325.000,300.000,300.000,-1,-1,-1,-1,800.000,-1,-1,-1,2,0,2,1,2,0,0,0,0,2,2,2,2,0,2,2,2
138,-166.245,8522.599,249.633,45.987,0.694450,-0.719167,0.023202,0.718401,0.694803,0.033897,-0.040499,-0.006871,0.999156,0,-0.21159,-0.47733,-12.695,-0.955,-1,400.000,-1,425.000,-1,325.000,325.000,300.000,300.000,-1,-1,-1,-1,800.000,-1,-1,-1,2,0,2,1,2,0,0,0,1,2,2,2,2,0,2,2,2
139,-178.610,8510.222,250.307,45.031,0.706377,-0.707470,0.022769,0.706707,0.706701,0.033743,-0.039963,-0.007744,0.999171,0,-0.29159,-0.47801,-17.495,-0.956,-1,400.000,-1,425.000,-1,325.000,325.000,300.000,300.000,-1,-1,-1,-1,-1,-1,-1,-1,2,0,2,0,2,0,0,0,1,2,2,2,2,2,2,2,2
