timestep,x_cm,y_cm,z_cm,yaw_deg,basis_xx,basis_xy,basis_xz,basis_yx,basis_yy,basis_yz,basis_zx,basis_zy,basis_zz,teleport_flag,throttle_cmd,steering_cmd,cmd_move_cm,cmd_turn_deg,lidar_cm_0,lidar_cm_1,lidar_cm_2,lidar_cm_3,lidar_cm_4,lidar_cm_5,lidar_cm_6,lidar_cm_7,lidar_cm_8,lidar_cm_9,lidar_cm_10,lidar_cm_11,lidar_cm_12,lidar_cm_13,lidar_cm_14,lidar_cm_15,lidar_cm_16,lidar_class_0,lidar_class_1,lidar_class_2,lidar_class_3,lidar_class_4,lidar_class_5,lidar_class_6,lidar_class_7,lidar_class_8,lidar_class_9,lidar_class_10,lidar_class_11,lidar_class_12,lidar_class_13,lidar_class_14,lidar_class_15,lidar_class_16
0,-6158.838,-2917.784,284.935,-177.853,-0.999295,0.037468,0.002310,-0.037459,-0.999291,0.003893,0.002454,0.003804,0.999990,0,0.40584,-0.39689,0.256,0.000,-1,604.122,-1,664.458,-1,519.247,536.230,577.833,547.296,-1,-1,-1,-1,-1,-1,-1,-1,2,0,2,0,2,0,0,0,0,2,2,2,2,2,2,2,2
1,-6159.590,-2917.771,285.034,-177.866,-0.999296,0.037257,0.004359,-0.037241,-0.999299,0.003763,0.004496,0.003598,0.999983,0,0.40584,-0.39691,0.752,-0.013,-1,608.593,-1,669.984,-1,523.113,540.093,577.756,548.239,-1,-1,-1,-1,-1,-1,-1,-1,2,0,2,0,2,0,0,0,0,2,2,2,2,2,2,2,2
2,-6160.838,-2917.771,284.076,-177.896,-0.999298,0.036738,0.007331,-0.036719,-0.999322,0.002714,0.007426,0.002443,0.999969,0,0.40586,-0.39682,1.248,-0.030,-1,611.694,-1,675.517,-1,526.079,543.407,571.961,548.263,-1,-1,-1,-1,-1,-1,-1,-1,2,0,2,0,2,0,0,0,0,2,2,2,2,2,2,2,2
3,-6162.592,-2917.822,282.347,-177.936,-0.999295,0.036027,0.010585,-0.036020,-0.999351,0.000853,0.010609,0.000471,0.999944,0,0.40591,-0.39658,1.755,-0.040,-1,612.814,-1,680.277,-1,527.633,545.617,561.729,547.834,-1,-1,-1,-1,-1,-1,-1,-1,2,0,2,0,2,0,0,0,0,2,2,2,2,2,2,2,2
4,-6164.740,-2917.858,280.356,-177.978,-0.999304,0.035265,0.012183,-0.035276,-0.999377,-0.000688,0.012151,-0.001117,0.999926,0,0.40598,-0.39627,2.148,-0.043,-1,609.863,-1,679.820,-1,525.602,544.157,551.458,545.558,-1,-1,-1,-1,-1,-1,-1,-1,2,0,2,0,2,0,0,0,0,2,2,2,2,2,2,2,2
5,-6167.230,-2917.809,278.474,-178.023,-0.999340,0.034485,0.011388,-0.034500,-0.999404,-0.001117,0.011343,-0.001509,0.999935,0,0.40605,-0.39595,2.491,-0.045,-1,602.806,-1,672.635,-1,519.668,538.410,544.114,540.641,-1,-1,-1,-1,-1,-1,-1,-1,2,0,2,0,2,0,0,0,0,2,2,2,2,2,2,2,2
6,-6170.075,-2917.633,276.953,-178.070,-0.999397,0.033674,0.008497,-0.033675,-0.999433,-0.000020,0.008492,-0.000306,0.999964,0,0.40613,-0.39561,2.851,-0.047,-1,593.333,-1,660.046,-1,511.141,529.524,541.367,533.039,-1,-1,-1,-1,-1,-1,-1,-1,2,0,2,0,2,0,0,0,0,2,2,2,2,2,2,2,2
7,-6173.390,-2917.358,276.066,-178.125,-0.999450,0.032719,0.005373,-0.032710,-0.999463,0.001739,0.005427,0.001562,0.999984,0,0.40621,-0.39524,3.326,-0.055,-1,585.525,-1,648.166,-1,503.892,521.639,542.084,525.885,-1,-1,-1,-1,1007.108,-1,-1,-1,2,0,2,0,2,0,0,0,0,2,2,2,2,0,2,2,2
8,-6177.239,-2917.024,275.890,-178.194,-0.999498,0.031521,0.003218,-0.031510,-0.999497,0.003453,0.003326,0.003350,0.999989,0,0.40631,-0.39480,3.864,-0.069,-1,581.548,-1,640.777,-1,500.037,517.097,544.908,521.156,-1,-1,-1,-1,997.762,-1,-1,-1,2,0,2,0,2,0,0,0,0,2,2,2,2,0,2,2,2
9,-6181.614,-2916.662,276.324,-178.279,-0.999546,0.030044,0.002298,-0.030034,-0.999538,0.004589,0.002435,0.004518,0.999987,0,0.40644,-0.39424,4.390,-0.085,-1,581.283,-1,638.649,-1,499.628,516.132,548.274,519.688,-1,-1,-1,-1,996.487,-1,-1,-1,2,0,2,0,2,0,0,0,0,2,2,2,2,0,2,2,2
10,-6186.488,-2916.276,277.142,-178.380,-0.999597,0.028284,0.002448,-0.028272,-0.999588,0.005052,0.002590,0.004980,0.999984,0,0.40659,-0.39355,4.889,-0.101,-1,583.721,-1,640.675,-1,501.825,517.946,551.223,520.940,-1,-1,-1,-1,1001.210,-1,-1,-1,2,0,2,0,2,0,0,0,0,2,2,2,2,0,2,2,2
11,-6191.820,-2915.850,278.078,-178.502,-0.999653,0.026161,0.003181,-0.026145,-0.999646,0.005029,0.003311,0.004944,0.999982,0,0.40678,-0.39271,5.349,-0.122,-1,587.339,-1,644.531,-1,505.082,521.103,553.379,523.649,-1,-1,-1,-1,-1,-1,-1,-1,2,0,2,0,2,0,0,0,0,2,2,2,2,2,2,2,2
12,-6197.573,-2915.375,278.916,-178.638,-0.999709,0.023794,0.003961,-0.023774,-0.999705,0.004966,0.004078,0.004871,0.999980,0,0.40701,-0.39167,5.772,-0.136,-1,590.786,-1,648.239,-1,508.035,524.138,555.071,526.145,-1,-1,-1,-1,-1,-1,-1,-1,2,0,2,0,2,0,0,0,0,2,2,2,2,2,2,2,2
13,-6203.731,-2914.844,279.497,-178.781,-0.999763,0.021302,0.004571,-0.021279,-0.999761,0.005086,0.004679,0.004988,0.999977,0,0.40727,-0.39051,6.181,-0.143,-1,593.341,-1,650.676,-1,510.159,526.300,556.328,527.450,-1,-1,-1,-1,-1,-1,-1,-1,2,0,2,0,2,0,0,0,0,2,2,2,2,2,2,2,2
14,-6210.278,-2914.219,279.719,-178.940,-0.999816,0.018530,0.005031,-0.018504,-0.999815,0.005288,0.005128,0.005194,0.999973,0,0.40754,-0.38929,6.577,-0.159,-1,594.726,-1,651.671,-1,511.258,527.448,556.572,527.492,-1,-1,-1,-1,-1,-1,-1,-1,2,0,2,0,2,0,0,0,0,2,2,2,2,2,2,2,2
15,-6217.186,-2913.493,279.602,-179.119,-0.999868,0.015398,0.005223,-0.015369,-0.999867,0.005536,0.005308,0.005455,0.999971,0,0.40785,-0.38792,6.946,-0.180,-1,594.717,-1,651.008,-1,511.167,527.369,555.760,526.391,-1,-1,-1,-1,-1,-1,-1,-1,2,0,2,0,2,0,0,0,0,2,2,2,2,2,2,2,2
16,-6224.459,-2912.714,279.242,-179.303,-0.999912,0.012188,0.005154,-0.012157,-0.999908,0.005949,0.005226,0.005886,0.999969,0,0.40821,-0.38634,7.315,-0.184,-1,593.617,-1,648.888,-1,510.099,526.238,554.507,524.179,-1,-1,-1,-1,-1,-1,-1,-1,2,0,2,0,2,0,0,0,0,2,2,2,2,2,2,2,2
17,-6232.104,-2911.904,278.767,-179.490,-0.999948,0.008935,0.004897,-0.008905,-0.999941,0.006195,0.004952,0.006151,0.999969,0,0.40857,-0.38472,7.687,-0.186,-1,591.668,-1,646.111,-1,508.398,524.519,552.418,521.964,-1,-1,-1,-1,-1,-1,-1,-1,2,0,2,0,2,0,0,0,0,2,2,2,2,2,2,2,2
18,-6240.090,-2911.079,278.299,-179.675,-0.999974,0.005703,0.004506,-0.005674,-0.999964,0.006362,0.004543,0.006336,0.999970,0,0.40893,-0.38310,8.029,-0.185,-1,589.352,-1,643.291,-1,506.445,522.564,550.101,519.951,-1,-1,-1,-1,-1,-1,-1,-1,2,0,2,0,2,0,0,0,0,2,2,2,2,2,2,2,2
19,-6248.440,-2910.284,277.952,-179.849,-0.999988,0.002668,0.004126,-0.002642,-0.999976,0.006411,0.004143,0.006400,0.999971,0,0.40929,-0.38150,8.388,-0.174,-1,587.155,-1,640.925,-1,504.758,520.873,547.858,518.529,-1,-1,-1,-1,-1,-1,-1,-1,2,0,2,0,2,0,0,0,0,2,2,2,2,2,2,2,2
20,-6257.077,-2909.521,277.776,179.979,-0.999995,-0.000354,0.003032,0.000371,-0.999983,0.005852,0.003030,0.005853,0.999978,0,0.40961,-0.38004,8.670,-0.173,-1,583.491,-1,637.725,-1,502.097,518.385,544.595,518.794,-1,-1,-1,-1,1002.472,-1,-1,-1,2,0,2,0,2,0,0,0,0,2,2,2,2,0,2,2,2
21,-6266.058,-2908.765,277.773,179.808,-0.999993,-0.003344,0.001493,0.003352,-0.999981,0.005173,0.001476,0.005178,0.999986,0,0.49922,-0.09977,9.013,-0.171,-1,579.238,-1,634.018,-1,499.022,515.510,541.538,519.773,-1,-1,-1,-1,992.037,-1,-1,-1,2,0,2,0,2,0,0,0,0,2,2,2,2,0,2,2,2
22,-6275.514,-2907.985,277.913,179.645,-0.999981,-0.006202,0.000203,0.006203,-0.999968,0.004998,0.000172,0.005000,0.999987,0,0.49960,-0.09838,9.488,-0.163,-1,576.152,-1,630.948,-1,496.738,513.278,540.146,520.128,-1,-1,-1,-1,984.432,-1,-1,-1,2,0,2,0,2,0,0,0,0,2,2,2,2,0,2,2,2
23,-6285.477,-2907.167,278.122,179.488,-0.999960,-0.008945,-0.000461,0.008943,-0.999946,0.005295,-0.000508,0.005290,0.999986,0,0.49996,-0.09709,9.996,-0.157,-1,574.791,-1,629.231,-1,495.699,512.168,540.093,519.740,-1,-1,-1,-1,981.166,-1,-1,-1,2,0,2,0,2,0,0,0,0,2,2,2,2,0,2,2,2
24,-6295.932,-2906.309,278.341,179.337,-0.999933,-0.011583,-0.000575,0.011579,-0.999915,0.005989,-0.000644,0.005982,0.999982,0,0.50029,-0.09588,10.490,-0.151,-1,574.794,-1,628.552,-1,495.627,511.919,541.029,518.576,-1,-1,-1,-1,981.406,-1,-1,-1,2,0,2,0,2,0,0,0,0,2,2,2,2,0,2,2,2
25,-6306.829,-2905.419,278.567,179.190,-0.999900,-0.014135,-0.000331,0.014132,-0.999877,0.006856,-0.000428,0.006851,0.999976,0,0.50059,-0.09475,10.933,-0.146,-1,575.611,-1,628.599,-1,496.157,512.011,542.405,516.954,-1,-1,-1,-1,983.811,-1,-1,-1,2,0,2,0,2,0,0,0,0,2,2,2,2,0,2,2,2
26,-6318.124,-2904.542,278.807,179.059,-0.999865,-0.016418,0.000018,0.016417,-0.999835,0.007751,-0.000110,0.007751,0.999970,0,0.50088,-0.09369,11.329,-0.131,-1,576.630,-1,628.895,-1,496.713,512.217,543.901,515.216,-1,-1,-1,-1,986.780,-1,-1,-1,2,0,2,0,2,0,0,0,0,2,2,2,2,0,2,2,2
27,-6329.863,-2903.711,278.956,178.942,-0.999829,-0.018459,0.000551,0.018464,-0.999792,0.008621,0.000392,0.008629,0.999963,0,0.50112,-0.09281,11.769,-0.117,-1,577.712,-1,629.158,-1,497.292,512.495,545.059,513.252,-1,-1,-1,-1,989.995,-1,-1,-1,2,0,2,0,2,0,0,0,0,2,2,2,2,0,2,2,2
28,-6342.038,-2902.925,278.961,178.844,-0.999796,-0.020166,0.001189,0.020176,-0.999750,0.009648,0.000994,0.009670,0.999953,0,0.50132,-0.09209,12.200,-0.098,-1,578.688,-1,628.956,-1,497.724,512.554,546.141,510.533,-1,-1,-1,-1,993.279,-1,-1,-1,2,0,2,0,2,0,0,0,0,2,2,2,2,0,2,2,2
29,-6354.592,-2902.144,278.852,178.751,-0.999762,-0.021775,0.001541,0.021790,-0.999708,0.010481,0.001312,0.010512,0.999944,0,0.50145,-0.09161,12.579,-0.093,-1,578.649,-1,628.318,-1,497.369,511.865,546.294,507.847,-1,-1,-1,-1,994.080,-1,-1,-1,2,0,2,0,2,0,0,0,0,2,2,2,2,0,2,2,2
30,-6367.512,-2901.385,278.663,178.665,-0.999728,-0.023282,0.001316,0.023295,-0.999670,0.010820,0.001063,0.010847,0.999941,0,0.50156,-0.09120,12.942,-0.086,-1,576.771,-1,626.424,-1,495.754,510.066,544.938,505.869,-1,-1,-1,-1,990.520,-1,-1,-1,2,0,2,0,2,0,0,0,0,2,2,2,2,0,2,2,2
31,-6380.678,-2900.647,278.515,178.575,-0.999691,-0.024871,-0.000202,0.024867,-0.999637,0.010355,-0.000459,0.010347,0.999946,0,0.50165,-0.09088,13.187,-0.090,-1,571.756,-1,622.152,-1,491.936,506.289,541.565,505.758,-1,-1,-1,-1,979.068,-1,-1,-1,2,0,2,0,2,0,0,0,0,2,2,2,2,0,2,2,2
32,-6394.183,-2899.910,278.411,178.481,-0.999646,-0.026531,-0.002204,0.026509,-0.999601,0.009734,-0.002461,0.009672,0.999950,0,0.50174,-0.09054,13.525,-0.094,-1,565.761,-1,616.988,-1,487.390,501.823,537.838,506.095,-1,-1,-1,-1,965.137,-1,-1,-1,2,0,2,0,2,0,0,0,0,2,2,2,2,0,2,2,2
33,-6408.096,-2899.124,278.339,178.386,-0.999596,-0.028194,-0.003679,0.028159,-0.999560,0.009368,-0.003942,0.009261,0.999949,0,0.50184,-0.09018,13.935,-0.095,-1,561.097,-1,612.999,-1,483.822,498.300,534.860,506.035,-1,-1,-1,-1,954.590,-1,-1,-1,2,0,2,0,2,0,0,0,0,2,2,2,2,0,2,2,2
34,-6422.417,-2898.300,278.352,178.302,-0.999551,-0.029669,-0.004218,0.029627,-0.999514,0.009697,-0.004504,0.009568,0.999944,0,0.50193,-0.08984,14.345,-0.084,-1,558.936,-1,610.911,-1,482.032,496.571,533.905,504.851,-1,-1,-1,-1,950.156,-1,-1,-1,2,0,2,0,2,0,0,0,0,2,2,2,2,0,2,2,2
35,-6437.107,-2897.475,278.443,178.238,-0.999517,-0.030796,-0.004135,0.030751,-0.999471,0.010558,-0.004458,0.010426,0.999936,0,0.50199,-0.08962,14.713,-0.064,-1,558.479,-1,610.060,-1,481.431,495.761,534.548,502.748,-1,-1,-1,-1,949.620,-1,-1,-1,2,0,2,0,2,0,0,0,0,2,2,2,2,0,2,2,2
36,-6452.189,-2896.663,278.522,178.186,-0.999492,-0.031691,-0.003502,0.031648,-0.999430,0.011743,-0.003872,0.011627,0.999925,0,0.50199,-0.08963,15.104,-0.051,-1,559.270,-1,610.189,-1,481.641,495.659,535.975,499.746,-1,-1,-1,-1,952.353,-1,-1,-1,2,0,2,0,2,0,0,0,0,2,2,2,2,0,2,2,2
37,-6467.619,-2895.847,278.518,178.146,-0.999472,-0.032388,-0.002533,0.032352,-0.999389,0.013266,-0.002962,0.013177,0.999909,0,0.50194,-0.08979,15.452,-0.040,-1,560.745,-1,610.335,-1,482.265,495.827,538.020,495.869,-1,-1,-1,-1,957.030,-1,-1,-1,2,0,2,0,2,0,0,0,0,2,2,2,2,0,2,2,2
38,-6483.368,-2895.052,278.442,178.118,-0.999458,-0.032873,-0.001848,0.032842,-0.999354,0.014592,-0.002327,0.014523,0.999892,0,0.50186,-0.09009,15.769,-0.028,-1,561.286,-1,609.967,-1,482.192,495.365,539.319,492.155,-1,-1,-1,-1,959.545,-1,-1,-1,2,0,2,0,2,0,0,0,0,2,2,2,2,0,2,2,2
39,-6499.296,-2894.270,278.413,178.081,-0.999435,-0.033522,-0.002507,0.033480,-0.999326,0.015039,-0.003009,0.014947,0.999884,0,0.50174,-0.09054,15.947,-0.037,-1,558.573,-1,607.248,-1,479.899,492.933,538.396,490.388,-1,-1,-1,-1,953.868,-1,-1,-1,2,0,2,0,2,0,0,0,0,2,2,2,2,0,2,2,2
40,-6515.526,-2893.484,278.376,178.034,-0.999403,-0.034360,-0.003485,0.034304,-0.999298,0.015038,-0.003999,0.014909,0.999881,0,0.50164,-0.09093,16.249,-0.047,-1,554.905,-1,604.127,-1,477.012,490.038,536.266,489.617,-1,-1,-1,-1,945.819,-1,-1,-1,2,0,2,0,2,0,0,0,0,2,2,2,2,0,2,2,2
41,-6532.112,-2892.703,278.354,177.993,-0.999377,-0.035081,-0.003855,0.035019,-0.999272,0.015159,-0.004384,0.015015,0.999878,0,0.50155,-0.09123,16.604,-0.041,-1,552.555,-1,602.378,-1,475.138,488.334,534.566,488.664,-1,-1,-1,-1,940.944,-1,-1,-1,2,0,2,0,2,0,0,0,0,2,2,2,2,0,2,2,2
42,-6549.020,-2891.948,278.360,177.973,-0.999365,-0.035433,-0.003728,0.035371,-0.999250,0.015751,-0.004283,0.015609,0.999869,0,0.50145,-0.09162,16.925,-0.020,-1,551.489,-1,601.462,-1,474.129,487.456,534.169,486.899,-1,-1,-1,-1,938.987,-1,-1,-1,2,0,2,0,2,0,0,0,0,2,2,2,2,0,2,2,2
43,-6566.227,-2891.221,278.358,177.961,-0.999358,-0.035645,-0.003481,0.035583,-0.999233,0.016328,-0.004060,0.016194,0.999861,0,0.50127,-0.09226,17.223,-0.012,-1,550.627,-1,600.795,-1,473.229,486.467,533.717,485.040,-1,-1,-1,-1,937.477,-1,-1,-1,2,0,2,0,2,0,0,0,0,2,2,2,2,0,2,2,2
44,-6583.593,-2890.433,278.430,177.962,-0.999364,-0.035605,-0.001951,0.035563,-0.999203,0.018144,-0.002596,0.018063,0.999833,0,0.50107,-0.09300,17.384,0.001,-1,553.302,-1,602.271,-1,474.696,487.440,536.658,480.859,-1,-1,-1,-1,945.200,-1,-1,-1,2,0,2,0,2,0,0,0,0,2,2,2,2,0,2,2,2
45,-6601.112,-2889.475,278.936,177.970,-0.999372,-0.035374,0.002282,0.035416,-0.999124,0.022293,0.001491,0.022360,0.999749,0,0.68590,-0.35234,17.545,0.008,-1,564.101,-1,608.748,-1,481.847,493.385,547.256,473.766,-1,-1,-1,-1,973.403,-1,-1,-1,2,0,2,0,2,0,0,0,0,2,2,2,2,0,2,2,2
46,-6618.943,-2888.362,280.040,177.944,-0.999328,-0.035665,0.008470,0.035877,-0.999010,0.026314,0.007523,0.026601,0.999618,0,0.68555,-0.35329,17.866,-0.026,-1,580.700,-1,621.617,-1,493.816,504.238,560.132,468.982,-1,-1,-1,-1,-1,-1,-1,-1,2,0,2,0,2,0,0,0,0,2,2,2,2,2,2,2,2
47,-6636.853,-2887.423,282.226,177.869,-0.999147,-0.036702,0.018929,0.037171,-0.998995,0.025026,0.017991,0.025708,0.999508,0,0.68532,-0.35389,17.934,-0.074,-1,607.201,-1,653.173,-1,515.576,527.115,564.292,476.647,-1,-1,-1,-1,-1,-1,-1,-1,2,0,2,0,2,0,0,0,0,2,2,2,2,2,2,2,2
48,-6654.957,-2886.988,285.269,177.834,-0.998801,-0.037172,0.031853,0.037779,-0.999111,0.018690,0.031130,0.019871,0.999318,0,0.68526,-0.35405,18.109,-0.036,-1,639.696,-1,697.969,-1,543.869,557.800,559.294,495.865,-1,-1,-1,-1,-1,-1,-1,-1,2,0,2,0,2,0,0,0,0,2,2,2,2,2,2,2,2
49,-6673.099,-2886.829,288.549,177.790,-0.998347,-0.038121,0.043012,0.038520,-0.999222,0.008492,0.042655,0.010134,0.999038,0,0.68501,-0.35471,18.142,-0.043,-1,667.036,-1,744.995,-1,570.497,588.645,545.642,522.865,-1,-1,-1,-1,-1,-1,-1,-1,2,0,2,0,2,0,0,0,0,2,2,2,2,2,2,2,2
50,-6691.122,-2888.018,291.373,178.080,-0.998175,-0.033202,0.050442,0.033463,-0.999431,0.004339,0.050269,0.006019,0.998718,0,0.68477,-0.35537,18.063,0.290,-1,687.554,-1,774.102,-1,588.911,608.457,544.204,538.029,-1,-1,-1,-1,-1,-1,-1,-1,2,0,2,0,2,0,0,0,0,2,2,2,2,2,2,2,2
51,-6709.209,-2889.435,293.474,178.480,-0.998155,-0.026277,0.054736,0.026486,-0.999644,0.003091,0.054635,0.004535,0.998496,0,0.68319,-0.35960,18.142,0.400,-1,699.796,-1,789.187,-1,598.911,619.016,546.386,545.841,-1,-1,-1,-1,-1,-1,-1,-1,2,0,2,0,2,0,0,0,0,2,2,2,2,2,2,2,2
52,-6727.357,-2890.884,294.792,178.895,-0.998239,-0.019000,0.056202,0.019251,-0.999807,0.003927,0.056116,0.005002,0.998412,0,0.68117,-0.36500,18.206,0.415,-1,704.075,-1,791.821,-1,601.528,621.453,550.315,548.064,-1,-1,-1,-1,-1,-1,-1,-1,2,0,2,0,2,0,0,0,0,2,2,2,2,2,2,2,2
53,-6745.647,-2892.298,295.208,179.303,-0.998374,-0.011780,0.055773,0.012154,-0.999906,0.006368,0.055693,0.007035,0.998423,0,0.67909,-0.37057,18.345,0.407,-1,702.114,-1,784.658,-1,598.370,617.529,554.870,544.592,-1,-1,-1,-1,-1,-1,-1,-1,2,0,2,0,2,0,0,0,0,2,2,2,2,2,2,2,2
54,-6767.769,-2892.511,294.557,179.382,-0.998526,-0.010518,0.053240,0.010769,-0.999932,0.004442,0.053190,0.005009,0.998572,0,0.67703,-0.37609,22.123,0.080,-1,688.567,-1,772.594,-1,588.215,607.900,545.391,545.919,-1,-1,-1,-1,-1,-1,-1,-1,2,0,2,0,2,0,0,0,0,2,2,2,2,2,2,2,2
55,-6782.603,-2891.876,293.450,179.231,-0.998657,-0.013305,0.050073,0.013403,-0.999909,0.001614,0.050047,0.002282,0.998744,0,0.67618,-0.37838,14.848,-0.151,-1,673.393,-1,760.395,-1,577.321,597.764,533.426,547.568,-1,-1,-1,-1,-1,-1,-1,-1,2,0,2,0,2,0,0,0,0,2,2,2,2,2,2,2,2
56,-6801.048,-2890.348,291.333,178.877,-0.998859,-0.019668,0.043509,0.019581,-0.999805,-0.002421,0.043548,-0.001567,0.999050,0,0.46157,-0.45978,18.509,-0.354,-1,646.876,-1,737.206,-1,557.656,579.088,515.205,548.283,-1,-1,-1,-1,-1,-1,-1,-1,2,0,2,0,2,0,0,0,0,2,2,2,2,2,2,2,2
57,-6819.271,-2888.182,288.452,178.423,-0.999063,-0.027676,0.033283,0.027509,-0.999607,-0.005476,0.033421,-0.004555,0.999431,0,0.46223,-0.45719,18.350,-0.454,-1,611.989,-1,702.398,-1,530.581,552.565,495.842,544.793,-1,-1,-1,-1,-1,-1,-1,-1,2,0,2,0,2,0,0,0,0,2,2,2,2,2,2,2,2
58,-6837.368,-2885.411,285.175,177.927,-0.999115,-0.036258,0.021341,0.036169,-0.999335,-0.004560,0.021492,-0.003784,0.999762,0,0.46318,-0.45347,18.308,-0.496,-1,576.632,-1,660.811,-1,501.348,522.562,482.973,532.458,-1,-1,-1,-1,-1,-1,-1,-1,2,0,2,0,2,0,0,0,0,2,2,2,2,2,2,2,2
59,-6855.487,-2881.840,281.876,177.391,-0.998901,-0.045483,0.011297,0.045512,-0.998961,0.002298,0.011180,0.002810,0.999934,0,0.46426,-0.44922,18.468,-0.535,-1,550.091,-1,621.147,-1,477.079,495.706,482.143,509.774,-1,-1,-1,-1,952.379,-1,-1,-1,2,0,2,0,2,0,0,0,0,2,2,2,2,0,2,2,2
60,-6873.417,-2877.145,278.834,176.770,-0.998404,-0.056283,0.004699,0.056344,-0.998313,0.014027,0.003902,0.014270,0.999891,0,0.46548,-0.44443,18.535,-0.621,-1,534.381,-1,587.819,-1,460.105,474.719,492.623,480.128,-1,-1,-1,-1,917.582,-1,-1,995.631,2,0,2,0,2,0,0,0,0,2,2,2,2,0,2,2,1
61,-6890.587,-2871.967,277.008,176.182,-0.997778,-0.066484,0.004458,0.066587,-0.997346,0.029435,0.002490,0.029666,0.999557,0,0.46698,-0.43856,17.933,-0.588,-1,535.594,-1,568.668,-1,455.870,465.418,517.106,449.264,-1,-1,-1,-1,926.415,974.978,-1,967.056,2,0,2,0,2,0,0,0,0,2,2,2,2,0,0,2,1
62,-6907.631,-2866.616,277.132,175.564,-0.996961,-0.076852,0.012774,0.077344,-0.996033,0.043999,0.009342,0.044853,0.998950,0,0.46842,-0.43289,17.864,-0.618,-1,558.788,-1,571.999,-1,468.773,473.513,550.328,426.336,-1,-1,-1,-1,993.490,985.090,-1,938.541,2,0,2,0,2,0,0,0,0,2,2,2,2,0,0,2,1
63,-6924.498,-2860.577,279.008,174.755,-0.995614,-0.090223,0.024769,0.091404,-0.994475,0.051625,0.019974,0.053662,0.998359,0,0.46995,-0.42687,17.916,-0.809,-1,592.498,-1,593.006,-1,491.304,492.781,575.666,418.479,-1,-1,-1,-1,-1,992.077,-1,907.151,2,0,2,0,2,0,0,0,0,2,2,2,2,2,1,2,1
64,-6941.591,-2854.659,281.763,173.961,-0.993979,-0.103228,0.036729,0.105149,-0.992941,0.054889,0.030803,0.058420,0.997817,0,0.47201,-0.41879,18.088,-0.793,-1,628.250,-1,620.434,-1,515.818,515.388,594.214,418.849,-1,-1,-1,-1,-1,960.645,-1,877.204,2,0,2,0,2,0,0,0,0,2,2,2,2,2,1,2,1
65,-6958.930,-2849.677,284.688,173.367,-0.992620,-0.113115,0.043708,0.115436,-0.991800,0.054836,0.037146,0.059477,0.997538,0,0.47402,-0.41091,18.041,-0.595,-1,651.493,-1,640.864,-1,532.568,531.299,602.997,424.694,-1,-1,-1,-1,-1,934.348,-1,-1,2,0,2,0,2,0,0,0,0,2,2,2,2,2,1,2,2
66,-6976.413,-2845.312,287.284,172.883,-0.991553,-0.121529,0.045324,0.123803,-0.990981,0.051285,0.038683,0.056463,0.997655,0,0.47547,-0.40523,18.020,-0.484,-1,658.711,-1,652.057,-1,539.169,538.678,599.020,435.519,-1,-1,-1,-1,-1,910.992,-1,-1,2,0,2,0,2,0,0,0,0,2,2,2,2,2,1,2,2
67,-6994.052,-2841.351,289.200,172.463,-0.990669,-0.129102,0.043673,0.131071,-0.990320,0.045689,0.037351,0.050987,0.998001,0,0.47660,-0.40079,18.079,-0.420,-1,654.618,-1,656.261,-1,538.320,539.517,586.273,448.566,-1,-1,-1,-1,-1,889.394,-1,-1,2,0,2,0,2,0,0,0,0,2,2,2,2,2,1,2,2
68,-7011.897,-2837.568,290.207,172.063,-0.989824,-0.136439,0.040420,0.137998,-0.989678,0.038659,0.034728,0.043844,0.998435,0,0.47754,-0.39709,18.242,-0.400,-1,643.505,-1,656.236,-1,532.804,536.263,566.743,462.296,-1,-1,-1,-1,-1,868.505,-1,-1,2,0,2,0,2,0,0,0,0,2,2,2,2,2,1,2,2
69,-7029.968,-2833.833,290.127,171.669,-0.988944,-0.143675,0.036714,0.144823,-0.988979,0.030786,0.031886,0.035763,0.998851,0,0.47842,-0.39365,18.452,-0.394,-1,628.308,-1,653.416,-1,524.381,530.409,543.100,475.446,-1,-1,-1,-1,-1,847.942,-1,-1,2,0,2,0,2,0,0,0,0,2,2,2,2,2,1,2,2
70,-7048.283,-2830.097,288.889,171.286,-0.988032,-0.150656,0.033094,0.151434,-0.988214,0.022392,0.029330,0.027135,0.999201,0,0.47927,-0.39029,18.692,-0.383,-1,610.460,-1,648.464,-1,513.875,522.659,516.038,487.470,-1,-1,-1,-1,-1,827.730,-1,-1,2,0,2,0,2,0,0,0,0,2,2,2,2,2,1,2,2
71,-7066.716,-2826.088,286.656,170.869,-0.986974,-0.158160,0.029446,0.158635,-0.987230,0.014541,0.026770,0.019022,0.999461,0,0.48009,-0.38709,18.865,-0.417,-1,590.884,-1,640.463,-1,501.409,512.820,488.809,497.068,-1,-1,-1,-1,-1,807.022,-1,-1,2,0,2,0,2,0,0,0,0,2,2,2,2,2,1,2,2
72,-7085.152,-2821.515,284.099,170.423,-0.985768,-0.166006,0.026536,0.166329,-0.986015,0.010437,0.024432,0.014702,0.999593,0,0.48100,-0.38349,18.994,-0.446,-1,574.061,-1,629.341,-1,489.344,502.214,470.286,499.264,-1,-1,-1,-1,-1,785.700,-1,-1,2,0,2,0,2,0,0,0,0,2,2,2,2,2,1,2,2
73,-7103.480,-2816.182,281.692,169.927,-0.984334,-0.174550,0.024872,0.174866,-0.984529,0.011170,0.022537,0.015344,0.999628,0,0.48202,-0.37950,19.089,-0.496,-1,562.439,-1,616.206,-1,479.351,492.083,461.723,492.290,-1,-1,-1,-1,1003.026,763.339,-1,-1,2,0,2,0,2,0,0,0,0,2,2,2,2,0,1,2,2
74,-7121.800,-2810.426,279.749,169.484,-0.983005,-0.182023,0.023867,0.182465,-0.983050,0.017857,0.020212,0.021908,0.999556,0,0.48321,-0.37485,19.202,-0.442,-1,555.027,-1,599.009,-1,470.610,481.268,465.722,475.734,-1,-1,-1,-1,987.371,741.553,-1,-1,2,0,2,0,2,0,0,0,0,2,2,2,2,0,1,2,2
75,-7140.262,-2804.283,278.646,169.065,-0.981668,-0.189043,0.024288,0.189656,-0.981504,0.026076,0.018909,0.030205,0.999365,0,0.48428,-0.37065,19.457,-0.419,-1,552.715,-1,585.399,-1,465.621,473.652,475.843,459.435,-1,-1,-1,-1,984.729,719.759,-1,-1,2,0,2,0,2,0,0,0,0,2,2,2,2,0,1,2,2
76,-7158.939,-2798.043,278.520,168.644,-0.980250,-0.196080,0.025726,0.196861,-0.979894,0.032468,0.018842,0.036892,0.999142,0,0.48530,-0.36661,19.692,-0.421,-1,554.323,-1,578.506,-1,464.547,470.338,485.932,448.961,-1,-1,-1,-1,991.047,697.873,-1,-1,2,0,2,0,2,0,0,0,0,2,2,2,2,0,1,2,2
77,-7177.630,-2791.663,279.389,168.183,-0.978634,-0.203875,0.026655,0.204756,-0.978148,0.036067,0.018719,0.040754,0.998994,0,0.48634,-0.36256,19.750,-0.462,-1,556.946,-1,576.292,-1,464.978,469.668,493.404,445.693,-1,-1,-1,-1,996.501,675.551,-1,-1,2,0,2,0,2,0,0,0,0,2,2,2,2,0,1,2,2
78,-7196.519,-2785.220,280.778,167.721,-0.976950,-0.211705,0.027365,0.212635,-0.976419,0.037304,0.018822,0.042263,0.998929,0,0.48748,-0.35806,19.957,-0.462,-1,559.724,-1,577.530,-1,466.453,470.796,497.730,447.508,-1,-1,-1,-1,1001.112,653.291,-1,-1,2,0,2,0,2,0,0,0,0,2,2,2,2,0,1,2,2
79,-7215.566,-2778.634,282.320,167.238,-0.975117,-0.219923,0.027945,0.220861,-0.974615,0.036684,0.019169,0.041943,0.998936,0,0.48862,-0.35358,20.153,-0.483,-1,561.769,-1,580.985,-1,468.362,472.977,499.038,453.147,-1,-1,-1,-1,1004.465,630.841,-1,-1,2,0,2,0,2,0,0,0,0,2,2,2,2,0,1,2,2
80,-7238.520,-2770.624,284.175,166.661,-0.972831,-0.229765,0.028423,0.230673,-0.972423,0.034397,0.019735,0.040019,0.999004,0,0.48982,-0.34886,24.311,-0.577,-1,563.543,-1,586.796,-1,470.697,476.198,497.540,462.774,-1,-1,-1,-1,1004.612,604.153,-1,-1,2,0,2,0,2,0,0,0,0,2,2,2,2,0,1,2,2
81,-7253.918,-2765.177,285.136,166.277,-0.971261,-0.236289,0.028622,0.237176,-0.970905,0.033038,0.019983,0.038877,0.999044,0,0.49126,-0.34321,16.334,-0.383,-1,563.843,-1,589.520,-1,471.495,477.575,496.065,468.276,-1,-1,-1,-1,1002.159,586.449,-1,-1,2,0,2,0,2,0,0,0,0,2,2,2,2,0,1,2,2
82,-7273.286,-2758.232,285.937,165.812,-0.969299,-0.244180,0.028907,0.245056,-0.968978,0.032079,0.020178,0.038178,0.999067,0,0.49222,-0.33945,20.575,-0.465,-1,563.461,-1,590.998,-1,471.511,478.098,494.631,472.894,-1,-1,-1,-1,998.235,564.490,-1,-1,2,0,2,0,2,0,0,0,0,2,2,2,2,0,1,2,2
83,-7292.748,-2750.907,286.363,165.309,-0.967116,-0.252694,0.028863,0.253548,-0.966819,0.031218,0.020016,0.037509,0.999096,0,0.70148,-0.48336,20.795,-0.503,-1,561.461,-1,572.452,-1,470.228,477.299,492.178,476.426,-1,-1,-1,-1,990.628,542.031,-1,-1,2,0,2,1,2,0,0,0,0,2,2,2,2,0,1,2,2
84,-7312.384,-2742.984,286.424,164.736,-0.964524,-0.262381,0.029155,0.263220,-0.964267,0.030082,0.020220,0.036689,0.999122,0,0.70330,-0.47832,21.174,-0.574,-1,559.326,740.097,547.529,-1,468.891,476.514,488.409,479.260,-1,-1,-1,-1,983.012,518.581,-1,-1,2,0,1,1,2,0,0,0,0,2,2,2,2,0,1,2,2
85,-7331.872,-2734.164,286.289,164.004,-0.961082,-0.274713,0.029244,0.275520,-0.960873,0.028485,0.020275,0.035434,0.999166,0,0.70543,-0.47245,21.391,-0.732,-1,556.227,701.836,520.772,-1,467.190,475.528,484.061,482.151,-1,-1,-1,-1,974.672,493.414,-1,-1,2,0,1,1,2,0,0,0,0,2,2,2,2,0,1,2,2
86,-7351.309,-2724.617,286.032,163.196,-0.957105,-0.288251,0.029331,0.289039,-0.956921,0.027523,0.020134,0.034821,0.999191,0,0.70821,-0.46477,21.654,-0.808,-1,552.827,662.450,493.235,-1,465.202,474.078,481.132,483.481,-1,-1,-1,-1,965.938,467.434,-1,-1,2,0,1,1,2,0,0,0,0,2,2,2,2,0,1,2,2
87,-7370.723,-2714.567,285.807,162.360,-0.952807,-0.302179,0.029090,0.302972,-0.952576,0.028390,0.019132,0.035864,0.999174,0,0.71133,-0.45616,21.861,-0.836,-1,548.908,622.985,465.618,-1,462.307,471.153,481.339,481.837,-1,-1,-1,-1,954.449,441.201,-1,-1,2,0,1,1,2,0,0,0,0,2,2,2,2,0,1,2,2
88,-7389.599,-2703.564,285.743,161.381,-0.947526,-0.318492,0.027505,0.319236,-0.947230,0.029061,0.016798,0.036317,0.999199,0,0.71460,-0.44713,21.849,-0.980,-1,543.124,581.781,436.863,-1,458.058,467.111,480.367,481.294,-1,-1,-1,-1,937.846,413.860,-1,-1,2,0,1,1,2,0,0,0,0,2,2,2,2,0,1,2,2
89,-7408.359,-2691.842,285.794,160.359,-0.941705,-0.335342,0.027174,0.336082,-0.941357,0.029936,0.015541,0.037324,0.999182,0,0.71850,-0.43638,22.122,-1.021,-1,540.407,540.845,407.773,-1,455.989,465.185,481.317,480.148,-1,-1,-1,-1,931.576,386.248,-1,-1,2,0,1,1,2,0,0,0,0,2,2,2,2,0,1,2,2
90,-7426.724,-2679.344,286.123,159.231,-0.934914,-0.353805,0.027540,0.354560,-0.934536,0.030489,0.014950,0.038269,0.999156,0,0.72262,-0.42500,22.213,-1.128,-1,540.092,499.566,578.648,-1,455.925,465.245,482.923,479.746,-1,-1,-1,-1,930.073,-1,-1,-1,2,0,1,0,2,0,0,0,0,2,2,2,2,0,2,2,2
91,-7443.891,-2665.824,286.630,157.940,-0.926704,-0.374826,0.026927,0.375546,-0.926310,0.030250,0.013604,0.038145,0.999180,0,0.72145,-0.41231,21.852,-1.291,-1,538.559,457.725,578.460,-1,455.554,445.695,482.582,481.287,-1,-1,-1,-1,925.541,-1,-1,-1,2,0,1,0,2,0,1,0,0,2,2,2,2,0,2,2,2
92,-7461.131,-2651.975,287.146,156.699,-0.918351,-0.394726,0.028679,0.395525,-0.917910,0.031633,0.013839,0.040393,0.999088,0,0.71612,-0.39760,22.114,-1.241,-1,542.035,417.859,579.640,-1,458.048,403.721,487.331,479.141,-1,-1,-1,-1,934.692,-1,-1,-1,2,0,1,0,2,0,1,0,0,2,2,2,2,0,2,2,2
93,-7477.897,-2637.727,287.731,155.425,-0.909333,-0.414972,0.030205,0.415840,-0.908845,0.032824,0.013831,0.042408,0.999005,0,0.46916,0.20457,22.003,-1.274,-1,545.425,379.233,580.880,-1,460.602,363.119,492.152,477.522,-1,-1,-1,-1,943.389,-1,-1,-1,2,0,1,0,2,0,1,0,0,2,2,2,2,0,2,2,2
94,-7494.423,-2623.370,288.191,154.209,-0.900302,-0.434065,0.032308,0.435043,-0.899734,0.034864,0.013935,0.045443,0.998870,0,0.46562,0.21939,21.891,-1.216,-1,549.433,342.679,581.358,-1,448.309,324.742,498.806,473.913,-1,-1,-1,-1,592.056,-1,-1,-1,2,0,1,0,2,1,1,0,0,2,2,2,2,1,2,2,2
95,-7511.262,-2609.069,288.467,153.150,-0.892091,-0.450416,0.036036,0.451597,-0.891438,0.037399,0.015278,0.049637,0.998650,0,0.46219,0.23373,22.092,-1.059,-1,555.997,308.685,582.220,-1,407.583,288.771,506.827,468.301,-1,-1,-1,-1,530.795,-1,-1,-1,2,0,1,0,2,1,1,0,0,2,2,2,2,1,2,2,2
96,-7528.192,-2594.754,288.652,152.198,-0.884437,-0.464936,0.040073,0.466341,-0.883742,0.039060,0.017254,0.053234,0.998433,0,0.45914,0.24649,22.171,-0.952,-1,504.051,276.616,583.893,-1,369.146,254.550,513.723,463.777,-1,-1,-1,-1,475.075,-1,-1,-1,2,1,1,0,2,1,1,0,0,2,2,2,2,1,2,2,2
97,-7548.567,-2577.750,288.849,151.124,-0.875511,-0.481271,0.043114,0.482839,-0.874809,0.039684,0.018617,0.055561,0.998282,0,0.45634,0.25823,26.539,-1.075,-1,438.231,239.939,584.879,-1,325.260,481.135,518.015,461.623,-1,-1,-1,-1,413.287,-1,-1,-1,2,1,1,0,2,1,0,0,0,2,2,2,2,1,2,2,2
98,-7562.195,-2566.522,289.013,150.450,-0.869774,-0.491545,0.043324,0.493103,-0.869100,0.038915,0.018525,0.055210,0.998303,0,0.45313,0.27164,17.657,-0.674,-1,397.254,216.471,585.093,-1,297.246,481.666,516.456,463.181,-1,-1,-1,-1,374.803,-1,-1,-1,2,1,1,0,2,1,0,0,0,2,2,2,2,1,2,2,2
99,-7579.416,-2552.629,289.272,149.702,-0.863268,-0.502891,0.043245,0.504410,-0.862648,0.037544,0.018424,0.054223,0.998359,0,0.45109,0.28016,22.126,-0.748,-1,349.497,188.325,585.757,-1,263.814,481.604,513.912,465.845,-1,-1,-1,-1,329.928,-1,-1,-1,2,1,1,0,2,1,0,0,0,2,2,2,2,1,2,2,2
100,-7596.920,-2538.861,289.516,149.059,-0.857542,-0.512564,0.043593,0.514072,-0.856980,0.036264,0.018771,0.053507,0.998391,0,0.44878,0.28984,22.271,-0.644,-1,304.897,161.235,586.274,-1,231.850,482.252,511.557,468.168,-1,-1,-1,-1,287.983,-1,476.916,-1,2,1,1,0,2,1,0,0,0,2,2,2,2,1,2,1,2
101,-7614.795,-2525.288,289.775,148.550,-0.852927,-0.520093,0.044931,0.521653,-0.852420,0.035469,0.019853,0.053691,0.998360,0,0.44672,0.29848,22.444,-0.509,-1,263.375,135.209,587.511,-1,201.423,483.827,511.333,469.235,-1,-1,-1,-1,248.893,-1,439.340,-1,2,1,1,0,2,1,0,0,0,2,2,2,2,1,2,1,2
102,-7632.813,-2511.818,290.129,148.113,-0.848900,-0.526527,0.046225,0.528132,-0.848464,0.034432,0.021091,0.053643,0.998337,0,0.44499,0.30572,22.496,-0.437,-1,223.744,109.859,590.103,-1,171.942,485.418,511.034,470.985,-1,-1,-1,-1,211.557,-1,403.631,-1,2,1,1,0,2,1,0,0,0,2,2,2,2,1,2,1,2
103,-7651.127,-2498.283,290.593,147.756,-0.845564,-0.531707,0.048065,0.533379,-0.845227,0.033139,0.023006,0.053658,0.998294,0,0.81149,0.50200,22.773,-0.356,-1,185.517,84.929,594.369,-1,143.120,488.112,510.595,473.104,-1,-1,-1,-1,175.529,-1,369.443,-1,2,1,1,0,2,1,0,0,0,2,2,2,2,1,2,1,2
104,-7669.568,-2484.051,291.050,147.302,-0.841259,-0.538386,0.049234,0.540037,-0.841112,0.029830,0.025351,0.051683,0.998342,0,0.80897,0.50777,23.294,-0.454,-1,146.121,59.268,600.561,-1,113.277,491.965,505.962,478.222,-1,-1,-1,-1,138.406,-1,333.525,-1,2,1,1,0,2,1,0,0,0,2,2,2,2,1,2,1,2
105,-7688.164,-2469.392,291.509,146.801,-0.836459,-0.545740,0.050051,0.547345,-0.836487,0.026513,0.027398,0.049572,0.998395,0,0.80592,0.51475,23.679,-0.501,-1,106.478,-1,606.646,-1,82.981,494.995,501.277,483.680,-1,-1,-1,-1,100.960,-1,296.933,-1,2,1,2,0,2,1,0,0,0,2,2,2,2,1,2,1,2
106,-7706.778,-2454.296,292.056,146.277,-0.831377,-0.553377,0.050847,0.554951,-0.831538,0.023974,0.029014,0.048149,0.998419,0,0.80259,0.52237,23.967,-0.524,-1,66.863,-1,611.352,-1,52.391,497.658,497.913,488.171,-1,-1,-1,-1,63.449,-1,260.085,-1,2,1,2,0,2,1,0,0,0,2,2,2,2,1,2,1,2
107,-7725.617,-2438.933,292.621,145.801,-0.826717,-0.560202,0.052081,0.561815,-0.826936,0.023256,0.030039,0.048486,0.998372,0,0.79907,0.53041,24.309,-0.476,308.142,27.705,-1,613.266,-1,21.814,499.207,498.360,489.661,-1,-1,-1,-1,26.301,-1,223.872,-1,1,1,2,0,2,1,0,0,0,2,2,2,2,1,2,1,2
108,-7744.920,-2423.447,293.110,145.450,-0.823226,-0.565035,0.055091,0.566851,-0.823444,0.024902,0.031294,0.051728,0.998171,0,0.79571,0.53809,24.748,-0.351,259.160,289.974,-1,613.548,-1,161.091,500.186,504.169,485.039,-1,-1,-1,-1,274.426,-1,189.042,-1,1,1,2,0,2,1,0,0,0,2,2,2,2,1,2,1,2
109,-7764.691,-2408.016,293.618,145.240,-0.821125,-0.567710,0.058817,0.569841,-0.821264,0.028413,0.032173,0.056847,0.997864,0,0.79287,0.54460,25.079,-0.209,212.979,254.487,-1,611.079,-1,113.566,499.565,513.404,477.409,-1,-1,-1,-1,240.811,-1,155.729,-1,1,1,2,0,2,1,0,0,0,2,2,2,2,1,2,1,2
110,-7785.032,-2392.667,294.142,145.144,-0.820154,-0.568776,0.061980,0.571209,-0.820184,0.031907,0.032687,0.061572,0.997567,0,0.79063,0.54970,25.483,-0.096,168.651,219.654,-1,607.693,-1,70.620,498.025,522.104,470.612,-1,-1,-1,-1,207.803,-1,123.454,-1,1,1,2,0,2,1,0,0,0,2,2,2,2,1,2,1,2
111,-7803.440,-2379.729,294.733,145.655,-0.825312,-0.561365,0.061077,0.563938,-0.824928,0.038304,0.028881,0.066056,0.997398,0,0.78889,0.55368,22.500,0.511,138.276,193.079,-1,592.704,-1,50.426,488.207,532.020,463.792,-1,-1,-1,-1,182.391,-1,100.656,-1,1,1,2,0,2,1,0,0,0,2,2,2,2,1,2,1,2
112,-7811.483,-2372.276,295.406,147.051,-0.839091,-0.542356,0.042156,0.543855,-0.838094,0.042674,0.012186,0.058734,0.998199,0,0.79003,0.55107,10.966,1.396,137.880,186.893,-1,557.376,-1,71.801,459.545,516.549,473.973,-1,-1,-1,-1,175.843,1003.930,98.767,-1,1,1,2,0,2,1,0,0,0,2,2,2,2,1,0,1,2
113,-7812.536,-2366.895,296.495,148.584,-0.853393,-0.521000,0.016709,0.521237,-0.852557,0.038201,-0.005658,0.041310,0.999130,0,0.79540,0.53879,5.483,1.533,151.396,191.161,-1,530.589,-1,110.764,434.299,484.629,503.526,-1,-1,-1,-1,179.249,933.233,106.359,-1,1,1,2,0,2,1,0,0,0,2,2,2,2,1,0,1,2
114,-7811.653,-2360.781,297.985,150.159,-0.867324,-0.497743,-0.001232,0.497543,-0.867040,0.026319,-0.014168,0.022214,0.999653,0,0.45200,-0.08938,6.177,1.575,169.324,198.293,-1,525.874,-1,153.868,425.604,455.683,540.202,-1,-1,-1,-1,185.797,920.882,116.362,-1,1,1,2,0,2,1,0,0,0,2,2,2,2,1,0,1,2
115,-7811.471,-2354.196,299.514,151.510,-0.878843,-0.477092,-0.004303,0.476974,-0.878771,0.016016,-0.011423,0.012023,0.999862,0,0.45539,-0.10311,6.588,1.351,183.532,203.083,-1,538.738,-1,163.504,432.383,444.712,562.687,-1,-1,-1,-1,190.550,953.578,123.605,-1,1,1,2,0,2,1,0,0,0,2,2,2,2,1,0,1,2
116,-7812.100,-2347.822,300.751,152.614,-0.887930,-0.459945,0.005574,0.459978,-0.887856,0.011515,-0.000348,0.012788,0.999918,0,0.45820,-0.11450,6.404,1.104,193.274,205.336,-1,561.911,-1,163.550,449.706,451.961,564.203,-1,-1,-1,-1,193.119,-1,127.932,-1,1,1,2,0,2,1,0,0,0,2,2,2,2,1,2,1,2
117,-7812.834,-2341.270,301.360,153.635,-0.895867,-0.443762,0.022307,0.444036,-0.895963,0.009053,0.015969,0.018015,0.999710,0,0.46043,-0.12356,6.593,1.020,201.818,206.899,-1,594.051,-1,163.156,474.194,465.838,555.529,-1,-1,-1,-1,195.202,-1,131.337,-1,1,1,2,0,2,1,0,0,0,2,2,2,2,1,2,1,2
118,-7813.711,-2335.779,300.966,154.433,-0.901566,-0.430455,0.043451,0.431318,-0.902113,0.012496,0.033819,0.030007,0.998977,0,0.46245,-0.13172,5.561,0.798,208.082,207.672,-1,624.104,-1,162.474,499.577,489.989,531.653,-1,-1,-1,-1,196.449,-1,133.505,-1,1,1,2,0,2,1,0,0,0,2,2,2,2,1,2,1,2
119,-7814.067,-2330.888,299.352,155.131,-0.906120,-0.418195,0.063715,0.420012,-0.907344,0.017804,0.050366,0.042893,0.997809,0,0.46400,-0.13801,4.903,0.698,214.595,208.990,-1,649.102,-1,162.334,521.855,514.301,504.561,-1,-1,-1,-1,198.117,-1,135.863,-1,1,1,2,0,2,1,0,0,0,2,2,2,2,1,2,1,2
120,-7814.307,-2328.471,297.037,155.378,-0.907380,-0.412377,0.081288,0.415848,-0.908906,0.031005,0.061097,0.061937,0.996208,0,0.46534,-0.14345,2.430,0.247,215.055,208.369,-1,654.060,-1,161.421,532.764,550.251,467.617,-1,-1,-1,-1,197.505,-1,135.462,-1,1,1,2,0,2,1,0,0,0,2,2,2,2,1,2,1,2
121,-5653.640,-7850.546,168.069,91.095,-0.019107,-0.999681,0.016501,0.999546,-0.019484,-0.022995,0.023309,0.016054,0.999599,1,0.46576,-0.14516,0.000,0.000,-1,574.453,-1,537.204,-1,461.057,452.944,535.981,587.729,-1,965.791,964.499,-1,987.368,-1,-1,-1,2,0,2,0,2,0,0,0,0,2,0,0,2,0,2,2,2
122,-5653.717,-7850.465,170.650,91.090,-0.019013,-0.999704,0.015165,0.999548,-0.019359,-0.023017,0.023304,0.014721,0.999620,0,0.29805,-0.97683,0.112,-0.005,-1,580.529,-1,544.401,-1,466.432,458.633,540.503,599.391,-1,-1,-1,-1,994.884,-1,-1,-1,2,0,2,0,2,0,0,0,0,2,2,2,2,0,2,2,2
123,-5653.827,-7849.881,171.958,91.080,-0.018835,-0.999725,0.014000,0.999510,-0.019177,-0.024734,0.024996,0.013527,0.999596,0,0.29806,-0.97678,0.594,-0.010,-1,587.003,-1,551.676,-1,471.761,464.198,541.776,606.880,-1,1003.027,1000.402,-1,1005.568,-1,-1,-1,2,0,2,0,2,0,0,0,0,2,0,0,2,0,2,2,2
124,-5653.932,-7848.869,171.995,91.064,-0.018569,-0.999745,0.012813,0.999433,-0.018920,-0.027869,0.028104,0.012288,0.999529,0,0.29808,-0.97671,1.018,-0.015,-1,593.216,-1,558.762,-1,476.617,469.288,539.432,610.606,-1,913.582,926.043,-1,-1,-1,-1,-1,2,0,2,0,2,0,0,0,0,2,0,0,2,2,2,2,2
125,-5654.005,-7847.459,170.869,91.032,-0.018003,-0.999763,0.012272,0.999330,-0.018384,-0.031663,0.031881,0.011694,0.999423,0,0.29810,-0.97660,1.412,-0.032,-1,598.265,-1,563.930,-1,480.130,472.845,535.156,608.976,-1,821.846,838.406,-1,-1,-1,-1,-1,2,0,2,0,2,0,0,0,0,2,0,0,2,2,2,2,2
126,-5653.984,-7845.756,168.831,90.987,-0.017212,-0.999764,0.013223,0.999254,-0.017657,-0.034359,0.034585,0.012622,0.999322,0,0.29816,-0.97633,1.703,-0.045,-1,599.376,-1,563.479,-1,480.058,472.425,531.406,600.275,-1,757.303,773.864,-1,-1,-1,-1,-1,2,0,2,0,2,0,0,0,0,2,0,0,2,2,2,2,2
127,-5653.824,-7843.850,166.411,90.933,-0.016281,-0.999752,0.015198,0.999261,-0.016798,-0.034571,0.034817,0.014624,0.999287,0,0.29825,-0.97594,1.913,-0.053,-1,594.292,-1,556.049,-1,475.108,466.898,528.488,587.340,-1,737.844,747.802,-1,-1,-1,-1,-1,2,0,2,0,2,0,0,0,0,2,0,0,2,2,2,2,2
128,-5653.529,-7841.681,164.217,90.871,-0.015186,-0.999740,0.016993,0.999318,-0.015748,-0.033396,0.033655,0.016475,0.999298,0,0.29835,-0.97548,2.189,-0.063,-1,586.331,-1,546.360,-1,468.256,459.596,525.668,575.488,-1,732.534,740.388,-1,-1,-1,-1,-1,2,0,2,0,2,0,0,0,0,2,0,0,2,2,2,2,2
129,-5653.157,-7839.208,162.640,90.797,-0.013908,-0.999741,0.018003,0.999392,-0.014474,-0.031729,0.031981,0.017551,0.999334,0,0.29847,-0.97493,2.501,-0.073,-1,578.240,-1,537.822,-1,461.781,452.927,522.869,567.571,-1,736.598,743.138,-1,1006.121,-1,-1,-1,2,0,2,0,2,0,0,0,0,2,0,0,2,0,2,2,2
130,-5652.749,-7836.485,161.910,90.716,-0.012485,-0.999755,0.018256,0.999467,-0.013028,-0.029939,0.030169,0.017872,0.999385,0,0.29862,-0.97429,2.753,-0.082,-1,571.640,-1,531.629,-1,456.824,447.993,520.828,564.215,-1,748.989,754.950,-1,994.245,-1,-1,-1,2,0,2,0,2,0,0,0,0,2,0,0,2,0,2,2,2
131,-5652.314,-7833.520,162.057,90.623,-0.010871,-0.999781,0.017865,0.999529,-0.011378,-0.028500,0.028697,0.017547,0.999434,0,0.29877,-0.97357,2.998,-0.093,-1,567.792,-1,528.708,-1,454.232,445.578,519.908,565.285,-1,765.951,771.957,-1,986.372,-1,-1,-1,2,0,2,0,2,0,0,0,0,2,0,0,2,0,2,2,2
132,-5651.876,-7830.292,162.931,90.522,-0.009100,-0.999812,0.017126,0.999566,-0.009574,-0.027844,0.028003,0.016865,0.999466,0,0.29896,-0.97275,3.257,-0.102,-1,567.452,-1,529.325,-1,454.405,445.956,520.321,569.649,-1,787.164,794.889,-1,984.336,-1,-1,-1,2,0,2,0,2,0,0,0,0,2,0,0,2,0,2,2,2
133,-5651.457,-7826.775,164.249,90.418,-0.007289,-0.999838,0.016449,0.999577,-0.007748,-0.028036,0.028159,0.016237,0.999472,0,0.29915,-0.97185,3.542,-0.104,-1,570.278,1006.649,532.647,-1,456.895,448.564,522.111,575.412,-1,805.664,812.202,-1,987.942,-1,-1,-1,2,0,1,0,2,0,0,0,0,2,0,0,2,0,2,2,2
134,-5651.043,-7822.963,165.701,90.315,-0.005490,-0.999855,0.016112,0.999563,-0.005955,-0.028961,0.029052,0.015946,0.999451,0,0.29936,-0.97095,3.835,-0.103,-1,575.373,1003.196,537.531,-1,460.884,452.528,524.980,580.865,-1,813.879,820.073,-1,995.949,-1,-1,-1,2,0,1,0,2,0,0,0,0,2,0,0,2,0,2,2,2
135,-5650.573,-7818.644,167.004,90.198,-0.003454,-0.999866,0.015975,0.999517,-0.003945,-0.030813,0.030872,0.015861,0.999398,0,0.63365,-0.78969,4.345,-0.117,-1,582.278,999.934,543.830,-1,466.020,457.535,527.861,585.343,-1,805.210,812.408,-1,-1,-1,-1,-1,2,0,1,0,2,0,0,0,0,2,0,0,2,2,2,2,2
136,-5649.997,-7813.537,167.954,90.056,-0.000984,-0.999873,0.015883,0.999438,-0.001516,-0.033477,0.033497,0.015841,0.999313,0,0.63413,-0.78868,5.139,-0.142,-1,590.055,996.135,550.764,-1,471.634,463.062,529.949,588.583,-1,784.838,790.521,-1,-1,-1,-1,-1,2,0,1,0,2,0,0,0,0,2,0,0,2,2,2,2,2
137,-5649.303,-7807.726,168.461,89.891,0.001899,-0.999874,0.015756,0.999359,0.001334,-0.035788,0.035762,0.015814,0.999235,0,0.63470,-0.78746,5.853,-0.165,-1,595.707,990.525,555.752,-1,475.604,466.972,530.727,590.368,-1,772.564,777.737,-1,-1,-1,-1,-1,2,0,1,0,2,0,0,0,0,2,0,0,2,2,2,2,2
138,-5648.544,-7801.245,168.559,89.716,0.004956,-0.999864,0.015751,0.999298,0.004367,-0.037197,0.037123,0.015924,0.999184,0,0.63537,-0.78602,6.525,-0.175,-1,597.949,982.766,557.592,-1,477.089,468.382,530.285,590.341,-1,765.896,770.410,-1,-1,-1,-1,-1,2,0,1,0,2,0,0,0,0,2,0,0,2,2,2,2,2
139,-5647.777,-7794.103,168.364,89.548,0.007887,-0.999842,0.015950,0.999264,0.007282,-0.037673,0.037550,0.016235,0.999163,0,0.63608,-0.78450,7.183,-0.168,-1,597.168,973.178,556.434,-1,476.292,467.469,529.280,588.673,-1,765.739,769.418,-1,-1,-1,-1,-1,2,0,1,0,2,0,0,0,0,2,0,0,2,2,2,2,2
140,-5647.042,-7786.286,168.025,89.394,0.010572,-0.999812,0.016254,0.999242,0.009955,-0.037623,0.037454,0.016639,0.999160,0,0.63675,-0.78309,7.852,-0.154,-1,594.711,962.444,553.596,-1,474.214,465.254,527.945,586.154,-1,769.545,772.332,-1,-1,-1,-1,-1,2,0,1,0,2,0,0,0,0,2,0,0,2,2,2,2,2
141,-5646.338,-7777.782,167.688,89.251,0.013061,-0.999780,0.016420,0.999211,0.012434,-0.037732,0.037520,0.016899,0.999153,0,0.63733,-0.78184,8.533,-0.143,-1,592.422,951.400,551.123,-1,472.296,463.234,526.273,583.949,-1,772.336,774.428,-1,-1,-1,-1,-1,2,0,1,0,2,0,0,0,0,2,0,0,2,2,2,2,2
142,-5645.611,-7768.611,167.503,89.103,0.015651,-0.999748,0.016092,0.999150,0.015024,-0.038390,0.038139,0.016679,0.999133,0,0.63785,-0.78074,9.199,-0.149,-1,591.375,962.735,550.877,-1,471.464,462.437,524.039,583.595,-1,771.640,773.540,-1,-1,-1,-1,-1,2,0,1,0,2,0,0,0,0,2,0,0,2,2,2,2,2
143,-5644.842,-7758.810,167.562,88.944,0.018423,-0.999710,0.015533,0.999062,0.017798,-0.039470,0.039182,0.016246,0.999100,0,0.63838,-0.77960,9.832,-0.159,-1,591.721,951.901,552.321,-1,471.755,462.818,521.997,584.570,-1,769.336,771.427,-1,-1,-1,-1,-1,2,0,1,0,2,0,0,0,0,2,0,0,2,2,2,2,2
144,-5643.978,-7748.496,167.941,88.774,0.021379,-0.999654,0.015312,0.998981,0.020751,-0.040071,0.039739,0.016153,0.999080,0,0.63896,-0.77838,10.350,-0.170,-1,591.961,940.264,553.253,-1,471.922,462.969,521.338,585.630,-1,774.388,776.229,-1,-1,-1,-1,-1,2,0,1,0,2,0,0,0,0,2,0,0,2,2,2,2,2
145,-5643.008,-7737.665,168.632,88.594,0.024525,-0.999590,0.014771,0.998907,0.023915,-0.040155,0.039785,0.015739,0.999084,0,0.63957,-0.77707,10.875,-0.180,-1,591.517,927.189,554.046,-1,471.781,462.936,520.763,588.390,-1,786.601,788.299,-1,-1,-1,-1,-1,2,0,1,0,2,0,0,0,0,2,0,0,2,2,2,2,2
146,-5642.021,-7726.246,169.456,88.423,0.027499,-0.999520,0.014290,0.998826,0.026903,-0.040291,0.039887,0.015381,0.999086,0,0.64022,-0.77568,11.461,-0.171,-1,591.523,913.791,555.217,-1,471.948,463.196,520.597,591.400,-1,799.841,801.351,-1,-1,-1,-1,-1,2,0,1,0,2,0,0,0,0,2,0,0,2,2,2,2,2
147,-5640.992,-7714.271,170.306,88.257,0.030400,-0.999431,0.014581,0.998735,0.029788,-0.040509,0.040051,0.015794,0.999073,0,0.64082,-0.77440,12.020,-0.166,-1,592.223,899.920,555.982,-1,472.815,463.405,522.096,592.531,-1,813.556,814.098,-1,-1,-1,-1,-1,2,0,1,0,2,0,0,0,0,2,0,0,2,2,2,2,2
148,-5639.877,-7701.724,171.132,88.087,0.033361,-0.999330,0.015063,0.998618,0.032717,-0.041130,0.040609,0.016415,0.999040,0,0.64139,-0.77319,12.596,-0.170,-1,594.338,959.186,557.351,-1,474.260,464.775,523.995,593.092,-1,823.956,823.404,-1,-1,-1,-1,-1,2,0,1,0,2,0,0,0,0,2,0,0,2,2,2,2,2
149,-5638.727,-7688.634,171.943,87.923,0.036216,-0.999230,0.015084,0.998485,0.035555,-0.042003,0.041435,0.016582,0.999004,0,0.64196,-0.77197,13.141,-0.164,-1,596.783,948.618,559.513,-1,475.996,466.675,524.438,594.730,-1,831.756,830.676,-1,-1,-1,-1,-1,2,0,1,0,2,0,0,0,0,2,0,0,2,2,2,2,2
150,-5637.636,-7674.959,172.646,87.783,0.038655,-0.999139,0.015069,0.998344,0.037973,-0.043205,0.042595,0.016714,0.998953,0,0.64250,-0.77082,13.718,-0.140,-1,599.671,937.609,562.013,-1,478.015,468.875,524.482,596.091,-1,835.910,834.522,-1,-1,-1,-1,-1,2,0,1,0,2,0,0,0,0,2,0,0,2,2,2,2,2
151,-5636.582,-7660.714,173.216,87.655,0.040883,-0.999056,0.014706,0.998185,0.040187,-0.044855,0.044222,0.016513,0.998885,0,0.64291,-0.76994,14.284,-0.128,-1,602.884,926.380,566.729,-1,480.436,471.590,523.546,596.408,-1,835.011,833.722,-1,-1,-1,-1,-1,2,0,1,0,2,0,0,0,0,2,0,0,2,2,2,2,2
152,-5635.606,-7645.936,173.724,87.553,0.042642,-0.998984,0.014550,0.998024,0.041919,-0.046806,0.046149,0.016517,0.998798,0,0.64326,-0.76921,14.811,-0.101,-1,605.806,914.719,573.682,-1,483.250,474.609,522.814,595.731,-1,833.983,831.965,-1,-1,-1,-1,-1,2,0,1,0,2,0,0,0,0,2,0,0,2,2,2,2,2
153,-5634.590,-7630.733,174.277,87.462,0.044229,-0.998917,0.014480,0.997880,0.043481,-0.048433,0.047751,0.016592,0.998721,0,0.61715,-0.07769,15.237,-0.091,-1,608.085,902.122,579.932,-1,485.574,477.117,522.257,594.873,-1,836.062,833.683,-1,-1,-1,-1,-1,2,0,1,0,2,0,0,0,0,2,0,0,2,2,2,2,2
154,-5633.530,-7615.138,174.959,87.373,0.045782,-0.998862,0.013334,0.997737,0.045064,-0.049909,0.049251,0.015589,0.998665,0,0.61729,-0.07736,15.631,-0.089,-1,609.660,889.010,587.301,-1,489.079,479.910,520.015,597.056,-1,839.410,837.593,-1,-1,-1,-1,-1,2,0,1,0,2,0,0,0,0,2,0,0,2,2,2,2,2
155,-5632.511,-7599.158,175.736,87.301,0.047022,-0.998815,0.012579,0.997626,0.046324,-0.050956,0.050313,0.014945,0.998622,0,0.61743,-0.07706,16.012,-0.071,-1,611.969,874.851,593.567,-1,492.762,484.139,518.660,598.655,-1,847.019,845.529,-1,-1,-1,-1,-1,2,0,1,0,2,0,0,0,0,2,0,0,2,2,2,2,2
156,-5631.505,-7582.744,176.564,87.242,0.048053,-0.998770,0.012216,0.997520,0.047356,-0.052070,0.051427,0.014688,0.998569,0,0.61747,-0.07697,16.445,-0.059,-1,614.814,860.248,599.885,-1,495.903,489.041,518.102,599.431,-1,854.890,853.487,-1,-1,-1,-1,-1,2,0,1,0,2,0,0,0,0,2,0,0,2,2,2,2,2
157,-5630.506,-7565.948,177.474,87.192,0.048915,-0.998737,0.011512,0.997429,0.048240,-0.052999,0.052377,0.014075,0.998528,0,0.61745,-0.07701,16.826,-0.050,-1,617.149,844.992,607.909,-1,498.846,493.930,516.505,601.245,-1,864.488,863.485,-1,-1,-1,-1,-1,2,0,1,0,2,0,0,0,0,2,0,0,2,2,2,2,2
158,-5629.560,-7548.708,178.348,87.157,0.049533,-0.998711,0.011081,0.997332,0.048863,-0.054239,0.053628,0.013738,0.998466,0,0.61738,-0.07716,17.265,-0.036,-1,619.741,829.497,616.725,-1,502.318,498.948,515.222,601.700,-1,871.887,871.165,-1,-1,-1,-1,-1,2,0,1,0,2,0,0,0,0,2,0,0,2,2,2,2,2
159,-5628.656,-7531.039,179.167,87.142,0.049781,-0.998700,0.010976,0.997225,0.049092,-0.055960,0.055349,0.013731,0.998373,0,0.61724,-0.07747,17.693,-0.014,-1,622.395,813.924,626.841,-1,506.630,504.449,514.388,597.885,-1,875.755,875.147,-1,-1,-1,-1,-1,2,0,1,0,2,0,0,0,0,2,0,0,2,2,2,2,2
160,-5627.760,-7512.999,180.018,87.145,0.049724,-0.998699,0.011333,0.997125,0.048990,-0.057802,0.057171,0.014174,0.998264,0,0.61700,-0.07802,18.062,0.003,-1,625.927,797.974,637.148,-1,513.399,511.340,514.389,592.818,-1,879.444,878.643,-1,-1,-1,-1,-1,2,0,1,0,2,0,0,0,0,2,0,0,2,2,2,2,2
161,-5626.824,-7494.617,180.968,87.138,0.049834,-0.998701,0.010599,0.996990,0.049112,-0.059989,0.059391,0.013556,0.998143,0,0.61667,-0.07875,18.406,-0.007,-1,631.541,782.217,650.285,-1,520.779,520.946,513.121,590.690,-1,880.612,880.309,-1,-1,-1,-1,-1,2,0,1,0,2,0,0,0,0,2,0,0,2,2,2,2,2
162,-5625.997,-7475.907,182.004,87.159,0.049467,-0.998724,0.010212,0.996882,0.048741,-0.062051,0.061474,0.013250,0.998021,0,0.61638,-0.07940,18.729,0.021,-1,637.254,765.784,663.272,-1,527.047,530.558,512.673,588.233,-1,883.754,883.654,-1,-1,-1,-1,-1,2,0,1,0,2,0,0,0,0,2,0,0,2,2,2,2,2
163,-5625.602,-7456.921,183.287,87.297,0.047059,-0.998819,0.012116,0.996797,0.046172,-0.065296,0.064659,0.015150,0.997792,0,0.61595,-0.08034,18.990,0.138,-1,646.948,749.912,679.330,-1,536.588,541.948,516.769,580.660,-1,881.742,880.427,-1,-1,-1,-1,-1,2,0,1,0,2,0,0,0,0,2,0,0,2,2,2,2,2
164,-5625.380,-7437.689,185.131,87.505,0.043424,-0.998929,0.015960,0.996580,0.042187,-0.071047,0.070298,0.018991,0.997345,0,0.61499,-0.08248,19.233,0.208,-1,664.047,736.885,704.673,-1,555.150,561.448,525.116,569.594,-1,867.379,863.710,-1,-1,-1,-1,-1,2,0,1,0,2,0,0,0,0,2,0,0,2,2,2,2,2
165,-5624.914,-7419.012,187.838,87.533,0.042900,-0.998974,0.014484,0.995923,0.041608,-0.080034,0.079349,0.017859,0.996687,0,0.61371,-0.08532,18.684,0.028,-1,693.389,730.236,751.655,-1,583.601,595.815,527.146,572.949,-1,834.611,832.149,-1,-1,-1,-1,-1,2,0,1,0,2,0,0,0,0,2,0,0,2,2,2,2,2
166,-5624.622,-7401.048,191.706,87.497,0.043482,-0.999034,0.006291,0.994763,0.042711,-0.092856,0.092497,0.010296,0.995660,0,0.61325,-0.08635,17.966,-0.036,-1,729.325,730.694,831.301,-1,552.932,577.990,521.306,596.704,-1,784.781,787.028,-1,-1,-1,-1,-1,2,0,1,0,2,1,1,0,0,2,0,0,2,2,2,2,2
167,-5624.563,-7383.356,196.354,87.462,0.044024,-0.999013,-0.005934,0.993189,0.044407,-0.107718,0.107876,-0.001151,0.994164,0,0.61309,-0.08670,17.692,-0.035,-1,774.830,-1,936.074,-1,513.075,559.407,511.701,634.870,-1,730.947,740.328,-1,-1,-1,-1,-1,2,0,2,0,2,1,1,0,0,2,0,0,2,2,2,2,2
168,-5625.812,-7362.980,202.207,87.636,0.040936,-0.999065,-0.013893,0.991571,0.042332,-0.122452,0.122926,-0.008763,0.992377,0,0.61293,-0.08706,20.415,0.174,-1,823.701,-1,-1,-1,494.329,544.274,511.261,665.252,-1,693.066,706.249,-1,793.313,-1,-1,-1,2,0,2,2,2,1,1,0,0,2,0,0,2,1,2,2,2
