timestep,x_cm,y_cm,z_cm,yaw_deg,basis_xx,basis_xy,basis_xz,basis_yx,basis_yy,basis_yz,basis_zx,basis_zy,basis_zz,teleport_flag,throttle_cmd,steering_cmd,cmd_move_cm,cmd_turn_deg,lidar_cm_0,lidar_cm_1,lidar_cm_2,lidar_cm_3,lidar_cm_4,lidar_cm_5,lidar_cm_6,lidar_cm_7,lidar_cm_8,lidar_cm_9,lidar_cm_10,lidar_cm_11,lidar_cm_12,lidar_cm_13,lidar_cm_14,lidar_cm_15,lidar_cm_16,lidar_class_0,lidar_class_1,lidar_class_2,lidar_class_3,lidar_class_4,lidar_class_5,lidar_class_6,lidar_class_7,lidar_class_8,lidar_class_9,lidar_class_10,lidar_class_11,lidar_class_12,lidar_class_13,lidar_class_14,lidar_class_15,lidar_class_16
0,-9515.798,8854.659,26.530,-174.912,-0.996023,0.088680,0.008625,-0.088698,-0.996057,-0.001704,0.008440,-0.002463,0.999961,1,0.08000,-0.12000,4.800,-0.240,-1,400.000,-1,425.000,-1,325.000,350.000,275.000,275.000,-1,-1,-1,-1,875.000,-1,-1,-1,2,0,2,0,2,0,0,0,0,2,2,2,2,0,2,2,2
1,-9525.367,8853.888,26.616,-175.392,-0.996737,0.080333,0.007861,-0.080348,-0.996766,-0.001624,0.007705,-0.002251,0.999968,0,0.16000,-0.24000,9.600,-0.480,-1,400.000,-1,425.000,-1,325.000,350.000,300.000,275.000,-1,-1,-1,-1,875.000,-1,-1,-1,2,0,2,0,2,0,0,0,0,2,2,2,2,0,2,2,2
2,-9539.733,8852.898,26.746,-176.060,-0.997614,0.068716,0.006713,-0.068728,-0.997634,-0.001493,0.006595,-0.001951,0.999976,0,0.24000,-0.33371,14.400,-0.667,-1,400.000,-1,425.000,-1,325.000,350.000,300.000,275.000,-1,-1,-1,-1,875.000,-1,-1,-1,2,0,2,0,2,0,0,0,0,2,2,2,2,0,2,2,2
3,-9558.902,8851.802,26.923,-176.726,-0.998355,0.057103,0.005174,-0.057111,-0.998367,-0.001318,0.005090,-0.001611,0.999986,0,0.32000,-0.33336,19.200,-0.667,-1,400.000,-1,425.000,-1,325.000,350.000,300.000,275.000,-1,-1,-1,-1,875.000,-1,-1,-1,2,0,2,0,2,0,0,0,0,2,2,2,2,0,2,2,2
4,-9582.877,8850.710,27.146,-177.393,-0.998959,0.045493,0.003243,-0.045496,-0.998964,-0.001088,0.003190,-0.001234,0.999994,0,0.40000,-0.33305,24.000,-0.666,-1,400.000,-1,425.000,-1,325.000,350.000,300.000,275.000,-1,-1,-1,-1,875.000,-1,-1,-1,2,0,2,0,2,0,0,0,0,2,2,2,2,0,2,2,2
5,-9611.660,8849.734,27.414,-178.058,-0.999425,0.033882,0.000918,-0.033882,-0.999426,-0.000791,0.000891,-0.000822,0.999999,0,0.48000,-0.33290,28.800,-0.666,-1,400.000,-1,425.000,-1,325.000,350.000,300.000,275.000,-1,-1,-1,-1,875.000,-1,-1,-1,2,0,2,0,2,0,0,0,0,2,2,2,2,0,2,2,2
6,-9645.252,8848.986,27.726,-178.724,-0.999751,0.022262,-0.001801,-0.022261,-0.999752,-0.000416,-0.001810,-0.000376,0.999998,0,0.56000,-0.33302,33.600,-0.666,-1,400.000,-1,450.000,-1,325.000,350.000,300.000,300.000,-1,-1,-1,-1,850.000,-1,-1,-1,2,0,2,0,2,0,0,0,0,2,2,2,2,0,2,2,2
7,-9683.650,8848.579,28.082,-179.392,-0.999932,0.010620,-0.004917,-0.010620,-0.999944,0.000051,-0.004916,0.000103,0.999988,0,0.64000,-0.33356,38.400,-0.667,-1,400.000,-1,450.000,-1,325.000,350.000,300.000,300.000,-1,-1,-1,-1,850.000,-1,-1,-1,2,0,2,0,2,0,0,0,0,2,2,2,2,0,2,2,2
8,-9726.850,8848.624,28.478,-180.061,-0.999964,-0.001062,-0.008434,0.001057,-0.999999,0.000624,-0.008435,0.000615,0.999964,0,0.72000,-0.33466,43.200,-0.669,-1,400.000,-1,450.000,-1,325.000,350.000,300.000,300.000,-1,-1,-1,-1,850.000,-1,-1,-1,2,0,2,0,2,0,0,0,0,2,2,2,2,0,2,2,2
9,-9774.846,8849.239,28.914,-180.734,-0.999842,-0.012807,-0.012357,0.012791,-0.999917,0.001318,-0.012373,0.001160,0.999923,0,0.80000,-0.33648,48.000,-0.673,-1,400.000,-1,450.000,-1,325.000,350.000,300.000,300.000,-1,-1,-1,-1,825.000,-1,-1,-1,2,0,2,0,2,0,0,0,0,2,2,2,2,0,2,2,2
10,-9825.499,8850.488,29.355,-181.412,-0.999560,-0.024645,-0.016476,0.024614,-0.999695,0.002077,-0.016522,0.001671,0.999862,0,0.84447,-0.33921,50.668,-0.678,-1,400.000,-1,450.000,-1,350.000,350.000,300.000,300.000,-1,-1,-1,-1,825.000,1000.000,-1,-1,2,0,2,0,2,0,0,0,0,2,2,2,2,0,0,2,2
11,-9876.562,8852.305,28.117,-182.038,-0.999191,-0.035566,-0.018766,0.035524,-0.999365,0.002594,-0.018846,0.001926,0.999821,0,0.85159,-0.31301,51.095,-0.626,-1,400.000,-1,450.000,-1,350.000,350.000,300.000,300.000,-1,-1,-1,-1,825.000,975.000,-1,-1,2,0,2,0,2,0,0,0,0,2,2,2,2,0,0,2,2
12,-9928.039,8854.705,26.396,-182.669,-0.998688,-0.046569,-0.021318,0.046486,-0.998909,0.004363,-0.021498,0.003366,0.999763,0,0.85889,-0.31547,51.533,-0.631,-1,400.000,-1,450.000,-1,325.000,350.000,300.000,300.000,-1,-1,-1,-1,825.000,975.000,-1,-1,2,0,2,0,2,0,0,0,0,2,2,2,2,0,0,2,2
13,-9979.388,8857.671,24.666,-183.305,-0.998051,-0.057654,-0.023886,0.057522,-0.998325,0.006175,-0.024202,0.004789,0.999696,0,0.85723,-0.31800,51.434,-0.636,-1,400.000,-1,450.000,-1,325.000,350.000,300.000,300.000,-1,-1,-1,-1,800.000,950.000,-1,-1,2,0,2,0,2,0,0,0,0,2,2,2,2,0,0,2,2
14,-10030.612,8861.206,22.923,-183.948,-0.997276,-0.068846,-0.026469,0.068655,-0.997608,0.008033,-0.026959,0.006194,0.999617,0,0.85577,-0.32130,51.346,-0.643,-1,400.000,-1,425.000,-1,325.000,350.000,300.000,300.000,-1,-1,-1,-1,800.000,925.000,-1,-1,2,0,2,0,2,0,0,0,0,2,2,2,2,0,0,2,2
15,-10083.258,8865.547,21.109,-184.714,-0.996191,-0.082180,-0.029151,0.081921,-0.996589,0.009990,-0.029872,0.007564,0.999525,0,0.88040,-0.38313,52.824,-0.766,-1,400.000,-1,425.000,-1,325.000,350.000,300.000,300.000,-1,-1,-1,-1,800.000,900.000,-1,-1,2,0,2,0,2,0,0,0,0,2,2,2,2,0,0,2,2
16,-10136.101,8870.633,19.261,-185.497,-0.994890,-0.095798,-0.031871,0.095458,-0.995361,0.012020,-0.032875,0.008916,0.999420,0,0.88478,-0.39171,53.087,-0.783,-1,400.000,-1,425.000,-1,325.000,350.000,300.000,300.000,-1,-1,-1,-1,800.000,875.000,-1,-1,2,0,2,0,2,0,0,0,0,2,2,2,2,0,0,2,2
17,-10189.149,8876.489,17.375,-186.299,-0.993360,-0.109714,-0.034633,0.109283,-0.993910,0.014125,-0.035971,0.010246,0.999300,0,0.88951,-0.40086,53.370,-0.802,-1,400.000,-1,425.000,975.000,325.000,350.000,300.000,275.000,-1,-1,-1,-1,775.000,850.000,-1,-1,2,0,2,0,1,0,0,0,0,2,2,2,2,0,0,2,2
18,-10242.412,8883.142,15.445,-187.120,-0.991583,-0.123946,-0.037436,0.123410,-0.992222,0.016310,-0.039166,0.011553,0.999166,0,0.89461,-0.41059,53.676,-0.821,-1,400.000,-1,425.000,925.000,325.000,325.000,300.000,300.000,-1,-1,-1,-1,775.000,825.000,-1,-1,2,0,2,0,1,0,0,0,0,2,2,2,2,0,0,2,2
19,-10295.897,8890.623,13.467,-187.962,-0.989542,-0.138507,-0.040284,0.137854,-0.990278,0.018581,-0.042466,0.012833,0.999016,0,0.90010,-0.42089,54.006,-0.842,-1,400.000,-1,425.000,875.000,325.000,325.000,300.000,300.000,-1,-1,-1,-1,775.000,825.000,-1,-1,2,0,2,0,1,0,0,0,0,2,2,2,2,0,0,2,2
20,-10349.614,8898.964,11.435,-188.826,-0.987218,-0.153414,-0.043177,0.152629,-0.988062,0.020942,-0.045875,0.014085,0.998848,0,0.90601,-0.43177,54.360,-0.864,-1,400.000,-1,400.000,800.000,325.000,325.000,300.000,300.000,-1,-1,-1,-1,750.000,800.000,-1,-1,2,0,2,0,1,0,0,0,0,2,2,2,2,0,0,2,2
21,-10403.571,8908.199,9.342,-189.712,-0.984592,-0.168679,-0.046118,0.167747,-0.985552,0.023401,-0.049399,0.015304,0.998662,0,0.91234,-0.44324,54.741,-0.886,-1,400.000,-1,400.000,750.000,325.000,325.000,300.000,300.000,-1,-1,-1,-1,750.000,775.000,-1,975.000,2,0,2,0,1,0,0,0,0,2,2,2,2,0,0,2,1
22,-10457.723,8918.350,7.007,-190.618,-0.981676,-0.184236,-0.048682,0.183191,-0.982756,0.025150,-0.052476,0.015771,0.998498,0,0.91825,-0.45287,55.095,-0.906,-1,375.000,-1,400.000,700.000,325.000,325.000,300.000,300.000,-1,-1,-1,-1,725.000,750.000,-1,900.000,2,0,2,0,1,0,0,0,0,2,2,2,2,0,0,2,1
23,-10511.941,8929.413,4.372,-191.532,-0.978499,-0.199897,-0.050794,0.198797,-0.979698,0.025912,-0.054943,0.015258,0.998373,0,0.92226,-0.45721,55.336,-0.914,-1,375.000,-1,400.000,675.000,325.000,325.000,300.000,300.000,-1,-1,-1,-1,725.000,725.000,-1,850.000,2,0,2,0,1,0,0,0,0,2,2,2,2,0,0,2,1
24,-10566.205,8941.399,1.428,-192.456,-0.975100,-0.215658,-0.051694,0.214478,-0.976343,0.027445,-0.056390,0.015674,0.998286,0,0.92619,-0.46167,55.571,-0.923,-1,375.000,-1,400.000,625.000,325.000,325.000,300.000,300.000,-1,-1,-1,-1,725.000,725.000,-1,775.000,2,0,2,0,1,0,0,0,0,2,2,2,2,0,0,2,1
25,-10620.490,8954.320,-1.431,-193.388,-0.971473,-0.231520,-0.051374,0.230323,-0.972706,0.028179,-0.056495,0.015542,0.998282,0,0.93003,-0.46626,55.802,-0.933,-1,375.000,-1,375.000,575.000,325.000,325.000,300.000,300.000,-1,-1,-1,-1,725.000,725.000,-1,725.000,2,0,2,0,1,0,0,0,0,2,2,2,2,0,0,2,1
26,-10674.772,8968.187,-4.331,-194.330,-0.967549,-0.247481,-0.051010,0.246274,-0.968772,0.028826,-0.056551,0.015328,0.998282,0,0.93375,-0.47100,56.025,-0.942,-1,375.000,-1,375.000,525.000,325.000,325.000,300.000,300.000,-1,-1,-1,-1,700.000,700.000,-1,675.000,2,0,2,0,1,0,0,0,0,2,2,2,2,0,0,2,1
27,-10724.130,8981.887,-7.028,-195.512,-0.962248,-0.267414,-0.050671,0.266206,-0.963468,0.029380,-0.056676,0.014782,0.998283,0,0.85375,-0.59100,51.225,-1.182,-1,375.000,-1,375.000,500.000,325.000,325.000,300.000,300.000,-1,-1,-1,-1,700.000,675.000,-1,625.000,2,0,2,0,1,0,0,0,0,2,2,2,2,0,1,2,1
28,-10769.078,8995.555,-9.543,-196.914,-0.955422,-0.290916,-0.050369,0.289716,-0.956647,0.029848,-0.056869,0.013925,0.998285,0,0.78299,-0.70114,46.980,-1.402,-1,375.000,-1,375.000,450.000,325.000,325.000,300.000,300.000,-1,-1,-1,-1,700.000,650.000,-1,575.000,2,0,2,0,1,0,0,0,0,2,2,2,2,0,1,2,1
29,-10813.881,9010.393,-12.095,-198.323,-0.947988,-0.314350,-0.050038,0.313162,-0.949218,0.030230,-0.056999,0.012988,0.998290,0,0.78660,-0.70433,47.196,-1.409,-1,375.000,-1,375.000,425.000,325.000,325.000,300.000,300.000,-1,-1,-1,-1,700.000,600.000,-1,500.000,2,0,2,0,1,0,0,0,0,2,2,2,2,0,1,2,1
30,-10858.507,9026.405,-14.622,-199.738,-0.939958,-0.337700,-0.049379,0.336524,-0.941174,0.030696,-0.056840,0.012236,0.998308,0,0.79020,-0.70758,47.412,-1.415,-1,375.000,-1,375.000,375.000,325.000,325.000,300.000,300.000,-1,-1,-1,-1,700.000,550.000,-1,475.000,2,0,2,0,1,0,0,0,0,2,2,2,2,0,1,2,1
31,-10902.922,9043.597,-17.174,-201.160,-0.931317,-0.360952,-0.048601,0.359794,-0.932514,0.031082,-0.056540,0.011461,0.998335,0,0.79378,-0.71091,47.627,-1.422,-1,375.000,-1,375.000,350.000,300.000,300.000,300.000,300.000,-1,-1,-1,-1,675.000,525.000,-1,425.000,2,0,2,0,1,0,0,0,0,2,2,2,2,0,1,2,1
32,-10947.092,9061.973,-19.752,-202.589,-0.922062,-0.384093,-0.047697,0.382958,-0.923233,0.031371,-0.056085,0.010660,0.998369,0,0.79734,-0.71432,47.840,-1.429,-1,375.000,-1,375.000,325.000,300.000,300.000,300.000,300.000,-1,-1,-1,-1,675.000,500.000,-1,375.000,2,0,2,0,1,0,0,0,0,2,2,2,2,0,1,2,1
33,-10990.981,9081.536,-22.357,-204.024,-0.912188,-0.407107,-0.046660,0.406002,-0.913328,0.031547,-0.055459,0.009832,0.998413,0,0.80085,-0.71783,48.051,-1.436,-1,375.000,-1,375.000,275.000,300.000,300.000,300.000,325.000,-1,-1,-1,-1,675.000,450.000,-1,325.000,2,0,2,1,1,0,0,0,0,2,2,2,2,0,1,2,1
34,-11034.550,9102.288,-24.996,-205.467,-0.901692,-0.429980,-0.045479,0.428914,-0.902794,0.031555,-0.054626,0.008946,0.998467,0,0.80432,-0.72146,48.259,-1.443,-1,375.000,975.000,350.000,250.000,300.000,300.000,300.000,300.000,-1,-1,-1,-1,675.000,425.000,-1,275.000,2,0,1,1,1,0,0,0,1,2,2,2,2,0,1,2,1
35,-11077.762,9124.227,-27.612,-206.918,-0.890580,-0.452697,-0.043970,0.451671,-0.891626,0.031558,-0.053491,0.008245,0.998534,0,0.80770,-0.72523,48.462,-1.450,-1,375.000,850.000,325.000,200.000,300.000,300.000,300.000,300.000,-1,-1,-1,-1,675.000,375.000,-1,250.000,2,0,1,1,1,0,0,0,1,2,2,2,2,0,1,2,1
36,-11116.267,9144.811,-29.494,-208.128,-0.880918,-0.471436,-0.041606,0.470527,-0.881873,0.030078,-0.050871,0.006919,0.998681,0,0.72770,-0.60523,43.662,-1.210,-1,375.000,775.000,300.000,175.000,300.000,300.000,300.000,275.000,-1,-1,-1,-1,675.000,350.000,-1,200.000,2,0,1,1,1,0,0,0,1,2,2,2,2,0,1,2,1
37,-11150.223,9163.709,-28.833,-209.099,-0.872974,-0.486315,-0.037615,0.486001,-0.873779,0.017704,-0.041477,-0.002826,0.999135,0,0.64770,-0.48523,38.862,-0.970,-1,400.000,750.000,275.000,175.000,325.000,325.000,300.000,300.000,-1,-1,-1,-1,700.000,350.000,-1,200.000,2,0,1,1,1,0,1,0,1,2,2,2,2,0,1,2,1
38,-11179.773,9180.651,-28.031,-209.829,-0.866860,-0.497381,-0.034158,0.497494,-0.867449,0.005693,-0.032462,-0.012058,0.999400,0,0.56770,-0.36523,34.062,-0.730,-1,400.000,725.000,275.000,175.000,325.000,300.000,300.000,300.000,-1,350.000,425.000,-1,750.000,325.000,-1,175.000,2,0,1,1,1,0,1,0,1,2,0,0,2,0,1,2,1
39,-11205.033,9195.421,-27.190,-210.320,-0.862720,-0.504719,-0.031174,0.505103,-0.863042,-0.005414,-0.024172,-0.020417,0.999499,0,0.48770,-0.24523,29.262,-0.490,-1,425.000,700.000,275.000,150.000,350.000,300.000,300.000,300.000,-1,250.000,325.000,-1,775.000,325.000,-1,175.000,2,0,1,1,1,0,1,0,1,2,0,0,2,0,1,2,1
40,-11226.096,9207.860,-26.377,-210.570,-0.860644,-0.508398,-0.028690,0.508925,-0.860677,-0.015190,-0.016970,-0.027674,0.999473,0,0.40770,-0.12523,24.462,-0.250,-1,425.000,700.000,275.000,150.000,350.000,300.000,300.000,300.000,-1,200.000,300.000,-1,800.000,325.000,-1,175.000,2,0,1,1,1,0,1,0,1,2,0,0,2,0,1,2,1
41,-11243.024,9217.861,-25.587,-210.581,-0.860663,-0.508459,-0.026997,0.509049,-0.860420,-0.023378,-0.011342,-0.033864,0.999362,0,0.32770,-0.00523,19.662,-0.010,-1,450.000,700.000,275.000,150.000,375.000,300.000,275.000,300.000,-1,175.000,275.000,-1,825.000,325.000,-1,175.000,2,0,1,1,1,0,1,0,1,2,0,0,2,0,1,2,1
42,-11255.850,9225.370,-25.007,-210.351,-0.862786,-0.504927,-0.025494,0.505520,-0.862312,-0.029455,-0.007111,-0.038301,0.999241,0,0.24770,0.11477,14.862,0.230,-1,450.000,700.000,275.000,150.000,375.000,300.000,275.000,300.000,1000.000,150.000,250.000,-1,850.000,325.000,-1,150.000,2,0,1,1,1,0,1,0,1,0,0,0,2,0,1,2,1
43,-11264.571,9230.389,-24.671,-209.932,-0.866517,-0.498559,-0.024211,0.499128,-0.865890,-0.033265,-0.004380,-0.040909,0.999153,0,0.16770,0.20938,10.062,0.419,-1,450.000,775.000,275.000,150.000,375.000,300.000,275.000,300.000,900.000,125.000,250.000,-1,850.000,325.000,-1,150.000,2,0,1,1,1,0,1,0,1,0,0,0,2,0,1,2,1
44,-11269.150,9232.982,-24.549,-209.520,-0.870116,-0.492293,-0.023350,0.492837,-0.869419,-0.034973,-0.003084,-0.041938,0.999115,0,0.08770,0.20620,5.262,0.412,-1,450.000,-1,275.000,150.000,375.000,300.000,275.000,300.000,850.000,125.000,250.000,-1,875.000,325.000,-1,150.000,2,0,2,1,1,0,1,0,1,0,0,0,2,0,1,2,1
45,-11269.554,9233.207,-24.653,-209.112,-0.873600,-0.486102,-0.022958,0.486634,-0.872923,-0.034545,-0.003248,-0.041351,0.999139,0,0.00770,0.20396,0.462,0.408,-1,450.000,-1,275.000,150.000,375.000,300.000,275.000,300.000,875.000,125.000,250.000,-1,875.000,325.000,-1,150.000,2,0,2,1,1,0,1,0,1,0,0,0,2,0,1,2,1
46,-11274.180,9235.715,-24.620,-208.464,-0.879070,-0.476189,-0.021881,0.476687,-0.878344,-0.035787,-0.002178,-0.041890,0.999120,0,0.08770,0.32396,5.262,0.648,-1,450.000,-1,275.000,150.000,400.000,300.000,275.000,300.000,825.000,125.000,250.000,-1,875.000,325.000,-1,150.000,2,0,2,1,1,0,1,0,1,0,0,0,2,0,1,2,1
47,-11283.093,9240.383,-24.440,-207.648,-0.885814,-0.463603,-0.020123,0.464040,-0.884967,-0.038738,0.000151,-0.043653,0.999047,0,0.16770,0.40781,10.062,0.816,-1,475.000,-1,275.000,125.000,400.000,300.000,275.000,300.000,775.000,125.000,250.000,-1,875.000,325.000,-1,150.000,2,0,2,1,1,0,1,0,1,0,0,0,2,0,1,2,1
48,-11296.354,9247.093,-24.029,-206.842,-0.892332,-0.451030,-0.017758,0.451363,-0.891273,-0.043635,0.003854,-0.046952,0.998890,0,0.24770,0.40337,14.862,0.807,-1,475.000,-1,275.000,125.000,400.000,300.000,275.000,275.000,725.000,100.000,225.000,-1,900.000,350.000,-1,150.000,2,0,2,1,1,0,1,0,1,0,0,0,2,0,1,2,1
49,-11314.020,9255.725,-23.621,-206.046,-0.898596,-0.438522,-0.014946,0.438699,-0.897275,-0.049394,0.008250,-0.050942,0.998668,0,0.32770,0.39788,19.662,0.796,-1,475.000,-1,275.000,125.000,400.000,300.000,275.000,275.000,650.000,100.000,225.000,-1,925.000,350.000,-1,150.000,2,0,2,1,1,0,1,0,1,0,0,0,2,0,1,2,1
50,-11336.144,9266.162,-23.091,-205.263,-0.904599,-0.426109,-0.011523,0.426044,-0.902931,-0.056591,0.013710,-0.056101,0.998331,0,0.40770,0.39128,24.462,0.783,-1,500.000,-1,275.000,125.000,425.000,325.000,275.000,275.000,600.000,75.000,225.000,-1,950.000,350.000,-1,150.000,2,0,2,1,1,0,1,0,1,0,0,0,2,0,1,2,1
51,-11362.774,9278.292,-22.401,-204.496,-0.910327,-0.413825,-0.007401,0.413391,-0.908205,-0.065359,0.020325,-0.062558,0.997834,0,0.48770,0.38350,29.262,0.767,-1,500.000,-1,275.000,125.000,425.000,325.000,275.000,250.000,550.000,75.000,225.000,-1,1000.000,350.000,-1,150.000,2,0,2,1,1,0,1,0,1,0,0,0,2,0,1,2,1
52,-11393.954,9292.005,-21.545,-203.748,-0.915763,-0.401711,-0.002534,0.400736,-0.913063,-0.075671,0.028084,-0.070312,0.997130,0,0.56770,0.37445,34.062,0.749,-1,525.000,-1,275.000,125.000,450.000,325.000,275.000,250.000,475.000,50.000,200.000,-1,-1,350.000,-1,150.000,2,0,2,1,1,1,1,0,1,0,0,0,2,2,1,2,1
53,-11429.724,9307.196,-20.512,-203.019,-0.920891,-0.389809,0.003124,0.388063,-0.917469,-0.087509,0.036978,-0.079375,0.996159,0,0.64770,0.36408,38.862,0.728,-1,550.000,-1,275.000,125.000,450.000,325.000,250.000,225.000,425.000,50.000,200.000,-1,-1,350.000,-1,150.000,2,0,2,1,1,1,1,0,1,0,0,0,2,2,1,2,1
54,-11470.120,9323.768,-19.290,-202.315,-0.925689,-0.378162,0.009614,0.375353,-0.921377,-0.100871,0.047003,-0.089766,0.994853,0,0.72770,0.35229,43.662,0.705,-1,550.000,-1,300.000,125.000,450.000,325.000,250.000,225.000,375.000,50.000,175.000,-1,-1,375.000,-1,150.000,2,0,2,1,1,1,1,0,1,0,0,0,2,2,1,2,1
55,-11515.143,9341.616,-17.865,-201.637,-0.930139,-0.366815,0.016970,0.362574,-0.924739,-0.115749,0.058151,-0.101510,0.993134,0,0.80717,0.33906,48.430,0.678,-1,575.000,-1,300.000,125.000,450.000,325.000,250.000,200.000,325.000,25.000,175.000,-1,-1,375.000,-1,150.000,2,0,2,1,1,1,1,0,1,0,0,0,2,2,1,2,1
56,-11559.792,9358.728,-16.433,-200.982,-0.934248,-0.355782,0.024496,0.349873,-0.927700,-0.130238,0.069061,-0.113104,0.991180,0,0.79691,0.32719,47.814,0.654,-1,600.000,-1,300.000,100.000,475.000,325.000,250.000,175.000,300.000,25.000,175.000,-1,-1,375.000,-1,150.000,2,0,2,1,1,1,1,0,1,0,0,0,2,2,1,2,1
57,2295.795,-4263.576,357.788,-110.067,-0.346210,0.937366,0.038524,-0.936071,-0.342412,-0.080778,-0.062527,-0.064028,0.995987,1,0.00000,0.00000,47.147,0.650,1000.000,375.000,625.000,375.000,875.000,325.000,325.000,300.000,300.000,-1,-1,-1,-1,600.000,550.000,-1,675.000,0,1,1,0,1,0,0,0,0,2,2,2,2,1,1,2,1
58,2294.166,-4268.091,357.497,-109.827,-0.342281,0.938801,0.038678,-0.937507,-0.338486,-0.080665,-0.062637,-0.063871,0.995991,0,0.08000,0.12000,4.800,0.240,975.000,375.000,625.000,375.000,875.000,325.000,325.000,300.000,300.000,-1,-1,-1,-1,600.000,550.000,-1,675.000,0,1,1,0,1,0,0,0,0,2,2,2,2,1,1,2,1
59,2290.986,-4277.149,356.910,-109.347,-0.334404,0.941623,0.038976,-0.940332,-0.330616,-0.080433,-0.062852,-0.063548,0.995998,0,0.16000,0.24000,9.600,0.480,975.000,375.000,625.000,375.000,850.000,325.000,325.000,300.000,300.000,-1,-1,-1,-1,600.000,525.000,-1,650.000,0,1,1,0,1,0,0,0,0,2,2,2,2,1,1,2,1
60,2286.373,-4290.790,356.014,-108.681,-0.323438,0.945428,0.039408,-0.944143,-0.319661,-0.080071,-0.063105,-0.063105,0.996010,0,0.24000,0.33291,14.400,0.666,975.000,375.000,625.000,375.000,800.000,325.000,325.000,300.000,300.000,-1,-1,-1,-1,600.000,525.000,-1,625.000,0,1,1,0,1,0,0,0,0,2,2,2,2,1,1,2,1
61,2280.434,-4309.048,354.791,-108.018,-0.312478,0.949084,0.039971,-0.947821,-0.308711,-0.079574,-0.063183,-0.062751,0.996027,0,0.32000,0.33135,19.200,0.663,950.000,375.000,600.000,375.000,750.000,325.000,325.000,300.000,300.000,-1,-1,-1,-1,600.000,500.000,-1,600.000,0,1,1,0,1,0,0,0,0,2,2,2,2,1,1,2,1
62,2273.274,-4331.954,353.234,-107.359,-0.301533,0.952589,0.040654,-0.951367,-0.297777,-0.078934,-0.063085,-0.062478,0.996051,0,0.40000,0.32960,24.000,0.659,950.000,375.000,575.000,375.000,700.000,325.000,325.000,275.000,300.000,-1,-1,-1,-1,600.000,475.000,-1,575.000,0,1,1,0,1,1,0,0,0,2,2,2,2,1,1,2,1
63,2264.996,-4359.539,351.334,-106.704,-0.290611,0.955943,0.041448,-0.954778,-0.286869,-0.078143,-0.062810,-0.062282,0.996080,0,0.48000,0.32759,28.800,0.655,925.000,375.000,575.000,375.000,650.000,300.000,325.000,275.000,300.000,-1,850.000,-1,-1,600.000,450.000,-1,525.000,0,1,1,1,1,1,1,0,0,2,0,2,2,1,1,2,1
64,2255.704,-4391.828,349.085,-106.053,-0.279724,0.959146,0.042340,-0.958053,-0.275998,-0.077195,-0.062355,-0.062157,0.996117,0,0.56000,0.32529,33.600,0.651,925.000,350.000,525.000,350.000,600.000,300.000,300.000,275.000,300.000,-1,725.000,925.000,-1,575.000,425.000,-1,475.000,0,1,1,1,1,1,1,0,0,2,0,0,2,1,1,2,1
65,2245.502,-4428.847,346.479,-105.408,-0.268886,0.962197,0.043323,-0.961192,-0.265180,-0.076084,-0.061719,-0.062099,0.996160,0,0.64000,0.32263,38.400,0.645,900.000,350.000,500.000,325.000,525.000,275.000,275.000,275.000,300.000,-1,625.000,800.000,-1,575.000,375.000,1000.000,425.000,0,1,1,1,1,1,1,0,0,2,0,0,2,1,1,0,1
66,2234.489,-4470.619,343.510,-104.769,-0.258112,0.965095,0.044385,-0.964194,-0.254431,-0.074804,-0.060900,-0.062104,0.996210,0,0.72000,0.31955,43.200,0.639,875.000,325.000,475.000,300.000,450.000,275.000,250.000,275.000,300.000,-1,575.000,725.000,-1,550.000,350.000,975.000,375.000,0,1,1,1,1,1,1,0,0,2,0,0,2,1,1,0,1
67,2222.765,-4517.165,340.227,-104.137,-0.247415,0.967852,0.045251,-0.967045,-0.243774,-0.073475,-0.060082,-0.061938,0.996270,0,0.80000,0.31597,48.000,0.632,850.000,325.000,425.000,250.000,375.000,250.000,225.000,275.000,300.000,-1,550.000,650.000,-1,525.000,300.000,950.000,325.000,0,1,1,1,1,1,1,0,0,2,0,0,2,1,1,0,1
68,2210.425,-4568.502,337.159,-103.513,-0.236668,0.970597,0.043938,-0.969816,-0.233261,-0.071043,-0.058705,-0.059425,0.996505,0,0.88000,0.31180,52.800,0.624,850.000,300.000,375.000,225.000,300.000,225.000,200.000,275.000,300.000,-1,550.000,625.000,-1,500.000,250.000,950.000,275.000,0,1,1,1,1,1,1,0,0,2,0,0,2,1,1,0,1
69,2198.336,-4621.272,334.253,-102.900,-0.225953,0.973250,0.041599,-0.972506,-0.222898,-0.067441,-0.056365,-0.055694,0.996856,0,0.90230,0.30691,54.138,0.614,900.000,300.000,350.000,175.000,250.000,200.000,175.000,300.000,300.000,-1,550.000,600.000,-1,500.000,225.000,1000.000,200.000,0,1,1,1,1,1,1,0,0,2,0,0,2,1,1,0,1
70,2186.743,-4674.491,334.953,-102.297,-0.215632,0.974961,0.054348,-0.975448,-0.212519,-0.057770,-0.044773,-0.065471,0.996849,0,0.90781,0.30141,54.468,0.603,1000.000,275.000,325.000,175.000,175.000,200.000,150.000,275.000,325.000,-1,400.000,475.000,-1,500.000,200.000,-1,175.000,0,1,1,1,1,1,1,0,0,2,0,0,2,1,1,2,1
71,2175.658,-4728.137,341.928,-101.706,-0.204298,0.974423,0.093609,-0.978799,-0.201903,-0.034474,-0.014693,-0.098667,0.995012,0,0.91303,0.29531,54.782,0.591,-1,325.000,350.000,175.000,175.000,225.000,150.000,275.000,400.000,750.000,225.000,325.000,-1,725.000,200.000,-1,150.000,2,1,1,1,1,1,1,0,0,0,0,0,2,1,1,2,1
72,2165.068,-4782.183,349.227,-101.129,-0.190845,0.972444,0.133906,-0.981485,-0.191300,-0.009587,0.016294,-0.133257,0.990948,0,0.91790,0.28853,55.074,0.577,-1,350.000,375.000,175.000,150.000,225.000,150.000,250.000,525.000,450.000,150.000,250.000,-1,950.000,200.000,-1,150.000,2,1,1,1,1,1,1,0,0,0,0,0,2,0,1,2,1
73,7543.219,9511.017,255.671,173.950,-0.993805,-0.105374,-0.035314,0.104707,-0.994297,0.020259,-0.037248,0.016436,0.999171,1,0.00000,0.00000,55.340,0.562,-1,400.000,-1,450.000,-1,325.000,325.000,325.000,325.000,-1,-1,0.000,-1,-1,-1,-1,-1,2,0,2,0,2,0,0,0,0,2,2,0,2,2,2,2,2
74,7538.443,9511.503,255.487,174.190,-0.994224,-0.101208,-0.035709,0.100523,-0.994724,0.020491,-0.037595,0.016783,0.999152,0,0.08000,0.12000,4.800,0.240,-1,400.000,-1,450.000,-1,325.000,325.000,325.000,325.000,-1,-1,0.000,-1,-1,-1,-1,-1,2,0,2,0,2,0,0,0,0,2,2,0,2,2,2,2,2
75,7528.885,9512.394,255.122,174.670,-0.995009,-0.092870,-0.036503,0.092150,-0.995525,0.020931,-0.038284,0.017463,0.999114,0,0.16000,0.24000,9.600,0.480,-1,425.000,-1,450.000,-1,325.000,325.000,325.000,325.000,-1,-1,0.000,-1,-1,-1,-1,-1,2,0,2,0,2,0,0,0,0,2,2,0,2,2,2,2,2
76,7514.536,9513.608,254.583,175.166,-0.995730,-0.084249,-0.037724,0.083479,-0.996277,0.021537,-0.039398,0.018296,0.999056,0,0.24000,0.24795,14.400,0.496,-1,425.000,-1,450.000,-1,325.000,325.000,325.000,325.000,-1,-1,0.000,-1,-1,-1,-1,-1,2,0,2,0,2,0,0,0,0,2,2,0,2,2,2,2,2
77,7495.391,9515.062,253.873,175.656,-0.996350,-0.075735,-0.039374,0.074899,-0.996942,0.022281,-0.040941,0.019251,0.998976,0,0.32000,0.24470,19.200,0.489,-1,425.000,-1,450.000,-1,325.000,325.000,325.000,325.000,-1,-1,0.000,-1,-1,-1,-1,-1,2,0,2,0,2,0,0,0,0,2,2,0,2,2,2,2,2
78,7471.445,9516.679,252.992,176.136,-0.996867,-0.067366,-0.041455,0.066448,-0.997522,0.023140,-0.042911,0.020313,0.998872,0,0.40000,0.24036,24.000,0.481,-1,425.000,-1,450.000,-1,325.000,325.000,325.000,325.000,-1,-1,0.000,-1,-1,-1,-1,-1,2,0,2,0,2,0,0,0,0,2,2,0,2,2,2,2,2
79,7442.695,9518.384,251.943,176.606,-0.997278,-0.059183,-0.043968,0.058165,-0.998016,0.024088,-0.045306,0.021465,0.998742,0,0.48000,0.23491,28.800,0.470,-1,425.000,-1,450.000,-1,325.000,325.000,325.000,325.000,-1,-1,0.000,-1,-1,-1,-1,-1,2,0,2,0,2,0,0,0,0,2,2,0,2,2,2,2,2
80,7409.139,9520.106,250.725,177.063,-0.997585,-0.051227,-0.046911,0.050090,-0.998429,0.025104,-0.048124,0.022694,0.998584,0,0.56000,0.22830,33.600,0.457,-1,425.000,-1,450.000,-1,325.000,325.000,325.000,325.000,-1,-1,0.000,-1,-1,-1,-1,-1,2,0,2,0,2,0,0,0,0,2,2,0,2,2,2,2,2
81,7370.775,9521.778,249.341,177.504,-0.997785,-0.043540,-0.050284,0.042264,-0.998764,0.026168,-0.051361,0.023985,0.998392,0,0.64000,0.22047,38.400,0.441,-1,425.000,-1,450.000,-1,325.000,350.000,325.000,350.000,-1,-1,0.000,-1,-1,-1,-1,-1,2,0,2,0,2,0,0,0,0,2,2,0,2,2,2,2,2
82,7327.603,9523.341,247.792,177.927,-0.997881,-0.036169,-0.054083,0.034733,-0.999025,0.027261,-0.055017,0.025325,0.998164,0,0.72000,0.21137,43.200,0.423,-1,425.000,-1,450.000,-1,325.000,350.000,350.000,350.000,-1,-1,0.000,-1,-1,-1,-1,-1,2,0,2,0,2,0,0,0,0,2,2,0,2,2,2,2,2
83,7279.623,9524.741,246.079,178.328,-0.997873,-0.029160,-0.058307,0.027542,-0.999218,0.028370,-0.059089,0.026704,0.997895,0,0.80000,0.20092,48.000,0.402,-1,450.000,-1,450.000,-1,350.000,350.000,350.000,350.000,-1,-1,0.000,-1,-1,-1,-1,-1,2,0,2,0,2,0,0,0,0,2,2,0,2,2,2,2,2
84,7230.982,9525.840,244.351,178.706,-0.997784,-0.022566,-0.062587,0.020758,-0.999352,0.029390,-0.063210,0.028026,0.997607,0,0.81088,0.18903,48.653,0.378,-1,450.000,-1,450.000,-1,350.000,350.000,350.000,350.000,-1,-1,0.000,-1,-1,-1,-1,-1,2,0,2,0,2,0,0,0,0,2,2,0,2,2,2,2,2
85,7182.161,9526.641,240.602,179.060,-0.997692,-0.016402,-0.065892,0.014500,-0.999467,0.029236,-0.066336,0.028213,0.997398,0,0.81377,0.17668,48.826,0.353,-1,450.000,-1,450.000,-1,350.000,350.000,350.000,350.000,-1,-1,0.000,-1,-1,-1,-1,-1,2,0,2,0,2,0,0,0,0,2,2,0,2,2,2,2,2
86,7133.137,9527.165,236.105,179.388,-0.997481,-0.010680,-0.070122,0.008579,-0.999507,0.030196,-0.070410,0.029518,0.997081,0,0.81711,0.16400,49.027,0.328,-1,450.000,-1,450.000,-1,350.000,350.000,325.000,325.000,-1,-1,0.000,-1,-1,-1,-1,-1,2,0,2,0,2,0,0,0,0,2,2,0,2,2,2,2,2
87,7083.883,9527.431,231.595,179.690,-0.997216,-0.005411,-0.074369,0.003108,-0.999513,0.031054,-0.074501,0.030736,0.996747,0,0.82090,0.15099,49.254,0.302,-1,425.000,-1,450.000,-1,350.000,350.000,325.000,325.000,-1,-1,0.000,-1,-1,-1,-1,-1,2,0,2,0,2,0,0,0,0,2,2,0,2,2,2,2,2
88,7034.374,9527.462,227.068,179.965,-0.996903,-0.000609,-0.078633,-0.001900,-0.999492,0.031823,-0.078612,0.031874,0.996396,0,0.82513,0.13765,49.508,0.275,-1,425.000,-1,450.000,-1,350.000,350.000,325.000,325.000,-1,-1,-1,-1,1000.000,-1,-1,-1,2,0,2,0,2,0,0,0,0,2,2,2,2,0,2,2,2
89,6984.586,9527.277,222.524,180.213,-0.996550,0.003716,-0.082915,-0.006432,-0.999450,0.032517,-0.082748,0.032938,0.996026,0,0.82980,0.12396,49.788,0.248,-1,425.000,-1,425.000,-1,350.000,350.000,325.000,325.000,-1,-1,-1,-1,975.000,-1,-1,-1,2,0,2,0,2,0,0,0,0,2,2,2,2,0,2,2,2
90,6934.492,9526.898,217.957,180.433,-0.996161,0.007551,-0.087217,-0.010477,-0.999396,0.033149,-0.086914,0.033935,0.995638,0,0.83492,0.10993,50.095,0.220,-1,425.000,-1,425.000,-1,325.000,350.000,300.000,300.000,-1,-1,-1,-1,950.000,1000.000,-1,-1,2,0,2,0,2,0,0,0,0,2,2,2,2,0,0,2,2
91,6889.201,9526.192,213.844,180.893,-0.995721,0.015571,-0.091095,-0.018711,-0.999256,0.033720,-0.090502,0.035280,0.995271,0,0.75492,0.22993,45.295,0.460,-1,425.000,-1,425.000,-1,325.000,350.000,300.000,300.000,-1,-1,-1,-1,925.000,975.000,-1,-1,2,0,2,0,2,0,0,0,0,2,2,2,2,0,0,2,2
92,6848.721,9525.067,210.190,181.593,-0.995133,0.027773,-0.094551,-0.031128,-0.998930,0.034190,-0.093500,0.036966,0.994933,0,0.67492,0.34993,40.495,0.700,-1,425.000,-1,425.000,-1,325.000,325.000,300.000,300.000,-1,-1,-1,-1,925.000,950.000,-1,-1,2,0,2,0,2,0,0,0,0,2,2,2,2,0,0,2,2
93,6813.061,9523.489,206.997,182.532,-0.994247,0.044151,-0.097590,-0.047719,-0.998264,0.034535,-0.095896,0.038993,0.994627,0,0.59492,0.46993,35.695,0.940,-1,425.000,-1,425.000,-1,325.000,325.000,300.000,325.000,-1,-1,-1,-1,900.000,950.000,-1,-1,2,0,2,0,2,0,0,0,0,2,2,2,2,0,0,2,2
94,6782.230,9521.488,204.270,183.712,-0.992860,0.064691,-0.100219,-0.068471,-0.997048,0.034746,-0.097675,0.041360,0.994359,0,0.51492,0.58993,30.895,1.180,-1,425.000,-1,425.000,-1,325.000,325.000,300.000,325.000,-1,-1,-1,-1,875.000,925.000,-1,-1,2,0,2,0,2,0,0,0,0,2,2,2,2,0,0,2,2
95,6756.240,9519.153,202.008,185.132,-0.990716,0.089366,-0.102445,-0.093356,-0.995024,0.034825,-0.098823,0.044065,0.994129,0,0.43492,0.70993,26.095,1.420,-1,400.000,-1,425.000,-1,325.000,325.000,325.000,325.000,-1,-1,-1,-1,875.000,925.000,-1,-1,2,0,2,0,2,0,0,0,0,2,2,2,2,0,0,2,2
96,6735.094,9516.633,200.211,186.792,-0.987507,0.118134,-0.104282,-0.122330,-0.991880,0.034785,-0.099326,0.047108,0.993939,0,0.35492,0.82993,21.295,1.660,-1,400.000,-1,425.000,-1,325.000,325.000,325.000,325.000,-1,-1,-1,-1,850.000,925.000,-1,-1,2,0,2,0,2,0,0,0,0,2,2,2,2,0,0,2,2
97,6718.789,9514.139,198.874,188.692,-0.982873,0.150927,-0.105746,-0.155328,-0.987255,0.034651,-0.099169,0.050483,0.993789,0,0.27492,0.94993,16.495,1.900,-1,400.000,-1,425.000,-1,325.000,325.000,325.000,325.000,-1,-1,-1,-1,850.000,900.000,-1,-1,2,0,2,0,2,0,0,0,0,2,2,2,2,0,0,2,2
98,6707.295,9511.982,197.981,190.619,-0.977101,0.184005,-0.106840,-0.188592,-0.981451,0.034460,-0.098518,0.053820,0.993679,0,0.19492,0.96343,11.695,1.927,-1,400.000,-1,425.000,-1,325.000,325.000,325.000,325.000,-1,-1,-1,-1,850.000,900.000,-1,-1,2,0,2,0,2,0,0,0,0,2,2,2,2,0,0,2,2
99,6700.565,9510.483,197.514,192.539,-0.970280,0.216758,-0.107579,-0.221513,-0.974555,0.034268,-0.097414,0.057079,0.993606,0,0.11492,0.96039,6.895,1.921,-1,400.000,-1,425.000,-1,325.000,325.000,325.000,325.000,-1,-1,-1,-1,825.000,900.000,-1,-1,2,0,2,0,2,0,0,0,0,2,2,2,2,0,0,2,2
100,6698.538,9509.958,197.458,194.457,-0.962414,0.249196,-0.107984,-0.254103,-0.966575,0.034132,-0.095869,0.060288,0.993567,0,0.03492,0.95866,2.095,1.917,-1,400.000,-1,425.000,-1,325.000,325.000,325.000,325.000,-1,-1,-1,-1,825.000,900.000,-1,-1,2,0,2,0,2,0,0,0,0,2,2,2,2,0,0,2,2
101,6701.135,9510.719,197.799,196.373,-0.953507,0.281323,-0.108084,-0.286371,-0.957511,0.034110,-0.093896,0.063476,0.993556,0,-0.04508,0.95816,-2.705,1.916,-1,400.000,-1,425.000,-1,325.000,325.000,325.000,325.000,-1,-1,-1,-1,825.000,900.000,-1,-1,2,0,2,0,2,0,0,0,0,2,2,2,2,0,0,2,2
102,6708.262,9513.072,198.519,198.291,-0.943556,0.313139,-0.107916,-0.318321,-0.947363,0.034263,-0.091506,0.066681,0.993569,0,-0.12508,0.95877,-7.505,1.918,-1,400.000,-1,425.000,-1,325.000,325.000,325.000,325.000,-1,-1,-1,-1,825.000,900.000,-1,-1,2,0,2,0,2,0,0,0,0,2,2,2,2,0,0,2,2
103,6719.811,9517.321,199.603,200.211,-0.932557,0.344639,-0.107525,-0.349954,-0.936126,0.034653,-0.088715,0.069944,0.993598,0,-0.20508,0.96039,-12.305,1.921,-1,400.000,-1,425.000,-1,325.000,325.000,325.000,325.000,-1,-1,-1,-1,800.000,900.000,-1,-1,2,0,2,0,2,0,0,0,0,2,2,2,2,0,0,2,2
104,6735.658,9523.764,201.035,202.137,-0.920502,0.375811,-0.106970,-0.381261,-0.923791,0.035347,-0.085534,0.073321,0.993634,0,-0.28508,0.96286,-17.105,1.926,-1,400.000,-1,425.000,-1,325.000,325.000,325.000,325.000,-1,-1,-1,-1,800.000,900.000,-1,-1,2,0,2,0,2,0,0,0,0,2,2,2,2,0,0,2,2
105,6752.828,9531.429,202.578,204.069,-0.907364,0.406636,-0.106478,-0.412230,-0.910359,0.036234,-0.082199,0.076771,0.993655,0,-0.31337,0.96603,-18.802,1.932,-1,400.000,-1,425.000,-1,325.000,325.000,325.000,325.000,-1,-1,-1,-1,800.000,900.000,-1,-1,2,0,2,0,2,0,0,0,0,2,2,2,2,0,0,2,2
106,6769.634,9539.625,204.099,206.008,-0.893137,0.437077,-0.106164,-0.442822,-0.895837,0.037215,-0.078840,0.080250,0.993652,0,-0.31162,0.96921,-18.697,1.938,-1,400.000,-1,425.000,-1,325.000,325.000,325.000,325.000,-1,-1,-1,-1,800.000,900.000,-1,-1,2,0,2,0,2,0,0,0,0,2,2,2,2,0,0,2,2
107,6786.043,9548.328,205.598,207.952,-0.877833,0.467081,-0.106036,-0.472985,-0.880239,0.038276,-0.075459,0.083754,0.993625,0,-0.30954,0.97207,-18.572,1.944,-1,400.000,-1,400.000,-1,325.000,325.000,350.000,325.000,-1,-1,-1,-1,825.000,900.000,-1,-1,2,0,2,0,2,0,0,0,0,2,2,2,2,0,0,2,2
108,6802.023,9557.512,207.072,209.901,-0.861471,0.496600,-0.106100,-0.502669,-0.863581,0.039404,-0.072058,0.087279,0.993574,0,-0.30716,0.97459,-18.430,1.949,-1,400.000,-1,400.000,-1,325.000,325.000,350.000,325.000,-1,-1,-1,-1,825.000,900.000,-1,-1,2,0,2,0,2,0,0,0,0,2,2,2,2,0,0,2,2
109,6817.546,9567.152,208.521,211.854,-0.844068,0.525582,-0.106360,-0.531825,-0.845881,0.040583,-0.068638,0.090820,0.993499,0,-0.30452,0.97676,-18.271,1.954,-1,400.000,-1,400.000,-1,325.000,325.000,350.000,300.000,-1,-1,-1,-1,825.000,875.000,-1,-1,2,0,2,0,2,0,0,0,0,2,2,2,2,0,0,2,2
110,6832.587,9577.222,209.500,213.812,-0.825861,0.554073,-0.104675,-0.560252,-0.827301,0.041120,-0.063814,0.092604,0.993656,0,-0.30164,0.97860,-18.098,1.957,-1,400.000,-1,400.000,-1,325.000,325.000,350.000,325.000,-1,-1,-1,-1,825.000,900.000,-1,-1,2,0,2,0,2,0,0,0,0,2,2,2,2,0,0,2,2
111,6847.125,9587.692,210.335,215.772,-0.806712,0.581974,-0.102577,-0.588032,-0.807764,0.041669,-0.058607,0.093933,0.993852,0,-0.29856,0.98009,-17.914,1.960,-1,400.000,-1,400.000,-1,325.000,325.000,350.000,325.000,-1,-1,-1,-1,825.000,900.000,-1,-1,2,0,2,0,2,0,0,0,0,2,2,2,2,0,0,2,2
112,6861.142,9598.536,211.121,217.734,-0.786602,0.609222,-0.100530,-0.615154,-0.787266,0.042390,-0.053319,0.095185,0.994031,0,-0.29533,0.98124,-17.720,1.962,-1,425.000,-1,425.000,-1,325.000,325.000,350.000,325.000,-1,-1,-1,-1,825.000,900.000,-1,-1,2,0,2,0,2,0,0,0,0,2,2,2,2,0,0,2,2
113,6874.624,9609.725,211.858,219.698,-0.765558,0.635774,-0.098549,-0.641577,-0.765837,0.043281,-0.047955,0.096361,0.994191,0,-0.29198,0.98206,-17.519,1.964,-1,425.000,-1,425.000,-1,325.000,325.000,350.000,325.000,-1,-1,-1,-1,850.000,925.000,-1,-1,2,0,2,0,2,0,0,0,0,2,2,2,2,0,0,2,2
114,6887.562,9621.234,212.549,221.664,-0.743611,0.661590,-0.096649,-0.667259,-0.743505,0.044341,-0.042524,0.097462,0.994330,0,-0.28855,0.98255,-17.313,1.965,-1,425.000,-1,425.000,-1,325.000,325.000,350.000,325.000,-1,-1,-1,-1,875.000,925.000,-1,-1,2,0,2,0,2,0,0,0,0,2,2,2,2,0,0,2,2
115,6899.946,9633.035,213.194,223.629,-0.720793,0.686631,-0.094845,-0.692160,-0.720304,0.045565,-0.037031,0.098491,0.994449,0,-0.28508,0.98271,-17.105,1.965,-1,425.000,-1,425.000,-1,350.000,350.000,350.000,325.000,-1,-1,-1,-1,900.000,950.000,-1,-1,2,0,2,0,2,0,0,0,0,2,2,2,2,0,0,2,2
116,6911.773,9645.106,213.795,225.594,-0.697139,0.710859,-0.093151,-0.716244,-0.696269,0.046948,-0.031485,0.099448,0.994544,0,-0.28161,0.98256,-16.897,1.965,-1,425.000,-1,425.000,-1,350.000,350.000,350.000,325.000,-1,-1,-1,-1,900.000,950.000,-1,-1,2,0,2,0,2,0,0,0,0,2,2,2,2,0,0,2,2
117,6919.975,9654.000,214.078,227.319,-0.675647,0.731489,-0.091784,-0.736718,-0.674546,0.047268,-0.027337,0.099555,0.994656,0,-0.20161,0.86256,-12.097,1.725,-1,425.000,-1,425.000,-1,350.000,350.000,350.000,325.000,-1,-1,-1,-1,925.000,950.000,-1,-1,2,0,2,0,2,0,0,0,0,2,2,2,2,0,0,2,2
118,6924.775,9659.498,214.143,228.885,-0.655561,0.749680,-0.090663,-0.754753,-0.654336,0.046816,-0.024227,0.099119,0.994781,0,-0.12161,0.78284,-7.297,1.566,-1,425.000,-1,425.000,-1,350.000,350.000,350.000,325.000,-1,-1,-1,-1,925.000,950.000,-1,-1,2,0,2,0,2,0,0,0,0,2,2,2,2,0,0,2,2
119,6926.366,9661.424,214.145,230.450,-0.634966,0.767306,-0.089778,-0.772242,-0.633650,0.046152,-0.021475,0.098635,0.994892,0,-0.04161,0.78242,-2.497,1.565,-1,425.000,-1,425.000,-1,350.000,350.000,325.000,325.000,-1,-1,-1,-1,925.000,950.000,-1,-1,2,0,2,0,2,0,0,0,0,2,2,2,2,0,0,2,2
120,6924.949,9659.610,214.105,232.014,-0.613870,0.784363,-0.089095,-0.789176,-0.612499,0.045233,-0.019092,0.098079,0.994995,0,0.03839,0.78225,2.303,1.565,-1,425.000,-1,425.000,-1,350.000,350.000,325.000,325.000,-1,-1,-1,-1,925.000,950.000,-1,-1,2,0,2,0,2,0,0,0,0,2,2,2,2,0,0,2,2
121,6920.733,9653.896,214.048,233.579,-0.592279,0.800849,-0.088581,-0.805552,-0.590888,0.044024,-0.017085,0.097431,0.995096,0,0.11839,0.78244,7.103,1.565,-1,425.000,-1,425.000,-1,350.000,350.000,325.000,325.000,-1,-1,-1,-1,925.000,950.000,-1,-1,2,0,2,0,2,0,0,0,0,2,2,2,2,0,0,2,2
122,6913.931,9644.130,213.995,235.145,-0.570197,0.816760,-0.088198,-0.821363,-0.568821,0.042498,-0.015459,0.096675,0.995196,0,0.19839,0.78308,11.903,1.566,-1,425.000,-1,425.000,-1,350.000,350.000,325.000,325.000,-1,-1,-1,-1,925.000,925.000,-1,-1,2,0,2,0,2,0,0,0,0,2,2,2,2,0,0,2,2
123,6904.765,9630.168,213.641,236.714,-0.547602,0.831998,-0.088946,-0.836617,-0.546234,0.041234,-0.014279,0.096994,0.995183,0,0.27839,0.78428,16.703,1.569,-1,425.000,-1,425.000,-1,350.000,350.000,325.000,325.000,-1,-1,-1,-1,925.000,925.000,-1,-1,2,0,2,0,2,0,0,0,0,2,2,2,2,0,0,2,2
124,6893.463,9611.876,213.099,238.286,-0.524514,0.846584,-0.090447,-0.851297,-0.523147,0.040127,-0.013346,0.098044,0.995093,0,0.35839,0.78609,21.503,1.572,-1,425.000,-1,425.000,-1,325.000,350.000,325.000,325.000,-1,-1,-1,-1,925.000,900.000,-1,-1,2,0,2,0,2,0,0,0,0,2,2,2,2,0,0,2,2
125,6880.259,9589.129,212.567,239.863,-0.500925,0.860565,-0.092204,-0.865397,-0.499592,0.038683,-0.012775,0.099170,0.994988,0,0.43839,0.78858,26.303,1.577,-1,425.000,-1,425.000,-1,325.000,325.000,325.000,325.000,-1,-1,-1,-1,925.000,875.000,-1,-1,2,0,2,0,2,0,0,0,0,2,2,2,2,0,0,2,2
126,6865.395,9561.809,212.074,241.447,-0.476826,0.873940,-0.094159,-0.878908,-0.475563,0.036885,-0.012543,0.100345,0.994874,0,0.51839,0.79179,31.103,1.584,-1,425.000,-1,400.000,-1,325.000,325.000,325.000,325.000,-1,-1,-1,-1,900.000,850.000,-1,-1,2,0,2,0,2,0,0,0,0,2,2,2,2,0,0,2,2
127,6849.119,9529.809,211.646,243.038,-0.452210,0.886702,-0.096254,-0.891822,-0.451052,0.034724,-0.012625,0.101544,0.994751,0,0.59839,0.79576,35.903,1.592,-1,425.000,-1,400.000,-1,325.000,325.000,325.000,325.000,-1,-1,-1,-1,900.000,825.000,-1,-1,2,0,2,0,2,0,0,0,0,2,2,2,2,0,0,2,2
128,6831.687,9493.029,211.311,244.639,-0.427067,0.898847,-0.098425,-0.904127,-0.426049,0.032196,-0.012995,0.102739,0.994623,0,0.67839,0.80051,40.703,1.601,-1,425.000,-1,400.000,-1,325.000,325.000,350.000,325.000,-1,-1,-1,-1,900.000,800.000,-1,-1,2,0,2,0,2,0,0,0,0,2,2,2,2,0,0,2,2
129,6813.364,9451.380,211.097,246.251,-0.401385,0.910366,-0.100614,-0.915808,-0.400546,0.029304,-0.013623,0.103905,0.994494,0,0.75839,0.80603,45.503,1.612,-1,400.000,-1,400.000,-1,325.000,325.000,350.000,325.000,-1,-1,-1,-1,875.000,775.000,-1,-1,2,0,2,0,2,0,0,0,0,2,2,2,2,0,0,2,2
130,6794.420,9404.782,211.029,247.876,-0.375156,0.921248,-0.102759,-0.926848,-0.374531,0.026055,-0.014484,0.105017,0.994365,0,0.83839,0.81231,50.303,1.625,-1,400.000,-1,400.000,-1,325.000,325.000,350.000,325.000,-1,-1,-1,-1,875.000,750.000,-1,-1,2,0,2,0,2,0,0,0,0,2,2,2,2,0,0,2,2
131,6775.736,9354.766,211.124,249.515,-0.348385,0.931484,-0.104720,-0.937225,-0.347996,0.022554,-0.015433,0.106003,0.994246,0,0.88991,0.81935,53.394,1.639,-1,400.000,-1,375.000,-1,325.000,325.000,350.000,325.000,-1,-1,-1,-1,850.000,725.000,-1,-1,2,0,2,0,2,0,0,0,0,2,2,2,2,0,0,2,2
132,6758.466,9304.127,211.372,251.168,-0.321092,0.941060,-0.106332,-0.946908,-0.320943,0.018979,-0.016266,0.106780,0.994150,0,0.89174,0.82686,53.505,1.654,-1,400.000,-1,375.000,-1,325.000,325.000,375.000,325.000,-1,-1,-1,-1,850.000,700.000,-1,-1,2,0,2,0,2,0,0,0,0,2,2,2,2,0,0,2,2
133,6743.886,9257.657,211.151,252.582,-0.297763,0.948867,-0.104829,-0.954517,-0.297683,0.016783,-0.015281,0.105058,0.994349,0,0.81174,0.70686,48.705,1.414,-1,400.000,-1,375.000,-1,325.000,325.000,375.000,325.000,-1,-1,-1,-1,850.000,700.000,-1,-1,2,0,2,0,2,0,0,0,0,2,2,2,2,0,0,2,2
134,6731.602,9215.508,210.823,253.756,-0.278297,0.955022,-0.102394,-0.960390,-0.278258,0.014953,-0.014212,0.102499,0.994632,0,0.73174,0.58686,43.905,1.174,-1,400.000,-1,375.000,-1,325.000,325.000,375.000,325.000,-1,-1,-1,-1,850.000,700.000,-1,-1,2,0,2,0,2,0,0,0,0,2,2,2,2,0,0,2,2
135,6720.279,9174.160,210.552,254.690,-0.262716,0.959694,-0.099840,-0.964778,-0.262731,0.013231,-0.013533,0.099800,0.994916,0,0.71451,0.46686,42.871,0.934,-1,400.000,-1,375.000,-1,325.000,325.000,350.000,325.000,-1,-1,-1,-1,825.000,700.000,-1,-1,2,0,2,0,2,0,0,0,0,2,2,2,2,0,0,2,2
