timestep,x_cm,y_cm,z_cm,yaw_deg,basis_xx,basis_xy,basis_xz,basis_yx,basis_yy,basis_yz,basis_zx,basis_zy,basis_zz,teleport_flag,throttle_cmd,steering_cmd,cmd_move_cm,cmd_turn_deg,lidar_cm_0,lidar_cm_1,lidar_cm_2,lidar_cm_3,lidar_cm_4,lidar_cm_5,lidar_cm_6,lidar_cm_7,lidar_cm_8,lidar_cm_9,lidar_cm_10,lidar_cm_11,lidar_cm_12,lidar_cm_13,lidar_cm_14,lidar_cm_15,lidar_cm_16,lidar_class_0,lidar_class_1,lidar_class_2,lidar_class_3,lidar_class_4,lidar_class_5,lidar_class_6,lidar_class_7,lidar_class_8,lidar_class_9,lidar_class_10,lidar_class_11,lidar_class_12,lidar_class_13,lidar_class_14,lidar_class_15,lidar_class_16
0,-5570.667,6230.700,-17.460,-7.934,0.989886,0.137902,-0.033307,-0.136261,0.989541,0.047346,0.039488,-0.042329,0.998323,1,0.08000,-0.12000,4.800,-0.240,-1,375.000,-1,400.000,-1,325.000,325.000,300.000,300.000,-1,475.000,475.000,-1,700.000,750.000,-1,-1,2,0,2,0,2,0,0,0,0,2,0,0,2,0,0,2,2
1,-5561.170,6229.295,-17.097,-8.414,0.988684,0.146189,-0.033668,-0.144527,0.988364,0.047413,0.040207,-0.042011,0.998308,0,0.16000,-0.24000,9.600,-0.480,-1,375.000,-1,400.000,-1,325.000,325.000,300.000,300.000,-1,475.000,475.000,-1,700.000,750.000,-1,-1,2,0,2,0,2,0,0,0,0,2,0,0,2,0,0,2,2
2,-5546.952,6227.009,-16.547,-9.134,0.986750,0.158600,-0.034201,-0.156908,0.986469,0.047530,0.041276,-0.041534,0.998284,0,0.24000,-0.36000,14.400,-0.720,-1,375.000,-1,400.000,-1,325.000,325.000,300.000,300.000,-1,500.000,475.000,-1,700.000,750.000,-1,-1,2,0,2,0,2,0,0,0,0,2,0,0,2,0,0,2,2
3,-5528.049,6223.644,-15.803,-10.094,0.983930,0.175110,-0.034896,-0.173377,0.983699,0.047714,0.042682,-0.040897,0.998251,0,0.32000,-0.48000,19.200,-0.960,-1,375.000,-1,400.000,-1,325.000,325.000,300.000,300.000,-1,500.000,500.000,-1,700.000,750.000,-1,-1,2,0,2,0,2,0,0,0,0,2,0,0,2,0,0,2,2
4,-5504.507,6218.978,-14.860,-11.207,0.980311,0.194199,-0.035736,-0.192416,0.980140,0.047979,0.044344,-0.040158,0.998209,0,0.40000,-0.55674,24.000,-1.113,-1,375.000,-1,400.000,-1,325.000,325.000,300.000,300.000,-1,500.000,500.000,-1,700.000,775.000,-1,-1,2,0,2,0,2,0,0,0,0,2,0,0,2,0,0,2,2
5,-5476.370,6212.831,-13.708,-12.324,0.976304,0.213267,-0.036703,-0.211427,0.976198,0.048324,0.046136,-0.039419,0.998157,0,0.48000,-0.55826,28.800,-1.117,-1,375.000,-1,400.000,-1,325.000,325.000,300.000,300.000,-1,525.000,500.000,-1,700.000,775.000,-1,-1,2,0,2,0,2,0,0,0,0,2,0,0,2,0,0,2,2
6,-5443.691,6205.019,-12.342,-13.444,0.971906,0.232317,-0.037781,-0.230413,0.971870,0.048763,0.048046,-0.038688,0.998096,0,0.56000,-0.56008,33.600,-1.120,-1,375.000,-1,400.000,-1,325.000,325.000,300.000,300.000,-1,550.000,525.000,-1,700.000,775.000,-1,-1,2,0,2,0,2,0,0,0,0,2,0,0,2,0,0,2,2
7,-5406.525,6195.359,-10.759,-14.568,0.967113,0.251349,-0.038947,-0.249373,0.967151,0.049307,0.050061,-0.037973,0.998024,0,0.64000,-0.56215,38.400,-1.124,-1,375.000,-1,400.000,-1,325.000,325.000,300.000,300.000,-1,550.000,550.000,-1,700.000,800.000,-1,-1,2,0,2,0,2,0,0,0,0,2,0,0,2,0,0,2,2
8,-5364.936,6183.671,-8.955,-15.697,0.961921,0.270359,-0.040180,-0.268305,0.962037,0.049967,0.052163,-0.037284,0.997942,0,0.72000,-0.56438,43.200,-1.129,-1,375.000,-1,400.000,-1,325.000,325.000,300.000,300.000,-1,525.000,525.000,-1,725.000,825.000,-1,-1,2,0,2,0,2,0,0,0,0,2,0,0,2,0,1,2,2
9,-5318.992,6169.773,-6.718,-16.830,0.956342,0.289351,-0.041052,-0.287279,0.956554,0.049757,0.053666,-0.035791,0.997917,0,0.80000,-0.56668,48.000,-1.133,-1,375.000,-1,400.000,-1,325.000,325.000,300.000,300.000,-1,525.000,525.000,-1,725.000,850.000,-1,-1,2,0,2,0,2,0,0,0,0,2,0,0,2,0,1,2,2
10,-5270.317,6153.986,-4.030,-17.968,0.950357,0.308317,-0.041976,-0.306292,0.950706,0.048408,0.054832,-0.033148,0.997945,0,0.85284,-0.56891,51.170,-1.138,-1,375.000,-1,400.000,-1,325.000,325.000,300.000,300.000,-1,550.000,550.000,-1,725.000,850.000,-1,-1,2,0,2,0,2,0,0,0,0,2,0,0,2,0,1,2,2
11,-5222.280,6137.342,-1.324,-19.110,0.943969,0.327228,-0.042957,-0.325254,0.944454,0.047081,0.055977,-0.030471,0.997967,0,0.84732,-0.57089,50.839,-1.142,-1,400.000,-1,400.000,-1,325.000,325.000,300.000,300.000,-1,600.000,575.000,-1,750.000,850.000,-1,-1,2,0,2,0,2,0,0,0,0,2,0,0,2,0,1,2,2
12,-5171.421,6118.627,1.667,-20.202,0.937520,0.345192,-0.043584,-0.343272,0.938110,0.045979,0.056759,-0.028145,0.997991,0,0.90320,-0.54602,54.192,-1.092,-1,400.000,-1,400.000,-1,325.000,325.000,300.000,300.000,-1,650.000,625.000,-1,750.000,850.000,-1,-1,2,0,2,0,2,0,0,0,0,2,0,0,2,0,0,2,2
13,-5121.132,6099.012,4.791,-21.308,0.930671,0.363249,-0.043610,-0.361380,0.931319,0.045277,0.057061,-0.026378,0.998022,0,0.89966,-0.55287,53.980,-1.106,-1,400.000,-1,400.000,-1,325.000,325.000,300.000,300.000,-1,725.000,675.000,-1,750.000,850.000,-1,-1,2,0,2,0,2,0,0,0,0,2,0,0,2,0,0,2,2
14,-5071.447,6078.506,7.942,-22.427,0.923376,0.381387,-0.043822,-0.379571,0.924092,0.044487,0.057462,-0.024445,0.998048,0,0.89584,-0.55952,53.750,-1.119,-1,400.000,-1,400.000,-1,325.000,325.000,300.000,300.000,-1,800.000,750.000,-1,775.000,875.000,-1,-1,2,0,2,0,2,0,0,0,0,2,0,0,2,0,0,2,2
15,-5022.402,6057.120,11.039,-23.559,0.915643,0.399586,-0.043922,-0.397827,0.916418,0.043713,0.057718,-0.022552,0.998078,0,0.89175,-0.56598,53.505,-1.132,-1,400.000,-1,400.000,-1,325.000,325.000,300.000,550.000,-1,875.000,825.000,-1,775.000,875.000,-1,-1,2,0,2,0,2,0,0,0,1,2,0,0,2,0,0,2,2
16,-4974.030,6034.868,14.076,-24.703,0.907465,0.417827,-0.043898,-0.416129,0.908290,0.042955,0.057820,-0.020713,0.998112,0,0.88741,-0.57225,53.244,-1.145,-1,400.000,-1,425.000,-1,325.000,325.000,300.000,750.000,-1,950.000,900.000,-1,800.000,900.000,-1,-1,2,0,2,1,2,0,0,0,1,2,0,0,2,0,0,2,2
17,-4926.365,6011.764,17.051,-25.860,0.898838,0.436093,-0.043749,-0.434458,0.899703,0.042205,0.057766,-0.018928,0.998151,0,0.88283,-0.57834,52.970,-1.157,-1,400.000,-1,425.000,-1,325.000,325.000,300.000,875.000,-1,-1,975.000,-1,800.000,900.000,-1,-1,2,0,2,1,2,0,0,0,1,2,2,0,2,0,0,2,2
18,-4879.437,5987.824,19.958,-27.028,0.889755,0.454363,-0.043474,-0.452795,0.890650,0.041457,0.057556,-0.017201,0.998194,0,0.87802,-0.58425,52.681,-1.169,-1,400.000,-1,425.000,-1,325.000,325.000,300.000,975.000,-1,-1,-1,-1,825.000,925.000,-1,-1,2,0,2,1,2,0,0,0,1,2,2,2,2,0,0,2,2
19,-4833.278,5963.065,22.794,-28.208,0.880212,0.472621,-0.043073,-0.471122,0.881129,0.040703,0.057190,-0.015535,0.998242,0,0.87301,-0.58999,52.380,-1.180,-1,400.000,-1,425.000,-1,325.000,325.000,300.000,-1,-1,-1,-1,-1,825.000,925.000,-1,-1,2,0,2,1,2,0,0,0,2,2,2,2,2,0,0,2,2
20,-4787.916,5937.505,24.757,-29.399,0.870225,0.490865,-0.041944,-0.489653,0.871167,0.036177,0.054298,-0.010944,0.998465,0,0.86779,-0.59556,52.068,-1.191,-1,400.000,-1,425.000,-1,325.000,325.000,300.000,-1,-1,-1,-1,-1,825.000,900.000,-1,-1,2,0,2,1,2,0,1,0,2,2,2,2,2,0,0,2,2
21,-4743.379,5911.165,25.657,-30.601,0.859797,0.509060,-0.040085,-0.508395,0.860729,0.026103,0.047790,-0.002064,0.998855,0,0.86239,-0.60095,51.744,-1.202,-1,400.000,-1,400.000,-1,325.000,325.000,300.000,-1,-1,-1,-1,-1,800.000,825.000,-1,-1,2,0,2,1,2,0,0,0,2,2,2,2,2,0,0,2,2
22,-4699.693,5884.065,26.908,-31.814,0.848890,0.527151,-0.038698,-0.526883,0.849755,0.017653,0.042190,0.005404,0.999095,0,0.85683,-0.60617,51.410,-1.212,-1,375.000,-1,375.000,-1,300.000,300.000,300.000,-1,-1,-1,-1,-1,775.000,775.000,-1,-1,2,0,2,0,2,0,0,0,2,2,2,2,2,0,0,2,2
23,-4658.836,5857.263,28.249,-33.266,0.835315,0.548491,-0.037502,-0.548501,0.836078,0.010932,0.037350,0.011438,0.999237,0,0.81440,-0.72617,48.864,-1.452,-1,375.000,-1,350.000,-1,300.000,300.000,300.000,1000.000,-1,-1,-1,-1,775.000,725.000,-1,-1,2,0,2,0,2,0,0,0,1,2,2,2,2,0,0,2,2
24,-4618.990,5829.407,29.737,-34.958,0.818811,0.572903,-0.036490,-0.573114,0.819458,0.005411,0.033002,0.016483,0.999319,0,0.81031,-0.84617,48.618,-1.692,-1,375.000,-1,350.000,-1,300.000,300.000,300.000,1000.000,-1,-1,-1,-1,750.000,700.000,-1,-1,2,0,2,0,2,0,0,0,1,2,2,2,2,0,0,2,2
25,-4580.248,5800.330,31.421,-36.891,0.799079,0.600158,-0.035824,-0.600524,0.799606,0.000664,0.029044,0.020982,0.999358,0,0.80734,-0.96617,48.440,-1.932,-1,375.000,-1,350.000,-1,300.000,275.000,300.000,1000.000,-1,-1,-1,-1,750.000,675.000,-1,-1,2,0,2,0,2,0,0,0,1,2,2,2,2,0,0,2,2
26,-4542.630,5769.988,33.278,-38.891,0.777693,0.627648,-0.035367,-0.628118,0.778113,-0.002896,0.025702,0.024467,0.999370,0,0.80549,-1.00000,48.329,-2.000,-1,375.000,-1,325.000,-1,300.000,275.000,300.000,1000.000,-1,-1,-1,-1,750.000,650.000,-1,-1,2,0,2,0,2,0,0,0,1,2,2,2,2,0,0,2,2
27,-4506.169,5738.416,35.308,-40.891,0.755356,0.654382,-0.034947,-0.654911,0.755688,-0.005198,0.023007,0.026814,0.999376,0,0.80384,-1.00000,48.230,-2.000,-1,375.000,-1,325.000,-1,300.000,275.000,300.000,1000.000,-1,-1,-1,-1,750.000,650.000,-1,-1,2,0,2,0,2,0,0,0,1,2,2,2,2,0,0,2,2
28,-4470.913,5705.665,37.490,-42.891,0.732093,0.680333,-0.034441,-0.680883,0.732365,-0.006320,0.020924,0.028077,0.999387,0,0.80202,-1.00000,48.121,-2.000,-1,375.000,-1,325.000,-1,300.000,275.000,300.000,1000.000,-1,-1,-1,-1,750.000,650.000,-1,-1,2,0,2,0,2,0,0,0,1,2,2,2,2,0,0,2,2
29,-4436.906,5671.787,39.792,-44.891,0.707931,0.705472,-0.033798,-0.706013,0.708170,-0.006368,0.019442,0.028370,0.999408,0,0.80003,-1.00000,48.002,-2.000,-1,375.000,-1,325.000,-1,300.000,275.000,300.000,-1,-1,-1,-1,-1,775.000,650.000,-1,-1,2,0,2,0,2,0,0,0,2,2,2,2,2,0,0,2,2
30,-4404.190,5636.837,42.186,-46.891,0.682900,0.729769,-0.032931,-0.730277,0.683129,-0.005459,0.018512,0.027777,0.999443,0,0.79787,-1.00000,47.872,-2.000,-1,375.000,-1,325.000,-1,300.000,275.000,300.000,-1,-1,-1,-1,-1,775.000,650.000,-1,-1,2,0,2,0,2,0,0,0,2,2,2,2,2,0,0,2,2
31,-4372.805,5600.872,44.664,-48.891,0.657029,0.753193,-0.031849,-0.753648,0.657268,-0.003726,0.018127,0.026451,0.999486,0,0.79556,-1.00000,47.734,-2.000,-1,375.000,-1,350.000,-1,300.000,300.000,300.000,-1,-1,-1,-1,-1,800.000,675.000,-1,-1,2,0,2,0,2,0,0,0,2,2,2,2,2,0,0,2,2
32,-4342.789,5563.947,47.180,-50.891,0.630353,0.775712,-0.030424,-0.776096,0.630614,-0.001306,0.018173,0.024435,0.999536,0,0.79309,-1.00000,47.585,-2.000,-1,375.000,-1,350.000,-1,300.000,300.000,300.000,-1,-1,-1,-1,-1,825.000,700.000,-1,-1,2,0,2,0,2,0,0,0,2,2,2,2,2,0,0,2,2
33,-4314.174,5526.123,49.705,-52.891,0.602911,0.797296,-0.028607,-0.797593,0.603194,0.001646,0.018568,0.021824,0.999589,0,0.79048,-1.00000,47.429,-2.000,-1,400.000,-1,350.000,-1,300.000,300.000,300.000,-1,-1,-1,-1,-1,825.000,700.000,-1,-1,2,0,2,0,2,0,0,0,2,2,2,2,2,0,0,2,2
34,-4286.991,5487.457,52.173,-54.891,0.574736,0.817914,-0.026344,-0.818110,0.575039,0.005134,0.019348,0.018601,0.999640,0,0.78775,-1.00000,47.265,-2.000,-1,400.000,-1,375.000,-1,325.000,300.000,300.000,-1,-1,-1,-1,-1,875.000,725.000,-1,-1,2,0,2,0,2,0,0,0,2,2,2,2,2,0,0,2,2
35,-4261.266,5448.008,54.527,-56.891,0.545869,0.837538,-0.023583,-0.837619,0.546179,0.009134,0.020530,0.014767,0.999680,0,0.78491,-1.00000,47.094,-2.000,-1,400.000,-1,375.000,-1,325.000,300.000,300.000,-1,-1,-1,-1,-1,900.000,775.000,-1,-1,2,0,2,0,2,0,0,0,2,2,2,2,2,0,0,2,2
36,-4237.024,5407.837,55.356,-58.891,0.516139,0.856072,-0.027221,-0.856109,0.516606,0.013999,0.026047,0.016079,0.999531,0,0.78197,-1.00000,46.918,-2.000,-1,425.000,-1,400.000,-1,325.000,325.000,300.000,-1,-1,-1,-1,-1,950.000,800.000,-1,-1,2,0,2,0,2,0,0,0,2,2,2,2,2,0,0,2,2
37,-4214.286,5367.002,55.815,-60.891,0.485705,0.873546,-0.031739,-0.873524,0.486396,0.019354,0.032345,0.018324,0.999309,0,0.77897,-1.00000,46.738,-2.000,-1,450.000,-1,400.000,-1,350.000,325.000,300.000,-1,-1,-1,-1,-1,-1,850.000,-1,-1,2,0,2,0,2,0,0,0,2,2,2,2,2,2,0,2,2
38,-4193.070,5325.562,56.334,-62.891,0.454700,0.889961,-0.034877,-0.889851,0.455599,0.024380,0.037587,0.019949,0.999094,0,0.77592,-1.00000,46.555,-2.000,-1,450.000,-1,400.000,-1,350.000,350.000,300.000,-1,-1,-1,-1,-1,-1,875.000,-1,-1,2,0,2,0,2,0,0,0,2,2,2,2,2,2,0,2,2
39,-4171.081,5279.152,55.878,-64.651,0.426891,0.903432,-0.039672,-0.903419,0.428003,0.025454,0.039975,0.024974,0.998889,0,0.85592,-0.88000,51.355,-1.760,-1,475.000,-1,400.000,-1,350.000,350.000,325.000,-1,-1,0.000,0.000,-1,-1,875.000,-1,-1,2,0,2,0,2,0,0,0,2,2,0,1,2,2,0,2,2
40,-4149.475,5230.236,55.531,-66.171,0.402542,0.914363,-0.043591,-0.914445,0.403842,0.026489,0.041825,0.029199,0.998698,0,0.89123,-0.76000,53.474,-1.520,-1,475.000,-1,400.000,-1,350.000,350.000,325.000,-1,-1,0.000,0.000,-1,-1,875.000,-1,-1,2,0,2,0,2,0,0,0,2,2,0,1,2,2,0,2,2
41,-4129.209,5181.250,55.412,-67.526,0.380633,0.923579,-0.046048,-0.923733,0.382060,0.027351,0.042853,0.032125,0.998565,0,0.88354,-0.67787,53.012,-1.356,-1,475.000,-1,400.000,-1,375.000,350.000,325.000,-1,-1,0.000,0.000,-1,-1,875.000,-1,-1,2,0,2,0,2,0,0,0,2,2,0,1,2,2,0,2,2
42,-4110.282,5132.263,55.592,-68.876,0.358705,0.932272,-0.046895,-0.932465,0.360182,0.027881,0.042883,0.033727,0.998511,0,0.87527,-0.67482,52.516,-1.350,-1,500.000,-1,400.000,-1,375.000,350.000,325.000,-1,-1,0.000,0.000,-1,-1,850.000,-1,-1,2,0,2,0,2,0,0,0,2,2,0,1,2,2,0,2,2
43,-4092.670,5083.293,55.932,-70.219,0.336816,0.940459,-0.045730,-0.940645,0.338241,0.027924,0.041729,0.033610,0.998563,0,0.86735,-0.67130,52.041,-1.343,-1,500.000,-1,400.000,-1,375.000,350.000,325.000,-1,-1,0.000,0.000,-1,-1,850.000,-1,-1,2,0,2,0,2,0,0,0,2,2,0,0,2,2,0,2,2
44,-4076.346,5034.351,56.499,-71.553,0.314954,0.948126,-0.043146,-0.948273,0.316257,0.027550,0.039766,0.032237,0.998689,0,0.85987,-0.66735,51.592,-1.335,-1,475.000,-1,400.000,-1,375.000,350.000,325.000,-1,-1,0.000,0.000,-1,-1,850.000,-1,-1,2,0,2,0,2,0,0,0,2,2,0,0,2,2,0,2,2
45,-4061.283,4985.447,57.289,-72.879,0.293127,0.955263,-0.039359,-0.955353,0.294255,0.026727,0.037113,0.029767,0.998868,0,0.85286,-0.66298,51.172,-1.326,-1,475.000,-1,400.000,-1,350.000,350.000,325.000,-1,-1,0.000,0.000,-1,-1,825.000,-1,-1,2,0,2,0,2,0,0,0,2,2,0,0,2,2,0,2,2
46,-4047.455,4936.584,58.283,-74.196,0.271339,0.961865,-0.034511,-0.961889,0.272258,0.025416,0.033843,0.026300,0.999081,0,0.84637,-0.65821,50.782,-1.316,-1,475.000,-1,400.000,-1,350.000,350.000,325.000,-1,-1,0.000,0.000,-1,-1,825.000,-1,-1,2,0,2,0,2,0,0,0,2,2,0,0,2,2,0,2,2
47,-4034.833,4887.765,59.461,-75.502,0.249598,0.967923,-0.028747,-0.967884,0.250288,0.023589,0.030027,0.021936,0.999308,0,0.84041,-0.65308,50.425,-1.306,-1,475.000,-1,400.000,-1,350.000,325.000,325.000,-1,-1,0.000,0.000,-1,-1,800.000,-1,-1,2,0,2,0,2,0,0,0,2,2,0,0,2,2,0,2,2
48,-4023.391,4838.988,60.806,-76.797,0.227905,0.973430,-0.022204,-0.973343,0.228369,0.021230,0.025737,0.016774,0.999528,0,0.83502,-0.64760,50.101,-1.295,-1,450.000,-1,400.000,-1,350.000,325.000,325.000,-1,-1,0.000,0.000,-1,-1,800.000,-1,-1,2,0,2,0,2,0,0,0,2,2,0,0,2,2,0,2,2
49,-4013.105,4790.251,62.300,-78.081,0.206265,0.978381,-0.015020,-0.978270,0.206523,0.018336,0.021042,0.010911,0.999719,0,0.83018,-0.64179,49.811,-1.284,-1,450.000,-1,400.000,-1,350.000,325.000,325.000,-1,-1,0.000,0.000,-1,1000.000,775.000,-1,-1,2,0,2,0,2,0,0,0,2,2,0,0,2,0,0,2,2
50,-4003.950,4741.551,63.923,-79.352,0.184682,0.982771,-0.007325,-0.982668,0.184773,0.014915,0.016012,0.004444,0.999862,0,0.82589,-0.63567,49.554,-1.271,-1,425.000,-1,400.000,-1,350.000,325.000,325.000,-1,-1,-1,-1,-1,925.000,775.000,-1,-1,2,0,2,0,2,0,0,0,2,2,2,2,2,0,0,2,2
51,-3995.903,4692.883,65.658,-80.611,0.163163,0.986599,0.000751,-0.986541,0.163145,0.010986,0.010716,-0.002533,0.999939,0,0.82215,-0.62926,49.329,-1.259,-1,425.000,-1,400.000,-1,325.000,325.000,300.000,-1,-1,-1,-1,-1,875.000,750.000,-1,-1,2,0,2,0,2,0,0,0,2,2,2,2,2,0,0,2,2
52,-3988.941,4644.242,67.486,-81.856,0.141717,0.989866,0.009086,-0.989893,0.141660,0.006577,0.005223,-0.009926,0.999937,0,0.81894,-0.62258,49.137,-1.245,-1,425.000,-1,375.000,-1,325.000,325.000,300.000,-1,-1,-1,-1,-1,850.000,-1,-1,-1,2,0,2,0,2,0,0,0,2,2,2,2,2,0,2,2,2
53,-3983.045,4595.624,69.272,-83.087,0.120361,0.992583,0.017099,-0.992730,0.120345,0.001947,-0.000125,-0.017209,0.999852,0,0.81624,-0.61564,48.974,-1.231,-1,400.000,-1,375.000,-1,325.000,325.000,300.000,-1,-1,-1,-1,-1,800.000,-1,-1,-1,2,0,2,0,2,0,0,0,2,2,2,2,2,0,2,2,2
54,-3978.197,4547.024,69.523,-84.304,0.099239,0.994881,0.019045,-0.995063,0.099235,0.001147,-0.000749,-0.019065,0.999818,0,0.81402,-0.60844,48.841,-1.217,-1,400.000,-1,375.000,-1,325.000,325.000,300.000,-1,-1,-1,-1,-1,775.000,-1,-1,-1,2,0,2,0,2,0,0,0,2,2,2,2,2,0,2,2,2
55,-3974.002,4493.546,69.656,-85.515,0.078187,0.996735,0.020168,-0.996939,0.078177,0.001315,-0.000266,-0.020209,0.999796,0,0.89402,-0.60574,53.641,-1.211,-1,400.000,-1,375.000,-1,325.000,325.000,300.000,-1,-1,-1,-1,-1,775.000,-1,-1,-1,2,0,2,0,2,0,0,0,2,2,2,2,2,0,2,2,2
56,-3970.881,4439.061,69.795,-86.721,0.057203,0.998135,0.021327,-0.998362,0.057184,0.001538,0.000315,-0.021380,0.999771,0,0.90957,-0.60289,54.574,-1.206,-1,400.000,-1,375.000,-1,325.000,325.000,300.000,-1,-1,-1,-1,-1,775.000,-1,-1,-1,2,0,2,0,2,0,0,0,2,2,2,2,2,0,2,2,2
57,-3968.911,4384.835,69.943,-87.920,0.036314,0.999087,0.022499,-0.999340,0.036282,0.001805,0.000987,-0.022549,0.999745,0,0.90436,-0.59956,54.262,-1.199,-1,400.000,-1,375.000,-1,325.000,325.000,300.000,-1,-1,-1,-1,-1,775.000,-1,-1,-1,2,0,2,0,2,0,0,0,2,2,2,2,2,0,2,2,2
58,-3968.075,4330.897,70.103,-89.112,0.015542,0.999599,0.023681,-0.999878,0.015497,0.002107,0.001739,-0.023711,0.999717,0,0.89907,-0.59581,53.944,-1.192,-1,400.000,-1,375.000,-1,325.000,325.000,300.000,-1,-1,-1,-1,-1,775.000,-1,-1,-1,2,0,2,0,2,0,0,0,2,2,2,2,2,1,2,2,2
59,-3968.350,4277.272,70.278,-90.295,-0.005087,0.999678,0.024875,-0.999984,-0.005149,0.002437,0.002564,-0.024862,0.999688,0,0.89376,-0.59165,53.626,-1.183,-1,400.000,-1,375.000,-1,325.000,325.000,300.000,-1,-1,-1,-1,-1,825.000,-1,-1,-1,2,1,2,0,2,0,0,0,2,2,2,2,2,1,2,2,2
60,-3969.717,4223.982,70.473,-91.469,-0.025552,0.999333,0.026079,-0.999668,-0.025633,0.002786,0.003453,-0.025999,0.999656,0,0.88847,-0.58710,53.308,-1.174,-1,450.000,-1,-1,-1,325.000,325.000,300.000,-1,-1,-1,-1,-1,850.000,-1,-1,-1,2,1,2,2,2,1,1,0,2,2,2,2,2,1,2,2,2
61,-3972.152,4171.041,70.690,-92.634,-0.045830,0.998576,0.027292,-0.998940,-0.045933,0.003147,0.004396,-0.027119,0.999623,0,0.88327,-0.58216,52.996,-1.164,-1,525.000,-1,-1,-1,625.000,-1,300.000,-1,-1,-1,-1,-1,925.000,-1,-1,-1,2,1,2,2,2,1,2,0,2,2,2,2,2,1,2,2,2
62,-3975.632,4118.465,70.933,-93.787,-0.065900,0.997419,0.028513,-0.997812,-0.066026,0.003511,0.005384,-0.028219,0.999587,0,0.87820,-0.57683,52.692,-1.154,-1,600.000,-1,-1,-1,-1,-1,300.000,-1,-1,-1,-1,-1,975.000,-1,-1,-1,2,1,2,2,2,2,2,0,2,2,2,2,2,1,2,2,2
63,-3980.135,4066.259,71.204,-94.930,-0.085742,0.995873,0.029739,-0.996297,-0.085894,0.003872,0.006411,-0.029297,0.999550,0,0.87332,-0.57114,52.399,-1.142,-1,675.000,-1,-1,-1,-1,-1,300.000,-1,-1,-1,-1,-1,-1,-1,-1,-1,2,1,2,2,2,2,2,0,2,2,2,2,2,2,2,2,2
64,-3985.636,4014.429,71.506,-96.060,-0.105338,0.993954,0.030958,-0.994409,-0.105517,0.004217,0.007459,-0.030341,0.999512,0,0.86868,-0.56510,52.121,-1.130,-1,750.000,-1,-1,-1,-1,-1,300.000,-1,-1,-1,-1,-1,-1,-1,-1,-1,2,1,2,2,2,2,2,0,2,2,2,2,2,2,2,2,2
65,-3992.117,3962.977,70.577,-97.177,-0.124818,0.991813,0.026974,-0.992169,-0.124894,0.001147,0.004506,-0.026619,0.999635,0,0.86432,-0.55871,51.859,-1.117,-1,825.000,-1,-1,-1,-1,-1,300.000,-1,-1,-1,-1,-1,-1,-1,-1,-1,2,1,2,2,2,2,2,0,2,2,2,2,2,2,2,2,2
66,-3999.548,3911.898,67.267,-98.281,-0.144260,0.989015,0.032223,-0.989515,-0.143949,-0.011784,-0.007016,-0.033585,0.999411,0,0.86027,-0.55199,51.616,-1.104,-1,850.000,-1,-1,-1,-1,-1,275.000,-1,-1,-1,-1,-1,-1,-1,-1,-1,2,1,2,2,2,2,2,0,2,2,2,2,2,2,2,2,2
67,-4007.377,3865.740,59.041,-99.625,-0.167908,0.985625,0.018711,-0.985253,-0.167151,-0.036577,-0.032924,-0.024576,0.999156,0,0.78027,-0.67199,46.816,-1.344,725.000,825.000,-1,-1,-1,-1,-1,275.000,-1,-1,-1,-1,-1,-1,-1,-1,-1,0,1,2,2,2,2,2,0,2,2,2,2,2,2,2,2,2
68,-8079.582,8190.172,62.249,59.147,0.511886,-0.858144,-0.039527,0.858546,0.512623,-0.010807,0.029536,-0.028404,0.999160,1,0.00000,0.00000,42.016,-1.584,-1,375.000,-1,300.000,-1,300.000,275.000,275.000,350.000,550.000,125.000,275.000,-1,-1,575.000,-1,-1,2,1,2,1,2,1,1,0,1,0,0,0,2,2,1,2,2
69,-2299.826,4916.936,41.808,-147.946,-0.846968,0.530216,0.038953,-0.531310,-0.846757,-0.026670,0.018842,-0.043285,0.998885,1,0.08000,-0.12000,4.800,-0.240,-1,400.000,-1,400.000,-1,325.000,325.000,300.000,325.000,-1,-1,950.000,-1,775.000,850.000,-1,-1,2,0,2,0,2,0,0,0,0,2,2,1,2,0,0,2,2
70,-2308.005,4911.909,41.979,-148.426,-0.851389,0.523108,0.038660,-0.524194,-0.851177,-0.026796,0.018889,-0.043079,0.998893,0,0.16000,-0.24000,9.600,-0.480,-1,400.000,-1,400.000,-1,325.000,325.000,300.000,325.000,-1,-1,975.000,-1,775.000,850.000,-1,-1,2,0,2,0,2,0,0,0,0,2,2,1,2,0,0,2,2
71,-2320.368,4904.524,42.244,-149.146,-0.857910,0.512378,0.038215,-0.513451,-0.857695,-0.026981,0.018952,-0.042768,0.998905,0,0.24000,-0.36000,14.400,-0.720,-1,400.000,-1,400.000,-1,325.000,325.000,300.000,325.000,-1,-1,-1,-1,775.000,850.000,-1,-1,2,0,2,0,2,0,0,0,0,2,2,2,2,0,0,2,2
72,-2337.013,4894.955,42.610,-150.106,-0.866393,0.497944,0.037612,-0.499000,-0.866174,-0.027217,0.019026,-0.042349,0.998922,0,0.32000,-0.48000,19.200,-0.960,-1,400.000,-1,400.000,-1,325.000,325.000,300.000,325.000,-1,-1,-1,-1,775.000,850.000,-1,-1,2,0,2,0,2,0,0,0,0,2,2,2,2,0,0,2,2
73,-2358.056,4883.414,43.091,-151.255,-0.876228,0.480485,0.036850,-0.481519,-0.876004,-0.027497,0.019069,-0.041838,0.998942,0,0.40000,-0.57451,24.000,-1.149,-1,400.000,-1,400.000,-1,325.000,325.000,300.000,325.000,-1,-1,-1,-1,775.000,850.000,-1,-1,2,0,2,0,2,0,0,0,0,2,2,2,2,0,0,2,2
74,-2383.578,4870.070,43.702,-152.397,-0.885656,0.462948,0.035946,-0.463954,-0.885422,-0.027824,0.018946,-0.041320,0.998966,0,0.48000,-0.57078,28.800,-1.142,-1,400.000,-1,400.000,-1,325.000,325.000,300.000,325.000,-1,-1,-1,-1,775.000,850.000,-1,-1,2,0,2,0,2,0,0,0,0,2,2,2,2,0,0,2,2
75,-2412.972,4855.434,44.434,-153.530,-0.894668,0.445364,0.034916,-0.446341,-0.894419,-0.028188,0.018676,-0.040804,0.998993,0,0.54727,-0.56632,32.836,-1.133,-1,400.000,-1,400.000,-1,325.000,325.000,300.000,325.000,-1,-1,-1,-1,775.000,850.000,-1,-1,2,0,2,0,2,0,0,0,0,2,2,2,2,0,0,2,2
76,-2442.867,4841.272,45.199,-154.652,-0.903255,0.427766,0.033866,-0.428711,-0.902991,-0.028538,0.018373,-0.040296,0.999019,0,0.55133,-0.56126,33.080,-1.123,-1,400.000,-1,400.000,-1,325.000,325.000,300.000,325.000,-1,-1,-1,-1,750.000,850.000,-1,-1,2,0,2,0,2,0,0,0,0,2,2,2,2,0,0,2,2
77,-2473.252,4827.594,45.993,-155.764,-0.911423,0.410163,0.032778,-0.411076,-0.911144,-0.028864,0.018026,-0.039782,0.999046,0,0.55537,-0.55619,33.322,-1.112,-1,400.000,-1,400.000,-1,325.000,325.000,300.000,325.000,-1,-1,-1,-1,750.000,850.000,-1,-1,2,0,2,0,2,0,0,0,0,2,2,2,2,0,0,2,2
78,-2504.117,4814.408,46.741,-156.867,-0.919174,0.392573,0.031720,-0.393449,-0.918894,-0.028832,0.017829,-0.038982,0.999081,0,0.55938,-0.55111,33.563,-1.102,-1,400.000,-1,400.000,-1,325.000,325.000,300.000,325.000,-1,-1,-1,-1,750.000,850.000,-1,-1,2,0,2,0,2,0,0,0,0,2,2,2,2,0,0,2,2
79,-2535.449,4801.724,47.423,-157.959,-0.926511,0.375006,0.030785,-0.375842,-0.926250,-0.028340,0.017887,-0.037828,0.999124,0,0.56337,-0.54601,33.802,-1.092,-1,400.000,-1,400.000,-1,325.000,325.000,300.000,325.000,-1,-1,-1,-1,750.000,850.000,-1,-1,2,0,2,0,2,0,0,0,0,2,2,2,2,0,0,2,2
80,-2567.236,4789.548,48.100,-159.041,-0.933452,0.357469,0.029719,-0.358259,-0.933210,-0.027738,0.017818,-0.036539,0.999173,0,0.56732,-0.54090,34.039,-1.082,-1,400.000,-1,400.000,-1,325.000,325.000,300.000,325.000,-1,-1,-1,-1,750.000,850.000,-1,-1,2,0,2,0,2,0,0,0,0,2,2,2,2,0,0,2,2
81,-2599.467,4777.889,48.684,-160.112,-0.940012,0.339975,0.028174,-0.340698,-0.939791,-0.026803,0.017366,-0.034794,0.999244,0,0.57125,-0.53578,34.275,-1.072,-1,400.000,-1,400.000,-1,325.000,325.000,300.000,300.000,-1,-1,-1,-1,750.000,850.000,-1,-1,2,0,2,0,2,0,0,0,0,2,2,2,2,0,0,2,2
82,-2632.130,4766.753,49.296,-161.173,-0.946184,0.322529,0.026656,-0.323188,-0.945983,-0.025818,0.016889,-0.033044,0.999311,0,0.57515,-0.53066,34.509,-1.061,-1,400.000,-1,400.000,-1,325.000,325.000,300.000,300.000,-1,-1,-1,-1,750.000,825.000,-1,-1,2,0,2,0,2,0,0,0,0,2,2,2,2,0,0,2,2
83,-2665.179,4756.160,49.936,-162.226,-0.951984,0.305113,0.025166,-0.305710,-0.951802,-0.024787,0.016391,-0.031290,0.999376,0,0.57841,-0.52632,34.705,-1.053,-1,400.000,-1,400.000,-1,325.000,325.000,300.000,300.000,-1,-1,-1,-1,750.000,825.000,-1,-1,2,0,2,0,2,0,0,0,0,2,2,2,2,0,0,2,2
84,-2698.416,4746.175,50.495,-163.279,-0.957450,0.287588,0.024160,-0.288145,-0.957286,-0.024022,0.016219,-0.029962,0.999419,0,0.57841,-0.52632,34.705,-1.053,-1,400.000,-1,400.000,-1,325.000,325.000,300.000,300.000,-1,-1,-1,-1,750.000,825.000,-1,-1,2,0,2,0,2,0,0,0,0,2,2,2,2,0,0,2,2
85,-2731.831,4736.802,50.940,-164.331,-0.962584,0.269959,0.023528,-0.270495,-0.962429,-0.023717,0.016241,-0.029194,0.999442,0,0.57841,-0.52632,34.705,-1.053,-1,400.000,-1,400.000,-1,325.000,325.000,300.000,300.000,-1,-1,-1,-1,750.000,825.000,-1,-1,2,0,2,0,2,0,0,0,0,2,2,2,2,0,0,2,2
86,-2765.447,4728.036,51.372,-165.384,-0.967398,0.252230,0.022829,-0.252746,-0.967246,-0.023566,0.016137,-0.028568,0.999462,0,0.57899,-0.52654,34.740,-1.053,-1,400.000,-1,400.000,-1,325.000,325.000,300.000,300.000,-1,-1,-1,-1,750.000,825.000,-1,-1,2,0,2,0,2,0,0,0,0,2,2,2,2,0,0,2,2
87,-2799.455,4719.835,51.832,-166.440,-0.971897,0.234364,0.022129,-0.234861,-0.971748,-0.023390,0.016022,-0.027930,0.999481,0,0.58304,-0.52802,34.983,-1.056,-1,400.000,-1,400.000,-1,325.000,325.000,300.000,300.000,-1,-1,-1,-1,750.000,825.000,-1,-1,2,0,2,0,2,0,0,0,0,2,2,2,2,0,0,2,2
88,-2833.850,4712.209,52.317,-167.499,-0.976076,0.216372,0.021426,-0.216848,-0.975930,-0.023190,0.015893,-0.027281,0.999501,0,0.58718,-0.52941,35.231,-1.059,-1,400.000,-1,400.000,-1,325.000,325.000,300.000,300.000,-1,-1,-1,-1,750.000,825.000,-1,-1,2,0,2,0,2,0,0,0,0,2,2,2,2,0,0,2,2
89,-2868.629,4705.172,52.828,-168.561,-0.979930,0.198261,0.020720,-0.198717,-0.979788,-0.022966,0.015748,-0.026622,0.999522,0,0.59140,-0.53069,35.484,-1.061,-1,400.000,-1,400.000,-1,325.000,325.000,300.000,300.000,-1,-1,-1,-1,725.000,825.000,-1,-1,2,0,2,0,2,0,0,0,0,2,2,2,2,0,0,2,2
90,-2903.787,4698.735,53.364,-169.624,-0.983456,0.180040,0.020008,-0.180477,-0.983317,-0.022718,0.015584,-0.025953,0.999542,0,0.59570,-0.53186,35.742,-1.064,-1,400.000,-1,400.000,-1,325.000,325.000,300.000,300.000,-1,-1,-1,-1,725.000,825.000,-1,-1,2,0,2,0,2,0,0,0,0,2,2,2,2,0,0,2,2
91,-2939.318,4692.910,53.924,-170.690,-0.986648,0.161721,0.019289,-0.162137,-0.986513,-0.022446,0.015399,-0.025274,0.999562,0,0.60008,-0.53293,36.005,-1.066,-1,400.000,-1,400.000,-1,325.000,325.000,300.000,300.000,-1,-1,-1,-1,725.000,825.000,-1,-1,2,0,2,0,2,0,0,0,0,2,2,2,2,0,0,2,2
92,-2975.217,4687.711,54.508,-171.758,-0.989504,0.143311,0.018563,-0.143708,-0.989372,-0.022151,0.015191,-0.024586,0.999582,0,0.60455,-0.53388,36.273,-1.068,-1,400.000,-1,400.000,-1,325.000,325.000,300.000,300.000,-1,-1,-1,-1,725.000,825.000,-1,-1,2,0,2,0,2,0,0,0,0,2,2,2,2,0,0,2,2
93,-3011.476,4683.148,55.113,-172.827,-0.992019,0.124823,0.017826,-0.125199,-0.991891,-0.021831,0.014956,-0.023889,0.999603,0,0.60910,-0.53472,36.546,-1.069,-1,400.000,-1,400.000,-1,325.000,325.000,300.000,300.000,-1,-1,-1,-1,725.000,825.000,-1,-1,2,0,2,0,2,0,0,0,0,2,2,2,2,0,0,2,2
94,-3048.091,4679.234,55.741,-173.898,-0.994191,0.106265,0.017077,-0.106621,-0.994068,-0.021488,0.014692,-0.023184,0.999623,0,0.61372,-0.53544,36.823,-1.071,-1,375.000,-1,400.000,-1,325.000,325.000,300.000,300.000,-1,-1,-1,-1,725.000,825.000,-1,-1,2,0,2,0,2,0,0,0,0,2,2,2,2,0,0,2,2
95,-3085.054,4675.981,56.389,-174.970,-0.996018,0.087649,0.016315,-0.087985,-0.995898,-0.021120,0.014396,-0.022471,0.999644,0,0.61842,-0.53602,37.105,-1.072,-1,375.000,-1,400.000,-1,325.000,325.000,300.000,300.000,-1,-1,-1,-1,725.000,825.000,-1,-1,2,0,2,0,2,0,0,0,0,2,2,2,2,0,0,2,2
96,-3122.357,4673.401,57.057,-176.043,-0.997497,0.068986,0.015537,-0.069301,-0.997380,-0.020726,0.014066,-0.021751,0.999664,0,0.62320,-0.53648,37.392,-1.073,-1,375.000,-1,400.000,-1,325.000,325.000,300.000,300.000,-1,-1,-1,-1,700.000,825.000,-1,-1,2,0,2,0,2,0,0,0,0,2,2,2,2,0,0,2,2
97,-3160.109,4671.341,57.746,-176.876,-0.998406,0.054480,0.014740,-0.054774,-0.998292,-0.020318,0.013608,-0.021093,0.999685,0,0.63014,-0.41648,37.808,-0.833,-1,375.000,-1,400.000,-1,325.000,325.000,300.000,300.000,-1,-1,-1,-1,700.000,825.000,-1,-1,2,0,2,0,2,0,0,0,0,2,2,2,2,0,1,2,2
98,-3198.173,4669.658,58.450,-177.469,-0.998928,0.044147,0.013931,-0.044419,-0.998815,-0.019905,0.013036,-0.020502,0.999705,0,0.63503,-0.29648,38.102,-0.593,-1,375.000,-1,400.000,-1,325.000,325.000,300.000,300.000,-1,-1,-1,-1,700.000,-1,-1,-1,2,0,2,0,2,0,0,0,0,2,2,2,2,0,2,2,2
99,-3236.541,4668.199,59.168,-177.822,-0.999192,0.037993,0.013113,-0.038245,-0.999078,-0.019493,0.012360,-0.019979,0.999724,0,0.63992,-0.17648,38.395,-0.353,-1,375.000,-1,400.000,-1,325.000,325.000,300.000,325.000,-1,-1,-1,-1,700.000,-1,-1,-1,2,0,2,0,2,0,0,0,0,2,2,2,2,0,2,2,2
100,-3275.205,4666.806,59.830,-177.935,-0.999273,0.036024,0.012480,-0.036256,-0.999165,-0.018834,0.011791,-0.019273,0.999745,0,0.64482,-0.05648,38.689,-0.113,-1,375.000,-1,400.000,-1,325.000,325.000,300.000,325.000,-1,-1,-1,-1,700.000,-1,-1,-1,2,0,2,0,2,0,0,0,0,2,2,2,2,0,2,2,2
101,-3314.158,4665.315,60.326,-177.808,-0.999189,0.038240,0.012580,-0.038461,-0.999102,-0.017777,0.011889,-0.018246,0.999763,0,0.64969,0.06352,38.982,0.127,-1,375.000,-1,400.000,-1,325.000,325.000,300.000,325.000,-1,-1,-1,-1,-1,-1,-1,-1,2,0,2,0,2,0,0,0,0,2,2,2,2,2,2,2,2
102,-3353.390,4663.562,60.840,-177.441,-0.998921,0.044641,0.012811,-0.044851,-0.998855,-0.016648,0.012053,-0.017205,0.999779,0,0.65453,0.18352,39.272,0.367,-1,375.000,-1,400.000,-1,325.000,325.000,300.000,325.000,-1,-1,-1,-1,-1,-1,-1,-1,2,0,2,0,2,0,0,0,0,2,2,2,2,2,2,2,2
103,-3392.888,4661.377,61.356,-176.834,-0.998389,0.055222,0.013057,-0.055422,-0.998343,-0.015510,0.012179,-0.016208,0.999794,0,0.65930,0.30352,39.558,0.607,-1,375.000,-1,400.000,-1,325.000,325.000,300.000,325.000,-1,-1,-1,-1,-1,-1,-1,-1,2,0,2,0,2,0,0,0,0,2,2,2,2,2,2,2,2
104,-3432.629,4658.589,61.874,-175.987,-0.997460,0.069975,0.013322,-0.070165,-0.997432,-0.014362,0.012283,-0.015260,0.999808,0,0.66397,0.42352,39.838,0.847,-1,375.000,-1,400.000,-1,325.000,325.000,300.000,325.000,-1,-1,-1,-1,-1,-1,-1,-1,2,0,2,0,2,0,0,0,0,2,2,2,2,2,2,2,2
105,-3472.579,4655.024,62.397,-174.900,-0.995949,0.088887,0.013610,-0.089066,-0.995938,-0.013208,0.012381,-0.014367,0.999820,0,0.66848,0.54352,40.109,1.087,-1,375.000,-1,400.000,-1,325.000,325.000,300.000,325.000,-1,-1,-1,-1,-1,-1,-1,-1,2,0,2,0,2,0,0,0,0,2,2,2,2,2,2,2,2
106,-3512.692,4650.505,62.923,-173.573,-0.993619,0.111929,0.013925,-0.112099,-0.993624,-0.012049,0.012487,-0.013533,0.999830,0,0.67278,0.66352,40.367,1.327,-1,375.000,-1,400.000,-1,325.000,325.000,300.000,325.000,-1,-1,-1,-1,-1,-1,-1,-1,2,0,2,0,2,0,0,0,0,2,2,2,2,2,2,2,2
107,-3552.904,4644.858,63.457,-172.006,-0.990181,0.139061,0.014272,-0.139221,-0.990201,-0.010889,0.012617,-0.012769,0.999839,0,0.67678,0.78352,40.607,1.567,-1,375.000,-1,400.000,-1,325.000,325.000,300.000,325.000,-1,-1,-1,-1,-1,-1,-1,-1,2,0,2,0,2,0,0,0,0,2,2,2,2,2,2,2,2
108,-3593.131,4637.909,63.998,-170.199,-0.985297,0.170218,0.014656,-0.170369,-0.985332,-0.009733,0.012784,-0.012086,0.999845,0,0.68037,0.90352,40.822,1.807,-1,375.000,-1,-1,-1,300.000,325.000,300.000,325.000,-1,-1,-1,-1,-1,-1,-1,-1,2,0,2,2,2,0,0,0,0,2,2,2,2,2,2,2,2
109,-3633.282,4629.582,64.551,-168.284,-0.979052,0.203053,0.015081,-0.203195,-0.979101,-0.008584,0.013023,-0.011469,0.999849,0,0.68342,0.95754,41.005,1.915,-1,375.000,-1,-1,-1,300.000,325.000,300.000,325.000,-1,-1,-1,-1,-1,-1,-1,-1,2,0,2,2,2,0,0,0,0,2,2,2,2,2,2,2,2
110,-3673.279,4619.893,65.117,-166.383,-0.971771,0.235415,0.015550,-0.235549,-0.971834,-0.007446,0.013359,-0.010899,0.999851,0,0.68590,0.95030,41.154,1.901,-1,375.000,-1,-1,-1,300.000,-1,300.000,325.000,-1,-1,-1,-1,-1,-1,-1,-1,2,1,2,2,2,0,2,0,0,2,2,2,2,2,2,2,2
111,-3713.047,4608.864,65.700,-164.498,-0.963492,0.267255,0.016069,-0.267382,-0.963570,-0.006312,0.013796,-0.010378,0.999851,0,0.68781,0.94247,41.269,1.885,-1,-1,-1,-1,-1,-1,-1,300.000,325.000,-1,-1,-1,-1,-1,-1,-1,-1,2,2,2,2,2,2,2,0,0,2,2,2,2,2,2,2,2
112,-3752.506,4596.521,66.313,-162.630,-0.954256,0.298525,0.016656,-0.298644,-0.954351,-0.005135,0.014363,-0.009875,0.999848,0,0.68908,0.93404,41.345,1.868,-1,-1,-1,-1,-1,-1,-1,300.000,325.000,-1,-1,-1,-1,-1,-1,-1,-1,2,2,2,2,2,2,2,0,0,2,2,2,2,2,2,2,2
113,-3791.578,4582.899,66.940,-160.780,-0.944109,0.329180,0.017281,-0.329292,-0.944220,-0.003996,0.015001,-0.009463,0.999843,0,0.68963,0.92500,41.378,1.850,-1,-1,-1,-1,-1,-1,-1,300.000,325.000,-1,-1,-1,-1,-1,-1,-1,-1,2,2,2,2,2,2,2,0,0,2,2,2,2,2,2,2,2
114,-3831.586,4567.378,67.596,-158.796,-0.932132,0.361670,0.017995,-0.361774,-0.932262,-0.002787,0.015768,-0.009108,0.999834,0,0.71522,0.99190,42.913,1.984,-1,-1,-1,-1,-1,-1,-1,300.000,325.000,-1,-1,625.000,-1,-1,-1,-1,-1,2,2,2,2,2,2,2,0,0,2,2,0,2,2,2,2,2
115,-3871.322,4550.367,67.801,-156.824,-0.919151,0.393548,0.016751,-0.393611,-0.919277,-0.000540,0.015187,-0.007090,0.999860,0,0.72040,0.98616,43.224,1.972,-1,-1,-1,-1,-1,-1,-1,300.000,325.000,-1,-1,650.000,-1,-1,-1,-1,-1,2,2,2,2,2,2,2,0,0,2,2,0,2,2,2,2,2
116,-3910.719,4531.880,61.523,-154.864,-0.905257,0.424684,-0.012401,-0.424839,-0.905140,0.015306,-0.004724,0.019125,0.999806,0,0.72532,0.97976,43.519,1.960,-1,925.000,-1,-1,-1,-1,-1,325.000,250.000,-1,-1,-1,-1,-1,-1,-1,-1,2,1,2,2,2,2,2,0,0,2,2,2,2,2,2,2,2
117,-3949.709,4511.935,55.166,-152.919,-0.889569,0.454773,-0.042990,-0.456121,-0.889434,0.029330,-0.024898,0.045700,0.998645,0,0.72990,0.97267,43.794,1.945,-1,825.000,-1,-1,-1,950.000,1000.000,350.000,200.000,-1,-1,-1,-1,-1,-1,-1,-1,2,1,2,2,2,1,1,0,0,2,2,2,2,2,2,2,2
118,-3988.221,4490.562,48.736,-150.989,-0.872030,0.483688,-0.074903,-0.487355,-0.872218,0.041472,-0.045272,0.072669,0.996328,0,0.73408,0.96480,44.045,1.930,-1,725.000,-1,-1,-1,875.000,925.000,400.000,150.000,-1,-1,-1,-1,-1,-1,-1,-1,2,1,2,2,2,1,1,0,0,2,2,2,2,2,2,2,2
119,-4026.185,4467.795,42.247,-149.077,-0.852582,0.511302,-0.108047,-0.518435,-0.853553,0.051692,-0.065794,0.100087,0.992801,0,0.73774,0.95612,44.264,1.912,-1,650.000,-1,-1,-1,725.000,850.000,425.000,100.000,-1,-1,-1,-1,-1,-1,-1,-1,2,1,2,2,2,1,1,0,0,2,2,2,2,2,2,2,2
120,-4063.525,4443.682,35.745,-147.184,-0.831162,0.537475,-0.142442,-0.549264,-0.833493,0.059996,-0.086478,0.128105,0.987983,0,0.74078,0.94653,44.447,1.893,-1,575.000,-1,925.000,-1,600.000,800.000,475.000,75.000,-1,-1,0.000,-1,-1,-1,-1,-1,2,1,2,1,2,1,1,0,1,2,2,0,2,2,2,2,2
121,-7543.226,2295.760,180.287,116.361,-0.443428,-0.895666,0.033975,0.896081,-0.443853,-0.005803,0.020277,0.027872,0.999406,1,0.00000,0.00000,44.583,1.872,-1,375.000,-1,400.000,-1,325.000,325.000,300.000,300.000,700.000,400.000,450.000,-1,750.000,850.000,-1,-1,2,0,2,0,2,0,0,0,0,1,1,1,2,0,0,2,2
122,-7545.340,2300.070,180.376,116.121,-0.439670,-0.897513,0.034082,0.897932,-0.440095,-0.005799,0.020204,0.028054,0.999402,0,0.08000,-0.12000,4.800,-0.240,-1,375.000,-1,400.000,-1,325.000,325.000,300.000,300.000,725.000,400.000,450.000,-1,750.000,850.000,-1,-1,2,0,2,0,2,0,0,0,0,1,1,1,2,0,0,2,2
123,-7549.496,2308.724,180.553,115.654,-0.432330,-0.901063,0.034295,0.901492,-0.432756,-0.005792,0.020060,0.028413,0.999395,0,0.16000,-0.23365,9.600,-0.467,-1,375.000,-1,400.000,-1,325.000,325.000,300.000,300.000,775.000,425.000,475.000,-1,750.000,850.000,-1,-1,2,0,2,0,2,0,0,0,0,1,1,1,2,0,0,2,2
124,-7555.625,2321.754,180.818,115.190,-0.425014,-0.904524,0.034621,0.904966,-0.425444,-0.005788,0.019965,0.028871,0.999384,0,0.24000,-0.23187,14.400,-0.464,-1,375.000,-1,400.000,-1,325.000,325.000,300.000,300.000,850.000,425.000,475.000,-1,750.000,850.000,-1,-1,2,0,2,0,2,0,0,0,0,1,1,1,2,0,0,2,2
125,-7563.658,2339.193,181.171,114.732,-0.417753,-0.907884,0.035055,0.908343,-0.418187,-0.005787,0.019913,0.029425,0.999369,0,0.32000,-0.22919,19.200,-0.458,-1,375.000,-1,400.000,-1,325.000,325.000,300.000,300.000,-1,450.000,500.000,-1,750.000,850.000,-1,-1,2,0,2,0,2,0,0,0,0,2,1,1,2,0,0,2,2
126,-7573.527,2361.070,181.616,114.280,-0.410576,-0.911131,0.035593,0.911609,-0.411017,-0.005785,0.019900,0.030072,0.999350,0,0.40000,-0.22559,24.000,-0.451,-1,375.000,-1,400.000,-1,325.000,325.000,300.000,300.000,-1,475.000,525.000,-1,750.000,850.000,-1,-1,2,0,2,0,2,0,0,0,0,2,1,1,2,0,0,2,2
127,-7585.167,2387.413,182.156,113.838,-0.403516,-0.914255,0.036227,0.914756,-0.403966,-0.005781,0.019920,0.030807,0.999327,0,0.48000,-0.22103,28.800,-0.442,-1,375.000,-1,400.000,-1,325.000,325.000,300.000,300.000,-1,500.000,550.000,-1,775.000,875.000,-1,-1,2,0,2,0,2,0,0,0,0,2,1,1,2,0,0,2,2
128,-7598.516,2418.248,182.793,113.407,-0.396609,-0.917244,0.036950,0.917771,-0.397069,-0.005771,0.019965,0.031623,0.999300,0,0.56000,-0.21545,33.600,-0.431,-1,375.000,-1,400.000,-1,325.000,325.000,300.000,300.000,-1,525.000,575.000,-1,775.000,875.000,-1,-1,2,0,2,0,2,0,0,0,0,2,1,1,2,0,0,2,2
129,-7612.866,2452.071,183.501,112.990,-0.389892,-0.920088,0.037718,0.920643,-0.390363,-0.005752,0.020016,0.032482,0.999272,0,0.61237,-0.20877,36.742,-0.418,-1,375.000,-1,400.000,-1,325.000,325.000,300.000,300.000,-1,550.000,600.000,-1,800.000,900.000,-1,-1,2,0,2,0,2,0,0,0,0,2,1,1,2,0,0,2,2
130,-7626.959,2485.946,184.220,112.587,-0.383398,-0.922782,0.038462,0.923366,-0.383879,-0.005723,0.020046,0.033320,0.999244,0,0.61149,-0.20127,36.689,-0.403,-1,400.000,-1,425.000,-1,325.000,325.000,300.000,300.000,-1,600.000,625.000,-1,800.000,900.000,-1,-1,2,0,2,0,2,0,0,0,0,2,1,1,2,0,0,2,2
131,-7640.809,2519.884,184.948,112.200,-0.377135,-0.925329,0.039185,0.925941,-0.377625,-0.005685,0.020057,0.034139,0.999216,0,0.61092,-0.19356,36.655,-0.387,-1,400.000,-1,425.000,-1,325.000,325.000,300.000,300.000,-1,625.000,675.000,-1,800.000,925.000,-1,-1,2,0,2,0,2,0,0,0,0,2,1,1,2,0,0,2,2
132,-7654.433,2553.896,185.689,111.829,-0.371112,-0.927731,0.039887,0.928371,-0.371611,-0.005654,0.020068,0.034932,0.999188,0,0.61066,-0.18564,36.639,-0.371,-1,400.000,-1,425.000,-1,325.000,325.000,300.000,300.000,-1,650.000,700.000,-1,825.000,950.000,-1,-1,2,0,2,0,2,0,0,0,0,2,1,1,2,0,0,2,2
133,-7667.848,2587.994,186.213,111.474,-0.365349,-0.929962,0.041116,0.930669,-0.365833,-0.004678,0.019392,0.036557,0.999143,0,0.61070,-0.17752,36.642,-0.355,-1,400.000,-1,425.000,-1,325.000,325.000,300.000,300.000,-1,700.000,750.000,-1,825.000,950.000,-1,-1,2,0,2,0,2,0,0,0,0,2,1,1,2,0,0,2,2
134,-7681.068,2622.190,186.702,111.136,-0.359849,-0.932045,0.042449,0.932826,-0.360311,-0.003520,0.018576,0.038331,0.999092,0,0.61103,-0.16920,36.662,-0.338,-1,400.000,-1,425.000,-1,325.000,325.000,300.000,300.000,-1,725.000,775.000,-1,825.000,975.000,-1,-1,2,0,2,0,2,0,0,0,0,2,1,1,2,0,0,2,2
135,-7694.110,2656.494,187.198,110.814,-0.354617,-0.933986,0.043791,0.934843,-0.355053,-0.002348,0.017741,0.040105,0.999038,0,0.61166,-0.16068,36.700,-0.321,-1,400.000,-1,425.000,-1,325.000,325.000,300.000,300.000,-1,775.000,800.000,-1,825.000,975.000,-1,-1,2,0,2,0,2,0,0,0,0,2,1,1,2,0,0,2,2
136,-7706.988,2690.919,187.700,110.510,-0.349662,-0.935788,0.045137,0.936723,-0.350068,-0.001168,0.016894,0.041872,0.998980,0,0.61258,-0.15195,36.755,-0.304,-1,400.000,-1,425.000,-1,325.000,325.000,300.000,300.000,-1,800.000,850.000,-1,825.000,975.000,-1,-1,2,0,2,0,2,0,0,0,0,2,1,1,2,0,0,2,2
137,-7720.849,2729.068,188.191,109.966,-0.340768,-0.938998,0.046477,0.940011,-0.341143,-0.000155,0.016001,0.043636,0.998919,0,0.67648,-0.27195,40.589,-0.544,-1,400.000,-1,425.000,-1,325.000,325.000,300.000,300.000,-1,850.000,875.000,-1,850.000,975.000,-1,-1,2,0,2,0,2,0,0,0,0,2,1,1,2,0,0,2,2
138,-7734.230,2767.530,188.436,109.182,-0.327950,-0.943542,0.046665,0.944589,-0.328253,0.001245,0.014143,0.044488,0.998910,0,0.67873,-0.39195,40.724,-0.784,-1,400.000,-1,425.000,-1,325.000,325.000,300.000,300.000,-1,900.000,925.000,-1,850.000,975.000,-1,-1,2,0,2,0,2,0,0,0,0,2,1,1,2,0,0,2,2
139,-7746.981,2806.406,188.589,108.159,-0.311118,-0.949231,0.046530,0.950297,-0.311331,0.002790,0.011838,0.045085,0.998913,0,0.68189,-0.51195,40.913,-1.024,-1,400.000,-1,425.000,-1,325.000,325.000,300.000,300.000,-1,925.000,950.000,-1,850.000,975.000,-1,-1,2,0,2,0,2,0,0,0,0,2,1,1,2,0,0,2,2
140,-7758.940,2845.780,188.707,106.895,-0.290194,-0.955841,0.046418,0.956923,-0.290310,0.004381,0.009289,0.045690,0.998912,0,0.68582,-0.63195,41.149,-1.264,-1,400.000,-1,425.000,-1,325.000,325.000,300.000,300.000,-1,975.000,1000.000,-1,850.000,975.000,-1,-1,2,0,2,0,2,0,0,0,0,2,1,1,2,0,0,2,2
