timestep,x_cm,y_cm,z_cm,yaw_deg,basis_xx,basis_xy,basis_xz,basis_yx,basis_yy,basis_yz,basis_zx,basis_zy,basis_zz,teleport_flag,throttle_cmd,steering_cmd,cmd_move_cm,cmd_turn_deg,lidar_cm_0,lidar_cm_1,lidar_cm_2,lidar_cm_3,lidar_cm_4,lidar_cm_5,lidar_cm_6,lidar_cm_7,lidar_cm_8,lidar_cm_9,lidar_cm_10,lidar_cm_11,lidar_cm_12,lidar_cm_13,lidar_cm_14,lidar_cm_15,lidar_cm_16,lidar_class_0,lidar_class_1,lidar_class_2,lidar_class_3,lidar_class_4,lidar_class_5,lidar_class_6,lidar_class_7,lidar_class_8,lidar_class_9,lidar_class_10,lidar_class_11,lidar_class_12,lidar_class_13,lidar_class_14,lidar_class_15,lidar_class_16
0,170.281,-791.008,-45.961,106.947,-0.291421,-0.956465,0.015763,0.956339,-0.291685,-0.018341,0.022140,0.009730,0.999708,0,0.46380,-0.91439,0.548,-0.010,-1,491.288,-1,628.736,-1,420.605,440.314,641.767,723.770,-1,-1,-1,-1,-1,-1,-1,-1,2,0,2,0,2,0,0,0,0,2,2,2,2,2,2,2,2
1,170.340,-791.005,-45.191,106.926,-0.291047,-0.956573,0.016141,0.956394,-0.291342,-0.020718,0.024521,0.009407,0.999655,0,0.46380,-0.91439,0.059,-0.021,-1,497.189,-1,641.030,-1,425.637,445.453,643.752,730.834,-1,-1,-1,-1,-1,-1,-1,-1,2,0,2,0,2,0,0,0,0,2,2,2,2,2,2,2,2
2,170.272,-790.544,-45.688,106.915,-0.290828,-0.956626,0.016915,0.956352,-0.291180,-0.024591,0.028450,0.009025,0.999554,0,0.46380,-0.91439,0.466,-0.011,-1,502.807,-1,654.170,-1,430.268,450.248,640.878,731.585,-1,-1,-1,-1,-1,-1,-1,-1,2,0,2,0,2,0,0,0,0,2,2,2,2,2,2,2,2
3,170.142,-789.664,-47.236,106.892,-0.290411,-0.956739,0.017665,0.956349,-0.290821,-0.028631,0.032530,0.008579,0.999434,0,0.46380,-0.91439,0.889,-0.023,-1,506.155,-1,664.192,-1,432.928,453.156,633.686,726.700,-1,-1,-1,-1,-1,-1,-1,-1,2,0,2,0,2,0,0,0,0,2,2,2,2,2,2,2,2
4,170.008,-788.461,-49.311,106.836,-0.289470,-0.957020,0.017878,0.956570,-0.289904,-0.030500,0.034372,0.008273,0.999375,0,0.46380,-0.91439,1.210,-0.055,-1,504.158,-1,663.791,-1,431.146,451.652,624.509,717.117,-1,-1,-1,-1,-1,-1,-1,-1,2,0,2,0,2,0,0,0,0,2,2,2,2,2,2,2,2
5,169.965,-786.906,-51.434,106.747,-0.287980,-0.957471,0.017807,0.957044,-0.288406,-0.029819,0.033687,0.008455,0.999397,0,0.46380,-0.91439,1.556,-0.090,18.686,497.612,-1,653.289,-1,425.540,446.224,616.126,703.800,-1,-1,-1,-1,-1,-1,22.530,-1,1,0,2,0,2,0,0,0,0,2,2,2,2,2,2,1,2
6,169.972,-784.906,-53.106,106.630,-0.286040,-0.958055,0.017646,0.957687,-0.286446,-0.028014,0.031894,0.008886,0.999452,0,0.46380,-0.91439,1.999,-0.117,18.660,490.217,-1,640.673,19.178,419.264,440.068,609.915,691.498,-1,-1,-1,-1,-1,-1,22.521,20.047,1,0,2,0,1,0,0,0,0,2,2,2,2,2,2,1,1
7,170.014,-782.423,-54.061,106.484,-0.283625,-0.958774,0.017591,0.958465,-0.284012,-0.026120,0.030040,0.009452,0.999504,0,0.46380,-0.91439,2.483,-0.145,18.654,484.460,-1,631.243,24.653,414.415,435.307,606.374,682.993,-1,-1,-1,-1,-1,-1,22.518,25.765,1,0,2,0,1,0,0,0,0,2,2,2,2,2,2,1,1
8,170.103,-779.430,-54.235,106.306,-0.280644,-0.959648,0.017718,0.959380,-0.281024,-0.024822,0.028800,0.010032,0.999535,0,0.46380,-0.91439,2.995,-0.179,18.653,481.614,-1,627.887,26.388,412.082,433.079,605.362,679.691,-1,-1,-1,-1,-1,-1,22.518,27.578,1,0,2,0,1,0,0,0,0,2,2,2,2,2,2,1,1
9,170.250,-775.917,-53.741,106.089,-0.277018,-0.960696,0.018029,0.960442,-0.277404,-0.024457,0.028497,0.010541,0.999538,0,0.46380,-0.91439,3.517,-0.217,18.652,481.915,-1,631.377,25.537,412.465,433.629,606.019,681.380,-1,-1,-1,-1,-1,-1,22.518,26.688,1,0,2,0,1,0,0,0,0,2,2,2,2,2,2,1,1
10,170.461,-771.894,-52.808,105.834,-0.272739,-0.961911,0.018447,0.961648,-0.273144,-0.025018,0.029104,0.010917,0.999517,0,0.46380,-0.91439,4.029,-0.255,18.652,484.734,-1,640.772,22.368,415.041,436.573,607.143,686.924,-1,-1,-1,-1,-1,-1,22.518,23.377,1,0,2,0,1,0,0,0,0,2,2,2,2,2,2,1,1
11,170.734,-767.394,-51.697,105.546,-0.267881,-0.963267,0.018878,0.962977,-0.268313,-0.026145,0.030250,0.011175,0.999480,0,0.46380,-0.91439,4.508,-0.289,18.650,488.828,-1,653.349,16.371,418.750,442.599,608.211,694.406,-1,-1,-1,-1,-1,-1,22.517,17.108,1,0,2,0,1,0,0,0,0,2,2,2,2,2,2,1,1
12,171.058,-762.458,-50.643,105.228,-0.262535,-0.964730,0.019267,0.964408,-0.262995,-0.027419,0.031519,0.011383,0.999438,0,0.46380,-0.91439,4.947,-0.317,18.630,492.940,-1,666.366,-1,422.510,448.902,608.613,701.781,-1,-1,-1,-1,-1,-1,22.510,-1,1,0,2,0,2,0,0,0,0,2,2,2,2,2,2,1,2
13,171.392,-757.099,-49.806,104.889,-0.256811,-0.966259,0.019788,0.965911,-0.257302,-0.028507,0.032637,0.011793,0.999398,0,0.46380,-0.91439,5.370,-0.339,18.819,496.324,-1,678.179,-1,425.608,454.511,608.520,706.880,-1,-1,-1,-1,-1,-1,22.578,-1,1,0,2,0,2,0,0,0,0,2,2,2,2,2,2,1,2
14,171.755,-751.340,-49.255,104.528,-0.250710,-0.967849,0.020302,0.967487,-0.251229,-0.029201,0.033362,0.012321,0.999367,0,0.46380,-0.91439,5.770,-0.361,18.692,498.324,-1,688.382,-1,427.505,458.817,607.454,709.675,-1,-1,-1,-1,-1,-1,22.532,-1,1,0,2,0,2,0,0,0,0,2,2,2,2,2,2,1,2
15,172.181,-745.256,-48.968,104.127,-0.243931,-0.969574,0.020579,0.969216,-0.244463,-0.029304,0.033443,0.012798,0.999359,0,0.46380,-0.91439,6.099,-0.401,18.662,498.452,-1,695.446,-1,427.853,461.883,604.931,710.973,-1,-1,-1,-1,-1,-1,22.521,-1,1,0,2,0,2,0,0,0,0,2,2,2,2,2,2,1,2
16,172.715,-738.902,-48.886,103.691,-0.236560,-0.971395,0.020753,0.971056,-0.237095,-0.028919,0.033012,0.013311,0.999366,0,0.46380,-0.91439,6.376,-0.436,18.655,498.930,-1,699.745,-1,427.055,463.763,601.459,710.732,-1,-1,-1,-1,-1,-1,22.519,-1,1,0,2,0,2,0,0,0,0,2,2,2,2,2,2,1,2
17,173.415,-732.318,-48.905,103.223,-0.228614,-0.973286,0.021226,0.972974,-0.229160,-0.028414,0.032519,0.014157,0.999371,0,0.46380,-0.91439,6.622,-0.469,18.654,500.033,-1,703.259,-1,426.394,465.450,598.254,708.207,-1,-1,-1,-1,-1,-1,22.518,-1,1,0,2,0,2,0,0,0,0,2,2,2,2,2,2,1,2
18,174.188,-725.391,-48.953,102.750,-0.220581,-0.975117,0.022142,0.974831,-0.221157,-0.028190,0.032385,0.015366,0.999357,0,0.46380,-0.91439,6.970,-0.473,18.653,502.170,-1,707.882,-1,427.943,467.718,596.071,704.042,-1,-1,-1,-1,-1,-1,22.518,-1,1,0,2,0,2,0,0,0,0,2,2,2,2,2,2,1,2
19,174.961,-718.101,-48.974,102.291,-0.212769,-0.976829,0.023116,0.976561,-0.213379,-0.028251,0.032529,0.016563,0.999334,0,0.46380,-0.91439,7.331,-0.459,18.625,505.003,-1,713.899,-1,430.516,470.529,594.443,700.579,-1,-1,-1,-1,-1,-1,22.508,-1,1,0,2,0,2,0,0,0,0,2,2,2,2,2,2,1,2
20,175.731,-710.478,-48.918,101.825,-0.204820,-0.978508,0.023904,0.978251,-0.205462,-0.028468,0.032767,0.017553,0.999309,0,0.46380,-0.91439,7.662,-0.466,18.809,508.192,-1,720.170,-1,433.465,473.814,591.838,698.797,-1,-1,-1,-1,-1,-1,22.574,-1,1,0,2,0,2,0,0,0,0,2,2,2,2,2,2,1,2
21,176.591,-702.546,-48.779,101.330,-0.196350,-0.980238,0.024091,0.979977,-0.197007,-0.028854,0.033030,0.017944,0.999293,0,0.46380,-0.91439,7.978,-0.496,18.689,511.400,-1,727.463,-1,436.727,477.690,587.469,700.476,-1,-1,-1,-1,-1,-1,22.531,-1,1,0,2,0,2,0,0,0,0,2,2,2,2,2,2,1,2
22,177.675,-694.521,-48.481,100.795,-0.187198,-0.982031,0.023923,0.981758,-0.187860,-0.029317,0.033284,0.017998,0.999284,0,0.34179,-0.85473,8.098,-0.535,18.662,514.989,-1,735.016,-1,440.552,484.331,582.546,704.544,-1,-1,-1,-1,-1,-1,22.521,-1,1,0,2,0,2,0,0,0,0,2,2,2,2,2,2,1,2
23,178.967,-686.492,-48.023,100.223,-0.177385,-0.983847,0.024083,0.983562,-0.178067,-0.029969,0.033774,0.018371,0.999261,0,0.34179,-0.85473,8.132,-0.572,18.655,519.938,-1,743.857,-1,445.493,492.323,578.767,707.744,-1,-1,-1,-1,-1,-1,22.519,-1,1,0,2,0,2,0,0,0,0,2,2,2,2,2,2,1,2
24,180.440,-678.381,-47.459,99.621,-0.167029,-0.985643,0.024676,0.985340,-0.167755,-0.031043,0.034737,0.019130,0.999213,0,0.34179,-0.85473,8.243,-0.602,18.653,527.980,-1,754.834,-1,451.863,501.951,576.152,709.602,-1,-1,-1,-1,-1,-1,22.518,-1,1,0,2,0,2,0,0,0,0,2,2,2,2,2,2,1,2
25,182.120,-670.169,-46.864,98.991,-0.156172,-0.987405,0.025330,0.987058,-0.156960,-0.032850,0.036412,0.019872,0.999139,0,0.34179,-0.85473,8.382,-0.630,18.648,544.381,-1,769.271,-1,459.899,513.727,573.501,711.839,-1,-1,-1,-1,-1,-1,22.516,-1,1,0,2,0,2,0,0,0,0,2,2,2,2,2,2,1,2
26,183.994,-661.860,-46.257,98.332,-0.144800,-0.989128,0.025659,0.988707,-0.145653,-0.035274,0.038628,0.020261,0.999048,0,0.34179,-0.85473,8.518,-0.659,18.579,562.927,-1,787.010,-1,472.645,527.789,570.319,715.878,-1,-1,-1,-1,-1,-1,22.493,-1,1,0,2,0,2,0,0,0,0,2,2,2,2,2,2,1,2
27,186.006,-653.492,-45.613,97.651,-0.133026,-0.990781,0.025621,0.990258,-0.133940,-0.038059,0.041140,0.020309,0.998947,0,0.34179,-0.85473,8.606,-0.681,18.438,583.013,-1,804.849,-1,487.930,543.675,566.374,721.677,-1,-1,-1,-1,-1,-1,22.446,-1,1,0,2,0,2,0,0,0,0,2,2,2,2,2,2,1,2
28,188.089,-645.120,-44.852,96.950,-0.120884,-0.992345,0.025278,0.991702,-0.121850,-0.040988,0.043754,0.020114,0.998840,0,0.34179,-0.85473,8.627,-0.701,18.673,604.896,-1,823.952,-1,504.300,560.788,562.163,728.998,-1,-1,-1,-1,-1,-1,22.525,-1,1,0,2,0,2,0,0,0,0,2,2,2,2,2,2,1,2
29,190.368,-636.731,-44.027,96.212,-0.108091,-0.993863,0.023526,0.993081,-0.109039,-0.043599,0.045896,0.018651,0.998772,0,0.34179,-0.85473,8.693,-0.738,18.586,628.829,-1,842.596,-1,520.304,577.902,554.725,743.099,-1,-1,-1,-1,-1,-1,22.495,-1,1,0,2,0,2,0,0,0,0,2,2,2,2,2,2,1,2
30,192.724,-628.247,-43.173,95.466,-0.095149,-0.995237,0.021215,0.994309,-0.096043,-0.046094,0.047912,0.016709,0.998712,0,0.34179,-0.85473,8.805,-0.746,18.410,652.546,-1,861.022,-1,536.822,594.690,546.265,759.517,-1,-1,-1,-1,-1,-1,22.438,-1,1,0,2,0,2,0,0,0,0,2,2,2,2,2,2,1,2
31,195.133,-619.612,-42.315,94.722,-0.082224,-0.996436,0.018844,0.995346,-0.083058,-0.048855,0.050246,0.014739,0.998628,0,0.34179,-0.85473,8.965,-0.744,18.232,678.386,-1,881.313,-1,556.044,612.679,537.929,775.679,-1,-1,-1,-1,-1,-1,22.384,-1,1,0,2,0,2,0,0,0,0,2,2,2,2,2,2,1,2
32,197.601,-610.802,-41.479,93.985,-0.069403,-0.997447,0.016810,0.996177,-0.070191,-0.051998,0.053045,0.013137,0.998506,0,0.34179,-0.85473,9.149,-0.737,18.078,708.198,-1,902.142,-1,577.226,631.634,530.501,790.169,-1,-1,-1,-1,-1,-1,22.341,-1,1,0,2,0,2,0,0,0,0,2,2,2,2,2,2,1,2
33,200.136,-601.819,-40.698,93.262,-0.056813,-0.998267,0.015360,0.996798,-0.057583,-0.055486,0.056274,0.012158,0.998341,0,0.34179,-0.85473,9.334,-0.723,17.997,742.059,-1,924.177,-1,600.299,650.269,524.416,801.479,-1,-1,-1,-1,-1,-1,22.320,-1,1,0,2,0,2,0,0,0,0,2,2,2,2,2,2,1,2
34,202.757,-592.754,-39.940,92.547,-0.044353,-0.998913,0.014360,0.997256,-0.045123,-0.058696,0.059280,0.011717,0.998173,0,0.34179,-0.85473,9.436,-0.716,18.142,776.835,-1,945.375,-1,622.460,668.503,519.460,809.775,-1,-1,-1,-1,-1,-1,22.358,-1,1,0,2,0,2,0,0,0,0,2,2,2,2,2,2,1,2
35,205.583,-583.697,-39.178,91.824,-0.031762,-0.999410,0.013098,0.997608,-0.032504,-0.061000,0.061390,0.011129,0.998052,0,0.34179,-0.85473,9.488,-0.723,18.474,807.902,-1,964.028,-1,640.655,685.450,514.376,818.395,-1,-1,-1,-1,-1,-1,22.458,-1,1,0,2,0,2,0,0,0,0,2,2,2,2,2,2,1,2
36,208.668,-574.677,-38.510,91.068,-0.018597,-0.999766,0.011083,0.997876,-0.019252,-0.062226,0.062425,0.009902,0.998001,0,0.34179,-0.85473,9.533,-0.756,18.535,832.549,-1,978.783,-1,655.940,699.144,507.904,829.686,-1,-1,-1,-1,-1,-1,22.478,-1,1,0,2,0,2,0,0,0,0,2,2,2,2,2,2,1,2
37,211.897,-565.668,-37.903,90.307,-0.005350,-0.999940,0.009593,0.997991,-0.005944,-0.063070,0.063123,0.009237,0.997963,0,0.34179,-0.85473,9.571,-0.761,18.610,856.296,-1,992.942,-1,670.558,710.431,502.410,836.819,-1,-1,-1,-1,-1,-1,22.503,-1,1,0,2,0,2,0,0,0,0,2,2,2,2,2,2,1,2
38,215.378,-556.668,-37.369,89.523,0.008316,-0.999932,0.008194,0.997940,0.007778,-0.063687,0.063619,0.008707,0.997936,0,0.34179,-0.85473,9.650,-0.785,18.670,877.964,-1,1005.862,-1,684.480,719.190,497.031,842.229,-1,-1,-1,-1,-1,-1,22.524,-1,1,0,2,0,2,0,0,0,0,2,2,2,2,2,2,1,2
39,219.063,-547.665,-36.988,88.717,0.022347,-0.999728,0.006715,0.997721,0.021873,-0.063827,0.063662,0.008126,0.997938,0,0.27027,-0.56523,9.728,-0.806,18.427,896.984,-1,-1,-1,694.806,725.269,491.164,846.580,-1,-1,-1,-1,-1,-1,22.443,-1,1,0,2,2,2,0,0,0,0,2,2,2,2,2,2,1,2
40,222.835,-538.628,-36.774,87.917,0.036267,-0.999326,0.005660,0.997322,0.035833,-0.063751,0.063505,0.007957,0.997950,0,0.27027,-0.56523,9.792,-0.800,18.271,914.802,-1,-1,-1,702.380,730.002,485.700,848.268,-1,-1,-1,-1,-1,-1,22.395,-1,1,0,2,2,2,0,0,0,0,2,2,2,2,2,2,1,2
41,226.657,-529.587,-36.635,87.145,0.049712,-0.998748,0.005570,0.996737,0.049255,-0.063950,0.063596,0.008731,0.997938,0,0.27027,-0.56523,9.816,-0.773,17.799,933.787,-1,-1,-1,709.776,734.982,481.825,844.897,-1,-1,-1,-1,-1,-1,22.274,-1,1,0,2,2,2,0,0,0,0,2,2,2,2,2,2,1,2
42,230.486,-520.448,-36.529,86.407,0.062545,-0.998022,0.006276,0.995989,0.062012,-0.064494,0.063978,0.010285,0.997898,0,0.27027,-0.56523,9.909,-0.738,17.877,953.628,-1,-1,-1,718.207,740.803,479.357,837.877,-1,-1,-1,-1,-1,-1,22.291,-1,1,0,2,2,2,0,0,0,0,2,2,2,2,2,2,1,2
43,234.400,-511.224,-36.476,85.687,0.075049,-0.997155,0.007006,0.995106,0.074439,-0.064992,0.064286,0.011849,0.997861,0,0.27027,-0.56523,10.020,-0.720,17.819,972.986,-1,-1,-1,726.165,746.316,476.844,830.955,-1,-1,-1,-1,-1,-1,22.279,-1,1,0,2,2,2,0,0,0,0,2,2,2,2,2,2,1,2
44,238.397,-501.949,-36.473,84.981,0.087304,-0.996151,0.007841,0.994101,0.086611,-0.065276,0.064346,0.013494,0.997836,0,0.27027,-0.56523,10.100,-0.706,17.700,989.725,-1,-1,-1,733.017,750.859,474.438,823.656,-1,-1,-1,-1,-1,-1,22.254,-1,1,0,2,2,2,0,0,0,0,2,2,2,2,2,2,1,2
45,242.445,-492.625,-36.495,84.287,0.099333,-0.995016,0.008758,0.992992,0.098557,-0.065218,0.064030,0.015175,0.997833,0,0.27027,-0.56523,10.165,-0.694,17.558,1001.199,-1,-1,-1,738.336,753.084,472.231,816.252,-1,-1,-1,-1,-1,-1,22.229,-1,1,0,2,2,2,0,0,0,0,2,2,2,2,2,2,1,2
46,246.517,-483.258,-36.492,83.619,0.110924,-0.993780,0.009890,0.991814,0.110060,-0.064748,0.063257,0.016992,0.997853,0,0.27027,-0.56523,10.214,-0.669,17.342,-1,-1,-1,-1,741.274,753.451,470.373,808.615,-1,-1,-1,-1,-1,-1,22.199,-1,1,2,2,2,2,0,0,0,0,2,2,2,2,2,2,1,2
47,250.569,-473.880,-36.382,82.986,0.121866,-0.992480,0.011513,0.990589,0.120890,-0.064176,0.062301,0.019225,0.997872,0,0.27027,-0.56523,10.216,-0.632,17.245,-1,-1,-1,-1,742.854,753.126,469.637,800.050,-1,-1,-1,-1,-1,-1,22.190,-1,1,2,2,2,2,0,0,0,0,2,2,2,2,2,2,1,2
48,254.709,-464.547,-36.167,82.352,0.132849,-0.991060,0.012264,0.989287,0.131836,-0.062695,0.060518,0.020461,0.997957,0,0.27027,-0.56523,10.210,-0.635,17.446,-1,-1,-1,-1,741.080,750.881,467.379,796.328,-1,-1,-1,-1,-1,-1,22.212,-1,1,2,2,2,2,0,0,0,0,2,2,2,2,2,2,1,2
49,258.885,-455.188,-35.889,81.716,0.143833,-0.989528,0.012121,0.987886,0.142851,-0.060621,0.058254,0.020693,0.998087,0,0.27027,-0.56523,10.249,-0.635,17.323,-1,-1,-1,-1,738.248,747.649,463.580,797.205,-1,-1,-1,-1,-1,-1,22.197,-1,1,2,2,2,2,0,0,0,0,2,2,2,2,2,2,1,2
50,263.104,-445.727,-35.582,81.088,0.154670,-0.987898,0.011643,0.986361,0.153737,-0.058797,0.056296,0.020578,0.998202,0,0.27027,-0.56523,10.359,-0.628,17.305,-1,-1,-1,-1,736.541,745.493,459.453,799.931,-1,-1,-1,-1,-1,-1,22.196,-1,1,2,2,2,2,0,0,0,0,2,2,2,2,2,2,1,2
51,267.457,-436.158,-35.312,80.461,0.165465,-0.986154,0.011043,0.984676,0.164571,-0.057698,0.055081,0.020421,0.998273,0,0.27027,-0.56523,10.513,-0.627,17.371,-1,-1,-1,-1,737.051,745.445,455.350,802.991,-1,-1,-1,-1,-1,-1,22.203,-1,1,2,2,2,2,0,0,0,0,2,2,2,2,2,2,1,2
52,271.991,-426.524,-35.212,79.819,0.176494,-0.984249,0.010223,0.982807,0.175645,-0.056914,0.054222,0.020092,0.998327,0,0.27027,-0.56523,10.648,-0.642,17.276,-1,-1,-1,-1,738.156,746.129,450.880,806.064,-1,-1,-1,-1,-1,-1,22.193,-1,1,2,2,2,2,0,0,0,0,2,2,2,2,2,2,1,2
53,276.664,-416.875,-35.275,79.167,0.187683,-0.982183,0.009600,0.980794,0.186871,-0.055879,0.053089,0.019903,0.998391,0,0.27027,-0.56523,10.720,-0.652,17.441,-1,-1,-1,-1,737.965,746.057,446.240,807.589,-1,-1,-1,-1,-1,-1,22.211,-1,1,2,2,2,2,0,0,0,0,2,2,2,2,2,2,1,2
54,281.503,-407.260,-35.455,78.506,0.199011,-0.979953,0.009329,0.978653,0.198230,-0.054259,0.051322,0.019928,0.998483,0,0.27027,-0.56523,10.764,-0.661,17.511,-1,-1,-1,-1,735.492,743.778,441.656,807.357,-1,-1,-1,-1,-1,-1,22.221,-1,1,2,2,2,2,0,0,0,0,2,2,2,2,2,2,1,2
55,286.512,-397.674,-35.734,77.838,0.210432,-0.977560,0.009745,0.976383,0.209659,-0.052143,0.048930,0.020488,0.998592,0,0.27027,-0.56523,10.816,-0.668,17.545,1002.971,-1,-1,-1,730.009,739.318,437.656,804.150,-1,-1,-1,-1,-1,-1,22.227,-1,1,0,2,2,2,0,0,0,0,2,2,2,2,2,2,1,2
56,291.701,-388.145,-36.071,77.170,0.221824,-0.975022,0.011201,0.974011,0.221025,-0.049498,0.045786,0.021890,0.998711,0,0.27027,-0.56523,10.850,-0.667,17.489,992.503,-1,-1,-1,722.365,733.189,434.794,796.995,-1,-1,-1,-1,-1,-1,22.218,-1,1,0,2,2,2,0,0,0,0,2,2,2,2,2,2,1,2
57,297.048,-378.671,-36.392,76.516,0.232961,-0.972385,0.014037,0.971556,0.232083,-0.047068,0.042510,0.024603,0.998793,0,0.27027,-0.56523,10.878,-0.654,17.370,984.115,-1,-1,-1,714.781,726.500,434.115,784.872,-1,-1,-1,-1,-1,-1,22.203,-1,1,0,2,2,2,0,0,0,0,2,2,2,2,2,2,1,2
58,302.661,-369.223,-36.752,75.843,0.244390,-0.969527,0.017082,0.968898,0.243449,-0.044376,0.038865,0.027396,0.998869,0,0.31423,-0.97960,10.990,-0.673,17.598,973.119,-1,-1,-1,706.197,718.905,433.524,772.501,-1,-1,-1,-1,-1,-1,22.236,-1,1,0,2,2,2,0,0,0,0,2,2,2,2,2,2,1,2
59,308.540,-359.769,-37.258,75.130,0.256482,-0.966349,0.019679,0.965939,0.255544,-0.040741,0.034341,0.029458,0.998976,0,0.31423,-0.97960,11.132,-0.714,17.622,955.527,-1,-1,-1,695.087,709.082,432.771,762.201,-1,-1,-1,-1,-1,-1,22.240,-1,1,0,2,2,2,0,0,0,0,2,2,2,2,2,2,1,2
60,314.620,-350.260,-37.944,74.392,0.268933,-0.962905,0.022093,0.962721,0.268049,-0.036298,0.029030,0.031032,0.999097,0,0.31423,-0.97960,11.287,-0.737,17.916,932.629,-1,-1,-1,682.539,698.958,430.694,752.964,-1,-1,-1,-1,-1,-1,22.301,-1,1,0,2,2,2,0,0,0,0,2,2,2,2,2,2,1,2
61,320.982,-340.793,-38.790,73.617,0.281977,-0.959111,0.024401,0.959147,0.281197,-0.031057,0.022926,0.032161,0.999220,0,0.31423,-0.97960,11.407,-0.775,17.968,905.340,-1,-1,-1,667.873,688.892,427.567,744.457,-1,-1,-1,-1,-1,-1,22.313,-1,1,0,2,2,2,0,0,0,0,2,2,2,2,2,2,1,2
62,327.577,-331.257,-39.766,72.827,0.295223,-0.955035,0.027408,0.955280,0.294550,-0.026087,0.016840,0.033884,0.999284,0,0.31423,-0.97960,11.594,-0.791,17.836,879.489,-1,-1,-1,653.642,678.853,425.147,733.530,-1,-1,-1,-1,-1,-1,22.282,-1,1,0,2,2,2,0,0,0,0,2,2,2,2,2,2,1,2
63,334.428,-321.642,-40.882,72.020,0.308674,-0.950658,0.031146,0.951102,0.308100,-0.021916,0.011238,0.036388,0.999275,0,0.31423,-0.97960,11.806,-0.807,17.951,857.579,-1,-1,-1,641.191,670.012,423.689,719.867,-1,-1,-1,-1,-1,-1,22.309,-1,1,0,2,2,2,0,0,0,0,2,2,2,2,2,2,1,2
64,341.631,-312.097,-42.090,71.179,0.322614,-0.945886,0.034927,0.946516,0.322183,-0.017504,0.005304,0.038706,0.999237,0,0.31423,-0.97960,11.958,-0.841,17.929,834.090,-1,-1,-1,628.102,660.667,421.720,707.040,-1,-1,-1,-1,-1,-1,22.304,-1,1,0,2,2,2,0,0,0,0,2,2,2,2,2,2,1,2
65,349.147,-302.641,-43.390,70.301,0.337075,-0.940688,0.038544,0.941477,0.336857,-0.012212,-0.001496,0.040405,0.999182,0,0.31423,-0.97960,12.079,-0.877,18.334,805.921,-1,-1,-1,613.957,649.640,419.791,695.763,-1,-1,-1,-1,-1,-1,22.414,-1,1,0,2,2,2,0,0,0,0,2,2,2,2,2,2,1,2
66,356.997,-293.278,-44.758,69.387,0.352044,-0.935031,0.042217,0.935941,0.352099,-0.006383,-0.008896,0.041760,0.999088,0,0.31423,-0.97960,12.219,-0.914,18.497,775.716,-1,-1,-1,599.140,637.683,420.513,685.224,-1,-1,-1,-1,-1,-1,22.465,-1,1,0,2,2,2,0,0,0,0,2,2,2,2,2,2,1,2
67,365.148,-283.961,-46.136,68.466,0.367014,-0.929032,0.046900,0.930081,0.367352,-0.001525,-0.015812,0.044180,0.998898,0,0.31423,-0.97960,12.379,-0.921,18.281,750.502,-1,-1,-1,585.982,629.021,423.233,671.950,-1,-1,-1,-1,-1,-1,22.398,-1,1,0,2,2,2,0,0,0,0,2,2,2,2,2,2,1,2
68,373.662,-274.678,-47.554,67.532,0.382073,-0.922638,0.052529,0.923863,0.382717,0.002394,-0.022312,0.047615,0.998617,0,0.31423,-0.97960,12.596,-0.934,18.256,729.750,-1,-1,-1,574.189,623.715,427.867,656.231,-1,-1,-1,-1,-1,-1,22.391,-1,1,0,2,2,2,0,0,0,0,2,2,2,2,2,2,1,2
69,382.486,-265.378,-49.075,66.579,0.397319,-0.915796,0.058775,0.917226,0.398323,0.005988,-0.028895,0.051531,0.998253,0,0.31423,-0.97960,12.820,-0.953,18.137,709.749,-1,-1,-1,563.765,618.362,433.312,639.091,-1,-1,-1,-1,-1,-1,22.357,-1,1,0,2,2,2,0,0,0,0,2,2,2,2,2,2,1,2
70,391.559,-255.997,-50.704,65.628,0.412400,-0.908647,0.065474,0.910300,0.413839,0.009566,-0.035788,0.055656,0.997808,0,0.31423,-0.97960,13.051,-0.951,17.978,689.678,-1,-1,-1,555.621,612.114,439.015,621.648,-1,-1,-1,-1,-1,-1,22.316,-1,1,0,2,2,2,0,0,0,0,2,2,2,2,2,2,1,2
71,400.799,-246.420,-52.434,64.717,0.426692,-0.901478,0.072607,0.903385,0.428636,0.012930,-0.042778,0.060075,0.997277,0,0.31423,-0.97960,13.308,-0.910,17.880,670.961,-1,-1,-1,547.093,605.024,448.586,604.284,-1,-1,-1,-1,-1,-1,22.292,-1,1,0,2,2,2,0,0,0,0,2,2,2,2,2,2,1,2
72,410.283,-236.838,-54.216,63.813,0.440736,-0.894126,0.079316,0.896225,0.443275,0.016962,-0.050325,0.063609,0.996705,0,0.31423,-0.97960,13.482,-0.904,17.940,651.765,-1,-1,-1,537.388,596.910,459.484,589.749,-1,-1,-1,-1,-1,-1,22.306,-1,1,0,2,2,2,0,0,0,0,2,2,2,2,2,2,1,2
73,419.964,-227.296,-55.963,62.865,0.455309,-0.886242,0.085255,0.888411,0.458527,0.021873,-0.058477,0.065783,0.996119,0,0.31423,-0.97960,13.593,-0.949,17.818,630.452,-1,-1,-1,526.897,587.917,468.232,578.775,-1,-1,-1,-1,-1,-1,22.278,-1,1,0,2,2,2,0,0,0,0,2,2,2,2,2,2,1,2
74,429.838,-217.534,-57.711,61.948,0.469235,-0.878382,0.090900,0.880585,0.473149,0.026448,-0.066241,0.067635,0.995509,0,0.31423,-0.97960,13.885,-0.917,17.768,611.529,-1,983.599,-1,517.323,581.583,476.528,569.324,-1,-1,-1,-1,-1,-1,22.268,-1,1,0,2,0,2,0,0,0,0,2,2,2,2,2,2,1,2
75,440.011,-207.637,-59.468,61.057,0.482640,-0.870536,0.096050,0.872744,0.487227,0.030474,-0.073327,0.069119,0.994910,0,0.31423,-0.97960,14.193,-0.892,17.632,594.629,-1,961.274,-1,509.108,576.895,484.260,561.415,-1,-1,-1,-1,-1,-1,22.242,-1,1,0,2,0,2,0,0,0,0,2,2,2,2,2,2,1,2
76,450.495,-197.649,-61.231,60.151,0.496135,-0.862358,0.100943,0.864576,0.501365,0.033777,-0.079737,0.070516,0.994319,0,0.31423,-0.97960,14.480,-0.906,17.532,579.915,-1,940.630,-1,506.038,574.125,493.420,554.045,-1,-1,-1,-1,-1,-1,22.225,-1,1,0,2,0,2,0,0,0,0,2,2,2,2,2,2,1,2
77,461.264,-187.560,-62.978,59.261,0.509262,-0.854055,0.106029,0.856358,0.515119,0.036110,-0.085457,0.072409,0.993707,0,0.31423,-0.97960,14.757,-0.890,17.468,574.761,-1,922.422,-1,505.048,572.842,505.439,546.151,-1,-1,-1,-1,-1,-1,22.215,-1,1,0,2,0,2,0,0,0,0,2,2,2,2,2,2,1,2
78,472.353,-177.490,-64.679,58.374,0.522217,-0.845566,0.110941,0.847999,0.528659,0.037649,-0.090485,0.074417,0.993114,0,0.31423,-0.97960,14.979,-0.886,17.402,572.127,-1,907.967,-1,506.039,572.846,518.594,538.594,-1,-1,-1,-1,-1,-1,22.206,-1,1,0,2,0,2,0,0,0,0,2,2,2,2,2,2,1,2
79,483.732,-167.406,-66.310,57.486,0.535070,-0.836873,0.115516,0.839448,0.542059,0.038712,-0.095013,0.076256,0.992551,0,0.35273,-0.72072,15.204,-0.888,17.354,570.984,-1,896.686,-1,508.366,574.232,532.179,531.970,-1,-1,-1,-1,-1,-1,22.201,-1,1,0,2,0,2,0,0,0,0,2,2,2,2,2,2,1,2
80,495.363,-157.271,-67.879,56.584,0.547991,-0.827888,0.119614,0.830562,0.555505,0.039759,-0.099362,0.077560,0.992024,0,0.35273,-0.72072,15.427,-0.902,17.177,570.252,-1,887.738,-1,511.349,577.583,545.127,526.831,-1,-1,-1,-1,-1,-1,22.185,-1,1,0,2,0,2,0,0,0,0,2,2,2,2,2,2,1,2
81,507.129,-146.800,-69.433,55.775,0.559461,-0.819525,0.124023,0.822440,0.567463,0.039723,-0.102932,0.079778,0.991484,0,0.35273,-0.72072,15.751,-0.809,17.313,572.473,-1,880.530,-1,517.130,581.754,560.862,520.847,-1,-1,-1,-1,-1,-1,22.196,-1,1,0,2,0,2,0,0,0,0,2,2,2,2,2,2,1,2
82,519.253,-136.524,-71.050,54.948,0.571040,-0.810950,0.127568,0.813967,0.579509,0.040335,-0.106637,0.080804,0.991009,0,0.35273,-0.72072,15.892,-0.826,17.163,580.365,-1,874.505,-1,523.559,586.069,573.348,517.177,-1,-1,-1,-1,-1,-1,22.184,-1,1,0,2,0,2,0,0,0,0,2,2,2,2,2,2,1,2
83,531.614,-126.305,-72.788,54.068,0.583218,-0.801704,0.130872,0.804736,0.592186,0.041420,-0.110707,0.081160,0.990534,0,0.35273,-0.72072,16.038,-0.880,17.148,587.078,-1,867.842,-1,528.782,589.876,584.015,514.233,-1,-1,-1,-1,-1,-1,22.183,-1,1,0,2,0,2,0,0,0,0,2,2,2,2,2,2,1,2
84,544.141,-115.918,-74.621,53.249,0.594390,-0.792821,0.134665,0.795967,0.603882,0.041995,-0.114616,0.082228,0.990001,0,0.35273,-0.72072,16.274,-0.819,17.310,593.863,-1,859.091,-1,533.680,593.257,596.541,510.205,-1,-1,-1,-1,-1,-1,22.196,-1,1,0,2,0,2,0,0,0,0,2,2,2,2,2,2,1,2
85,557.070,-105.842,-76.486,52.354,0.606480,-0.783120,0.137492,0.786215,0.616447,0.043118,-0.118523,0.081948,0.989564,0,0.35273,-0.72072,16.391,-0.896,17.229,600.670,-1,850.831,-1,539.171,597.807,605.294,508.424,-1,-1,-1,-1,-1,-1,22.189,-1,1,0,2,0,2,0,0,0,0,2,2,2,2,2,2,1,2
86,570.324,-95.800,-78.446,51.436,0.618774,-0.773045,0.139714,0.776119,0.629088,0.043452,-0.121483,0.081547,0.989238,0,0.35273,-0.72072,16.629,-0.918,17.126,612.369,-1,845.279,-1,548.374,604.904,613.012,506.773,-1,-1,-1,-1,-1,-1,22.182,-1,1,0,2,0,2,0,0,0,0,2,2,2,2,2,2,1,2
87,583.829,-85.697,-80.527,50.548,0.630547,-0.763130,0.141572,0.766213,0.641126,0.043296,-0.123806,0.081174,0.988981,0,0.35273,-0.72072,16.866,-0.888,17.473,626.821,-1,841.503,-1,558.658,613.182,619.987,505.184,-1,-1,-1,-1,-1,-1,22.216,-1,1,0,2,0,2,0,0,0,0,2,2,2,2,2,2,1,2
88,597.686,-75.969,-82.568,49.593,0.643054,-0.752423,0.142620,0.755412,0.653817,0.043308,-0.125834,0.079887,0.988830,0,0.35273,-0.72072,16.930,-0.954,17.475,643.018,-1,839.919,-1,570.454,623.270,624.387,504.993,-1,-1,-1,-1,-1,-1,22.216,-1,1,0,2,0,2,0,0,0,0,2,2,2,2,2,2,1,2
89,611.957,-66.632,-84.551,48.560,0.656427,-0.740724,0.142939,0.743512,0.667302,0.043555,-0.127646,0.077687,0.988773,0,0.35273,-0.72072,17.054,-1.034,17.700,660.690,-1,841.095,-1,583.105,634.173,626.305,506.133,-1,-1,-1,-1,-1,-1,22.254,-1,1,0,2,0,2,0,0,0,0,2,2,2,2,2,2,1,2
90,626.642,-57.736,-86.457,47.445,0.670622,-0.727928,0.142784,0.730436,0.681563,0.043997,-0.129342,0.074789,0.988776,0,0.35273,-0.72072,17.170,-1.115,17.552,678.141,-1,842.578,-1,598.302,645.569,625.784,508.204,-1,-1,-1,-1,-1,-1,22.228,-1,1,0,2,0,2,0,0,0,0,2,2,2,2,2,2,1,2
91,641.595,-48.975,-88.216,46.342,0.684469,-0.714877,0.143014,0.717310,0.695420,0.043091,-0.130260,0.073091,0.988782,0,0.35273,-0.72072,17.330,-1.102,17.451,700.102,-1,844.814,-1,616.368,659.229,628.490,508.731,-1,-1,-1,-1,-1,-1,22.213,-1,1,0,2,0,2,0,0,0,0,2,2,2,2,2,2,1,2
92,656.841,-40.331,-89.916,45.254,0.697866,-0.701722,0.143415,0.704075,0.708862,0.042350,-0.131379,0.071421,0.988756,0,0.35273,-0.72072,17.526,-1.088,17.238,722.768,-1,847.098,-1,633.884,669.911,628.279,509.523,-1,-1,-1,-1,-1,-1,22.189,-1,1,0,2,0,2,0,0,0,0,2,2,2,2,2,2,1,2
93,672.396,-31.634,-91.774,44.210,0.710504,-0.688926,0.143406,0.691173,0.721489,0.041643,-0.132154,0.069531,0.988787,0,0.35273,-0.72072,17.821,-1.044,17.214,742.953,-1,851.434,-1,648.888,677.690,626.224,510.762,-1,-1,-1,-1,-1,-1,22.188,-1,1,0,2,0,2,0,0,0,0,2,2,2,2,2,2,1,2
94,688.232,-22.922,-93.994,43.179,0.722783,-0.676159,0.142803,0.678229,0.733695,0.041192,-0.132626,0.067080,0.988894,0,0.35273,-0.72072,18.073,-1.031,17.062,761.682,-1,855.500,-1,663.774,685.583,621.082,512.335,-1,-1,-1,-1,-1,-1,22.180,-1,1,0,2,0,2,0,0,0,0,2,2,2,2,2,2,1,2
95,704.313,-14.222,-96.657,42.158,0.734696,-0.663399,0.141861,0.665200,0.745522,0.041297,-0.133157,0.064025,0.989025,0,0.35273,-0.72072,18.284,-1.021,17.143,777.872,-1,858.031,-1,677.238,692.248,611.837,514.042,-1,-1,-1,-1,-1,-1,22.183,-1,1,0,2,0,2,0,0,0,0,2,2,2,2,2,2,1,2
96,720.655,-5.701,-99.681,41.130,0.746428,-0.650379,0.140900,0.651839,0.757195,0.041963,-0.133980,0.060522,0.989134,0,0.35273,-0.72072,18.430,-1.028,17.016,786.400,-1,860.668,-1,681.759,693.707,596.345,515.387,-1,-1,-1,-1,-1,-1,22.179,-1,1,0,2,0,2,0,0,0,0,2,2,2,2,2,2,1,2
97,737.244,2.679,-103.007,40.111,0.757766,-0.637218,0.140512,0.638350,0.768555,0.042819,-0.135276,0.057249,0.989153,0,0.35273,-0.72072,18.585,-1.019,16.995,794.876,-1,860.543,-1,684.684,692.254,580.419,515.731,-1,-1,-1,-1,-1,-1,22.178,-1,1,0,2,0,2,0,0,0,0,2,2,2,2,2,2,1,2
98,754.057,10.904,-106.711,39.101,0.768591,-0.623957,0.141227,0.624649,0.779612,0.044925,-0.138133,0.053688,0.988957,0,0.35273,-0.72072,18.717,-1.010,17.005,797.082,-1,854.413,-1,682.724,686.778,562.496,515.601,-1,-1,-1,-1,-1,-1,22.178,-1,1,0,2,0,2,0,0,0,0,2,2,2,2,2,2,1,2
99,771.097,18.943,-110.757,38.102,0.778870,-0.610565,0.143429,0.610754,0.790369,0.047920,-0.142620,0.050276,0.988500,0,0.35273,-0.72072,18.842,-1.000,16.976,786.799,-1,841.752,-1,675.915,676.681,542.683,514.223,-1,-1,-1,-1,-1,-1,22.178,-1,1,0,2,0,2,0,0,0,0,2,2,2,2,2,2,1,2
100,788.393,26.798,-115.082,37.125,0.788502,-0.597157,0.147202,0.596889,0.800705,0.050943,-0.148286,0.047695,0.987794,0,0.35273,-0.72072,18.995,-0.976,16.824,773.376,-1,823.819,-1,663.493,662.722,524.229,510.675,-1,-1,-1,-1,-1,-1,22.182,-1,1,0,2,0,2,0,0,0,0,2,2,2,2,2,2,1,2
101,805.967,34.575,-119.617,36.189,0.797413,-0.583877,0.152382,0.583381,0.810488,0.052691,-0.154269,0.046880,0.986916,0,0.35539,-0.72072,19.218,-0.937,16.708,760.564,-1,802.917,-1,648.352,647.640,510.107,503.754,-1,-1,-1,-1,-1,-1,22.190,-1,1,0,2,0,2,0,0,0,0,2,2,2,2,2,2,1,2
102,823.792,42.310,-124.309,35.312,0.805424,-0.571011,0.158863,0.570533,0.819550,0.053197,-0.160572,0.047791,0.985867,0,0.35804,-0.72072,19.431,-0.877,16.515,747.015,-1,779.495,-1,632.730,630.746,500.037,494.229,-1,-1,-1,-1,-1,-1,22.217,-1,1,0,2,0,2,0,0,0,0,2,2,2,2,2,2,1,2
103,841.844,50.001,-129.143,34.471,0.812697,-0.558428,0.166378,0.557952,0.828111,0.054057,-0.167966,0.048899,0.984579,0,0.36048,-0.72072,19.623,-0.841,16.532,731.168,-1,753.148,-1,614.912,611.666,489.627,484.476,-1,-1,-1,-1,-1,-1,22.214,-1,1,0,2,0,2,0,0,0,0,2,2,2,2,2,2,1,2
104,860.105,57.982,-134.158,33.771,0.818408,-0.547367,0.174925,0.547267,0.835265,0.053215,-0.175237,0.052179,0.983143,0,0.36281,-0.72072,19.929,-0.701,16.075,713.168,-1,725.669,-1,597.679,592.601,483.950,472.041,-1,-1,-1,-1,-1,-1,22.346,-1,1,0,2,0,2,0,0,0,0,2,2,2,2,2,2,1,2
105,878.583,66.226,-139.389,33.153,0.823122,-0.537262,0.183901,0.537667,0.841551,0.052024,-0.182713,0.056055,0.981567,0,0.36469,-0.72072,20.234,-0.618,15.814,694.238,-1,697.695,-1,580.619,573.145,480.166,459.138,-1,-1,-1,-1,-1,-1,22.480,-1,1,0,2,0,2,0,0,0,0,2,2,2,2,2,2,1,2
106,897.296,74.671,-144.794,32.580,0.827197,-0.527776,0.192869,0.528610,0.847304,0.051444,-0.190569,0.059398,0.979875,0,0.36629,-0.72072,20.530,-0.573,15.696,674.026,-1,669.941,-1,562.937,553.544,475.760,447.367,-1,-1,-1,-1,994.856,-1,22.560,-1,1,0,2,0,2,0,0,0,0,2,2,2,2,0,2,1,2
107,916.352,83.239,-150.351,32.010,0.831181,-0.518319,0.201205,0.519589,0.852909,0.050731,-0.197905,0.062378,0.978235,0,0.50783,-0.98359,20.894,-0.570,15.670,655.603,-1,644.516,-1,546.422,535.648,470.426,436.208,-1,-1,-1,-1,961.807,-1,22.578,-1,1,0,2,0,2,0,0,0,0,2,2,2,2,0,2,1,2
108,935.954,91.959,-156.019,31.435,0.835282,-0.509122,0.207603,0.510562,0.858342,0.050755,-0.204034,0.063600,0.976896,0,0.50981,-0.98359,21.453,-0.575,15.743,639.086,-1,623.895,8.094,532.115,520.540,460.388,428.029,-1,-1,-1,-1,931.379,-1,22.526,16.440,1,0,2,0,1,0,0,0,0,2,2,2,2,0,2,1,1
109,956.149,100.906,-161.568,30.838,0.839820,-0.500260,0.210813,0.501379,0.863657,0.052110,-0.208139,0.061934,0.976136,0,0.51179,-0.98359,22.088,-0.598,15.756,625.397,-1,611.173,13.317,520.532,510.116,449.991,424.928,-1,-1,-1,-1,907.071,-1,22.518,27.474,1,0,2,0,1,0,0,0,0,2,2,2,2,0,2,1,1
110,976.851,110.009,-166.840,30.209,0.844605,-0.491446,0.212420,0.491746,0.868986,0.055215,-0.211725,0.057822,0.975617,0,0.51386,-0.98359,22.615,-0.629,15.957,611.991,-1,602.721,13.408,510.051,501.854,440.988,426.039,-1,-1,-1,-1,883.252,-1,22.400,27.994,1,0,2,0,1,0,0,0,0,2,2,2,2,0,2,1,1
111,998.053,118.990,-171.715,29.530,0.849605,-0.482179,0.213716,0.481272,0.874527,0.059835,-0.215752,0.052019,0.975062,0,0.51606,-0.98359,23.025,-0.679,15.928,597.056,-1,595.776,13.388,500.194,494.053,430.725,430.523,-1,-1,-1,-1,858.190,996.363,22.415,28.808,1,0,2,0,1,0,0,0,0,2,2,2,2,0,0,1,1
112,1019.799,127.800,-176.354,28.834,0.854756,-0.472496,0.214803,0.470564,0.880085,0.063406,-0.219004,0.046882,0.974597,0,0.51846,-0.98359,23.463,-0.696,15.726,585.352,-1,590.927,13.307,492.664,487.817,423.250,435.127,-1,-1,-1,-1,837.605,985.001,22.538,26.106,1,0,2,0,1,0,0,0,0,2,2,2,2,0,0,1,1
113,1041.996,136.589,-181.079,28.153,0.859607,-0.462634,0.216899,0.460016,0.885486,0.065573,-0.222397,0.043410,0.973989,0,0.52094,-0.98359,23.874,-0.681,15.695,573.719,-1,584.456,13.299,485.149,481.584,425.939,437.300,-1,-1,-1,-1,817.957,970.384,22.560,24.013,1,0,2,0,1,0,0,0,0,2,2,2,2,0,0,1,1
114,1064.633,145.285,-185.986,27.495,0.864073,-0.452729,0.220030,0.449713,0.890686,0.066603,-0.226131,0.041400,0.973217,0,0.52333,-0.98359,24.249,-0.658,15.532,561.749,-1,575.945,13.271,477.114,474.367,431.601,437.079,-1,-1,-1,-1,798.470,951.745,22.691,25.231,1,0,2,0,1,0,0,0,0,2,2,2,2,0,0,1,1
115,1087.698,153.967,-191.188,26.896,0.867964,-0.443468,0.223549,0.440276,0.895376,0.066774,-0.229773,0.040466,0.972403,0,0.52562,-0.98359,24.646,-0.599,15.459,550.551,-1,566.628,13.268,468.116,466.671,438.264,435.088,-1,-1,-1,-1,779.794,931.013,22.760,28.676,1,0,2,0,1,0,0,0,0,2,2,2,2,0,0,1,1
116,1111.107,162.715,-196.646,26.329,0.871493,-0.434565,0.227272,0.431262,0.899757,0.066706,-0.233478,0.039880,0.971544,0,0.52763,-0.98359,24.990,-0.568,1004.784,538.720,-1,556.254,13.267,459.146,458.466,446.176,432.416,-1,-1,-1,-1,761.999,909.772,18.271,33.389,0,0,2,0,1,0,0,0,0,2,2,2,2,0,0,1,1
117,1134.870,171.481,-202.358,25.778,0.874914,-0.426184,0.229987,0.422540,0.903831,0.067446,-0.236614,0.038169,0.970854,0,0.43378,-0.44681,25.329,-0.550,962.468,526.718,-1,547.400,13.273,450.799,450.708,452.139,431.293,-1,-1,-1,-1,744.233,892.148,924.244,36.180,0,0,2,0,1,0,0,0,0,2,2,2,2,0,0,0,1
118,1158.845,180.338,-208.340,25.260,0.878036,-0.418358,0.232440,0.414302,0.907561,0.068463,-0.239595,0.036187,0.970198,0,0.43523,-0.44681,25.558,-0.518,919.787,514.353,-1,538.514,13.289,442.186,443.019,457.408,430.662,-1,-1,-1,-1,725.914,874.502,890.132,38.048,0,0,2,0,1,0,0,0,0,2,2,2,2,0,0,0,1
119,1183.026,189.210,-214.495,24.776,0.881159,-0.411091,0.233586,0.406696,0.910953,0.069012,-0.241156,0.034188,0.969884,0,0.43657,-0.44681,25.757,-0.485,15.011,504.049,-1,532.181,13.339,435.283,437.115,462.345,430.224,-1,-1,-1,-1,709.716,862.133,23.342,38.299,1,0,2,0,1,0,0,0,0,2,2,2,2,0,0,1,1
120,1207.240,197.957,-219.842,24.393,0.884836,-0.404020,0.232020,0.401241,0.913922,0.061247,-0.236793,0.038902,0.970781,0,0.43778,-0.44681,25.745,-0.383,15.023,508.809,-1,535.372,13.336,438.363,440.205,482.010,422.940,-1,-1,-1,-1,714.074,867.608,23.323,37.043,1,0,2,0,1,0,0,0,0,2,2,2,2,0,0,1,1
121,1232.023,206.119,-224.379,23.923,0.889944,-0.395475,0.227157,0.394788,0.917385,0.050466,-0.228349,0.044767,0.972550,0,0.43862,-0.44681,26.093,-0.470,15.769,521.509,-1,547.481,13.321,449.082,451.057,508.564,415.940,-1,-1,-1,-1,731.945,890.675,22.509,33.297,1,0,2,0,1,0,0,0,0,2,2,2,2,0,0,1,1
122,1262.130,215.116,-229.671,23.160,0.896796,-0.383524,0.220604,0.383626,0.922432,0.044157,-0.220427,0.045029,0.974363,0,0.43977,-0.44681,31.423,-0.763,935.163,531.199,-1,562.839,13.370,459.627,461.335,527.441,415.881,-1,-1,-1,-1,742.900,927.048,913.315,27.700,0,0,2,0,1,0,0,0,0,2,2,2,2,0,0,0,1
123,1282.077,221.655,-233.540,22.806,0.899740,-0.377843,0.218410,0.378335,0.924750,0.041239,-0.217556,0.045528,0.974985,0,0.44188,-0.44681,20.991,-0.354,931.542,532.718,-1,566.885,13.357,461.866,464.234,537.804,415.438,-1,-1,-1,-1,742.663,934.828,912.405,21.129,0,0,2,0,1,0,0,0,0,2,2,2,2,0,0,0,1
124,1306.983,229.884,-238.904,22.388,0.902664,-0.371503,0.217217,0.371829,0.927398,0.040948,-0.216659,0.043805,0.975264,0,0.44272,-0.44681,26.231,-0.419,908.827,527.368,-1,566.311,-1,458.446,463.067,543.652,417.134,-1,-1,-1,-1,733.379,934.901,893.961,-1,0,0,2,0,2,0,0,0,0,2,2,2,2,0,0,0,2
125,1331.889,238.011,-244.918,21.928,0.905244,-0.365067,0.217391,0.364429,0.930167,0.044511,-0.218459,0.038930,0.975069,0,0.44368,-0.44681,26.198,-0.459,864.754,514.833,-1,559.958,-1,449.624,457.068,542.257,421.523,-1,-1,-1,-1,714.319,925.838,858.687,-1,0,0,2,0,2,0,0,0,0,2,2,2,2,0,0,0,2
126,1356.821,245.846,-251.567,21.391,0.907718,-0.358120,0.218626,0.355570,0.933185,0.052306,-0.222750,0.030258,0.974406,0,0.44479,-0.44681,26.134,-0.537,802.166,495.768,-1,550.074,-1,436.577,445.520,530.970,429.203,-1,-1,-1,-1,686.382,909.610,808.258,-1,0,0,2,0,2,0,0,0,0,2,2,2,2,0,0,0,2
127,1381.859,253.527,-258.970,20.810,0.910203,-0.350908,0.219987,0.345929,0.936205,0.062079,-0.227737,0.019595,0.973525,0,0.44618,-0.44681,26.190,-0.582,737.470,473.848,-1,538.389,13.310,421.141,432.437,513.427,418.800,-1,-1,-1,-1,654.467,890.799,752.097,21.915,0,0,2,0,1,0,0,0,1,2,2,2,2,0,0,0,1
128,1406.965,260.251,-266.839,20.043,0.913365,-0.341621,0.221493,0.333206,0.939825,0.075511,-0.233961,0.004834,0.972234,0,0.38080,-1.00000,25.991,-0.767,19.796,449.217,-1,526.282,20.765,403.240,418.509,491.457,397.868,-1,-1,-1,-1,618.238,873.399,22.982,22.338,1,0,2,0,1,0,0,0,1,2,2,2,2,0,0,1,1
129,1430.375,262.417,-273.232,18.614,0.918474,-0.324090,0.226651,0.309347,0.945801,0.098821,-0.246394,-0.020651,0.968950,0,0.38270,-1.00000,23.510,-1.429,18.908,418.484,-1,512.501,25.254,379.958,401.678,457.172,379.082,-1,-1,-1,-1,572.956,856.041,22.611,26.559,1,0,2,0,1,0,0,0,1,2,2,2,2,0,0,1,1
130,1452.821,263.545,-278.099,17.236,0.923730,-0.304976,0.231757,0.286574,0.951704,0.110159,-0.254160,-0.035342,0.966516,0,0.38672,-1.00000,22.474,-1.378,18.723,401.910,-1,505.303,26.599,366.332,391.393,445.098,361.945,-1,-1,-1,-1,548.199,853.351,22.543,27.841,1,0,2,0,1,0,0,0,1,2,2,2,2,0,0,1,1
131,1475.147,263.858,-282.068,15.950,0.929918,-0.284760,0.232730,0.265772,0.957749,0.109922,-0.254198,-0.040365,0.966309,0,0.39061,-0.99036,22.329,-1.286,17.424,399.408,-1,510.350,18.248,364.483,392.351,449.641,344.783,-1,-1,-1,-1,543.769,867.577,22.209,25.460,1,0,2,0,1,0,0,0,1,2,2,2,2,0,0,1,1
132,1497.734,264.144,-285.718,14.879,0.937084,-0.265164,0.227071,0.248973,0.963566,0.097744,-0.244716,-0.035060,0.968961,0,0.39422,-0.97866,22.589,-1.071,18.714,413.180,-1,526.719,18.164,375.801,403.856,465.922,326.632,-1,-1,-1,-1,563.613,913.821,22.539,19.011,1,0,2,0,1,0,0,0,1,2,2,2,2,0,0,1,1
133,1519.406,261.568,-288.801,13.451,0.945840,-0.240206,0.218377,0.226227,0.970155,0.087296,-0.232829,-0.033165,0.971952,0,0.39716,-0.96912,21.824,-1.428,18.672,431.265,-1,558.398,-1,392.637,420.567,476.884,309.376,-1,-1,-1,-1,591.419,960.140,22.525,-1,1,0,2,0,2,0,0,0,1,2,2,2,2,0,0,1,2
134,1540.606,257.742,-292.045,11.856,0.955111,-0.211945,0.206984,0.200504,0.976816,0.075021,-0.218086,-0.030152,0.975464,0,0.40125,-0.95587,21.543,-1.596,18.196,452.913,-1,596.912,-1,411.914,444.696,491.411,309.201,-1,-1,-1,-1,628.776,-1,22.373,-1,1,0,2,0,2,0,0,0,1,2,2,2,2,0,2,1,2
135,1561.777,253.304,-295.958,10.210,0.963855,-0.182756,0.193866,0.173605,0.982777,0.063332,-0.202102,-0.027387,0.978982,0,0.40588,-0.94088,21.631,-1.645,18.570,477.251,-1,638.165,-1,435.617,469.647,501.501,320.060,-1,-1,-1,-1,671.049,-1,22.490,-1,1,0,2,0,2,0,0,0,1,2,2,2,2,0,2,1,2
136,1582.626,248.019,-300.039,8.434,0.971343,-0.152398,0.182395,0.144031,0.987851,0.058354,-0.189072,-0.030411,0.981492,0,0.41066,-0.92537,21.509,-1.776,18.733,496.102,-1,681.857,-1,454.652,494.312,496.131,315.504,-1,-1,-1,-1,708.168,-1,22.546,-1,1,0,2,0,2,0,0,0,1,2,2,2,2,0,2,1,2
137,1603.305,242.181,-304.246,6.562,0.977325,-0.121278,0.173574,0.112422,0.991847,0.060016,-0.179438,-0.039142,0.982990,0,0.41586,-0.90851,21.487,-1.872,18.360,508.832,-1,718.517,-1,470.981,516.268,483.505,308.437,-1,-1,-1,-1,734.878,-1,22.422,-1,1,0,2,0,2,0,0,0,1,2,2,2,2,0,2,1,2
138,1624.229,236.368,-308.559,4.762,0.981624,-0.091600,0.167401,0.081767,0.994547,0.064728,-0.172418,-0.049850,0.983762,0,0.42137,-0.89066,21.716,-1.800,17.820,518.155,-1,737.262,-1,483.363,533.946,464.770,302.946,-1,-1,-1,-1,755.777,-1,22.279,-1,1,0,2,0,2,0,0,0,1,2,2,2,2,0,2,1,2
139,1645.686,231.202,-312.877,3.266,0.984311,-0.066594,0.163390,0.056174,0.996131,0.067590,-0.167259,-0.057352,0.984244,0,0.42665,-0.87355,22.070,-1.495,17.790,524.905,-1,745.897,-1,493.030,551.268,452.744,300.296,-1,-1,-1,-1,769.939,-1,22.273,-1,1,0,2,0,2,0,0,0,1,2,2,2,2,0,2,1,2
140,1667.292,226.279,-317.041,1.972,0.985676,-0.044893,0.162567,0.033937,0.997000,0.069559,-0.165202,-0.063046,0.984243,0,0.43097,-0.85955,22.159,-1.294,17.663,526.292,-1,744.247,-1,498.506,561.862,443.318,299.242,-1,-1,-1,-1,775.239,-1,22.247,-1,1,0,2,0,2,0,0,0,1,2,2,2,2,0,2,1,2
141,1688.983,221.439,-321.077,0.808,0.986125,-0.025364,0.164057,0.013903,0.997405,0.070635,-0.165422,-0.067374,0.983919,0,0.43467,-0.84757,22.225,-1.164,18.181,525.684,-1,728.738,-1,501.825,564.538,435.476,299.111,-1,-1,-1,-1,776.681,-1,22.369,-1,1,0,2,0,2,0,0,0,1,2,2,2,2,0,2,1,2
142,1710.151,215.843,-324.717,-0.470,0.985810,-0.004414,0.167805,-0.008085,0.997246,0.073729,-0.167668,-0.074040,0.983059,0,0.43796,-0.83690,21.895,-1.278,18.101,523.252,-1,709.461,-1,501.710,564.452,425.180,298.014,-1,-1,-1,-1,768.766,-1,22.347,-1,1,0,2,0,2,0,0,0,1,2,2,2,2,0,2,1,2
143,1735.552,209.059,-328.887,-1.869,0.984950,0.018987,0.171794,-0.032132,0.996736,0.074062,-0.169827,-0.078467,0.982345,0,0.44161,-0.82505,26.291,-1.399,17.529,521.495,-1,687.591,-1,503.891,565.937,419.261,297.125,-1,-1,-1,-1,762.972,978.411,22.224,-1,1,0,2,0,2,0,0,0,1,2,2,2,2,0,0,1,2
144,1752.643,204.452,-331.613,-2.706,0.984296,0.033357,0.173345,-0.046524,0.996286,0.072461,-0.170284,-0.079387,0.982192,0,0.44558,-0.81218,17.702,-0.838,17.647,524.614,-1,675.226,-1,506.662,569.528,417.838,296.839,-1,-1,-1,-1,762.373,957.337,22.244,-1,1,0,2,0,2,0,0,0,1,2,2,2,2,0,0,1,2
145,1773.751,197.977,-334.814,-3.810,0.983349,0.052402,0.174006,-0.065484,0.995374,0.070308,-0.169517,-0.080532,0.982231,0,0.44794,-0.80456,22.078,-1.104,17.535,530.743,-1,662.034,-1,514.763,577.485,416.478,295.575,-1,-1,-1,-1,766.798,934.478,22.225,-1,1,0,2,0,2,0,0,0,1,2,2,2,2,0,0,1,2
146,1795.123,191.485,-338.139,-4.785,0.982558,0.069844,0.172341,-0.082248,0.994430,0.065909,-0.166778,-0.078934,0.982830,0,0.45106,-0.79442,22.337,-0.975,16.326,543.056,-1,652.482,-1,528.348,579.386,419.379,294.748,-1,-1,-1,-1,774.567,915.930,22.259,-1,1,0,2,0,2,0,0,0,1,2,2,2,2,0,0,1,2
147,1816.882,185.090,-341.650,-5.628,0.981838,0.085221,0.169505,-0.096757,0.993438,0.060990,-0.163195,-0.076283,0.983640,0,0.45379,-0.78559,22.679,-0.843,16.794,553.328,-1,643.592,-1,541.234,581.246,423.587,294.736,-1,-1,-1,-1,781.255,898.815,22.183,-1,1,0,2,0,2,0,0,0,1,2,2,2,2,0,0,1,2
148,1838.672,178.371,-345.199,-6.512,0.980696,0.100831,0.167537,-0.111936,0.992010,0.058195,-0.160331,-0.075825,0.984147,0,0.45610,-0.77811,22.803,-0.883,15.936,562.622,-1,633.828,996.387,549.018,581.790,423.436,294.693,-1,-1,-1,-1,784.976,881.762,22.411,-1,1,0,2,0,0,0,0,0,1,2,2,2,2,0,0,1,2
149,1860.731,172.196,-348.754,-7.222,0.979428,0.113503,0.166844,-0.124109,0.990768,0.054547,-0.159112,-0.074131,0.984473,0,0.36389,-0.30163,22.907,-0.710,15.430,569.958,-1,622.566,961.600,553.055,580.112,425.097,295.936,-1,-1,-1,-1,784.471,862.236,22.788,-1,1,0,2,0,0,0,0,0,1,2,2,2,2,0,0,1,2
150,1883.036,166.563,-352.402,-7.756,0.978086,0.122966,0.168009,-0.133209,0.989771,0.051082,-0.160009,-0.072343,0.984461,0,0.36539,-0.29550,23.005,-0.534,15.279,570.103,-1,609.472,922.925,553.363,574.882,426.725,263.416,-1,-1,-1,-1,776.898,839.663,22.957,-1,1,0,2,0,0,0,0,0,1,2,2,2,2,0,0,1,2
151,1905.552,161.050,-356.183,-8.235,0.976711,0.131219,0.169756,-0.141349,0.988748,0.048977,-0.161419,-0.071832,0.984268,0,0.36645,-0.29118,23.182,-0.479,15.123,565.206,-1,596.812,887.412,552.492,568.880,426.026,326.841,-1,-1,-1,-1,766.342,817.619,23.166,-1,1,0,2,0,0,0,0,0,1,2,2,2,2,0,0,1,2
152,1928.285,155.644,-359.829,-8.672,0.975527,0.138555,0.170731,-0.148791,0.987672,0.048631,-0.161888,-0.072844,0.984117,0,0.36737,-0.28742,23.367,-0.438,15.007,561.101,-1,587.574,8.361,548.169,563.116,422.205,326.615,-1,-1,-1,-1,756.749,800.204,23.349,18.964,1,0,2,0,1,0,0,0,1,2,2,2,2,0,0,1,1
153,1951.266,150.395,-363.397,-9.059,0.974529,0.144804,0.171248,-0.155371,0.986593,0.049935,-0.161721,-0.075270,0.983962,0,0.36819,-0.28410,23.573,-0.386,14.942,557.037,-1,578.925,10.973,543.979,556.809,417.810,386.905,-1,-1,-1,-1,746.586,786.367,23.464,10.259,1,0,2,0,1,0,0,0,0,2,2,2,2,0,0,1,1
154,1974.470,145.148,-366.974,-9.419,0.973740,0.150610,0.170728,-0.161541,0.985497,0.051973,-0.160424,-0.078188,0.983946,0,0.36887,-0.28131,23.789,-0.361,14.778,554.360,-1,571.559,835.601,541.660,549.244,412.936,388.375,-1,-1,-1,-1,738.138,775.709,23.798,946.693,1,0,2,0,0,0,0,0,0,2,2,2,2,0,0,1,0
155,1997.854,139.954,-370.569,-9.731,0.973100,0.155674,0.169832,-0.166872,0.984515,0.053702,-0.158843,-0.080598,0.984009,0,0.36949,-0.27880,23.954,-0.311,14.733,552.375,-1,564.886,825.608,539.627,542.315,407.618,389.504,-1,-1,-1,-1,730.232,764.570,23.903,933.397,1,0,2,0,0,0,0,0,0,2,2,2,2,0,0,1,0
156,2021.357,134.588,-374.163,-10.026,0.972610,0.160730,0.167917,-0.171951,0.983598,0.054481,-0.156407,-0.081862,0.984294,0,0.36998,-0.27679,24.108,-0.295,14.638,549.116,-1,559.249,815.848,538.997,536.447,403.158,389.176,-1,-1,-1,-1,724.940,754.425,24.145,921.499,1,0,2,0,0,0,0,0,0,2,2,2,2,0,0,1,0
157,2039.486,130.224,-376.853,-10.763,0.969293,0.172481,0.175277,-0.184250,0.981443,0.053125,-0.162861,-0.083789,0.983085,0,0.37043,-0.27495,18.647,-0.737,14.233,537.037,-1,539.918,13.792,525.305,518.134,398.566,387.715,-1,-1,-1,-1,705.624,725.904,25.635,23.457,1,0,2,0,1,0,0,0,0,2,2,2,2,0,0,1,1
158,2046.174,128.869,-377.185,-11.377,0.963409,0.180992,0.197699,-0.193861,0.979871,0.047641,-0.185097,-0.084224,0.979104,0,0.37202,-0.26844,6.823,-0.615,13.515,510.092,-1,505.467,14.634,493.851,486.035,397.395,385.991,-1,-1,-1,-1,663.957,673.179,34.257,24.158,1,0,2,0,1,0,0,0,0,2,2,2,2,0,0,1,1
159,5649.780,47.930,-325.213,-176.312,-0.997577,0.064515,0.026028,-0.064293,-0.997888,0.009271,0.026571,0.007575,0.999618,1,0.37345,-0.26261,0.000,0.000,13.836,773.164,-1,924.522,-1,677.839,706.277,391.987,402.960,-1,-1,-1,-1,-1,-1,28.514,-1,1,0,2,0,2,0,0,0,0,2,2,2,2,2,2,1,2
160,5649.730,47.965,-322.396,-176.310,-0.997548,0.064594,0.026923,-0.064336,-0.997875,0.010356,0.027535,0.008599,0.999584,0,0.46668,0.47515,0.061,0.003,13.735,785.109,-1,936.396,-1,687.609,715.861,399.701,408.363,-1,-1,-1,-1,-1,-1,27.131,-1,1,0,2,0,2,0,0,0,0,2,2,2,2,2,2,1,2
161,5648.986,47.862,-320.737,-176.264,-0.997400,0.065474,0.030116,-0.065136,-0.997803,0.012079,0.030841,0.010086,0.999473,0,0.46669,0.47514,0.752,0.046,-1,801.003,-1,952.926,-1,700.152,727.967,405.643,410.557,-1,-1,-1,-1,-1,-1,-1,-1,2,0,2,0,2,0,0,0,0,2,2,2,2,2,2,2,2
162,5647.636,47.642,-320.218,-176.200,-0.997173,0.066658,0.034678,-0.066231,-0.997715,0.013341,0.035488,0.011006,0.999309,0,0.46681,0.47480,1.368,0.063,-1,817.359,-1,972.019,-1,713.176,740.636,408.329,411.017,-1,-1,-1,-1,-1,-1,-1,-1,2,0,2,0,2,0,0,0,0,2,2,2,2,2,2,2,2
163,5645.776,47.265,-320.715,-176.127,-0.996897,0.067967,0.039715,-0.067483,-0.997630,0.013396,0.040531,0.010674,0.999121,0,0.46695,0.47441,1.897,0.073,-1,831.038,-1,991.272,-1,724.579,752.223,406.970,410.975,-1,-1,-1,-1,-1,-1,-1,-1,2,0,2,0,2,0,0,0,0,2,2,2,2,2,2,2,2
164,5643.496,46.695,-322.087,-176.050,-0.996615,0.069256,0.044294,-0.068816,-0.997564,0.011381,0.044974,0.008295,0.998954,0,0.46709,0.47400,2.351,0.077,-1,838.323,-1,-1,-1,731.690,760.621,400.729,411.864,-1,-1,-1,-1,-1,-1,-1,-1,2,0,2,2,2,0,0,0,0,2,2,2,2,2,2,2,2
165,5640.949,45.886,-324.003,-175.967,-0.996440,0.070557,0.046150,-0.070248,-0.997495,0.008296,0.046620,0.005025,0.998900,0,0.46723,0.47362,2.672,0.083,-1,833.915,-1,-1,-1,729.921,760.349,391.825,412.543,-1,-1,-1,-1,-1,-1,-1,-1,2,0,2,2,2,0,0,0,0,2,2,2,2,2,2,2,2
166,5638.115,44.996,-325.971,-175.867,-0.996394,0.072196,0.044575,-0.071997,-0.997386,0.006054,0.044896,0.002823,0.998988,0,0.46737,0.47321,2.971,0.100,13.268,819.419,-1,1001.454,-1,719.299,750.605,383.982,411.158,-1,-1,-1,-1,-1,-1,26.565,-1,1,0,2,0,2,0,0,0,0,2,2,2,2,2,2,1,2
167,5634.907,44.147,-327.705,-175.752,-0.996434,0.074179,0.040211,-0.074018,-0.997242,0.005487,0.040508,0.002491,0.999176,0,0.46756,0.47268,3.318,0.115,13.305,799.253,-1,976.782,-1,702.610,734.163,378.884,407.235,-1,-1,-1,-1,-1,-1,34.260,-1,1,0,2,0,2,0,0,0,0,2,2,2,2,2,2,1,2
168,5631.233,43.387,-329.071,-175.625,-0.996490,0.076430,0.034149,-0.076235,-0.997066,0.006963,0.034581,0.004335,0.999393,0,0.46777,0.47208,3.752,0.127,13.358,778.045,-1,944.913,-1,683.692,714.668,377.258,400.804,-1,-1,-1,-1,-1,-1,38.874,-1,1,0,2,0,2,0,0,0,0,2,2,2,2,2,2,1,2
169,5627.019,42.699,-330.022,-175.488,-0.996497,0.078895,0.027735,-0.078641,-0.996851,0.010161,0.028449,0.007944,0.999564,0,0.46800,0.47145,4.270,0.137,13.385,759.627,-1,912.556,-1,666.201,695.895,378.794,392.846,-1,-1,-1,-1,-1,-1,41.579,-1,1,0,2,0,2,0,0,0,0,2,2,2,2,2,2,1,2
170,5622.179,41.958,-330.405,-175.339,-0.996404,0.081526,0.023097,-0.081229,-0.996604,0.013520,0.024121,0.011595,0.999642,0,0.46822,0.47082,4.896,0.148,13.363,748.440,-1,890.341,9.489,654.900,683.046,381.767,386.538,-1,-1,-1,-1,-1,-1,42.635,22.445,1,0,2,0,1,0,0,0,0,2,2,2,2,2,2,1,1
171,5616.748,41.079,-330.205,-175.188,-0.996238,0.084187,0.020544,-0.083864,-0.996347,0.016133,0.021827,0.014349,0.999659,0,0.46844,0.47019,5.502,0.151,13.306,744.027,-1,879.025,15.724,649.873,677.008,384.973,383.330,-1,-1,-1,-1,-1,-1,42.437,22.540,1,0,2,0,1,0,0,0,0,2,2,2,2,2,2,1,1
172,5610.867,40.069,-329.528,-175.044,-0.996049,0.086708,0.019188,-0.086378,-0.996111,0.017383,0.020621,0.015657,0.999665,0,0.46864,0.46964,5.967,0.144,13.272,742.833,-1,874.992,13.837,648.405,675.185,387.339,383.413,-1,-1,-1,-1,-1,-1,41.823,11.487,1,0,2,0,1,0,0,0,0,2,2,2,2,2,2,1,1
173,5604.607,38.894,-328.568,-174.893,-0.995832,0.089323,0.018461,-0.088992,-0.995869,0.018030,0.019995,0.016312,0.999667,0,0.46878,0.46924,6.369,0.150,13.269,743.450,-1,874.683,-1,648.845,675.474,389.439,385.147,-1,-1,-1,-1,-1,-1,41.550,-1,1,0,2,0,2,0,0,0,0,2,2,2,2,2,2,1,2
174,5597.937,37.609,-327.523,-174.740,-0.995593,0.091986,0.018243,-0.091655,-0.995624,0.018224,0.019839,0.016471,0.999668,0,0.46892,0.46884,6.793,0.153,13.268,745.163,-1,876.869,-1,650.481,677.022,391.029,387.837,-1,-1,-1,-1,-1,-1,40.515,-1,1,0,2,0,2,0,0,0,0,2,2,2,2,2,2,1,2
175,5590.844,36.235,-326.513,-174.591,-0.995345,0.094578,0.018536,-0.094253,-0.995391,0.017675,0.020122,0.015846,0.999672,0,0.46905,0.46848,7.225,0.150,13.281,747.338,-1,881.393,-1,652.928,679.661,391.429,391.603,-1,-1,-1,-1,-1,-1,38.993,-1,1,0,2,0,2,0,0,0,0,2,2,2,2,2,2,1,2
176,5583.373,34.772,-325.608,-174.456,-0.995116,0.096885,0.018932,-0.096587,-0.995195,0.016030,0.020394,0.014123,0.999692,0,0.46913,0.46824,7.613,0.134,13.310,748.303,-1,886.874,-1,654.971,682.280,390.009,396.742,-1,-1,-1,-1,-1,-1,37.038,-1,1,0,2,0,2,0,0,0,0,2,2,2,2,2,2,1,2
177,5575.497,33.159,-324.907,-174.318,-0.994879,0.099233,0.019195,-0.098980,-0.994995,0.013716,0.020460,0.011745,0.999722,0,0.46914,0.46822,8.040,0.138,13.315,747.499,-1,891.695,-1,655.887,684.024,387.155,402.456,-1,-1,-1,-1,-1,-1,34.697,-1,1,0,2,0,2,0,0,0,0,2,2,2,2,2,2,1,2
178,5567.304,31.448,-324.485,-174.178,-0.994641,0.101620,0.019045,-0.101419,-0.994780,0.011233,0.020087,0.009241,0.999756,0,0.31013,0.28367,8.370,0.140,13.341,744.550,-1,894.173,-1,654.883,684.065,383.436,410.049,-1,-1,-1,-1,-1,-1,34.173,-1,1,0,2,0,2,0,0,0,0,2,2,2,2,2,2,1,2
179,5558.937,29.763,-324.332,-174.049,-0.994432,0.103810,0.018124,-0.103663,-0.994573,0.008863,0.018945,0.006935,0.999796,0,0.31012,0.28372,8.535,0.129,13.377,738.994,-1,892.824,-1,651.567,681.666,379.972,417.611,-1,-1,-1,-1,-1,-1,35.121,-1,1,0,2,0,2,0,0,0,0,2,2,2,2,2,2,1,2
180,5550.392,28.116,-324.390,-173.925,-0.994238,0.105927,0.016410,-0.105823,-0.994359,0.007125,0.017072,0.005347,0.999840,0,0.31007,0.28392,8.702,0.124,13.400,731.560,-1,887.328,-1,646.266,676.959,377.046,423.532,-1,-1,-1,-1,-1,-1,36.508,-1,1,0,2,0,2,0,0,0,0,2,2,2,2,2,2,1,2
181,5541.663,26.520,-324.604,-173.803,-0.994051,0.108022,0.013955,-0.107943,-0.994137,0.006323,0.014557,0.004779,0.999883,0,0.31000,0.28420,8.874,0.122,13.414,722.944,-1,877.915,-1,639.399,670.266,375.060,427.436,-1,-1,-1,-1,-1,-1,37.905,-1,1,0,2,0,2,0,0,0,0,2,2,2,2,2,2,1,2
182,5532.770,24.996,-324.900,-173.678,-0.993855,0.110180,0.010620,-0.110114,-0.993897,0.006660,0.011289,0.005449,0.999921,0,0.30992,0.28456,9.023,0.125,13.416,713.262,-1,864.424,-1,630.990,661.532,374.440,429.122,-1,-1,-1,-1,-1,-1,38.310,-1,1,0,2,0,2,0,0,0,0,2,2,2,2,2,2,1,2
183,5523.696,23.537,-325.238,-173.555,-0.993653,0.112299,0.006608,-0.112245,-0.993648,0.008010,0.007465,0.007218,0.999946,0,0.30983,0.28492,9.190,0.123,13.416,703.092,-1,848.032,-1,621.625,651.413,375.106,428.910,-1,-1,-1,-1,-1,-1,38.331,-1,1,0,2,0,2,0,0,0,0,2,2,2,2,2,2,1,2
184,5514.424,22.106,-325.587,-173.433,-0.993433,0.114393,0.002453,-0.114363,-0.993387,0.010141,0.003597,0.009794,0.999946,0,0.30973,0.28535,9.382,0.122,13.407,693.602,-1,831.025,-1,612.444,641.203,376.805,427.441,-1,-1,-1,-1,-1,-1,38.848,-1,1,0,2,0,2,0,0,0,0,2,2,2,2,2,2,1,2
185,5504.966,20.668,-325.900,-173.307,-0.993185,0.116540,-0.001707,-0.116553,-0.993102,0.012777,-0.000206,0.012889,0.999917,0,0.30962,0.28582,9.566,0.126,13.407,684.906,-1,814.247,-1,603.715,631.286,379.287,425.351,-1,-1,-1,-1,-1,-1,38.823,-1,1,0,2,0,2,0,0,0,0,2,2,2,2,2,2,1,2
186,5495.346,19.211,-326.135,-173.178,-0.992912,0.118706,-0.005854,-0.118784,-0.992800,0.015469,-0.003975,0.016055,0.999863,0,0.30951,0.28630,9.730,0.129,13.418,676.678,-1,798.186,-1,595.396,621.775,382.068,423.442,-1,-1,-1,-1,-1,-1,38.146,-1,1,0,2,0,2,0,0,0,0,2,2,2,2,2,2,1,2
187,5485.624,17.751,-326.255,-173.067,-0.992657,0.120539,-0.010089,-0.120699,-0.992541,0.017157,-0.007946,0.018248,0.999802,0,0.30940,0.28679,9.831,0.111,13.489,667.753,-1,783.265,-1,587.012,612.524,383.810,423.286,-1,-1,-1,-1,-1,-1,35.107,-1,1,0,2,0,2,0,0,0,0,2,2,2,2,2,2,1,2
188,5475.834,16.218,-326.260,-172.967,-0.992400,0.122184,-0.014581,-0.122436,-0.992315,0.017876,-0.012285,0.019525,0.999734,0,0.30924,0.28748,9.909,0.101,13.448,657.761,-1,768.871,-1,578.211,603.155,384.534,424.834,-1,-1,-1,-1,-1,-1,36.719,-1,1,0,2,0,2,0,0,0,0,2,2,2,2,2,2,1,2
189,5465.949,14.580,-326.126,-172.851,-0.992093,0.124092,-0.018803,-0.124439,-0.992053,0.018592,-0.016346,0.020785,0.999650,0,0.30905,0.28828,10.020,0.116,13.500,648.861,-1,756.006,-1,570.342,594.764,385.556,427.875,-1,-1,-1,-1,-1,-1,34.723,-1,1,0,2,0,2,0,0,0,0,2,2,2,2,2,2,1,2
190,5456.126,13.028,-325.797,-172.750,-0.991823,0.125749,-0.021781,-0.126176,-0.991817,0.019478,-0.019153,0.022067,0.999573,0,0.30889,0.28895,9.945,0.101,13.577,643.608,-1,747.560,-1,565.469,589.418,387.194,431.740,-1,-1,-1,-1,-1,-1,32.583,-1,1,0,2,0,2,0,0,0,0,2,2,2,2,2,2,1,2
191,5446.382,11.407,-325.171,-172.616,-0.991510,0.127986,-0.022969,-0.128486,-0.991471,0.021816,-0.019981,0.024582,0.999498,0,0.30870,0.28977,9.878,0.134,13.671,644.412,-1,744.415,-1,565.062,588.265,391.387,434.748,-1,-1,-1,-1,-1,-1,30.718,-1,1,0,2,0,2,0,0,0,0,2,2,2,2,2,2,1,2
192,5436.708,9.660,-324.206,-172.443,-0.991129,0.130928,-0.022818,-0.131494,-0.990992,0.025365,-0.019292,0.028140,0.999418,0,0.30859,0.29025,9.831,0.174,13.911,650.132,-1,745.364,-1,568.199,590.477,397.993,437.303,-1,-1,-1,-1,-1,-1,27.773,-1,1,0,2,0,2,0,0,0,0,2,2,2,2,2,2,1,2
193,5427.016,7.987,-322.901,-172.295,-0.990819,0.133461,-0.021575,-0.134046,-0.990567,0.028445,-0.017575,0.031075,0.999363,0,0.30857,0.29031,9.835,0.147,14.184,658.879,-1,750.763,-1,574.055,595.640,404.848,441.652,-1,-1,-1,-1,-1,-1,25.886,-1,1,0,2,0,2,0,0,0,0,2,2,2,2,2,2,1,2
194,5417.258,6.510,-321.347,-172.225,-0.990689,0.134727,-0.019622,-0.135272,-0.990361,0.029770,-0.015422,0.032147,0.999364,0,0.30849,0.29065,9.868,0.071,14.480,668.498,-1,760.033,-1,581.371,602.815,410.946,449.215,-1,-1,-1,-1,-1,-1,24.625,-1,1,0,2,0,2,0,0,0,0,2,2,2,2,2,2,1,2
195,5407.467,5.265,-319.724,-172.252,-0.990781,0.134333,-0.017516,-0.134797,-0.990457,0.028717,-0.013492,0.030814,0.999434,0,0.30823,0.29178,9.870,-0.028,14.369,676.618,-1,771.460,-1,588.514,610.462,413.986,460.276,-1,-1,-1,-1,-1,-1,25.031,-1,1,0,2,0,2,0,0,0,0,2,2,2,2,2,2,1,2
196,5397.805,4.053,-318.689,-172.360,-0.991025,0.132536,-0.017410,-0.132935,-0.990829,0.024227,-0.014039,0.026324,0.999555,0,0.30773,0.29392,9.738,-0.108,-1,675.099,-1,777.314,-1,589.373,612.690,411.098,474.669,-1,-1,-1,-1,-1,-1,-1,-1,2,0,2,0,2,0,0,0,0,2,2,2,2,2,2,2,2
197,5388.332,2.833,-318.663,-172.527,-0.991371,0.129712,-0.018921,-0.130046,-0.991351,0.017633,-0.016470,0.019941,0.999665,0,0.30704,0.29683,9.551,-0.167,-1,665.308,-1,776.768,-1,584.255,609.420,403.300,489.728,-1,-1,-1,-1,-1,-1,-1,-1,2,0,2,0,2,0,0,0,0,2,2,2,2,2,2,2,2
198,5378.994,1.611,-319.698,-172.706,-0.991706,0.126711,-0.021523,-0.126941,-0.991863,0.009669,-0.020122,0.012321,0.999722,0,0.30623,0.30031,9.418,-0.179,-1,649.425,-1,770.864,-1,574.360,601.695,391.627,504.407,-1,-1,-1,-1,-1,-1,-1,-1,2,0,2,0,2,0,0,0,0,2,2,2,2,2,2,2,2
199,5369.587,0.089,-321.406,-172.787,-0.991796,0.125409,-0.024757,-0.125530,-0.992084,0.003395,-0.024135,0.006475,0.999688,0,0.30539,0.30388,9.530,-0.081,14.172,632.207,-1,760.113,-1,562.291,591.275,380.894,515.057,-1,-1,-1,-1,-1,-1,25.947,-1,1,0,2,0,2,0,0,0,0,2,2,2,2,2,2,1,2
200,5360.117,-1.309,-323.233,-172.820,-0.991751,0.124882,-0.028883,-0.124934,-0.992165,-0.000016,-0.028658,0.003593,0.999583,0,0.30478,0.30648,9.573,-0.034,14.091,615.836,-1,744.910,-1,549.515,579.164,373.767,520.004,-1,-1,-1,-1,-1,-1,26.423,-1,1,0,2,0,2,0,0,0,0,2,2,2,2,2,2,1,2
201,5350.514,-2.479,-324.898,-172.831,-0.991640,0.124649,-0.033346,-0.124723,-0.992192,0.000127,-0.033070,0.004285,0.999444,0,0.30428,0.30863,9.674,-0.011,14.048,602.764,-1,727.551,-1,538.002,567.161,371.572,518.625,-1,-1,-1,-1,-1,-1,26.702,-1,1,0,2,0,2,0,0,0,0,2,2,2,2,2,2,1,2
202,5340.721,-3.476,-326.329,-172.828,-0.991480,0.124534,-0.038204,-0.124756,-0.992181,0.003491,-0.037470,0.008227,0.999264,0,0.30382,0.31060,9.844,0.003,13.940,592.579,-1,708.494,-1,527.678,555.312,374.067,511.778,-1,-1,-1,-1,-1,-1,27.521,-1,1,0,2,0,2,0,0,0,0,2,2,2,2,2,2,1,2
203,5330.555,-4.421,-327.497,-172.793,-0.991260,0.124820,-0.042707,-0.125343,-0.992065,0.009804,-0.041144,0.015072,0.999040,0,0.61720,0.15563,10.210,0.035,13.740,586.395,-1,690.084,-1,519.678,544.942,381.067,500.833,-1,-1,-1,-1,1006.113,-1,29.676,-1,1,0,2,0,2,0,0,0,0,2,2,2,2,0,2,1,2
204,5319.687,-5.410,-328.437,-172.743,-0.991036,0.125283,-0.046389,-0.126197,-0.991854,0.017315,-0.043842,0.023014,0.998773,0,0.61642,0.15726,10.914,0.050,13.804,583.453,-1,674.228,-1,514.047,536.675,390.420,489.447,-1,-1,-1,-1,1002.168,-1,28.861,-1,1,0,2,0,2,0,0,0,0,2,2,2,2,0,2,1,2
205,5308.179,-6.496,-329.204,-172.695,-0.990809,0.125690,-0.049996,-0.127018,-0.991602,0.024322,-0.046519,0.030449,0.998453,0,0.61565,0.15889,11.558,0.048,13.772,580.679,-1,659.715,-1,508.846,528.997,400.450,480.120,-1,-1,-1,-1,998.305,-1,29.258,-1,1,0,2,0,2,0,0,0,0,2,2,2,2,0,2,1,2
206,5296.108,-7.788,-329.835,-172.633,-0.990516,0.126318,-0.054060,-0.128060,-0.991310,0.030074,-0.049791,0.036712,0.998085,0,0.61481,0.16066,12.140,0.061,13.734,576.226,-1,645.372,-1,502.770,520.843,409.486,473.728,-1,-1,-1,-1,989.216,-1,29.756,-1,1,0,2,0,2,0,0,0,0,2,2,2,2,0,2,1,2
207,5283.528,-9.343,-330.374,-172.553,-0.990128,0.127293,-0.058673,-0.129423,-0.991005,0.034047,-0.053811,0.041305,0.997696,0,0.61397,0.16241,12.676,0.080,13.672,569.370,-1,631.079,-1,495.400,511.960,416.607,470.807,-1,-1,-1,-1,972.973,-1,30.702,-1,1,0,2,0,2,0,0,0,0,2,2,2,2,0,2,1,2
208,5270.498,-11.211,-330.868,-172.445,-0.989628,0.128780,-0.063652,-0.131254,-0.990683,0.036318,-0.058382,0.044296,0.997311,0,0.61318,0.16407,13.164,0.108,13.592,560.478,-1,617.088,-1,487.006,502.584,421.643,471.043,-1,-1,-1,-1,950.987,-1,32.248,-1,1,0,2,0,2,0,0,0,0,2,2,2,2,0,2,1,2
209,5257.033,-13.400,-331.318,-172.308,-0.989020,0.130798,-0.068791,-0.133572,-0.990334,0.037382,-0.063236,0.046160,0.996930,0,0.61248,0.16554,13.641,0.137,13.512,550.445,-1,603.625,-1,478.112,493.091,425.023,473.936,-1,-1,-1,-1,926.081,-1,34.341,-1,1,0,2,0,2,0,0,0,0,2,2,2,2,0,2,1,2
210,5243.260,-15.887,-331.615,-172.147,-0.988285,0.133283,-0.074355,-0.136307,-0.989969,0.037179,-0.068653,0.046879,0.996539,0,0.61187,0.16680,13.996,0.161,13.447,539.078,-1,590.365,-1,468.554,483.302,426.896,479.239,-1,-1,-1,-1,897.660,-1,36.791,-1,1,0,2,0,2,0,0,0,0,2,2,2,2,0,2,1,2
211,5229.051,-18.612,-331.781,-171.959,-0.987511,0.136254,-0.079104,-0.139504,-0.989526,0.037104,-0.073219,0.047676,0.996176,0,0.61136,0.16788,14.467,0.188,13.405,529.747,-1,579.371,-1,460.616,475.165,429.278,485.014,-1,-1,-1,-1,875.135,-1,38.912,-1,1,0,2,0,2,0,0,0,0,2,2,2,2,0,2,1,2
212,5214.284,-21.529,-331.985,-171.747,-0.986789,0.139658,-0.082120,-0.143126,-0.988976,0.037958,-0.075914,0.049210,0.995899,0,0.61093,0.16878,15.052,0.212,13.379,524.206,-1,571.755,-1,455.492,469.699,432.936,490.085,-1,-1,-1,-1,863.255,997.413,40.646,-1,1,0,2,0,2,0,0,0,0,2,2,2,2,0,0,1,2
213,5198.986,-24.655,-332.321,-171.511,-0.986125,0.143486,-0.083483,-0.147179,-0.988306,0.039868,-0.076787,0.051602,0.995711,0,0.61056,0.16956,15.614,0.236,13.446,522.078,-1,566.953,-1,452.834,466.300,437.845,493.970,-1,-1,-1,-1,860.942,989.305,36.804,-1,1,0,2,0,2,0,0,0,0,2,2,2,2,0,0,1,2
214,5183.169,-27.689,-332.922,-171.336,-0.985745,0.146429,-0.082856,-0.150198,-0.987797,0.041210,-0.075810,0.053068,0.995709,0,0.61025,0.17022,16.105,0.175,13.519,522.405,-1,565.954,-1,452.397,465.419,441.096,498.926,-1,-1,-1,-1,865.582,993.443,34.142,-1,1,0,2,0,2,0,0,0,0,2,2,2,2,0,0,1,2
215,5166.828,-30.908,-333.654,-171.184,-0.985627,0.149290,-0.079074,-0.152859,-0.987390,0.041161,-0.071932,0.052657,0.996019,0,0.60959,0.17160,16.655,0.152,13.435,526.717,-1,571.744,14.776,455.709,468.989,441.548,507.752,-1,-1,-1,-1,881.247,-1,37.313,23.802,1,0,2,0,1,0,0,0,0,2,2,2,2,0,2,1,1
216,5150.103,-34.389,-334.674,-171.028,-0.985556,0.152323,-0.074006,-0.155602,-0.986979,0.040751,-0.066835,0.051678,0.996425,0,0.60876,0.17333,17.084,0.156,13.857,532.424,-1,580.016,-1,460.155,473.896,440.534,517.425,-1,-1,-1,-1,902.649,-1,28.288,-1,1,0,2,0,2,0,0,0,0,2,2,2,2,0,2,1,2
217,5133.179,-37.691,-335.663,-170.933,-0.985651,0.154280,-0.068476,-0.157285,-0.986707,0.040883,-0.061258,0.051066,0.996815,0,0.60792,0.17510,17.242,0.095,14.136,539.808,-1,589.506,-1,465.910,479.806,440.473,525.318,-1,-1,-1,-1,929.856,-1,26.151,-1,1,0,2,0,2,0,0,0,0,2,2,2,2,0,2,1,2
218,5116.083,-40.985,-336.299,-170.825,-0.985664,0.156355,-0.063403,-0.159206,-0.986322,0.042693,-0.055860,0.052175,0.997074,0,0.60675,0.17754,17.410,0.109,15.137,548.880,-1,598.544,-1,472.468,485.976,444.035,531.057,-1,-1,-1,-1,962.300,-1,23.145,-1,1,0,2,0,2,0,0,0,0,2,2,2,2,0,2,1,2
219,5098.752,-43.846,-336.676,-170.802,-0.985860,0.156919,-0.058796,-0.159639,-0.986158,0.044815,-0.050950,0.053568,0.997264,0,0.60563,0.17990,17.566,0.023,18.874,558.414,-1,607.427,-1,479.308,492.290,448.994,536.414,-1,-1,-1,-1,997.219,-1,22.598,-1,1,0,2,0,2,0,0,0,0,2,2,2,2,0,2,1,2
220,5082.548,-44.457,-336.658,-171.217,-0.986987,0.149990,-0.057955,-0.152500,-0.987428,0.041594,-0.050987,0.049891,0.997452,0,0.60406,0.18319,16.216,-0.415,18.734,557.934,-1,612.049,-1,479.948,494.091,447.518,548.747,-1,-1,-1,-1,998.500,-1,22.547,-1,1,0,2,0,2,0,0,0,0,2,2,2,2,0,2,1,2
221,5067.227,-43.240,-336.475,-172.012,-0.988888,0.136465,-0.058981,-0.138767,-0.989639,0.036859,-0.053340,0.044634,0.997578,0,0.60048,0.19069,15.370,-0.795,17.472,554.181,-1,614.366,-1,478.419,494.318,444.898,561.770,-1,-1,-1,-1,987.996,-1,22.216,-1,1,0,2,0,2,0,0,0,0,2,2,2,2,0,2,1,2
222,5051.656,-41.676,-336.659,-172.826,-0.990711,0.122429,-0.059181,-0.124702,-0.991528,0.036362,-0.054228,0.043404,0.997585,0,0.59515,0.20000,15.650,-0.814,16.577,555.135,-1,616.217,-1,479.300,495.464,448.277,565.938,-1,-1,-1,-1,994.783,-1,22.206,-1,1,0,2,0,2,0,0,0,0,2,2,2,2,0,2,1,2
223,5035.745,-40.195,-337.725,-173.536,-0.992135,0.110008,-0.059722,-0.112400,-0.992926,0.038275,-0.055089,0.044687,0.997481,0,0.32283,0.66074,15.980,-0.711,-1,555.221,-1,613.320,-1,478.691,494.028,453.406,563.549,-1,-1,-1,-1,1001.896,-1,-1,-1,2,0,2,0,2,0,0,0,0,2,2,2,2,0,2,2,2
224,5019.798,-38.936,-339.798,-174.126,-0.993106,0.099487,-0.061990,-0.102170,-0.993892,0.041723,-0.057460,0.047768,0.997204,0,0.32010,0.66074,15.996,-0.590,-1,550.399,-1,602.384,-1,473.323,487.114,458.589,555.636,-1,-1,-1,-1,996.162,-1,-1,-1,2,0,2,0,2,0,0,0,0,2,2,2,2,0,2,2,2
225,5003.895,-38.952,-342.720,-174.336,-0.993266,0.095053,-0.066234,-0.098515,-0.993821,0.051126,-0.060965,0.057306,0.996494,0,0.31769,0.66074,15.904,-0.210,-1,543.497,-1,581.455,-1,464.107,474.606,471.281,535.777,-1,-1,-1,-1,986.790,-1,-1,-1,2,0,2,0,2,0,0,0,0,2,2,2,2,0,2,2,2
226,4988.469,-40.484,-346.182,-174.071,-0.992387,0.098160,-0.074386,-0.103055,-0.992543,0.065097,-0.067442,0.072267,0.995103,0,0.31627,0.66074,15.501,0.264,17.026,530.690,-1,548.740,-1,448.661,454.504,491.013,506.474,-1,-1,-1,-1,960.900,982.592,17.379,-1,1,0,2,0,2,0,0,0,0,2,2,2,2,0,0,1,2
227,4974.143,-43.712,-349.684,-173.398,-0.990300,0.107269,-0.088317,-0.114621,-0.989947,0.082868,-0.078540,0.092187,0.992639,0,0.31613,0.66074,14.685,0.674,25.758,510.262,-1,504.205,17.858,426.255,426.297,520.569,469.424,-1,-1,-1,-1,912.412,881.097,26.372,22.287,1,0,2,0,1,0,0,0,0,2,2,2,2,0,0,1,1
228,4960.635,-47.450,-352.104,-172.720,-0.988098,0.116795,-0.100106,-0.126232,-0.987558,0.093779,-0.087908,0.105299,0.990547,0,0.31712,0.66074,14.016,0.678,19.616,492.009,-1,472.553,17.529,408.200,404.535,541.535,446.660,-1,-1,-1,-1,866.292,808.014,33.141,22.224,1,0,2,0,1,0,0,0,0,2,2,2,2,0,0,1,1
