timestep,x_cm,y_cm,z_cm,yaw_deg,basis_xx,basis_xy,basis_xz,basis_yx,basis_yy,basis_yz,basis_zx,basis_zy,basis_zz,teleport_flag,throttle_cmd,steering_cmd,cmd_move_cm,cmd_turn_deg,lidar_cm_0,lidar_cm_1,lidar_cm_2,lidar_cm_3,lidar_cm_4,lidar_cm_5,lidar_cm_6,lidar_cm_7,lidar_cm_8,lidar_cm_9,lidar_cm_10,lidar_cm_11,lidar_cm_12,lidar_cm_13,lidar_cm_14,lidar_cm_15,lidar_cm_16,lidar_class_0,lidar_class_1,lidar_class_2,lidar_class_3,lidar_class_4,lidar_class_5,lidar_class_6,lidar_class_7,lidar_class_8,lidar_class_9,lidar_class_10,lidar_class_11,lidar_class_12,lidar_class_13,lidar_class_14,lidar_class_15,lidar_class_16
0,3610.104,-2947.577,144.999,58.979,0.513001,-0.856727,0.053366,0.856040,0.515203,0.041956,-0.063440,0.024160,0.997693,1,0.08000,0.12000,4.800,0.240,-1,375.000,-1,375.000,-1,300.000,300.000,350.000,350.000,875.000,-1,-1,-1,700.000,650.000,-1,-1,2,0,2,0,2,0,0,0,0,1,2,2,2,0,0,2,2
1,3614.982,-2939.309,144.412,59.459,0.505798,-0.861002,0.053325,0.860338,0.508001,0.041881,-0.063149,0.024694,0.997699,0,0.16000,0.24000,9.600,0.480,-1,375.000,-1,375.000,-1,300.000,300.000,350.000,350.000,875.000,-1,-1,-1,700.000,650.000,-1,-1,2,0,2,0,2,0,0,0,0,1,2,2,2,0,0,2,2
2,3622.143,-2926.816,143.542,60.179,0.494929,-0.867301,0.053240,0.866668,0.497132,0.041784,-0.062706,0.025461,0.997707,0,0.24000,0.36000,14.400,0.720,-1,375.000,-1,375.000,-1,300.000,300.000,350.000,350.000,900.000,-1,-1,-1,725.000,650.000,-1,-1,2,0,2,0,2,0,0,0,0,1,2,2,2,0,0,2,2
3,3631.410,-2910.001,142.403,61.139,0.480318,-0.875487,0.053085,0.874893,0.482519,0.041679,-0.062104,0.026425,0.997720,0,0.32000,0.48000,19.200,0.960,-1,375.000,-1,375.000,-1,300.000,300.000,350.000,325.000,900.000,-1,-1,-1,725.000,650.000,-1,-1,2,0,2,0,2,0,0,0,0,1,2,2,2,0,0,2,2
4,3642.551,-2888.743,141.012,62.339,0.461870,-0.885373,0.052827,0.884825,0.464065,0.041585,-0.061334,0.027536,0.997737,0,0.40000,0.60000,24.000,1.200,-1,375.000,-1,375.000,-1,300.000,300.000,350.000,325.000,900.000,-1,-1,-1,725.000,650.000,-1,-1,2,0,2,0,2,0,0,0,0,1,2,2,2,0,0,2,2
5,3655.276,-2862.907,139.388,63.779,0.439472,-0.896725,0.052427,0.896224,0.441654,0.041525,-0.060391,0.028738,0.997761,0,0.48000,0.72000,28.800,1.440,-1,375.000,-1,375.000,-1,300.000,300.000,350.000,325.000,900.000,-1,-1,-1,725.000,625.000,-1,-1,2,0,2,0,2,0,0,0,0,1,2,2,2,0,0,2,2
6,3669.231,-2832.342,137.556,65.459,0.412998,-0.909255,0.051842,0.908801,0.415159,0.041519,-0.059274,0.029966,0.997792,0,0.56000,0.84000,33.600,1.680,-1,375.000,-1,350.000,-1,300.000,300.000,350.000,325.000,925.000,-1,-1,-1,725.000,625.000,-1,-1,2,0,2,0,2,0,0,0,0,1,2,2,2,0,0,2,2
7,3684.000,-2796.896,135.540,67.379,0.382319,-0.922621,0.051024,0.922209,0.384449,0.041593,-0.057990,0.031153,0.997831,0,0.64000,0.96000,38.400,1.920,-1,375.000,-1,350.000,-1,300.000,300.000,350.000,325.000,925.000,-1,-1,-1,725.000,625.000,-1,-1,2,0,2,0,2,0,0,0,0,1,2,2,2,0,0,2,2
8,3699.237,-2756.473,133.376,69.347,0.350444,-0.935249,0.049976,0.934867,0.352533,0.041757,-0.056671,0.032088,0.997877,0,0.72000,0.98384,43.200,1.968,-1,400.000,-1,350.000,-1,300.000,300.000,350.000,325.000,950.000,-1,-1,-1,750.000,625.000,-1,1000.000,2,0,2,0,2,0,0,0,0,1,2,2,2,0,0,2,0
9,3714.483,-2711.466,130.907,71.286,0.318717,-0.946649,0.047697,0.946268,0.320688,0.041658,-0.054732,0.031857,0.997993,0,0.79199,0.96951,47.519,1.939,-1,400.000,-1,350.000,1000.000,300.000,300.000,350.000,325.000,975.000,-1,-1,-1,750.000,600.000,-1,975.000,2,0,2,0,0,0,0,0,0,1,2,2,2,0,0,2,0
10,3728.401,-2665.386,128.447,73.194,0.287175,-0.956823,0.044940,0.956437,0.289000,0.041321,-0.052525,0.031116,0.998135,0,0.80227,0.95396,48.136,1.908,-1,400.000,-1,350.000,975.000,300.000,300.000,350.000,325.000,1000.000,-1,-1,-1,750.000,600.000,-1,975.000,2,0,2,0,0,0,0,0,0,1,2,2,2,0,0,2,0
11,3740.957,-2618.294,126.075,75.070,0.255837,-0.965802,0.042126,0.965410,0.257515,0.040868,-0.050318,0.030213,0.998276,0,0.81230,0.93841,48.738,1.877,-1,400.000,-1,350.000,950.000,300.000,300.000,350.000,325.000,1000.000,-1,-1,-1,775.000,600.000,-1,975.000,2,0,2,0,0,0,0,0,0,1,2,2,2,0,0,2,0
12,3752.123,-2570.250,123.732,76.916,0.224748,-0.973625,0.039289,0.973228,0.226282,0.040299,-0.048127,0.029179,0.998415,0,0.82208,0.92285,49.325,1.846,-1,400.000,-1,350.000,950.000,325.000,300.000,325.000,325.000,-1,-1,-1,-1,775.000,600.000,-1,-1,2,0,2,0,0,0,0,0,0,2,2,2,2,0,0,2,2
13,3761.874,-2521.316,121.398,78.731,0.193953,-0.980332,0.036479,0.979939,0.195345,0.039502,-0.045851,0.028086,0.998553,0,0.83162,0.90730,49.897,1.815,-1,400.000,-1,350.000,950.000,325.000,300.000,325.000,325.000,-1,-1,-1,-1,775.000,625.000,-1,-1,2,0,2,0,0,0,0,0,0,2,2,2,2,0,0,2,2
14,3770.190,-2471.551,119.150,80.514,0.163494,-0.985976,0.033485,0.985571,0.164746,0.038837,-0.043809,0.026652,0.998684,0,0.84092,0.89175,50.455,1.783,-1,400.000,-1,350.000,1000.000,325.000,300.000,325.000,325.000,-1,-1,-1,-1,775.000,625.000,-1,-1,2,0,2,0,0,0,0,0,0,2,2,2,2,0,0,2,2
15,3777.053,-2421.015,116.972,82.267,0.133408,-0.990597,0.030332,0.990170,0.134523,0.038297,-0.042018,0.024925,0.998806,0,0.85000,0.87620,51.000,1.752,-1,400.000,-1,350.000,-1,325.000,300.000,325.000,325.000,-1,-1,-1,-1,775.000,625.000,-1,-1,2,0,2,0,2,0,0,0,0,2,2,2,2,0,0,2,2
16,3782.450,-2369.767,114.854,83.988,0.103729,-0.994238,0.027035,0.993781,0.104711,0.037871,-0.040483,0.022939,0.998917,0,0.85886,0.86067,51.532,1.721,-1,400.000,-1,350.000,-1,325.000,300.000,325.000,300.000,-1,-1,-1,-1,775.000,625.000,-1,-1,2,0,2,0,2,0,0,0,0,2,2,2,2,0,0,2,2
17,3786.350,-2320.553,112.889,85.469,0.078121,-0.996660,0.023776,0.996169,0.078978,0.037540,-0.039293,0.020752,0.999012,0,0.82280,0.74067,49.368,1.481,-1,400.000,-1,350.000,-1,325.000,300.000,325.000,300.000,-1,-1,-1,-1,775.000,625.000,-1,-1,2,0,2,0,2,0,0,0,0,2,2,2,2,0,0,2,2
18,3789.211,-2270.790,110.958,86.711,0.056640,-0.998186,0.020389,0.997658,0.057371,0.037255,-0.038357,0.018232,0.999098,0,0.83075,0.62067,49.845,1.241,-1,400.000,-1,350.000,-1,325.000,300.000,325.000,300.000,-1,-1,-1,-1,775.000,650.000,-1,-1,2,0,2,0,2,0,0,0,0,2,2,2,2,0,0,2,2
19,3791.219,-2220.524,109.048,87.712,0.039317,-0.999084,0.016894,0.998518,0.039920,0.036996,-0.037636,0.015414,0.999173,0,0.83845,0.50067,50.307,1.001,-1,400.000,-1,375.000,-1,325.000,300.000,325.000,300.000,-1,-1,-1,-1,775.000,650.000,-1,-1,2,0,2,0,2,0,0,0,0,2,2,2,2,0,0,2,2
20,3792.572,-2169.780,107.150,88.473,0.026169,-0.999569,0.013303,0.998969,0.026642,0.036748,-0.037086,0.012327,0.999236,0,0.84603,0.38067,50.762,0.761,-1,400.000,-1,375.000,-1,325.000,300.000,325.000,300.000,-1,-1,-1,-1,775.000,650.000,-1,-1,2,0,2,0,2,0,0,0,0,2,2,2,2,0,0,2,2
21,3793.471,-2118.571,105.254,88.995,0.017206,-0.999806,0.009626,0.999180,0.017547,0.036499,-0.036661,0.008990,0.999287,0,0.85361,0.26067,51.217,0.521,-1,400.000,-1,375.000,-1,325.000,300.000,325.000,300.000,-1,-1,-1,-1,750.000,650.000,-1,-1,2,0,2,0,2,0,0,0,0,2,2,2,2,0,0,2,2
22,3794.124,-2066.896,103.355,89.276,0.012433,-0.999905,0.005871,0.999263,0.012638,0.036239,-0.036310,0.005416,0.999326,0,0.86132,0.14067,51.679,0.281,-1,400.000,-1,350.000,-1,325.000,300.000,325.000,300.000,-1,-1,-1,-1,750.000,650.000,-1,-1,2,0,2,0,2,0,0,0,0,2,2,2,2,0,0,2,2
23,3794.745,-2014.743,101.449,89.317,0.011851,-0.999928,0.002040,0.999282,0.011916,0.035960,-0.035982,0.001612,0.999351,0,0.86928,0.02067,52.157,0.041,-1,400.000,-1,350.000,-1,325.000,300.000,325.000,300.000,-1,-1,-1,-1,750.000,650.000,-1,-1,2,0,2,0,2,0,0,0,0,2,2,2,2,0,0,2,2
24,3795.555,-1962.092,99.619,89.119,0.015448,-0.999879,-0.001556,0.999250,0.015383,0.035537,-0.035509,-0.002104,0.999367,0,0.87762,-0.09933,52.657,-0.199,-1,375.000,-1,350.000,-1,300.000,300.000,325.000,300.000,-1,650.000,-1,-1,725.000,650.000,-1,-1,2,0,2,0,2,0,0,0,0,2,0,2,2,0,0,2,2
25,3796.772,-1909.278,98.280,88.680,0.023169,-0.999726,-0.003473,0.999162,0.023038,0.033836,-0.033747,-0.004254,0.999421,0,0.88046,-0.21933,52.827,-0.439,-1,400.000,-1,375.000,-1,300.000,300.000,325.000,300.000,-1,575.000,-1,-1,725.000,650.000,-1,-1,2,0,2,0,2,0,0,0,0,2,0,2,2,0,0,2,2
26,3798.614,-1856.483,96.954,88.001,0.035068,-0.999370,-0.005413,0.998876,0.034877,0.032084,-0.031875,-0.006532,0.999471,0,0.88046,-0.33933,52.827,-0.679,-1,400.000,-1,375.000,-1,325.000,300.000,325.000,300.000,-1,525.000,-1,-1,725.000,675.000,-1,-1,2,0,2,0,2,0,0,0,0,2,0,2,2,0,0,2,2
27,3801.302,-1803.724,95.639,87.083,0.051141,-0.998664,-0.007393,0.998245,0.050895,0.030288,-0.029871,-0.008929,0.999514,0,0.88046,-0.45933,52.827,-0.919,-1,400.000,-1,375.000,-1,325.000,300.000,325.000,300.000,-1,475.000,-1,-1,725.000,675.000,-1,-1,2,0,2,0,2,0,0,0,0,2,0,2,2,0,0,2,2
28,3804.961,-1751.024,94.332,86.028,0.069556,-0.997533,-0.009429,0.997192,0.069263,0.028474,-0.027751,-0.011383,0.999550,0,0.88046,-0.52725,52.827,-1.054,-1,400.000,-1,375.000,-1,325.000,300.000,325.000,300.000,-1,425.000,825.000,-1,750.000,700.000,-1,-1,2,0,2,0,2,0,0,0,0,2,0,0,2,0,0,2,2
29,3809.589,-1698.399,93.032,84.974,0.087938,-0.996059,-0.011520,0.995798,0.087607,0.026678,-0.025564,-0.013817,0.999578,0,0.88046,-0.52725,52.827,-1.054,-1,400.000,-1,375.000,-1,325.000,300.000,325.000,300.000,-1,400.000,700.000,-1,750.000,725.000,-1,-1,2,0,2,0,2,0,0,0,0,2,0,0,2,0,0,2,2
30,3815.185,-1645.869,91.743,83.919,0.106281,-0.994242,-0.013665,0.994063,0.105919,0.024915,-0.023324,-0.016232,0.999596,0,0.88046,-0.52725,52.827,-1.054,-1,400.000,-1,375.000,-1,325.000,300.000,325.000,300.000,-1,375.000,625.000,-1,750.000,725.000,-1,-1,2,0,2,0,2,0,0,0,0,2,0,0,2,0,0,2,2
31,3821.746,-1593.451,90.471,82.865,0.124576,-0.992083,-0.015864,0.991987,0.124193,0.023200,-0.021046,-0.018628,0.999605,0,0.88046,-0.52725,52.827,-1.054,-1,400.000,-1,375.000,-1,325.000,325.000,325.000,300.000,-1,375.000,575.000,-1,750.000,750.000,-1,-1,2,0,2,0,2,0,0,0,0,2,0,0,2,0,0,2,2
32,3829.271,-1541.162,89.222,81.810,0.142819,-0.989583,-0.018114,0.989571,0.142423,0.021546,-0.018742,-0.021003,0.999604,0,0.88046,-0.52725,52.827,-1.054,-1,400.000,-1,375.000,-1,325.000,325.000,325.000,300.000,-1,350.000,525.000,-1,750.000,775.000,-1,-1,2,0,2,0,2,0,0,0,0,2,0,0,2,0,0,2,2
33,3837.757,-1489.021,88.013,80.756,0.161001,-0.986744,-0.020365,0.986818,0.160602,0.019915,-0.016381,-0.023303,0.999594,0,0.88046,-0.52725,52.827,-1.054,-1,400.000,-1,400.000,-1,325.000,325.000,300.000,300.000,-1,325.000,500.000,-1,750.000,800.000,-1,-1,2,0,2,0,2,0,0,0,0,2,0,0,2,0,0,2,2
34,3847.201,-1437.044,86.837,79.701,0.179119,-0.983566,-0.022663,0.983728,0.178725,0.018374,-0.014022,-0.025585,0.999574,0,0.88046,-0.52725,52.827,-1.054,-1,400.000,-1,400.000,-1,325.000,325.000,300.000,300.000,-1,325.000,450.000,-1,775.000,825.000,-1,-1,2,0,2,0,2,0,0,0,0,2,0,0,2,0,0,2,2
35,3857.600,-1385.250,85.698,78.647,0.197165,-0.980051,-0.025003,0.980301,0.196783,0.016937,-0.011679,-0.027850,0.999544,0,0.88046,-0.52725,52.827,-1.054,-1,400.000,-1,400.000,-1,325.000,325.000,300.000,300.000,-1,325.000,425.000,-1,775.000,850.000,-1,-1,2,0,2,0,2,0,0,0,0,2,0,0,2,0,0,2,2
36,3868.951,-1333.657,85.038,77.592,0.215158,-0.976251,-0.025337,0.976519,0.214783,0.016702,-0.010863,-0.028335,0.999539,0,0.88046,-0.52725,52.827,-1.054,-1,400.000,-1,400.000,-1,325.000,325.000,300.000,300.000,-1,350.000,450.000,-1,800.000,850.000,-1,-1,2,0,2,0,2,0,0,0,0,2,0,0,2,0,0,2,2
37,3881.250,-1282.280,84.443,76.538,0.233083,-0.972121,-0.025545,0.972402,0.232710,0.016728,-0.010317,-0.028739,0.999534,0,0.88046,-0.52725,52.827,-1.054,-1,400.000,-1,400.000,-1,325.000,325.000,300.000,300.000,-1,400.000,500.000,-1,825.000,900.000,-1,-1,2,0,2,0,2,0,0,0,0,2,0,0,2,0,0,2,2
38,3894.736,-1229.283,83.813,75.723,0.246880,-0.968706,-0.025682,0.968993,0.246503,0.016973,-0.010111,-0.029075,0.999526,0,0.91143,-0.40725,54.686,-0.814,-1,400.000,-1,400.000,-1,325.000,325.000,300.000,325.000,-1,450.000,550.000,-1,850.000,925.000,-1,-1,2,0,2,0,2,0,0,0,0,2,0,0,2,0,0,2,2
39,3908.849,-1176.450,82.998,75.044,0.258353,-0.965727,-0.025012,0.965992,0.257967,0.017664,-0.010606,-0.028725,0.999531,0,0.91143,-0.33946,54.686,-0.679,-1,400.000,-1,400.000,-1,325.000,325.000,300.000,300.000,-1,525.000,600.000,-1,875.000,950.000,-1,-1,2,0,2,0,2,0,0,0,0,2,0,0,2,0,0,2,2
40,3923.587,-1123.787,82.176,74.365,0.269792,-0.962611,-0.024319,0.962854,0.269394,0.018423,-0.011183,-0.028386,0.999534,0,0.91143,-0.33946,54.686,-0.679,-1,400.000,-1,425.000,-1,325.000,325.000,300.000,300.000,-1,600.000,675.000,-1,900.000,950.000,-1,-1,2,0,2,0,2,0,0,0,0,2,0,0,2,0,0,2,2
41,3938.948,-1071.303,81.340,73.686,0.281194,-0.959361,-0.023564,0.959577,0.280785,0.019267,-0.011868,-0.028030,0.999537,0,0.91143,-0.33946,54.686,-0.679,-1,400.000,-1,425.000,-1,325.000,325.000,300.000,300.000,-1,675.000,725.000,-1,925.000,975.000,-1,-1,2,0,2,0,2,0,0,0,0,2,0,0,2,0,0,2,2
42,3954.930,-1019.004,80.426,73.007,0.292560,-0.955983,-0.022467,0.956161,0.292137,0.020309,-0.012851,-0.027423,0.999541,0,0.91143,-0.33946,54.686,-0.679,-1,400.000,-1,425.000,-1,325.000,325.000,300.000,300.000,-1,750.000,825.000,-1,925.000,1000.000,-1,-1,2,0,2,0,2,0,0,0,0,2,0,0,2,0,0,2,2
43,3971.530,-966.899,79.516,72.329,0.303885,-0.952470,-0.021300,0.952606,0.303449,0.021431,-0.013949,-0.026803,0.999543,0,0.91143,-0.33946,54.686,-0.679,-1,400.000,-1,425.000,-1,325.000,325.000,300.000,300.000,-1,850.000,900.000,-1,950.000,1000.000,-1,-1,2,0,2,0,2,0,0,0,0,2,0,0,2,0,0,2,2
44,3988.747,-914.994,78.605,71.650,0.315168,-0.948823,-0.020083,0.948915,0.314719,0.022628,-0.015149,-0.026189,0.999542,0,0.91143,-0.33946,54.686,-0.679,-1,425.000,-1,425.000,-1,325.000,325.000,300.000,300.000,-1,950.000,1000.000,-1,975.000,1000.000,-1,-1,2,0,2,0,2,0,0,0,0,2,0,0,2,0,0,2,2
45,4006.578,-863.296,77.688,70.971,0.326406,-0.945042,-0.018837,0.945087,0.325945,0.023891,-0.016439,-0.025600,0.999537,0,0.91143,-0.33946,54.686,-0.679,-1,425.000,-1,425.000,-1,325.000,325.000,300.000,300.000,-1,-1,-1,-1,1000.000,-1,-1,-1,2,0,2,0,2,0,0,0,0,2,2,2,2,0,2,2,2
46,4025.020,-811.813,76.763,70.292,0.337597,-0.941127,-0.017557,0.941122,0.337125,0.025225,-0.017821,-0.025039,0.999528,0,0.91143,-0.33946,54.686,-0.679,-1,425.000,-1,425.000,-1,350.000,325.000,300.000,300.000,-1,-1,-1,-1,-1,-1,-1,-1,2,0,2,0,2,0,0,0,0,2,2,2,2,2,2,2,2
47,4044.070,-760.553,75.821,69.613,0.348740,-0.937078,-0.016291,0.937021,0.348257,0.026614,-0.019266,-0.024546,0.999513,0,0.91143,-0.33946,54.686,-0.679,-1,425.000,-1,425.000,-1,350.000,350.000,300.000,300.000,-1,-1,-1,-1,-1,-1,-1,-1,2,0,2,0,2,0,0,0,0,2,2,2,2,2,2,2,2
48,4063.727,-709.522,74.647,68.934,0.359861,-0.932875,-0.015653,0.932762,0.359332,0.028914,-0.021348,-0.025005,0.999459,0,0.91143,-0.33946,54.686,-0.679,-1,425.000,-1,425.000,-1,350.000,350.000,300.000,300.000,-1,-1,-1,-1,-1,-1,-1,-1,2,0,2,0,2,0,0,0,0,2,2,2,2,2,2,2,2
49,4083.986,-658.726,73.104,68.255,0.370981,-0.928504,-0.015921,0.928314,0.370341,0.032863,-0.024617,-0.026972,0.999333,0,0.91143,-0.33946,54.686,-0.679,-1,425.000,-1,425.000,-1,350.000,350.000,300.000,300.000,-1,-1,-1,-1,-1,-1,-1,-1,2,0,2,0,2,0,0,0,0,2,2,2,2,2,2,2,2
50,4104.845,-608.175,71.543,67.576,0.382056,-0.923998,-0.016144,0.923717,0.381296,0.036875,-0.027916,-0.029001,0.999189,0,0.91143,-0.33946,54.686,-0.679,-1,425.000,-1,425.000,-1,350.000,350.000,275.000,300.000,-1,-1,-1,-1,-1,-1,-1,-1,2,0,2,0,2,0,0,0,0,2,2,2,2,2,2,2,2
51,4126.302,-557.874,69.791,66.897,0.393058,-0.919375,-0.015934,0.919000,0.392200,0.040230,-0.030737,-0.030456,0.999063,0,0.91143,-0.33946,54.686,-0.679,-1,425.000,-1,425.000,-1,350.000,350.000,275.000,325.000,-1,-1,-1,-1,-1,-1,-1,-1,2,0,2,0,2,0,0,0,0,2,2,2,2,2,2,2,2
52,4148.354,-507.831,67.749,66.218,0.403984,-0.914649,-0.014638,0.914136,0.403060,0.043556,-0.033939,-0.030978,0.998944,0,0.91143,-0.33946,54.686,-0.679,-1,425.000,-1,425.000,-1,350.000,350.000,275.000,300.000,-1,-1,-1,-1,-1,1000.000,-1,-1,2,0,2,0,2,0,0,0,0,2,2,2,2,2,0,2,2
53,4170.998,-458.053,65.401,65.539,0.414824,-0.909822,-0.012031,0.909110,0.413876,0.047179,-0.037946,-0.030509,0.998814,0,0.91143,-0.33946,54.686,-0.679,-1,425.000,-1,425.000,-1,350.000,350.000,275.000,300.000,-1,-1,-1,-1,-1,975.000,-1,-1,2,0,2,0,2,0,0,0,0,2,2,2,2,2,0,2,2
54,4194.231,-408.546,62.957,64.860,0.425582,-0.904872,-0.009261,0.903958,0.424636,0.050440,-0.041709,-0.029838,0.998684,0,0.91143,-0.33946,54.686,-0.679,-1,425.000,-1,425.000,-1,350.000,350.000,300.000,300.000,-1,-1,-1,-1,-1,950.000,-1,-1,2,0,2,0,2,0,0,0,0,2,2,2,2,2,0,2,2
55,4218.048,-359.319,60.480,64.181,0.436267,-0.899794,-0.006475,0.898671,0.435336,0.053607,-0.045416,-0.029206,0.998541,0,0.91143,-0.33946,54.686,-0.679,-1,425.000,-1,425.000,-1,350.000,350.000,300.000,300.000,-1,-1,-1,-1,-1,950.000,-1,-1,2,0,2,0,2,0,0,0,0,2,2,2,2,2,0,2,2
56,4242.447,-310.377,57.979,63.503,0.446878,-0.894587,-0.003697,0.893247,0.445975,0.056719,-0.049091,-0.028648,0.998383,0,0.91143,-0.33946,54.686,-0.679,-1,425.000,-1,425.000,-1,325.000,325.000,300.000,300.000,-1,-1,-1,-1,-1,925.000,-1,-1,2,0,2,0,2,0,0,0,0,2,2,2,2,2,0,2,2
57,4267.424,-261.728,55.453,62.824,0.457417,-0.889252,-0.000929,0.887688,0.456550,0.059776,-0.052732,-0.028167,0.998211,0,0.91143,-0.33946,54.686,-0.679,-1,425.000,-1,400.000,-1,325.000,325.000,300.000,300.000,-1,-1,-1,-1,1000.000,900.000,-1,-1,2,0,2,0,2,0,0,0,0,2,2,2,2,0,0,2,2
58,4292.975,-213.377,52.900,62.145,0.467881,-0.883790,0.001825,0.881994,0.467060,0.062780,-0.056337,-0.027765,0.998026,0,0.91143,-0.33946,54.686,-0.679,-1,425.000,-1,400.000,-1,325.000,325.000,300.000,300.000,-1,-1,-1,-1,1000.000,875.000,-1,-1,2,0,2,0,2,0,0,0,0,2,2,2,2,0,0,2,2
59,4319.098,-165.333,50.211,61.466,0.478294,-0.878190,0.003999,0.876178,0.477497,0.065633,-0.059548,-0.027888,0.997836,0,0.91143,-0.33946,54.686,-0.679,-1,425.000,-1,400.000,-1,325.000,325.000,300.000,300.000,-1,-1,-1,-1,975.000,875.000,-1,-1,2,0,2,0,2,0,0,0,0,2,2,2,2,0,0,2,2
60,4345.787,-117.602,47.053,60.787,0.488740,-0.872421,0.003909,0.870273,0.487842,0.068087,-0.061308,-0.029875,0.997672,0,0.91143,-0.33946,54.686,-0.679,-1,425.000,-1,400.000,-1,350.000,325.000,300.000,300.000,-1,-1,-1,-1,975.000,875.000,-1,-1,2,0,2,0,2,0,0,0,0,2,2,2,2,0,0,2,2
61,4373.040,-70.190,43.712,60.108,0.499155,-0.866506,0.003509,0.864178,0.498103,0.071350,-0.063573,-0.032583,0.997445,0,0.91143,-0.33946,54.686,-0.679,-1,425.000,-1,400.000,-1,350.000,325.000,300.000,300.000,-1,-1,-1,-1,950.000,850.000,-1,-1,2,0,2,0,2,0,0,0,0,2,2,2,2,0,0,2,2
62,4400.851,-23.104,40.103,59.429,0.509560,-0.860431,0.002668,0.857853,0.508269,0.075841,-0.066613,-0.036357,0.997116,0,0.91143,-0.33946,54.686,-0.679,-1,425.000,-1,400.000,-1,350.000,325.000,300.000,300.000,-1,-1,-1,-1,925.000,850.000,-1,-1,2,0,2,0,2,0,0,0,0,2,2,2,2,0,0,2,2
63,4429.219,23.650,36.495,58.750,0.519899,-0.854226,0.001917,0.851391,0.518354,0.080258,-0.069552,-0.040094,0.996772,0,0.91143,-0.33946,54.686,-0.679,-1,425.000,-1,400.000,-1,325.000,325.000,300.000,300.000,-1,-1,-1,-1,900.000,825.000,-1,-1,2,0,2,0,2,0,0,0,0,2,2,2,2,0,0,2,2
64,4459.470,71.751,32.751,57.831,0.533726,-0.845657,0.001257,0.842556,0.531895,0.084770,-0.072355,-0.044185,0.996400,0,0.94703,-0.45946,56.822,-0.919,-1,425.000,-1,400.000,-1,325.000,325.000,300.000,300.000,-1,-1,-1,-1,875.000,825.000,-1,-1,2,0,2,0,2,0,0,0,0,2,2,2,2,0,0,2,2
65,4490.688,119.230,28.554,56.672,0.550813,-0.834627,0.001456,0.831385,0.548826,0.087116,-0.073509,-0.046774,0.996197,0,0.94703,-0.57946,56.822,-1.159,-1,425.000,-1,400.000,-1,325.000,325.000,300.000,300.000,-1,-1,-1,-1,875.000,825.000,-1,-1,2,0,2,0,2,0,0,0,0,2,2,2,2,0,0,2,2
66,4523.017,165.959,24.380,55.320,0.570438,-0.821339,0.001770,0.817967,0.568288,0.089320,-0.074368,-0.049503,0.996001,0,0.94703,-0.67592,56.822,-1.352,-1,425.000,-1,400.000,-1,325.000,325.000,300.000,300.000,-1,-1,-1,-1,850.000,800.000,-1,-1,2,0,2,0,2,0,0,0,0,2,2,2,2,0,0,2,2
67,4556.580,212.110,20.188,53.972,0.589674,-0.807638,0.002352,0.804129,0.587379,0.091450,-0.075240,-0.052035,0.995807,0,0.95106,-0.67404,57.063,-1.348,-1,425.000,-1,400.000,-1,325.000,325.000,300.000,325.000,-1,-1,-1,-1,850.000,800.000,-1,-1,2,0,2,0,2,0,0,0,0,2,2,2,2,0,0,2,2
68,4591.432,257.747,15.754,52.631,0.608426,-0.793600,0.004213,0.789889,0.606077,0.093513,-0.076766,-0.053568,0.995609,0,0.95705,-0.67079,57.423,-1.342,-1,425.000,-1,400.000,-1,325.000,325.000,300.000,300.000,-1,-1,-1,-1,825.000,775.000,-1,-1,2,0,2,0,2,0,0,0,0,2,2,2,2,0,0,2,2
69,4627.550,302.828,11.366,51.297,0.626740,-0.779205,0.005990,0.775305,0.624336,0.095425,-0.078096,-0.055163,0.995419,0,0.96274,-0.66707,57.764,-1.334,-1,400.000,-1,400.000,-1,325.000,325.000,300.000,300.000,-1,-1,-1,-1,800.000,750.000,-1,-1,2,0,2,0,2,0,0,0,0,2,2,2,2,0,0,2,2
70,4664.909,347.306,7.027,49.971,0.644601,-0.764480,0.007668,0.760403,0.642138,0.097193,-0.079226,-0.056820,0.995236,0,0.96808,-0.66289,58.085,-1.326,-1,400.000,-1,400.000,-1,325.000,325.000,325.000,300.000,-1,-1,-1,-1,800.000,750.000,-1,-1,2,0,2,0,2,0,0,0,0,2,2,2,2,0,0,2,2
71,4703.475,391.137,2.724,48.654,0.662000,-0.749448,0.009148,0.745211,0.659464,0.098829,-0.080100,-0.058607,0.995062,0,0.97303,-0.65824,58.382,-1.316,1000.000,400.000,-1,375.000,-1,325.000,325.000,325.000,300.000,-1,-1,-1,-1,775.000,725.000,-1,-1,1,0,2,0,2,0,0,0,0,2,2,2,2,0,0,2,2
72,4743.212,434.277,-1.969,47.348,0.679038,-0.734058,0.008207,0.729805,0.676228,0.100501,-0.079323,-0.062254,0.994903,0,0.97753,-0.65312,58.652,-1.306,950.000,400.000,-1,375.000,-1,325.000,325.000,325.000,300.000,-1,-1,-1,-1,775.000,725.000,-1,-1,1,0,2,0,2,0,0,0,0,2,2,2,2,0,0,2,2
73,4784.081,476.682,-6.571,46.053,0.695570,-0.718421,0.007303,0.714163,0.692486,0.102147,-0.078442,-0.065835,0.994742,0,0.98154,-0.64753,58.893,-1.295,900.000,400.000,-1,375.000,-1,325.000,325.000,325.000,300.000,-1,-1,-1,-1,750.000,725.000,1000.000,-1,1,0,2,0,2,0,0,0,0,2,2,2,2,0,0,1,2
74,4826.037,518.307,-11.076,44.770,0.711587,-0.702569,0.006434,0.698316,0.708229,0.103765,-0.077459,-0.069345,0.994581,0,0.98501,-0.64147,59.101,-1.283,850.000,400.000,-1,375.000,-1,325.000,325.000,325.000,300.000,-1,-1,-1,-1,750.000,725.000,950.000,-1,1,0,2,0,2,0,0,0,0,2,2,2,2,0,0,1,2
75,4869.030,559.111,-15.480,43.500,0.727078,-0.686532,0.005597,0.682293,0.723448,0.105351,-0.076376,-0.072779,0.994419,0,0.98788,-0.63497,59.273,-1.270,825.000,375.000,-1,375.000,-1,325.000,325.000,300.000,325.000,-1,-1,-1,-1,725.000,725.000,925.000,-1,1,0,2,0,2,0,0,0,0,2,2,2,2,0,0,1,2
76,4909.432,596.097,-19.310,42.470,0.739352,-0.673301,0.004907,0.669130,0.735545,0.106011,-0.074986,-0.075096,0.994353,0,0.91291,-0.51497,54.774,-1.030,775.000,375.000,-1,375.000,-1,325.000,325.000,300.000,325.000,-1,-1,-1,-1,725.000,725.000,875.000,-1,1,0,2,0,2,0,0,0,0,2,2,2,2,0,0,1,2
77,4950.411,632.585,-23.062,41.680,0.748609,-0.662999,0.004206,0.658892,0.744648,0.106584,-0.073797,-0.077019,0.994295,0,0.91447,-0.39497,54.868,-0.790,750.000,375.000,-1,375.000,-1,325.000,325.000,300.000,325.000,-1,-1,-1,-1,725.000,725.000,850.000,-1,1,0,2,0,2,0,0,0,0,2,2,2,2,0,0,1,2
78,4991.793,668.725,-26.761,41.130,0.754979,-0.655739,0.003474,0.651689,0.750884,0.107118,-0.072849,-0.078608,0.994240,0,0.91569,-0.27497,54.942,-0.550,725.000,375.000,-1,375.000,-1,325.000,325.000,300.000,325.000,-1,-1,-1,-1,725.000,725.000,800.000,-1,1,0,2,0,2,0,0,0,0,2,2,2,2,0,0,1,2
79,5033.412,704.677,-30.454,40.820,0.758552,-0.651607,0.002699,0.647616,0.754350,0.107466,-0.072061,-0.079770,0.994205,0,0.91662,-0.15497,54.997,-0.310,675.000,375.000,-1,375.000,-1,325.000,325.000,300.000,325.000,-1,-1,-1,-1,725.000,725.000,775.000,-1,1,0,2,0,2,0,0,0,0,2,2,2,2,0,0,1,2
80,5075.107,740.605,-34.260,40.750,0.759361,-0.650667,0.001884,0.646769,0.755123,0.107140,-0.071135,-0.080140,0.994242,0,0.91732,-0.03497,55.039,-0.070,650.000,375.000,-1,375.000,-1,325.000,325.000,300.000,325.000,-1,-1,-1,-1,725.000,725.000,725.000,-1,1,0,2,0,2,0,0,0,0,2,2,2,2,0,0,1,2
81,5116.720,776.677,-38.182,40.921,0.757423,-0.652924,0.001018,0.649149,0.753209,0.106213,-0.070116,-0.079788,0.994343,0,0.91785,0.08503,55.071,0.170,600.000,375.000,-1,375.000,-1,325.000,325.000,300.000,325.000,-1,-1,-1,-1,700.000,725.000,675.000,-1,1,0,2,0,2,0,0,0,0,2,2,2,2,1,0,1,2
82,5158.093,813.062,-42.089,41.331,0.752733,-0.658326,0.000077,0.654656,0.748549,0.105351,-0.069413,-0.079251,0.994435,0,0.91828,0.20503,55.097,0.410,575.000,375.000,-1,375.000,-1,325.000,325.000,300.000,325.000,-1,-1,-1,-1,675.000,725.000,650.000,-1,1,0,2,0,2,0,0,0,0,2,2,2,2,1,0,1,2
83,5199.068,849.930,-46.010,41.981,0.745221,-0.666816,-0.000882,0.663232,0.741077,0.104539,-0.069055,-0.078490,0.994520,0,0.91867,0.32503,55.120,0.650,525.000,375.000,-1,375.000,-1,325.000,325.000,300.000,325.000,-1,-1,-1,-1,650.000,725.000,600.000,-1,1,0,2,0,2,0,0,0,0,2,2,2,2,1,0,1,2
84,5239.483,887.446,-49.953,42.871,0.734784,-0.678298,-0.001899,0.674782,0.730684,0.103782,-0.069007,-0.077539,0.994598,0,0.91907,0.44503,55.144,0.890,475.000,375.000,-1,375.000,-1,325.000,325.000,300.000,325.000,-1,-1,-1,-1,600.000,725.000,550.000,-1,1,0,2,0,2,0,0,0,0,2,2,2,2,1,0,1,2
85,5279.171,925.772,-53.928,44.001,0.721280,-0.692637,-0.003000,0.689174,0.717227,0.103075,-0.069242,-0.076414,0.994669,0,0.91955,0.56503,55.173,1.130,450.000,375.000,-1,375.000,-1,325.000,325.000,300.000,325.000,-1,-1,-1,-1,575.000,725.000,500.000,-1,1,0,2,0,2,0,0,0,0,2,2,2,2,1,0,1,2
86,5319.507,966.632,-58.161,45.371,0.704525,-0.709667,-0.004001,0.706234,0.700539,0.102364,-0.069842,-0.074944,0.994739,0,0.95694,0.68503,57.417,1.370,400.000,375.000,-1,400.000,-1,325.000,325.000,300.000,325.000,-1,-1,-1,-1,525.000,750.000,450.000,-1,1,0,2,0,2,0,0,0,0,2,2,2,2,1,0,1,2
87,5358.898,1008.842,-62.452,46.981,0.684311,-0.729175,-0.004733,0.725734,0.680421,0.101673,-0.070917,-0.073010,0.994807,0,0.96227,0.80503,57.736,1.610,350.000,375.000,-1,400.000,-1,325.000,325.000,300.000,325.000,-1,-1,-1,-1,475.000,750.000,375.000,-1,1,0,2,0,2,0,0,0,0,2,2,2,2,1,0,1,2
88,5397.154,1052.530,-66.804,48.794,0.660890,-0.750465,-0.005237,0.746984,0.657120,0.101030,-0.072378,-0.070681,0.994870,0,0.96786,0.90655,58.072,1.813,300.000,375.000,-1,400.000,-1,325.000,325.000,300.000,325.000,-1,725.000,-1,-1,425.000,750.000,325.000,-1,1,1,2,0,2,0,0,0,0,2,0,2,2,1,0,1,2
89,5434.229,1097.682,-71.225,50.613,0.636721,-0.771074,-0.005575,0.767541,0.633077,0.100469,-0.073939,-0.068249,0.994925,0,0.97374,0.90942,58.424,1.819,250.000,325.000,-1,375.000,-1,325.000,325.000,300.000,325.000,-1,725.000,-1,-1,400.000,725.000,275.000,-1,1,1,2,0,2,0,0,0,0,2,0,2,2,1,1,1,2
90,5467.102,1140.048,-75.338,52.192,0.615219,-0.788334,-0.005910,0.784757,0.611677,0.100040,-0.075250,-0.066185,0.994966,0,0.89374,0.78942,53.624,1.579,225.000,300.000,-1,375.000,-1,300.000,325.000,300.000,300.000,-1,750.000,-1,-1,350.000,700.000,225.000,950.000,1,1,2,0,2,1,0,0,0,2,0,2,2,1,1,1,1
91,5496.124,1179.309,-79.121,53.531,0.596619,-0.802500,-0.006241,0.798887,0.593157,0.099720,-0.076323,-0.064481,0.994996,0,0.81374,0.66942,48.824,1.339,175.000,275.000,-1,375.000,-1,275.000,325.000,300.000,300.000,-1,775.000,-1,-1,325.000,675.000,200.000,875.000,1,1,2,0,2,1,0,0,0,2,0,2,2,1,1,1,1
92,5521.609,1215.207,-82.557,54.629,0.581110,-0.813798,-0.006563,0.810158,0.577708,0.099485,-0.077169,-0.063129,0.995017,0,0.73374,0.54942,44.024,1.099,150.000,250.000,-1,375.000,-1,250.000,300.000,300.000,300.000,-1,800.000,-1,-1,275.000,675.000,150.000,825.000,1,1,2,0,2,1,1,0,0,2,0,2,2,1,1,1,1
93,5543.843,1247.517,-80.725,55.494,0.567542,-0.823344,0.000596,0.821006,0.565985,0.074899,-0.062005,-0.042019,0.997191,0,0.65374,0.43255,39.224,0.865,125.000,225.000,-1,400.000,975.000,250.000,300.000,350.000,300.000,-1,475.000,375.000,-1,275.000,675.000,150.000,800.000,1,1,2,1,1,1,1,0,0,2,0,0,2,1,1,1,1
94,5562.919,1276.170,-78.634,56.366,0.554104,-0.832405,0.008415,0.831117,0.553762,0.050919,-0.047045,-0.021220,0.998667,0,0.57374,0.43573,34.424,0.871,125.000,225.000,-1,425.000,925.000,250.000,300.000,375.000,275.000,-1,325.000,225.000,-1,300.000,700.000,150.000,800.000,1,1,2,1,1,1,1,1,0,2,0,0,2,1,1,1,1
95,5578.952,1301.079,-76.859,57.243,0.540855,-0.840965,0.015904,0.840419,0.541080,0.030465,-0.034226,-0.003112,0.999409,0,0.49374,0.43834,29.624,0.877,125.000,225.000,-1,450.000,850.000,250.000,325.000,400.000,275.000,-1,275.000,150.000,-1,300.000,700.000,125.000,775.000,1,1,2,1,1,1,1,1,0,2,0,0,2,1,1,1,1
96,5592.061,1322.159,-75.397,58.123,0.527700,-0.849122,0.022888,0.849102,0.528054,0.013581,-0.023618,0.012268,0.999646,0,0.41374,0.44032,24.824,0.881,125.000,250.000,-1,475.000,825.000,250.000,325.000,400.000,275.000,-1,250.000,100.000,725.000,300.000,700.000,125.000,775.000,1,1,2,1,1,1,1,1,0,2,0,0,0,1,1,1,1
97,5602.370,1339.326,-74.248,59.007,0.514555,-0.856961,0.029189,0.857322,0.514781,0.000283,-0.015269,0.024879,0.999574,0,0.33374,0.44162,20.024,0.883,125.000,225.000,-1,500.000,775.000,250.000,325.000,400.000,250.000,-1,225.000,75.000,600.000,300.000,700.000,125.000,750.000,1,1,2,1,1,1,1,1,0,2,0,0,0,1,1,1,1
98,5610.004,1352.498,-73.416,59.891,0.501350,-0.864552,0.034617,0.865195,0.501347,-0.009412,-0.009218,0.034670,0.999356,0,0.25374,0.44219,15.224,0.884,125.000,225.000,-1,550.000,750.000,250.000,325.000,400.000,250.000,-1,225.000,75.000,525.000,300.000,725.000,125.000,750.000,1,1,2,1,1,1,1,1,0,2,0,0,0,1,1,1,1
99,5615.090,1361.597,-72.905,60.775,0.488035,-0.871954,0.038977,0.872807,0.487820,-0.015497,-0.005501,0.041583,0.999120,0,0.17374,0.44201,10.424,0.884,125.000,225.000,-1,575.000,725.000,250.000,325.000,400.000,250.000,-1,200.000,50.000,475.000,300.000,725.000,125.000,750.000,1,1,2,1,1,1,1,1,0,2,0,0,0,1,1,1,1
100,5617.758,1366.548,-72.720,61.657,0.474578,-0.879208,0.042071,0.880204,0.474256,-0.017966,-0.004156,0.045558,0.998953,0,0.09374,0.44106,5.624,0.882,125.000,225.000,-1,550.000,725.000,250.000,325.000,425.000,250.000,-1,200.000,50.000,475.000,300.000,725.000,125.000,750.000,1,1,2,1,1,1,1,1,0,2,0,0,0,1,1,1,1
101,5618.138,1367.279,-72.866,62.536,0.460974,-0.886337,0.043701,0.887399,0.460696,-0.016823,-0.005221,0.046535,0.998903,0,0.01374,0.43934,0.824,0.879,125.000,225.000,-1,525.000,700.000,225.000,300.000,425.000,250.000,-1,200.000,50.000,475.000,275.000,725.000,125.000,750.000,1,1,2,1,1,1,1,1,0,2,0,0,0,1,1,1,1
102,5616.360,1363.723,-73.352,63.409,0.447246,-0.893344,0.043669,0.894368,0.447168,-0.012078,-0.008738,0.044457,0.998973,0,-0.06626,0.43689,-3.976,0.874,125.000,225.000,-1,475.000,700.000,225.000,300.000,425.000,250.000,-1,200.000,50.000,500.000,275.000,750.000,125.000,750.000,1,1,2,1,1,1,1,1,0,2,0,0,0,1,1,1,1
103,5612.554,1355.816,-74.185,64.277,0.433452,-0.900208,0.041782,0.901056,0.433686,-0.003746,-0.014748,0.039272,0.999120,0,-0.14626,0.43374,-8.776,0.867,125.000,200.000,-1,450.000,700.000,225.000,300.000,450.000,250.000,-1,225.000,75.000,550.000,250.000,750.000,125.000,750.000,1,1,2,1,1,1,1,1,0,2,0,0,0,1,1,1,1
104,5606.850,1343.497,-75.373,65.137,0.419683,-0.906881,0.037854,0.907372,0.420250,0.008146,-0.023296,0.030929,0.999250,0,-0.22626,0.42997,-13.576,0.860,125.000,200.000,-1,400.000,700.000,225.000,275.000,475.000,250.000,-1,225.000,75.000,650.000,250.000,750.000,125.000,750.000,1,1,2,1,1,1,1,1,0,2,0,0,0,1,1,1,1
105,5599.376,1326.711,-76.926,65.988,0.406074,-0.913290,0.031702,0.913192,0.406849,0.023567,-0.034421,0.019380,0.999219,0,-0.30626,0.42564,-18.376,0.851,125.000,200.000,-1,375.000,700.000,200.000,275.000,475.000,275.000,-1,250.000,125.000,900.000,250.000,750.000,125.000,775.000,1,1,2,1,1,1,1,1,0,2,0,0,0,1,1,1,1
106,5591.547,1308.415,-78.620,66.830,0.392752,-0.919320,0.024415,0.918471,0.393454,0.040067,-0.046441,0.006688,0.998899,0,-0.33170,0.42085,-19.902,0.842,125.000,200.000,-1,350.000,700.000,200.000,250.000,450.000,275.000,-1,300.000,150.000,-1,225.000,750.000,125.000,775.000,1,1,2,1,1,1,1,0,0,2,0,0,2,1,1,1,1
107,5583.968,1289.975,-80.351,67.662,0.379752,-0.924940,0.016539,0.923232,0.380062,0.056525,-0.058568,-0.006196,0.998264,0,-0.33231,0.41608,-19.938,0.832,150.000,200.000,625.000,325.000,700.000,200.000,250.000,400.000,275.000,-1,350.000,250.000,-1,225.000,750.000,150.000,775.000,1,1,1,1,1,1,1,0,0,2,0,0,2,1,1,1,1
108,5576.634,1271.385,-82.119,68.485,0.367093,-0.930149,0.008076,0.927486,0.366675,0.072929,-0.070796,-0.019281,0.997304,0,-0.33311,0.41153,-19.987,0.823,150.000,200.000,475.000,325.000,700.000,200.000,250.000,375.000,300.000,-1,450.000,375.000,-1,225.000,750.000,150.000,775.000,1,1,1,1,1,1,1,0,0,2,0,0,2,1,1,1,1
109,5569.542,1252.638,-83.924,69.299,0.354794,-0.934944,-0.000974,0.931243,0.353296,0.089266,-0.083115,-0.032578,0.996007,0,-0.33409,0.40718,-20.045,0.814,150.000,200.000,425.000,300.000,725.000,200.000,250.000,325.000,300.000,-1,700.000,-1,-1,225.000,525.000,150.000,775.000,1,1,1,1,1,1,1,0,0,2,0,2,2,1,1,1,1
110,5562.692,1233.728,-84.250,70.106,0.342288,-0.939573,-0.006472,0.935211,0.340018,0.098833,-0.090660,-0.039882,0.995083,0,-0.33524,0.40303,-20.114,0.806,150.000,200.000,400.000,300.000,725.000,200.000,250.000,300.000,300.000,-1,-1,-1,-1,225.000,475.000,150.000,800.000,1,1,1,1,1,1,1,0,0,2,2,2,2,1,1,1,1
111,5556.087,1214.646,-82.412,70.904,0.329104,-0.944273,-0.006237,0.939871,0.326917,0.098829,-0.091283,-0.038387,0.995085,0,-0.33654,0.39906,-20.193,0.798,175.000,200.000,425.000,300.000,725.000,200.000,250.000,300.000,300.000,-1,-1,-1,-1,225.000,475.000,175.000,825.000,1,1,1,1,1,1,1,0,0,2,2,2,2,1,1,1,1
112,5549.718,1195.393,-80.549,71.694,0.315977,-0.948748,-0.005975,0.944306,0.313875,0.098833,-0.091892,-0.036871,0.995086,0,-0.33799,0.39528,-20.279,0.791,200.000,225.000,425.000,325.000,750.000,225.000,250.000,300.000,300.000,-1,-1,-1,-1,250.000,475.000,200.000,850.000,1,1,1,1,1,1,1,0,0,2,2,2,2,1,1,1,1
113,5543.585,1175.963,-78.653,72.478,0.302904,-0.953004,-0.005657,0.948521,0.300892,0.098856,-0.092508,-0.035310,0.995086,0,-0.33957,0.39167,-20.374,0.783,225.000,225.000,425.000,325.000,775.000,225.000,275.000,300.000,300.000,-1,-1,-1,-1,275.000,475.000,225.000,875.000,1,1,1,1,1,1,1,0,0,2,2,2,2,1,1,1,1
114,5537.686,1156.355,-76.736,73.254,0.289887,-0.957046,-0.005334,0.952522,0.287966,0.098881,-0.093097,-0.033745,0.995085,0,-0.34128,0.38822,-20.477,0.776,250.000,250.000,450.000,325.000,775.000,250.000,275.000,300.000,300.000,-1,-1,-1,-1,275.000,475.000,250.000,900.000,1,1,1,1,1,1,1,0,0,2,2,2,2,1,1,1,1
115,5532.020,1136.563,-74.796,74.024,0.276925,-0.960878,-0.005007,0.956316,0.275095,0.098907,-0.093660,-0.032178,0.995084,0,-0.34310,0.38494,-20.586,0.770,275.000,250.000,450.000,350.000,800.000,250.000,275.000,300.000,300.000,-1,-1,-1,-1,300.000,475.000,275.000,925.000,1,1,1,1,1,1,1,0,0,2,2,2,2,1,1,1,1
116,5526.589,1116.586,-72.834,74.787,0.264016,-0.964507,-0.004675,0.959908,0.262277,0.098934,-0.094197,-0.030607,0.995083,0,-0.34504,0.38181,-20.702,0.764,300.000,275.000,475.000,350.000,825.000,275.000,300.000,300.000,300.000,-1,-1,-1,-1,300.000,475.000,300.000,950.000,1,1,1,1,1,1,1,0,0,2,2,2,2,1,1,1,1
117,5521.391,1096.420,-70.850,75.545,0.251158,-0.967936,-0.004338,0.963302,0.249512,0.098963,-0.094707,-0.029034,0.995082,0,-0.34708,0.37883,-20.825,0.758,325.000,300.000,475.000,350.000,825.000,275.000,300.000,300.000,300.000,-1,-1,-1,-1,325.000,500.000,325.000,1000.000,1,1,1,1,1,1,1,0,0,2,2,2,2,1,1,1,1
118,5516.429,1076.064,-68.843,76.297,0.238350,-0.971171,-0.003997,0.966503,0.236797,0.098992,-0.095192,-0.027458,0.995080,0,-0.34921,0.37600,-20.953,0.752,350.000,300.000,500.000,375.000,850.000,300.000,325.000,300.000,300.000,-1,-1,-1,-1,350.000,500.000,325.000,-1,1,1,1,1,1,1,1,0,0,2,2,2,2,1,1,1,2
119,5512.875,1060.307,-67.291,77.289,0.221405,-0.975175,-0.003717,0.970471,0.219959,0.099017,-0.095741,-0.025530,0.995079,0,-0.26921,0.49600,-16.153,0.992,375.000,325.000,500.000,375.000,850.000,300.000,325.000,300.000,300.000,-1,-1,-1,-1,350.000,500.000,350.000,-1,1,1,1,1,1,1,1,0,0,2,2,2,2,1,1,1,2
120,5510.617,1049.181,-66.199,78.521,0.200275,-0.979733,-0.003499,0.974992,0.198952,0.099038,-0.096334,-0.023246,0.995078,0,-0.18921,0.61600,-11.353,1.232,400.000,325.000,500.000,375.000,875.000,300.000,325.000,300.000,300.000,-1,-1,-1,-1,375.000,500.000,375.000,-1,1,1,1,1,1,1,0,0,0,2,2,2,2,1,1,1,2
121,5509.479,1042.728,-65.573,79.993,0.174915,-0.984578,-0.003348,0.979799,0.173729,0.099058,-0.096948,-0.020607,0.995076,0,-0.10921,0.73600,-6.553,1.472,400.000,325.000,500.000,375.000,900.000,325.000,325.000,300.000,300.000,-1,-1,-1,-1,375.000,475.000,375.000,-1,1,1,1,1,1,1,0,0,0,2,2,2,2,1,1,1,2
122,5509.228,1040.993,-65.417,81.705,0.145279,-0.989385,-0.003267,0.984569,0.144245,0.099081,-0.097558,-0.017611,0.995074,0,-0.02921,0.85600,-1.753,1.712,425.000,325.000,475.000,375.000,900.000,325.000,325.000,300.000,300.000,-1,-1,-1,-1,375.000,475.000,400.000,700.000,1,1,1,1,1,1,0,0,0,2,2,2,2,1,1,1,1
123,5509.565,1044.021,-65.736,83.657,0.111335,-0.993778,-0.003263,0.988926,0.110466,0.099113,-0.098136,-0.014262,0.995071,0,0.05079,0.97600,3.047,1.952,425.000,325.000,475.000,375.000,925.000,325.000,325.000,300.000,300.000,-1,-1,-1,-1,375.000,450.000,400.000,600.000,1,1,1,1,1,1,1,0,0,2,2,2,2,1,1,1,1
124,5510.160,1051.846,-66.532,85.657,0.076427,-0.997070,-0.003346,0.992187,0.075720,0.099158,-0.098614,-0.010898,0.995066,0,0.13079,1.00000,7.847,2.000,450.000,325.000,450.000,350.000,975.000,300.000,325.000,300.000,300.000,-1,-1,-1,-1,375.000,425.000,400.000,550.000,1,1,1,1,1,1,1,0,0,2,2,2,2,1,1,1,1
125,5510.678,1064.483,-67.805,87.657,0.041431,-0.999135,-0.003518,0.994226,0.040878,0.099219,-0.098989,-0.007609,0.995059,0,0.21079,1.00000,12.647,2.000,450.000,325.000,425.000,350.000,1000.000,300.000,300.000,300.000,300.000,-1,-1,-1,-1,375.000,400.000,400.000,500.000,1,1,1,1,1,1,1,0,0,2,2,2,2,1,1,1,1
126,5510.784,1081.930,-69.555,89.654,0.006443,-0.999972,-0.003783,0.995039,0.006036,0.099299,-0.099274,-0.004404,0.995050,0,0.29079,0.99851,17.447,1.997,450.000,325.000,425.000,325.000,-1,300.000,300.000,300.000,300.000,-1,-1,-1,-1,350.000,375.000,400.000,450.000,1,1,1,1,2,1,1,0,0,2,2,2,2,1,1,1,1
127,5510.147,1104.168,-71.781,91.642,-0.028381,-0.999589,-0.004142,0.994635,-0.028653,0.099403,-0.099481,-0.001298,0.995039,0,0.37079,0.99386,22.247,1.988,425.000,300.000,400.000,300.000,525.000,275.000,275.000,300.000,300.000,-1,-1,-1,-1,350.000,350.000,375.000,400.000,1,1,1,1,1,1,1,0,0,2,2,2,2,1,1,1,1
128,5508.440,1131.161,-74.479,93.620,-0.062989,-0.998004,-0.004594,0.993029,-0.063133,0.099532,-0.099623,0.001707,0.995024,0,0.45079,0.98890,27.047,1.978,425.000,300.000,375.000,275.000,450.000,250.000,250.000,300.000,300.000,-1,-1,-1,-1,325.000,325.000,375.000,375.000,1,1,1,1,1,1,1,0,0,2,2,2,2,1,1,1,1
129,5505.340,1162.857,-77.648,95.587,-0.097325,-0.995239,-0.005140,0.990245,-0.097351,0.099686,-0.099712,0.004612,0.995006,0,0.53079,0.98351,31.847,1.967,400.000,275.000,325.000,250.000,375.000,250.000,225.000,300.000,300.000,-1,-1,-1,-1,300.000,275.000,350.000,325.000,1,1,1,1,1,1,1,0,0,2,2,2,2,1,1,1,1
130,5500.530,1199.188,-81.285,97.542,-0.131329,-0.991322,-0.005777,0.986307,-0.131246,0.099866,-0.099757,0.007417,0.994984,0,0.61079,0.97756,36.647,1.955,375.000,250.000,300.000,225.000,300.000,225.000,200.000,300.000,300.000,-1,-1,-1,-1,275.000,250.000,325.000,275.000,1,1,1,1,1,1,1,0,0,2,2,2,2,1,1,1,1
131,5493.701,1240.068,-85.386,99.484,-0.164940,-0.986282,-0.006502,0.981245,-0.164757,0.100068,-0.099766,0.010125,0.994959,0,0.69079,0.97090,41.447,1.942,350.000,225.000,250.000,175.000,225.000,200.000,175.000,300.000,300.000,-1,-1,-1,-1,250.000,200.000,300.000,200.000,1,1,1,1,1,1,1,0,0,2,2,2,2,1,1,1,1
132,5484.550,1285.400,-87.943,101.410,-0.197448,-0.980222,-0.013382,0.975838,-0.197831,0.092755,-0.093568,0.005255,0.995599,0,0.77079,0.96335,46.247,1.927,325.000,200.000,225.000,150.000,175.000,175.000,150.000,300.000,325.000,-1,-1,-1,-1,225.000,175.000,275.000,175.000,1,1,1,1,1,1,1,0,0,2,2,2,2,1,1,1,1
133,5472.781,1335.066,-83.547,103.320,-0.228152,-0.972734,-0.041660,0.971436,-0.230298,0.057232,-0.065266,-0.027412,0.997491,0,0.85079,0.95470,51.047,1.909,275.000,175.000,225.000,150.000,175.000,150.000,150.000,275.000,425.000,-1,225.000,475.000,-1,200.000,175.000,250.000,150.000,1,1,1,1,1,1,1,0,0,2,0,0,2,1,1,1,1
134,5458.170,1388.718,-78.081,105.209,-0.260146,-0.962874,-0.072100,0.965029,-0.261771,0.013928,-0.032284,-0.065955,0.997300,0,0.92683,0.94469,55.610,1.889,250.000,150.000,200.000,150.000,150.000,150.000,125.000,250.000,550.000,500.000,75.000,250.000,-1,200.000,150.000,225.000,150.000,1,1,1,1,1,1,1,0,0,0,0,0,2,1,1,1,1
