timestep,x_cm,y_cm,z_cm,yaw_deg,basis_xx,basis_xy,basis_xz,basis_yx,basis_yy,basis_yz,basis_zx,basis_zy,basis_zz,teleport_flag,throttle_cmd,steering_cmd,cmd_move_cm,cmd_turn_deg,lidar_cm_0,lidar_cm_1,lidar_cm_2,lidar_cm_3,lidar_cm_4,lidar_cm_5,lidar_cm_6,lidar_cm_7,lidar_cm_8,lidar_cm_9,lidar_cm_10,lidar_cm_11,lidar_cm_12,lidar_cm_13,lidar_cm_14,lidar_cm_15,lidar_cm_16,lidar_class_0,lidar_class_1,lidar_class_2,lidar_class_3,lidar_class_4,lidar_class_5,lidar_class_6,lidar_class_7,lidar_class_8,lidar_class_9,lidar_class_10,lidar_class_11,lidar_class_12,lidar_class_13,lidar_class_14,lidar_class_15,lidar_class_16
0,-9186.254,10199.794,17.093,104.742,-0.247817,-0.963322,0.102943,0.966249,-0.253480,-0.045947,0.070356,0.088082,0.993625,0,0.08000,-0.12000,4.800,-0.240,350.000,250.000,-1,350.000,-1,225.000,250.000,550.000,325.000,825.000,175.000,100.000,700.000,325.000,925.000,300.000,-1,1,1,2,1,2,1,1,0,0,1,0,0,0,1,1,1,2
1,-4263.629,6231.278,136.738,144.316,-0.802651,-0.579690,-0.140398,0.589192,-0.807213,-0.035488,-0.092759,-0.111206,0.989459,1,0.00000,0.00000,9.600,-0.480,225.000,275.000,-1,375.000,-1,250.000,275.000,225.000,275.000,-1,-1,-1,-1,425.000,625.000,275.000,-1,0,0,2,0,2,0,0,0,1,2,2,2,2,0,0,0,2
2,-4267.515,6234.096,136.369,144.076,-0.800360,-0.583105,-0.139327,0.592466,-0.804832,-0.035055,-0.091694,-0.110603,0.989626,0,0.08000,-0.12000,4.800,-0.240,225.000,275.000,-1,375.000,-1,250.000,275.000,225.000,275.000,-1,-1,-1,-1,450.000,625.000,275.000,-1,0,0,2,0,2,0,0,0,1,2,2,2,2,0,0,0,2
3,-4275.240,6239.795,135.623,143.596,-0.795733,-0.589903,-0.137196,0.598991,-0.800022,-0.034267,-0.089545,-0.109447,0.989951,0,0.16000,-0.24000,9.600,-0.480,225.000,275.000,-1,375.000,-1,250.000,300.000,225.000,275.000,-1,-1,-1,375.000,450.000,625.000,275.000,-1,0,0,2,0,2,0,0,0,1,2,2,2,1,0,0,0,2
4,-4286.720,6248.489,134.483,142.876,-0.788681,-0.600016,-0.134027,0.608720,-0.792687,-0.033280,-0.086273,-0.107832,0.990419,0,0.24000,-0.36000,14.400,-0.720,250.000,275.000,-1,375.000,-1,250.000,300.000,225.000,275.000,-1,-1,-1,350.000,450.000,625.000,275.000,-1,0,0,2,0,2,0,0,0,1,2,2,2,1,0,0,0,2
5,-4301.830,6260.336,133.032,141.916,-0.779137,-0.613370,-0.129317,0.621537,-0.782722,-0.032207,-0.081464,-0.105469,0.991080,0,0.32000,-0.48000,19.200,-0.960,250.000,300.000,-1,375.000,-1,250.000,300.000,225.000,275.000,-1,-1,-1,350.000,475.000,650.000,300.000,-1,0,0,2,0,2,0,0,0,1,2,2,2,1,0,0,0,2
6,-4320.404,6275.537,131.167,140.716,-0.766885,-0.629803,-0.123433,0.637363,-0.769920,-0.031478,-0.075209,-0.102812,0.991854,0,0.40000,-0.60000,24.000,-1.200,300.000,300.000,-1,375.000,-1,275.000,300.000,225.000,275.000,-1,-1,-1,350.000,475.000,650.000,350.000,-1,0,0,2,0,2,0,0,0,1,2,2,2,1,0,0,0,2
7,-4342.226,6294.333,129.207,139.276,-0.751626,-0.649230,-0.116440,0.656010,-0.754173,-0.029563,-0.068622,-0.098606,0.992758,0,0.48000,-0.72000,28.800,-1.440,350.000,300.000,-1,375.000,-1,275.000,300.000,225.000,275.000,-1,-1,-1,350.000,500.000,650.000,425.000,-1,0,0,2,0,2,0,0,0,1,2,2,2,1,0,0,0,2
8,-4367.029,6317.001,127.595,137.596,-0.733031,-0.671544,-0.108139,0.677257,-0.735343,-0.024370,-0.063154,-0.091102,0.993837,0,0.56000,-0.84000,33.600,-1.680,450.000,300.000,-1,375.000,-1,275.000,300.000,225.000,275.000,-1,-1,-1,350.000,525.000,675.000,575.000,-1,0,0,2,0,2,0,0,0,1,2,2,2,1,0,0,0,2
9,-4394.494,6343.841,125.747,135.676,-0.710933,-0.696312,-0.098612,0.700951,-0.712951,-0.019196,-0.056939,-0.082770,0.994941,0,0.64000,-0.96000,38.400,-1.920,625.000,325.000,-1,375.000,-1,275.000,300.000,225.000,275.000,-1,-1,-1,325.000,550.000,675.000,850.000,-1,0,0,2,0,2,0,0,0,1,2,2,2,1,0,0,0,2
10,-4424.329,6375.084,123.673,133.694,-0.687258,-0.721067,-0.087968,0.724686,-0.688924,-0.014626,-0.050057,-0.073801,0.996016,0,0.72000,-0.99119,43.200,-1.982,-1,325.000,-1,375.000,-1,275.000,300.000,250.000,275.000,-1,-1,-1,325.000,600.000,675.000,-1,-1,2,0,2,0,2,0,0,0,1,2,2,2,1,0,0,2,2
11,-4453.219,6407.505,121.571,131.718,-0.662738,-0.744849,-0.077315,0.747606,-0.664052,-0.010979,-0.043164,-0.065078,0.996946,0,0.72374,-0.98814,43.424,-1.976,-1,350.000,-1,375.000,-1,300.000,300.000,250.000,275.000,-1,-1,-1,325.000,625.000,675.000,-1,-1,2,0,2,0,2,0,0,0,1,2,2,2,1,0,0,2,2
12,-4481.063,6440.999,119.445,129.748,-0.637404,-0.767635,-0.066732,0.769676,-0.638382,-0.008246,-0.036271,-0.056618,0.997737,0,0.72594,-0.98507,43.556,-1.970,-1,350.000,-1,375.000,-1,300.000,300.000,250.000,275.000,-1,-1,-1,325.000,675.000,675.000,-1,-1,2,0,2,0,2,0,0,0,1,2,2,2,1,0,0,2,2
13,-4507.826,6475.534,117.288,127.784,-0.611288,-0.789401,-0.056321,0.790861,-0.611962,-0.006410,-0.029407,-0.048461,0.998392,0,0.72818,-0.98200,43.691,-1.964,-1,375.000,-1,375.000,-1,300.000,300.000,275.000,275.000,-1,-1,-1,325.000,700.000,675.000,-1,-1,2,0,2,0,2,0,0,0,1,2,2,2,1,0,0,2,2
14,-4533.563,6510.888,115.046,126.060,-0.587683,-0.807684,-0.047704,0.808763,-0.588102,-0.006198,-0.023049,-0.042223,0.998842,0,0.72884,-0.86200,43.730,-1.724,-1,375.000,-1,375.000,-1,300.000,300.000,275.000,275.000,-1,-1,-1,325.000,725.000,675.000,-1,-1,2,0,2,0,2,0,0,0,1,2,2,2,1,0,0,2,2
15,-4558.448,6547.000,112.849,124.576,-0.566912,-0.822831,-0.039481,0.823608,-0.567117,-0.006897,-0.016715,-0.036427,0.999197,0,0.73092,-0.74200,43.855,-1.484,-1,375.000,-1,375.000,-1,300.000,300.000,275.000,275.000,-1,-1,-1,325.000,775.000,675.000,-1,-1,2,0,2,0,2,0,0,0,1,2,2,2,1,0,0,2,2
16,-4582.606,6583.739,110.668,123.332,-0.549183,-0.835104,-0.031626,0.835637,-0.549221,-0.008257,-0.010474,-0.030962,0.999466,0,0.73284,-0.62200,43.970,-1.244,-1,400.000,-1,375.000,-1,300.000,300.000,300.000,275.000,-1,-1,-1,325.000,800.000,700.000,-1,-1,2,0,2,0,2,0,0,0,1,2,2,2,1,0,0,2,2
17,-4607.579,6623.204,108.377,122.328,-0.534669,-0.844728,-0.023728,0.845052,-0.534585,-0.010273,-0.004007,-0.025544,0.999666,0,0.77837,-0.50200,46.702,-1.004,-1,400.000,-1,375.000,-1,325.000,300.000,300.000,275.000,-1,-1,-1,325.000,850.000,700.000,-1,-1,2,0,2,0,2,0,0,0,1,2,2,2,1,0,0,2,2
18,-4631.965,6662.904,106.203,121.564,-0.523478,-0.851890,-0.015943,0.852037,-0.523341,-0.012133,0.001992,-0.019935,0.999799,0,0.77653,-0.38200,46.592,-0.764,-1,425.000,-1,375.000,-1,325.000,300.000,300.000,275.000,-1,-1,450.000,325.000,900.000,700.000,-1,-1,2,0,2,0,2,0,0,0,1,2,2,1,1,0,0,2,2
19,-4655.928,6702.722,105.717,121.040,-0.515676,-0.856646,-0.015321,0.856779,-0.515531,-0.012571,0.002870,-0.019609,0.999804,0,0.77454,-0.26200,46.472,-0.524,-1,425.000,-1,375.000,-1,325.000,300.000,300.000,275.000,-1,-1,500.000,325.000,925.000,700.000,-1,-1,2,0,2,0,2,0,0,0,1,2,2,1,1,0,0,2,2
20,-4679.628,6742.549,105.875,120.756,-0.511408,-0.859151,-0.017921,0.859336,-0.511255,-0.012656,0.001711,-0.021872,0.999759,0,0.77243,-0.14200,46.346,-0.284,-1,425.000,-1,375.000,-1,325.000,300.000,300.000,300.000,-1,-1,575.000,350.000,900.000,700.000,-1,-1,2,0,2,0,2,0,0,0,1,2,2,1,1,0,0,2,2
21,-4703.232,6782.282,106.167,120.712,-0.510739,-0.859513,-0.019589,0.859735,-0.510576,-0.012931,0.001113,-0.023446,0.999724,0,0.77025,-0.02200,46.215,-0.044,-1,425.000,-1,375.000,-1,325.000,300.000,300.000,300.000,-1,-1,650.000,375.000,925.000,700.000,-1,-1,2,0,2,0,2,0,0,0,0,2,2,1,1,0,0,2,2
22,-4726.902,6821.821,106.416,120.908,-0.513665,-0.857728,-0.021222,0.857991,-0.513494,-0.013282,0.000495,-0.025030,0.999687,0,0.76804,0.09800,46.082,0.196,-1,425.000,-1,375.000,-1,325.000,300.000,325.000,300.000,-1,-1,700.000,400.000,925.000,700.000,-1,-1,2,0,2,0,2,0,0,0,0,2,2,1,1,0,0,2,2
23,-4750.805,6861.065,106.602,121.344,-0.520164,-0.853759,-0.022905,0.854067,-0.519983,-0.013698,-0.000216,-0.026688,0.999644,0,0.76584,0.21800,45.951,0.436,-1,425.000,-1,375.000,-1,325.000,300.000,325.000,300.000,-1,-1,750.000,425.000,925.000,725.000,-1,-1,2,0,2,0,2,0,0,0,0,2,2,1,1,0,0,2,2
24,-4775.101,6899.916,106.720,122.020,-0.530184,-0.847525,-0.024635,0.847882,-0.529995,-0.014185,-0.001034,-0.028408,0.999596,0,0.76371,0.33800,45.822,0.676,-1,425.000,-1,375.000,-1,325.000,325.000,325.000,300.000,-1,-1,775.000,450.000,925.000,725.000,-1,-1,2,0,2,0,2,0,0,0,0,2,2,1,1,0,0,2,2
25,-4799.949,6938.271,106.764,122.936,-0.543644,-0.838900,-0.026402,0.839313,-0.543448,-0.014751,-0.001973,-0.030179,0.999543,0,0.76168,0.45800,45.701,0.916,-1,425.000,-1,375.000,-1,325.000,325.000,325.000,300.000,-1,-1,775.000,475.000,950.000,750.000,-1,-1,2,0,2,0,2,0,0,0,0,2,2,1,1,0,0,2,2
26,-4825.502,6976.024,106.732,124.092,-0.560433,-0.827719,-0.028195,0.828194,-0.560230,-0.015406,-0.003044,-0.031985,0.999484,0,0.75980,0.57800,45.588,1.156,-1,425.000,-1,375.000,-1,325.000,325.000,325.000,300.000,-1,-1,800.000,500.000,950.000,750.000,-1,-1,2,0,2,0,2,0,0,0,0,2,2,1,1,0,0,2,2
27,-4851.909,7013.061,106.650,125.488,-0.580400,-0.813773,-0.030156,0.814320,-0.580192,-0.016150,-0.004354,-0.033930,0.999415,0,0.75812,0.69800,45.487,1.396,-1,425.000,-1,400.000,-1,325.000,325.000,325.000,300.000,-1,-1,800.000,525.000,975.000,775.000,-1,-1,2,0,2,0,2,0,0,0,0,2,2,1,1,0,0,2,2
28,-4879.311,7049.259,106.663,127.124,-0.603338,-0.796804,-0.032959,0.797460,-0.603132,-0.016991,-0.006340,-0.036535,0.999312,0,0.75668,0.81800,45.401,1.636,-1,425.000,-1,400.000,-1,325.000,325.000,325.000,300.000,-1,-1,800.000,550.000,975.000,800.000,-1,-1,2,0,2,0,2,0,0,0,0,2,2,1,1,0,0,2,2
29,-4907.815,7084.507,106.568,128.960,-0.628499,-0.776989,-0.035738,0.777763,-0.628303,-0.017882,-0.008561,-0.039034,0.999201,0,0.75552,0.91840,45.331,1.837,-1,425.000,-1,400.000,-1,350.000,325.000,325.000,300.000,-1,-1,800.000,625.000,975.000,825.000,-1,-1,2,0,2,0,2,0,0,0,0,2,2,1,1,0,0,2,2
30,-4937.406,7118.783,105.748,130.803,-0.653053,-0.756350,-0.038168,0.757219,-0.652933,-0.017261,-0.011866,-0.040174,0.999122,0,0.75471,0.92134,45.282,1.843,-1,425.000,-1,400.000,-1,350.000,325.000,325.000,300.000,-1,-1,825.000,675.000,975.000,825.000,-1,-1,2,0,2,0,2,0,0,0,0,2,2,1,1,0,0,2,2
31,-4968.075,7152.073,104.779,132.652,-0.677003,-0.734856,-0.040666,0.735824,-0.676963,-0.016829,-0.015163,-0.041316,0.999031,0,0.75439,0.92442,45.263,1.849,-1,425.000,-1,400.000,-1,350.000,325.000,300.000,300.000,-1,1000.000,825.000,750.000,950.000,825.000,-1,-1,2,0,2,0,2,0,0,0,0,2,1,1,1,0,0,2,2
32,-4999.811,7184.358,103.693,134.507,-0.700317,-0.712524,-0.043195,0.713591,-0.700370,-0.016423,-0.018551,-0.042325,0.998932,0,0.75453,0.92764,45.272,1.855,-1,425.000,-1,400.000,-1,325.000,325.000,300.000,300.000,-1,1000.000,850.000,850.000,950.000,825.000,-1,-1,2,0,2,0,2,0,0,0,0,2,1,1,1,0,0,2,2
33,-5032.749,7216.030,102.509,136.122,-0.719997,-0.692466,-0.045773,0.693637,-0.720143,-0.016199,-0.021746,-0.043413,0.998821,0,0.76158,0.80764,45.695,1.615,-1,425.000,-1,400.000,-1,325.000,325.000,300.000,300.000,-1,-1,875.000,975.000,925.000,825.000,-1,-1,2,0,2,0,2,0,0,0,0,2,2,1,1,0,0,2,2
34,-5066.487,7246.945,101.242,137.498,-0.736278,-0.674948,-0.048366,0.676227,-0.736517,-0.016137,-0.024731,-0.044588,0.998699,0,0.76267,0.68764,45.760,1.375,-1,425.000,-1,400.000,-1,325.000,325.000,300.000,300.000,-1,-1,900.000,-1,925.000,850.000,-1,-1,2,0,2,0,2,0,0,0,0,2,2,1,2,0,0,2,2
35,-5100.897,7277.246,99.899,138.633,-0.749372,-0.660184,-0.050965,0.661577,-0.749702,-0.016216,-0.027503,-0.045869,0.998569,0,0.76417,0.56764,45.850,1.135,-1,425.000,-1,400.000,-1,325.000,325.000,300.000,300.000,-1,-1,925.000,-1,925.000,850.000,-1,-1,2,0,2,0,2,0,0,0,0,2,2,1,2,0,0,2,2
36,-5135.862,7307.077,98.519,139.528,-0.759455,-0.648351,-0.053562,0.649860,-0.759880,-0.016239,-0.030172,-0.047141,0.998432,0,0.76602,0.44764,45.961,0.895,-1,425.000,-1,400.000,-1,325.000,325.000,300.000,300.000,-1,-1,975.000,-1,900.000,850.000,-1,-1,2,0,2,0,2,0,0,0,0,2,2,1,2,0,0,2,2
37,-5171.374,7336.455,97.144,140.399,-0.769052,-0.636695,-0.056385,0.638316,-0.769613,-0.015759,-0.033361,-0.048111,0.998285,0,0.76815,0.43553,46.089,0.871,-1,425.000,-1,400.000,-1,325.000,325.000,300.000,300.000,-1,-1,-1,-1,875.000,850.000,-1,-1,2,0,2,0,2,0,0,0,0,2,2,2,2,0,0,2,2
38,-5207.441,7365.371,95.655,141.278,-0.778530,-0.624785,-0.059447,0.626533,-0.779243,-0.015404,-0.036699,-0.049238,0.998113,0,0.77044,0.43928,46.227,0.879,-1,425.000,-1,400.000,-1,325.000,325.000,300.000,275.000,-1,-1,-1,-1,875.000,850.000,-1,-1,2,0,2,0,2,0,0,0,0,2,2,2,2,0,0,2,2
39,-5244.066,7393.815,94.091,142.164,-0.787896,-0.612625,-0.062537,0.614504,-0.788768,-0.015137,-0.040054,-0.050356,0.997928,0,0.77289,0.44308,46.373,0.886,-1,425.000,-1,400.000,-1,325.000,325.000,300.000,300.000,-1,-1,-1,-1,850.000,850.000,-1,-1,2,0,2,0,2,0,0,0,0,2,2,2,2,0,0,2,2
40,-5281.254,7421.778,92.452,143.058,-0.797143,-0.600211,-0.065652,0.602228,-0.798184,-0.014960,-0.043423,-0.051463,0.997730,0,0.77546,0.44693,46.528,0.894,-1,400.000,-1,400.000,-1,325.000,325.000,300.000,300.000,-1,-1,-1,-1,825.000,850.000,-1,-1,2,0,2,0,2,0,0,0,0,2,2,2,2,0,0,2,2
41,-5319.008,7449.247,90.738,143.960,-0.806264,-0.587543,-0.068789,0.589702,-0.807484,-0.014877,-0.046805,-0.052560,0.997520,0,0.77816,0.45083,46.690,0.902,-1,400.000,-1,400.000,-1,325.000,325.000,300.000,300.000,-1,-1,-1,-1,800.000,850.000,-1,-1,2,0,2,0,2,0,0,0,0,2,2,2,2,0,0,2,2
42,-5357.330,7476.211,88.507,144.869,-0.815391,-0.574667,-0.069966,0.576840,-0.816732,-0.014313,-0.048918,-0.052030,0.997447,0,0.78097,0.45477,46.858,0.910,-1,400.000,-1,400.000,-1,325.000,325.000,300.000,300.000,-1,-1,-1,-1,800.000,850.000,-1,-1,2,0,2,0,2,0,0,0,0,2,2,2,2,0,0,2,2
43,-5396.223,7502.657,86.147,145.787,-0.824406,-0.561536,-0.070938,0.563707,-0.825861,-0.013711,-0.050886,-0.051292,0.997386,0,0.78388,0.45876,47.033,0.918,-1,400.000,-1,400.000,-1,325.000,325.000,300.000,300.000,-1,-1,-1,-1,800.000,875.000,-1,-1,2,0,2,0,2,0,0,0,0,2,2,2,2,0,0,2,2
44,-5435.689,7528.569,83.689,146.712,-0.833292,-0.548146,-0.071844,0.550307,-0.834860,-0.013106,-0.052796,-0.050457,0.997330,0,0.78688,0.46279,47.213,0.926,-1,400.000,-1,400.000,-1,325.000,325.000,300.000,300.000,-1,-1,-1,-1,775.000,875.000,-1,-1,2,0,2,0,2,0,0,0,0,2,2,2,2,0,0,2,2
45,-5475.728,7553.935,81.021,147.646,-0.842030,-0.534504,-0.072738,0.536622,-0.843738,-0.011969,-0.054974,-0.049110,0.997279,0,0.78996,0.46686,47.398,0.934,-1,400.000,-1,400.000,-1,325.000,325.000,300.000,300.000,-1,-1,-1,-1,775.000,875.000,-1,-1,2,0,2,0,2,0,0,0,0,2,2,2,2,0,0,2,2
46,-5516.341,7578.737,78.262,148.588,-0.850620,-0.520597,-0.073649,0.522665,-0.852469,-0.010812,-0.057155,-0.047690,0.997226,0,0.79312,0.47097,47.587,0.942,-1,400.000,-1,400.000,-1,325.000,325.000,300.000,300.000,-1,-1,-1,-1,750.000,850.000,-1,-1,2,0,2,0,2,0,0,0,0,2,2,2,2,0,0,2,2
47,-5558.712,7603.615,75.335,149.583,-0.859444,-0.505757,-0.074602,0.507768,-0.861440,-0.009634,-0.059392,-0.046160,0.997167,0,0.81891,0.49733,49.135,0.995,-1,400.000,-1,400.000,-1,325.000,325.000,300.000,300.000,-1,-1,-1,-1,750.000,850.000,-1,-1,2,0,2,0,2,0,0,0,0,2,2,2,2,0,0,2,2
48,-5601.645,7627.827,72.322,150.580,-0.868038,-0.490712,-0.075572,0.492660,-0.870180,-0.008474,-0.061603,-0.044587,0.997104,0,0.82149,0.49898,49.290,0.998,1000.000,400.000,-1,400.000,-1,325.000,325.000,300.000,300.000,-1,-1,-1,-1,725.000,825.000,-1,-1,1,0,2,0,2,0,0,0,0,2,2,2,2,0,0,2,2
49,-5645.133,7651.359,69.223,151.582,-0.876397,-0.475465,-0.076555,0.477347,-0.878685,-0.007330,-0.063782,-0.042967,0.997038,0,0.82411,0.50061,49.446,1.001,950.000,400.000,-1,400.000,-1,325.000,325.000,300.000,300.000,-1,-1,-1,-1,725.000,800.000,975.000,-1,1,0,2,0,2,0,0,0,0,2,2,2,2,0,0,1,2
50,-5689.167,7674.198,66.043,152.586,-0.884515,-0.460021,-0.077545,0.461829,-0.886947,-0.006202,-0.065925,-0.041298,0.996970,0,0.82674,0.50224,49.605,1.004,900.000,400.000,-1,400.000,-1,325.000,325.000,300.000,300.000,-1,-1,-1,-1,725.000,800.000,925.000,-1,1,0,2,0,2,0,0,0,0,2,2,2,2,0,0,1,2
51,-5733.738,7696.331,62.782,153.594,-0.892388,-0.444382,-0.078541,0.446112,-0.894962,-0.005091,-0.068029,-0.039581,0.996898,0,0.82940,0.50385,49.764,1.008,875.000,375.000,-1,400.000,-1,325.000,325.000,300.000,300.000,-1,-1,-1,-1,700.000,775.000,875.000,-1,1,0,2,0,2,0,0,0,0,2,2,2,2,0,0,1,2
52,-5778.839,7717.742,59.369,154.605,-0.900018,-0.428548,-0.079458,0.430217,-0.902715,-0.004361,-0.069858,-0.038109,0.996829,0,0.83209,0.50545,49.925,1.011,825.000,375.000,-1,400.000,-1,325.000,325.000,300.000,300.000,-1,-1,-1,-1,700.000,775.000,825.000,-1,1,0,2,0,2,0,0,0,0,2,2,2,2,0,0,1,2
53,-5824.460,7738.420,55.862,155.619,-0.907397,-0.412527,-0.080322,0.414136,-0.910208,-0.003742,-0.071566,-0.036660,0.996762,0,0.83480,0.50705,50.088,1.014,775.000,375.000,1000.000,400.000,-1,325.000,325.000,300.000,300.000,-1,-1,-1,-1,675.000,750.000,775.000,-1,1,0,1,0,2,0,0,0,0,2,2,2,2,0,0,1,2
54,-5870.590,7758.349,52.558,156.636,-0.914622,-0.396339,-0.079885,0.397789,-0.917474,-0.002452,-0.072320,-0.034020,0.996801,0,0.83753,0.50864,50.252,1.017,750.000,375.000,950.000,400.000,-1,300.000,325.000,300.000,300.000,-1,-1,-1,-1,675.000,750.000,750.000,-1,1,0,1,0,2,0,0,0,0,2,2,2,2,0,0,1,2
55,-5917.221,7777.516,49.185,157.657,-0.921582,-0.379970,-0.079434,0.381257,-0.924469,-0.001122,-0.073008,-0.031318,0.996840,0,0.84027,0.51023,50.416,1.020,700.000,375.000,875.000,375.000,-1,300.000,325.000,300.000,300.000,-1,-1,-1,-1,675.000,725.000,700.000,-1,1,0,1,0,2,0,0,0,0,2,2,2,2,1,0,1,2
56,-5964.341,7795.908,45.740,158.680,-0.928272,-0.363424,-0.078954,0.364543,-0.931187,0.000259,-0.073615,-0.028542,0.996878,0,0.84303,0.51183,50.582,1.024,650.000,375.000,800.000,375.000,-1,300.000,300.000,300.000,300.000,-1,-1,-1,-1,625.000,725.000,650.000,-1,1,0,1,0,2,0,0,0,0,2,2,2,2,1,0,1,2
57,-6011.939,7813.510,42.110,159.707,-0.934727,-0.346708,-0.077965,0.347622,-0.937633,0.001963,-0.073783,-0.025268,0.996954,0,0.84581,0.51343,50.749,1.027,625.000,375.000,750.000,375.000,-1,300.000,300.000,300.000,300.000,-1,-1,-1,-1,575.000,725.000,600.000,-1,1,0,1,0,2,0,0,0,0,2,2,2,2,1,0,1,2
58,-6060.004,7830.308,38.875,160.737,-0.940963,-0.329809,-0.076251,0.330652,-0.943751,0.001660,-0.072509,-0.023651,0.997087,0,0.84860,0.51504,50.916,1.030,575.000,375.000,700.000,375.000,-1,300.000,300.000,300.000,300.000,-1,-1,-1,-1,550.000,725.000,575.000,-1,1,0,1,0,2,0,0,0,0,2,2,2,2,1,1,1,2
59,-6108.523,7846.288,35.585,161.771,-0.946914,-0.312748,-0.074451,0.313517,-0.949581,0.001413,-0.071139,-0.022004,0.997224,0,0.85139,0.51666,51.083,1.033,525.000,375.000,650.000,375.000,-1,300.000,300.000,300.000,300.000,-1,-1,-1,-1,500.000,675.000,525.000,925.000,1,0,1,0,2,0,0,0,0,2,2,2,2,1,1,1,1
60,-6157.484,7861.438,32.241,162.807,-0.952574,-0.295528,-0.072569,0.296223,-0.955118,0.001226,-0.069674,-0.020329,0.997363,0,0.85419,0.51831,51.251,1.037,475.000,375.000,600.000,375.000,-1,300.000,325.000,300.000,325.000,-1,-1,-1,-1,475.000,625.000,475.000,825.000,1,0,1,0,2,0,0,0,0,2,2,2,2,1,1,1,1
61,-6211.255,7877.261,28.522,163.604,-0.956757,-0.282228,-0.070452,0.282852,-0.959163,0.001159,-0.067902,-0.018819,0.997514,0,0.93419,0.39831,56.051,0.797,450.000,375.000,525.000,375.000,-1,300.000,325.000,300.000,325.000,-1,-1,-1,-1,425.000,550.000,425.000,725.000,1,1,1,0,2,0,0,0,0,2,2,2,2,1,1,1,1
62,-6268.187,7893.414,24.534,164.160,-0.959622,-0.272903,-0.068184,0.273460,-0.961883,0.001218,-0.065918,-0.017477,0.997672,0,0.98633,0.27831,59.180,0.557,375.000,325.000,475.000,400.000,-1,300.000,325.000,300.000,325.000,-1,-1,-1,-1,375.000,500.000,375.000,650.000,1,1,1,0,2,0,0,0,0,2,2,2,2,1,1,1,1
63,-6325.456,7909.321,20.492,164.477,-0.961280,-0.267589,-0.065854,0.268089,-0.963393,0.001290,-0.063789,-0.016415,0.997828,0,0.99062,0.15831,59.437,0.317,325.000,300.000,425.000,375.000,-1,300.000,325.000,300.000,325.000,-1,-1,-1,-1,325.000,450.000,325.000,575.000,1,1,1,1,2,1,1,0,0,2,2,2,2,1,1,1,1
64,-6382.994,7925.220,16.404,164.554,-0.961797,-0.266303,-0.063480,0.266758,-0.963762,0.001353,-0.061540,-0.015632,0.997982,0,0.99492,0.03831,59.695,0.077,275.000,250.000,350.000,325.000,-1,250.000,275.000,300.000,325.000,-1,-1,675.000,-1,275.000,375.000,250.000,500.000,1,1,1,1,2,1,1,0,0,2,2,0,2,1,1,1,1
65,-6440.736,7941.353,12.276,164.390,-0.961187,-0.269053,-0.061072,0.269474,-0.963007,0.001377,-0.059183,-0.015134,0.998132,0,0.99922,-0.08169,59.953,-0.163,200.000,200.000,300.000,275.000,-1,200.000,225.000,300.000,325.000,-1,600.000,500.000,-1,225.000,325.000,200.000,425.000,1,1,1,1,2,1,1,0,0,2,0,0,2,1,1,1,1
66,-6498.408,7957.905,8.345,163.987,-0.959389,-0.275830,-0.059088,0.276177,-0.961104,0.002375,-0.057444,-0.014040,0.998250,0,1.00000,-0.20169,60.000,-0.403,150.000,175.000,250.000,225.000,-1,150.000,200.000,300.000,325.000,-1,550.000,450.000,-1,175.000,275.000,150.000,375.000,1,1,1,1,2,1,1,0,0,2,0,0,2,1,1,1,1
67,-6555.887,7975.100,15.412,163.344,-0.958025,-0.286485,-0.010650,0.285934,-0.957546,0.036711,-0.020715,0.032125,0.999269,0,1.00000,-0.32169,60.000,-0.643,150.000,150.000,225.000,200.000,-1,150.000,175.000,425.000,275.000,-1,275.000,150.000,750.000,175.000,250.000,125.000,350.000,1,1,1,1,2,1,1,0,0,2,0,0,0,1,1,1,1
68,-6613.109,7993.145,23.106,162.460,-0.952909,-0.300385,0.041627,0.302716,-0.950392,0.071543,0.018072,0.080775,0.996569,0,1.00000,-0.44169,60.000,-0.883,125.000,150.000,200.000,200.000,-1,125.000,150.000,575.000,250.000,-1,200.000,75.000,400.000,150.000,225.000,125.000,325.000,1,1,1,1,2,1,1,1,0,2,0,0,0,1,1,1,1
69,-9511.017,6887.289,-29.241,13.157,0.973597,-0.227617,-0.017288,0.227461,0.973730,-0.010508,0.019225,0.006298,0.999795,1,0.00000,0.00000,60.000,-1.123,775.000,400.000,850.000,425.000,-1,325.000,350.000,275.000,275.000,-1,-1,-1,-1,550.000,825.000,650.000,-1,1,0,1,0,2,0,0,0,0,2,2,2,2,1,0,1,2
70,-9506.338,6888.362,-29.154,12.917,0.974546,-0.223536,-0.017072,0.223382,0.974675,-0.010482,0.018983,0.006402,0.999799,0,0.08000,-0.12000,4.800,-0.240,750.000,400.000,850.000,425.000,-1,325.000,350.000,275.000,275.000,-1,-1,-1,-1,550.000,825.000,625.000,-1,1,0,1,0,2,0,0,0,0,2,2,2,2,1,0,1,2
71,-9496.963,6890.429,-28.981,12.437,0.976392,-0.215363,-0.016642,0.215211,0.976512,-0.010429,0.018497,0.006601,0.999807,0,0.16000,-0.24000,9.600,-0.480,725.000,400.000,850.000,425.000,-1,325.000,350.000,275.000,275.000,-1,-1,-1,-1,550.000,825.000,625.000,-1,1,0,1,0,2,0,1,0,0,2,2,2,2,1,0,1,2
72,-9482.873,6893.397,-28.725,11.893,0.978404,-0.206079,-0.016003,0.205933,0.978511,-0.010360,0.017794,0.006841,0.999818,0,0.24000,-0.27205,14.400,-0.544,700.000,400.000,850.000,425.000,-1,325.000,350.000,275.000,275.000,-1,-1,-1,-1,525.000,825.000,600.000,-1,1,0,1,0,2,0,1,0,0,2,2,2,2,1,0,1,2
73,-9464.048,6897.174,-28.387,11.346,0.980340,-0.196735,-0.015155,0.196594,0.980431,-0.010278,0.016880,0.007096,0.999832,0,0.32000,-0.27330,19.200,-0.547,675.000,400.000,850.000,425.000,-1,325.000,350.000,275.000,275.000,-1,-1,-1,-1,500.000,825.000,575.000,-1,1,1,1,0,2,0,1,0,0,2,2,2,2,1,0,1,2
74,-9440.473,6901.670,-27.968,10.796,0.982199,-0.187315,-0.014097,0.187183,0.982272,-0.010177,0.015754,0.007357,0.999849,0,0.40000,-0.27497,24.000,-0.550,625.000,375.000,850.000,425.000,-1,325.000,325.000,275.000,275.000,-1,-1,-1,-1,500.000,800.000,550.000,-1,1,1,1,0,2,1,1,0,0,2,2,2,2,1,0,1,2
75,-9412.132,6906.791,-27.469,10.242,0.983982,-0.177806,-0.012828,0.177685,0.984036,-0.010056,0.014411,0.007616,0.999867,0,0.48000,-0.27707,28.800,-0.554,575.000,375.000,825.000,400.000,-1,325.000,325.000,275.000,275.000,-1,-1,-1,-1,475.000,800.000,500.000,-1,1,1,1,0,2,1,1,0,0,2,2,2,2,1,0,1,2
76,-9379.000,6912.383,-26.889,9.580,0.985991,-0.166412,-0.011344,0.166304,0.986025,-0.009909,0.012834,0.007884,0.999887,0,0.56000,-0.33135,33.600,-0.663,525.000,350.000,825.000,400.000,-1,300.000,325.000,275.000,275.000,-1,-1,-1,-1,450.000,800.000,475.000,-1,1,1,1,0,2,1,1,0,0,2,2,2,2,1,0,1,2
77,-9341.065,6918.337,-26.232,8.921,0.987858,-0.155062,-0.009645,0.154970,0.987871,-0.009734,0.011037,0.008121,0.999906,0,0.64000,-0.32943,38.400,-0.659,475.000,325.000,800.000,400.000,-1,300.000,325.000,275.000,275.000,-1,-1,-1,-1,400.000,775.000,425.000,-1,1,1,1,0,2,1,1,0,0,2,2,2,2,1,0,1,2
78,-9307.794,6923.026,-25.650,8.022,0.990182,-0.139546,-0.008158,0.139467,0.990180,-0.009597,0.009417,0.008365,0.999921,0,0.56000,-0.44943,33.600,-0.899,425.000,300.000,800.000,400.000,-1,275.000,325.000,275.000,275.000,-1,-1,-1,-1,400.000,775.000,375.000,-1,1,1,1,0,2,1,1,0,0,2,2,2,2,1,0,1,2
79,-9277.004,6926.743,-25.104,6.883,0.992770,-0.119838,-0.006796,0.119771,0.992756,-0.009500,0.007885,0.008617,0.999932,0,0.51689,-0.56943,31.013,-1.139,375.000,300.000,925.000,400.000,-1,275.000,325.000,275.000,275.000,-1,-1,-1,-1,375.000,775.000,350.000,-1,1,1,1,0,2,1,1,0,0,2,2,2,2,1,0,1,2
80,-9246.064,6929.724,-24.547,5.504,0.995375,-0.095914,-0.005451,0.095860,0.995350,-0.009435,0.006330,0.008869,0.999941,0,0.51806,-0.68943,31.083,-1.379,325.000,275.000,-1,400.000,-1,250.000,325.000,275.000,275.000,-1,-1,-1,-1,350.000,750.000,300.000,-1,1,1,2,0,2,1,1,0,0,2,2,2,2,1,0,1,2
81,-9215.002,6931.877,-23.980,3.964,0.997599,-0.069126,-0.004132,0.069084,0.997567,-0.009402,0.004771,0.009094,0.999947,0,0.51894,-0.77010,31.136,-1.540,275.000,275.000,-1,400.000,-1,250.000,325.000,300.000,275.000,-1,-1,-1,-1,325.000,750.000,275.000,-1,1,1,2,0,2,1,1,0,0,2,2,2,2,1,0,1,2
82,-9183.858,6933.199,-23.500,2.431,0.999095,-0.042417,-0.003043,0.042386,0.999054,-0.009715,0.003452,0.009577,0.999948,0,0.51952,-0.76637,31.171,-1.533,250.000,250.000,-1,400.000,-1,250.000,325.000,300.000,275.000,-1,-1,-1,-1,325.000,725.000,225.000,-1,1,1,2,0,2,1,0,0,0,2,2,2,2,1,0,1,2
83,-9152.670,6933.694,-21.333,0.906,0.999830,-0.015815,-0.009468,0.015648,0.999724,-0.017520,0.009742,0.017369,0.999802,0,0.51987,-0.76243,31.192,-1.525,225.000,250.000,-1,400.000,-1,250.000,350.000,300.000,275.000,975.000,-1,-1,-1,325.000,750.000,225.000,-1,1,1,2,0,2,1,0,0,0,1,2,2,2,1,0,1,2
84,-9121.474,6933.366,-18.021,-0.610,0.999735,0.010645,-0.020413,-0.011247,0.999499,-0.029593,0.020088,0.029814,0.999354,0,0.51995,-0.75827,31.197,-1.517,200.000,275.000,-1,425.000,-1,275.000,375.000,350.000,275.000,1000.000,-1,-1,-1,350.000,800.000,200.000,-1,1,1,2,0,2,1,0,0,0,1,2,2,2,1,0,1,2
85,-9090.310,6932.221,-14.954,-2.118,0.998830,0.036926,-0.031229,-0.038165,0.998468,-0.040056,0.029702,0.041201,0.998709,0,0.51975,-0.75389,31.185,-1.508,200.000,275.000,-1,450.000,-1,300.000,375.000,375.000,275.000,1000.000,-1,-1,-1,375.000,825.000,200.000,-1,1,1,2,0,2,1,0,0,0,1,2,2,2,1,0,1,2
86,-9059.216,6930.263,-12.158,-3.617,0.997142,0.062996,-0.041700,-0.065009,0.996689,-0.048842,0.038485,0.051413,0.997936,0,0.51924,-0.74928,31.154,-1.499,200.000,300.000,-1,450.000,-1,325.000,400.000,400.000,250.000,-1,-1,-1,-1,400.000,875.000,200.000,-1,1,1,2,0,2,1,0,0,0,2,2,2,2,1,0,1,2
87,-9028.233,6927.503,-9.660,-5.105,0.994709,0.088828,-0.051611,-0.091684,0.994217,-0.055907,0.046346,0.060343,0.997101,0,0.51841,-0.74446,31.104,-1.489,175.000,325.000,-1,475.000,-1,375.000,425.000,450.000,250.000,-1,550.000,425.000,950.000,425.000,900.000,200.000,-1,1,1,2,0,2,1,0,0,0,2,0,0,0,1,0,1,2
88,-8997.401,6923.952,-7.485,-6.584,0.991576,0.114401,-0.060748,-0.118099,0.991112,-0.061229,0.053203,0.067888,0.996273,0,0.51723,-0.73943,31.034,-1.479,175.000,350.000,-1,475.000,-1,425.000,425.000,475.000,250.000,-1,375.000,250.000,850.000,475.000,925.000,200.000,-1,1,1,2,0,2,1,0,0,0,2,0,0,0,1,0,1,2
89,-8966.762,6919.625,-5.654,-8.053,0.987794,0.139701,-0.068903,-0.144170,0.987428,-0.064810,0.058983,0.073953,0.995516,0,0.51569,-0.73419,30.942,-1.468,175.000,375.000,-1,500.000,-1,475.000,450.000,425.000,250.000,-1,275.000,200.000,750.000,550.000,975.000,200.000,-1,1,1,2,0,2,1,0,1,0,2,0,0,0,1,0,1,2
90,-8936.356,6914.537,-4.185,-9.510,0.983418,0.164714,-0.075877,-0.169825,0.983216,-0.066674,0.063621,0.078454,0.994886,0,0.51378,-0.72875,30.827,-1.458,175.000,400.000,-1,500.000,-1,500.000,450.000,375.000,250.000,-1,250.000,175.000,675.000,675.000,975.000,225.000,-1,1,1,2,0,2,0,0,1,0,2,0,0,0,1,0,1,2
91,-8906.224,6908.708,-3.097,-10.956,0.978507,0.189434,-0.081479,-0.195005,0.978520,-0.066866,0.067062,0.081318,0.994430,0,0.51148,-0.72313,30.689,-1.446,175.000,450.000,-1,500.000,-1,500.000,450.000,325.000,250.000,-1,250.000,150.000,625.000,825.000,1000.000,225.000,-1,1,1,2,0,2,0,0,1,0,2,0,0,0,1,0,1,2
92,-8876.405,6902.158,-2.403,-12.391,0.973114,0.213854,-0.085533,-0.219665,0.973377,-0.065453,0.069258,0.082482,0.994183,0,0.50879,-0.71735,30.528,-1.435,150.000,500.000,-1,525.000,-1,500.000,450.000,275.000,250.000,-1,225.000,150.000,600.000,975.000,1000.000,250.000,-1,1,1,2,0,2,0,0,1,0,2,0,0,0,1,1,1,2
93,-8842.065,6893.860,-1.827,-13.586,0.968160,0.234096,-0.088686,-0.240041,0.968683,-0.063510,0.071041,0.082776,0.994033,0,0.58879,-0.59735,35.328,-1.195,150.000,550.000,-1,525.000,-1,525.000,475.000,225.000,250.000,-1,225.000,150.000,600.000,-1,-1,275.000,-1,1,1,2,0,2,0,0,1,0,2,0,0,0,2,2,1,2
94,-8803.221,6883.784,-1.407,-14.541,0.963931,0.250220,-0.090706,-0.256159,0.964711,-0.060960,0.072252,0.081996,0.994010,0,0.66879,-0.47735,40.128,-0.955,150.000,625.000,-1,525.000,-1,500.000,475.000,200.000,250.000,-1,225.000,150.000,575.000,-1,-1,300.000,-1,1,1,2,0,2,0,0,1,0,2,0,0,0,2,2,1,2
95,-8759.877,6871.960,-1.177,-15.255,0.960656,0.262277,-0.091380,-0.268047,0.961674,-0.057734,0.072736,0.079957,0.994141,0,0.74879,-0.35735,44.928,-0.715,150.000,675.000,-1,525.000,-1,500.000,450.000,175.000,250.000,-1,225.000,150.000,575.000,-1,-1,-1,-1,1,1,2,0,2,0,0,1,0,2,0,0,0,2,2,2,2
96,-8712.012,6858.475,-1.165,-15.730,0.958507,0.270309,-0.090541,-0.275733,0.959729,-0.053774,0.072359,0.076508,0.994440,0,0.82879,-0.23735,49.728,-0.475,150.000,700.000,-1,500.000,-1,500.000,450.000,150.000,250.000,-1,225.000,150.000,600.000,-1,-1,-1,-1,1,1,2,0,2,0,0,1,0,2,0,0,0,2,2,2,2
97,983.902,5575.421,-11.389,-111.813,-0.370348,0.927884,0.043282,-0.928300,-0.371374,0.018434,0.033178,-0.033351,0.998893,1,0.00000,0.00000,54.528,-0.235,-1,375.000,925.000,350.000,-1,300.000,300.000,325.000,325.000,550.000,250.000,325.000,-1,625.000,575.000,-1,-1,2,1,1,0,2,0,0,0,0,1,0,0,2,1,1,2,2
98,982.137,5570.957,-11.233,-111.573,-0.366436,0.929422,0.043587,-0.929843,-0.367480,0.018706,0.033403,-0.033675,0.998874,0,0.08000,0.12000,4.800,0.240,-1,375.000,925.000,350.000,-1,300.000,300.000,325.000,325.000,550.000,250.000,325.000,-1,625.000,575.000,-1,-1,2,1,1,0,2,0,0,0,0,1,0,0,2,1,1,2,2
99,978.680,5562.001,-10.923,-111.105,-0.358795,0.932369,0.044198,-0.932802,-0.359874,0.019247,0.033851,-0.034323,0.998837,0,0.16000,0.23381,9.600,0.468,-1,375.000,925.000,350.000,-1,300.000,300.000,325.000,325.000,550.000,250.000,325.000,-1,625.000,575.000,-1,-1,2,1,1,0,2,0,0,0,0,1,0,0,2,1,1,2,2
100,973.605,5548.525,-10.451,-110.639,-0.351125,0.935241,0.045124,-0.935688,-0.352260,0.020048,0.034645,-0.035183,0.998780,0,0.24000,0.23327,14.400,0.467,-1,375.000,925.000,350.000,-1,300.000,300.000,325.000,325.000,550.000,250.000,325.000,-1,625.000,550.000,-1,-1,2,1,1,0,2,0,0,0,0,1,0,0,2,1,1,2,2
101,966.984,5530.503,-9.813,-110.174,-0.343427,0.938034,0.046365,-0.938498,-0.344639,0.021104,0.035775,-0.036266,0.998702,0,0.32000,0.23266,19.200,0.465,-1,375.000,925.000,350.000,-1,300.000,300.000,325.000,325.000,575.000,250.000,325.000,-1,625.000,550.000,-1,-1,2,1,1,0,2,0,0,0,0,1,0,0,2,1,1,2,2
102,958.890,5507.909,-9.000,-109.710,-0.335702,0.940748,0.047920,-0.941232,-0.337016,0.022410,0.037232,-0.037581,0.998600,0,0.40000,0.23197,24.000,0.464,-1,375.000,900.000,350.000,-1,300.000,300.000,325.000,325.000,575.000,250.000,325.000,-1,625.000,525.000,-1,-1,2,1,1,0,2,0,0,0,0,1,0,0,2,1,1,2,2
103,949.396,5480.718,-8.003,-109.247,-0.327953,0.943381,0.049791,-0.943888,-0.329394,0.023962,0.039006,-0.039139,0.998472,0,0.48000,0.23117,28.800,0.462,-1,375.000,900.000,350.000,-1,300.000,300.000,325.000,325.000,600.000,250.000,300.000,-1,625.000,525.000,-1,-1,2,1,1,0,2,1,0,0,0,1,0,0,2,1,1,2,2
104,938.576,5448.908,-6.809,-108.787,-0.320182,0.945929,0.051979,-0.946465,-0.321778,0.025752,0.041085,-0.040951,0.998316,0,0.56000,0.23025,33.600,0.461,-1,375.000,875.000,350.000,-1,300.000,300.000,325.000,325.000,625.000,225.000,300.000,-1,625.000,500.000,-1,-1,2,1,1,1,2,1,1,0,0,1,0,0,2,1,1,2,2
105,926.501,5412.456,-5.404,-108.328,-0.312390,0.948390,0.054484,-0.948959,-0.314173,0.027774,0.043458,-0.043027,0.998128,0,0.64000,0.22919,38.400,0.458,-1,350.000,850.000,350.000,-1,300.000,300.000,325.000,325.000,650.000,225.000,300.000,-1,625.000,475.000,-1,-1,2,1,1,1,2,1,1,0,0,1,0,0,2,1,1,2,2
106,913.244,5371.340,-3.773,-107.873,-0.304580,0.950761,0.057308,-0.951370,-0.306585,0.030023,0.046114,-0.045377,0.997905,0,0.72000,0.22795,43.200,0.456,-1,350.000,825.000,325.000,-1,275.000,275.000,325.000,325.000,675.000,225.000,275.000,-1,600.000,450.000,-1,500.000,2,1,1,1,2,1,1,0,0,1,0,0,2,1,1,2,1
107,898.875,5325.541,-1.746,-107.420,-0.296815,0.953066,0.059721,-0.953700,-0.299030,0.032207,0.048553,-0.047396,0.997695,0,0.80000,0.22651,48.000,0.453,1000.000,350.000,-1,300.000,-1,275.000,275.000,325.000,325.000,700.000,225.000,300.000,-1,600.000,425.000,-1,475.000,1,1,2,1,2,1,1,0,0,1,0,0,2,1,1,2,1
108,883.464,5275.040,0.893,-106.970,-0.289098,0.955343,0.061179,-0.955911,-0.291529,0.035284,0.051544,-0.048281,0.997503,0,0.88000,0.22482,52.800,0.450,975.000,350.000,-1,300.000,-1,275.000,250.000,325.000,325.000,725.000,225.000,300.000,-1,600.000,400.000,-1,425.000,1,1,2,1,2,1,1,0,0,1,0,0,2,1,1,2,1
109,867.081,5219.818,3.952,-106.524,-0.281404,0.957552,0.062494,-0.958008,-0.284081,0.038972,0.055071,-0.048903,0.997284,0,0.96000,0.22282,57.600,0.446,950.000,325.000,-1,275.000,-1,275.000,250.000,325.000,325.000,775.000,250.000,300.000,-1,575.000,375.000,-1,350.000,1,1,2,1,2,1,1,0,0,1,0,0,2,1,1,2,1
110,850.459,5162.166,7.520,-106.083,-0.273719,0.959619,0.064876,-0.960046,-0.276678,0.041958,0.058213,-0.050799,0.997011,0,1.00000,0.22047,60.000,0.441,925.000,325.000,-1,250.000,-1,250.000,225.000,325.000,325.000,825.000,250.000,300.000,-1,575.000,350.000,-1,300.000,1,1,2,1,2,1,1,0,1,1,0,0,2,1,1,2,1
111,834.838,5107.245,13.769,-105.882,-0.268855,0.959926,0.079112,-0.960726,-0.273124,0.049086,0.068726,-0.062808,0.995656,0,0.95162,0.10047,57.097,0.201,900.000,325.000,-1,250.000,-1,250.000,225.000,325.000,525.000,825.000,225.000,300.000,-1,625.000,350.000,-1,300.000,1,1,2,1,2,1,1,0,1,1,0,0,2,1,1,2,1
112,819.124,5052.134,20.225,-105.921,-0.267677,0.958925,0.093870,-0.960211,-0.273546,0.056283,0.079649,-0.075069,0.993992,0,0.95510,-0.01953,57.306,-0.039,900.000,325.000,-1,250.000,-1,250.000,225.000,325.000,775.000,825.000,175.000,300.000,-1,700.000,350.000,-1,275.000,1,1,2,1,2,1,1,0,1,1,0,0,2,1,1,2,1
113,803.082,4996.900,27.268,-106.201,-0.270148,0.956721,0.108193,-0.958395,-0.277963,0.064932,0.092196,-0.086150,0.992007,0,0.95857,-0.13953,57.514,-0.279,925.000,325.000,-1,250.000,-1,250.000,225.000,300.000,-1,850.000,150.000,275.000,-1,825.000,350.000,-1,275.000,1,1,2,1,2,1,1,0,2,1,0,0,2,1,1,2,1
114,786.480,4941.611,34.971,-106.720,-0.276204,0.953310,0.122114,-0.955174,-0.286363,0.075093,0.106556,-0.095899,0.989671,0,0.96205,-0.25953,57.723,-0.519,975.000,350.000,-1,250.000,-1,250.000,225.000,300.000,-1,750.000,100.000,225.000,-1,1000.000,350.000,-1,275.000,1,1,2,1,2,1,1,0,2,0,0,0,2,1,1,2,1
115,769.196,4886.311,43.254,-107.361,-0.283799,0.949157,0.136230,-0.951054,-0.296745,0.086244,0.122285,-0.105086,0.986916,0,0.96556,-0.32086,57.934,-0.642,-1,350.000,-1,250.000,-1,250.000,225.000,300.000,-1,650.000,75.000,200.000,-1,-1,350.000,-1,275.000,2,1,2,1,2,1,1,0,2,0,0,0,2,2,1,2,1
116,751.224,4831.009,52.144,-108.008,-0.290893,0.944814,0.150693,-0.946565,-0.307129,0.098420,0.139271,-0.114012,0.983669,0,0.96904,-0.32318,58.143,-0.646,-1,425.000,-1,250.000,-1,250.000,225.000,300.000,-1,575.000,75.000,175.000,-1,-1,350.000,-1,-1,2,1,2,1,2,1,1,0,2,0,0,0,2,2,1,2,2
117,732.558,4775.724,61.665,-108.659,-0.297443,0.940283,0.165517,-0.941656,-0.317527,0.111627,0.157517,-0.122658,0.979869,0,0.97240,-0.32587,58.344,-0.652,-1,500.000,-1,250.000,-1,275.000,225.000,300.000,-1,500.000,50.000,150.000,-1,-1,-1,-1,-1,2,1,2,1,2,1,1,0,2,0,0,0,2,2,2,2,2
118,7542.711,-4263.300,-388.937,63.189,0.440269,-0.849555,0.290550,0.897129,0.429350,-0.104016,-0.036380,0.306456,0.951190,1,0.00000,0.00000,58.534,-0.658,650.000,700.000,-1,-1,0.000,775.000,-1,0.000,0.000,0.000,-1,-1,-1,925.000,-1,900.000,0.000,1,1,2,2,1,1,2,1,1,1,2,2,2,1,2,1,1
119,9507.420,8858.265,5.982,138.519,-0.748935,-0.662334,-0.020266,0.661636,-0.749132,0.032240,-0.036535,0.010737,0.999275,1,0.08000,-0.12000,4.800,-0.240,-1,400.000,-1,400.000,-1,325.000,325.000,300.000,300.000,-1,-1,-1,-1,775.000,850.000,-1,-1,2,0,2,0,2,0,0,0,0,2,2,2,2,0,0,2,2
120,9500.281,8864.684,5.613,138.039,-0.743351,-0.668589,-0.020459,0.667884,-0.743559,0.032421,-0.036888,0.010436,0.999265,0,0.16000,-0.24000,9.600,-0.480,-1,400.000,-1,400.000,-1,325.000,325.000,300.000,300.000,-1,-1,-1,-1,775.000,850.000,-1,-1,2,0,2,0,2,0,0,0,0,2,2,2,2,0,0,2,2
121,9489.695,8874.446,5.055,137.319,-0.734877,-0.677883,-0.020751,0.677167,-0.735102,0.032695,-0.037417,0.009975,0.999250,0,0.24000,-0.36000,14.400,-0.720,-1,400.000,-1,400.000,-1,325.000,325.000,300.000,300.000,-1,-1,-1,-1,775.000,825.000,-1,-1,2,0,2,0,2,0,0,0,0,2,2,2,2,0,0,2,2
122,9475.801,8887.697,4.301,136.359,-0.723397,-0.690108,-0.021147,0.689379,-0.723646,0.033064,-0.038121,0.009340,0.999229,0,0.32000,-0.48000,19.200,-0.960,-1,400.000,-1,400.000,-1,325.000,325.000,300.000,300.000,-1,-1,-1,-1,775.000,825.000,-1,-1,2,0,2,0,2,0,0,0,0,2,2,2,2,0,0,2,2
123,9458.746,8904.584,3.363,135.283,-0.710289,-0.703577,-0.021639,0.702828,-0.710566,0.033605,-0.039019,0.008661,0.999201,0,0.40000,-0.53791,24.000,-1.076,-1,400.000,-1,400.000,-1,325.000,325.000,300.000,300.000,-1,-1,-1,-1,775.000,825.000,-1,-1,2,0,2,0,2,0,0,0,0,2,2,2,2,0,0,2,2
124,9438.665,8925.228,2.201,134.209,-0.696950,-0.716779,-0.022087,0.716003,-0.697253,0.034316,-0.039997,0.008102,0.999167,0,0.48000,-0.53715,28.800,-1.074,-1,400.000,-1,400.000,-1,325.000,325.000,300.000,300.000,-1,-1,-1,-1,775.000,825.000,-1,-1,2,0,2,0,2,0,0,0,0,2,2,2,2,0,0,2,2
125,9415.691,8949.747,0.813,133.136,-0.683387,-0.729707,-0.022575,0.728900,-0.683718,0.035130,-0.041070,0.007553,0.999128,0,0.56000,-0.53624,33.600,-1.072,-1,400.000,-1,400.000,-1,325.000,325.000,300.000,300.000,-1,-1,-1,-1,775.000,825.000,-1,-1,2,0,2,0,2,0,0,0,0,2,2,2,2,0,0,2,2
126,9389.964,8978.254,-0.809,132.066,-0.669607,-0.742355,-0.023126,0.741513,-0.669970,0.036039,-0.042247,0.006984,0.999083,0,0.64000,-0.53518,38.400,-1.070,-1,400.000,-1,400.000,-1,325.000,325.000,300.000,300.000,-1,-1,-1,-1,775.000,825.000,-1,-1,2,0,2,0,2,0,0,0,0,2,2,2,2,0,0,2,2
127,9361.623,9010.858,-2.678,130.998,-0.655622,-0.754716,-0.023745,0.753834,-0.656021,0.037034,-0.043528,0.006381,0.999032,0,0.72000,-0.53396,43.200,-1.068,-1,400.000,-1,400.000,-1,325.000,325.000,300.000,300.000,-1,-1,-1,-1,775.000,825.000,-1,-1,2,0,2,0,2,0,0,0,0,2,2,2,2,0,0,2,2
128,9330.812,9047.665,-4.805,129.933,-0.641441,-0.766783,-0.024439,0.765857,-0.641881,0.038111,-0.044909,0.005729,0.998975,0,0.80000,-0.53256,48.000,-1.065,-1,400.000,-1,400.000,-1,325.000,325.000,300.000,300.000,-1,-1,-1,-1,775.000,800.000,-1,-1,2,0,2,0,2,0,0,0,0,2,2,2,2,0,0,2,2
129,9298.061,9088.296,-7.177,128.871,-0.627076,-0.778550,-0.025205,0.777577,-0.627562,0.039248,-0.046374,0.005012,0.998912,0,0.86979,-0.53097,52.187,-1.062,-1,400.000,-1,400.000,-1,325.000,325.000,300.000,300.000,-1,-1,-1,-1,750.000,800.000,-1,-1,2,0,2,0,2,0,0,0,0,2,2,2,2,0,0,2,2
130,9266.064,9129.528,-9.625,127.813,-0.612543,-0.790012,-0.025935,0.788987,-0.613076,0.040459,-0.047863,0.004321,0.998845,0,0.86985,-0.52919,52.191,-1.058,-1,400.000,-1,400.000,-1,325.000,325.000,300.000,300.000,-1,-1,-1,-1,750.000,800.000,-1,-1,2,0,2,0,2,0,0,0,0,2,2,2,2,0,0,2,2
131,9234.826,9171.348,-12.030,126.758,-0.597874,-0.801164,-0.026112,0.800091,-0.598431,0.041647,-0.048992,0.004008,0.998791,0,0.86998,-0.52737,52.199,-1.055,-1,400.000,-1,400.000,-1,325.000,325.000,300.000,300.000,-1,-1,-1,-1,750.000,775.000,-1,-1,2,0,2,0,2,0,0,0,0,2,2,2,2,0,0,2,2
132,9204.354,9213.743,-14.479,125.707,-0.583054,-0.812007,-0.026309,0.810890,-0.583636,0.042734,-0.050056,0.003582,0.998740,0,0.87017,-0.52549,52.210,-1.051,-1,400.000,-1,400.000,-1,325.000,325.000,300.000,300.000,-1,-1,-1,-1,750.000,775.000,-1,-1,2,0,2,0,2,0,0,0,0,2,2,2,2,0,0,2,2
133,9174.653,9256.702,-16.972,124.660,-0.568089,-0.822539,-0.026532,0.821382,-0.568700,0.043724,-0.051053,0.003046,0.998691,0,0.87044,-0.52357,52.226,-1.047,-1,400.000,-1,400.000,-1,325.000,325.000,300.000,300.000,-1,-1,-1,-1,750.000,775.000,-1,-1,2,0,2,0,2,0,0,0,0,2,2,2,2,0,0,2,2
