timestep,x_cm,y_cm,z_cm,yaw_deg,basis_xx,basis_xy,basis_xz,basis_yx,basis_yy,basis_yz,basis_zx,basis_zy,basis_zz,teleport_flag,throttle_cmd,steering_cmd,cmd_move_cm,cmd_turn_deg,lidar_cm_0,lidar_cm_1,lidar_cm_2,lidar_cm_3,lidar_cm_4,lidar_cm_5,lidar_cm_6,lidar_cm_7,lidar_cm_8,lidar_cm_9,lidar_cm_10,lidar_cm_11,lidar_cm_12,lidar_cm_13,lidar_cm_14,lidar_cm_15,lidar_cm_16,lidar_class_0,lidar_class_1,lidar_class_2,lidar_class_3,lidar_class_4,lidar_class_5,lidar_class_6,lidar_class_7,lidar_class_8,lidar_class_9,lidar_class_10,lidar_class_11,lidar_class_12,lidar_class_13,lidar_class_14,lidar_class_15,lidar_class_16
0,9515.802,-2952.086,-205.348,-4.962,0.995534,0.086359,0.038139,-0.088324,0.994667,0.053255,-0.033337,-0.056386,0.997852,1,0.08000,-0.12000,4.800,-0.240,-1,400.000,-1,375.000,-1,325.000,325.000,325.000,300.000,-1,775.000,925.000,-1,725.000,700.000,-1,-1,2,0,2,0,2,0,0,0,0,2,0,0,2,0,0,2,2
1,9525.359,-2952.996,-205.665,-5.442,0.994784,0.094687,0.037945,-0.096638,0.993886,0.053404,-0.032656,-0.056792,0.997852,0,0.16000,-0.24000,9.600,-0.480,-1,400.000,-1,375.000,-1,325.000,325.000,325.000,300.000,-1,750.000,900.000,-1,725.000,700.000,-1,-1,2,0,2,0,2,0,0,0,0,2,0,0,2,0,0,2,2
2,9539.676,-2954.541,-206.131,-6.162,0.993528,0.107165,0.037652,-0.109095,0.992583,0.053633,-0.031626,-0.057393,0.997851,0,0.24000,-0.36000,14.400,-0.720,-1,400.000,-1,375.000,-1,325.000,325.000,300.000,300.000,-1,750.000,875.000,-1,725.000,700.000,-1,-1,2,0,2,0,2,0,0,0,0,2,0,0,2,0,0,2,2
3,9558.729,-2956.922,-206.733,-7.122,0.991611,0.123774,0.037262,-0.125676,0.990603,0.053949,-0.030235,-0.058179,0.997848,0,0.32000,-0.48000,19.200,-0.960,-1,400.000,-1,375.000,-1,325.000,325.000,300.000,300.000,-1,725.000,850.000,-1,725.000,700.000,-1,-1,2,0,2,0,2,0,0,0,0,2,0,0,2,0,0,2,2
4,9582.476,-2960.395,-207.457,-8.322,0.988823,0.144484,0.036775,-0.146348,0.987738,0.054363,-0.028469,-0.059137,0.997844,0,0.40000,-0.60000,24.000,-1.200,-1,375.000,-1,375.000,-1,325.000,325.000,300.000,300.000,-1,700.000,800.000,-1,725.000,725.000,-1,-1,2,0,2,0,2,0,0,0,0,2,0,0,2,0,0,2,2
5,9610.860,-2965.278,-208.283,-9.762,0.984908,0.169250,0.036193,-0.171064,0.983730,0.054884,-0.026315,-0.060247,0.997837,0,0.48000,-0.72000,28.800,-1.440,-1,375.000,-1,375.000,-1,325.000,325.000,300.000,300.000,-1,675.000,775.000,-1,725.000,725.000,-1,-1,2,0,2,0,2,0,0,0,0,2,0,0,2,0,0,2,2
6,9642.416,-2971.664,-209.148,-11.442,0.979557,0.198002,0.035548,-0.199757,0.978272,0.055501,-0.023786,-0.061467,0.997826,0,0.53659,-0.84000,32.196,-1.680,-1,375.000,-1,375.000,-1,325.000,325.000,300.000,300.000,-1,650.000,725.000,-1,725.000,725.000,-1,-1,2,0,2,0,2,0,0,0,0,2,0,0,2,0,0,2,2
7,9673.741,-2979.104,-209.946,-13.362,0.972410,0.230649,0.034911,-0.232334,0.971013,0.056167,-0.020945,-0.062728,0.997811,0,0.53659,-0.96000,32.196,-1.920,-1,375.000,-1,375.000,-1,325.000,325.000,300.000,300.000,-1,650.000,700.000,-1,725.000,725.000,-1,-1,2,0,2,0,2,0,0,0,0,2,0,0,2,0,0,2,2
8,9704.787,-2987.633,-210.673,-15.362,0.963810,0.264376,0.034292,-0.265985,0.962298,0.056872,-0.017963,-0.063935,0.997792,0,0.53659,-1.00000,32.196,-2.000,-1,375.000,-1,375.000,-1,325.000,325.000,300.000,300.000,-1,625.000,675.000,-1,725.000,725.000,-1,-1,2,0,2,0,2,0,0,0,0,2,0,0,2,0,0,2,2
9,9735.517,-2997.240,-211.325,-17.362,0.954040,0.297777,0.033695,-0.299305,0.952417,0.057608,-0.014937,-0.065045,0.997771,0,0.53659,-1.00000,32.196,-2.000,-1,375.000,-1,375.000,-1,325.000,325.000,300.000,300.000,-1,600.000,650.000,-1,725.000,725.000,-1,-1,2,0,2,0,2,0,0,0,0,2,0,0,2,0,0,2,2
10,9765.892,-3007.915,-211.750,-19.362,0.943101,0.330826,0.033381,-0.332276,0.941419,0.057635,-0.012359,-0.065447,0.997779,0,0.53659,-1.00000,32.196,-2.000,-1,375.000,-1,375.000,-1,325.000,325.000,300.000,300.000,-1,600.000,675.000,-1,725.000,725.000,-1,-1,2,0,2,0,2,0,0,0,0,2,0,0,2,0,0,2,2
11,9795.877,-3019.643,-212.035,-21.362,0.931026,0.363479,0.032764,-0.364828,0.929298,0.057505,-0.009545,-0.065492,0.997807,0,0.53659,-1.00000,32.196,-2.000,-1,375.000,-1,375.000,-1,325.000,325.000,300.000,300.000,-1,600.000,650.000,-1,725.000,725.000,-1,-1,2,0,2,0,2,0,0,0,0,2,0,0,2,0,0,2,2
12,9825.433,-3032.411,-212.237,-23.362,0.917823,0.395691,0.032091,-0.396934,0.916051,0.057397,-0.006686,-0.065418,0.997836,0,0.53659,-1.00000,32.196,-2.000,-1,375.000,-1,375.000,-1,325.000,325.000,300.000,300.000,-1,625.000,650.000,-1,725.000,725.000,-1,-1,2,0,2,0,2,0,0,0,0,2,0,0,2,0,0,2,2
13,9854.527,-3046.202,-212.367,-25.362,0.903505,0.427424,0.031416,-0.428560,0.901692,0.057338,-0.003820,-0.065269,0.997860,0,0.53659,-1.00000,32.196,-2.000,-1,375.000,-1,375.000,-1,325.000,325.000,300.000,300.000,-1,625.000,650.000,-1,725.000,725.000,-1,-1,2,0,2,0,2,0,0,0,0,2,0,0,2,0,0,2,2
14,9883.121,-3061.001,-212.423,-27.362,0.888091,0.458639,0.030744,-0.459667,0.886239,0.057327,-0.000954,-0.065044,0.997882,0,0.53659,-1.00000,32.196,-2.000,-1,375.000,-1,375.000,-1,325.000,325.000,300.000,300.000,-1,625.000,650.000,-1,725.000,725.000,-1,-1,2,0,2,0,2,0,0,0,0,2,0,0,2,0,0,2,2
15,9911.181,-3076.788,-212.399,-29.362,0.871597,0.489299,0.030081,-0.490219,0.869710,0.057363,0.001906,-0.064744,0.997900,0,0.53659,-1.00000,32.196,-2.000,-1,375.000,-1,375.000,-1,325.000,325.000,300.000,300.000,-1,650.000,650.000,-1,725.000,725.000,-1,-1,2,0,2,0,2,0,0,0,0,2,0,0,2,0,0,2,2
16,9938.673,-3093.545,-212.238,-31.362,0.854041,0.519358,0.029687,-0.520186,0.852113,0.057536,0.004585,-0.064581,0.997902,0,0.53659,-1.00000,32.196,-2.000,-1,375.000,-1,375.000,-1,325.000,325.000,300.000,300.000,-1,675.000,650.000,-1,725.000,725.000,-1,-1,2,0,2,0,2,0,0,0,0,2,0,0,2,0,0,2,2
17,9965.563,-3111.251,-211.999,-33.362,0.835447,0.548789,0.029299,-0.549523,0.833482,0.057726,0.007259,-0.064328,0.997902,0,0.53659,-1.00000,32.196,-2.000,-1,375.000,-1,375.000,-1,325.000,325.000,300.000,300.000,-1,700.000,675.000,-1,725.000,750.000,-1,-1,2,0,2,0,2,0,0,0,0,2,0,0,2,0,0,2,2
18,9991.820,-3129.885,-211.684,-35.362,0.815839,0.577556,0.028920,-0.578194,0.813840,0.057932,0.009923,-0.063985,0.997902,0,0.53659,-1.00000,32.196,-2.000,-1,375.000,-1,400.000,-1,325.000,325.000,300.000,300.000,-1,725.000,700.000,-1,725.000,750.000,-1,-1,2,0,2,0,2,0,0,0,0,2,0,0,2,0,0,2,2
19,10017.409,-3149.424,-211.291,-37.362,0.795239,0.605623,0.028551,-0.606166,0.793210,0.058152,0.012571,-0.063552,0.997899,0,0.53659,-1.00000,32.196,-2.000,-1,375.000,-1,400.000,-1,325.000,325.000,300.000,300.000,-1,750.000,700.000,-1,725.000,750.000,-1,-1,2,0,2,0,2,0,0,0,0,2,0,0,2,0,0,2,2
20,10042.302,-3169.844,-210.821,-39.362,0.773672,0.632958,0.028194,-0.633403,0.771616,0.058384,0.015199,-0.063028,0.997896,0,0.53659,-1.00000,32.196,-2.000,-1,375.000,-1,400.000,-1,325.000,325.000,300.000,300.000,-1,775.000,725.000,-1,725.000,750.000,-1,-1,2,0,2,0,2,0,0,0,0,2,0,0,2,0,0,2,2
21,10066.466,-3191.121,-210.274,-41.362,0.751165,0.659527,0.027850,-0.659875,0.749085,0.058624,0.017802,-0.062414,0.997892,0,0.53659,-1.00000,32.196,-2.000,-1,375.000,-1,400.000,-1,325.000,325.000,300.000,300.000,-1,800.000,750.000,-1,725.000,750.000,-1,-1,2,0,2,0,2,0,0,0,0,2,0,0,2,0,0,2,2
22,10089.873,-3213.228,-209.667,-43.362,0.727741,0.685300,0.027513,-0.685551,0.725646,0.058801,0.020331,-0.061654,0.997891,0,0.53659,-1.00000,32.196,-2.000,-1,375.000,-1,400.000,-1,325.000,325.000,300.000,300.000,-1,850.000,775.000,-1,725.000,750.000,-1,-1,2,0,2,0,2,0,0,0,0,2,0,0,2,0,0,2,2
23,10112.494,-3236.138,-209.024,-45.362,0.703424,0.710251,0.027165,-0.710408,0.701330,0.058797,0.022709,-0.060657,0.997900,0,0.53659,-1.00000,32.196,-2.000,-1,375.000,-1,400.000,-1,325.000,325.000,300.000,300.000,-1,900.000,825.000,-1,725.000,750.000,-1,-1,2,0,2,0,2,0,0,0,0,2,0,0,2,0,0,2,2
24,10134.302,-3259.824,-208.295,-47.362,0.678251,0.734341,0.026821,-0.734402,0.676158,0.058848,0.025080,-0.059611,0.997907,0,0.53659,-1.00000,32.196,-2.000,-1,375.000,-1,400.000,-1,325.000,325.000,300.000,300.000,-1,925.000,850.000,-1,725.000,750.000,-1,-1,2,0,2,0,2,0,0,0,0,2,0,0,2,0,0,2,2
25,10155.270,-3284.257,-207.492,-49.362,0.652249,0.757542,0.026478,-0.757509,0.650162,0.058901,0.027405,-0.058475,0.997913,0,0.53659,-1.00000,32.196,-2.000,-1,375.000,-1,400.000,-1,325.000,325.000,300.000,300.000,-1,975.000,900.000,-1,725.000,750.000,-1,-1,2,0,2,0,2,0,0,0,0,2,0,0,2,0,0,2,2
26,10175.372,-3309.406,-206.578,-51.362,0.625443,0.779834,0.026088,-0.779710,0.623378,0.058745,0.029549,-0.057083,0.997932,0,0.53659,-1.00000,32.196,-2.000,-1,375.000,-1,400.000,-1,325.000,325.000,300.000,300.000,-1,-1,950.000,-1,725.000,750.000,-1,-1,2,0,2,0,2,0,0,0,0,2,2,0,2,0,0,2,2
27,10194.584,-3335.242,-205.566,-53.362,0.597865,0.801186,0.025649,-0.800976,0.595836,0.058455,0.031551,-0.055492,0.997960,0,0.53659,-1.00000,32.196,-2.000,-1,375.000,-1,400.000,-1,325.000,325.000,300.000,300.000,-1,-1,1000.000,-1,725.000,750.000,-1,-1,2,0,2,0,2,0,0,0,0,2,2,0,2,0,0,2,2
28,10215.739,-3365.594,-204.337,-55.122,0.572987,0.819178,0.025148,-0.818887,0.570997,0.058193,0.033311,-0.053938,0.997989,0,0.61659,-0.88000,36.996,-1.760,-1,375.000,-1,400.000,-1,325.000,325.000,300.000,300.000,-1,-1,-1,-1,725.000,750.000,-1,-1,2,0,2,0,2,0,0,0,0,2,2,2,2,0,0,2,2
29,10238.075,-3399.524,-202.923,-56.642,0.551061,0.834102,0.024613,-0.833737,0.549110,0.057972,0.034840,-0.052467,0.998015,0,0.67702,-0.76000,40.621,-1.520,-1,375.000,-1,400.000,-1,325.000,325.000,300.000,300.000,-1,-1,-1,-1,725.000,750.000,-1,-1,2,0,2,0,2,0,0,0,0,2,2,2,2,0,0,2,2
30,10259.647,-3433.944,-201.451,-57.922,0.532292,0.846218,0.024087,-0.845790,0.530377,0.057787,0.036125,-0.051132,0.998038,0,0.67702,-0.64000,40.621,-1.280,-1,375.000,-1,400.000,-1,325.000,325.000,300.000,300.000,-1,-1,-1,-1,725.000,750.000,-1,-1,2,0,2,0,2,0,0,0,0,2,2,2,2,0,0,2,2
31,10280.591,-3468.750,-199.929,-58.962,0.516841,0.855757,0.023578,-0.855274,0.514961,0.057634,0.037179,-0.049953,0.998059,0,0.67702,-0.52000,40.621,-1.040,-1,375.000,-1,400.000,-1,325.000,325.000,300.000,300.000,-1,-1,-1,-1,725.000,750.000,-1,-1,2,0,2,0,2,0,0,0,0,2,2,2,2,0,0,2,2
32,10301.047,-3503.845,-198.376,-59.762,0.504837,0.862905,0.023145,-0.862379,0.502987,0.057502,0.037977,-0.048989,0.998077,0,0.67702,-0.40000,40.621,-0.800,-1,375.000,-1,400.000,-1,325.000,325.000,300.000,300.000,-1,-1,-1,-1,725.000,750.000,-1,-1,2,0,2,0,2,0,0,0,0,2,2,2,2,0,0,2,2
33,10321.159,-3539.138,-196.786,-60.322,0.496371,0.867813,0.022712,-0.867252,0.494548,0.057402,0.038582,-0.048189,0.998093,0,0.67702,-0.28000,40.621,-0.560,-1,375.000,-1,400.000,-1,325.000,325.000,300.000,300.000,-1,-1,-1,-1,725.000,750.000,-1,-1,2,0,2,0,2,0,0,0,0,2,2,2,2,0,0,2,2
34,10341.033,-3574.566,-195.163,-60.708,0.490501,0.871156,0.022277,-0.870565,0.488702,0.057332,0.039058,-0.047515,0.998107,0,0.67702,-0.19315,40.621,-0.386,-1,375.000,-1,400.000,-1,325.000,325.000,300.000,300.000,-1,-1,-1,-1,725.000,750.000,-1,-1,2,0,2,0,2,0,0,0,0,2,2,2,2,0,0,2,2
35,10360.668,-3610.127,-193.512,-61.095,0.484608,0.874459,0.021832,-0.873837,0.482833,0.057283,0.039550,-0.046837,0.998119,0,0.67702,-0.19315,40.621,-0.386,-1,375.000,-1,400.000,-1,325.000,325.000,300.000,300.000,-1,-1,-1,-1,725.000,750.000,-1,-1,2,0,2,0,2,0,0,0,0,2,2,2,2,0,0,2,2
36,10382.367,-3649.783,-191.644,-61.313,0.481265,0.876315,0.021342,-0.875665,0.479513,0.057264,0.039947,-0.046248,0.998131,0,0.75341,-0.10910,45.205,-0.218,-1,375.000,-1,400.000,-1,325.000,325.000,300.000,300.000,-1,-1,-1,-1,725.000,750.000,-1,-1,2,0,2,0,2,0,0,0,0,2,2,2,2,0,0,2,2
37,10403.915,-3689.522,-189.747,-61.531,0.477915,0.878159,0.020842,-0.877478,0.476185,0.057273,0.040370,-0.045660,0.998141,0,0.75341,-0.10910,45.205,-0.218,-1,375.000,-1,400.000,-1,325.000,325.000,300.000,300.000,-1,-1,-1,-1,725.000,750.000,-1,-1,2,0,2,0,2,0,0,0,0,2,2,2,2,0,0,2,2
38,10425.312,-3729.342,-187.823,-61.749,0.474558,0.879989,0.020331,-0.879277,0.472850,0.057310,0.040819,-0.045073,0.998149,0,0.75341,-0.10910,45.205,-0.218,-1,375.000,-1,400.000,-1,325.000,325.000,300.000,300.000,-1,-1,-1,-1,700.000,750.000,-1,-1,2,0,2,0,2,0,0,0,0,2,2,2,2,0,0,2,2
39,10446.556,-3769.244,-185.855,-61.967,0.471193,0.881809,0.019730,-0.881060,0.469509,0.057390,0.041344,-0.044425,0.998157,0,0.75341,-0.10910,45.205,-0.218,-1,375.000,-1,400.000,-1,325.000,325.000,300.000,300.000,-1,-1,-1,-1,700.000,750.000,-1,-1,2,0,2,0,2,0,0,0,0,2,2,2,2,0,0,2,2
40,10467.649,-3809.226,-183.933,-62.186,0.467815,0.883627,0.018767,-0.882822,0.466167,0.057567,0.042119,-0.043498,0.998165,0,0.75341,-0.10910,45.205,-0.218,-1,375.000,-1,400.000,-1,325.000,325.000,300.000,300.000,-1,-1,-1,-1,725.000,750.000,-1,-1,2,0,2,0,2,0,0,0,0,2,2,2,2,0,0,2,2
41,10488.589,-3849.289,-182.000,-62.404,0.464429,0.885432,0.017768,-0.884569,0.462817,0.057779,0.042936,-0.042551,0.998171,0,0.75341,-0.10910,45.205,-0.218,-1,375.000,-1,400.000,-1,325.000,325.000,300.000,300.000,-1,-1,-1,-1,725.000,750.000,-1,-1,2,0,2,0,2,0,0,0,0,2,2,2,2,0,0,2,2
42,10509.376,-3889.431,-180.060,-62.622,0.461033,0.887225,0.016762,-0.886306,0.459461,0.057945,0.043709,-0.041571,0.998179,0,0.75341,-0.10910,45.205,-0.218,-1,375.000,-1,400.000,-1,325.000,325.000,300.000,300.000,-1,-1,-1,-1,725.000,750.000,-1,-1,2,0,2,0,2,0,0,0,0,2,2,2,2,0,0,2,2
43,10530.011,-3929.651,-178.102,-62.840,0.457629,0.889003,0.015769,-0.888031,0.456097,0.058112,0.044470,-0.040597,0.998186,0,0.75341,-0.10910,45.205,-0.218,-1,375.000,-1,400.000,-1,325.000,325.000,300.000,300.000,-1,-1,-1,-1,725.000,750.000,-1,-1,2,0,2,0,2,0,0,0,0,2,2,2,2,0,0,2,2
44,10550.492,-3969.950,-176.083,-63.058,0.454222,0.890763,0.014970,-0.889744,0.452723,0.058280,0.045137,-0.039792,0.998188,0,0.75341,-0.10910,45.205,-0.218,-1,375.000,-1,400.000,-1,325.000,325.000,300.000,300.000,-1,-1,-1,-1,725.000,750.000,-1,-1,2,0,2,0,2,0,0,0,0,2,2,2,2,0,0,2,2
45,10570.820,-4010.327,-174.035,-63.277,0.450809,0.892507,0.014220,-0.891444,0.449341,0.058478,0.045802,-0.039039,0.998187,0,0.75341,-0.10910,45.205,-0.218,-1,375.000,-1,400.000,-1,325.000,325.000,300.000,300.000,-1,-1,-1,-1,725.000,750.000,-1,-1,2,0,2,0,2,0,0,0,0,2,2,2,2,0,0,2,2
46,10590.993,-4050.781,-171.969,-63.495,0.447394,0.894235,0.013533,-0.893127,0.445950,0.058756,0.046506,-0.038374,0.998181,0,0.75341,-0.10910,45.205,-0.218,-1,375.000,-1,400.000,-1,325.000,325.000,300.000,300.000,-1,-1,-1,-1,725.000,750.000,-1,-1,2,0,2,0,2,0,0,0,0,2,2,2,2,0,0,2,2
47,10611.036,-4091.358,-169.869,-63.714,0.443961,0.895953,0.012878,-0.894802,0.442542,0.059044,0.047201,-0.037736,0.998172,0,0.75429,-0.10943,45.257,-0.219,-1,375.000,-1,400.000,-1,325.000,325.000,300.000,300.000,-1,-1,-1,-1,725.000,750.000,-1,-1,2,0,2,0,2,0,0,0,0,2,2,2,2,0,0,2,2
48,10631.057,-4132.294,-167.708,-63.937,0.440457,0.897691,0.012184,-0.896493,0.439064,0.059350,0.047928,-0.037064,0.998163,0,0.75950,-0.11146,45.570,-0.223,-1,375.000,-1,400.000,-1,325.000,325.000,300.000,325.000,-1,-1,-1,-1,725.000,750.000,-1,-1,2,0,2,0,2,0,0,0,0,2,2,2,2,0,0,2,2
49,10651.053,-4173.592,-165.497,-64.164,0.436881,0.899446,0.011503,-0.898203,0.435514,0.059662,0.048653,-0.036398,0.998152,0,0.76473,-0.11353,45.884,-0.227,-1,375.000,-1,400.000,-1,325.000,325.000,300.000,325.000,-1,-1,-1,-1,725.000,750.000,-1,-1,2,0,2,0,2,0,0,0,0,2,2,2,2,0,0,2,2
50,10671.018,-4215.253,-163.235,-64.395,0.433230,0.901218,0.010837,-0.899930,0.431889,0.059981,0.049375,-0.035738,0.998141,0,0.76996,-0.11566,46.198,-0.231,-1,375.000,-1,400.000,-1,325.000,325.000,300.000,325.000,-1,-1,-1,-1,725.000,750.000,-1,-1,2,0,2,0,2,0,0,0,0,2,2,2,2,0,0,2,2
51,10690.946,-4257.281,-160.921,-64.631,0.429502,0.903009,0.010186,-0.901675,0.428188,0.060305,0.050095,-0.035086,0.998128,0,0.77521,-0.11786,46.513,-0.236,-1,375.000,-1,400.000,-1,325.000,325.000,300.000,325.000,-1,-1,-1,-1,725.000,750.000,-1,-1,2,0,2,0,2,0,0,0,0,2,2,2,2,0,0,2,2
52,10708.505,-4295.118,-158.813,-65.106,0.421971,0.906558,0.009612,-0.905180,0.420687,0.060589,0.050884,-0.034267,0.998117,0,0.69521,-0.23786,41.713,-0.476,-1,375.000,-1,400.000,-1,325.000,325.000,300.000,325.000,-1,-1,-1,-1,725.000,750.000,-1,-1,2,0,2,0,2,0,0,0,0,2,2,2,2,0,0,2,2
53,10723.717,-4328.751,-156.902,-65.662,0.413141,0.910622,0.009073,-0.909204,0.411893,0.060758,0.051590,-0.033351,0.998111,0,0.61521,-0.27769,36.913,-0.555,-1,375.000,-1,400.000,-1,325.000,325.000,300.000,325.000,-1,-1,-1,-1,725.000,750.000,-1,-1,2,0,2,0,2,0,0,0,0,2,2,2,2,0,0,2,2
54,10736.665,-4358.137,-155.215,-66.220,0.404222,0.914621,0.008604,-0.913169,0.403007,0.060892,0.052226,-0.032471,0.998107,0,0.53521,-0.27930,32.113,-0.559,-1,375.000,-1,400.000,-1,325.000,325.000,300.000,325.000,-1,-1,-1,-1,725.000,750.000,-1,-1,2,0,2,0,2,0,0,0,0,2,2,2,2,0,0,2,2
55,10747.433,-4383.238,-153.765,-66.782,0.395223,0.918549,0.008211,-0.917066,0.394040,0.061009,0.052804,-0.031642,0.998103,0,0.45521,-0.28062,27.313,-0.561,-1,375.000,-1,400.000,-1,325.000,325.000,300.000,325.000,-1,-1,-1,-1,725.000,750.000,-1,-1,2,0,2,0,2,0,0,0,0,2,2,2,2,0,0,2,2
56,10756.104,-4404.014,-152.559,-67.345,0.386154,0.922401,0.007889,-0.920892,0.384999,0.061104,0.053325,-0.030861,0.998100,0,0.37521,-0.28165,22.513,-0.563,-1,375.000,-1,400.000,-1,325.000,325.000,300.000,325.000,-1,-1,-1,-1,725.000,750.000,-1,-1,2,0,2,0,2,0,0,0,0,2,2,2,2,0,0,2,2
57,10762.765,-4420.427,-151.604,-67.910,0.377025,0.926172,0.007634,-0.924640,0.375897,0.061174,0.053788,-0.030123,0.998098,0,0.29521,-0.28239,17.713,-0.565,-1,375.000,-1,400.000,-1,325.000,325.000,300.000,325.000,-1,-1,-1,-1,725.000,750.000,-1,-1,2,0,2,0,2,0,0,0,0,2,2,2,2,0,0,2,2
58,10767.502,-4432.439,-150.904,-68.475,0.367845,0.929857,0.007442,-0.928306,0.366742,0.061217,0.054194,-0.029427,0.998097,0,0.21521,-0.28285,12.913,-0.566,-1,375.000,-1,400.000,-1,325.000,325.000,300.000,325.000,-1,-1,-1,-1,725.000,750.000,-1,-1,2,0,2,0,2,0,0,0,0,2,2,2,2,0,0,2,2
59,10770.404,-4440.016,-150.464,-69.041,0.358626,0.933453,0.007313,-0.931886,0.357545,0.061233,0.054543,-0.028775,0.998097,0,0.13521,-0.28302,8.113,-0.566,-1,375.000,-1,400.000,-1,325.000,325.000,300.000,325.000,-1,-1,-1,-1,725.000,750.000,-1,-1,2,0,2,0,2,0,0,0,0,2,2,2,2,0,0,2,2
60,10771.558,-4443.121,-150.287,-69.607,0.349377,0.936954,0.007245,-0.935376,0.348315,0.061222,0.054838,-0.028166,0.998098,0,0.05521,-0.28292,3.313,-0.566,-1,375.000,-1,400.000,-1,325.000,325.000,300.000,325.000,-1,-1,-1,-1,725.000,750.000,-1,-1,2,0,2,0,2,0,0,0,0,2,2,2,2,0,0,2,2
61,10771.054,-4441.722,-150.377,-70.172,0.340107,0.940359,0.007238,-0.938772,0.339062,0.061184,0.055081,-0.027604,0.998100,0,-0.02479,-0.28255,-1.487,-0.565,-1,375.000,-1,400.000,-1,325.000,325.000,300.000,325.000,-1,-1,-1,-1,725.000,750.000,-1,-1,2,0,2,0,2,0,0,0,0,2,2,2,2,0,0,2,2
62,10769.139,-4436.244,-150.707,-70.736,0.330826,0.943664,0.007287,-0.942071,0.329796,0.061125,0.055279,-0.027087,0.998103,0,-0.09672,-0.28194,-5.803,-0.564,-1,375.000,-1,400.000,-1,325.000,325.000,300.000,325.000,-1,-1,-1,-1,725.000,750.000,-1,-1,2,0,2,0,2,0,0,0,0,2,2,2,2,0,0,2,2
63,10767.268,-4430.718,-151.041,-71.299,0.321540,0.946868,0.007337,-0.945270,0.320524,0.061069,0.055472,-0.026571,0.998107,0,-0.09724,-0.28113,-5.834,-0.562,-1,375.000,-1,400.000,-1,325.000,325.000,300.000,325.000,-1,-1,-1,-1,725.000,750.000,-1,-1,2,0,2,0,2,0,0,0,0,2,2,2,2,0,0,2,2
64,10765.442,-4425.143,-151.377,-71.859,0.312249,0.949972,0.007388,-0.948368,0.311247,0.061014,0.055662,-0.026058,0.998110,0,-0.09777,-0.28034,-5.866,-0.561,-1,375.000,-1,400.000,-1,325.000,325.000,300.000,325.000,-1,-1,-1,-1,725.000,750.000,-1,-1,2,0,2,0,2,0,0,0,0,2,2,2,2,0,0,2,2
65,10763.660,-4419.520,-151.716,-72.418,0.302954,0.952976,0.007440,-0.951367,0.301966,0.060962,0.055849,-0.025546,0.998112,0,-0.09832,-0.27956,-5.899,-0.559,-1,375.000,-1,400.000,-1,325.000,325.000,300.000,325.000,-1,-1,-1,-1,725.000,750.000,-1,-1,2,0,2,0,2,0,0,0,0,2,2,2,2,0,0,2,2
66,10761.923,-4413.847,-152.057,-72.976,0.293655,0.955882,0.007492,-0.954268,0.292682,0.060912,0.056032,-0.025037,0.998115,0,-0.09888,-0.27880,-5.933,-0.558,-1,375.000,-1,400.000,-1,325.000,325.000,300.000,325.000,-1,-1,-1,-1,725.000,750.000,-1,-1,2,0,2,0,2,0,0,0,0,2,2,2,2,0,0,2,2
67,10760.231,-4408.124,-152.402,-73.532,0.284353,0.958690,0.007546,-0.957070,0.283394,0.060864,0.056211,-0.024529,0.998118,0,-0.09947,-0.27806,-5.968,-0.556,-1,375.000,-1,400.000,-1,325.000,325.000,300.000,325.000,-1,-1,-1,-1,725.000,750.000,-1,-1,2,0,2,0,2,0,0,0,0,2,2,2,2,0,0,2,2
68,10758.584,-4402.350,-152.749,-74.087,0.275048,0.961400,0.007601,-0.959775,0.274103,0.060818,0.056387,-0.024023,0.998120,0,-0.10007,-0.27734,-6.004,-0.555,-1,375.000,-1,400.000,-1,325.000,325.000,300.000,300.000,-1,-1,-1,-1,725.000,775.000,-1,-1,2,0,2,0,2,0,0,0,0,2,2,2,2,0,0,2,2
69,10758.270,-4401.188,-152.827,-74.881,0.261668,0.965128,0.007575,-0.963492,0.260748,0.060783,0.056688,-0.023203,0.998122,0,-0.02007,-0.39734,-1.204,-0.795,-1,375.000,-1,400.000,-1,325.000,325.000,300.000,300.000,-1,-1,-1,-1,725.000,775.000,-1,-1,2,0,2,0,2,0,0,0,0,2,2,2,2,0,0,2,2
70,10759.150,-4404.675,-152.631,-75.834,0.245555,0.969354,0.007472,-0.967701,0.244668,0.060761,0.057071,-0.022150,0.998124,0,0.05993,-0.47642,3.596,-0.953,-1,375.000,-1,400.000,-1,325.000,325.000,300.000,300.000,-1,-1,-1,-1,725.000,775.000,-1,-1,2,0,2,0,2,0,0,0,0,2,2,2,2,0,0,2,2
71,10761.069,-4412.849,-152.157,-76.786,0.229392,0.973307,0.007298,-0.971636,0.228543,0.060757,0.057467,-0.021028,0.998126,0,0.13993,-0.47573,8.396,-0.951,-1,375.000,-1,400.000,-1,325.000,325.000,300.000,300.000,-1,-1,-1,-1,725.000,775.000,-1,-1,2,0,2,0,2,0,0,0,0,2,2,2,2,0,0,2,2
72,10763.872,-4425.744,-151.400,-77.736,0.213181,0.976987,0.007055,-0.975297,0.212374,0.060768,0.057871,-0.019836,0.998127,0,0.21993,-0.47517,13.196,-0.950,-1,375.000,-1,400.000,-1,325.000,325.000,300.000,300.000,-1,-1,-1,-1,725.000,775.000,-1,-1,2,0,2,0,2,0,0,0,0,2,2,2,2,0,0,2,2
73,10767.403,-4443.390,-150.359,-78.685,0.196922,0.980396,0.006743,-0.978685,0.196161,0.060793,0.058278,-0.018571,0.998128,0,0.29993,-0.47472,17.996,-0.949,-1,375.000,-1,400.000,-1,325.000,325.000,300.000,300.000,-1,-1,-1,-1,725.000,775.000,-1,-1,2,0,2,0,2,0,0,0,0,2,2,2,2,0,0,2,2
74,10771.504,-4465.814,-149.028,-79.634,0.180618,0.983533,0.006363,-0.981801,0.179906,0.060830,0.058684,-0.017234,0.998128,0,0.37993,-0.47433,22.796,-0.949,-1,375.000,-1,400.000,-1,325.000,325.000,300.000,300.000,-1,-1,-1,-1,725.000,775.000,-1,-1,2,0,2,0,2,0,0,0,0,2,2,2,2,0,0,2,2
75,10776.020,-4493.039,-147.405,-80.582,0.164270,0.986398,0.005916,-0.984644,0.163613,0.060879,0.059083,-0.015825,0.998128,0,0.45993,-0.47399,27.596,-0.948,-1,375.000,-1,400.000,-1,325.000,325.000,300.000,300.000,-1,-1,-1,-1,725.000,775.000,-1,-1,2,0,2,0,2,0,0,0,0,2,2,2,2,0,0,2,2
76,10780.791,-4525.081,-145.487,-81.529,0.147884,0.988990,0.005403,-0.987215,0.147286,0.060936,0.059469,-0.014345,0.998127,0,0.53993,-0.47366,32.396,-0.947,-1,375.000,-1,400.000,-1,325.000,325.000,300.000,300.000,-1,-1,-1,-1,725.000,775.000,-1,-1,2,0,2,0,2,0,0,0,0,2,2,2,2,0,1,2,2
77,10785.662,-4561.957,-143.277,-82.476,0.131463,0.991309,0.004798,-0.989512,0.130930,0.061016,0.059858,-0.012769,0.998125,0,0.61993,-0.47331,37.196,-0.947,-1,375.000,-1,400.000,-1,325.000,325.000,300.000,300.000,-1,-1,-1,-1,725.000,750.000,-1,-1,2,0,2,0,2,0,0,0,0,2,2,2,2,0,1,2,2
78,10790.473,-4603.677,-140.787,-83.422,0.115011,0.993356,0.004059,-0.991536,0.114550,0.061103,0.060232,-0.011052,0.998123,0,0.69993,-0.47292,41.996,-0.946,-1,375.000,-1,400.000,-1,325.000,325.000,300.000,300.000,-1,-1,-1,-1,725.000,750.000,1000.000,-1,2,0,2,0,2,0,0,0,0,2,2,2,2,0,1,1,2
79,10795.066,-4650.247,-137.967,-84.367,0.098529,0.995129,0.003123,-0.993288,0.098155,0.061193,0.060588,-0.009131,0.998121,0,0.77993,-0.47246,46.796,-0.945,-1,375.000,-1,400.000,-1,325.000,325.000,300.000,300.000,-1,-1,-1,-1,700.000,725.000,925.000,-1,2,0,2,0,2,0,0,0,0,2,2,2,2,1,1,1,2
80,10799.240,-4701.124,-134.858,-85.311,0.082031,0.996628,0.002031,-0.994765,0.081752,0.061318,0.060945,-0.007051,0.998116,0,0.85080,-0.47188,51.048,-0.944,-1,375.000,-1,400.000,-1,325.000,325.000,300.000,300.000,-1,-1,-1,-1,675.000,700.000,875.000,-1,2,0,2,0,2,0,0,0,0,2,2,2,2,1,1,1,2
81,10802.602,-4752.468,-131.713,-86.253,0.065533,0.997850,0.000935,-0.995969,0.065352,0.061435,0.061242,-0.004957,0.998111,0,0.85756,-0.47116,51.454,-0.942,950.000,375.000,-1,400.000,-1,325.000,325.000,300.000,300.000,-1,-1,-1,-1,650.000,675.000,825.000,-1,1,0,2,0,2,0,0,0,0,2,2,2,2,1,1,1,2
82,10805.142,-4804.268,-128.535,-87.193,0.049049,0.998796,-0.000167,-0.996903,0.048966,0.061543,0.061477,-0.002852,0.998104,0,0.86438,-0.47021,51.863,-0.940,850.000,375.000,-1,400.000,-1,325.000,325.000,300.000,300.000,-1,-1,-1,-1,600.000,650.000,750.000,-1,1,0,2,0,2,0,0,0,0,2,2,2,2,1,1,1,2
83,10806.847,-4856.515,-125.326,-88.131,0.032592,0.999468,-0.001277,-0.997566,0.032609,0.061640,0.061648,-0.000735,0.998098,0,0.87124,-0.46901,52.274,-0.938,775.000,375.000,975.000,400.000,-1,325.000,325.000,300.000,300.000,-1,-1,-1,-1,575.000,650.000,700.000,-1,1,0,1,0,2,0,0,0,0,2,2,2,2,1,1,1,2
84,10807.705,-4909.197,-122.092,-89.066,0.016175,0.999866,-0.002397,-0.997960,0.016293,0.061723,0.061754,0.001394,0.998090,0,0.87815,-0.46756,52.689,-0.935,700.000,375.000,925.000,400.000,-1,325.000,325.000,300.000,300.000,-1,-1,-1,-1,550.000,625.000,650.000,-1,1,0,1,1,2,0,0,0,0,2,2,2,2,1,1,1,2
85,10807.707,-4962.302,-118.833,-89.998,-0.000186,0.999994,-0.003529,-0.998089,0.000033,0.061792,0.061792,0.003533,0.998083,0,0.88509,-0.46583,53.105,-0.932,625.000,375.000,900.000,375.000,-1,325.000,325.000,300.000,300.000,-1,-1,-1,-1,500.000,600.000,575.000,-1,1,1,1,1,2,1,1,0,0,2,2,2,2,1,1,1,2
86,10806.843,-5015.819,-115.556,-90.926,-0.016477,0.999853,-0.004674,-0.997955,-0.016156,0.061844,0.061760,0.005684,0.998075,0,0.89206,-0.46381,53.523,-0.928,575.000,350.000,850.000,375.000,-1,300.000,300.000,300.000,300.000,-1,-1,-1,-1,475.000,600.000,525.000,-1,1,1,1,1,2,1,1,0,0,2,2,2,2,1,1,1,2
87,10805.103,-5069.733,-112.262,-91.849,-0.032682,0.999449,-0.005836,-0.997562,-0.032259,0.061879,0.061657,0.007844,0.998067,0,0.89903,-0.46145,53.942,-0.923,500.000,325.000,825.000,350.000,-1,275.000,300.000,300.000,300.000,-1,-1,-1,-1,450.000,575.000,475.000,-1,1,1,1,1,2,1,1,0,0,2,2,2,2,1,1,1,2
88,10802.480,-5124.030,-108.956,-92.766,-0.048783,0.998785,-0.007017,-0.996915,-0.048257,0.061895,0.061481,0.010015,0.998058,0,0.90601,-0.45874,54.361,-0.917,450.000,300.000,800.000,325.000,-1,250.000,275.000,300.000,300.000,-1,-1,-1,-1,400.000,550.000,400.000,-1,1,1,1,1,2,1,1,0,0,2,2,2,2,1,1,1,2
89,10798.968,-5178.695,-105.641,-93.677,-0.064764,0.997867,-0.008220,-0.996020,-0.064134,0.061891,0.061232,0.012196,0.998049,0,0.91297,-0.45564,54.778,-0.911,375.000,275.000,825.000,325.000,-1,250.000,250.000,300.000,300.000,-1,-1,-1,-1,375.000,550.000,350.000,-1,1,1,1,1,2,1,1,0,0,2,2,2,2,1,1,1,2
90,10794.560,-5233.712,-102.102,-94.582,-0.080666,0.996688,-0.010296,-0.994838,-0.079869,0.062591,0.061561,0.015291,0.997986,0,0.91989,-0.45209,55.193,-0.904,325.000,250.000,975.000,300.000,-1,225.000,250.000,300.000,300.000,-1,-1,-1,-1,350.000,525.000,300.000,-1,1,1,1,1,2,1,1,0,0,2,2,2,2,1,1,1,2
91,10789.259,-5289.065,-95.068,-95.478,-0.097342,0.995002,-0.022266,-0.992575,-0.095417,0.075439,0.072938,0.029444,0.996902,0,0.92674,-0.44805,55.604,-0.896,325.000,250.000,-1,325.000,-1,225.000,250.000,350.000,300.000,-1,-1,775.000,-1,350.000,575.000,300.000,-1,1,1,2,1,2,1,1,0,0,2,2,0,2,1,1,1,2
92,10783.057,-5344.733,-86.926,-96.365,-0.113864,0.993062,-0.029369,-0.989635,-0.110768,0.091392,0.087504,0.039471,0.995382,0,0.93348,-0.44344,56.009,-0.887,325.000,250.000,-1,325.000,-1,225.000,250.000,375.000,300.000,-1,500.000,300.000,-1,350.000,775.000,300.000,-1,1,1,2,1,2,1,1,0,0,2,0,0,2,1,1,1,2
93,10775.957,-5400.693,-78.896,-97.241,-0.130423,0.990790,-0.036399,-0.986237,-0.125886,0.107186,0.101616,0.049878,0.993573,0,0.94008,-0.43819,56.405,-0.876,350.000,250.000,-1,350.000,-1,225.000,275.000,400.000,300.000,-1,325.000,175.000,975.000,375.000,-1,325.000,-1,1,1,2,1,2,1,1,0,0,2,0,0,0,1,2,1,2
94,10767.961,-5456.920,-70.997,-98.105,-0.146987,0.988185,-0.043412,-0.982405,-0.140734,0.122782,0.115221,0.060696,0.991484,0,0.94647,-0.43219,56.788,-0.864,350.000,250.000,-1,400.000,-1,250.000,275.000,425.000,300.000,-1,250.000,125.000,800.000,375.000,-1,325.000,-1,1,1,2,1,2,1,1,1,0,2,0,0,0,1,2,1,2
95,-3607.627,9511.017,223.595,-178.192,-0.999474,0.031549,-0.007448,-0.031521,-0.999496,-0.003828,-0.007565,-0.003591,0.999965,1,0.00000,0.00000,57.154,-0.851,-1,375.000,-1,400.000,-1,325.000,325.000,300.000,300.000,-1,-1,-1,-1,725.000,750.000,-1,-1,2,0,2,0,2,0,0,0,0,2,2,2,2,0,0,2,2
96,-3612.424,9510.845,223.558,-177.952,-0.999334,0.035735,-0.007360,-0.035708,-0.999355,-0.003774,-0.007490,-0.003509,0.999966,0,0.08000,0.12000,4.800,0.240,-1,375.000,-1,400.000,-1,325.000,325.000,300.000,300.000,-1,-1,-1,-1,725.000,750.000,-1,-1,2,0,2,0,2,0,0,0,0,2,2,2,2,0,0,2,2
97,-3622.015,9510.422,223.483,-177.472,-0.999001,0.044106,-0.007185,-0.044081,-0.999021,-0.003660,-0.007339,-0.003340,0.999967,0,0.16000,0.24000,9.600,0.480,-1,375.000,-1,400.000,-1,325.000,325.000,300.000,300.000,-1,-1,-1,-1,725.000,750.000,-1,-1,2,0,2,0,2,0,0,0,0,2,2,2,2,0,0,2,2
98,-3636.392,9509.606,223.368,-176.752,-0.998370,0.056656,-0.006922,-0.056633,-0.998389,-0.003472,-0.007108,-0.003074,0.999970,0,0.24000,0.36000,14.400,0.720,-1,375.000,-1,400.000,-1,325.000,325.000,300.000,300.000,-1,-1,-1,-1,725.000,775.000,-1,-1,2,0,2,0,2,0,0,0,0,2,2,2,2,0,0,2,2
99,-3655.545,9508.275,223.213,-176.025,-0.997572,0.069329,-0.006571,-0.069309,-0.997590,-0.003200,-0.006777,-0.002737,0.999973,0,0.32000,0.36376,19.200,0.728,-1,375.000,-1,400.000,-1,325.000,325.000,300.000,300.000,-1,-1,-1,-1,725.000,775.000,-1,-1,2,0,2,0,2,0,0,0,0,2,2,2,2,0,0,2,2
100,-3679.465,9506.307,223.017,-175.297,-0.996614,0.081990,-0.006134,-0.081974,-0.996630,-0.002834,-0.006346,-0.002322,0.999977,0,0.40000,0.36376,24.000,0.728,-1,400.000,-1,400.000,-1,325.000,325.000,300.000,300.000,-1,-1,-1,-1,750.000,775.000,-1,-1,2,0,2,0,2,0,0,0,0,2,2,2,2,0,0,2,2
101,-3708.135,9503.582,222.780,-174.569,-0.995496,0.094638,-0.005612,-0.094626,-0.995510,-0.002364,-0.005811,-0.001822,0.999981,0,0.48000,0.36376,28.800,0.728,-1,400.000,-1,400.000,-1,325.000,325.000,300.000,300.000,-1,-1,-1,-1,750.000,775.000,-1,-1,2,0,2,0,2,0,0,0,0,2,2,2,2,0,0,2,2
102,-3741.541,9499.977,222.503,-173.842,-0.994217,0.107271,-0.005009,-0.107264,-0.994229,-0.001777,-0.005171,-0.001230,0.999986,0,0.56000,0.36376,33.600,0.728,-1,400.000,-1,400.000,-1,325.000,325.000,300.000,300.000,-1,-1,-1,-1,750.000,775.000,-1,-1,2,0,2,0,2,0,0,0,0,2,2,2,2,0,0,2,2
103,-3779.665,9495.374,222.186,-173.114,-0.992778,0.119887,-0.004329,-0.119883,-0.992787,-0.001065,-0.004425,-0.000539,0.999990,0,0.64000,0.36376,38.400,0.728,-1,400.000,-1,400.000,-1,325.000,325.000,300.000,300.000,-1,-1,1000.000,-1,750.000,775.000,-1,-1,2,0,2,0,2,0,0,0,0,2,2,0,2,0,0,2,2
104,-3819.589,9490.037,221.853,-172.387,-0.991179,0.132483,-0.003629,-0.132483,-0.991185,-0.000273,-0.003633,0.000210,0.999993,0,0.67133,0.36376,40.280,0.728,-1,400.000,-1,400.000,-1,325.000,325.000,300.000,300.000,-1,-1,925.000,-1,750.000,800.000,-1,-1,2,0,2,0,2,0,0,0,0,2,2,0,2,0,0,2,2
105,-3859.443,9484.194,221.521,-171.659,-0.989419,0.145058,-0.002944,-0.145060,-0.989423,0.000564,-0.002831,0.000985,0.999996,0,0.67133,0.36376,40.280,0.728,-1,400.000,-1,400.000,-1,325.000,325.000,300.000,300.000,-1,-1,850.000,-1,750.000,800.000,-1,-1,2,0,2,0,2,0,0,0,0,2,2,0,2,0,0,2,2
106,-3899.219,9477.846,221.240,-170.932,-0.987499,0.157609,-0.002394,-0.157612,-0.987500,0.001241,-0.002169,0.001603,0.999996,0,0.67133,0.36376,40.280,0.728,-1,400.000,-1,400.000,-1,325.000,325.000,300.000,300.000,-1,-1,800.000,-1,750.000,800.000,-1,-1,2,0,2,0,2,0,0,0,0,2,2,0,2,0,0,2,2
107,-3938.971,9470.980,220.989,-170.201,-0.985409,0.170189,-0.002362,-0.170193,-0.985409,0.001766,-0.002027,0.002142,0.999996,0,0.67234,0.36534,40.340,0.731,-1,400.000,-1,400.000,-1,325.000,325.000,300.000,300.000,-1,-1,800.000,-1,750.000,825.000,-1,-1,2,0,2,0,2,0,0,0,0,2,2,0,2,0,0,2,2
108,-3978.744,9463.583,220.750,-169.464,-0.983139,0.182844,-0.002446,-0.182850,-0.983138,0.002408,-0.001965,0.002814,0.999994,0,0.67425,0.36834,40.455,0.737,-1,400.000,-1,400.000,-1,325.000,325.000,300.000,300.000,-1,-1,800.000,-1,750.000,825.000,-1,-1,2,0,2,0,2,0,0,0,0,2,2,0,2,0,0,2,2
109,-4018.530,9455.649,220.554,-168.722,-0.980685,0.195572,-0.002936,-0.195581,-0.980683,0.003153,-0.002262,0.003667,0.999991,0,0.67616,0.37135,40.569,0.743,-1,400.000,-1,400.000,-1,325.000,325.000,300.000,300.000,-1,-1,850.000,-1,750.000,825.000,-1,-1,2,0,2,0,2,0,0,0,0,2,2,0,2,0,0,2,2
110,-4058.320,9447.172,220.335,-167.973,-0.978044,0.208370,-0.003498,-0.208383,-0.978040,0.003783,-0.002633,0.004429,0.999987,0,0.67805,0.37438,40.683,0.749,-1,400.000,-1,400.000,-1,325.000,325.000,300.000,275.000,-1,-1,875.000,-1,775.000,825.000,-1,-1,2,0,2,0,2,0,0,0,0,2,2,0,2,0,0,2,2
111,-4098.104,9438.146,220.119,-167.218,-0.975212,0.221236,-0.004070,-0.221254,-0.975206,0.004415,-0.002993,0.005206,0.999982,0,0.67992,0.37743,40.795,0.755,-1,400.000,-1,400.000,-1,325.000,325.000,300.000,275.000,-1,-1,925.000,-1,775.000,850.000,-1,-1,2,0,2,0,2,0,0,0,0,2,2,0,2,0,0,2,2
112,-4137.874,9428.567,219.908,-166.457,-0.972185,0.234168,-0.004651,-0.234190,-0.972178,0.005047,-0.003340,0.005996,0.999976,0,0.68178,0.38049,40.907,0.761,-1,400.000,-1,400.000,-1,325.000,325.000,300.000,275.000,-1,-1,950.000,-1,775.000,850.000,-1,-1,2,0,2,0,2,0,0,0,0,2,2,0,2,0,0,2,2
113,-4182.116,9417.089,219.677,-165.456,-0.967943,0.251114,-0.005322,-0.251143,-0.967933,0.005751,-0.003707,0.006903,0.999969,0,0.76178,0.50049,45.707,1.001,-1,400.000,-1,400.000,-1,325.000,325.000,300.000,300.000,-1,-1,975.000,-1,775.000,850.000,-1,-1,2,0,2,0,2,0,0,0,0,2,2,0,2,0,0,2,2
114,-4227.425,9404.281,219.444,-164.215,-0.962274,0.272016,-0.006043,-0.272053,-0.962260,0.006469,-0.004055,0.007869,0.999961,0,0.78474,0.62049,47.084,1.241,-1,400.000,-1,400.000,-1,325.000,325.000,300.000,300.000,-1,-1,-1,-1,775.000,850.000,-1,-1,2,0,2,0,2,0,0,0,0,2,2,2,2,0,0,2,2
115,-4272.516,9390.266,219.219,-162.734,-0.954918,0.296793,-0.006803,-0.296839,-0.954901,0.007179,-0.004366,0.008875,0.999951,0,0.78698,0.74049,47.219,1.481,-1,400.000,-1,400.000,-1,325.000,325.000,300.000,300.000,-1,-1,-1,-1,750.000,850.000,-1,-1,2,0,2,0,2,0,0,0,0,2,2,2,2,0,0,2,2
116,-4317.300,9374.857,219.072,-161.013,-0.945571,0.325334,-0.007321,-0.325387,-0.945550,0.007695,-0.004419,0.009658,0.999944,0,0.78936,0.86049,47.362,1.721,-1,375.000,-1,400.000,-1,325.000,325.000,300.000,300.000,-1,-1,-1,-1,750.000,850.000,-1,-1,2,0,2,0,2,0,0,0,0,2,2,2,2,0,0,2,2
117,-4361.676,9357.869,219.066,-159.052,-0.933885,0.357498,-0.007335,-0.357551,-0.933860,0.007895,-0.004027,0.009995,0.999942,0,0.79193,0.98049,47.516,1.961,-1,375.000,-1,400.000,-1,325.000,325.000,300.000,300.000,-1,-1,-1,-1,750.000,850.000,-1,-1,2,0,2,0,2,0,0,0,0,2,2,2,2,0,0,2,2
118,-4405.587,9339.277,219.072,-157.052,-0.920840,0.389870,-0.007351,-0.389923,-0.920811,0.008147,-0.003592,0.010369,0.999940,0,0.79475,1.00000,47.685,2.000,-1,400.000,-1,400.000,-1,325.000,325.000,300.000,300.000,-1,-1,-1,-1,750.000,850.000,-1,-1,2,0,2,0,2,0,0,0,0,2,2,2,2,0,0,2,2
119,-4448.985,9319.089,219.091,-155.052,-0.906674,0.421767,-0.007381,-0.421820,-0.906640,0.008455,-0.003126,0.010779,0.999937,0,0.79773,1.00000,47.864,2.000,-1,400.000,-1,400.000,-1,325.000,325.000,300.000,300.000,-1,-1,-1,-1,750.000,850.000,-1,-1,2,0,2,0,2,0,0,0,0,2,2,2,2,0,0,2,2
120,-4491.818,9297.313,219.013,-153.052,-0.891406,0.453147,-0.007327,-0.453200,-0.891360,0.009317,-0.002309,0.011626,0.999930,0,0.80085,1.00000,48.051,2.000,-1,400.000,-1,400.000,-1,325.000,325.000,300.000,300.000,-1,-1,1000.000,-1,750.000,850.000,-1,-1,2,0,2,0,2,0,0,0,0,2,2,0,2,0,0,2,2
121,-4534.036,9273.961,218.841,-151.052,-0.875049,0.483971,-0.007804,-0.484031,-0.874989,0.010428,-0.001781,0.012902,0.999915,0,0.80410,1.00000,48.246,2.000,975.000,400.000,-1,400.000,-1,325.000,325.000,300.000,300.000,-1,-1,1000.000,-1,750.000,850.000,-1,-1,1,0,2,0,2,0,0,0,0,2,2,0,2,0,0,2,2
122,-4575.588,9249.045,218.547,-149.052,-0.857623,0.514200,-0.009018,-0.514276,-0.857543,0.011829,-0.001651,0.014782,0.999889,0,0.80750,1.00000,48.450,2.000,925.000,400.000,-1,400.000,-1,325.000,325.000,300.000,300.000,-1,-1,1000.000,-1,750.000,825.000,-1,-1,1,0,2,0,2,0,0,0,0,2,2,0,2,0,0,2,2
123,-4616.423,9222.579,218.339,-147.052,-0.839154,0.543797,-0.010221,-0.543892,-0.839049,0.013394,-0.001292,0.016798,0.999858,0,0.81103,1.00000,48.662,2.000,875.000,400.000,-1,400.000,-1,325.000,325.000,300.000,300.000,-1,-1,1000.000,-1,750.000,825.000,-1,-1,1,0,2,0,2,0,0,0,0,2,2,0,2,0,0,2,2
124,-4656.490,9194.578,218.173,-145.052,-0.819665,0.572728,-0.011446,-0.572842,-0.819531,0.014885,-0.000855,0.018758,0.999824,0,0.81470,1.00000,48.882,2.000,825.000,400.000,-1,400.000,-1,325.000,325.000,300.000,300.000,-1,-1,1000.000,-1,750.000,825.000,1000.000,-1,1,0,2,0,2,0,0,0,0,2,2,0,2,0,0,1,2
125,-4695.738,9165.058,218.027,-143.052,-0.799181,0.600959,-0.012563,-0.601091,-0.799015,0.016268,-0.000261,0.020552,0.999789,0,0.81850,1.00000,49.110,2.000,775.000,400.000,-1,400.000,-1,325.000,325.000,300.000,300.000,-1,-1,950.000,-1,750.000,825.000,925.000,-1,1,0,2,0,2,0,0,0,0,2,2,0,2,0,0,1,2
126,-4734.115,9134.039,217.884,-141.052,-0.777727,0.628458,-0.013475,-0.628602,-0.777530,0.017534,0.000542,0.022107,0.999755,0,0.82243,1.00000,49.346,2.000,725.000,400.000,-1,400.000,-1,325.000,325.000,300.000,300.000,-1,-1,925.000,-1,750.000,800.000,875.000,-1,1,0,2,0,2,0,0,0,0,2,2,0,2,0,0,1,2
127,-4771.570,9101.539,217.893,-139.052,-0.755324,0.655194,-0.014373,-0.655351,-0.755104,0.018249,0.001104,0.023203,0.999730,0,0.82649,1.00000,49.589,2.000,700.000,400.000,-1,400.000,-1,325.000,325.000,300.000,300.000,-1,-1,900.000,-1,750.000,800.000,800.000,-1,1,0,2,0,2,0,0,0,0,2,2,0,2,1,0,1,2
128,-4808.051,9067.581,218.060,-137.052,-0.731998,0.681138,-0.015198,-0.681306,-0.731768,0.018399,0.001411,0.023823,0.999715,0,0.83068,1.00000,49.841,2.000,650.000,400.000,-1,400.000,-1,325.000,325.000,300.000,300.000,-1,-1,900.000,-1,700.000,800.000,750.000,-1,1,0,2,0,2,0,0,0,0,2,2,0,2,1,0,1,2
129,-4843.509,9032.188,218.275,-135.052,-0.707781,0.706252,-0.015953,-0.706430,-0.707541,0.018507,0.001783,0.024368,0.999701,0,0.83498,1.00000,50.099,2.000,600.000,400.000,-1,400.000,-1,325.000,325.000,300.000,300.000,-1,-1,900.000,-1,675.000,775.000,700.000,-1,1,0,2,0,2,0,0,0,0,2,2,0,2,1,0,1,2
130,-4877.891,8995.385,218.537,-133.052,-0.682704,0.730506,-0.016635,-0.730692,-0.682454,0.018580,0.002220,0.024839,0.999689,0,0.83941,1.00000,50.364,2.000,575.000,375.000,-1,400.000,-1,325.000,325.000,300.000,300.000,-1,-1,925.000,-1,625.000,775.000,625.000,-1,1,0,2,0,2,0,0,0,0,2,2,0,2,1,0,1,2
131,-4911.146,8957.199,218.842,-131.052,-0.656796,0.753871,-0.017239,-0.754063,-0.656538,0.018601,0.002705,0.025217,0.999678,0,0.84394,1.00000,50.637,2.000,525.000,375.000,-1,400.000,-1,325.000,325.000,300.000,325.000,-1,-1,925.000,-1,600.000,775.000,575.000,-1,1,0,2,0,2,0,0,0,0,2,2,0,2,1,0,1,2
132,-4943.224,8917.660,219.135,-129.052,-0.630094,0.776322,-0.017465,-0.776511,-0.629827,0.018692,0.003511,0.025340,0.999673,0,0.84858,1.00000,50.915,2.000,475.000,375.000,-1,400.000,-1,325.000,325.000,300.000,325.000,-1,-1,925.000,-1,550.000,775.000,525.000,-1,1,0,2,0,2,0,0,0,0,2,2,0,2,1,0,1,2
133,-4974.073,8876.798,219.325,-127.052,-0.602640,0.797817,-0.017688,-0.797997,-0.602340,0.019701,0.005064,0.025988,0.999649,0,0.85333,1.00000,51.200,2.000,450.000,375.000,-1,400.000,-1,325.000,325.000,300.000,325.000,-1,-1,875.000,-1,525.000,775.000,475.000,-1,1,0,2,0,2,0,0,0,0,2,2,0,2,1,0,1,2
134,-5003.645,8834.647,219.589,-125.052,-0.574455,0.818341,-0.017890,-0.818509,-0.574121,0.020661,0.006637,0.026512,0.999626,0,0.85816,1.00000,51.490,2.000,400.000,375.000,-1,400.000,-1,325.000,325.000,300.000,325.000,-1,-1,875.000,-1,475.000,750.000,425.000,-1,1,1,2,0,2,0,0,0,0,2,2,0,2,1,1,1,2
135,-5031.888,8791.243,219.927,-123.052,-0.545571,0.837870,-0.018067,-0.838024,-0.545206,0.021573,0.008225,0.026910,0.999604,0,0.86308,1.00000,51.785,2.000,350.000,350.000,-1,400.000,-1,325.000,325.000,300.000,325.000,-1,975.000,850.000,-1,450.000,700.000,375.000,-1,1,1,2,0,2,0,0,0,0,2,0,0,2,1,1,1,2
136,-5058.754,8746.622,220.338,-121.052,-0.516024,0.856381,-0.018217,-0.856518,-0.515629,0.022441,0.009825,0.027183,0.999582,0,0.86807,1.00000,52.084,2.000,325.000,325.000,950.000,400.000,-1,325.000,325.000,300.000,325.000,-1,950.000,825.000,-1,425.000,650.000,350.000,-1,1,1,1,0,2,1,0,0,0,2,0,0,2,1,1,1,2
