timestep,x_cm,y_cm,z_cm,yaw_deg,basis_xx,basis_xy,basis_xz,basis_yx,basis_yy,basis_yz,basis_zx,basis_zy,basis_zz,teleport_flag,throttle_cmd,steering_cmd,cmd_move_cm,cmd_turn_deg,lidar_cm_0,lidar_cm_1,lidar_cm_2,lidar_cm_3,lidar_cm_4,lidar_cm_5,lidar_cm_6,lidar_cm_7,lidar_cm_8,lidar_cm_9,lidar_cm_10,lidar_cm_11,lidar_cm_12,lidar_cm_13,lidar_cm_14,lidar_cm_15,lidar_cm_16,lidar_class_0,lidar_class_1,lidar_class_2,lidar_class_3,lidar_class_4,lidar_class_5,lidar_class_6,lidar_class_7,lidar_class_8,lidar_class_9,lidar_class_10,lidar_class_11,lidar_class_12,lidar_class_13,lidar_class_14,lidar_class_15,lidar_class_16
0,6235.458,1642.333,11.056,31.155,0.855550,-0.516841,-0.030174,0.513988,0.854924,-0.070151,0.062053,0.044508,0.997080,1,0.08000,-0.12000,4.800,-0.240,475.000,375.000,-1,400.000,-1,325.000,325.000,325.000,325.000,-1,-1,850.000,550.000,625.000,775.000,575.000,-1,1,0,2,0,2,0,0,0,0,2,2,0,1,1,0,1,2
1,6243.673,1647.299,11.647,31.155,0.855547,-0.516839,-0.030269,0.513975,0.854922,-0.070275,0.062198,0.044566,0.997068,0,0.16000,0.00000,9.600,0.000,475.000,375.000,-1,400.000,-1,325.000,325.000,325.000,325.000,-1,1000.000,850.000,550.000,625.000,775.000,575.000,-1,1,0,2,0,2,0,0,0,0,2,0,0,1,1,0,1,2
2,6255.991,1654.758,12.537,31.195,0.855179,-0.517439,-0.030410,0.514557,0.854556,-0.070460,0.062446,0.044609,0.997051,0,0.24000,0.02014,14.400,0.040,475.000,375.000,-1,400.000,-1,325.000,325.000,325.000,325.000,-1,1000.000,850.000,550.000,625.000,775.000,575.000,-1,1,0,2,0,2,0,0,0,0,2,0,0,1,1,0,1,2
3,6272.407,1664.716,13.731,31.240,0.854773,-0.518100,-0.030596,0.515193,0.854153,-0.070705,0.062766,0.044674,0.997028,0,0.32000,0.02220,19.200,0.044,450.000,375.000,-1,400.000,-1,325.000,325.000,325.000,325.000,-1,1000.000,850.000,550.000,600.000,775.000,550.000,-1,1,0,2,0,2,0,0,0,0,2,0,0,1,1,0,1,2
4,6292.916,1677.180,15.235,31.290,0.854314,-0.518842,-0.030827,0.515906,0.853697,-0.071007,0.063158,0.044759,0.996999,0,0.40000,0.02498,24.000,0.050,450.000,375.000,-1,400.000,-1,325.000,325.000,325.000,325.000,-1,975.000,825.000,575.000,600.000,775.000,525.000,-1,1,0,2,0,2,0,0,0,0,2,0,0,1,1,0,1,2
5,6317.513,1692.163,17.040,31.347,0.853792,-0.519688,-0.031032,0.516717,0.853175,-0.071389,0.063576,0.044917,0.996966,0,0.48000,0.02850,28.800,0.057,425.000,375.000,-1,400.000,-1,325.000,325.000,325.000,325.000,-1,975.000,825.000,575.000,575.000,775.000,525.000,-1,1,0,2,0,2,0,0,0,0,2,0,0,1,1,0,1,2
6,6346.188,1709.675,19.163,31.412,0.853193,-0.520659,-0.031245,0.517650,0.852572,-0.071834,0.064040,0.045115,0.996927,0,0.56000,0.03278,33.600,0.066,400.000,375.000,-1,400.000,-1,325.000,325.000,325.000,325.000,-1,975.000,800.000,575.000,575.000,775.000,500.000,-1,1,0,2,0,2,0,0,0,0,2,0,0,1,1,0,1,2
7,6378.934,1729.732,21.619,31.488,0.852499,-0.521780,-0.031480,0.518726,0.851875,-0.072337,0.064561,0.045337,0.996883,0,0.64000,0.03784,38.400,0.076,400.000,375.000,-1,400.000,-1,325.000,325.000,325.000,325.000,-1,975.000,800.000,600.000,550.000,800.000,475.000,-1,1,0,2,0,2,0,0,0,0,2,0,0,1,1,0,1,2
8,6413.572,1751.021,24.242,31.575,0.851698,-0.523072,-0.031727,0.519970,0.851068,-0.072903,0.065135,0.045594,0.996834,0,0.67762,0.04369,40.657,0.087,375.000,375.000,-1,400.000,-1,325.000,325.000,325.000,325.000,-1,950.000,800.000,600.000,550.000,800.000,425.000,-1,1,0,2,0,2,0,0,0,0,2,0,0,1,1,0,1,2
9,6448.043,1772.291,26.888,31.675,0.850780,-0.524549,-0.031964,0.521397,0.850145,-0.073468,0.065712,0.045839,0.996785,0,0.67509,0.04994,40.506,0.100,350.000,375.000,-1,400.000,-1,325.000,325.000,300.000,325.000,-1,950.000,775.000,625.000,525.000,800.000,400.000,-1,1,0,2,0,2,0,0,0,0,2,0,0,1,1,0,1,2
10,6482.331,1793.540,29.555,31.787,0.849746,-0.526210,-0.032189,0.523009,0.849106,-0.074034,0.066289,0.046075,0.996736,0,0.67230,0.05619,40.338,0.112,325.000,375.000,-1,400.000,-1,325.000,325.000,300.000,325.000,-1,950.000,775.000,650.000,500.000,800.000,375.000,-1,1,1,2,0,2,0,0,0,0,2,0,0,1,1,0,1,2
11,6516.418,1814.766,32.154,31.910,0.848632,-0.528014,-0.032013,0.524774,0.847955,-0.074737,0.066608,0.046625,0.996689,0,0.66926,0.06139,40.156,0.123,300.000,375.000,-1,400.000,-1,325.000,325.000,300.000,325.000,-1,950.000,800.000,675.000,500.000,800.000,350.000,-1,1,1,2,0,2,0,0,1,0,2,0,0,1,1,0,1,2
12,6550.291,1835.963,34.766,32.037,0.847478,-0.529877,-0.031793,0.526598,0.846760,-0.075448,0.066900,0.047199,0.996643,0,0.66598,0.06347,39.959,0.127,275.000,350.000,-1,400.000,-1,325.000,325.000,300.000,325.000,-1,975.000,825.000,675.000,475.000,825.000,325.000,-1,1,1,2,0,2,0,0,1,0,2,0,0,1,1,0,1,2
13,6583.937,1857.125,37.388,32.168,0.846287,-0.531793,-0.031532,0.528476,0.845525,-0.076167,0.067166,0.047795,0.996596,0,0.66246,0.06537,39.748,0.131,250.000,350.000,-1,400.000,-1,325.000,325.000,275.000,300.000,-1,1000.000,850.000,700.000,475.000,825.000,300.000,-1,1,1,2,0,2,0,0,1,0,2,0,0,1,1,0,1,2
14,6620.906,1880.381,40.293,32.171,0.846288,-0.531812,-0.031199,0.528457,0.845464,-0.076971,0.067312,0.048652,0.996545,0,0.72792,0.00139,43.675,0.003,225.000,325.000,-1,400.000,-1,325.000,325.000,275.000,300.000,-1,-1,875.000,725.000,450.000,825.000,250.000,-1,1,1,2,0,2,0,0,1,0,2,2,0,1,1,0,1,2
15,6657.892,1903.665,44.113,32.187,0.846202,-0.531936,-0.031397,0.528193,0.845113,-0.082439,0.070386,0.053176,0.996101,0,0.72840,0.00836,43.704,0.017,200.000,325.000,-1,400.000,-1,325.000,325.000,250.000,300.000,-1,875.000,775.000,750.000,450.000,850.000,250.000,-1,1,1,2,0,2,0,0,1,0,2,0,0,1,1,0,1,2
16,6694.864,1926.977,49.239,32.219,0.846064,-0.532094,-0.032427,0.527382,0.844340,-0.094647,0.077741,0.062976,0.994983,0,0.72844,0.01568,43.706,0.031,200.000,325.000,-1,425.000,-1,325.000,350.000,250.000,300.000,-1,650.000,525.000,750.000,450.000,925.000,250.000,-1,1,1,2,0,2,1,0,1,0,2,0,0,1,1,0,1,2
17,6731.794,1950.305,54.386,32.265,0.845818,-0.532426,-0.033387,0.526650,0.843342,-0.106840,0.085041,0.072784,0.993715,0,0.72800,0.02334,43.680,0.047,200.000,325.000,-1,450.000,-1,325.000,350.000,250.000,300.000,-1,525.000,350.000,750.000,475.000,975.000,250.000,-1,1,1,2,0,2,1,0,1,0,2,0,0,1,1,0,1,2
18,6768.650,1973.645,59.444,32.328,0.845450,-0.532959,-0.034206,0.526082,0.842143,-0.118461,0.091941,0.082157,0.992369,0,0.72705,0.03135,43.623,0.063,200.000,325.000,-1,450.000,-1,325.000,375.000,250.000,275.000,-1,425.000,250.000,775.000,475.000,-1,275.000,-1,1,1,2,0,2,1,0,1,0,2,0,0,1,1,2,1,2
19,6805.397,1996.986,64.229,32.407,0.844930,-0.533745,-0.034778,0.525847,0.840805,-0.128575,0.097868,0.090349,0.991090,0,0.72555,0.03971,43.533,0.079,200.000,350.000,-1,475.000,-1,325.000,400.000,250.000,275.000,-1,375.000,200.000,775.000,500.000,-1,275.000,-1,1,1,2,0,2,1,1,1,0,2,0,0,1,1,2,1,2
20,6842.000,2020.324,68.936,32.504,0.844265,-0.534767,-0.035210,0.525843,0.839276,-0.138219,0.103466,0.098179,0.989776,0,0.72347,0.04842,43.408,0.097,200.000,350.000,-1,500.000,-1,325.000,400.000,250.000,275.000,-1,350.000,175.000,800.000,525.000,-1,275.000,-1,1,1,2,0,2,1,1,1,0,2,0,0,1,1,2,1,2
21,6878.419,2043.648,73.539,32.619,0.843450,-0.536032,-0.035507,0.526072,0.837550,-0.147508,0.108808,0.105737,0.988423,0,0.72078,0.05747,43.247,0.115,225.000,350.000,-1,500.000,-1,325.000,400.000,225.000,275.000,-1,325.000,150.000,800.000,525.000,-1,300.000,-1,1,1,2,0,2,1,1,1,0,2,0,0,1,1,2,1,2
22,6914.617,2066.949,78.064,32.753,0.842474,-0.537557,-0.035652,0.526576,0.835631,-0.156327,0.113826,0.112928,0.987062,0,0.71746,0.06684,43.048,0.134,225.000,350.000,-1,525.000,-1,325.000,400.000,225.000,275.000,-1,300.000,125.000,775.000,550.000,-1,300.000,-1,1,1,2,0,2,1,1,1,0,2,0,0,0,1,2,1,2
23,6950.553,2090.218,82.508,32.906,0.841326,-0.539352,-0.035640,0.527373,0.833522,-0.164681,0.118528,0.119755,0.985703,0,0.71351,0.07651,42.810,0.153,225.000,350.000,-1,525.000,-1,325.000,375.000,225.000,275.000,-1,300.000,125.000,700.000,575.000,-1,325.000,-1,1,1,2,1,2,1,1,1,0,2,0,0,0,1,2,1,2
24,6986.186,2113.445,86.872,33.079,0.839999,-0.541427,-0.035470,0.528481,0.831219,-0.172579,0.122923,0.126221,0.984357,0,0.70890,0.08644,42.534,0.173,225.000,350.000,-1,525.000,-1,325.000,400.000,200.000,250.000,-1,300.000,100.000,625.000,600.000,-1,350.000,-1,1,1,2,1,2,1,1,1,0,2,0,0,0,1,2,1,2
25,7021.478,2136.619,91.152,33.272,0.838486,-0.543790,-0.035141,0.529911,0.828721,-0.180042,0.127027,0.132341,0.983031,0,0.70365,0.09661,42.219,0.193,225.000,350.000,-1,550.000,-1,325.000,400.000,200.000,250.000,-1,275.000,100.000,575.000,675.000,-1,400.000,-1,1,1,2,1,2,1,1,1,0,2,0,0,0,1,2,1,2
26,7056.389,2159.730,95.257,33.486,0.836793,-0.546420,-0.034686,0.531596,0.825991,-0.187471,0.131089,0.138435,0.981657,0,0.69778,0.10695,41.867,0.214,250.000,350.000,-1,550.000,-1,325.000,400.000,200.000,250.000,-1,275.000,75.000,525.000,-1,-1,500.000,-1,1,1,2,1,2,1,1,1,0,2,0,0,0,2,2,1,2
27,7090.883,2182.769,99.272,33.721,0.834902,-0.549343,-0.034070,0.533613,0.823058,-0.194505,0.134891,0.144212,0.980310,0,0.69133,0.11742,41.480,0.235,250.000,350.000,-1,550.000,-1,350.000,400.000,175.000,250.000,-1,275.000,75.000,500.000,-1,-1,-1,-1,1,1,2,1,2,1,1,1,0,2,0,0,0,2,2,2,2
28,7124.928,2205.723,103.195,33.969,0.832876,-0.552457,-0.033307,0.535868,0.819993,-0.201138,0.138431,0.149674,0.978997,0,0.68434,0.12433,41.060,0.249,275.000,375.000,-1,575.000,-1,350.000,400.000,175.000,250.000,-1,250.000,50.000,450.000,-1,-1,-1,-1,1,1,2,1,2,1,1,1,0,2,0,0,0,2,2,2,2
29,7162.733,2231.684,107.446,34.458,0.828669,-0.558869,-0.031211,0.541406,0.814434,-0.208751,0.142084,0.156088,0.977471,0,0.76434,0.24433,45.860,0.489,300.000,375.000,-1,575.000,-1,350.000,400.000,175.000,250.000,-1,250.000,50.000,425.000,-1,-1,-1,-1,1,1,2,1,2,1,1,1,0,2,0,0,0,2,2,2,2
30,1639.826,8199.150,254.859,119.749,-0.496404,-0.867770,-0.023620,0.868055,-0.495949,-0.022691,0.007976,-0.031767,0.999463,1,0.00000,0.00000,49.975,0.729,-1,400.000,-1,400.000,-1,325.000,325.000,300.000,300.000,-1,-1,-1,-1,775.000,775.000,-1,-1,2,0,2,0,2,0,0,0,0,2,2,2,2,0,0,2,2
31,1637.461,8203.327,254.897,119.509,-0.492765,-0.869840,-0.023658,0.870125,-0.492310,-0.022651,0.008055,-0.031747,0.999463,0,0.08000,-0.12000,4.800,-0.240,-1,400.000,-1,400.000,-1,325.000,325.000,300.000,300.000,-1,-1,-1,-1,775.000,775.000,-1,-1,2,0,2,0,2,0,0,0,0,2,2,2,2,0,0,2,2
32,1632.803,8211.721,254.976,119.029,-0.485462,-0.873935,-0.023735,0.874219,-0.485007,-0.022570,0.008213,-0.031707,0.999463,0,0.16000,-0.24000,9.600,-0.480,-1,400.000,-1,400.000,-1,325.000,325.000,300.000,300.000,-1,-1,-1,-1,775.000,775.000,-1,-1,2,0,2,0,2,0,0,0,0,2,2,2,2,0,0,2,2
33,1625.974,8224.399,255.099,118.309,-0.474444,-0.879963,-0.023849,0.880245,-0.473988,-0.022449,0.008450,-0.031644,0.999463,0,0.24000,-0.36000,14.400,-0.720,-1,400.000,-1,400.000,-1,325.000,325.000,300.000,300.000,-1,-1,-1,-1,775.000,775.000,-1,-1,2,0,2,0,2,0,0,0,0,2,2,2,2,0,0,2,2
34,1617.145,8241.449,255.272,117.378,-0.460079,-0.887554,-0.023998,0.887835,-0.459622,-0.022285,0.008749,-0.031559,0.999464,0,0.32000,-0.46570,19.200,-0.931,-1,400.000,-1,400.000,-1,325.000,325.000,300.000,300.000,-1,-1,-1,-1,775.000,775.000,-1,-1,2,0,2,0,2,0,0,0,0,2,2,2,2,0,0,2,2
35,1606.453,8262.936,255.501,116.456,-0.445744,-0.894834,-0.024182,0.895115,-0.445288,-0.022079,0.008989,-0.031487,0.999464,0,0.40000,-0.46081,24.000,-0.922,-1,400.000,-1,400.000,-1,325.000,325.000,300.000,300.000,-1,-1,-1,-1,775.000,775.000,-1,-1,2,0,2,0,2,0,0,0,0,2,2,2,2,0,0,2,2
36,1594.033,8288.920,255.788,115.546,-0.431483,-0.901791,-0.024398,0.902074,-0.431028,-0.021831,0.009170,-0.031429,0.999464,0,0.48000,-0.45477,28.800,-0.910,-1,400.000,-1,400.000,-1,325.000,325.000,300.000,300.000,-1,-1,-1,-1,775.000,775.000,-1,-1,2,0,2,0,2,0,0,0,0,2,2,2,2,0,0,2,2
37,1580.018,8319.458,256.138,114.651,-0.417343,-0.908415,-0.024647,0.908702,-0.416890,-0.021540,0.009292,-0.031386,0.999464,0,0.56000,-0.44750,33.600,-0.895,-1,400.000,-1,400.000,-1,325.000,325.000,300.000,300.000,-1,-1,-1,-1,775.000,775.000,-1,-1,2,0,2,0,2,0,0,0,0,2,2,2,2,0,0,2,2
38,1564.539,8354.600,256.551,113.773,-0.403372,-0.914697,-0.024925,0.914988,-0.402922,-0.021207,0.009355,-0.031360,0.999464,0,0.64000,-0.43897,38.400,-0.878,-1,400.000,-1,400.000,-1,325.000,325.000,300.000,300.000,-1,-1,-1,-1,775.000,775.000,-1,-1,2,0,2,0,2,0,0,0,0,2,2,2,2,0,0,2,2
39,1547.718,8394.390,257.032,112.915,-0.389621,-0.920630,-0.025230,0.920928,-0.389176,-0.020832,0.009359,-0.031352,0.999465,0,0.72000,-0.42913,43.200,-0.858,-1,400.000,-1,400.000,-1,325.000,325.000,300.000,300.000,-1,-1,-1,-1,775.000,775.000,-1,-1,2,0,2,0,2,0,0,0,0,2,2,2,2,0,0,2,2
40,1529.675,8438.870,257.527,112.079,-0.376146,-0.926214,-0.025321,0.926512,-0.375707,-0.020484,0.009460,-0.031165,0.999469,0,0.80000,-0.41794,48.000,-0.836,-1,400.000,-1,400.000,-1,325.000,325.000,300.000,300.000,-1,-1,-1,-1,775.000,750.000,-1,-1,2,0,2,0,2,0,0,0,0,2,2,2,2,0,0,2,2
41,1510.523,8488.074,258.085,111.269,-0.362999,-0.931443,-0.025394,0.931741,-0.362566,-0.020145,0.009557,-0.030973,0.999475,0,0.88000,-0.40538,52.800,-0.811,-1,400.000,-1,400.000,-1,325.000,325.000,300.000,300.000,-1,-1,-1,-1,775.000,750.000,-1,-1,2,0,2,0,2,0,0,0,0,2,2,2,2,0,0,2,2
42,1490.364,8542.032,258.716,110.486,-0.350235,-0.936315,-0.025482,0.936612,-0.349807,-0.019815,0.009640,-0.030806,0.999479,0,0.96000,-0.39144,57.600,-0.783,-1,400.000,-1,400.000,-1,325.000,325.000,300.000,300.000,-1,-1,-1,-1,775.000,750.000,-1,-1,2,0,2,0,2,0,0,0,0,2,2,2,2,0,0,2,2
43,1470.848,8596.438,259.358,109.733,-0.337908,-0.940831,-0.025581,0.941129,-0.337484,-0.019521,0.009733,-0.030671,0.999482,0,0.96334,-0.37615,57.800,-0.752,-1,400.000,-1,400.000,-1,325.000,325.000,300.000,300.000,-1,-1,-1,-1,775.000,750.000,-1,-1,2,0,2,0,2,0,0,0,0,2,2,2,2,0,0,2,2
44,1452.017,8651.091,259.958,109.012,-0.326042,-0.945003,-0.025817,0.945302,-0.325612,-0.019516,0.010036,-0.030767,0.999476,0,0.96344,-0.36068,57.807,-0.721,-1,400.000,-1,400.000,-1,325.000,325.000,300.000,300.000,-1,-1,-1,-1,775.000,750.000,-1,-1,2,0,2,0,2,0,0,0,0,2,2,2,2,0,0,2,2
45,1433.863,8705.915,260.588,108.322,-0.314639,-0.948856,-0.025972,0.949155,-0.314203,-0.019544,0.010384,-0.030801,0.999472,0,0.96252,-0.34516,57.751,-0.690,-1,400.000,-1,400.000,-1,325.000,325.000,300.000,300.000,-1,-1,-1,-1,775.000,750.000,-1,-1,2,0,2,0,2,0,0,0,0,2,2,2,2,0,0,2,2
46,1416.375,8760.836,261.230,107.662,-0.303703,-0.952408,-0.026128,0.952706,-0.303261,-0.019579,0.010724,-0.030838,0.999467,0,0.96062,-0.32973,57.637,-0.659,-1,400.000,-1,400.000,-1,325.000,325.000,300.000,300.000,-1,-1,-1,-1,750.000,750.000,-1,-1,2,0,2,0,2,0,0,0,0,2,2,2,2,0,0,2,2
47,1399.541,8815.783,261.883,107.033,-0.293235,-0.955679,-0.026282,0.955977,-0.292786,-0.019620,0.011055,-0.030878,0.999462,0,0.95781,-0.31451,57.469,-0.629,-1,400.000,-1,400.000,-1,325.000,325.000,300.000,300.000,-1,-1,-1,-1,750.000,750.000,-1,-1,2,0,2,0,2,0,0,0,0,2,2,2,2,0,0,2,2
48,1383.354,8870.697,262.547,106.424,-0.283069,-0.958735,-0.026436,0.959032,-0.282615,-0.019667,0.011384,-0.030920,0.999457,0,0.95415,-0.30441,57.249,-0.609,-1,400.000,-1,400.000,-1,325.000,325.000,300.000,300.000,-1,-1,-1,-1,750.000,750.000,-1,-1,2,0,2,0,2,0,0,0,0,2,2,2,2,0,0,2,2
49,1367.810,8925.519,263.219,105.830,-0.273108,-0.961616,-0.026589,0.961912,-0.272647,-0.019720,0.011714,-0.030962,0.999452,0,0.94972,-0.29738,56.983,-0.595,-1,400.000,-1,400.000,-1,325.000,325.000,300.000,300.000,-1,-1,-1,-1,750.000,750.000,-1,-1,2,0,2,0,2,0,0,0,0,2,2,2,2,0,0,2,2
50,1352.906,8980.199,263.900,105.247,-0.263320,-0.964338,-0.026742,0.964633,-0.262852,-0.019778,0.012044,-0.031004,0.999447,0,0.94459,-0.29138,56.675,-0.583,-1,400.000,-1,400.000,-1,325.000,325.000,300.000,300.000,-1,-1,-1,-1,750.000,750.000,-1,-1,2,0,2,0,2,0,0,0,0,2,2,2,2,0,0,2,2
51,1339.984,9030.440,264.542,104.424,-0.249454,-0.968013,-0.026883,0.968306,-0.248978,-0.019838,0.012510,-0.030980,0.999442,0,0.86459,-0.41138,51.875,-0.823,-1,400.000,-1,400.000,-1,325.000,325.000,300.000,300.000,-1,-1,-1,-1,750.000,750.000,-1,-1,2,0,2,0,2,0,0,0,0,2,2,2,2,0,0,2,2
52,1328.979,9076.211,265.144,103.518,-0.234130,-0.971830,-0.027015,0.972118,-0.233646,-0.019897,0.013025,-0.030920,0.999437,0,0.78459,-0.45285,47.075,-0.906,-1,400.000,-1,400.000,-1,325.000,325.000,300.000,300.000,-1,-1,-1,-1,750.000,750.000,-1,-1,2,0,2,0,2,0,0,0,0,2,2,2,2,0,0,2,2
53,1319.745,9117.466,265.702,102.617,-0.218827,-0.975386,-0.027135,0.975670,-0.218336,-0.019955,0.013540,-0.030841,0.999433,0,0.70459,-0.45052,42.275,-0.901,-1,400.000,-1,400.000,-1,325.000,325.000,300.000,300.000,-1,-1,-1,-1,750.000,750.000,-1,-1,2,0,2,0,2,0,0,0,0,2,2,2,2,0,0,2,2
54,1311.358,9157.899,266.291,101.719,-0.203518,-0.978689,-0.027340,0.978970,-0.203016,-0.020063,0.014085,-0.030848,0.999425,0,0.68823,-0.44918,41.294,-0.898,-1,400.000,-1,400.000,-1,325.000,325.000,300.000,300.000,-1,-1,-1,-1,750.000,750.000,-1,-1,2,0,2,0,2,0,0,0,0,2,2,2,2,0,0,2,2
55,1303.678,9198.075,266.919,100.822,-0.188184,-0.981745,-0.027630,0.982024,-0.187667,-0.020266,0.014710,-0.030947,0.999413,0,0.68173,-0.44858,40.904,-0.897,-1,400.000,-1,400.000,-1,325.000,325.000,300.000,300.000,-1,-1,-1,-1,750.000,750.000,-1,-1,2,0,2,0,2,0,0,0,0,2,2,2,2,0,0,2,2
56,1296.413,9239.604,267.596,99.922,-0.172760,-0.984569,-0.027894,0.984845,-0.172229,-0.020447,0.015327,-0.031004,0.999402,0,0.70265,-0.44981,42.159,-0.900,-1,400.000,-1,400.000,-1,325.000,325.000,300.000,300.000,-1,-1,-1,-1,750.000,750.000,-1,-1,2,0,2,0,2,0,0,0,0,2,2,2,2,0,0,2,2
57,1289.850,9280.902,268.353,99.030,-0.157429,-0.987137,-0.027865,0.987399,-0.156885,-0.020746,0.016107,-0.030780,0.999396,0,0.69694,-0.44590,41.816,-0.892,-1,400.000,-1,400.000,-1,325.000,325.000,300.000,300.000,-1,-1,-1,-1,750.000,750.000,-1,-1,2,0,2,0,2,0,0,0,0,2,2,2,2,0,0,2,2
58,1283.978,9321.948,269.122,98.141,-0.142099,-0.989461,-0.027847,0.989709,-0.141542,-0.021048,0.016884,-0.030551,0.999391,0,0.69107,-0.44479,41.464,-0.890,-1,400.000,-1,400.000,-1,325.000,325.000,300.000,300.000,-1,-1,-1,-1,750.000,750.000,-1,-1,2,0,2,0,2,0,0,0,0,2,2,2,2,0,0,2,2
59,1278.789,9362.726,269.903,97.252,-0.126748,-0.991544,-0.027838,0.991778,-0.126178,-0.021352,0.017659,-0.030316,0.999384,0,0.68510,-0.44438,41.106,-0.889,-1,400.000,-1,400.000,-1,325.000,325.000,300.000,300.000,-1,-1,-1,-1,750.000,750.000,-1,-1,2,0,2,0,2,0,0,0,0,2,2,2,2,0,0,2,2
60,1274.274,9403.222,270.694,96.363,-0.111357,-0.993390,-0.027841,0.993610,-0.110774,-0.021658,0.018431,-0.030074,0.999378,0,0.67912,-0.44466,40.747,-0.889,-1,400.000,-1,400.000,-1,325.000,325.000,300.000,300.000,-1,-1,-1,-1,750.000,750.000,-1,-1,2,0,2,0,2,0,0,0,0,2,2,2,2,0,0,2,2
61,1270.423,9443.428,271.496,95.472,-0.095905,-0.995001,-0.027853,0.995205,-0.095310,-0.021966,0.019201,-0.029826,0.999371,0,0.67317,-0.44561,40.390,-0.891,-1,400.000,-1,400.000,-1,325.000,325.000,300.000,300.000,-1,-1,-1,-1,750.000,750.000,-1,-1,2,0,2,0,2,0,0,0,0,2,2,2,2,0,0,2,2
62,1267.227,9483.339,272.308,94.577,-0.080375,-0.996375,-0.027877,0.996565,-0.079767,-0.022273,0.019969,-0.029571,0.999363,0,0.66732,-0.44721,40.039,-0.894,-1,400.000,-1,400.000,-1,325.000,325.000,300.000,300.000,-1,-1,-1,-1,750.000,750.000,-1,-1,2,0,2,0,2,0,0,0,0,2,2,2,2,0,0,2,2
63,1264.681,9522.956,273.131,93.678,-0.064747,-0.997511,-0.027911,0.997686,-0.064127,-0.022581,0.020735,-0.029308,0.999355,0,0.66164,-0.44945,39.698,-0.899,-1,400.000,-1,400.000,-1,325.000,325.000,300.000,300.000,-1,-1,-1,-1,750.000,750.000,-1,-1,2,0,2,0,2,0,0,0,0,2,2,2,2,0,0,2,2
64,1262.776,9562.281,273.963,92.774,-0.049004,-0.998407,-0.027955,0.998567,-0.048371,-0.022887,0.021498,-0.029037,0.999347,0,0.65618,-0.45230,39.371,-0.905,-1,400.000,-1,400.000,-1,325.000,325.000,300.000,300.000,-1,-1,-1,-1,750.000,750.000,-1,-1,2,0,2,0,2,0,0,0,0,2,2,2,2,0,0,2,2
65,1261.507,9601.320,274.806,91.862,-0.033128,-0.999059,-0.028010,0.999203,-0.032482,-0.023192,0.022261,-0.028756,0.999339,0,0.65099,-0.45576,39.059,-0.912,-1,400.000,-1,400.000,-1,325.000,325.000,300.000,300.000,-1,-1,-1,-1,750.000,750.000,-1,-1,2,0,2,0,2,0,0,0,0,2,2,2,2,0,0,2,2
66,1260.595,9645.170,275.767,91.191,-0.021430,-0.999376,-0.028076,0.999507,-0.020771,-0.023535,0.022937,-0.028567,0.999329,0,0.73099,-0.33576,43.859,-0.672,-1,400.000,-1,400.000,-1,325.000,325.000,300.000,300.000,-1,-1,-1,-1,750.000,750.000,-1,-1,2,0,2,0,2,0,0,0,0,2,2,2,2,0,0,2,2
67,1259.951,9693.825,276.843,90.759,-0.013916,-0.999507,-0.028148,0.999626,-0.013244,-0.023917,0.023532,-0.028470,0.999318,0,0.81099,-0.21576,48.659,-0.432,-1,400.000,-1,400.000,-1,325.000,325.000,300.000,300.000,-1,-1,-1,-1,750.000,750.000,-1,-1,2,0,2,0,2,0,0,0,0,2,2,2,2,0,0,2,2
68,1259.436,9745.767,277.997,90.568,-0.010589,-0.999546,-0.028222,0.999655,-0.009903,-0.024323,0.024032,-0.028470,0.999306,0,0.86575,-0.09576,51.945,-0.192,-1,400.000,-1,400.000,-1,325.000,325.000,300.000,300.000,-1,-1,-1,-1,750.000,750.000,-1,-1,2,0,2,0,2,0,0,0,0,2,2,2,2,0,0,2,2
69,1258.879,9797.563,279.146,90.616,-0.011448,-0.999534,-0.028289,0.999636,-0.010749,-0.024726,0.024411,-0.028562,0.999294,0,0.86332,0.02424,51.799,0.048,-1,400.000,-1,400.000,-1,325.000,325.000,300.000,300.000,-1,-1,-1,-1,750.000,750.000,-1,-1,2,0,2,0,2,0,0,0,0,2,2,2,2,0,0,2,2
70,1258.063,9849.273,280.343,90.905,-0.016491,-0.999461,-0.028384,0.999562,-0.015781,-0.025027,0.024565,-0.028784,0.999284,0,0.86194,0.14424,51.716,0.288,-1,400.000,-1,400.000,-1,325.000,325.000,300.000,300.000,-1,-1,-1,-1,750.000,-1,-1,-1,2,0,2,0,2,0,0,0,0,2,2,2,2,0,2,2,2
71,1256.770,9900.947,281.685,91.433,-0.025715,-0.999267,-0.028359,0.999367,-0.024999,-0.025297,0.024570,-0.028992,0.999278,0,0.86151,0.26424,51.690,0.528,-1,400.000,-1,400.000,-1,325.000,325.000,300.000,300.000,-1,-1,-1,-1,750.000,-1,-1,-1,2,0,2,0,2,0,0,0,0,2,2,2,2,0,2,2,2
72,1254.599,9957.396,283.131,92.202,-0.039121,-0.998833,-0.028329,0.998935,-0.038399,-0.025593,0.024475,-0.029300,0.999271,0,0.94151,0.38424,56.490,0.768,-1,400.000,-1,400.000,-1,325.000,325.000,300.000,300.000,-1,-1,-1,-1,750.000,-1,-1,-1,2,0,2,0,2,0,0,0,0,2,2,2,2,0,2,2,2
73,1251.375,10014.883,284.574,93.210,-0.056701,-0.997990,-0.028293,0.998096,-0.055973,-0.025895,0.024259,-0.029707,0.999264,0,0.95962,0.50424,57.577,1.008,-1,400.000,-1,400.000,-1,325.000,325.000,300.000,300.000,-1,-1,-1,-1,750.000,-1,-1,-1,2,0,2,0,2,0,0,0,0,2,2,2,2,0,2,2,2
74,1246.858,10072.808,285.993,94.459,-0.078436,-0.996519,-0.028248,0.996632,-0.077703,-0.026199,0.023913,-0.030207,0.999258,0,0.96836,0.62424,58.101,1.248,-1,400.000,-1,400.000,-1,325.000,325.000,300.000,300.000,-1,-1,-1,-1,750.000,-1,-1,-1,2,0,2,0,2,0,0,0,0,2,2,2,2,0,2,2,2
75,1240.785,10131.108,287.379,95.947,-0.104299,-0.994146,-0.028190,0.994270,-0.103560,-0.026505,0.023431,-0.030793,0.999251,0,0.97691,0.74424,58.615,1.488,-1,400.000,-1,400.000,-1,325.000,325.000,300.000,300.000,-1,-1,-1,-1,750.000,-1,-1,-1,2,0,2,1,2,0,0,0,0,2,2,2,2,0,2,2,2
76,1232.891,10189.681,288.721,97.676,-0.134240,-0.990550,-0.028118,0.990686,-0.133497,-0.026813,0.022806,-0.031455,0.999245,0,0.98505,0.86424,59.103,1.728,-1,400.000,-1,-1,-1,325.000,325.000,300.000,300.000,-1,-1,-1,-1,750.000,-1,-1,-1,2,0,2,2,2,0,0,0,0,2,2,2,2,0,2,2,2
77,1222.914,10248.388,290.009,99.644,-0.168185,-0.985357,-0.028028,0.985509,-0.167440,-0.027120,0.022030,-0.032183,0.999239,0,0.99248,0.98424,59.549,1.968,-1,400.000,-1,-1,-1,325.000,350.000,300.000,300.000,-1,-1,-1,-1,750.000,-1,-1,-1,2,0,2,2,2,1,1,0,0,2,2,2,2,0,2,2,2
78,1210.877,10307.099,291.239,101.587,-0.201487,-0.979093,-0.027920,0.979261,-0.200739,-0.027426,0.021248,-0.032867,0.999234,0,0.99887,0.97125,59.932,1.943,-1,400.000,-1,-1,-1,325.000,375.000,300.000,300.000,-1,-1,-1,-1,750.000,-1,-1,-1,2,0,2,2,2,1,1,0,0,2,2,2,2,0,2,2,2
79,1196.879,10365.443,292.404,103.491,-0.233918,-0.971859,-0.027796,0.972041,-0.233169,-0.027730,0.020468,-0.033505,0.999229,0,1.00000,0.95245,60.000,1.905,-1,400.000,-1,-1,-1,325.000,375.000,300.000,300.000,-1,-1,-1,-1,750.000,-1,-1,-1,2,0,2,2,2,0,1,0,0,2,2,2,2,0,2,2,2
80,1180.988,10423.300,293.514,105.357,-0.265427,-0.963733,-0.027699,0.963930,-0.264677,-0.028012,0.019665,-0.034135,0.999224,0,1.00000,0.93274,60.000,1.865,-1,400.000,-1,-1,-1,325.000,375.000,300.000,300.000,-1,-1,-1,-1,750.000,-1,-1,-1,2,0,2,2,2,0,1,0,0,2,2,2,2,0,2,2,2
81,1163.268,10480.623,291.090,107.181,-0.295557,-0.955149,-0.018371,0.955289,-0.295324,-0.014372,0.008302,-0.021798,0.999728,0,1.00000,0.91212,60.000,1.824,-1,375.000,-1,725.000,-1,300.000,350.000,325.000,275.000,-1,-1,-1,-1,700.000,-1,-1,-1,2,0,2,1,2,0,1,0,0,2,2,2,2,0,2,2,2
82,1143.770,10537.367,287.724,108.965,-0.324960,-0.945697,-0.007650,0.945711,-0.324992,0.003386,-0.005689,-0.006134,0.999965,0,1.00000,0.89215,60.000,1.784,-1,350.000,-1,500.000,-1,275.000,300.000,325.000,250.000,-1,-1,-1,-1,650.000,-1,-1,-1,2,0,2,1,2,0,1,0,0,2,2,2,2,0,2,2,2
83,1122.748,10593.564,285.476,110.510,-0.350404,-0.936598,-0.000546,0.936458,-0.350362,0.017134,-0.016239,0.005492,0.999853,0,1.00000,0.77215,60.000,1.544,-1,325.000,-1,400.000,-1,250.000,250.000,350.000,225.000,-1,-1,-1,-1,600.000,825.000,-1,-1,2,0,2,1,2,0,1,0,0,2,2,2,2,0,1,2,2
84,1100.452,10649.268,284.287,111.814,-0.371783,-0.928313,0.003615,0.928023,-0.371563,0.026731,-0.023472,0.013293,0.999636,0,1.00000,0.65215,60.000,1.304,-1,300.000,-1,325.000,-1,250.000,225.000,350.000,275.000,-1,-1,-1,-1,575.000,600.000,-1,-1,2,0,2,1,2,0,0,0,1,2,2,2,2,0,1,2,2
85,1077.125,10704.548,284.070,112.878,-0.389071,-0.921192,0.005346,0.920796,-0.388717,0.032157,-0.027545,0.017434,0.999469,0,1.00000,0.53215,60.000,1.064,-1,300.000,-1,275.000,-1,250.000,225.000,350.000,-1,-1,-1,-1,-1,550.000,475.000,-1,-1,2,0,2,1,2,0,0,0,2,2,2,2,2,0,1,2,2
86,1053.006,10759.486,284.744,113.703,-0.402303,-0.915492,0.005106,0.915056,-0.401924,0.033614,-0.028721,0.018195,0.999422,0,1.00000,0.41215,60.000,0.824,-1,300.000,-1,250.000,-1,250.000,225.000,350.000,-1,-1,-1,-1,-1,550.000,425.000,-1,1000.000,2,0,2,0,2,0,0,0,2,2,2,2,2,0,0,2,1
87,1028.327,10814.176,286.225,114.287,-0.411550,-0.911381,0.003281,0.910979,-0.411255,0.031408,-0.027275,0.015915,0.999501,0,1.00000,0.29215,60.000,0.584,-1,300.000,-1,250.000,-1,250.000,225.000,350.000,-1,-1,-1,-1,-1,550.000,425.000,-1,825.000,2,0,2,0,2,0,0,0,2,2,2,2,2,0,0,2,1
88,1003.321,10868.717,288.423,114.631,-0.416897,-0.908954,0.000169,0.908650,-0.416752,0.025935,-0.023503,0.010965,0.999664,0,1.00000,0.17215,60.000,0.344,-1,300.000,-1,275.000,-1,250.000,225.000,350.000,-1,-1,-1,-1,-1,575.000,450.000,-1,700.000,2,0,2,0,2,0,0,0,2,2,2,2,2,0,0,2,1
89,978.216,10923.211,291.239,114.736,-0.418426,-0.908242,-0.004008,0.908078,-0.418429,0.017668,-0.017724,0.003753,0.999836,0,1.00000,0.05215,60.000,0.104,-1,325.000,-1,275.000,-1,250.000,250.000,350.000,-1,-1,-1,-1,-1,600.000,500.000,-1,625.000,2,0,2,0,2,0,0,0,2,2,2,2,2,0,0,2,1
90,953.239,10977.765,294.567,114.600,-0.416208,-0.909224,-0.009085,0.909211,-0.416274,0.007152,-0.010284,-0.005284,0.999933,0,1.00000,-0.06785,60.000,-0.136,-1,350.000,-1,300.000,-1,275.000,250.000,325.000,-1,-1,-1,-1,-1,625.000,550.000,-1,800.000,2,0,2,0,2,0,0,0,2,2,2,2,2,0,0,2,0
91,928.784,11032.117,296.776,114.224,-0.410332,-0.911900,-0.008110,0.911932,-0.410288,-0.006642,0.002730,-0.010121,0.999945,0,0.99334,-0.18785,59.600,-0.376,-1,350.000,-1,325.000,-1,300.000,275.000,325.000,-1,-1,-1,-1,-1,700.000,600.000,-1,-1,2,0,2,0,2,0,0,0,2,2,2,2,2,0,0,2,2
92,905.175,11086.135,297.012,113.609,-0.400540,-0.916277,0.002206,0.915993,-0.400474,-0.024029,0.022901,-0.007603,0.999709,0,0.98252,-0.30785,58.951,-0.616,-1,400.000,-1,375.000,-1,325.000,300.000,325.000,-1,-1,300.000,0.000,-1,825.000,700.000,-1,-1,2,0,2,0,2,0,0,0,2,2,0,0,2,0,0,2,2
93,882.618,11139.922,297.932,112.753,-0.386719,-0.922156,0.008728,0.921316,-0.386746,-0.040052,0.040310,-0.007447,0.999159,0,0.97207,-0.42785,58.324,-0.856,-1,425.000,-1,400.000,-1,350.000,325.000,325.000,-1,-1,0.000,0.000,-1,950.000,800.000,-1,-1,2,0,2,0,2,0,0,0,2,2,0,1,2,0,0,2,2
94,861.152,11193.516,296.750,111.827,-0.371349,-0.928314,0.018274,0.927284,-0.371798,-0.043705,0.047366,0.000716,0.998877,0,0.96220,-0.46315,57.732,-0.926,-1,450.000,-1,400.000,-1,350.000,325.000,350.000,-1,-1,0.000,0.000,950.000,975.000,800.000,-1,-1,2,0,2,0,2,0,0,0,2,2,0,1,0,1,0,2,2
95,840.762,11246.910,296.208,110.900,-0.355918,-0.934183,0.024997,0.933036,-0.356732,-0.046762,0.052602,0.006679,0.998593,0,0.95258,-0.46320,57.155,-0.926,-1,450.000,-1,400.000,-1,350.000,325.000,350.000,-1,-1,0.000,0.000,750.000,925.000,825.000,-1,-1,2,0,2,0,2,0,0,0,2,2,0,1,0,1,0,2,2
96,821.430,11300.096,296.272,109.975,-0.340504,-0.939791,0.029156,0.938564,-0.341585,-0.049169,0.056168,0.010622,0.998365,0,0.94316,-0.46275,56.590,-0.926,-1,475.000,-1,400.000,-1,350.000,325.000,350.000,-1,-1,0.000,0.000,725.000,900.000,825.000,-1,-1,2,0,2,0,2,0,0,0,2,2,0,0,0,1,0,2,2
97,803.135,11353.072,296.892,109.051,-0.325160,-0.945153,0.030937,0.943867,-0.326383,-0.050893,0.058199,0.012652,0.998225,0,0.93410,-0.46184,56.046,-0.924,-1,475.000,-1,400.000,-1,350.000,325.000,350.000,-1,-1,0.000,0.000,775.000,875.000,825.000,-1,-1,2,0,2,0,2,0,0,0,2,2,0,0,1,1,0,2,2
98,785.855,11405.846,298.022,108.130,-0.309916,-0.950274,0.030519,0.948945,-0.311148,-0.051873,0.058790,0.012885,0.998187,0,0.92552,-0.46048,55.531,-0.921,-1,475.000,-1,400.000,-1,350.000,325.000,350.000,-1,-1,0.000,0.000,825.000,825.000,825.000,-1,-1,2,0,2,0,2,0,0,0,2,2,0,0,1,1,0,2,2
99,769.565,11458.432,299.625,107.213,-0.294783,-0.955151,0.028108,0.953799,-0.295898,-0.052069,0.058051,0.011460,0.998248,0,0.91752,-0.45870,55.051,-0.917,-1,475.000,-1,400.000,-1,350.000,325.000,350.000,-1,-1,0.000,0.000,900.000,800.000,825.000,1000.000,-1,2,0,2,0,2,0,0,0,2,2,0,0,1,1,0,1,2
100,754.239,11510.849,301.663,106.300,-0.279758,-0.959773,0.023899,0.958431,-0.280648,-0.051450,0.056088,0.008512,0.998390,0,0.91019,-0.45654,54.611,-0.913,1000.000,450.000,-1,400.000,-1,350.000,325.000,350.000,-1,-1,0.000,0.000,975.000,750.000,825.000,925.000,-1,1,0,2,0,2,0,0,0,2,2,0,0,1,1,0,1,2
101,739.851,11563.118,304.104,105.392,-0.264827,-0.964126,0.018080,0.962838,-0.265411,-0.049994,0.052999,0.004168,0.998586,0,0.90356,-0.45400,54.213,-0.908,900.000,450.000,-1,400.000,-1,350.000,325.000,350.000,-1,-1,0.000,0.000,-1,725.000,800.000,850.000,-1,1,0,2,0,2,0,0,0,2,2,0,0,2,1,0,1,2
102,726.376,11615.263,306.913,104.489,-0.249967,-0.968194,0.010830,0.967020,-0.250198,-0.047688,0.048881,-0.001447,0.998804,0,0.89765,-0.45114,53.859,-0.902,800.000,450.000,-1,400.000,-1,350.000,325.000,350.000,-1,-1,0.000,0.000,-1,700.000,800.000,775.000,-1,1,0,2,0,2,0,0,0,2,2,0,0,2,1,0,1,2
103,713.791,11667.312,310.061,103.593,-0.235153,-0.971956,0.002322,0.970970,-0.235021,-0.044528,0.043825,-0.008217,0.999005,0,0.89248,-0.44796,53.549,-0.896,725.000,425.000,-1,400.000,-1,350.000,325.000,325.000,-1,-1,0.000,0.000,-1,675.000,775.000,725.000,-1,1,0,2,0,2,0,0,0,2,2,0,0,2,1,0,1,2
104,702.073,11719.288,313.516,102.704,-0.220355,-0.975393,-0.007284,0.974683,-0.219892,-0.040517,0.037918,-0.016027,0.999152,0,0.88803,-0.44449,53.282,-0.889,625.000,425.000,-1,400.000,-1,325.000,325.000,325.000,-1,-1,150.000,0.000,-1,625.000,775.000,650.000,-1,1,0,2,0,2,0,0,0,2,2,0,0,2,1,0,1,2
105,691.201,11771.218,317.296,101.823,-0.205547,-0.978481,-0.018024,0.978152,-0.204822,-0.035581,0.031124,-0.024944,0.999204,0,0.88427,-0.44076,53.056,-0.882,550.000,400.000,-1,400.000,-1,325.000,325.000,325.000,-1,-1,775.000,650.000,-1,600.000,775.000,575.000,-1,1,0,2,0,2,0,0,0,2,2,0,0,2,1,0,1,2
106,681.156,11823.126,320.990,100.949,-0.190694,-0.981246,-0.028130,0.981337,-0.189833,-0.030677,0.024762,-0.033455,0.999133,0,0.88118,-0.43679,52.871,-0.874,475.000,400.000,-1,400.000,-1,325.000,325.000,300.000,-1,-1,-1,-1,-1,575.000,750.000,500.000,-1,1,0,2,0,2,0,0,0,2,2,2,2,2,1,0,1,2
107,671.062,11879.906,322.474,100.081,-0.175807,-0.984020,-0.028216,0.984098,-0.174937,-0.030802,0.025374,-0.033182,0.999127,0,0.96118,-0.43431,57.671,-0.869,425.000,400.000,-1,400.000,-1,325.000,325.000,300.000,-1,-1,-1,-1,-1,575.000,750.000,475.000,-1,1,0,2,0,2,0,0,0,2,2,2,2,2,1,0,1,2
108,661.740,11937.398,324.025,99.210,-0.160842,-0.986577,-0.028200,0.986637,-0.159967,-0.030955,0.026029,-0.032802,0.999123,0,0.97071,-0.43533,58.242,-0.871,375.000,400.000,-1,400.000,-1,325.000,325.000,300.000,-1,-1,-1,-1,-1,575.000,750.000,450.000,-1,1,0,2,0,2,0,0,0,2,2,2,2,2,1,0,1,2
109,653.353,11994.626,325.594,98.338,-0.145817,-0.988910,-0.028189,0.988952,-0.144937,-0.031110,0.026679,-0.032414,0.999118,0,0.96398,-0.43596,57.839,-0.872,350.000,400.000,-1,400.000,-1,325.000,325.000,300.000,-1,-1,-1,-1,-1,575.000,750.000,400.000,-1,1,0,2,0,2,0,0,0,2,2,2,2,2,1,0,1,2
110,646.241,12047.186,327.051,97.706,-0.134908,-0.990457,-0.028184,0.990485,-0.134022,-0.031253,0.027177,-0.032132,0.999114,0,0.88398,-0.31596,53.039,-0.632,300.000,400.000,-1,400.000,-1,325.000,325.000,300.000,-1,-1,-1,-1,-1,575.000,750.000,375.000,-1,1,0,2,0,2,0,0,0,2,2,2,2,2,1,0,1,2
111,640.100,12095.032,328.387,97.314,-0.128135,-0.991356,-0.028182,0.991375,-0.127245,-0.031383,0.027526,-0.031960,0.999110,0,0.80398,-0.19596,48.239,-0.392,275.000,400.000,-1,400.000,-1,325.000,325.000,300.000,-1,-1,-1,-1,-1,600.000,750.000,350.000,-1,1,0,2,0,2,0,0,0,2,2,2,2,2,1,0,1,2
112,634.174,12142.194,329.835,97.162,-0.125507,-0.991709,-0.027604,0.991693,-0.124618,-0.031866,0.028162,-0.031374,0.999111,0,0.79220,-0.07596,47.532,-0.152,250.000,400.000,-1,400.000,-1,325.000,325.000,325.000,-1,-1,-1,-1,-1,600.000,750.000,325.000,-1,1,0,2,0,2,0,0,0,2,2,2,2,2,1,0,1,2
113,628.270,12188.943,331.577,97.198,-0.126113,-0.991684,-0.025652,0.991571,-0.125240,-0.033186,0.029698,-0.029621,0.999120,0,0.78533,0.01777,47.120,0.036,250.000,400.000,-1,400.000,-1,325.000,325.000,300.000,-1,-1,-1,-1,-1,600.000,775.000,300.000,-1,1,0,2,0,2,0,0,1,2,2,2,2,2,1,0,1,2
114,622.390,12235.267,333.419,97.236,-0.126748,-0.991664,-0.023187,0.991431,-0.125904,-0.034814,0.031605,-0.027401,0.999125,0,0.77826,0.01895,46.696,0.038,225.000,400.000,-1,400.000,-1,325.000,325.000,275.000,-1,-1,-1,-1,-1,625.000,775.000,300.000,-1,1,0,2,0,2,0,0,1,2,2,2,2,2,1,0,1,2
115,616.527,12281.189,335.362,97.277,-0.127418,-0.991643,-0.020215,0.991270,-0.126621,-0.036745,0.033879,-0.024721,0.999120,0,0.77157,0.02047,46.294,0.041,200.000,425.000,-1,400.000,-1,325.000,325.000,250.000,-1,-1,-1,-1,-1,650.000,800.000,275.000,-1,1,1,2,0,2,0,0,1,2,2,2,2,2,1,0,1,2
116,610.676,12326.734,337.404,97.321,-0.128129,-0.991616,-0.016737,0.991085,-0.127403,-0.038976,0.036517,-0.021582,0.999100,0,0.76532,0.02230,45.919,0.045,200.000,425.000,-1,400.000,-1,350.000,325.000,250.000,-1,-1,-1,950.000,-1,700.000,800.000,250.000,1000.000,1,1,2,0,2,0,0,1,2,2,2,0,2,1,0,1,1
117,604.831,12371.929,339.548,97.370,-0.128883,-0.991578,-0.012752,0.990872,-0.128258,-0.041504,0.039519,-0.017985,0.999057,0,0.75953,0.02443,45.572,0.049,175.000,425.000,-1,425.000,-1,350.000,350.000,225.000,-1,-1,850.000,725.000,-1,900.000,800.000,250.000,950.000,1,1,2,0,2,0,0,1,2,2,0,0,2,1,1,1,1
118,598.118,12421.852,342.193,97.659,-0.133710,-0.990996,-0.007014,0.990059,-0.133265,-0.044973,0.043634,-0.012957,0.998964,0,0.83953,0.14443,50.372,0.289,175.000,425.000,-1,425.000,-1,350.000,350.000,225.000,-1,-1,675.000,525.000,-1,875.000,775.000,-1,900.000,1,1,2,0,2,0,0,1,2,2,0,0,2,1,1,2,1
119,590.568,12474.325,345.351,98.188,-0.142558,-0.989786,0.000648,0.988575,-0.142416,-0.049374,0.048962,-0.006398,0.998780,0,0.88354,0.26443,53.012,0.529,150.000,425.000,-1,425.000,-1,375.000,350.000,200.000,-1,-1,525.000,375.000,-1,900.000,725.000,-1,875.000,1,1,2,0,2,0,0,1,2,2,0,0,2,1,1,2,1
120,582.349,12526.467,348.549,98.957,-0.155442,-0.987806,0.008767,0.986353,-0.155688,-0.053564,0.054276,0.000321,0.998526,0,0.87976,0.38443,52.785,0.769,200.000,450.000,-1,450.000,975.000,375.000,375.000,200.000,-1,-1,450.000,300.000,-1,900.000,700.000,-1,825.000,1,1,2,0,1,0,0,1,2,2,0,0,2,1,1,2,1
121,573.446,12578.261,350.901,99.753,-0.168926,-0.985540,0.013255,0.983988,-0.169405,-0.055405,0.056849,0.003683,0.998376,0,0.87589,0.39829,52.554,0.797,225.000,450.000,-1,450.000,875.000,400.000,375.000,200.000,-1,-1,425.000,275.000,-1,900.000,675.000,-1,775.000,1,1,2,0,1,0,0,1,2,2,0,0,2,1,1,2,1
122,563.855,12629.660,353.062,100.569,-0.182730,-0.983015,0.017071,0.981398,-0.183414,-0.056716,0.058884,0.006389,0.998244,0,0.87144,0.40781,52.286,0.816,-1,475.000,-1,475.000,750.000,400.000,375.000,175.000,-1,-1,400.000,250.000,-1,925.000,650.000,-1,725.000,2,1,2,0,1,0,0,1,2,2,0,0,2,1,1,2,1
123,553.576,12680.617,355.016,101.404,-0.196868,-0.980223,0.020125,0.978572,-0.197717,-0.057488,0.060330,0.008376,0.998143,0,0.86638,0.41748,51.983,0.835,-1,500.000,-1,475.000,675.000,400.000,400.000,150.000,-1,-1,375.000,225.000,-1,925.000,600.000,-1,675.000,2,1,2,1,1,0,0,1,2,2,0,0,2,1,1,2,1
124,542.618,12731.086,356.739,102.249,-0.211200,-0.977189,0.022300,0.975530,-0.212158,-0.057713,0.061128,0.009566,0.998084,0,0.86075,0.42277,51.645,0.846,-1,550.000,-1,450.000,600.000,400.000,400.000,150.000,-1,-1,375.000,225.000,-1,925.000,575.000,-1,625.000,2,1,2,1,1,1,0,1,2,2,0,0,2,1,1,2,1
125,530.997,12781.025,358.217,103.100,-0.225637,-0.973928,0.023496,0.972286,-0.226641,-0.057399,0.061227,0.009893,0.998075,0,0.85457,0.42532,51.274,0.851,-1,525.000,-1,425.000,550.000,400.000,400.000,125.000,-1,-1,375.000,200.000,-1,950.000,550.000,-1,550.000,2,1,2,1,1,1,1,1,2,2,0,0,2,1,1,2,1
126,518.728,12830.396,359.435,103.955,-0.240171,-0.970443,0.023632,0.968838,-0.241151,-0.056563,0.060590,0.009311,0.998119,0,0.84787,0.42752,50.872,0.855,-1,500.000,-1,400.000,500.000,400.000,375.000,125.000,-1,-1,375.000,225.000,-1,1000.000,500.000,-1,500.000,2,1,2,1,1,1,1,1,2,2,0,0,2,1,1,2,1
127,505.831,12879.164,360.484,104.814,-0.254770,-0.966729,0.022945,0.965209,-0.255670,-0.054821,0.058863,0.008180,0.998233,0,0.84074,0.42936,50.445,0.859,-1,475.000,-1,375.000,450.000,375.000,350.000,100.000,275.000,-1,400.000,225.000,-1,-1,475.000,-1,450.000,2,1,2,1,1,1,1,1,0,2,0,0,2,2,1,2,1
128,492.323,12927.299,361.817,105.675,-0.269348,-0.962774,0.022757,0.961499,-0.270179,-0.050235,0.054514,0.008350,0.998478,0,0.83326,0.43084,49.995,0.862,-1,450.000,-1,325.000,375.000,350.000,325.000,100.000,275.000,-1,475.000,300.000,-1,-1,425.000,-1,400.000,2,1,2,1,1,1,1,1,0,2,0,0,2,2,1,2,1
129,478.223,12974.780,363.059,106.539,-0.283949,-0.958591,0.021810,0.957601,-0.284664,-0.044341,0.048713,0.008295,0.998778,0,0.82551,0.43195,49.530,0.864,-1,425.000,-1,300.000,325.000,325.000,300.000,100.000,275.000,-1,650.000,425.000,-1,-1,400.000,-1,325.000,2,1,2,1,1,1,1,1,0,2,0,0,2,2,1,2,1
130,463.550,13021.589,364.215,107.405,-0.298546,-0.954185,0.020048,0.953496,-0.299111,-0.037112,0.041408,0.008036,0.999110,0,0.81760,0.43270,49.056,0.865,-1,400.000,-1,275.000,275.000,300.000,275.000,100.000,275.000,-1,975.000,675.000,-1,-1,350.000,-1,275.000,2,1,2,1,1,1,1,1,0,2,0,0,2,2,1,2,1
131,448.321,13067.717,365.935,108.271,-0.313156,-0.949572,0.015716,0.949077,-0.313507,-0.031070,0.034430,0.005186,0.999394,0,0.80964,0.43309,48.578,0.866,-1,375.000,-1,250.000,225.000,275.000,250.000,125.000,275.000,-1,-1,-1,-1,-1,325.000,-1,225.000,2,1,2,1,1,1,1,1,0,2,2,2,2,2,1,2,1
132,432.552,13113.163,371.519,109.137,-0.328045,-0.944662,0.000494,0.943914,-0.327806,-0.039611,0.037581,-0.012528,0.999215,0,0.80172,0.43314,48.103,0.866,-1,375.000,-1,250.000,200.000,275.000,225.000,125.000,325.000,-1,-1,-1,-1,-1,300.000,-1,200.000,2,1,2,1,1,1,1,1,0,2,2,2,2,2,1,2,1
133,416.254,13157.925,376.862,110.003,-0.342894,-0.939258,-0.014763,0.938580,-0.341916,-0.046481,0.038610,-0.029794,0.998810,0,0.79395,0.43284,47.637,0.866,-1,375.000,-1,225.000,175.000,275.000,225.000,125.000,350.000,-1,-1,-1,-1,-1,300.000,-1,200.000,2,1,2,1,1,1,1,1,0,2,2,2,2,2,1,2,1
134,399.440,13202.013,381.524,110.867,-0.357700,-0.933309,-0.031386,0.933025,-0.355787,-0.053659,0.038913,-0.048478,0.998066,0,0.78642,0.43222,47.185,0.864,-1,375.000,-1,225.000,175.000,275.000,225.000,125.000,375.000,200.000,-1,-1,-1,-1,300.000,-1,175.000,2,1,2,1,1,1,1,1,1,1,2,2,2,2,1,2,1
135,382.118,13245.437,385.073,111.730,-0.372576,-0.926635,-0.050350,0.927123,-0.369314,-0.063647,0.040383,-0.070394,0.996701,0,0.77919,0.43129,46.751,0.863,-1,350.000,-1,225.000,150.000,275.000,200.000,125.000,375.000,125.000,-1,-1,-1,-1,275.000,-1,150.000,2,1,2,1,1,1,1,1,1,1,2,2,2,2,1,2,1
136,364.314,13288.221,391.904,112.590,-0.387411,-0.920527,-0.050428,0.920344,-0.382991,-0.079273,0.053659,-0.077123,0.995577,0,0.77233,0.43007,46.340,0.860,-1,400.000,-1,225.000,150.000,275.000,225.000,125.000,350.000,125.000,850.000,975.000,-1,-1,300.000,-1,150.000,2,1,2,1,1,1,1,1,1,1,0,0,2,2,1,2,1
