timestep,x_cm,y_cm,z_cm,yaw_deg,basis_xx,basis_xy,basis_xz,basis_yx,basis_yy,basis_yz,basis_zx,basis_zy,basis_zz,teleport_flag,throttle_cmd,steering_cmd,cmd_move_cm,cmd_turn_deg,lidar_cm_0,lidar_cm_1,lidar_cm_2,lidar_cm_3,lidar_cm_4,lidar_cm_5,lidar_cm_6,lidar_cm_7,lidar_cm_8,lidar_cm_9,lidar_cm_10,lidar_cm_11,lidar_cm_12,lidar_cm_13,lidar_cm_14,lidar_cm_15,lidar_cm_16,lidar_class_0,lidar_class_1,lidar_class_2,lidar_class_3,lidar_class_4,lidar_class_5,lidar_class_6,lidar_class_7,lidar_class_8,lidar_class_9,lidar_class_10,lidar_class_11,lidar_class_12,lidar_class_13,lidar_class_14,lidar_class_15,lidar_class_16
0,4922.461,-9507.263,-33.830,-128.365,-0.614960,0.783726,-0.087164,-0.781784,-0.620399,-0.062605,-0.103141,0.029644,0.994225,1,-0.08000,0.08327,-4.800,0.167,-1,400.000,-1,400.000,-1,325.000,325.000,325.000,100.000,-1,-1,-1,-1,850.000,750.000,-1,-1,2,0,2,0,2,0,0,0,1,2,2,2,2,0,0,2,2
1,4928.397,-9499.718,-32.836,-128.199,-0.612687,0.785513,-0.087084,-0.783603,-0.618118,-0.062430,-0.102868,0.029990,0.994243,0,-0.16000,0.08304,-9.600,0.166,-1,400.000,-1,400.000,-1,325.000,325.000,325.000,100.000,-1,-1,-1,-1,850.000,750.000,-1,-1,2,0,2,0,2,0,0,0,1,2,2,2,2,0,0,2,2
2,4935.659,-9490.436,-31.611,-128.034,-0.610424,0.787284,-0.086988,-0.785408,-0.615844,-0.062212,-0.102549,0.030345,0.994265,0,-0.19641,0.08260,-11.785,0.165,-1,400.000,-1,400.000,-1,325.000,325.000,325.000,100.000,-1,-1,-1,-1,850.000,750.000,-1,-1,2,0,2,0,2,0,0,0,1,2,2,2,2,0,0,2,2
3,4942.756,-9481.309,-30.408,-127.870,-0.608169,0.789037,-0.086896,-0.787197,-0.613578,-0.061994,-0.102234,0.030701,0.994287,0,-0.19269,0.08211,-11.561,0.164,-1,400.000,-1,400.000,-1,325.000,325.000,325.000,100.000,-1,-1,-1,-1,850.000,750.000,-1,-1,2,0,2,0,2,0,0,0,1,2,2,2,2,0,0,2,2
4,4949.692,-9472.337,-29.227,-127.706,-0.605921,0.790774,-0.086810,-0.788969,-0.611320,-0.061777,-0.101920,0.031059,0.994308,0,-0.18902,0.08166,-11.341,0.163,-1,400.000,-1,400.000,-1,325.000,325.000,325.000,100.000,-1,-1,-1,-1,850.000,750.000,-1,-1,2,0,2,0,2,0,0,0,1,2,2,2,2,0,0,2,2
5,4956.472,-9463.516,-28.067,-127.544,-0.603678,0.792496,-0.086729,-0.790726,-0.609067,-0.061559,-0.101609,0.031417,0.994328,0,-0.18542,0.08128,-11.125,0.163,-1,400.000,-1,400.000,-1,325.000,325.000,325.000,100.000,-1,-1,-1,-1,850.000,750.000,-1,-1,2,0,2,0,2,0,0,0,1,2,2,2,2,0,0,2,2
6,4963.098,-9454.844,-26.929,-127.382,-0.601440,0.794205,-0.086653,-0.792470,-0.606818,-0.061342,-0.101301,0.031776,0.994348,0,-0.18189,0.08094,-10.913,0.162,-1,400.000,-1,400.000,-1,325.000,325.000,325.000,100.000,-1,-1,-1,-1,850.000,750.000,-1,-1,2,0,2,0,2,0,0,0,1,2,2,2,2,0,0,2,2
7,4969.574,-9446.319,-25.812,-127.221,-0.599204,0.795901,-0.086581,-0.794201,-0.604573,-0.061126,-0.100994,0.032136,0.994368,0,-0.17843,0.08065,-10.706,0.161,-1,400.000,-1,400.000,-1,325.000,325.000,325.000,100.000,-1,-1,-1,-1,850.000,750.000,-1,-1,2,0,2,0,2,0,0,0,1,2,2,2,2,0,0,2,2
8,4975.903,-9437.938,-24.715,-127.060,-0.596969,0.797586,-0.086514,-0.795920,-0.602330,-0.060909,-0.100690,0.032497,0.994387,0,-0.17503,0.08041,-10.502,0.161,-1,400.000,-1,400.000,-1,325.000,325.000,325.000,100.000,-1,-1,-1,-1,850.000,750.000,-1,-1,2,0,2,0,2,0,0,0,1,2,2,2,2,0,0,2,2
9,4982.089,-9429.699,-23.638,-126.899,-0.594735,0.799260,-0.086451,-0.797629,-0.600087,-0.060693,-0.100388,0.032860,0.994406,0,-0.17171,0.08021,-10.303,0.160,-1,400.000,-1,400.000,-1,325.000,325.000,325.000,100.000,-1,-1,-1,-1,850.000,750.000,-1,-1,2,0,2,0,2,0,0,0,1,2,2,2,2,0,0,2,2
10,4988.135,-9421.599,-22.581,-126.739,-0.592501,0.800924,-0.086393,-0.799328,-0.597844,-0.060478,-0.100088,0.033223,0.994424,0,-0.16846,0.08005,-10.108,0.160,-1,400.000,-1,400.000,-1,325.000,325.000,325.000,100.000,-1,-1,-1,-1,850.000,750.000,-1,-1,2,0,2,0,2,0,0,0,1,2,2,2,2,0,0,2,2
11,4994.045,-9413.635,-21.544,-126.579,-0.590265,0.802579,-0.086339,-0.801018,-0.595600,-0.060263,-0.099790,0.033588,0.994442,0,-0.16529,0.07994,-9.917,0.160,-1,400.000,-1,400.000,-1,325.000,325.000,325.000,100.000,-1,-1,-1,-1,850.000,750.000,-1,-1,2,0,2,0,2,0,0,0,1,2,2,2,2,0,0,2,2
12,4999.823,-9405.804,-20.525,-126.420,-0.588026,0.804226,-0.086289,-0.802699,-0.593353,-0.060049,-0.099493,0.033953,0.994459,0,-0.16219,0.07985,-9.732,0.160,-1,400.000,-1,400.000,-1,325.000,325.000,325.000,100.000,-1,-1,-1,-1,875.000,750.000,-1,-1,2,0,2,0,2,0,0,0,1,2,2,2,2,0,0,2,2
13,5005.472,-9398.104,-19.525,-126.260,-0.585784,0.805866,-0.086242,-0.804374,-0.591103,-0.059836,-0.099198,0.034320,0.994476,0,-0.15917,0.07980,-9.550,0.160,-1,400.000,-1,400.000,-1,325.000,325.000,325.000,100.000,-1,-1,-1,-1,875.000,775.000,-1,-1,2,0,2,0,2,0,0,0,1,2,2,2,2,0,0,2,2
14,5010.994,-9390.530,-18.334,-126.100,-0.583652,0.807520,-0.085211,-0.806032,-0.588865,-0.059586,-0.098295,0.033905,0.994580,0,-0.15622,0.07979,-9.373,0.160,-1,425.000,-1,400.000,-1,325.000,325.000,300.000,100.000,-1,-1,-1,-1,875.000,775.000,-1,-1,2,0,2,0,2,0,0,0,1,2,2,2,2,0,0,2,2
15,5016.395,-9383.081,-16.793,-125.941,-0.581711,0.809205,-0.082461,-0.807671,-0.586647,-0.059260,-0.096329,0.032129,0.994831,0,-0.15334,0.07980,-9.201,0.160,-1,425.000,-1,400.000,-1,325.000,325.000,300.000,100.000,-1,-1,-1,-1,875.000,800.000,-1,-1,2,0,2,0,2,0,0,0,1,2,2,2,2,0,0,2,2
16,5021.676,-9375.753,-15.305,-125.781,-0.579737,0.810879,-0.079879,-0.809309,-0.584420,-0.058927,-0.094466,0.030485,0.995061,0,-0.15054,0.07984,-9.033,0.160,-1,425.000,-1,400.000,-1,350.000,325.000,300.000,100.000,-1,-1,-1,-1,900.000,800.000,-1,-1,2,0,2,0,2,0,0,0,1,2,2,2,2,0,0,2,2
17,5026.842,-9368.543,-13.868,-125.621,-0.577733,0.812542,-0.077457,-0.810945,-0.582182,-0.058588,-0.092699,0.028966,0.995273,0,-0.14781,0.07991,-8.869,0.160,-1,425.000,-1,425.000,-1,350.000,350.000,300.000,100.000,-1,1000.000,-1,-1,900.000,825.000,-1,-1,2,0,2,0,2,0,0,0,1,2,0,2,2,0,0,2,2
18,5031.895,-9361.449,-12.479,-125.461,-0.575699,0.814197,-0.075189,-0.812579,-0.579934,-0.058243,-0.091026,0.027566,0.995467,0,-0.14516,0.08000,-8.710,0.160,-1,425.000,-1,425.000,-1,350.000,350.000,300.000,100.000,-1,825.000,-1,-1,925.000,850.000,-1,-1,2,0,2,0,2,0,0,0,1,2,0,2,2,0,0,2,2
19,5036.839,-9354.467,-11.136,-125.301,-0.573637,0.815844,-0.073066,-0.814212,-0.577674,-0.057893,-0.089440,0.026281,0.995645,0,-0.14258,0.08012,-8.555,0.160,-1,425.000,-1,425.000,-1,350.000,350.000,300.000,100.000,-1,700.000,-1,-1,925.000,850.000,-1,-1,2,0,2,0,2,0,0,0,1,2,0,2,2,0,0,2,2
20,5041.676,-9347.594,-9.838,-125.141,-0.571548,0.817484,-0.071083,-0.815843,-0.575404,-0.057540,-0.087940,0.025105,0.995809,0,-0.14007,0.08026,-8.404,0.161,-1,425.000,-1,425.000,-1,350.000,350.000,300.000,100.000,-1,625.000,925.000,-1,950.000,875.000,-1,-1,2,0,2,0,2,0,0,0,1,2,0,0,2,0,0,2,2
21,5046.410,-9340.828,-8.583,-124.980,-0.569432,0.819118,-0.069233,-0.817472,-0.573122,-0.057184,-0.086519,0.024033,0.995960,0,-0.13762,0.08042,-8.257,0.161,-1,450.000,-1,425.000,-1,350.000,350.000,300.000,100.000,-1,550.000,850.000,-1,950.000,900.000,-1,-1,2,0,2,0,2,0,0,0,1,2,0,0,2,0,0,2,2
22,5051.044,-9334.166,-7.369,-124.819,-0.567291,0.820745,-0.067510,-0.819101,-0.570829,-0.056826,-0.085176,0.023061,0.996099,0,-0.13525,0.08059,-8.115,0.161,-1,450.000,-1,450.000,-1,350.000,350.000,300.000,125.000,-1,500.000,800.000,-1,950.000,900.000,-1,-1,2,0,2,0,2,0,0,0,1,2,0,0,2,0,0,2,2
23,5055.580,-9327.604,-6.195,-124.657,-0.565125,0.822368,-0.065908,-0.820727,-0.568523,-0.056466,-0.083906,0.022183,0.996227,0,-0.13295,0.08079,-7.977,0.162,-1,450.000,-1,450.000,-1,350.000,350.000,300.000,125.000,-1,450.000,725.000,-1,975.000,925.000,-1,-1,2,0,2,0,2,0,0,0,1,2,0,0,2,0,0,2,2
24,5060.022,-9321.140,-5.059,-124.495,-0.562935,0.823987,-0.064423,-0.822353,-0.566205,-0.056105,-0.082706,0.021395,0.996344,0,-0.13071,0.08100,-7.843,0.162,-1,450.000,-1,450.000,-1,350.000,350.000,300.000,125.000,-1,425.000,700.000,-1,975.000,925.000,-1,-1,2,0,2,0,2,0,0,0,1,2,0,0,2,0,0,2,2
25,5064.372,-9314.771,-3.959,-124.333,-0.560721,0.825601,-0.063047,-0.823977,-0.563875,-0.055744,-0.081573,0.020693,0.996453,0,-0.12854,0.08123,-7.712,0.162,-1,450.000,-1,450.000,-1,375.000,375.000,300.000,125.000,-1,400.000,650.000,-1,975.000,950.000,-1,-1,2,0,2,0,2,0,0,0,1,2,0,0,2,0,0,2,2
26,5068.633,-9308.495,-2.894,-124.170,-0.558484,0.827212,-0.061778,-0.825600,-0.561532,-0.055382,-0.080503,0.020074,0.996552,0,-0.12643,0.08147,-7.586,0.163,-1,450.000,-1,450.000,-1,375.000,375.000,300.000,125.000,-1,375.000,625.000,-1,1000.000,950.000,-1,-1,2,0,2,0,2,0,0,0,1,2,0,0,2,0,0,2,2
27,5072.807,-9302.308,-1.863,-124.006,-0.556225,0.828819,-0.060609,-0.827221,-0.559176,-0.055022,-0.079494,0.019533,0.996644,0,-0.12439,0.08172,-7.463,0.163,-1,450.000,-1,450.000,-1,375.000,375.000,300.000,125.000,-1,350.000,600.000,-1,1000.000,975.000,-1,-1,2,0,2,0,2,0,0,0,1,2,0,0,2,0,0,2,2
28,5076.897,-9296.208,-0.865,-123.842,-0.553943,0.830423,-0.059537,-0.828842,-0.556806,-0.054662,-0.078543,0.019067,0.996728,0,-0.12240,0.08199,-7.344,0.164,-1,450.000,-1,475.000,-1,375.000,375.000,300.000,125.000,-1,350.000,600.000,-1,1000.000,975.000,-1,-1,2,0,2,0,2,0,0,0,1,2,0,0,2,0,0,2,2
29,5080.906,-9290.192,0.103,-123.678,-0.551639,0.832025,-0.058556,-0.830461,-0.554423,-0.054304,-0.077647,0.018673,0.996806,0,-0.12048,0.08227,-7.229,0.165,-1,450.000,-1,475.000,-1,375.000,375.000,300.000,125.000,-1,325.000,575.000,-1,-1,1000.000,-1,-1,2,0,2,0,2,0,0,0,1,2,0,0,2,2,0,2,2
30,5084.835,-9284.258,1.040,-123.513,-0.549313,0.833625,-0.057664,-0.832080,-0.552027,-0.053947,-0.076803,0.018347,0.996877,0,-0.11861,0.08256,-7.117,0.165,-1,450.000,-1,475.000,-1,375.000,375.000,300.000,125.000,-1,325.000,550.000,-1,-1,1000.000,-1,-1,2,0,2,0,2,0,0,0,1,2,0,0,2,2,0,2,2
31,5088.688,-9278.404,1.949,-123.347,-0.546966,0.835222,-0.056855,-0.833697,-0.549616,-0.053593,-0.076010,0.018086,0.996943,0,-0.11681,0.08286,-7.008,0.166,-1,475.000,-1,475.000,-1,375.000,375.000,300.000,125.000,-1,300.000,550.000,-1,-1,1000.000,-1,-1,2,0,2,0,2,0,0,0,1,2,0,0,2,2,0,2,2
32,5089.904,-9276.560,2.305,-123.421,-0.548101,0.834517,-0.056279,-0.832982,-0.550703,-0.053539,-0.075672,0.017535,0.996979,0,-0.03681,-0.03714,-2.208,-0.074,-1,475.000,-1,475.000,-1,375.000,375.000,300.000,125.000,-1,300.000,525.000,-1,-1,1000.000,-1,-1,2,0,2,0,2,0,0,0,1,2,0,0,2,2,0,2,2
33,5088.465,-9278.716,2.120,-123.735,-0.552713,0.831496,-0.055879,-0.829922,-0.555281,-0.053786,-0.075751,0.016647,0.996988,0,0.04319,-0.15714,2.592,-0.314,-1,475.000,-1,475.000,-1,375.000,375.000,300.000,125.000,-1,300.000,525.000,-1,-1,-1,-1,-1,2,0,2,0,2,0,0,0,1,2,0,0,2,2,2,2,2
34,5084.300,-9284.823,1.390,-124.290,-0.560765,0.826102,-0.055662,-0.824457,-0.563310,-0.054331,-0.076238,0.015424,0.996970,0,0.12319,-0.27714,7.392,-0.554,-1,475.000,-1,475.000,-1,375.000,375.000,300.000,125.000,-1,300.000,525.000,-1,-1,1000.000,-1,-1,2,0,2,0,2,0,0,0,1,2,0,0,2,2,0,2,2
35,5077.293,-9294.799,0.099,-125.084,-0.572184,0.818232,-0.055699,-0.816489,-0.574720,-0.055161,-0.077146,0.013915,0.996923,0,0.20319,-0.39714,12.192,-0.794,-1,475.000,-1,475.000,-1,375.000,375.000,300.000,125.000,-1,300.000,525.000,-1,-1,1000.000,-1,-1,2,0,2,0,2,0,0,0,1,2,0,0,2,2,0,2,2
36,5067.277,-9308.525,-1.777,-126.118,-0.586859,0.807742,-0.056113,-0.805874,-0.589409,-0.056250,-0.078509,0.012209,0.996839,0,0.28319,-0.51714,16.992,-1.034,-1,450.000,-1,475.000,-1,375.000,375.000,300.000,125.000,-1,300.000,525.000,-1,1000.000,1000.000,-1,-1,2,0,2,0,2,0,0,0,1,2,0,0,2,0,0,2,2
37,5054.043,-9325.839,-4.276,-127.392,-0.604640,0.794451,-0.057079,-0.792432,-0.607239,-0.057553,-0.080384,0.010432,0.996709,0,0.36319,-0.63714,21.792,-1.274,-1,450.000,-1,475.000,-1,375.000,375.000,300.000,125.000,-1,300.000,550.000,-1,1000.000,975.000,-1,-1,2,0,2,0,2,0,0,0,1,2,0,0,2,0,0,2,2
38,5037.342,-9346.532,-7.437,-128.907,-0.625333,0.778139,-0.058806,-0.775949,-0.628031,-0.058990,-0.082834,0.008742,0.996525,0,0.44319,-0.75714,26.592,-1.514,-1,450.000,-1,450.000,-1,375.000,375.000,300.000,125.000,-1,325.000,575.000,-1,975.000,950.000,-1,-1,2,0,2,0,2,0,0,0,1,2,0,0,2,0,0,2,2
39,5016.887,-9370.345,-11.306,-130.661,-0.648696,0.758557,-0.061518,-0.756181,-0.651565,-0.060439,-0.085929,0.007312,0.996274,0,0.52319,-0.87714,31.392,-1.754,-1,450.000,-1,450.000,-1,350.000,350.000,300.000,100.000,-1,375.000,625.000,-1,950.000,925.000,-1,-1,2,0,2,0,2,0,0,0,1,2,0,0,2,0,0,2,2
40,4992.363,-9396.962,-15.922,-132.655,-0.674436,0.735429,-0.065427,-0.732861,-0.677573,-0.061726,-0.089727,0.006319,0.995946,0,0.60319,-0.99714,36.192,-1.994,-1,450.000,-1,450.000,-1,350.000,350.000,300.000,100.000,-1,425.000,700.000,-1,925.000,900.000,-1,-1,2,0,2,0,2,0,0,0,1,2,0,0,2,0,0,2,2
41,4963.552,-9426.122,-21.536,-134.655,-0.699195,0.711330,-0.071672,-0.708620,-0.702822,-0.062436,-0.094785,0.007133,0.995472,0,0.68319,-1.00000,40.992,-2.000,-1,425.000,-1,425.000,-1,350.000,350.000,300.000,100.000,-1,575.000,900.000,-1,900.000,825.000,-1,-1,2,0,2,0,2,0,0,0,1,2,0,0,2,0,0,2,2
42,4930.248,-9457.553,-28.227,-136.655,-0.722779,0.686350,-0.080719,-0.683609,-0.727199,-0.062134,-0.101344,0.010271,0.994798,0,0.76319,-1.00000,45.792,-2.000,-1,425.000,-1,400.000,-1,325.000,325.000,325.000,75.000,-1,-1,-1,-1,850.000,775.000,-1,-1,2,0,2,0,2,0,0,0,1,2,2,2,2,0,0,2,2
43,4892.266,-9490.974,-34.633,-138.655,-0.745830,0.660551,-0.086082,-0.657736,-0.750708,-0.061816,-0.105455,0.010515,0.994369,0,0.84319,-1.00000,50.592,-2.000,-1,400.000,-1,400.000,-1,325.000,325.000,325.000,75.000,-1,-1,-1,-1,825.000,725.000,-1,-1,2,0,2,0,2,0,0,0,1,2,2,2,2,0,0,2,2
44,4852.788,-9523.337,-40.143,-140.655,-0.768593,0.633972,-0.085699,-0.630932,-0.773331,-0.062320,-0.105782,0.006172,0.994370,0,0.85080,-1.00000,51.048,-2.000,-1,400.000,-1,375.000,-1,325.000,325.000,325.000,75.000,-1,-1,-1,-1,825.000,725.000,-1,-1,2,0,2,0,2,0,0,0,1,2,2,2,2,0,0,2,2
45,4815.601,-9551.713,-45.371,-142.655,-0.790516,0.606608,-0.084321,-0.603326,-0.795000,-0.063023,-0.105266,0.001053,0.994444,0,0.77961,-1.00000,46.777,-2.000,-1,400.000,-1,375.000,-1,325.000,325.000,325.000,75.000,-1,-1,-1,-1,800.000,725.000,-1,-1,2,0,2,0,2,0,0,0,1,2,2,2,2,0,0,2,2
46,4777.788,-9578.536,-47.974,-144.655,-0.811418,0.578443,-0.083688,-0.573648,-0.815615,-0.075503,-0.111932,-0.013257,0.993627,0,0.77264,-1.00000,46.358,-2.000,-1,400.000,-1,375.000,-1,325.000,325.000,325.000,100.000,-1,-1,-1,-1,750.000,725.000,-1,-1,2,0,2,0,2,0,0,0,1,2,2,2,2,0,0,2,2
47,4739.408,-9603.798,-50.678,-146.655,-0.831280,0.549478,-0.083942,-0.543207,-0.835081,-0.086986,-0.117895,-0.026712,0.992667,0,0.76578,-1.00000,45.947,-2.000,-1,375.000,-1,375.000,-1,300.000,325.000,300.000,100.000,-1,-1,-1,-1,700.000,700.000,-1,1000.000,2,0,2,0,2,0,0,0,1,2,2,2,2,0,0,2,1
48,4700.514,-9627.497,-53.713,-148.655,-0.850063,0.519801,-0.084850,-0.512235,-0.853422,-0.096367,-0.122504,-0.038455,0.991723,0,0.75906,-1.00000,45.544,-2.000,-1,375.000,-1,375.000,-1,300.000,300.000,300.000,100.000,-1,-1,-1,-1,675.000,700.000,-1,975.000,2,0,2,0,2,0,0,0,1,2,2,2,2,0,0,2,1
49,4661.158,-9649.633,-57.049,-150.655,-0.867750,0.489484,-0.086115,-0.480833,-0.870658,-0.103703,-0.125738,-0.048581,0.990873,0,0.75253,-1.00000,45.152,-2.000,-1,350.000,-1,375.000,-1,300.000,300.000,300.000,125.000,-1,-1,-1,-1,650.000,700.000,-1,950.000,2,0,2,0,2,0,0,0,1,2,2,2,2,0,0,2,1
50,4621.390,-9670.207,-60.588,-152.655,-0.884365,0.458584,-0.087169,-0.449078,-0.886793,-0.109215,-0.127385,-0.057440,0.990189,0,0.74621,-1.00000,44.773,-2.000,-1,350.000,-1,375.000,-1,300.000,300.000,275.000,125.000,-1,-1,-1,-1,625.000,700.000,-1,925.000,2,0,2,0,2,0,0,0,1,2,2,2,2,0,0,2,1
51,4581.258,-9689.223,-64.422,-154.655,-0.899852,0.427166,-0.088290,-0.417050,-0.901856,-0.112803,-0.127811,-0.064684,0.989687,0,0.74013,-1.00000,44.408,-2.000,-1,350.000,-1,375.000,-1,300.000,300.000,275.000,125.000,-1,-1,-1,-1,625.000,675.000,-1,900.000,2,0,2,0,2,0,0,0,1,2,2,2,2,0,1,2,1
52,4540.808,-9706.688,-68.535,-156.655,-0.914210,0.395279,-0.089297,-0.384803,-0.915861,-0.114561,-0.127067,-0.070371,0.989395,0,0.73431,-1.00000,44.059,-2.000,-1,350.000,950.000,375.000,-1,300.000,300.000,275.000,125.000,-1,-1,-1,-1,625.000,650.000,-1,875.000,2,0,1,0,2,0,0,0,1,2,2,2,2,0,1,2,1
53,4500.081,-9722.608,-72.893,-158.655,-0.927438,0.362966,-0.090077,-0.352378,-0.928818,-0.114572,-0.125251,-0.074517,0.989323,0,0.72876,-1.00000,43.726,-2.000,-1,350.000,900.000,375.000,-1,300.000,300.000,275.000,150.000,-1,-1,-1,-1,625.000,650.000,975.000,875.000,2,0,1,0,2,0,0,0,1,2,2,2,2,0,1,1,1
54,4459.121,-9736.989,-77.449,-160.655,-0.939551,0.330265,-0.090382,-0.319828,-0.940735,-0.112821,-0.122286,-0.077094,0.989496,0,0.72351,-1.00000,43.410,-2.000,-1,350.000,850.000,375.000,-1,300.000,300.000,275.000,150.000,-1,-1,-1,-1,625.000,625.000,900.000,900.000,2,0,1,0,2,0,0,0,1,2,2,2,2,0,1,1,1
55,4417.968,-9749.842,-82.179,-162.655,-0.950565,0.297207,-0.089969,-0.287176,-0.951607,-0.109427,-0.118138,-0.078180,0.989915,0,0.71854,-1.00000,43.113,-2.000,1000.000,350.000,825.000,375.000,775.000,300.000,300.000,275.000,150.000,-1,-1,-1,-1,625.000,600.000,825.000,900.000,1,0,1,0,1,0,0,0,1,2,2,2,2,0,1,1,1
56,4376.661,-9761.176,-87.110,-164.655,-0.960476,0.263818,-0.088808,-0.254383,-0.961408,-0.104807,-0.113031,-0.078074,0.990519,0,0.71388,-1.00000,42.833,-2.000,925.000,350.000,775.000,375.000,650.000,300.000,300.000,300.000,150.000,-1,-1,-1,-1,625.000,600.000,775.000,975.000,1,0,1,0,1,0,0,0,1,2,2,2,2,1,1,1,1
57,4335.238,-9770.999,-92.213,-166.655,-0.969281,0.230126,-0.086812,-0.221446,-0.970121,-0.099135,-0.107031,-0.076865,0.991280,0,0.70953,-1.00000,42.572,-2.000,850.000,375.000,750.000,375.000,550.000,300.000,300.000,300.000,150.000,-1,-1,-1,-1,575.000,575.000,725.000,-1,1,0,1,0,1,0,0,0,1,2,2,2,2,1,1,1,2
58,4293.735,-9779.321,-97.460,-168.655,-0.976974,0.196162,-0.083915,-0.188360,-0.977726,-0.092591,-0.100209,-0.074653,0.992162,0,0.70548,-1.00000,42.329,-2.000,775.000,375.000,750.000,375.000,475.000,300.000,300.000,300.000,150.000,-1,-1,-1,-1,550.000,575.000,650.000,-1,1,0,1,0,1,0,0,0,1,2,2,2,2,1,1,1,2
59,4252.188,-9786.152,-102.818,-170.655,-0.983543,0.161957,-0.080077,-0.155116,-0.984201,-0.085364,-0.092637,-0.071538,0.993127,0,0.70173,-1.00000,42.104,-2.000,725.000,375.000,725.000,375.000,425.000,300.000,325.000,300.000,150.000,-1,-1,-1,300.000,500.000,575.000,600.000,-1,1,0,1,1,1,0,0,0,1,2,2,2,1,1,1,1,2
60,4210.634,-9791.502,-108.256,-172.655,-0.988972,0.127546,-0.075280,-0.121706,-0.989524,-0.077646,-0.084395,-0.067627,0.994135,0,0.69829,-1.00000,41.897,-2.000,650.000,375.000,725.000,375.000,375.000,325.000,325.000,300.000,150.000,-1,-1,-1,250.000,475.000,575.000,550.000,-1,1,1,1,1,1,0,1,0,1,2,2,2,1,1,1,1,2
61,4169.107,-9795.387,-112.167,-174.655,-0.992955,0.092927,-0.073522,-0.087350,-0.993294,-0.075740,-0.080067,-0.068784,0.994413,0,0.69513,-1.00000,41.708,-2.000,575.000,350.000,725.000,350.000,325.000,300.000,300.000,300.000,150.000,-1,-1,925.000,250.000,450.000,575.000,500.000,-1,1,1,1,1,1,1,1,0,1,2,2,0,1,1,1,1,2
62,4127.642,-9797.813,-115.481,-176.655,-0.995640,0.058193,-0.072905,-0.052651,-0.995735,-0.075758,-0.077003,-0.071589,0.994457,0,0.69226,-1.00000,41.535,-2.000,500.000,325.000,725.000,350.000,300.000,275.000,300.000,300.000,150.000,-1,-1,950.000,275.000,400.000,600.000,425.000,-1,1,1,1,1,1,1,1,0,1,2,2,0,1,1,1,1,2
63,4086.273,-9798.786,-118.674,-178.655,-0.997109,0.023402,-0.072291,-0.017902,-0.996961,-0.075812,-0.073846,-0.074299,0.994498,0,0.68966,-1.00000,41.380,-2.000,425.000,300.000,725.000,350.000,250.000,275.000,275.000,300.000,150.000,-1,-1,975.000,275.000,375.000,650.000,375.000,-1,1,1,1,1,1,1,1,0,1,2,2,0,1,1,1,1,2
64,4045.034,-9798.317,-121.743,-180.655,-0.997363,-0.011403,-0.071678,0.016854,-0.996973,-0.075902,-0.070596,-0.076910,0.994536,0,0.68733,-1.00000,41.240,-2.000,350.000,275.000,750.000,350.000,225.000,250.000,275.000,300.000,150.000,-1,-1,975.000,300.000,350.000,650.000,325.000,550.000,1,1,1,1,1,1,1,0,1,2,2,0,1,1,1,1,1
65,4003.961,-9796.414,-124.687,-182.655,-0.996402,-0.046181,-0.071065,0.051574,-0.995771,-0.076028,-0.067253,-0.079420,0.994570,0,0.68526,-1.00000,41.116,-2.000,300.000,250.000,-1,350.000,200.000,250.000,275.000,300.000,150.000,-1,-1,975.000,325.000,325.000,625.000,275.000,400.000,1,1,2,1,1,1,1,0,1,2,2,0,1,1,1,1,1
66,3958.809,-9792.929,-127.806,-184.415,-0.994563,-0.076729,-0.070409,0.082054,-0.993716,-0.076131,-0.064125,-0.081495,0.994609,0,0.75476,-0.88000,45.286,-1.760,225.000,250.000,-1,350.000,175.000,225.000,250.000,300.000,125.000,-1,-1,975.000,325.000,325.000,600.000,225.000,325.000,1,1,2,1,1,1,1,0,1,2,2,0,1,1,1,1,1
67,3914.037,-9788.257,-126.927,-185.935,-0.993071,-0.103168,-0.056263,0.106614,-0.992357,-0.062130,-0.049423,-0.067698,0.996481,0,0.75025,-0.76000,45.015,-1.520,225.000,250.000,-1,375.000,150.000,225.000,275.000,350.000,125.000,-1,525.000,425.000,275.000,325.000,650.000,225.000,300.000,1,1,2,1,1,1,1,0,1,2,0,0,1,1,1,1,1
68,3864.620,-9781.983,-122.976,-187.224,-0.991538,-0.125513,-0.033138,0.127258,-0.990219,-0.057205,-0.025634,-0.060938,0.997812,0,0.83025,-0.64429,49.815,-1.289,200.000,250.000,-1,425.000,175.000,250.000,300.000,375.000,125.000,-1,300.000,225.000,275.000,350.000,775.000,225.000,-1,1,1,2,1,1,1,1,0,1,2,0,0,1,1,1,1,2
69,3814.607,-9774.482,-119.265,-188.520,-0.988939,-0.147931,-0.010739,0.148297,-0.987475,-0.053858,-0.002637,-0.054855,0.998491,0,0.84288,-0.64804,50.573,-1.296,200.000,275.000,-1,450.000,200.000,275.000,350.000,425.000,125.000,-1,225.000,150.000,250.000,375.000,825.000,225.000,-1,1,1,2,1,1,1,1,0,1,2,0,0,1,1,1,1,2
70,3765.205,-9765.922,-115.974,-189.823,-0.985323,-0.170405,0.010029,0.169670,-0.984131,-0.051945,0.018722,-0.049481,0.998600,0,0.83562,-0.65176,50.137,-1.304,200.000,300.000,-1,525.000,250.000,300.000,400.000,450.000,125.000,-1,175.000,125.000,250.000,425.000,875.000,225.000,-1,1,1,2,1,1,1,1,1,1,2,0,0,1,1,1,1,2
71,3711.621,-9755.610,-113.232,-190.887,-0.981581,-0.188700,0.029850,0.187108,-0.981101,-0.049305,0.038590,-0.042812,0.998338,0,0.90943,-0.53176,54.566,-1.064,200.000,325.000,-1,600.000,-1,350.000,475.000,425.000,125.000,-1,150.000,100.000,225.000,475.000,900.000,225.000,-1,1,1,2,1,2,1,1,1,1,2,0,0,1,1,1,1,2
72,3658.554,-9744.606,-111.251,-191.711,-0.978077,-0.202840,0.047136,0.200724,-0.978567,-0.046010,0.055458,-0.035540,0.997828,0,0.90323,-0.41176,54.194,-0.824,200.000,350.000,-1,625.000,-1,375.000,550.000,375.000,125.000,-1,125.000,75.000,225.000,725.000,925.000,250.000,-1,1,1,2,1,2,1,1,1,1,2,0,0,1,1,1,1,2
73,3606.037,-9733.136,-109.995,-192.316,-0.975028,-0.213229,0.062083,0.210922,-0.976614,-0.041672,0.069517,-0.027537,0.997201,0,0.89588,-0.30291,53.753,-0.606,200.000,375.000,-1,625.000,-1,425.000,575.000,325.000,125.000,-1,125.000,50.000,200.000,1000.000,925.000,250.000,-1,1,1,2,1,2,1,1,1,1,2,0,0,1,1,1,1,2
74,3554.126,-9721.263,-109.342,-192.882,-0.971948,-0.222902,0.075046,0.220664,-0.974648,-0.037003,0.081391,-0.019405,0.996493,0,0.88748,-0.28282,53.249,-0.566,175.000,450.000,-1,625.000,-1,500.000,575.000,275.000,100.000,-1,125.000,50.000,175.000,-1,925.000,250.000,-1,1,1,2,1,2,1,1,1,1,2,0,0,1,2,1,1,2
75,2951.746,-3607.608,69.854,-11.634,0.959905,0.201503,-0.194884,-0.205479,0.978662,-0.000185,0.190688,0.040222,0.980826,1,0.00000,0.00000,52.686,-0.523,225.000,225.000,-1,575.000,-1,200.000,300.000,425.000,325.000,-1,125.000,50.000,325.000,300.000,-1,200.000,-1,1,1,2,1,2,1,1,1,0,2,0,0,0,1,2,1,2
76,2947.072,6885.993,-147.540,-164.368,-0.962401,0.269392,-0.034816,-0.269996,-0.962761,0.013891,-0.029777,0.022769,0.999297,1,0.08000,-0.12000,4.800,-0.240,-1,375.000,-1,375.000,-1,300.000,300.000,325.000,325.000,-1,400.000,425.000,-1,700.000,650.000,-1,-1,2,0,2,0,2,0,0,0,0,2,1,1,2,0,0,2,2
77,2937.806,6883.484,-147.811,-164.848,-0.964641,0.261319,-0.034338,-0.261910,-0.964992,0.013941,-0.029493,0.022441,0.999313,0,0.16000,-0.24000,9.600,-0.480,-1,375.000,-1,375.000,-1,300.000,300.000,325.000,325.000,-1,400.000,425.000,-1,700.000,650.000,-1,-1,2,0,2,0,2,0,0,0,0,2,1,1,2,0,0,2,2
78,2923.860,6879.895,-148.223,-165.568,-0.967875,0.249175,-0.033616,-0.249748,-0.968210,0.014006,-0.029058,0.021952,0.999337,0,0.24000,-0.36000,14.400,-0.720,-1,375.000,-1,375.000,-1,300.000,300.000,325.000,325.000,-1,400.000,425.000,-1,700.000,650.000,-1,-1,2,0,2,0,2,0,0,0,0,2,1,1,2,0,0,2,2
79,2905.188,6875.422,-148.783,-166.528,-0.971947,0.232922,-0.032645,-0.233470,-0.972262,0.014076,-0.028461,0.021303,0.999368,0,0.32000,-0.48000,19.200,-0.960,-1,375.000,-1,375.000,-1,300.000,300.000,325.000,325.000,-1,425.000,450.000,-1,700.000,650.000,-1,-1,2,0,2,0,2,0,0,0,0,2,1,1,2,0,0,2,2
80,2881.737,6870.321,-149.498,-167.728,-0.976653,0.212513,-0.031419,-0.213031,-0.976943,0.014136,-0.027690,0.020499,0.999406,0,0.40000,-0.60000,24.000,-1.200,-1,375.000,-1,375.000,-1,300.000,300.000,325.000,325.000,-1,425.000,450.000,-1,700.000,675.000,-1,-1,2,0,2,0,2,0,0,0,0,2,1,1,2,0,0,2,2
81,2853.450,6864.908,-150.378,-169.168,-0.981732,0.187898,-0.029931,-0.188380,-0.981994,0.014164,-0.026731,0.019544,0.999452,0,0.48000,-0.72000,28.800,-1.440,-1,375.000,-1,375.000,-1,300.000,300.000,325.000,325.000,-1,400.000,475.000,-1,700.000,675.000,-1,-1,2,0,2,0,2,0,0,0,0,2,0,1,2,0,0,2,2
82,2820.297,6859.448,-151.431,-170.647,-0.986307,0.162491,-0.028184,-0.162933,-0.986536,0.014145,-0.025506,0.018543,0.999503,0,0.56000,-0.73957,33.600,-1.479,-1,375.000,-1,375.000,-1,300.000,300.000,325.000,325.000,-1,350.000,450.000,-1,700.000,675.000,-1,-1,2,0,2,0,2,0,0,0,0,2,0,0,2,0,0,2,2
83,2782.260,6854.180,-152.662,-172.116,-0.990204,0.137154,-0.026177,-0.137553,-0.990395,0.014069,-0.023996,0.017532,0.999558,0,0.64000,-0.73435,38.400,-1.469,-1,375.000,-1,375.000,-1,300.000,300.000,325.000,325.000,-1,325.000,400.000,-1,700.000,675.000,-1,-1,2,0,2,0,2,0,0,0,0,2,0,0,2,0,0,2,2
84,2742.852,6849.741,-153.961,-173.572,-0.993424,0.111932,-0.024096,-0.112287,-0.993578,0.013925,-0.022383,0.016540,0.999613,0,0.66096,-0.72842,39.657,-1.457,-1,375.000,-1,375.000,-1,300.000,300.000,325.000,325.000,-1,300.000,350.000,-1,675.000,675.000,-1,-1,2,0,2,0,2,0,0,0,0,2,0,0,2,0,0,2,2
85,2703.039,6846.270,-155.298,-175.017,-0.995979,0.086848,-0.021996,-0.087161,-0.996100,0.013711,-0.020720,0.015574,0.999664,0,0.66606,-0.72234,39.964,-1.445,-1,375.000,-1,375.000,-1,300.000,300.000,325.000,325.000,-1,275.000,300.000,-1,675.000,700.000,950.000,-1,2,0,2,0,2,0,0,0,0,2,0,0,2,0,0,1,2
86,2662.849,6843.776,-156.671,-176.450,-0.997883,0.061920,-0.019884,-0.062193,-0.997974,0.013428,-0.019012,0.014636,0.999712,0,0.67112,-0.71624,40.267,-1.432,-1,375.000,-1,375.000,-1,300.000,300.000,325.000,325.000,-1,275.000,275.000,-1,675.000,700.000,900.000,-1,2,0,2,0,2,0,0,0,0,2,0,0,2,0,0,1,2
87,2622.308,6842.268,-157.905,-177.870,-0.999146,0.037166,-0.018028,-0.037393,-0.999223,0.012421,-0.017552,0.013085,0.999760,0,0.67615,-0.71014,40.569,-1.420,975.000,375.000,-1,375.000,-1,300.000,300.000,300.000,325.000,-1,275.000,250.000,-1,675.000,700.000,850.000,-1,1,0,2,0,2,0,0,0,0,2,0,0,2,0,0,1,2
88,2576.945,6841.560,-158.364,-179.105,-0.999735,0.015610,-0.016892,-0.015827,-0.999793,0.012752,-0.016689,0.013016,0.999776,0,0.75615,-0.61781,45.369,-1.236,900.000,375.000,-1,375.000,-1,300.000,300.000,325.000,325.000,-1,300.000,275.000,-1,675.000,700.000,800.000,-1,1,0,2,0,2,0,0,0,0,2,0,0,2,1,0,1,2
89,2529.367,6841.837,-158.802,-180.334,-0.999862,-0.005820,-0.015553,0.005613,-0.999896,0.013315,-0.015629,0.013226,0.999790,0,0.79299,-0.61401,47.579,-1.228,825.000,375.000,-1,375.000,-1,300.000,300.000,325.000,325.000,-1,350.000,300.000,-1,650.000,700.000,750.000,-1,1,0,2,0,2,0,0,0,0,2,0,0,2,1,0,1,2
90,2481.526,6843.134,-159.259,-181.553,-0.999532,-0.027098,-0.014210,0.026901,-0.999542,0.013865,-0.014580,0.013476,0.999803,0,0.79764,-0.60970,47.858,-1.219,750.000,375.000,-1,375.000,-1,300.000,300.000,325.000,325.000,-1,375.000,350.000,-1,625.000,700.000,700.000,-1,1,0,2,0,2,0,0,0,0,2,0,0,2,1,0,1,2
91,2433.461,6845.453,-159.735,-182.763,-0.998755,-0.048197,-0.012863,0.048011,-0.998743,0.014403,-0.013541,0.013768,0.999814,0,0.80201,-0.60495,48.121,-1.210,675.000,375.000,-1,375.000,-1,300.000,300.000,325.000,325.000,-1,425.000,375.000,-1,575.000,700.000,650.000,-1,1,0,2,0,2,0,0,0,0,2,0,0,2,1,0,1,2
92,2385.213,6848.795,-160.231,-183.962,-0.997544,-0.069093,-0.011511,0.068918,-0.997511,0.014929,-0.012514,0.014099,0.999822,0,0.80607,-0.59974,48.364,-1.199,625.000,375.000,-1,375.000,-1,300.000,300.000,325.000,325.000,-1,450.000,400.000,-1,550.000,700.000,600.000,-1,1,0,2,0,2,0,0,0,0,2,0,0,2,1,0,1,2
93,2336.823,6853.157,-160.748,-185.150,-0.995912,-0.089762,-0.010153,0.089599,-0.995858,0.015441,-0.011497,0.014469,0.999829,0,0.80976,-0.59407,48.586,-1.188,575.000,375.000,-1,375.000,-1,300.000,300.000,325.000,325.000,-1,500.000,425.000,-1,550.000,700.000,550.000,-1,1,0,2,0,2,0,0,0,0,2,0,0,2,1,0,1,2
94,2288.338,6858.532,-161.286,-186.326,-0.993873,-0.110178,-0.008789,0.110029,-0.993801,0.015940,-0.010490,0.014875,0.999834,0,0.81304,-0.58793,48.782,-1.176,525.000,375.000,-1,400.000,-1,300.000,300.000,325.000,325.000,-1,525.000,475.000,-1,525.000,700.000,500.000,-1,1,1,2,0,2,0,0,0,0,2,0,0,2,1,0,1,2
95,2239.804,6864.912,-161.846,-187.489,-0.991444,-0.130318,-0.007418,0.130183,-0.991354,0.016424,-0.009494,0.015317,0.999838,0,0.81585,-0.58129,48.951,-1.163,475.000,350.000,-1,400.000,-1,300.000,325.000,325.000,325.000,-1,550.000,500.000,-1,500.000,700.000,475.000,-1,1,1,2,0,2,1,0,0,0,2,0,0,2,1,0,1,2
96,2191.272,6872.284,-162.429,-188.637,-0.988644,-0.150158,-0.006039,0.150039,-0.988536,0.016892,-0.008507,0.015794,0.999839,0,0.81815,-0.57415,49.089,-1.148,425.000,350.000,-1,375.000,-1,300.000,325.000,325.000,325.000,-1,575.000,525.000,-1,500.000,700.000,425.000,-1,1,1,2,0,2,0,0,0,0,2,0,0,2,1,0,1,2
97,2142.794,6880.631,-163.035,-189.770,-0.985489,-0.169674,-0.004654,0.169571,-0.985365,0.017344,-0.007529,0.016303,0.999839,0,0.81987,-0.56651,49.192,-1.133,375.000,350.000,-1,375.000,-1,300.000,325.000,325.000,325.000,-1,625.000,550.000,-1,500.000,700.000,375.000,-1,1,1,2,0,2,0,0,0,0,2,0,0,2,1,0,1,2
98,2094.423,6889.935,-163.663,-190.887,-0.982002,-0.188844,-0.003262,0.188759,-0.981863,0.017780,-0.006560,0.016844,0.999837,0,0.82096,-0.55836,49.257,-1.117,325.000,350.000,975.000,375.000,-1,300.000,300.000,300.000,325.000,-1,650.000,575.000,-1,500.000,700.000,350.000,-1,1,1,1,0,2,0,0,0,0,2,0,0,2,1,0,1,2
99,2046.216,6900.169,-164.315,-191.986,-0.978202,-0.207646,-0.001863,0.207579,-0.978049,0.018197,-0.005601,0.017414,0.999833,0,0.82135,-0.54970,49.281,-1.099,300.000,350.000,925.000,375.000,-1,300.000,300.000,300.000,325.000,-1,675.000,550.000,-1,525.000,700.000,325.000,-1,1,1,1,0,2,0,0,0,0,2,0,0,2,1,0,1,2
100,1998.231,6911.305,-163.937,-193.067,-0.974114,-0.226041,0.002606,0.226042,-0.973862,0.022317,-0.002506,0.022328,0.999748,0,0.82101,-0.54054,49.260,-1.081,275.000,375.000,900.000,375.000,-1,300.000,325.000,325.000,325.000,-1,675.000,450.000,-1,575.000,700.000,300.000,-1,1,1,1,0,2,0,0,0,0,2,0,0,2,1,0,1,2
101,1950.526,6923.310,-162.463,-194.129,-0.969708,-0.243985,0.011710,0.244233,-0.969255,0.029919,0.004051,0.031872,0.999484,0,0.81987,-0.53090,49.192,-1.062,275.000,400.000,875.000,400.000,-1,325.000,325.000,350.000,300.000,-1,500.000,300.000,-1,650.000,725.000,325.000,1000.000,1,0,1,0,2,0,0,0,0,2,0,0,2,1,0,1,1
102,1903.162,6936.149,-161.421,-195.171,-0.965026,-0.261499,0.018510,0.262012,-0.964418,0.035334,0.008612,0.038948,0.999204,0,0.81788,-0.52081,49.073,-1.042,250.000,400.000,825.000,400.000,-1,325.000,325.000,350.000,300.000,-1,450.000,275.000,-1,650.000,750.000,375.000,975.000,1,0,1,0,2,0,0,0,0,2,0,0,2,1,0,1,1
103,1856.199,6949.783,-160.597,-196.191,-0.960132,-0.278594,0.023075,0.279305,-0.959464,0.037663,0.011647,0.042607,0.999024,0,0.81503,-0.51029,48.902,-1.021,275.000,425.000,800.000,400.000,-1,350.000,325.000,375.000,300.000,-1,450.000,250.000,-1,625.000,750.000,450.000,950.000,1,0,1,0,2,0,0,0,0,2,0,0,2,1,1,1,1
104,1809.696,6964.168,-160.235,-197.190,-0.955075,-0.295263,0.025522,0.296069,-0.954420,0.037762,0.013209,0.043622,0.998961,0,0.81129,-0.49939,48.677,-0.999,275.000,425.000,750.000,400.000,-1,350.000,325.000,325.000,300.000,-1,450.000,275.000,-1,575.000,725.000,525.000,900.000,1,0,1,0,2,0,0,1,0,2,0,0,2,1,1,1,1
105,1762.641,6979.582,-160.432,-198.136,-0.950069,-0.310989,0.025586,0.311767,-0.949469,0.036189,0.013039,0.042359,0.999017,0,0.82525,-0.47275,49.515,-0.946,275.000,425.000,700.000,400.000,-1,350.000,325.000,275.000,300.000,-1,475.000,300.000,-1,525.000,675.000,500.000,875.000,1,0,1,0,2,0,0,1,0,2,0,0,2,1,1,1,1
106,1716.154,6995.643,-161.220,-199.058,-0.944992,-0.326281,0.023044,0.326908,-0.944480,0.032986,0.011002,0.038705,0.999190,0,0.81972,-0.46117,49.183,-0.922,275.000,425.000,650.000,400.000,-1,325.000,325.000,225.000,300.000,-1,525.000,350.000,-1,500.000,650.000,475.000,825.000,1,0,1,0,2,0,0,1,0,2,0,0,2,1,1,1,1
107,1670.286,7012.302,-162.600,-199.957,-0.939847,-0.341130,0.017811,0.341521,-0.939449,0.028267,0.007090,0.032649,0.999442,0,0.81332,-0.44941,48.799,-0.899,300.000,400.000,600.000,400.000,-1,325.000,325.000,200.000,325.000,-1,625.000,450.000,-1,450.000,600.000,450.000,775.000,1,1,1,0,2,0,0,1,0,2,0,0,2,1,1,1,1
108,1625.081,7029.506,-164.038,-200.832,-0.934594,-0.355505,0.012245,0.355703,-0.934302,0.023581,0.003057,0.026395,0.999647,0,0.80613,-0.43758,48.368,-0.875,325.000,350.000,550.000,375.000,-1,300.000,300.000,175.000,325.000,-1,750.000,575.000,-1,400.000,550.000,400.000,725.000,1,1,1,0,2,0,0,1,0,2,0,0,2,1,1,1,1
109,1580.580,7047.210,-163.941,-201.695,-0.929118,-0.369532,0.013616,0.369760,-0.928841,0.023079,0.004119,0.026477,0.999641,0,0.79823,-0.43138,47.894,-0.863,300.000,325.000,525.000,375.000,-1,300.000,300.000,150.000,325.000,-1,750.000,575.000,-1,375.000,525.000,350.000,700.000,1,1,1,0,2,0,0,1,0,2,0,0,2,1,1,1,1
110,1536.821,7065.383,-163.848,-202.553,-0.923457,-0.383407,0.015027,0.383666,-0.923197,0.022542,0.005230,0.026582,0.999633,0,0.78971,-0.42927,47.383,-0.859,300.000,300.000,475.000,375.000,-1,300.000,300.000,150.000,325.000,-1,725.000,575.000,-1,350.000,475.000,300.000,650.000,1,1,1,0,2,1,0,1,0,2,0,0,2,1,1,1,1
111,1493.836,7083.992,-163.756,-203.409,-0.917609,-0.397144,0.016477,0.397434,-0.917368,0.021969,0.006390,0.026708,0.999623,0,0.78067,-0.42764,46.840,-0.855,250.000,275.000,425.000,375.000,-1,275.000,300.000,150.000,325.000,-1,725.000,575.000,-1,300.000,450.000,250.000,625.000,1,1,1,1,2,1,1,1,0,2,0,0,2,1,1,1,1
112,1451.647,7103.006,-163.340,-204.262,-0.911584,-0.410739,0.017545,0.411062,-0.911317,0.022992,0.006545,0.028172,0.999582,0,0.77125,-0.42648,46.275,-0.853,200.000,250.000,400.000,350.000,-1,250.000,275.000,150.000,325.000,-1,775.000,600.000,-1,275.000,425.000,200.000,575.000,1,1,1,1,2,1,1,1,0,2,0,0,2,1,1,1,1
113,1410.269,7122.398,-161.403,-205.113,-0.905442,-0.424135,0.016855,0.424465,-0.904891,0.031652,0.001827,0.035813,0.999357,0,0.76162,-0.42579,45.697,-0.852,175.000,200.000,350.000,300.000,-1,200.000,250.000,175.000,325.000,-1,-1,950.000,-1,250.000,375.000,175.000,525.000,1,1,1,1,2,1,1,1,0,2,2,0,2,1,1,1,1
114,1369.700,7142.136,-155.691,-205.964,-0.898681,-0.437048,0.036885,0.438430,-0.897503,0.047624,0.012291,0.058971,0.998184,0,0.75192,-0.42556,45.115,-0.851,150.000,200.000,325.000,300.000,-1,200.000,225.000,200.000,300.000,-1,950.000,700.000,-1,225.000,350.000,150.000,500.000,1,1,1,1,2,1,1,1,0,2,0,0,2,1,1,1,1
115,1329.933,7162.196,-147.584,-206.816,-0.890577,-0.449214,0.071263,0.453613,-0.888684,0.066900,0.033278,0.091906,0.995212,0,0.74231,-0.42578,44.538,-0.852,150.000,200.000,325.000,275.000,-1,200.000,225.000,225.000,275.000,-1,600.000,325.000,825.000,225.000,350.000,150.000,525.000,1,1,1,1,2,1,1,1,0,2,0,0,0,1,1,1,1
116,1290.960,7182.573,-140.084,-207.669,-0.881152,-0.460865,0.105708,0.469640,-0.878986,0.082591,0.054852,0.122420,0.990961,0,0.73292,-0.42642,43.975,-0.853,150.000,200.000,325.000,275.000,-1,175.000,225.000,275.000,250.000,-1,425.000,225.000,550.000,225.000,375.000,150.000,600.000,1,1,1,1,2,1,1,1,0,2,0,0,0,1,1,1,1
117,1252.765,7203.262,-133.205,-208.524,-0.870358,-0.472070,0.140099,0.486374,-0.868591,0.094817,0.076928,0.150665,0.985587,0,0.72388,-0.42748,43.433,-0.855,150.000,200.000,325.000,275.000,-1,175.000,225.000,300.000,250.000,-1,350.000,150.000,400.000,225.000,375.000,150.000,-1,1,1,1,1,2,1,1,1,0,2,0,0,0,1,1,1,2
118,1210.740,7226.951,-125.968,-209.499,-0.856575,-0.484453,0.177721,0.505886,-0.856303,0.104041,0.101780,0.179026,0.978566,0,0.80388,-0.48769,48.233,-0.975,150.000,175.000,375.000,275.000,-1,175.000,200.000,325.000,225.000,-1,275.000,100.000,300.000,225.000,425.000,125.000,-1,1,1,1,1,2,1,1,1,0,2,0,0,0,1,1,1,2
119,-983.899,327.968,-66.593,131.851,-0.666768,-0.744876,-0.024088,0.744184,-0.667193,0.032314,-0.040141,0.003620,0.999187,1,0.00000,0.00000,53.033,-1.186,-1,400.000,-1,425.000,-1,325.000,325.000,325.000,350.000,-1,-1,-1,-1,675.000,950.000,925.000,-1,2,0,2,0,2,0,0,0,0,2,2,2,2,1,0,1,2
120,-987.087,331.557,-66.797,131.611,-0.663630,-0.747665,-0.024340,0.746961,-0.664067,0.032612,-0.040546,0.003461,0.999172,0,0.08000,-0.12000,4.800,-0.240,-1,400.000,-1,425.000,-1,325.000,325.000,325.000,350.000,-1,-1,-1,-1,675.000,950.000,925.000,-1,2,0,2,0,2,0,0,0,0,2,2,2,2,1,0,1,2
121,-993.402,338.787,-67.219,131.131,-0.657319,-0.753203,-0.024848,0.752479,-0.657781,0.033141,-0.041306,0.003087,0.999142,0,0.16000,-0.24000,9.600,-0.480,-1,400.000,-1,425.000,-1,325.000,325.000,325.000,350.000,-1,-1,-1,-1,675.000,925.000,900.000,-1,2,0,2,0,2,0,0,0,0,2,2,2,2,1,0,1,2
122,-1002.737,349.752,-67.917,130.411,-0.647762,-0.761411,-0.025659,0.760672,-0.648266,0.033603,-0.042219,0.002249,0.999106,0,0.24000,-0.36000,14.400,-0.720,-1,400.000,-1,425.000,-1,325.000,325.000,325.000,350.000,-1,-1,-1,-1,650.000,925.000,875.000,-1,2,0,2,0,2,0,0,0,0,2,2,2,2,1,0,1,2
123,-1014.937,364.578,-68.840,129.451,-0.634859,-0.772166,-0.026714,0.771406,-0.635419,0.034270,-0.043437,0.001150,0.999056,0,0.32000,-0.48000,19.200,-0.960,975.000,400.000,-1,425.000,-1,325.000,325.000,325.000,350.000,-1,-1,-1,-1,650.000,925.000,825.000,-1,1,0,2,0,2,0,0,0,0,2,2,2,2,1,0,1,2
124,-1029.796,383.425,-69.980,128.251,-0.618476,-0.785305,-0.027988,0.784516,-0.619109,0.035184,-0.044958,-0.000197,0.998989,0,0.40000,-0.60000,24.000,-1.200,900.000,400.000,-1,425.000,-1,325.000,325.000,325.000,350.000,-1,-1,-1,-1,625.000,925.000,800.000,-1,1,0,2,0,2,0,0,0,0,2,2,2,2,1,0,1,2
125,-1047.052,406.483,-71.328,126.811,-0.598457,-0.800614,-0.029449,0.799788,-0.599178,0.036393,-0.046782,-0.001773,0.998904,0,0.48000,-0.72000,28.800,-1.440,825.000,400.000,-1,425.000,-1,325.000,325.000,325.000,350.000,-1,-1,-1,-1,625.000,925.000,750.000,-1,1,0,2,0,2,0,0,0,0,2,2,2,2,1,0,1,2
126,-1066.485,433.893,-72.858,125.334,-0.577520,-0.815786,-0.031060,0.814909,-0.578344,0.037964,-0.048934,-0.003386,0.998796,0,0.56000,-0.73836,33.600,-1.477,750.000,400.000,-1,425.000,-1,325.000,325.000,300.000,350.000,-1,-1,-1,-1,600.000,925.000,700.000,-1,1,0,2,0,2,0,0,0,0,2,2,2,2,1,0,1,2
127,-1087.898,465.770,-74.693,123.890,-0.556689,-0.830098,-0.032153,0.829152,-0.557599,0.039873,-0.051027,-0.004463,0.998687,0,0.64000,-0.72205,38.400,-1.444,675.000,400.000,-1,425.000,-1,325.000,325.000,300.000,350.000,-1,-1,-1,-1,600.000,900.000,650.000,-1,1,0,2,0,2,0,0,0,0,2,2,2,2,1,0,1,2
128,-1111.098,502.211,-76.971,122.483,-0.536111,-0.843540,-0.032013,0.842505,-0.537048,0.042014,-0.052633,-0.004446,0.998604,0,0.72000,-0.70353,43.200,-1.407,625.000,400.000,-1,425.000,-1,325.000,325.000,300.000,350.000,-1,-1,-1,-1,600.000,900.000,625.000,-1,1,1,2,0,2,0,0,0,0,2,2,2,2,1,0,1,2
129,-1135.905,543.304,-79.473,121.118,-0.515850,-0.856096,-0.031599,0.854952,-0.516801,0.044432,-0.054369,-0.004095,0.998513,0,0.80000,-0.68252,48.000,-1.365,550.000,400.000,-1,425.000,-1,325.000,325.000,300.000,350.000,-1,-1,-1,-1,600.000,900.000,600.000,-1,1,1,2,0,2,0,0,0,0,2,2,2,2,1,0,1,2
130,-1162.146,589.122,-82.236,119.801,-0.496038,-0.867754,-0.030810,0.866468,-0.496984,0.047324,-0.056378,-0.003221,0.998404,0,0.88000,-0.65869,52.800,-1.317,500.000,375.000,-1,425.000,-1,325.000,325.000,300.000,325.000,-1,-1,-1,-1,600.000,900.000,575.000,-1,1,1,2,0,2,0,0,1,0,2,2,2,2,1,0,1,2
131,-1189.663,639.725,-85.417,118.537,-0.476834,-0.878505,-0.029303,0.877000,-0.477732,0.051407,-0.059160,-0.001186,0.998248,0,0.96000,-0.63171,57.600,-1.263,450.000,375.000,-1,425.000,-1,325.000,325.000,300.000,325.000,-1,-1,-1,-1,575.000,875.000,550.000,-1,1,1,2,0,2,0,0,1,0,2,2,2,2,1,0,1,2
