timestep,x_cm,y_cm,z_cm,yaw_deg,basis_xx,basis_xy,basis_xz,basis_yx,basis_yy,basis_yz,basis_zx,basis_zy,basis_zz,teleport_flag,throttle_cmd,steering_cmd,cmd_move_cm,cmd_turn_deg,lidar_cm_0,lidar_cm_1,lidar_cm_2,lidar_cm_3,lidar_cm_4,lidar_cm_5,lidar_cm_6,lidar_cm_7,lidar_cm_8,lidar_cm_9,lidar_cm_10,lidar_cm_11,lidar_cm_12,lidar_cm_13,lidar_cm_14,lidar_cm_15,lidar_cm_16,lidar_class_0,lidar_class_1,lidar_class_2,lidar_class_3,lidar_class_4,lidar_class_5,lidar_class_6,lidar_class_7,lidar_class_8,lidar_class_9,lidar_class_10,lidar_class_11,lidar_class_12,lidar_class_13,lidar_class_14,lidar_class_15,lidar_class_16
0,4261.937,-2956.212,272.453,-109.770,-0.338268,0.941009,-0.008753,-0.941044,-0.338219,0.006665,0.003312,0.010491,0.999939,1,0.08000,0.12000,4.800,0.240,-1,425.000,-1,425.000,-1,325.000,350.000,300.000,300.000,-1,-1,-1,-1,-1,-1,-1,-1,2,0,2,0,2,0,0,0,0,2,2,2,2,2,2,2,2
1,4258.765,-2965.273,272.466,-109.290,-0.330368,0.943807,-0.009223,-0.943849,-0.330323,0.006035,0.002649,0.010699,0.999939,0,0.16000,0.24000,9.600,0.480,-1,425.000,-1,425.000,-1,325.000,350.000,300.000,300.000,-1,-1,-1,-1,-1,-1,-1,-1,2,0,2,0,2,0,0,0,0,2,2,2,2,2,2,2,2
2,4254.180,-2978.924,272.486,-108.570,-0.318472,0.947880,-0.009910,-0.947931,-0.318436,0.005077,0.001657,0.011011,0.999938,0,0.24000,0.36000,14.400,0.720,-1,425.000,-1,425.000,-1,325.000,350.000,300.000,300.000,-1,-1,-1,-1,-1,-1,-1,-1,2,0,2,0,2,0,0,0,0,2,2,2,2,2,2,2,2
3,4248.371,-2997.224,272.514,-107.610,-0.302532,0.953078,-0.010789,-0.953139,-0.302509,0.003780,0.000339,0.011427,0.999935,0,0.32000,0.48000,19.200,0.960,-1,425.000,-1,425.000,-1,325.000,350.000,300.000,300.000,-1,-1,-1,-1,-1,-1,-1,-1,2,0,2,0,2,0,0,0,0,2,2,2,2,2,2,2,2
4,4241.591,-3020.246,272.552,-106.410,-0.282486,0.959199,-0.011827,-0.959271,-0.282481,0.002130,-0.001298,0.011947,0.999928,0,0.40000,0.60000,24.000,1.200,-1,425.000,-1,425.000,-1,325.000,350.000,300.000,275.000,-1,-1,-1,-1,1000.000,-1,-1,-1,2,0,2,0,2,0,0,0,0,2,2,2,2,0,2,2,2
5,4234.099,-3048.055,272.606,-105.079,-0.260114,0.965490,-0.012997,-0.965572,-0.260135,0.000121,-0.003264,0.012581,0.999916,0,0.48000,0.66513,28.800,1.330,-1,425.000,-1,425.000,-1,325.000,350.000,300.000,275.000,-1,-1,-1,-1,1000.000,-1,-1,-1,2,0,2,0,2,0,0,0,0,2,2,2,2,0,2,2,2
6,4226.113,-3080.692,272.680,-103.749,-0.237593,0.971260,-0.014285,-0.971349,-0.237648,-0.002244,-0.005574,0.013343,0.999895,0,0.56000,0.66513,33.600,1.330,-1,425.000,-1,425.000,-1,325.000,350.000,300.000,275.000,-1,-1,-1,-1,975.000,-1,-1,-1,2,0,2,0,2,0,0,0,0,2,2,2,2,0,2,2,2
7,4217.855,-3118.193,272.773,-102.419,-0.214933,0.976503,-0.015664,-0.976594,-0.215033,-0.004970,-0.008222,0.014230,0.999865,0,0.64000,0.66513,38.400,1.330,-1,425.000,-1,450.000,-1,350.000,350.000,300.000,300.000,-1,-1,-1,-1,975.000,-1,-1,-1,2,0,2,0,2,0,0,0,0,2,2,2,2,0,2,2,2
8,4209.546,-3160.587,272.887,-101.088,-0.192145,0.981217,-0.017108,-0.981303,-0.192302,-0.008059,-0.011198,0.015239,0.999821,0,0.72000,0.66513,43.200,1.330,-1,425.000,-1,450.000,-1,350.000,350.000,300.000,300.000,-1,-1,-1,-1,950.000,-1,-1,-1,2,0,2,0,2,0,0,0,0,2,2,2,2,0,2,2,2
9,4202.880,-3198.404,272.992,-99.998,-0.173381,0.984685,-0.018297,-0.984758,-0.173595,-0.010822,-0.013832,0.016142,0.999774,0,0.64000,0.54513,38.400,1.090,-1,425.000,-1,450.000,-1,350.000,350.000,325.000,300.000,-1,-1,-1,-1,950.000,-1,-1,-1,2,0,2,0,2,0,0,0,0,2,2,2,2,0,2,2,2
10,4196.932,-3235.337,272.990,-99.148,-0.158701,0.987145,-0.018937,-0.987196,-0.158963,-0.013226,-0.016066,0.016595,0.999733,0,0.62348,0.42513,37.409,0.850,-1,425.000,-1,450.000,-1,350.000,350.000,325.000,300.000,-1,-1,-1,-1,925.000,-1,-1,-1,2,0,2,0,2,0,0,0,0,2,2,2,2,0,2,2,2
11,4191.378,-3272.332,272.500,-98.538,-0.148161,0.988806,-0.017641,-0.988792,-0.148443,-0.015958,-0.018398,0.015078,0.999717,0,0.62348,0.30513,37.409,0.610,-1,425.000,-1,450.000,-1,350.000,350.000,300.000,300.000,-1,-1,-1,-1,925.000,-1,-1,-1,2,0,2,0,2,0,0,0,0,2,2,2,2,0,2,2,2
12,4186.063,-3309.361,271.830,-98.167,-0.141759,0.989768,-0.016248,-0.989682,-0.142054,-0.018700,-0.020817,0.013429,0.999693,0,0.62348,0.18513,37.409,0.370,-1,425.000,-1,450.000,-1,350.000,350.000,300.000,300.000,-1,-1,-1,-1,900.000,-1,-1,-1,2,0,2,0,2,0,0,0,0,2,2,2,2,0,2,2,2
13,4180.833,-3346.403,270.473,-98.037,-0.139456,0.990078,-0.017236,-0.989961,-0.139802,-0.020812,-0.023015,0.014161,0.999635,0,0.62348,0.06513,37.409,0.130,-1,425.000,-1,450.000,-1,350.000,350.000,300.000,300.000,-1,-1,-1,-1,900.000,-1,-1,-1,2,0,2,0,2,0,0,0,0,2,2,2,2,0,2,2,2
14,4175.532,-3383.434,268.985,-98.147,-0.141280,0.989794,-0.018677,-0.989638,-0.141695,-0.023216,-0.025626,0.015203,0.999556,0,0.62348,-0.05487,37.409,-0.110,-1,425.000,-1,450.000,-1,350.000,350.000,300.000,300.000,-1,-1,-1,-1,875.000,-1,-1,-1,2,0,2,0,2,0,0,0,0,2,2,2,2,0,2,2,2
15,4170.004,-3420.433,267.487,-98.497,-0.147242,0.988896,-0.020099,-0.988696,-0.147732,-0.025613,-0.028298,0.016101,0.999470,0,0.62348,-0.17487,37.409,-0.350,-1,425.000,-1,450.000,-1,350.000,350.000,300.000,300.000,-1,-1,-1,-1,875.000,-1,-1,-1,2,0,2,0,2,0,0,0,0,2,2,2,2,0,2,2,2
16,4164.096,-3457.372,265.976,-99.086,-0.157331,0.987311,-0.021534,-0.987058,-0.157901,-0.027997,-0.031042,0.016851,0.999376,0,0.62348,-0.29487,37.409,-0.590,-1,425.000,-1,450.000,-1,350.000,350.000,300.000,300.000,-1,-1,-1,-1,850.000,1000.000,-1,-1,2,0,2,0,2,0,0,0,0,2,2,2,2,0,0,2,2
17,4157.654,-3494.223,264.451,-99.916,-0.171525,0.984911,-0.023013,-0.984597,-0.172180,-0.030363,-0.033867,0.017450,0.999274,0,0.62348,-0.41487,37.409,-0.830,-1,425.000,-1,450.000,-1,350.000,350.000,300.000,300.000,-1,-1,-1,-1,850.000,975.000,-1,-1,2,0,2,0,2,0,0,0,0,2,2,2,2,0,0,2,2
18,4150.525,-3530.946,262.909,-100.986,-0.189792,0.981517,-0.024564,-0.981135,-0.190536,-0.032701,-0.036777,0.017894,0.999163,0,0.62348,-0.53487,37.409,-1.070,-1,400.000,-1,450.000,-1,350.000,350.000,300.000,300.000,-1,-1,-1,-1,825.000,950.000,-1,-1,2,0,2,0,2,0,0,0,0,2,2,2,2,0,0,2,2
19,4141.882,-3572.261,261.142,-101.816,-0.203868,0.978641,-0.026442,-0.978181,-0.204727,-0.035348,-0.040006,0.018658,0.999025,0,0.70348,-0.41487,42.209,-0.830,-1,400.000,-1,425.000,-1,325.000,350.000,300.000,300.000,-1,-1,-1,-1,825.000,925.000,-1,-1,2,0,2,0,2,0,0,0,0,2,2,2,2,0,0,2,2
20,4131.752,-3618.166,259.141,-102.444,-0.214447,0.976316,-0.028632,-0.975764,-0.215449,-0.038304,-0.043565,0.019724,0.998856,0,0.78348,-0.31437,47.009,-0.629,-1,400.000,-1,425.000,-1,325.000,350.000,300.000,300.000,-1,-1,-1,-1,825.000,925.000,-1,-1,2,0,2,0,2,0,0,0,0,2,2,2,2,0,0,2,2
21,4120.039,-3668.634,256.899,-103.067,-0.224857,0.973894,-0.031137,-0.973233,-0.226033,-0.041552,-0.047505,0.020960,0.998651,0,0.86348,-0.31112,51.809,-0.622,-1,400.000,-1,425.000,-1,325.000,350.000,300.000,300.000,-1,-1,-1,-1,800.000,900.000,-1,-1,2,0,2,0,2,0,0,0,0,2,2,2,2,0,0,2,2
22,4106.999,-3722.204,254.472,-103.681,-0.235081,0.971385,-0.033898,-0.970599,-0.236461,-0.044996,-0.051724,0.022324,0.998412,0,0.91889,-0.30732,55.133,-0.615,-1,400.000,-1,425.000,-1,325.000,325.000,300.000,300.000,-1,-1,-1,-1,800.000,875.000,-1,-1,2,0,2,0,2,0,0,0,0,2,2,2,2,0,0,2,2
23,4093.328,-3775.884,251.989,-104.287,-0.245110,0.968798,-0.036770,-0.967877,-0.246715,-0.048437,-0.055998,0.023716,0.998149,0,0.92321,-0.30305,55.393,-0.606,-1,400.000,-1,425.000,-1,325.000,325.000,325.000,300.000,-1,-1,-1,-1,775.000,850.000,-1,-1,2,0,2,0,2,0,0,0,0,2,2,2,2,0,0,2,2
24,4079.037,-3829.652,249.409,-104.884,-0.254938,0.966145,-0.039625,-0.965066,-0.256788,-0.052043,-0.060456,0.024973,0.997858,0,0.92725,-0.29850,55.635,-0.597,1000.000,400.000,-1,400.000,-1,325.000,325.000,325.000,300.000,-1,-1,-1,-1,750.000,825.000,-1,-1,1,0,2,0,2,0,0,0,0,2,2,2,2,0,0,2,2
25,4064.136,-3883.486,246.327,-105.472,-0.264708,0.963474,-0.040586,-0.962208,-0.266682,-0.055110,-0.063921,0.024464,0.997655,0,0.93096,-0.29367,55.858,-0.587,950.000,400.000,-1,400.000,-1,325.000,325.000,325.000,300.000,-1,-1,-1,-1,750.000,800.000,-1,-1,1,0,2,0,2,0,0,0,0,2,2,2,2,0,0,2,2
26,4048.638,-3937.362,243.081,-106.049,-0.274332,0.960760,-0.041024,-0.959325,-0.276379,-0.057529,-0.066609,0.023573,0.997501,0,0.93434,-0.28857,56.060,-0.577,900.000,375.000,-1,400.000,-1,325.000,325.000,325.000,300.000,-1,-1,-1,-1,725.000,775.000,-1,-1,1,0,2,0,2,0,0,0,0,2,2,2,2,0,0,2,2
27,4032.556,-3991.254,239.701,-106.615,-0.283737,0.957993,-0.041738,-0.956411,-0.285867,-0.059657,-0.069082,0.022992,0.997346,0,0.93734,-0.28320,56.240,-0.566,875.000,375.000,-1,400.000,-1,325.000,325.000,300.000,300.000,-1,-1,-1,-1,725.000,775.000,-1,-1,1,0,2,0,2,0,0,0,0,2,2,2,2,0,0,2,2
28,4015.906,-4045.138,235.835,-107.170,-0.292888,0.955156,-0.043515,-0.953589,-0.295128,-0.059734,-0.069898,0.024000,0.997265,0,0.93995,-0.27757,56.397,-0.555,875.000,375.000,-1,400.000,-1,325.000,325.000,300.000,300.000,-1,-1,-1,-1,700.000,775.000,-1,-1,1,0,2,0,2,0,0,0,0,2,2,2,2,0,0,2,2
29,3998.707,-4098.986,232.026,-107.714,-0.301856,0.952300,-0.044800,-0.950753,-0.304168,-0.059590,-0.070374,0.024606,0.997217,0,0.94214,-0.27167,56.528,-0.543,875.000,375.000,-1,400.000,-1,325.000,325.000,300.000,300.000,-1,-1,-1,-1,700.000,750.000,-1,-1,1,0,2,0,2,0,0,0,0,2,2,2,2,0,0,2,2
30,3980.977,-4152.773,228.166,-108.245,-0.310593,0.949426,-0.046068,-0.947900,-0.312977,-0.059416,-0.070829,0.025214,0.997170,0,0.94389,-0.26553,56.633,-0.531,875.000,375.000,-1,400.000,-1,325.000,325.000,300.000,300.000,-1,-1,-1,-1,700.000,750.000,-1,-1,1,0,2,0,2,0,0,0,0,2,2,2,2,0,0,2,2
31,3962.735,-4206.469,224.255,-108.763,-0.319094,0.946541,-0.047318,-0.945040,-0.321548,-0.059210,-0.071259,0.025824,0.997123,0,0.94517,-0.25915,56.710,-0.518,925.000,375.000,-1,400.000,-1,325.000,325.000,300.000,300.000,-1,-1,-1,-1,700.000,750.000,-1,-1,1,0,2,0,2,0,0,0,0,2,2,2,2,0,0,2,2
32,3944.006,-4260.048,220.306,-109.268,-0.327357,0.943656,-0.048495,-0.942182,-0.329875,-0.058952,-0.071628,0.026393,0.997082,0,0.94597,-0.25256,56.758,-0.505,975.000,375.000,-1,400.000,-1,325.000,325.000,300.000,300.000,-1,-1,-1,-1,675.000,725.000,-1,-1,1,0,2,0,2,0,0,0,0,2,2,2,2,0,0,2,2
33,3924.811,-4313.481,216.409,-109.760,-0.335412,0.940786,-0.049198,-0.939341,-0.337957,-0.058508,-0.071670,0.026589,0.997074,0,0.94627,-0.24578,56.776,-0.492,-1,375.000,-1,400.000,-1,325.000,325.000,300.000,300.000,-1,-1,-1,-1,675.000,725.000,-1,-1,2,0,2,0,2,0,0,0,0,2,2,2,2,0,0,2,2
34,3905.176,-4366.741,212.465,-110.237,-0.343218,0.937931,-0.049867,-0.936517,-0.345786,-0.058036,-0.071677,0.026782,0.997068,0,0.94606,-0.23883,56.764,-0.478,-1,375.000,-1,400.000,-1,325.000,325.000,300.000,300.000,-1,-1,-1,-1,675.000,725.000,-1,-1,2,0,2,0,2,0,0,0,0,2,2,2,2,0,0,2,2
35,3885.126,-4419.799,208.403,-110.701,-0.350804,0.935106,-0.050141,-0.933722,-0.353363,-0.057418,-0.071410,0.026675,0.997090,0,0.94534,-0.23175,56.720,-0.463,-1,375.000,-1,400.000,-1,325.000,325.000,300.000,300.000,-1,-1,-1,-1,675.000,725.000,-1,-1,2,0,2,0,2,0,0,0,0,2,2,2,2,0,0,2,2
36,3864.687,-4472.630,204.276,-111.150,-0.358144,0.932312,-0.050274,-0.930960,-0.360684,-0.056745,-0.071037,0.026481,0.997122,0,0.94411,-0.22456,56.646,-0.449,-1,375.000,-1,400.000,-1,325.000,325.000,300.000,300.000,-1,-1,-1,-1,675.000,725.000,-1,-1,2,0,2,0,2,0,0,0,0,2,2,2,2,0,0,2,2
37,3843.887,-4525.207,200.237,-111.585,-0.365192,0.929541,-0.050878,-0.928245,-0.367743,-0.055916,-0.070686,0.026808,0.997138,0,0.94237,-0.21732,56.542,-0.435,-1,375.000,-1,375.000,-1,325.000,325.000,300.000,300.000,-1,-1,-1,-1,675.000,725.000,-1,-1,2,0,2,0,2,0,0,0,0,2,2,2,2,0,0,2,2
38,3822.752,-4577.506,196.500,-112.005,-0.371952,0.926775,-0.052342,-0.925668,-0.374531,-0.053534,-0.069218,0.028539,0.997193,0,0.94014,-0.21006,56.409,-0.420,-1,375.000,-1,375.000,-1,325.000,325.000,300.000,300.000,-1,-1,-1,-1,675.000,725.000,-1,-1,2,0,2,0,2,0,0,0,0,2,2,2,2,0,0,2,2
39,3801.308,-4629.505,192.722,-112.410,-0.378466,0.924053,-0.053748,-0.923131,-0.381065,-0.051171,-0.067766,0.030250,0.997243,0,0.93746,-0.20285,56.247,-0.406,-1,375.000,-1,375.000,-1,325.000,325.000,300.000,300.000,-1,-1,-1,-1,700.000,725.000,-1,-1,2,0,2,0,2,0,0,0,0,2,2,2,2,0,0,2,2
40,3779.576,-4681.182,189.004,-112.809,-0.384863,0.921341,-0.054870,-0.920565,-0.387472,-0.049246,-0.066633,0.031558,0.997278,0,0.93434,-0.19942,56.061,-0.399,-1,375.000,-1,375.000,-1,325.000,325.000,300.000,300.000,-1,-1,-1,-1,700.000,725.000,-1,-1,2,0,2,0,2,0,0,1,0,2,2,2,2,0,0,2,2
41,3757.572,-4732.514,185.430,-113.203,-0.391206,0.918639,-0.055321,-0.917968,-0.393787,-0.047603,-0.065514,0.032161,0.997333,0,0.93083,-0.19687,55.850,-0.394,-1,375.000,-1,375.000,-1,325.000,325.000,300.000,300.000,-1,-1,-1,-1,700.000,725.000,-1,-1,2,0,2,0,2,0,0,0,0,2,2,2,2,0,0,2,2
42,3737.026,-4780.091,182.267,-113.357,-0.393755,0.917577,-0.054865,-0.916996,-0.396249,-0.045889,-0.063846,0.032242,0.997439,0,0.86373,-0.07687,51.824,-0.154,-1,375.000,-1,375.000,-1,325.000,325.000,300.000,300.000,-1,-1,-1,-1,725.000,750.000,-1,-1,2,0,2,0,2,0,0,0,0,2,2,2,2,0,0,2,2
43,3716.636,-4827.506,179.087,-113.271,-0.392448,0.918161,-0.054444,-0.917676,-0.394863,-0.044215,-0.062094,0.032610,0.997537,0,0.86023,0.04313,51.614,0.086,-1,375.000,-1,400.000,-1,325.000,325.000,300.000,300.000,-1,-1,850.000,-1,725.000,750.000,-1,-1,2,0,2,0,2,0,0,0,0,2,2,0,2,0,0,2,2
44,3696.592,-4874.855,175.962,-112.944,-0.387282,0.920382,-0.053945,-0.919979,-0.389622,-0.042823,-0.060431,0.033043,0.997625,0,0.85696,0.16313,51.417,0.326,-1,400.000,-1,400.000,-1,325.000,325.000,300.000,300.000,-1,-1,725.000,-1,750.000,775.000,-1,-1,2,0,2,0,2,0,0,0,0,2,2,0,2,0,0,2,2
45,3677.010,-4922.204,172.891,-112.468,-0.379682,0.923575,-0.053386,-0.923241,-0.381954,-0.041673,-0.058879,0.033466,0.997704,0,0.85397,0.23810,51.238,0.476,-1,400.000,-1,400.000,-1,325.000,325.000,300.000,300.000,-1,850.000,675.000,-1,750.000,775.000,-1,-1,2,0,2,0,2,0,0,0,0,2,0,0,2,0,0,2,2
46,3657.888,-4969.558,169.809,-111.990,-0.372023,0.926715,-0.052887,-0.926451,-0.374229,-0.040518,-0.057340,0.033924,0.997778,0,0.85116,0.23901,51.070,0.478,1000.000,400.000,-1,400.000,-1,325.000,325.000,300.000,300.000,-1,775.000,650.000,-1,750.000,800.000,1000.000,-1,1,0,2,0,2,0,0,0,0,2,0,0,2,0,0,1,2
47,3639.226,-5016.910,166.717,-111.511,-0.364313,0.929798,-0.052447,-0.929602,-0.366457,-0.039357,-0.055813,0.034416,0.997848,0,0.84828,0.23969,50.897,0.479,950.000,400.000,-1,400.000,-1,325.000,325.000,300.000,300.000,-1,725.000,625.000,-1,750.000,825.000,950.000,-1,1,0,2,0,2,0,0,0,0,2,0,0,2,0,0,1,2
48,3621.024,-5064.253,163.619,-111.030,-0.356561,0.932820,-0.052064,-0.932693,-0.358643,-0.038191,-0.054297,0.034942,0.997913,0,0.84536,0.24013,50.721,0.480,900.000,400.000,-1,400.000,-1,325.000,325.000,300.000,300.000,-1,675.000,625.000,-1,775.000,825.000,900.000,-1,1,0,2,0,2,0,0,0,0,2,0,0,2,0,0,1,2
49,3603.282,-5111.581,160.514,-110.550,-0.348773,0.935778,-0.051737,-0.935719,-0.350798,-0.037019,-0.052791,0.035500,0.997974,0,0.84241,0.24035,50.545,0.481,875.000,400.000,-1,400.000,-1,325.000,325.000,275.000,300.000,-1,650.000,600.000,-1,775.000,850.000,850.000,-1,1,0,2,0,2,0,0,0,0,2,0,0,2,0,0,1,2
50,3585.999,-5158.891,157.639,-110.069,-0.340874,0.938636,-0.052608,-0.938667,-0.342916,-0.036224,-0.052041,0.037033,0.997958,0,0.83947,0.24033,50.368,0.481,825.000,400.000,975.000,400.000,-1,325.000,325.000,275.000,300.000,-1,675.000,625.000,-1,775.000,850.000,800.000,-1,1,0,1,0,2,0,0,0,0,2,0,0,2,1,0,1,2
51,3569.171,-5206.180,154.856,-109.589,-0.332925,0.941407,-0.053979,-0.941542,-0.335013,-0.035567,-0.051567,0.038982,0.997908,0,0.83656,0.24009,50.194,0.480,775.000,400.000,925.000,400.000,-1,325.000,325.000,275.000,300.000,-1,725.000,650.000,-1,725.000,850.000,750.000,-1,1,0,1,0,2,0,0,0,0,2,0,0,2,1,0,1,2
52,3552.796,-5253.446,152.061,-109.110,-0.324970,0.944103,-0.055356,-0.944343,-0.327101,-0.034939,-0.051093,0.040920,0.997855,0,0.83370,0.23963,50.022,0.479,725.000,400.000,875.000,400.000,-1,325.000,325.000,300.000,300.000,-1,750.000,675.000,-1,675.000,850.000,725.000,-1,1,0,1,0,2,0,0,0,0,2,0,0,2,1,0,1,2
53,3536.869,-5300.688,149.250,-108.632,-0.317015,0.946723,-0.056721,-0.947068,-0.319190,-0.034365,-0.050639,0.042825,0.997798,0,0.83091,0.23895,49.855,0.478,675.000,400.000,825.000,425.000,-1,325.000,325.000,300.000,300.000,-1,775.000,700.000,-1,650.000,850.000,675.000,-1,1,0,1,0,2,0,0,0,0,2,0,0,2,1,1,1,2
54,3521.386,-5347.907,146.705,-108.156,-0.309068,0.949308,-0.057376,-0.949667,-0.311300,-0.035008,-0.051095,0.043668,0.997739,0,0.82821,0.23805,49.693,0.476,650.000,400.000,775.000,425.000,-1,325.000,325.000,300.000,300.000,-1,875.000,775.000,-1,600.000,800.000,625.000,-1,1,0,1,0,2,0,0,0,0,2,0,0,2,1,1,1,2
55,3506.340,-5395.104,144.035,-107.682,-0.301096,0.951798,-0.058493,-0.952182,-0.303421,-0.035855,-0.051875,0.044901,0.997644,0,0.82563,0.23695,49.538,0.474,600.000,400.000,700.000,425.000,-1,325.000,325.000,275.000,300.000,-1,975.000,875.000,-1,550.000,750.000,575.000,950.000,1,0,1,0,2,0,0,0,0,2,0,0,2,1,1,1,1
56,3491.727,-5442.283,141.343,-107.210,-0.293145,0.954207,-0.059615,-0.954616,-0.295566,-0.036727,-0.052665,0.046143,0.997546,0,0.82317,0.23564,49.390,0.471,550.000,400.000,650.000,425.000,-1,325.000,325.000,275.000,300.000,-1,-1,975.000,-1,525.000,700.000,525.000,875.000,1,0,1,0,2,0,0,0,0,2,2,0,2,1,1,1,1
57,3477.540,-5489.447,138.630,-106.742,-0.285222,0.956535,-0.060740,-0.956969,-0.287741,-0.037623,-0.053465,0.047395,0.997444,0,0.82085,0.23413,49.251,0.468,500.000,400.000,600.000,425.000,-1,325.000,325.000,275.000,300.000,-1,-1,-1,-1,475.000,625.000,475.000,800.000,1,0,1,0,2,0,0,0,0,2,2,2,2,1,1,1,1
58,3462.243,-5541.288,135.607,-106.440,-0.280051,0.957984,-0.061960,-0.958434,-0.282683,-0.038669,-0.054559,0.048555,0.997329,0,0.90085,0.15087,54.051,0.302,450.000,400.000,550.000,425.000,-1,325.000,325.000,275.000,300.000,-1,-1,-1,-1,425.000,575.000,425.000,725.000,1,1,1,0,2,0,0,0,0,2,2,2,2,1,1,1,1
59,3446.504,-5595.707,132.392,-106.131,-0.274740,0.959437,-0.063237,-0.959901,-0.277497,-0.039812,-0.055745,0.049763,0.997204,0,0.94414,0.15449,56.649,0.309,400.000,350.000,475.000,425.000,-1,325.000,325.000,275.000,300.000,-1,-1,-1,-1,375.000,525.000,375.000,650.000,1,1,1,0,2,0,0,0,0,2,2,2,2,1,1,1,1
60,3430.971,-5650.548,129.151,-105.814,-0.269279,0.960891,-0.064632,-0.961383,-0.272164,-0.040849,-0.056842,0.051136,0.997073,0,0.94996,0.15853,56.998,0.317,325.000,300.000,425.000,400.000,775.000,300.000,325.000,275.000,300.000,-1,-1,-1,-1,325.000,450.000,325.000,575.000,1,1,1,1,1,1,0,0,0,2,2,2,2,1,1,1,1
61,3415.659,-5705.805,125.905,-105.489,-0.263657,0.962342,-0.066209,-0.962884,-0.266674,-0.041695,-0.057781,0.052759,0.996934,0,0.95566,0.16288,57.340,0.326,275.000,250.000,375.000,350.000,650.000,250.000,300.000,275.000,300.000,-1,-1,-1,-1,275.000,400.000,275.000,500.000,1,1,1,1,1,1,1,0,0,2,2,2,2,1,1,1,1
62,3400.584,-5761.473,122.604,-105.153,-0.257863,0.963799,-0.067810,-0.964395,-0.261018,-0.042573,-0.058731,0.054417,0.996790,0,0.96121,0.16756,57.673,0.335,225.000,225.000,300.000,300.000,550.000,225.000,250.000,275.000,300.000,-1,-1,-1,-1,225.000,325.000,200.000,425.000,1,1,1,1,1,1,1,0,0,2,2,2,2,1,1,1,1
63,3385.763,-5817.541,119.251,-104.808,-0.251883,0.965264,-0.069435,-0.965915,-0.255181,-0.043481,-0.059689,0.056116,0.996638,0,0.96656,0.17263,57.994,0.345,150.000,175.000,250.000,250.000,450.000,175.000,200.000,275.000,300.000,-1,-1,-1,-1,175.000,275.000,150.000,350.000,1,1,1,1,1,1,1,0,0,2,2,2,2,1,1,1,1
64,3371.237,-5874.001,122.202,-104.452,-0.246117,0.964944,-0.091158,-0.968420,-0.248687,-0.017826,-0.039871,0.083892,0.995677,0,0.97169,0.17815,58.301,0.356,125.000,150.000,200.000,200.000,375.000,150.000,175.000,325.000,275.000,-1,-1,850.000,-1,150.000,225.000,125.000,300.000,1,1,1,1,1,1,1,0,0,2,2,0,2,1,1,1,1
65,3357.074,-5930.852,132.978,-104.084,-0.244116,0.959812,-0.138453,-0.969730,-0.240795,0.040508,0.005541,0.144150,0.989540,0,0.97651,0.18417,58.591,0.368,125.000,125.000,200.000,175.000,300.000,125.000,150.000,500.000,250.000,-1,350.000,100.000,450.000,150.000,200.000,125.000,250.000,1,1,1,1,1,1,1,0,0,2,0,0,0,1,1,1,1
66,-7543.216,-8855.089,-313.118,-37.534,0.791992,0.609075,0.042149,-0.606438,0.792785,-0.061030,-0.070587,0.022775,0.997246,1,0.00000,0.00000,58.859,0.382,-1,400.000,-1,400.000,-1,325.000,325.000,275.000,275.000,-1,-1,-1,-1,825.000,825.000,-1,-1,2,0,2,0,2,0,0,0,0,2,2,2,2,0,0,2,2
67,-7547.010,-8852.149,-312.747,-37.774,0.789430,0.612395,0.042094,-0.609768,0.790233,-0.060945,-0.070586,0.022444,0.997253,0,-0.08000,-0.12000,-4.800,-0.240,-1,425.000,-1,400.000,-1,325.000,325.000,275.000,275.000,-1,-1,-1,-1,825.000,825.000,-1,-1,2,0,2,0,2,0,0,0,0,2,2,2,2,0,0,2,2
68,-7554.555,-8846.213,-312.008,-38.195,0.784904,0.618195,0.041966,-0.615588,0.785720,-0.060787,-0.070552,0.021878,0.997268,0,-0.16000,-0.21057,-9.600,-0.421,-1,425.000,-1,400.000,-1,325.000,325.000,275.000,300.000,-1,-1,-1,-1,825.000,825.000,-1,-1,2,0,2,0,2,0,0,0,0,2,2,2,2,0,0,2,2
69,-7565.806,-8837.226,-310.905,-38.616,0.780341,0.623961,0.041716,-0.621380,0.781164,-0.060584,-0.070389,0.021354,0.997291,0,-0.24000,-0.21057,-14.400,-0.421,-1,425.000,-1,400.000,-1,325.000,325.000,275.000,300.000,-1,-1,-1,-1,825.000,825.000,-1,-1,2,0,2,0,2,0,0,0,0,2,2,2,2,0,0,2,2
70,-7580.720,-8825.133,-309.445,-39.038,0.775744,0.629692,0.041342,-0.627142,0.776564,-0.060342,-0.070102,0.020882,0.997321,0,-0.32000,-0.21057,-19.200,-0.421,-1,425.000,-1,400.000,-1,325.000,325.000,275.000,300.000,-1,-1,-1,-1,825.000,825.000,-1,-1,2,0,2,0,2,0,0,0,0,2,2,2,2,0,0,2,2
71,-7599.250,-8809.881,-307.638,-39.459,0.771112,0.635388,0.040843,-0.632874,0.771921,-0.060069,-0.069695,0.020472,0.997358,0,-0.40000,-0.21057,-24.000,-0.421,-1,425.000,-1,400.000,-1,325.000,325.000,275.000,300.000,-1,-1,-1,-1,825.000,825.000,-1,-1,2,0,2,0,2,0,0,0,0,2,2,2,2,0,0,2,2
72,-7620.310,-8792.284,-305.593,-39.880,0.766443,0.641050,0.040253,-0.638573,0.767236,-0.059787,-0.069210,0.020119,0.997399,0,-0.45740,-0.21057,-27.444,-0.421,-1,425.000,-1,400.000,-1,325.000,325.000,275.000,300.000,-1,-1,-1,-1,825.000,825.000,-1,-1,2,0,2,0,2,0,0,0,0,2,2,2,2,0,0,2,2
73,-7641.241,-8774.533,-303.601,-40.301,0.761735,0.646675,0.039654,-0.644224,0.762506,-0.059667,-0.068821,0.019904,0.997430,0,-0.45740,-0.21057,-27.444,-0.421,-1,425.000,-1,400.000,-1,325.000,325.000,275.000,300.000,-1,-1,-1,-1,825.000,825.000,-1,-1,2,0,2,0,2,0,0,0,0,2,2,2,2,0,0,2,2
74,-7662.040,-8756.629,-301.679,-40.722,0.756988,0.652262,0.039039,-0.649820,0.757732,-0.059792,-0.068581,0.019893,0.997447,0,-0.45740,-0.21057,-27.444,-0.421,-1,425.000,-1,400.000,-1,325.000,325.000,275.000,300.000,-1,-1,-1,-1,825.000,825.000,-1,-1,2,0,2,0,2,0,0,0,0,2,2,2,2,0,0,2,2
75,-7682.708,-8738.572,-299.773,-41.143,0.752200,0.657814,0.038415,-0.655382,0.752918,-0.059905,-0.068330,0.019884,0.997465,0,-0.45740,-0.21057,-27.444,-0.421,-1,425.000,-1,400.000,-1,325.000,325.000,275.000,300.000,-1,-1,-1,-1,825.000,825.000,-1,-1,2,0,2,0,2,0,0,0,0,2,2,2,2,0,0,2,2
76,-7703.242,-8720.364,-297.885,-41.564,0.747372,0.663331,0.037782,-0.660910,0.748062,-0.060008,-0.068069,0.019877,0.997483,0,-0.45740,-0.21057,-27.444,-0.421,-1,425.000,-1,400.000,-1,325.000,325.000,275.000,300.000,-1,-1,-1,-1,850.000,825.000,-1,-1,2,0,2,0,2,0,0,0,0,2,2,2,2,0,0,2,2
77,-7723.641,-8702.005,-296.013,-41.986,0.742504,0.668811,0.037142,-0.666402,0.743166,-0.060099,-0.067798,0.019873,0.997501,0,-0.45740,-0.21057,-27.444,-0.421,-1,425.000,-1,400.000,-1,325.000,325.000,275.000,300.000,-1,-1,-1,-1,850.000,800.000,-1,-1,2,0,2,0,2,0,0,0,0,2,2,2,2,0,0,2,2
78,-7743.906,-8683.497,-294.158,-42.407,0.737596,0.674256,0.036494,-0.671859,0.738230,-0.060180,-0.067517,0.019870,0.997520,0,-0.45740,-0.21057,-27.444,-0.421,-1,425.000,-1,400.000,-1,325.000,325.000,275.000,300.000,-1,-1,-1,-1,850.000,800.000,-1,-1,2,0,2,0,2,0,0,0,0,2,2,2,2,0,0,2,2
79,-7764.033,-8664.840,-292.320,-42.828,0.732648,0.679664,0.035838,-0.677280,0.733254,-0.060248,-0.067227,0.019869,0.997540,0,-0.45740,-0.21057,-27.444,-0.421,-1,425.000,-1,400.000,-1,325.000,325.000,275.000,300.000,-1,-1,-1,-1,850.000,800.000,-1,-1,2,0,2,0,2,0,0,0,0,2,2,2,2,0,0,2,2
80,-7784.023,-8646.036,-290.499,-43.249,0.727660,0.685035,0.035175,-0.682665,0.728239,-0.060306,-0.066928,0.019869,0.997560,0,-0.45740,-0.21057,-27.444,-0.421,-1,425.000,-1,400.000,-1,325.000,325.000,275.000,300.000,-1,-1,-1,-1,850.000,800.000,-1,-1,2,0,2,0,2,0,0,0,0,2,2,2,2,0,0,2,2
81,-7800.468,-8630.469,-289.005,-43.430,0.725517,0.687332,0.034635,-0.684972,0.726067,-0.060336,-0.066619,0.020051,0.997577,0,-0.37740,-0.09057,-22.644,-0.181,-1,425.000,-1,400.000,-1,325.000,325.000,275.000,300.000,-1,-1,-1,-1,850.000,800.000,-1,-1,2,0,2,0,2,0,0,0,0,2,2,2,2,0,0,2,2
82,-7813.439,-8618.215,-287.806,-43.371,0.726241,0.686582,0.034341,-0.684228,0.726768,-0.060329,-0.066379,0.020316,0.997588,0,-0.29740,0.02943,-17.844,0.059,-1,425.000,-1,400.000,-1,325.000,325.000,275.000,300.000,-1,-1,-1,-1,850.000,775.000,-1,-1,2,0,2,0,2,0,0,0,0,2,2,2,2,0,0,2,2
83,-7822.968,-8609.307,-286.917,-43.072,0.729834,0.682774,0.034099,-0.680417,0.730331,-0.060414,-0.066153,0.020891,0.997591,0,-0.21740,0.14943,-13.044,0.299,-1,425.000,-1,400.000,-1,325.000,325.000,275.000,300.000,-1,-1,-1,-1,850.000,775.000,-1,-1,2,0,2,0,2,0,0,0,0,2,2,2,2,0,0,2,2
84,-7829.043,-8603.733,-286.353,-42.534,0.736246,0.675864,0.033920,-0.673501,0.736707,-0.060491,-0.065872,0.021691,0.997592,0,-0.13740,0.26943,-8.244,0.539,-1,425.000,-1,400.000,-1,325.000,325.000,275.000,300.000,-1,-1,-1,-1,850.000,775.000,-1,-1,2,0,2,0,2,0,0,0,0,2,2,2,2,0,0,2,2
85,-7831.602,-8601.429,-286.119,-41.993,0.742612,0.668867,0.033822,-0.666500,0.743044,-0.060516,-0.065608,0.022397,0.997594,0,-0.05740,0.27049,-3.444,0.541,-1,425.000,-1,400.000,-1,325.000,325.000,300.000,300.000,-1,-1,-1,-1,850.000,800.000,-1,-1,2,0,2,0,2,0,0,0,0,2,2,2,2,0,0,2,2
86,-7830.586,-8602.326,-286.211,-41.452,0.748907,0.661812,0.033797,-0.659444,0.749316,-0.060495,-0.065361,0.023018,0.997596,0,0.02260,0.27049,1.356,0.541,-1,425.000,-1,400.000,-1,325.000,325.000,300.000,300.000,-1,-1,-1,-1,850.000,800.000,-1,-1,2,0,2,0,2,0,0,0,0,2,2,2,2,0,0,2,2
87,-7825.934,-8606.358,-286.629,-40.911,0.755131,0.654700,0.033837,-0.652330,0.755522,-0.060433,-0.065130,0.023562,0.997599,0,0.10260,0.27049,6.156,0.541,-1,425.000,-1,400.000,-1,325.000,325.000,275.000,300.000,-1,-1,-1,-1,850.000,800.000,-1,-1,2,0,2,0,2,0,0,0,0,2,2,2,2,0,0,2,2
88,-7817.587,-8613.454,-287.368,-40.370,0.761285,0.647529,0.033933,-0.645159,0.761661,-0.060358,-0.064929,0.024058,0.997600,0,0.18260,0.27049,10.956,0.541,-1,425.000,-1,400.000,-1,325.000,325.000,275.000,300.000,-1,-1,-1,-1,850.000,800.000,-1,-1,2,0,2,0,2,0,0,0,0,2,2,2,2,0,0,2,2
89,-7805.487,-8623.545,-288.401,-39.829,0.767369,0.640300,0.034074,-0.637919,0.767730,-0.060419,-0.064846,0.024627,0.997591,0,0.26260,0.27049,15.756,0.541,-1,425.000,-1,400.000,-1,325.000,325.000,275.000,300.000,-1,-1,-1,-1,850.000,800.000,-1,-1,2,0,2,0,2,0,0,0,0,2,2,2,2,0,0,2,2
90,-7789.632,-8636.628,-289.739,-39.528,0.770712,0.636255,0.034382,-0.633861,0.771079,-0.060473,-0.064988,0.024814,0.997577,0,0.34260,0.15049,20.556,0.301,-1,425.000,-1,400.000,-1,325.000,325.000,275.000,300.000,-1,-1,-1,-1,850.000,800.000,-1,-1,2,0,2,0,2,0,0,0,0,2,2,2,2,0,0,2,2
91,-7770.001,-8652.677,-291.370,-39.268,0.773565,0.632754,0.034920,-0.630343,0.773956,-0.060497,-0.065307,0.024787,0.997557,0,0.42260,0.12986,25.356,0.260,-1,425.000,-1,400.000,-1,325.000,325.000,275.000,300.000,-1,-1,-1,-1,850.000,800.000,-1,-1,2,0,2,0,2,0,0,0,0,2,2,2,2,0,0,2,2
92,-7746.569,-8671.658,-293.331,-39.008,0.776396,0.629241,0.035565,-0.626811,0.776818,-0.060510,-0.065703,0.024687,0.997534,0,0.50260,0.12986,30.156,0.260,-1,425.000,-1,400.000,-1,325.000,325.000,275.000,300.000,-1,-1,-1,-1,850.000,825.000,-1,-1,2,0,2,0,2,0,0,0,0,2,2,2,2,0,0,2,2
93,-7719.307,-8693.537,-295.631,-38.749,0.779205,0.625716,0.036318,-0.623266,0.779666,-0.060503,-0.066174,0.024509,0.997507,0,0.58260,0.12986,34.956,0.260,-1,425.000,-1,400.000,-1,325.000,325.000,275.000,300.000,-1,-1,-1,-1,825.000,825.000,-1,-1,2,0,2,0,2,0,0,0,0,2,2,2,2,0,0,2,2
94,-7688.188,-8718.280,-298.285,-38.489,0.781991,0.622179,0.037181,-0.619709,0.782499,-0.060466,-0.066715,0.024242,0.997478,0,0.66260,0.12986,39.756,0.260,-1,425.000,-1,400.000,-1,325.000,325.000,275.000,300.000,-1,-1,-1,-1,825.000,825.000,-1,-1,2,0,2,0,2,0,0,0,0,2,2,2,2,0,0,2,2
95,-7656.588,-8743.173,-301.012,-38.229,0.784760,0.618630,0.038057,-0.616141,0.785317,-0.060396,-0.067250,0.023948,0.997449,0,0.67046,0.12986,40.227,0.260,-1,425.000,-1,400.000,-1,325.000,325.000,275.000,300.000,-1,-1,-1,-1,825.000,825.000,-1,-1,2,0,2,0,2,0,0,0,0,2,2,2,2,0,0,2,2
96,-7624.875,-8767.922,-303.857,-37.969,0.787515,0.615065,0.038937,-0.612533,0.788114,-0.060670,-0.068002,0.023928,0.997398,0,0.67046,0.12986,40.227,0.260,-1,425.000,-1,400.000,-1,325.000,325.000,275.000,300.000,-1,-1,-1,-1,825.000,825.000,-1,-1,2,0,2,0,2,0,0,0,0,2,2,2,2,0,0,2,2
97,-7593.050,-8792.528,-306.787,-37.710,0.790254,0.611484,0.039824,-0.608897,0.790891,-0.061119,-0.068870,0.024051,0.997336,0,0.67046,0.12986,40.227,0.260,-1,425.000,-1,400.000,-1,325.000,325.000,275.000,300.000,-1,-1,-1,-1,825.000,825.000,-1,-1,2,0,2,0,2,0,0,0,0,2,2,2,2,0,0,2,2
98,-7561.114,-8816.989,-309.771,-37.450,0.792976,0.607891,0.040717,-0.605245,0.793652,-0.061603,-0.069763,0.024206,0.997270,0,0.67046,0.12986,40.227,0.260,-1,425.000,-1,400.000,-1,325.000,325.000,275.000,300.000,-1,-1,-1,-1,825.000,825.000,-1,-1,2,0,2,0,2,0,0,0,0,2,2,2,2,0,0,2,2
99,-7529.067,-8841.306,-312.808,-37.190,0.795681,0.604284,0.041617,-0.601577,0.796395,-0.062120,-0.070682,0.024392,0.997201,0,0.67046,0.12986,40.227,0.260,-1,400.000,-1,400.000,-1,325.000,325.000,275.000,275.000,-1,-1,-1,-1,825.000,825.000,-1,-1,2,0,2,0,2,0,0,0,0,2,2,2,2,0,0,2,2
100,-7496.911,-8865.476,-315.818,-36.931,0.798347,0.600669,0.042890,-0.597895,0.799128,-0.062575,-0.071861,0.024313,0.997118,0,0.67046,0.12986,40.227,0.260,-1,400.000,-1,400.000,-1,325.000,325.000,275.000,275.000,-1,-1,-1,-1,800.000,825.000,-1,-1,2,0,2,0,2,0,0,0,0,2,2,2,2,0,0,2,2
101,-7464.645,-8889.501,-318.736,-36.671,0.800995,0.597041,0.044144,-0.594197,0.801843,-0.063065,-0.073049,0.024284,0.997033,0,0.67046,0.12986,40.227,0.260,-1,400.000,-1,400.000,-1,325.000,325.000,275.000,275.000,-1,-1,-1,-1,800.000,825.000,-1,-1,2,0,2,0,2,0,0,0,0,2,2,2,2,0,0,2,2
102,-7432.271,-8913.379,-321.640,-36.411,0.803643,0.593397,0.045141,-0.590481,0.804537,-0.063661,-0.074093,0.024506,0.996950,0,0.67046,0.12986,40.227,0.260,-1,400.000,-1,400.000,-1,325.000,325.000,275.000,275.000,-1,-1,-1,-1,800.000,825.000,-1,-1,2,0,2,0,2,0,0,0,0,2,2,2,2,0,0,2,2
103,-7399.788,-8937.110,-324.593,-36.151,0.806271,0.589741,0.046189,-0.586749,0.807214,-0.064270,-0.075187,0.024717,0.996863,0,0.67046,0.12986,40.227,0.260,-1,400.000,-1,400.000,-1,325.000,325.000,275.000,275.000,-1,-1,-1,-1,800.000,800.000,-1,-1,2,0,2,0,2,0,0,0,0,2,2,2,2,0,0,2,2
104,-7367.199,-8960.694,-327.598,-35.892,0.808877,0.586073,0.047289,-0.583003,0.809875,-0.064880,-0.076322,0.024911,0.996772,0,0.67046,0.12986,40.227,0.260,-1,400.000,-1,400.000,-1,325.000,325.000,275.000,275.000,-1,-1,-1,-1,800.000,800.000,-1,-1,2,0,2,0,2,0,0,0,0,2,2,2,2,0,0,2,2
105,-7334.503,-8984.130,-330.654,-35.632,0.811463,0.582394,0.048439,-0.579243,0.812520,-0.065491,-0.077500,0.025086,0.996677,0,0.67046,0.12986,40.227,0.260,-1,400.000,-1,400.000,-1,325.000,325.000,275.000,275.000,-1,-1,-1,-1,800.000,800.000,-1,-1,2,0,2,0,2,0,0,0,0,2,2,2,2,0,0,2,2
106,-7301.701,-9007.417,-333.740,-35.372,0.814034,0.578701,0.049541,-0.575468,0.815146,-0.066131,-0.078653,0.025324,0.996580,0,0.67046,0.12986,40.227,0.260,-1,400.000,-1,400.000,-1,325.000,325.000,275.000,275.000,-1,-1,-1,-1,775.000,800.000,-1,-1,2,0,2,0,2,0,0,0,0,2,2,2,2,0,0,2,2
107,-7268.794,-9030.555,-336.799,-35.113,0.816611,0.574992,0.050302,-0.571674,0.817750,-0.066886,-0.079594,0.025864,0.996492,0,0.67046,0.12986,40.227,0.260,-1,400.000,-1,400.000,-1,325.000,325.000,275.000,275.000,-1,-1,-1,-1,775.000,775.000,-1,-1,2,0,2,0,2,0,0,0,0,2,2,2,2,0,0,2,2
108,-7235.782,-9053.544,-339.903,-34.853,0.819170,0.571271,0.051090,-0.567866,0.820336,-0.067652,-0.080558,0.026406,0.996400,0,0.67046,0.12986,40.227,0.260,-1,400.000,-1,400.000,-1,325.000,325.000,275.000,275.000,-1,-1,-1,-1,775.000,775.000,-1,-1,2,0,2,0,2,0,0,0,0,2,2,2,2,0,0,2,2
109,-7202.666,-9076.383,-343.052,-34.593,0.821709,0.567539,0.051904,-0.564043,0.822905,-0.068428,-0.081547,0.026952,0.996305,0,0.67046,0.12986,40.227,0.260,-1,400.000,-1,400.000,-1,325.000,325.000,275.000,275.000,-1,-1,-1,-1,750.000,775.000,-1,-1,2,0,2,0,2,0,0,0,0,2,2,2,2,0,0,2,2
110,-7169.448,-9099.072,-346.244,-34.333,0.824229,0.563794,0.052743,-0.560205,0.825457,-0.069213,-0.082559,0.027500,0.996207,0,0.67046,0.12986,40.227,0.260,-1,400.000,-1,400.000,-1,325.000,325.000,275.000,275.000,-1,-1,-1,-1,750.000,750.000,-1,-1,2,0,2,0,2,0,0,0,0,2,2,2,2,0,0,2,2
111,-7136.126,-9121.610,-349.496,-34.074,0.826735,0.560038,0.053540,-0.556353,0.827990,-0.070028,-0.083549,0.028108,0.996107,0,0.67046,0.12986,40.227,0.260,-1,400.000,-1,400.000,-1,325.000,325.000,275.000,275.000,-1,-1,-1,-1,725.000,750.000,-1,-1,2,0,2,0,2,0,0,0,0,2,2,2,2,0,0,2,2
112,-7102.703,-9143.996,-352.852,-33.814,0.829255,0.556265,0.053898,-0.552499,0.830501,-0.070804,-0.084148,0.028936,0.996033,0,0.67046,0.12986,40.227,0.260,-1,400.000,-1,400.000,-1,325.000,325.000,275.000,275.000,-1,-1,-1,-1,725.000,750.000,-1,-1,2,0,2,0,2,0,0,0,0,2,2,2,2,0,0,2,2
113,-7069.179,-9166.231,-356.233,-33.554,0.831760,0.552483,0.054207,-0.548646,0.832995,-0.071465,-0.084637,0.029701,0.995969,0,0.67046,0.12986,40.227,0.260,-1,400.000,-1,400.000,-1,325.000,325.000,275.000,275.000,-1,-1,-1,-1,725.000,750.000,-1,-1,2,0,2,0,2,0,0,0,0,2,2,2,2,0,0,2,2
114,-7035.554,-9188.314,-359.648,-33.295,0.834250,0.548689,0.054468,-0.544789,0.835472,-0.072050,-0.085039,0.030434,0.995913,0,0.67046,0.12986,40.227,0.260,-1,400.000,-1,400.000,-1,325.000,325.000,275.000,300.000,-1,-1,-1,-1,700.000,725.000,-1,-1,2,0,2,0,2,0,0,0,0,2,2,2,2,0,0,2,2
115,-7001.830,-9210.243,-362.972,-33.035,0.836725,0.544893,0.054625,-0.540988,0.837945,-0.071973,-0.084990,0.030670,0.995910,0,0.67046,0.12986,40.227,0.260,-1,400.000,-1,400.000,-1,325.000,325.000,275.000,300.000,-1,-1,-1,-1,700.000,725.000,-1,-1,2,0,2,0,2,0,0,0,0,2,2,2,2,0,0,2,2
116,-6968.007,-9232.020,-366.273,-32.775,0.839185,0.541089,0.054701,-0.537212,0.840406,-0.071561,-0.084692,0.030667,0.995935,0,0.67046,0.12986,40.227,0.260,-1,400.000,-1,400.000,-1,325.000,325.000,275.000,300.000,-1,-1,-1,-1,700.000,725.000,-1,-1,2,0,2,0,2,0,0,0,0,2,2,2,2,0,0,2,2
117,-6938.213,-9251.188,-369.217,-32.755,0.839366,0.540805,0.054729,-0.536960,0.840601,-0.071164,-0.084491,0.030346,0.995962,0,0.59046,0.00986,35.427,0.020,-1,400.000,-1,400.000,-1,325.000,325.000,275.000,300.000,-1,-1,-1,-1,675.000,725.000,-1,-1,2,0,2,0,2,0,0,0,0,2,2,2,2,0,0,2,2
118,-6912.519,-9267.859,-371.724,-32.976,0.837270,0.544038,0.054780,-0.540197,0.838524,-0.071169,-0.084653,0.029995,0.995959,0,0.51046,-0.11014,30.627,-0.220,-1,400.000,-1,400.000,-1,325.000,325.000,275.000,300.000,-1,-1,-1,-1,675.000,725.000,-1,-1,2,0,2,0,2,0,0,0,0,2,2,2,2,0,0,2,2
119,-6890.966,-9282.090,-373.851,-33.436,0.832855,0.550768,0.054843,-0.546928,0.834143,-0.071245,-0.084986,0.029342,0.995950,0,0.43046,-0.23014,25.827,-0.460,-1,400.000,-1,400.000,-1,325.000,325.000,275.000,300.000,-1,-1,-1,-1,675.000,725.000,-1,-1,2,0,2,0,2,0,0,0,0,2,2,2,2,0,0,2,2
120,-6873.562,-9293.890,-375.615,-34.136,0.826034,0.560939,0.054920,-0.557109,0.827374,-0.071285,-0.085425,0.028287,0.995943,0,0.35046,-0.35014,21.027,-0.700,1000.000,400.000,-1,400.000,-1,325.000,325.000,275.000,300.000,-1,-1,-1,-1,675.000,725.000,-1,-1,0,0,2,0,2,0,0,0,0,2,2,2,2,0,0,2,2
121,-6860.281,-9303.216,-377.006,-35.077,0.816679,0.574464,0.055017,-0.570652,0.818090,-0.071308,-0.085973,0.026840,0.995936,0,0.27046,-0.47014,16.227,-0.940,1000.000,400.000,-1,400.000,-1,325.000,325.000,275.000,300.000,-1,-1,-1,-1,650.000,725.000,-1,-1,0,0,2,0,2,0,0,0,0,2,2,2,2,0,0,2,2
122,-6851.067,-9309.975,-378.017,-36.257,0.804623,0.591221,0.055135,-0.587434,0.806122,-0.071336,-0.086621,0.025010,0.995927,0,0.19046,-0.59014,11.427,-1.180,1000.000,400.000,-1,400.000,-1,325.000,325.000,275.000,300.000,-1,-1,-1,-1,650.000,725.000,-1,-1,0,0,2,0,2,0,0,0,0,2,2,2,2,0,0,2,2
123,-6845.822,-9314.026,-378.637,-37.677,0.789659,0.611052,0.055262,-0.607296,0.791262,-0.071390,-0.087350,0.022814,0.995916,0,0.11046,-0.71014,6.627,-1.420,1000.000,400.000,-1,400.000,-1,325.000,325.000,275.000,300.000,-1,-1,-1,-1,650.000,725.000,-1,-1,0,0,2,0,2,0,0,0,0,2,2,2,2,0,0,2,2
124,-6844.408,-9315.185,-378.861,-39.337,0.771548,0.633756,0.055378,-0.630037,0.773267,-0.071492,-0.088131,0.020270,0.995903,0,0.03046,-0.83014,1.827,-1.660,1000.000,400.000,-1,375.000,-1,325.000,325.000,275.000,300.000,-1,-1,-1,-1,650.000,725.000,-1,-1,0,0,2,0,2,0,0,0,0,2,2,2,2,0,0,2,2
125,-6846.648,-9313.230,-378.675,-41.129,0.751280,0.657651,0.055448,-0.653972,0.753118,-0.071651,-0.088880,0.017569,0.995887,0,-0.04954,-0.89563,-2.973,-1.791,-1,400.000,-1,375.000,-1,325.000,325.000,275.000,300.000,-1,-1,-1,-1,650.000,725.000,-1,-1,2,0,2,0,2,0,0,0,0,2,2,2,2,0,0,2,2
126,-6850.517,-9309.632,-378.289,-42.920,0.730273,0.680900,0.055466,-0.677263,0.732225,-0.071844,-0.089533,0.014900,0.995872,0,-0.08806,-0.89563,-5.284,-1.791,-1,400.000,-1,375.000,-1,325.000,325.000,275.000,300.000,-1,-1,-1,-1,650.000,725.000,-1,-1,2,0,2,0,2,0,0,0,0,2,2,2,2,0,0,2,2
127,-6854.272,-9305.915,-377.902,-44.711,0.708547,0.703481,0.055457,-0.699888,0.710609,-0.072052,-0.090096,0.012239,0.995858,0,-0.08806,-0.89563,-5.284,-1.791,-1,400.000,-1,375.000,-1,325.000,325.000,275.000,300.000,-1,-1,-1,-1,650.000,700.000,-1,-1,2,0,2,0,2,0,0,0,0,2,2,2,2,0,0,2,2
128,-6857.909,-9302.082,-377.501,-46.502,0.686125,0.725370,0.055409,-0.721818,0.688292,-0.072339,-0.090610,0.009639,0.995840,0,-0.08806,-0.89563,-5.284,-1.791,-1,400.000,-1,375.000,-1,325.000,325.000,275.000,300.000,-1,-1,-1,-1,675.000,700.000,-1,-1,2,0,2,0,2,0,0,0,0,2,2,2,2,0,0,2,2
129,-6861.424,-9298.138,-377.088,-48.294,0.663030,0.746546,0.055318,-0.743032,0.665296,-0.072694,-0.091072,0.007095,0.995819,0,-0.08806,-0.89563,-5.284,-1.791,-1,400.000,-1,375.000,-1,325.000,325.000,275.000,300.000,-1,-1,-1,-1,675.000,700.000,-1,-1,2,0,2,0,2,0,0,0,0,2,2,2,2,0,0,2,2
130,-6864.814,-9294.086,-376.675,-50.085,0.639283,0.766989,0.055191,-0.763515,0.641644,-0.073054,-0.091444,0.004563,0.995800,0,-0.08806,-0.89563,-5.284,-1.791,-1,400.000,-1,375.000,-1,325.000,325.000,275.000,300.000,-1,-1,-1,-1,675.000,700.000,-1,-1,2,0,2,0,2,0,0,0,0,2,2,2,2,0,0,2,2
131,-6868.076,-9289.929,-376.261,-51.876,0.614907,0.786677,0.055029,-0.783247,0.617361,-0.073415,-0.091727,0.002043,0.995782,0,-0.08806,-0.89563,-5.284,-1.791,-1,400.000,-1,375.000,-1,325.000,325.000,275.000,300.000,-1,-1,-1,-1,675.000,700.000,-1,-1,2,0,2,0,2,0,0,0,0,2,2,2,2,0,0,2,2
132,-6871.206,-9285.673,-375.847,-53.667,0.589928,0.805592,0.054832,-0.802207,0.592471,-0.073776,-0.091920,-0.000464,0.995766,0,-0.08806,-0.89563,-5.284,-1.791,-1,400.000,-1,375.000,-1,325.000,325.000,275.000,300.000,-1,-1,-1,-1,675.000,700.000,-1,-1,2,0,2,0,2,0,0,0,0,2,2,2,2,0,0,2,2
133,-6874.201,-9281.320,-375.410,-55.459,0.564367,0.823714,0.054635,-0.820386,0.566997,-0.074032,-0.091959,-0.003040,0.995758,0,-0.08806,-0.89563,-5.284,-1.791,-1,400.000,-1,375.000,-1,325.000,325.000,275.000,275.000,-1,-1,-1,-1,675.000,700.000,-1,-1,2,0,2,0,2,0,0,0,0,2,2,2,2,0,0,2,2
134,-6877.059,-9276.876,-374.917,-57.250,0.538245,0.841025,0.054497,-0.837780,0.540966,-0.074034,-0.091745,-0.005808,0.995766,0,-0.08806,-0.89563,-5.284,-1.791,-1,400.000,-1,375.000,-1,325.000,325.000,275.000,275.000,-1,-1,-1,-1,675.000,700.000,-1,-1,2,0,2,0,2,0,0,0,0,2,2,2,2,0,0,2,2
135,-6879.777,-9272.345,-374.425,-59.041,0.511594,0.857506,0.054351,-0.854347,0.514402,-0.074037,-0.091445,-0.008558,0.995773,0,-0.08806,-0.89563,-5.284,-1.791,-1,400.000,-1,375.000,-1,325.000,325.000,275.000,275.000,-1,-1,-1,-1,700.000,700.000,-1,-1,2,0,2,0,2,0,0,0,0,2,2,2,2,0,0,2,2
136,-6882.351,-9267.731,-373.934,-60.832,0.484442,0.873143,0.054198,-0.870071,0.487333,-0.074040,-0.091059,-0.011288,0.995781,0,-0.08806,-0.89563,-5.284,-1.791,-1,400.000,-1,375.000,-1,325.000,325.000,300.000,275.000,-1,-1,-1,-1,700.000,700.000,-1,-1,2,0,2,0,2,0,0,0,0,2,2,2,2,0,0,2,2
