timestep,x_cm,y_cm,z_cm,yaw_deg,basis_xx,basis_xy,basis_xz,basis_yx,basis_yy,basis_yz,basis_zx,basis_zy,basis_zz,teleport_flag,throttle_cmd,steering_cmd,cmd_move_cm,cmd_turn_deg,lidar_cm_0,lidar_cm_1,lidar_cm_2,lidar_cm_3,lidar_cm_4,lidar_cm_5,lidar_cm_6,lidar_cm_7,lidar_cm_8,lidar_cm_9,lidar_cm_10,lidar_cm_11,lidar_cm_12,lidar_cm_13,lidar_cm_14,lidar_cm_15,lidar_cm_16,lidar_class_0,lidar_class_1,lidar_class_2,lidar_class_3,lidar_class_4,lidar_class_5,lidar_class_6,lidar_class_7,lidar_class_8,lidar_class_9,lidar_class_10,lidar_class_11,lidar_class_12,lidar_class_13,lidar_class_14,lidar_class_15,lidar_class_16
0,-8194.354,-2951.526,-15.153,1.987,0.998672,-0.034659,0.038115,0.035714,0.998987,-0.027360,-0.037128,0.028685,0.998899,1,0.08000,0.12000,4.800,0.240,-1,400.000,-1,425.000,-1,325.000,325.000,300.000,300.000,-1,-1,-1,-1,725.000,875.000,-1,-1,2,0,2,0,2,0,0,0,0,2,2,2,2,0,0,2,2
1,-8184.763,-2951.113,-15.491,2.467,0.998328,-0.043026,0.038612,0.044107,0.998646,-0.027599,-0.037373,0.029256,0.998873,0,0.16000,0.24000,9.600,0.480,-1,400.000,-1,425.000,-1,325.000,325.000,300.000,300.000,-1,-1,-1,-1,725.000,875.000,-1,-1,2,0,2,0,2,0,0,0,0,2,2,2,2,0,0,2,2
2,-8170.385,-2950.312,-15.990,3.187,0.997679,-0.055570,0.039349,0.056690,0.998001,-0.027938,-0.037718,0.030104,0.998835,0,0.24000,0.36000,14.400,0.720,-1,400.000,-1,425.000,-1,325.000,325.000,300.000,300.000,-1,-1,-1,-1,700.000,875.000,-1,-1,2,0,2,0,2,0,0,0,0,2,2,2,2,0,0,2,2
3,-8151.235,-2948.923,-16.639,4.147,0.996569,-0.072281,0.040311,0.073451,0.996896,-0.028355,-0.038137,0.031218,0.998785,0,0.32000,0.48000,19.200,0.960,-1,375.000,-1,425.000,-1,325.000,325.000,300.000,300.000,-1,-1,-1,-1,700.000,850.000,-1,-1,2,0,2,0,2,0,0,0,0,2,2,2,2,0,0,2,2
4,-8127.340,-2946.686,-17.426,5.347,0.994789,-0.093138,0.041479,0.094371,0.995120,-0.028819,-0.038593,0.032583,0.998724,0,0.40000,0.60000,24.000,1.200,-1,375.000,-1,400.000,-1,325.000,325.000,300.000,300.000,-1,-1,-1,-1,700.000,825.000,-1,-1,2,0,2,0,2,0,0,0,0,2,2,2,2,0,0,2,2
5,-8098.742,-2943.282,-18.331,6.787,0.992077,-0.118110,0.042824,0.119414,0.992412,-0.029292,-0.039040,0.034173,0.998653,0,0.48000,0.72000,28.800,1.440,-1,375.000,-1,400.000,-1,325.000,325.000,300.000,300.000,-1,-1,-1,-1,675.000,825.000,-1,-1,2,0,2,0,2,0,0,0,0,2,2,2,2,0,0,2,2
6,-8065.508,-2938.334,-19.329,8.467,0.988122,-0.147145,0.044306,0.148528,0.988461,-0.029728,-0.039421,0.035956,0.998576,0,0.56000,0.84000,33.600,1.680,-1,375.000,-1,400.000,-1,325.000,325.000,300.000,300.000,-1,-1,-1,-1,675.000,800.000,-1,-1,2,0,2,0,2,0,0,0,0,2,2,2,2,0,0,2,2
7,-8027.738,-2931.410,-20.390,10.387,0.982566,-0.180167,0.045870,0.181633,0.982906,-0.030078,-0.039667,0.037885,0.998494,0,0.64000,0.96000,38.400,1.920,-1,375.000,-1,400.000,-1,300.000,325.000,300.000,325.000,-1,-1,-1,-1,675.000,775.000,-1,-1,2,0,2,0,2,0,0,0,0,2,2,2,2,0,0,2,2
8,-7985.544,-2922.142,-21.489,12.387,0.975605,-0.214344,0.047461,0.215894,0.975945,-0.030335,-0.039817,0.039841,0.998412,0,0.72000,1.00000,43.200,2.000,-1,375.000,-1,400.000,-1,300.000,325.000,300.000,325.000,-1,-1,-1,-1,650.000,750.000,-1,-1,2,0,2,0,2,0,0,0,0,2,2,2,2,0,0,2,2
9,-7939.049,-2910.215,-22.721,14.387,0.967467,-0.248249,0.048787,0.249893,0.967777,-0.031015,-0.039515,0.042198,0.998328,0,0.80000,1.00000,48.000,2.000,-1,375.000,-1,375.000,-1,300.000,300.000,300.000,325.000,-1,-1,-1,-1,650.000,725.000,-1,-1,2,0,2,0,2,0,0,0,0,2,2,2,2,0,0,2,2
10,-7890.294,-2895.875,-24.277,16.387,0.958240,-0.281827,0.048466,0.283560,0.958369,-0.033513,-0.037003,0.045856,0.998262,0,0.84701,1.00000,50.821,2.000,-1,375.000,-1,375.000,-1,300.000,300.000,300.000,325.000,-1,-1,-1,-1,650.000,725.000,-1,-1,2,0,2,0,2,0,0,0,0,2,2,2,2,0,0,2,2
11,-7842.069,-2879.843,-25.598,18.387,0.947871,-0.315055,0.047763,0.316834,0.947808,-0.035712,-0.034019,0.048983,0.998220,0,0.84701,1.00000,50.821,2.000,-1,375.000,-1,375.000,-1,300.000,300.000,300.000,325.000,-1,-1,-1,-1,650.000,700.000,-1,-1,2,0,2,0,2,0,0,0,0,2,2,2,2,0,0,2,2
12,-7794.433,-2862.137,-26.833,20.387,0.936369,-0.347896,0.046702,0.349679,0.936112,-0.037667,-0.030614,0.051601,0.998198,0,0.84701,1.00000,50.821,2.000,-1,375.000,-1,375.000,-1,300.000,300.000,325.000,325.000,-1,-1,-1,-1,650.000,700.000,-1,-1,2,0,2,0,2,0,0,0,0,2,2,2,2,0,0,2,2
13,-7747.444,-2842.781,-28.124,22.387,0.923772,-0.380321,0.044731,0.382030,0.923322,-0.039110,-0.026427,0.053217,0.998233,0,0.84701,1.00000,50.821,2.000,-1,375.000,-1,375.000,-1,300.000,300.000,325.000,325.000,-1,-1,-1,-1,650.000,675.000,-1,-1,2,0,2,0,2,0,0,0,0,2,2,2,2,0,0,2,2
14,-7701.159,-2821.796,-29.238,24.387,0.910050,-0.412267,0.042945,0.413910,0.909385,-0.041205,-0.022066,0.055274,0.998227,0,0.84701,1.00000,50.821,2.000,-1,375.000,-1,375.000,-1,300.000,300.000,325.000,325.000,-1,-1,-1,-1,675.000,675.000,-1,-1,2,0,2,0,2,0,0,0,0,2,2,2,2,0,0,2,2
15,-7655.635,-2799.208,-30.154,26.387,0.895228,-0.443705,0.041143,0.445263,0.894348,-0.043392,-0.017543,0.057165,0.998211,0,0.84701,1.00000,50.821,2.000,-1,375.000,-1,375.000,-1,300.000,300.000,325.000,325.000,-1,-1,-1,-1,700.000,675.000,-1,-1,2,0,2,0,2,0,0,0,0,2,2,2,2,0,0,2,2
16,-7610.927,-2775.045,-30.885,28.387,0.879320,-0.474603,0.039356,0.476056,0.878235,-0.045546,-0.012948,0.058785,0.998187,0,0.84701,1.00000,50.821,2.000,-1,375.000,-1,375.000,-1,300.000,300.000,325.000,325.000,-1,-1,375.000,-1,700.000,675.000,-1,-1,2,0,2,0,2,0,0,0,0,2,2,0,2,0,0,2,2
17,-7567.089,-2749.337,-31.423,30.387,0.862346,-0.504923,0.037585,0.506252,0.861068,-0.047653,-0.008302,0.060121,0.998157,0,0.84701,1.00000,50.821,2.000,-1,375.000,-1,375.000,-1,300.000,300.000,325.000,325.000,-1,650.000,350.000,-1,725.000,650.000,-1,-1,2,0,2,0,2,0,0,0,0,2,0,0,2,0,0,2,2
18,-7524.175,-2722.115,-31.761,32.387,0.844325,-0.534633,0.035828,0.535820,0.842869,-0.049698,-0.003628,0.061159,0.998121,0,0.84701,1.00000,50.821,2.000,-1,375.000,-1,375.000,-1,300.000,300.000,325.000,325.000,-1,375.000,350.000,-1,750.000,650.000,-1,-1,2,0,2,0,2,0,0,0,0,2,0,0,2,0,0,2,2
19,-7482.237,-2693.412,-31.967,34.387,0.825270,-0.563708,0.034110,0.564738,0.823675,-0.051285,0.000814,0.061587,0.998101,0,0.84701,1.00000,50.821,2.000,-1,375.000,-1,375.000,-1,300.000,300.000,325.000,325.000,-1,350.000,350.000,-1,750.000,650.000,-1,-1,2,0,2,0,2,0,0,0,0,2,0,0,2,0,0,2,2
20,-7441.326,-2663.264,-32.182,36.387,0.805183,-0.592139,0.032420,0.593009,0.803539,-0.051631,0.004522,0.060798,0.998140,0,0.84701,1.00000,50.821,2.000,-1,400.000,-1,375.000,-1,300.000,300.000,325.000,325.000,-1,350.000,350.000,-1,775.000,650.000,-1,-1,2,0,2,0,2,0,0,0,0,2,0,0,2,0,0,2,2
21,-7401.491,-2631.707,-32.017,38.387,0.784090,-0.619891,0.030628,0.620601,0.782472,-0.050912,0.007594,0.058927,0.998233,0,0.84701,1.00000,50.821,2.000,-1,400.000,-1,375.000,-1,300.000,300.000,325.000,325.000,-1,375.000,400.000,-1,775.000,625.000,-1,-1,2,0,2,0,2,0,0,0,0,2,0,0,2,0,0,2,2
22,-7362.781,-2598.780,-31.624,40.387,0.762027,-0.646911,0.028648,0.647460,0.760467,-0.049854,0.010465,0.056539,0.998346,0,0.84701,1.00000,50.821,2.000,-1,400.000,-1,350.000,-1,325.000,300.000,325.000,325.000,-1,375.000,425.000,-1,775.000,625.000,-1,-1,2,0,2,0,2,0,0,0,0,2,0,0,2,0,0,2,2
23,-7325.244,-2564.521,-31.046,42.387,0.739024,-0.673159,0.026464,0.673548,0.737538,-0.048682,0.013252,0.053802,0.998464,0,0.84701,1.00000,50.821,2.000,-1,400.000,-1,350.000,-1,325.000,300.000,325.000,325.000,-1,400.000,475.000,-1,775.000,650.000,-1,-1,2,0,2,0,2,0,0,0,0,2,0,0,2,0,0,2,2
24,-7288.926,-2528.974,-30.344,44.387,0.715115,-0.698593,0.024044,0.698819,0.713703,-0.047746,0.016195,0.050946,0.998570,0,0.84701,1.00000,50.821,2.000,-1,400.000,-1,350.000,-1,325.000,300.000,325.000,325.000,-1,425.000,525.000,-1,800.000,650.000,-1,-1,2,0,2,0,2,0,0,0,0,2,0,0,2,0,0,2,2
25,-7254.835,-2493.493,-29.348,46.147,0.693344,-0.720310,0.020692,0.720345,0.692032,-0.046855,0.019430,0.047392,0.998687,0,0.82008,0.88000,49.205,1.760,-1,400.000,-1,375.000,-1,325.000,300.000,325.000,325.000,-1,450.000,550.000,-1,825.000,650.000,-1,-1,2,0,2,0,2,0,0,0,0,2,0,0,2,0,0,2,2
26,-7221.698,-2457.120,-28.218,47.667,0.673993,-0.738536,0.017288,0.738401,0.672793,-0.045968,0.022318,0.043748,0.998793,0,0.82008,0.76000,49.205,1.520,-1,425.000,-1,375.000,-1,325.000,300.000,325.000,325.000,-1,450.000,575.000,-1,825.000,650.000,-1,-1,2,0,2,0,2,0,0,0,0,2,0,0,2,0,0,2,2
27,-7189.381,-2420.016,-26.963,48.947,0.657305,-0.753498,0.013852,0.753215,0.656230,-0.045059,0.024862,0.040051,0.998888,0,0.82008,0.64000,49.205,1.280,-1,425.000,-1,375.000,-1,325.000,325.000,325.000,325.000,-1,450.000,625.000,-1,850.000,675.000,-1,-1,2,0,2,0,2,0,0,0,0,2,0,0,2,0,0,2,2
28,-7157.743,-2382.331,-25.654,49.987,0.643482,-0.765387,0.010683,0.764989,0.642531,-0.044109,0.026896,0.036556,0.998970,0,0.82008,0.52000,49.205,1.040,-1,425.000,-1,375.000,-1,325.000,325.000,325.000,325.000,-1,475.000,650.000,-1,850.000,675.000,-1,-1,2,0,2,0,2,0,0,0,0,2,0,0,2,0,0,2,2
29,-7126.635,-2344.208,-24.692,50.787,0.632706,-0.774330,0.009842,0.773916,0.631820,-0.043100,0.027155,0.034886,0.999022,0,0.82008,0.40000,49.205,0.800,-1,425.000,-1,375.000,-1,325.000,325.000,325.000,325.000,-1,525.000,725.000,-1,850.000,675.000,-1,-1,2,0,2,0,2,0,0,0,0,2,0,0,2,0,0,2,2
30,-7095.901,-2305.783,-23.525,51.347,0.625080,-0.780505,0.009354,0.780097,0.624251,-0.041944,0.026899,0.033516,0.999076,0,0.82008,0.28000,49.205,0.560,-1,425.000,-1,375.000,-1,325.000,325.000,325.000,325.000,-1,600.000,800.000,-1,850.000,650.000,-1,-1,2,0,2,0,2,0,0,0,0,2,0,0,2,0,0,2,2
31,-7065.382,-2267.186,-22.251,51.667,0.620680,-0.784015,0.008768,0.783619,0.619911,-0.040648,0.026433,0.032101,0.999135,0,0.82008,0.16000,49.205,0.320,-1,400.000,-1,375.000,-1,325.000,300.000,325.000,325.000,-1,675.000,900.000,-1,825.000,650.000,-1,-1,2,0,2,0,2,0,0,0,0,2,0,0,2,0,0,2,2
32,-7034.917,-2228.547,-20.880,51.747,0.619550,-0.784915,0.008106,0.784534,0.618844,-0.039227,0.025774,0.030662,0.999197,0,0.82008,0.04000,49.205,0.080,-1,400.000,-1,375.000,-1,325.000,300.000,325.000,300.000,-1,750.000,975.000,-1,825.000,650.000,-1,-1,2,0,2,0,2,0,0,0,0,2,0,0,2,0,0,2,2
33,-7004.344,-2189.993,-19.609,51.587,0.621692,-0.783235,0.006416,0.782845,0.621074,-0.037694,0.025538,0.028457,0.999269,0,0.82008,-0.08000,49.205,-0.160,-1,400.000,-1,350.000,-1,325.000,300.000,325.000,300.000,-1,800.000,-1,-1,800.000,625.000,-1,-1,2,0,2,0,2,0,0,0,0,2,0,2,2,0,0,2,2
34,-6976.542,-2155.369,-18.539,51.238,0.626402,-0.779490,0.004106,0.779078,0.625880,-0.036209,0.025654,0.025880,0.999336,0,0.74008,-0.17463,44.405,-0.349,-1,400.000,-1,350.000,-1,325.000,300.000,325.000,300.000,-1,800.000,-1,-1,800.000,625.000,-1,-1,2,0,2,0,2,0,0,0,0,2,0,2,2,0,0,2,2
35,-6951.558,-2124.639,-17.551,50.888,0.631092,-0.775705,0.001973,0.775280,0.630657,-0.034815,0.025762,0.023501,0.999392,0,0.66008,-0.17463,39.605,-0.349,-1,400.000,-1,350.000,-1,325.000,300.000,300.000,300.000,-1,800.000,-1,-1,800.000,625.000,-1,-1,2,0,2,0,2,0,0,0,0,2,0,2,2,0,0,2,2
36,-6929.437,-2097.769,-16.658,50.539,0.635763,-0.771884,0.000042,0.771451,0.635405,-0.033531,0.025855,0.021351,0.999438,0,0.58008,-0.17463,34.805,-0.349,-1,400.000,-1,350.000,-1,300.000,300.000,300.000,300.000,-1,825.000,-1,-1,775.000,625.000,-1,-1,2,0,2,0,2,0,0,0,0,2,0,2,2,0,0,2,2
37,-6910.226,-2074.720,-15.870,50.190,0.640416,-0.768026,-0.001662,0.767590,0.640123,-0.032373,0.025927,0.019456,0.999474,0,0.50008,-0.17463,30.005,-0.349,-1,400.000,-1,350.000,-1,300.000,300.000,300.000,300.000,-1,825.000,-1,-1,775.000,625.000,-1,-1,2,0,2,0,2,0,0,0,0,2,0,2,2,0,0,2,2
38,-6893.971,-2055.458,-15.225,49.841,0.645049,-0.764135,-0.003152,0.763703,0.644813,-0.031203,0.025876,0.017720,0.999508,0,0.42008,-0.17463,25.205,-0.349,-1,400.000,-1,350.000,-1,300.000,300.000,300.000,300.000,-1,825.000,-1,-1,775.000,625.000,-1,-1,2,0,2,0,2,0,0,0,0,2,0,2,2,0,0,2,2
39,-6880.716,-2039.944,-14.599,49.491,0.649671,-0.760203,-0.004279,0.759766,0.649471,-0.030710,0.026125,0.016700,0.999519,0,0.34008,-0.17463,20.405,-0.349,-1,400.000,-1,350.000,-1,300.000,300.000,300.000,300.000,-1,825.000,-1,-1,775.000,625.000,-1,-1,2,0,2,0,2,0,0,0,0,2,0,2,2,0,0,2,2
40,-6870.508,-2028.142,-14.079,49.142,0.654277,-0.756238,-0.005119,0.755794,0.654099,-0.030492,0.026407,0.016081,0.999522,0,0.26008,-0.17463,15.605,-0.349,-1,400.000,-1,350.000,-1,300.000,300.000,300.000,300.000,-1,800.000,-1,-1,750.000,625.000,-1,-1,2,0,2,0,2,0,0,0,0,2,0,2,2,0,0,2,2
41,-6863.390,-2020.013,-13.707,48.793,0.658863,-0.752241,-0.005704,0.751793,0.658701,-0.030350,0.026588,0.015708,0.999523,0,0.18008,-0.17463,10.805,-0.349,-1,400.000,-1,350.000,-1,300.000,300.000,300.000,300.000,-1,800.000,-1,-1,750.000,625.000,-1,-1,2,0,2,0,2,0,0,0,0,2,0,2,2,0,0,2,2
42,-6859.407,-2015.520,-13.487,48.444,0.663431,-0.748213,-0.006029,0.747762,0.663275,-0.030284,0.026658,0.015583,0.999523,0,0.10008,-0.17463,6.005,-0.349,-1,400.000,-1,350.000,-1,300.000,300.000,300.000,300.000,-1,775.000,-1,-1,750.000,625.000,-1,-1,2,0,2,0,2,0,0,0,0,2,0,2,2,0,0,2,2
43,-6858.602,-2014.623,-13.420,48.094,0.667980,-0.744155,-0.006093,0.743704,0.667823,-0.030291,0.026610,0.015703,0.999523,0,0.02008,-0.17463,1.205,-0.349,-1,400.000,-1,350.000,-1,300.000,300.000,300.000,300.000,-1,775.000,-1,-1,750.000,625.000,-1,-1,2,0,2,0,2,0,0,0,0,2,0,2,2,0,0,2,2
44,-6861.020,-2017.284,-13.505,47.745,0.672509,-0.740066,-0.005898,0.739617,0.672343,-0.030369,0.026441,0.016061,0.999521,0,-0.05992,-0.17463,-3.595,-0.349,-1,400.000,-1,350.000,-1,300.000,300.000,300.000,300.000,-1,750.000,1000.000,-1,750.000,625.000,-1,-1,2,0,2,0,2,0,0,0,0,2,0,0,2,0,0,2,2
45,-6866.703,-2023.463,-13.740,47.396,0.677018,-0.735947,-0.005451,0.735502,0.676835,-0.030514,0.026146,0.016649,0.999519,0,-0.13992,-0.17463,-8.395,-0.349,-1,400.000,-1,350.000,-1,300.000,300.000,300.000,300.000,-1,750.000,1000.000,-1,750.000,625.000,-1,-1,2,0,2,0,2,0,0,0,0,2,0,0,2,0,0,2,2
46,-6875.694,-2033.121,-14.119,47.047,0.681506,-0.731797,-0.004759,0.731360,0.681299,-0.030719,0.025722,0.017454,0.999517,0,-0.21992,-0.17463,-13.195,-0.349,-1,400.000,-1,350.000,-1,300.000,300.000,300.000,300.000,-1,750.000,975.000,-1,750.000,625.000,-1,-1,2,0,2,0,2,0,0,0,0,2,0,0,2,0,0,2,2
47,-6885.458,-2043.481,-14.522,46.697,0.685969,-0.727620,-0.004027,0.727192,0.685737,-0.030930,0.025267,0.018288,0.999513,0,-0.23727,-0.17463,-14.236,-0.349,-1,400.000,-1,350.000,-1,300.000,300.000,300.000,300.000,-1,725.000,950.000,-1,750.000,625.000,-1,-1,2,0,2,0,2,0,0,0,0,2,0,0,2,0,0,2,2
48,-6895.285,-2053.781,-14.918,46.348,0.690405,-0.723415,-0.003311,0.722997,0.690149,-0.031133,0.024807,0.019100,0.999510,0,-0.23727,-0.17463,-14.236,-0.349,-1,400.000,-1,350.000,-1,300.000,300.000,300.000,300.000,-1,725.000,950.000,-1,750.000,625.000,-1,-1,2,0,2,0,2,0,0,0,0,2,0,0,2,0,0,2,2
49,-6905.175,-2064.021,-15.318,45.999,0.694814,-0.719184,-0.002619,0.718778,0.694536,-0.031263,0.024303,0.019840,0.999508,0,-0.23727,-0.17463,-14.236,-0.349,-1,400.000,-1,350.000,-1,300.000,300.000,300.000,325.000,-1,700.000,925.000,-1,750.000,625.000,-1,-1,2,0,2,0,2,0,0,0,0,2,0,0,2,0,0,2,2
50,-6915.126,-2074.201,-15.742,45.650,0.699194,-0.714929,-0.001961,0.714539,0.698899,-0.031218,0.023689,0.020426,0.999511,0,-0.23727,-0.17463,-14.236,-0.349,-1,375.000,-1,350.000,-1,300.000,300.000,300.000,325.000,-1,700.000,900.000,-1,750.000,625.000,-1,-1,2,0,2,0,2,0,0,0,0,2,0,0,2,0,0,2,2
51,-6925.140,-2084.320,-16.144,45.300,0.703548,-0.710646,-0.001307,0.710271,0.703235,-0.031235,0.023116,0.021046,0.999511,0,-0.23727,-0.17463,-14.236,-0.349,-1,375.000,-1,350.000,-1,300.000,300.000,300.000,325.000,-1,700.000,900.000,-1,750.000,625.000,-1,-1,2,0,2,0,2,0,0,0,0,2,0,0,2,0,0,2,2
52,-6935.215,-2094.377,-16.468,44.951,0.707880,-0.706333,-0.000626,0.705966,0.707540,-0.031605,0.022767,0.021930,0.999500,0,-0.23727,-0.17463,-14.236,-0.349,-1,375.000,-1,350.000,-1,300.000,300.000,300.000,325.000,-1,675.000,875.000,-1,750.000,625.000,-1,-1,2,0,2,0,2,0,0,0,0,2,0,0,2,0,0,2,2
53,-6941.961,-2100.975,-16.675,44.362,0.715112,-0.699009,-0.000223,0.698652,0.714757,-0.031732,0.022341,0.022536,0.999496,0,-0.15727,-0.29463,-9.436,-0.589,-1,375.000,-1,350.000,-1,300.000,300.000,300.000,325.000,-1,675.000,850.000,-1,750.000,625.000,-1,-1,2,0,2,0,2,0,0,0,0,2,0,0,2,0,0,2,2
54,-6945.313,-2104.178,-16.771,43.701,0.723125,-0.690717,-0.000068,0.690369,0.722764,-0.031676,0.021928,0.022859,0.999498,0,-0.07727,-0.33032,-4.636,-0.661,-1,375.000,-1,350.000,-1,300.000,300.000,300.000,325.000,-1,650.000,850.000,-1,750.000,625.000,-1,-1,2,0,2,0,2,0,0,0,0,2,0,0,2,0,0,2,2
55,-6945.193,-2104.066,-16.763,43.041,0.731038,-0.682337,-0.000141,0.681996,0.730679,-0.031462,0.021571,0.022903,0.999505,0,0.00273,-0.33032,0.164,-0.661,-1,375.000,-1,350.000,-1,300.000,300.000,300.000,325.000,-1,650.000,825.000,-1,725.000,625.000,-1,-1,2,0,2,0,2,0,0,0,0,2,0,0,2,0,0,2,2
56,-6941.526,-2100.720,-16.614,42.380,0.738852,-0.673868,-0.000421,0.673528,0.738499,-0.031306,0.021407,0.022847,0.999510,0,0.08273,-0.33032,4.964,-0.661,-1,375.000,-1,350.000,-1,300.000,300.000,300.000,325.000,-1,625.000,800.000,-1,725.000,625.000,-1,-1,2,0,2,0,2,0,0,0,0,2,0,0,2,0,0,2,2
57,-6934.238,-2094.222,-16.278,41.719,0.746569,-0.665307,-0.000897,0.664957,0.746219,-0.031459,0.021599,0.022890,0.999505,0,0.16273,-0.33032,9.764,-0.661,-1,375.000,-1,350.000,-1,300.000,300.000,300.000,325.000,-1,625.000,800.000,-1,725.000,625.000,-1,-1,2,0,2,0,2,0,0,0,0,2,0,0,2,0,0,2,2
58,-6923.256,-2084.656,-15.803,41.059,0.754185,-0.656660,-0.001593,0.656294,0.753841,-0.031667,0.021995,0.022837,0.999497,0,0.24273,-0.33032,14.564,-0.661,-1,375.000,-1,350.000,-1,300.000,300.000,300.000,325.000,-1,600.000,775.000,-1,725.000,625.000,-1,-1,2,0,2,0,2,0,0,0,0,2,0,0,2,0,0,2,2
59,-6908.509,-2072.106,-15.185,40.398,0.761698,-0.647927,-0.002518,0.647537,0.761364,-0.031936,0.022609,0.022695,0.999487,0,0.32273,-0.33032,19.364,-0.661,-1,375.000,-1,350.000,-1,300.000,300.000,325.000,325.000,-1,575.000,750.000,-1,725.000,625.000,-1,-1,2,0,2,0,2,0,0,0,0,2,0,0,2,0,0,2,2
60,-6889.927,-2056.659,-14.418,39.737,0.769108,-0.639109,-0.003682,0.638689,0.768788,-0.032273,0.023457,0.022470,0.999472,0,0.40273,-0.33032,24.164,-0.661,-1,375.000,-1,350.000,-1,300.000,300.000,325.000,325.000,-1,550.000,725.000,-1,725.000,625.000,-1,-1,2,0,2,0,2,0,0,0,0,2,0,0,2,0,0,2,2
61,-6867.442,-2038.401,-13.571,39.077,0.776407,-0.630211,-0.005105,0.629762,0.776117,-0.032284,0.024308,0.021850,0.999466,0,0.48273,-0.33032,28.964,-0.661,-1,375.000,-1,350.000,-1,300.000,300.000,325.000,325.000,-1,525.000,725.000,-1,725.000,625.000,-1,-1,2,0,2,0,2,0,0,0,0,2,0,0,2,0,0,2,2
62,-6848.446,-2023.466,-12.832,38.176,0.786201,-0.617938,-0.006322,0.617468,0.785933,-0.032287,0.024920,0.021481,0.999459,0,0.40273,-0.45032,24.164,-0.901,-1,375.000,-1,350.000,-1,300.000,300.000,325.000,325.000,-1,475.000,700.000,-1,725.000,625.000,-1,-1,2,0,2,0,2,0,0,0,0,2,0,0,2,0,0,2,2
63,-6832.989,-2011.802,-12.204,37.036,0.798333,-0.602172,-0.007318,0.601685,0.798080,-0.032315,0.025300,0.021395,0.999451,0,0.32273,-0.57032,19.364,-1.141,-1,375.000,-1,350.000,-1,300.000,300.000,325.000,325.000,-1,400.000,650.000,-1,725.000,625.000,-1,-1,2,0,2,0,2,0,0,0,0,2,0,0,2,0,0,2,2
64,-6821.155,-2003.313,-11.693,35.655,0.812600,-0.582766,-0.008082,0.582267,0.812353,-0.032358,0.025423,0.021588,0.999444,0,0.24273,-0.69032,14.564,-1.381,-1,375.000,-1,350.000,-1,300.000,300.000,325.000,325.000,-1,300.000,625.000,-1,725.000,625.000,-1,-1,2,0,2,0,2,0,0,0,0,2,0,0,2,0,0,2,2
65,-6813.063,-1997.848,-11.300,34.034,0.828750,-0.559552,-0.008611,0.559048,0.828502,-0.032404,0.025266,0.022041,0.999438,0,0.16273,-0.81032,9.764,-1.621,-1,375.000,-1,350.000,-1,300.000,300.000,325.000,325.000,-1,300.000,600.000,-1,700.000,625.000,-1,-1,2,0,2,0,2,0,0,0,0,2,0,0,2,0,0,2,2
66,-6808.861,-1995.204,-11.020,32.174,0.846478,-0.532349,-0.008906,0.531846,0.846220,-0.032437,0.024804,0.022721,0.999434,0,0.08273,-0.93032,4.964,-1.861,-1,375.000,-1,350.000,-1,300.000,300.000,325.000,325.000,-1,325.000,525.000,-1,700.000,650.000,-1,-1,2,0,2,0,2,0,0,0,0,2,0,0,2,0,0,2,2
67,-6808.720,-1995.121,-10.863,30.280,0.863606,-0.504087,-0.008966,0.503591,0.863333,-0.032436,0.024091,0.023497,0.999434,0,0.00273,-0.94681,0.164,-1.894,-1,375.000,-1,375.000,-1,300.000,300.000,325.000,325.000,-1,325.000,500.000,-1,700.000,650.000,-1,-1,2,0,2,0,2,0,0,0,0,2,0,0,2,0,0,2,2
68,-6812.798,-1997.325,-10.822,28.386,0.879794,-0.475274,-0.008796,0.474793,0.879502,-0.032387,0.023129,0.024318,0.999437,0,-0.07727,-0.94681,-4.636,-1.894,-1,375.000,-1,375.000,-1,300.000,300.000,325.000,325.000,-1,325.000,450.000,-1,700.000,650.000,-1,-1,2,0,2,0,2,0,0,0,0,2,0,0,2,0,0,2,2
69,-6821.123,-2001.474,-10.880,26.493,0.895022,-0.445944,-0.008409,0.445484,0.894708,-0.032274,0.021916,0.025140,0.999444,0,-0.15501,-0.94681,-9.301,-1.894,-1,375.000,-1,375.000,-1,300.000,300.000,325.000,325.000,-1,350.000,425.000,-1,675.000,650.000,-1,-1,2,0,2,0,2,0,0,0,0,2,0,0,2,0,0,2,2
70,-6829.579,-2005.345,-10.926,24.599,0.909271,-0.416127,-0.008034,0.415691,0.908938,-0.032140,0.020676,0.025884,0.999451,0,-0.15501,-0.94681,-9.301,-1.894,-1,375.000,-1,375.000,-1,300.000,300.000,325.000,325.000,-1,350.000,400.000,-1,675.000,650.000,-1,-1,2,0,2,0,2,0,0,0,0,2,0,0,2,0,0,2,2
71,-6838.159,-2008.935,-10.960,22.706,0.922526,-0.385859,-0.007668,0.385446,0.922176,-0.031984,0.019413,0.026551,0.999459,0,-0.15501,-0.94681,-9.301,-1.894,-1,375.000,-1,375.000,-1,300.000,300.000,325.000,350.000,-1,375.000,375.000,-1,675.000,675.000,-1,-1,2,0,2,0,2,0,0,0,0,2,0,0,2,0,0,2,2
72,-6846.853,-2012.240,-11.006,20.812,0.934773,-0.355171,-0.007271,0.354787,0.934410,-0.031683,0.018047,0.027036,0.999472,0,-0.15501,-0.94681,-9.301,-1.894,-1,375.000,-1,375.000,-1,300.000,300.000,325.000,350.000,-1,400.000,350.000,-1,675.000,675.000,-1,-1,2,0,2,0,2,0,0,0,0,2,0,0,2,0,0,2,2
73,-6855.652,-2015.255,-11.070,18.918,0.945999,-0.324098,-0.006818,0.323746,0.945629,-0.031212,0.016563,0.027319,0.999490,0,-0.15501,-0.94681,-9.301,-1.894,-1,375.000,-1,375.000,-1,300.000,300.000,325.000,350.000,-1,400.000,375.000,-1,650.000,675.000,-1,-1,2,0,2,0,2,0,0,0,0,2,0,0,2,0,0,2,2
74,-6864.545,-2017.978,-11.123,17.025,0.956192,-0.292672,-0.006351,0.292353,0.955817,-0.030724,0.015062,0.027521,0.999508,0,-0.15501,-0.94681,-9.301,-1.894,-1,350.000,-1,375.000,-1,300.000,300.000,350.000,350.000,-1,400.000,400.000,-1,650.000,675.000,-1,-1,2,0,2,0,2,0,0,0,0,2,0,0,2,0,0,2,2
75,-6873.523,-2020.406,-11.164,15.131,0.965341,-0.260927,-0.005867,0.260641,0.964963,-0.030221,0.013547,0.027645,0.999526,0,-0.15501,-0.94681,-9.301,-1.894,-1,350.000,-1,375.000,-1,300.000,300.000,350.000,350.000,-1,425.000,400.000,-1,650.000,675.000,-1,-1,2,0,2,0,2,0,0,0,0,2,0,0,2,0,0,2,2
76,-6882.577,-2022.536,-11.195,13.237,0.973436,-0.228898,-0.005364,0.228645,0.973056,-0.029707,0.012020,0.027691,0.999544,0,-0.15501,-0.94681,-9.301,-1.894,-1,350.000,-1,375.000,-1,300.000,300.000,350.000,350.000,-1,425.000,400.000,-1,650.000,700.000,-1,-1,2,0,2,0,2,0,0,0,0,2,0,0,2,0,0,2,2
77,-6891.696,-2024.366,-11.215,11.344,0.980468,-0.196620,-0.004843,0.196400,0.980090,-0.029184,0.010485,0.027662,0.999562,0,-0.15501,-0.94681,-9.301,-1.894,-1,350.000,-1,375.000,-1,300.000,300.000,350.000,350.000,-1,425.000,425.000,-1,650.000,700.000,-1,-1,2,0,2,0,2,0,0,0,0,2,0,0,2,0,0,2,2
78,-6900.870,-2025.893,-11.224,9.450,0.986430,-0.164127,-0.004301,0.163939,0.986054,-0.028654,0.008944,0.027560,0.999580,0,-0.15501,-0.94681,-9.301,-1.894,-1,350.000,-1,375.000,-1,300.000,300.000,350.000,350.000,-1,425.000,425.000,-1,625.000,700.000,-1,-1,2,0,2,0,2,0,0,0,0,2,0,0,2,0,0,2,2
79,-6910.090,-2027.116,-11.222,7.557,0.991315,-0.131455,-0.003738,0.131299,0.990944,-0.028120,0.007401,0.027385,0.999598,0,-0.15501,-0.94681,-9.301,-1.894,-1,350.000,-1,375.000,-1,300.000,300.000,325.000,350.000,-1,450.000,425.000,-1,625.000,700.000,-1,-1,2,0,2,0,2,0,0,0,0,2,0,0,2,0,0,2,2
80,-6919.345,-2028.034,-11.210,5.663,0.995118,-0.098639,-0.003153,0.098515,0.994753,-0.027586,0.005857,0.027141,0.999614,0,-0.15501,-0.94681,-9.301,-1.894,-1,350.000,-1,375.000,-1,300.000,300.000,325.000,350.000,-1,450.000,450.000,-1,625.000,725.000,-1,-1,2,0,2,0,2,0,0,0,0,2,0,0,2,0,0,2,2
81,-6928.626,-2028.646,-11.204,3.769,0.997835,-0.065715,-0.002589,0.065621,0.997476,-0.027118,0.004364,0.026890,0.999629,0,-0.15501,-0.94681,-9.301,-1.894,-1,350.000,-1,375.000,-1,300.000,300.000,325.000,350.000,-1,450.000,450.000,-1,625.000,725.000,-1,-1,2,0,2,0,2,0,0,0,0,2,0,0,2,0,0,2,2
82,-6937.922,-2028.950,-11.273,1.876,0.999462,-0.032719,-0.002242,0.032646,0.999103,-0.026971,0.003123,0.026883,0.999634,0,-0.15501,-0.94681,-9.301,-1.894,-1,375.000,-1,375.000,-1,300.000,300.000,325.000,350.000,-1,450.000,450.000,-1,625.000,725.000,-1,-1,2,0,2,0,2,0,0,0,0,2,0,0,2,0,0,2,2
83,-6947.222,-2028.947,-11.336,-0.018,0.999998,0.000314,-0.001907,-0.000365,0.999640,-0.026826,0.001898,0.026827,0.999638,0,-0.15501,-0.94681,-9.301,-1.894,-1,375.000,-1,400.000,-1,300.000,300.000,325.000,350.000,-1,450.000,450.000,-1,625.000,750.000,-1,-1,2,0,2,0,2,0,0,0,0,2,0,0,2,0,0,2,2
84,-6956.518,-2028.637,-11.393,-1.912,0.999443,0.033346,-0.001582,-0.033376,0.999087,-0.026684,0.000691,0.026722,0.999643,0,-0.15501,-0.94681,-9.301,-1.894,-1,375.000,-1,400.000,-1,300.000,325.000,325.000,350.000,-1,450.000,450.000,-1,625.000,775.000,-1,-1,2,0,2,0,2,0,0,0,0,2,0,0,2,0,0,2,2
85,-6965.798,-2028.020,-11.444,-3.805,0.997796,0.066341,-0.001267,-0.066352,0.997443,-0.026544,-0.000498,0.026570,0.999647,0,-0.15501,-0.94681,-9.301,-1.894,-1,375.000,-1,400.000,-1,300.000,325.000,325.000,350.000,-1,450.000,450.000,-1,650.000,775.000,-1,-1,2,0,2,0,2,0,0,0,0,2,0,0,2,0,0,2,2
86,-6975.053,-2027.096,-11.576,-5.699,0.995061,0.099264,-0.000732,-0.099248,0.994703,-0.026760,-0.001928,0.026700,0.999642,0,-0.15501,-0.94681,-9.301,-1.894,-1,375.000,-1,400.000,-1,300.000,325.000,325.000,350.000,-1,475.000,450.000,-1,650.000,800.000,-1,-1,2,0,2,0,2,0,0,0,0,2,0,0,2,0,0,2,2
87,-6984.272,-2025.868,-11.717,-7.592,0.991239,0.132079,-0.000195,-0.132035,0.990876,-0.027052,-0.003380,0.026841,0.999634,0,-0.15501,-0.94681,-9.301,-1.894,-1,375.000,-1,400.000,-1,300.000,325.000,325.000,350.000,-1,475.000,450.000,-1,650.000,800.000,-1,-1,2,0,2,0,2,0,0,0,0,2,0,0,2,0,0,2,2
88,-6993.446,-2024.335,-11.847,-9.486,0.986336,0.164749,0.000292,-0.164679,0.985968,-0.027339,-0.004792,0.026918,0.999626,0,-0.15501,-0.94681,-9.301,-1.894,-1,375.000,-1,400.000,-1,300.000,325.000,325.000,350.000,-1,475.000,450.000,-1,650.000,825.000,-1,-1,2,0,2,0,2,0,0,0,0,2,0,0,2,0,0,2,2
89,-7002.563,-2022.500,-11.964,-11.380,0.980355,0.197239,0.000731,-0.197144,0.979985,-0.027619,-0.006164,0.026932,0.999618,0,-0.15501,-0.94681,-9.301,-1.894,-1,375.000,-1,400.000,-1,300.000,325.000,325.000,325.000,-1,475.000,450.000,-1,650.000,825.000,-1,-1,2,0,2,0,2,0,0,0,0,2,0,0,2,0,0,2,2
90,-7006.948,-2021.485,-12.076,-13.033,0.974258,0.225436,0.000936,-0.225322,0.973883,-0.027949,-0.007212,0.027019,0.999609,0,-0.07501,-0.82681,-4.501,-1.654,-1,375.000,-1,400.000,-1,300.000,325.000,325.000,325.000,-1,500.000,450.000,-1,650.000,850.000,-1,-1,2,0,2,0,2,0,0,0,0,2,0,0,2,0,0,2,2
91,-7006.658,-2021.560,-12.194,-14.447,0.968402,0.249391,0.000931,-0.249266,0.968021,-0.028328,-0.007966,0.027201,0.999598,0,0.00499,-0.70681,0.299,-1.414,-1,375.000,-1,400.000,-1,300.000,325.000,325.000,325.000,-1,500.000,450.000,-1,650.000,850.000,-1,-1,2,0,2,0,2,0,0,0,0,2,0,0,2,0,0,2,2
92,-7001.748,-2022.933,-12.326,-15.621,0.963094,0.269164,0.000738,-0.269032,0.962702,-0.028755,-0.008451,0.027495,0.999586,0,0.08499,-0.58681,5.099,-1.174,-1,375.000,-1,400.000,-1,300.000,325.000,325.000,325.000,-1,500.000,450.000,-1,650.000,850.000,-1,-1,2,0,2,0,2,0,0,0,0,2,0,0,2,0,0,2,2
93,-6992.265,-2025.774,-12.492,-16.684,0.957936,0.286981,0.000374,-0.286848,0.957529,-0.029265,-0.008757,0.027927,0.999572,0,0.16499,-0.53171,9.899,-1.063,-1,375.000,-1,400.000,-1,300.000,325.000,325.000,325.000,-1,525.000,475.000,-1,650.000,875.000,-1,-1,2,0,2,0,2,0,0,0,0,2,0,0,2,0,0,2,2
94,-6978.265,-2030.255,-12.709,-17.747,0.952449,0.304698,-0.000147,-0.304566,0.952022,-0.029883,-0.008965,0.028507,0.999553,0,0.24499,-0.53171,14.699,-1.063,-1,375.000,-1,400.000,-1,300.000,325.000,325.000,325.000,-1,525.000,475.000,-1,650.000,875.000,-1,-1,2,0,2,0,2,0,0,0,0,2,0,0,2,0,0,2,2
95,-6959.807,-2036.542,-12.990,-18.811,0.946635,0.322307,-0.000809,-0.322180,0.946184,-0.030604,-0.009098,0.029232,0.999531,0,0.32499,-0.53171,19.499,-1.063,-1,375.000,-1,400.000,-1,300.000,325.000,325.000,325.000,-1,550.000,500.000,-1,675.000,900.000,-1,-1,2,0,2,0,2,0,0,0,0,2,0,0,2,0,0,2,2
96,-6936.955,-2044.803,-13.346,-19.874,0.940495,0.339803,-0.001592,-0.339683,0.940015,-0.031429,-0.009183,0.030099,0.999505,0,0.40499,-0.53171,24.299,-1.063,-1,375.000,-1,425.000,-1,300.000,325.000,325.000,325.000,-1,575.000,500.000,-1,675.000,900.000,-1,-1,2,0,2,0,2,0,0,0,0,2,0,0,2,0,0,2,2
97,-6909.777,-2055.201,-13.789,-20.938,0.934033,0.357179,-0.002474,-0.357068,0.933518,-0.032355,-0.009247,0.031104,0.999473,0,0.48499,-0.53171,29.099,-1.063,-1,375.000,-1,425.000,-1,300.000,325.000,300.000,325.000,-1,600.000,525.000,-1,675.000,925.000,-1,-1,2,0,2,0,2,0,0,0,0,2,0,0,2,0,0,2,2
98,-6878.347,-2067.900,-14.335,-22.001,0.927249,0.374430,-0.003430,-0.374329,0.926695,-0.033384,-0.009322,0.032240,0.999437,0,0.56499,-0.53171,33.899,-1.063,-1,375.000,-1,425.000,-1,300.000,325.000,300.000,325.000,-1,650.000,550.000,-1,675.000,950.000,-1,-1,2,0,2,0,2,0,0,0,0,2,0,0,2,0,0,2,2
99,-6842.741,-2083.061,-15.001,-23.065,0.920147,0.391548,-0.004431,-0.391459,0.919548,-0.034520,-0.009442,0.033498,0.999394,0,0.64499,-0.53171,38.699,-1.063,-1,375.000,-1,425.000,-1,300.000,325.000,300.000,325.000,-1,675.000,575.000,-1,675.000,950.000,-1,-1,2,0,2,0,2,0,0,0,0,2,0,0,2,0,0,2,2
100,-6803.042,-2100.842,-15.803,-24.128,0.912730,0.408527,-0.005445,-0.408449,0.912080,-0.035767,-0.009646,0.034870,0.999345,0,0.72499,-0.53171,43.499,-1.063,-1,375.000,-1,425.000,-1,300.000,325.000,300.000,325.000,-1,725.000,625.000,-1,675.000,975.000,-1,-1,2,0,2,0,2,0,0,0,0,2,0,0,2,0,0,2,2
101,-6759.336,-2121.399,-16.762,-25.191,0.905001,0.425362,-0.006438,-0.425293,0.904293,-0.037134,-0.009974,0.036344,0.999290,0,0.80499,-0.53171,48.299,-1.063,-1,375.000,-1,425.000,-1,300.000,325.000,300.000,325.000,-1,775.000,650.000,-1,700.000,1000.000,-1,-1,2,0,2,0,2,0,0,0,0,2,0,0,2,0,0,2,2
102,-6715.918,-2142.814,-17.767,-26.255,0.896963,0.442045,-0.007255,-0.441978,0.896191,-0.038695,-0.010603,0.037914,0.999225,0,0.80686,-0.53171,48.412,-1.063,-1,375.000,-1,425.000,-1,325.000,325.000,300.000,325.000,-1,850.000,700.000,-1,700.000,-1,-1,-1,2,0,2,0,2,0,0,0,0,2,0,0,2,0,2,2,2
103,-6672.905,-2165.031,-18.392,-27.318,0.888642,0.458540,-0.007470,-0.458420,0.887714,-0.042611,-0.012908,0.041290,0.999064,0,0.80686,-0.53171,48.412,-1.063,-1,375.000,-1,425.000,-1,325.000,325.000,300.000,325.000,-1,975.000,825.000,-1,700.000,-1,-1,-1,2,0,2,0,2,0,0,0,0,2,0,0,2,0,2,2,2
104,-6630.311,-2188.042,-19.078,-28.382,0.880022,0.474867,-0.007883,-0.474690,0.878922,-0.046537,-0.015171,0.044695,0.998885,0,0.80686,-0.53171,48.412,-1.063,-1,375.000,-1,425.000,-1,325.000,325.000,300.000,325.000,-1,-1,925.000,-1,725.000,-1,-1,-1,2,0,2,0,2,0,0,0,0,2,2,0,2,0,2,2,2
105,-6583.863,-2214.004,-19.836,-29.205,0.873158,0.487359,-0.008735,-0.487135,0.871846,-0.050842,-0.017163,0.048648,0.998669,0,0.88686,-0.41171,53.212,-0.823,-1,375.000,-1,425.000,-1,325.000,325.000,300.000,325.000,-1,-1,-1,-1,725.000,-1,-1,-1,2,0,2,0,2,0,0,0,0,2,2,2,2,0,2,2,2
106,-6533.544,-2242.806,-20.774,-29.788,0.868209,0.496106,-0.009609,-0.495830,0.866654,-0.055350,-0.019132,0.052819,0.998421,0,0.96631,-0.29171,57.979,-0.583,-1,375.000,-1,425.000,-1,325.000,325.000,300.000,325.000,-1,-1,-1,-1,750.000,-1,-1,-1,2,0,2,0,2,0,0,0,0,2,2,2,2,0,2,2,2
107,-6483.398,-2271.908,-22.120,-30.132,0.865282,0.501148,-0.011726,-0.500883,0.863418,-0.060215,-0.020053,0.057976,0.998117,0,0.96631,-0.17171,57.979,-0.343,-1,375.000,-1,425.000,-1,325.000,350.000,300.000,300.000,-1,-1,-1,-1,775.000,-1,-1,-1,2,0,2,0,2,0,0,0,0,2,2,2,2,0,2,2,2
108,-6433.309,-2301.107,-23.312,-30.242,0.864383,0.502675,-0.012657,-0.502374,0.862240,-0.064526,-0.021522,0.062134,0.997836,0,0.96631,-0.05489,57.979,-0.110,-1,400.000,-1,425.000,-1,325.000,350.000,300.000,300.000,-1,-1,-1,-1,800.000,-1,-1,-1,2,0,2,0,2,0,0,0,0,2,2,2,2,0,2,2,2
109,-6383.275,-2330.401,-24.604,-30.351,0.863483,0.504195,-0.013591,-0.503856,0.861050,-0.068710,-0.022941,0.066178,0.997544,0,0.96631,-0.05489,57.979,-0.110,-1,400.000,-1,425.000,-1,325.000,350.000,300.000,300.000,-1,-1,-1,-1,800.000,-1,-1,-1,2,0,2,0,2,0,0,0,0,2,2,2,2,0,2,2,2
110,-6333.298,-2359.791,-25.895,-30.461,0.862573,0.505721,-0.014595,-0.505362,0.859874,-0.072290,-0.024009,0.069731,0.997277,0,0.96631,-0.05489,57.979,-0.110,-1,400.000,-1,425.000,-1,325.000,350.000,300.000,300.000,-1,-1,-1,-1,825.000,-1,-1,-1,2,0,2,0,2,0,0,0,0,2,2,2,2,0,2,2,2
111,-6283.377,-2389.278,-27.557,-30.571,0.861663,0.507278,-0.014358,-0.506819,0.858751,-0.075372,-0.025905,0.072222,0.997052,0,0.96631,-0.05489,57.979,-0.110,-1,400.000,-1,425.000,-1,325.000,350.000,300.000,300.000,-1,-1,-1,-1,825.000,-1,-1,-1,2,0,2,0,2,0,0,0,0,2,2,2,2,0,2,2,2
112,-6233.513,-2418.861,-29.380,-30.681,0.860751,0.508836,-0.013908,-0.508259,0.857633,-0.078353,-0.027941,0.074511,0.996829,0,0.96631,-0.05489,57.979,-0.110,-1,400.000,-1,425.000,-1,325.000,350.000,300.000,300.000,-1,-1,-1,-1,850.000,1000.000,-1,-1,2,0,2,0,2,0,0,0,0,2,2,2,2,0,0,2,2
113,-6183.706,-2448.539,-31.328,-30.791,0.859837,0.510392,-0.013427,-0.509687,0.856510,-0.081301,-0.029995,0.076750,0.996599,0,0.96631,-0.05489,57.979,-0.110,-1,400.000,-1,425.000,-1,325.000,350.000,300.000,300.000,-1,-1,-1,-1,850.000,1000.000,-1,-1,2,0,2,0,2,0,0,0,0,2,2,2,2,0,0,2,2
114,-6133.956,-2478.312,-33.401,-30.900,0.858921,0.511944,-0.012915,-0.511102,0.855384,-0.084218,-0.032067,0.078938,0.996364,0,0.96631,-0.05489,57.979,-0.110,-1,400.000,-1,425.000,-1,325.000,350.000,300.000,300.000,-1,-1,-1,-1,850.000,1000.000,-1,-1,2,0,2,0,2,0,0,0,0,2,2,2,2,0,0,2,2
115,-6084.263,-2508.181,-35.563,-31.010,0.858008,0.513488,-0.012346,-0.512492,0.854244,-0.087287,-0.034274,0.081220,0.996107,0,0.96631,-0.05489,57.979,-0.110,-1,400.000,-1,425.000,-1,325.000,350.000,300.000,300.000,-1,-1,-1,-1,850.000,1000.000,-1,-1,2,0,2,0,2,0,0,0,0,2,2,2,2,0,0,2,2
116,-6034.627,-2538.145,-37.730,-31.120,0.857106,0.515008,-0.011664,-0.513818,0.853066,-0.090936,-0.036882,0.083935,0.995788,0,0.96631,-0.05489,57.979,-0.110,-1,400.000,-1,425.000,-1,325.000,350.000,300.000,300.000,-1,-1,-1,-1,850.000,975.000,-1,-1,2,0,2,0,2,0,0,0,0,2,2,2,2,0,0,2,2
117,-5985.048,-2568.203,-40.044,-31.230,0.856203,0.516527,-0.010818,-0.515119,0.851889,-0.094533,-0.039613,0.086512,0.995463,0,0.96631,-0.05489,57.979,-0.110,-1,400.000,-1,425.000,-1,325.000,350.000,300.000,300.000,-1,-1,-1,-1,875.000,975.000,-1,-1,2,0,2,0,2,0,0,0,0,2,2,2,2,0,0,2,2
118,-5935.527,-2598.358,-42.651,-31.340,0.855295,0.518057,-0.009293,-0.516360,0.850732,-0.098119,-0.042925,0.088720,0.995131,0,0.96631,-0.05489,57.979,-0.110,-1,400.000,-1,425.000,-1,325.000,350.000,300.000,300.000,-1,-1,-1,-1,850.000,950.000,-1,-1,2,0,2,0,2,0,0,0,0,2,2,2,2,0,0,2,2
119,-5890.044,-2625.912,-45.113,-31.209,0.856542,0.516016,-0.007955,-0.514061,0.851732,-0.101464,-0.045581,0.090997,0.994807,0,0.88631,0.06511,53.179,0.130,-1,400.000,-1,425.000,-1,325.000,350.000,300.000,300.000,-1,-1,-1,-1,850.000,925.000,-1,-1,2,0,2,0,2,0,0,0,0,2,2,2,2,0,0,2,2
120,-5848.134,-2650.931,-47.404,-30.839,0.859916,0.510391,-0.006769,-0.508215,0.854863,-0.104533,-0.047567,0.093330,0.994498,0,0.81350,0.18511,48.810,0.370,-1,400.000,-1,425.000,-1,325.000,325.000,300.000,300.000,-1,-1,-1,-1,850.000,900.000,-1,-1,2,0,2,0,2,0,0,0,0,2,2,2,2,0,0,2,2
121,-5806.022,-2675.609,-49.654,-30.373,0.864090,0.503309,-0.005309,-0.500894,0.858809,-0.107479,-0.049536,0.095530,0.994193,0,0.81350,0.23323,48.810,0.466,-1,400.000,-1,425.000,-1,325.000,325.000,300.000,300.000,-1,-1,-1,-1,850.000,900.000,-1,-1,2,0,2,0,2,0,0,0,0,2,2,2,2,0,0,2,2
122,-5763.711,-2699.943,-51.995,-29.906,0.868188,0.496221,-0.003763,-0.493582,0.862738,-0.109818,-0.051247,0.097200,0.993945,0,0.81350,0.23323,48.810,0.466,-1,400.000,-1,425.000,-1,325.000,325.000,300.000,300.000,-1,-1,-1,-1,850.000,875.000,-1,-1,2,0,2,0,2,0,0,0,0,2,2,2,2,0,0,2,2
123,-5721.204,-2723.932,-54.517,-29.440,0.872211,0.489124,-0.002375,-0.486308,0.866648,-0.111470,-0.052465,0.098380,0.993765,0,0.81350,0.23323,48.810,0.466,-1,400.000,-1,425.000,-1,325.000,325.000,300.000,300.000,-1,-1,-1,-1,850.000,875.000,-1,-1,2,0,2,0,2,0,0,0,0,2,2,2,2,0,0,2,2
124,-5678.503,-2747.575,-57.075,-28.973,0.876175,0.481992,-0.001037,-0.479000,0.870493,-0.113145,-0.053633,0.099632,0.993578,0,0.81350,0.23323,48.810,0.466,-1,400.000,-1,425.000,-1,325.000,325.000,300.000,300.000,-1,-1,-1,-1,825.000,850.000,-1,-1,2,0,2,0,2,0,0,0,0,2,2,2,2,0,0,2,2
125,-5635.610,-2770.869,-59.653,-28.507,0.880079,0.474828,0.000239,-0.471666,0.874276,-0.114774,-0.054707,0.100897,0.993392,0,0.81350,0.23323,48.810,0.466,-1,400.000,-1,400.000,-1,325.000,325.000,300.000,300.000,-1,-1,-1,-1,825.000,850.000,-1,-1,2,0,2,0,2,0,0,0,0,2,2,2,2,0,0,2,2
126,-5592.530,-2793.813,-62.250,-28.040,0.883921,0.467633,0.001452,-0.464308,0.877997,-0.116357,-0.055688,0.102177,0.993206,0,0.81350,0.23323,48.810,0.466,-1,400.000,-1,400.000,-1,325.000,325.000,300.000,300.000,-1,-1,-1,-1,825.000,825.000,-1,-1,2,0,2,0,2,0,0,0,0,2,2,2,2,0,0,2,2
127,-5549.264,-2816.405,-64.865,-27.574,0.887703,0.460408,0.002602,-0.456926,0.881657,-0.117899,-0.056576,0.103470,0.993022,0,0.81350,0.23323,48.810,0.466,-1,400.000,-1,400.000,-1,325.000,325.000,300.000,300.000,-1,-1,-1,-1,825.000,800.000,-1,-1,2,0,2,0,2,0,0,0,0,2,2,2,2,0,0,2,2
128,-5505.815,-2838.645,-67.497,-27.107,0.891425,0.453153,0.003690,-0.449522,0.885254,-0.119399,-0.057372,0.104776,0.992840,0,0.81350,0.23323,48.810,0.466,-1,400.000,-1,400.000,-1,325.000,325.000,300.000,300.000,-1,-1,-1,-1,800.000,800.000,-1,-1,2,0,2,0,2,0,0,0,0,2,2,2,2,0,0,2,2
129,-5462.187,-2860.530,-70.144,-26.641,0.895086,0.445868,0.004715,-0.442095,0.888788,-0.120860,-0.058078,0.106096,0.992658,0,0.81350,0.23323,48.810,0.466,-1,400.000,-1,400.000,-1,325.000,325.000,300.000,300.000,-1,-1,-1,-1,800.000,775.000,-1,-1,2,0,2,0,2,0,0,0,0,2,2,2,2,0,0,2,2
130,-5418.382,-2882.058,-72.823,-26.175,0.898688,0.438552,0.005602,-0.434650,0.892254,-0.122319,-0.058642,0.107492,0.992475,0,0.81350,0.23323,48.810,0.466,-1,400.000,-1,400.000,-1,325.000,325.000,300.000,300.000,-1,-1,-1,-1,800.000,775.000,-1,-1,2,0,2,0,2,0,0,0,0,2,2,2,2,0,0,2,2
131,-5374.403,-2903.230,-75.639,-25.708,0.902225,0.431221,0.006205,-0.427246,0.895685,-0.123325,-0.058738,0.108616,0.992347,0,0.81350,0.23323,48.810,0.466,-1,400.000,-1,400.000,-1,325.000,325.000,300.000,300.000,-1,-1,-1,-1,800.000,750.000,-1,-1,2,0,2,0,2,0,0,0,0,2,2,2,2,0,0,2,2
132,-5330.254,-2924.043,-78.490,-25.242,0.905699,0.423867,0.006724,-0.419841,0.899066,-0.124155,-0.058670,0.109624,0.992240,0,0.81350,0.23323,48.810,0.466,-1,400.000,-1,400.000,-1,325.000,325.000,300.000,300.000,-1,-1,-1,-1,800.000,750.000,-1,-1,2,0,2,0,2,0,0,0,0,2,2,2,2,0,0,2,2
133,-5285.813,-2944.555,-81.555,-24.776,0.909080,0.416541,0.008167,-0.412388,0.902459,-0.124517,-0.059237,0.109828,0.992184,0,0.81579,0.23271,48.947,0.465,-1,400.000,-1,400.000,-1,325.000,325.000,300.000,300.000,-1,-1,-1,-1,775.000,725.000,-1,-1,2,0,2,0,2,0,0,0,0,2,2,2,2,0,0,2,2
134,-5240.875,-2964.858,-84.623,-24.314,0.912382,0.409231,0.009495,-0.404961,0.905761,-0.124914,-0.059719,0.110124,0.992122,0,0.82187,0.23120,49.312,0.462,-1,400.000,-1,400.000,-1,325.000,325.000,300.000,300.000,-1,-1,-1,-1,775.000,700.000,-1,-1,2,0,2,0,2,0,0,0,0,2,2,2,2,0,0,2,2
135,-5195.337,-2984.998,-87.694,-23.859,0.915573,0.402011,0.010669,-0.397636,0.908938,-0.125370,-0.060098,0.110543,0.992053,0,0.82989,0.22736,49.793,0.455,-1,400.000,-1,375.000,-1,325.000,325.000,300.000,300.000,-1,-1,-1,-1,775.000,700.000,-1,-1,2,0,2,0,2,0,0,0,0,2,2,2,2,0,0,2,2
136,-5149.040,-3005.051,-90.793,-23.420,0.918606,0.395004,0.011634,-0.390540,0.911933,-0.125925,-0.060350,0.111132,0.991972,0,0.84089,0.21963,50.453,0.439,-1,400.000,-1,375.000,-1,325.000,325.000,300.000,300.000,-1,-1,-1,-1,775.000,675.000,-1,-1,2,0,2,0,2,0,0,0,0,2,2,2,2,0,0,2,2
