timestep,x_cm,y_cm,z_cm,yaw_deg,basis_xx,basis_xy,basis_xz,basis_yx,basis_yy,basis_yz,basis_zx,basis_zy,basis_zz,teleport_flag,throttle_cmd,steering_cmd,cmd_move_cm,cmd_turn_deg,lidar_cm_0,lidar_cm_1,lidar_cm_2,lidar_cm_3,lidar_cm_4,lidar_cm_5,lidar_cm_6,lidar_cm_7,lidar_cm_8,lidar_cm_9,lidar_cm_10,lidar_cm_11,lidar_cm_12,lidar_cm_13,lidar_cm_14,lidar_cm_15,lidar_cm_16,lidar_class_0,lidar_class_1,lidar_class_2,lidar_class_3,lidar_class_4,lidar_class_5,lidar_class_6,lidar_class_7,lidar_class_8,lidar_class_9,lidar_class_10,lidar_class_11,lidar_class_12,lidar_class_13,lidar_class_14,lidar_class_15,lidar_class_16
0,-8850.439,2294.548,168.202,-14.647,0.966698,0.252851,0.039512,-0.252281,0.967470,-0.018890,-0.043003,0.008292,0.999041,1,0.08000,0.12000,4.800,0.240,-1,400.000,-1,375.000,-1,325.000,325.000,300.000,300.000,-1,-1,-1,-1,800.000,700.000,-1,-1,2,0,2,0,2,0,0,0,0,2,2,2,2,0,0,2,2
1,-8841.137,2292.172,167.793,-14.330,0.968082,0.247502,0.039505,-0.246939,0.968852,-0.018629,-0.042885,0.008279,0.999046,0,0.16000,0.15826,9.600,0.317,-1,400.000,-1,375.000,-1,325.000,325.000,300.000,300.000,-1,-1,-1,-1,800.000,700.000,-1,-1,2,0,2,0,2,0,0,0,0,2,2,2,2,0,0,2,2
2,-8827.166,2288.685,167.183,-14.013,0.969437,0.242141,0.039493,-0.241590,0.970207,-0.018241,-0.042733,0.008142,0.999053,0,0.24000,0.15844,14.400,0.317,-1,400.000,-1,375.000,-1,325.000,325.000,300.000,300.000,-1,-1,-1,-1,800.000,700.000,-1,-1,2,0,2,0,2,0,0,0,0,2,2,2,2,0,0,2,2
3,-8808.512,2284.139,166.374,-13.696,0.970766,0.236760,0.039476,-0.236228,0.971536,-0.017726,-0.042549,0.007882,0.999063,0,0.32000,0.15877,19.200,0.318,-1,400.000,-1,375.000,-1,325.000,325.000,300.000,300.000,-1,-1,-1,-1,800.000,700.000,-1,-1,2,0,2,0,2,0,0,0,0,2,2,2,2,0,0,2,2
4,-8785.163,2278.586,165.371,-13.377,0.972069,0.231356,0.039455,-0.230846,0.972840,-0.017085,-0.042336,0.007500,0.999075,0,0.40000,0.15927,24.000,0.319,-1,400.000,-1,375.000,-1,325.000,325.000,300.000,300.000,-1,-1,-1,-1,800.000,700.000,-1,-1,2,0,2,0,2,0,0,0,0,2,2,2,2,0,0,2,2
5,-8757.108,2272.080,164.176,-13.057,0.973347,0.225923,0.039428,-0.225441,0.974120,-0.016319,-0.042094,0.006995,0.999089,0,0.48000,0.15992,28.800,0.320,-1,400.000,-1,375.000,-1,325.000,325.000,300.000,300.000,-1,-1,-1,-1,800.000,700.000,-1,-1,2,0,2,0,2,0,0,0,0,2,2,2,2,0,0,2,2
6,-8724.334,2264.672,162.794,-12.736,0.974601,0.220455,0.039395,-0.220006,0.975376,-0.015429,-0.041826,0.006370,0.999105,0,0.56000,0.16073,33.600,0.321,-1,400.000,-1,375.000,-1,325.000,325.000,300.000,300.000,-1,-1,-1,-1,800.000,700.000,-1,-1,2,0,2,0,2,0,0,0,0,2,2,2,2,0,0,2,2
7,-8686.832,2256.418,161.231,-12.413,0.975833,0.214946,0.039356,-0.214536,0.976610,-0.014416,-0.041534,0.005625,0.999121,0,0.64000,0.16171,38.400,0.323,-1,400.000,-1,375.000,-1,325.000,325.000,300.000,300.000,-1,-1,-1,-1,800.000,700.000,-1,-1,2,0,2,0,2,0,0,0,0,2,2,2,2,0,0,2,2
8,-8644.590,2247.372,159.491,-12.087,0.977041,0.209392,0.039311,-0.209025,0.977820,-0.013283,-0.041220,0.004761,0.999139,0,0.72000,0.16285,43.200,0.326,-1,400.000,-1,375.000,-1,325.000,325.000,300.000,300.000,-1,-1,-1,-1,-1,700.000,-1,-1,2,0,2,0,2,0,0,0,0,2,2,2,2,2,0,2,2
9,-8597.597,2237.591,157.580,-11.759,0.978228,0.203786,0.039258,-0.203466,0.979008,-0.012029,-0.040885,0.003780,0.999157,0,0.80000,0.16418,48.000,0.328,-1,400.000,-1,375.000,-1,325.000,325.000,300.000,300.000,-1,-1,-1,-1,-1,725.000,-1,-1,2,0,2,0,2,0,0,0,0,2,2,2,2,2,0,2,2
10,-8545.844,2227.130,155.414,-11.427,0.979390,0.198121,0.039295,-0.197866,0.980175,-0.010303,-0.040557,0.002315,0.999175,0,0.88000,0.16570,52.800,0.331,-1,400.000,-1,375.000,-1,325.000,325.000,300.000,300.000,-1,-1,-1,-1,-1,725.000,-1,-1,2,0,2,0,2,0,0,0,0,2,2,2,2,2,0,2,2
11,-8489.320,2216.049,153.026,-11.092,0.980522,0.192389,0.039536,-0.192213,0.981319,-0.008253,-0.040385,0.000493,0.999184,0,0.96000,0.16743,57.600,0.335,-1,400.000,-1,375.000,-1,325.000,325.000,300.000,300.000,-1,-1,-1,-1,-1,725.000,-1,-1,2,0,2,0,2,0,0,0,0,2,2,2,2,2,0,2,2
12,-8431.609,2205.088,150.518,-10.753,0.981629,0.186583,0.039903,-0.186469,0.982439,-0.006592,-0.040433,-0.000970,0.999182,0,0.97904,0.16942,58.743,0.339,-1,400.000,-1,375.000,-1,325.000,325.000,300.000,300.000,-1,-1,-1,-1,-1,-1,-1,-1,2,0,2,0,2,0,0,0,0,2,2,2,2,2,2,2,2
13,-8373.408,2194.396,147.985,-10.410,0.982710,0.180697,0.040366,-0.180640,0.983536,-0.005087,-0.040621,-0.002293,0.999172,0,0.98625,0.17151,59.175,0.343,-1,400.000,-1,375.000,-1,325.000,325.000,300.000,300.000,-1,-1,-1,-1,-1,-1,-1,-1,2,0,2,0,2,0,0,0,0,2,2,2,2,2,2,2,2
14,-8314.716,2183.980,145.464,-10.063,0.983769,0.174730,0.040840,-0.174731,0.984610,-0.003572,-0.040836,-0.003622,0.999159,0,0.99348,0.17371,59.609,0.347,-1,400.000,-1,375.000,-1,325.000,325.000,300.000,300.000,-1,-1,-1,-1,-1,-1,-1,-1,2,0,2,0,2,0,0,0,0,2,2,2,2,2,2,2,2
15,-8255.575,2173.860,142.957,-9.711,0.984805,0.168676,0.041325,-0.168736,0.985659,-0.002050,-0.041078,-0.004954,0.999144,0,1.00000,0.17602,60.000,0.352,-1,400.000,-1,375.000,-1,325.000,325.000,300.000,300.000,-1,-1,-1,-1,-1,-1,-1,-1,2,0,2,0,2,0,0,0,0,2,2,2,2,2,2,2,2
16,-8196.373,2164.108,140.479,-9.354,0.985817,0.162531,0.041817,-0.162651,0.986684,-0.000530,-0.041346,-0.006279,0.999125,0,1.00000,0.17847,60.000,0.357,-1,-1,-1,375.000,-1,325.000,325.000,300.000,300.000,-1,-1,-1,-1,-1,-1,-1,-1,2,2,2,0,2,0,0,0,0,2,2,2,2,2,2,2,2
17,-8137.110,2154.731,138.029,-8.992,0.986804,0.156290,0.042317,-0.156472,0.987682,0.000989,-0.041642,-0.007598,0.999104,0,1.00000,0.18106,60.000,0.362,-1,-1,-1,-1,-1,-1,325.000,300.000,300.000,-1,-1,-1,-1,-1,-1,-1,-1,2,2,2,2,2,2,1,0,0,2,2,2,2,2,2,2,2
18,-8077.789,2145.734,135.603,-8.624,0.987766,0.149949,0.042826,-0.150192,0.988654,0.002507,-0.041965,-0.008909,0.999079,0,1.00000,0.18380,60.000,0.368,-1,-1,-1,-1,-1,-1,-1,300.000,300.000,-1,-1,-1,-1,-1,-1,-1,-1,2,2,2,2,2,2,2,0,0,2,2,2,2,2,2,2,2
19,-8018.410,2137.124,133.202,-8.251,0.988701,0.143499,0.043344,-0.143806,0.989598,0.004025,-0.042316,-0.010212,0.999052,0,1.00000,0.18673,60.000,0.373,-1,-1,-1,-1,-1,-1,-1,300.000,300.000,-1,-1,-1,-1,-1,-1,-1,-1,2,2,2,2,2,2,2,0,0,2,2,2,2,2,2,2,2
20,-7958.975,2128.907,130.823,-7.871,0.989608,0.136935,0.043871,-0.137306,0.990513,0.005542,-0.042696,-0.011508,0.999022,0,1.00000,0.18988,60.000,0.380,-1,-1,-1,-1,-1,-1,-1,300.000,300.000,-1,-1,-1,-1,-1,-1,-1,-1,2,2,2,2,2,2,2,0,0,2,2,2,2,2,2,2,2
21,-7899.486,2121.093,128.017,-7.484,0.990420,0.130244,0.045881,-0.130773,0.991374,0.008720,-0.044349,-0.014637,0.998909,0,1.00000,0.19329,60.000,0.387,-1,-1,-1,-1,-1,-1,-1,300.000,300.000,-1,-1,-1,-1,-1,-1,-1,-1,2,2,2,2,2,2,2,0,0,2,2,2,2,2,2,2,2
22,-7839.920,2113.778,104.353,-7.090,0.984503,0.122768,0.125226,-0.134326,0.986984,0.088428,-0.112740,-0.103878,0.988180,0,1.00000,0.19701,60.000,0.394,0.000,-1,-1,-1,-1,-1,-1,125.000,400.000,-1,-1,-1,-1,-1,-1,0.000,-1,0,2,2,2,2,2,2,0,0,2,2,2,2,2,2,0,2
23,1639.904,4919.487,-470.802,-92.694,-0.050395,0.993660,-0.100496,-0.998174,-0.046757,0.038241,0.033299,0.102240,0.994202,1,0.00000,0.00000,60.000,0.402,-1,450.000,-1,325.000,350.000,325.000,300.000,475.000,175.000,275.000,0.000,625.000,-1,925.000,550.000,-1,550.000,2,0,2,0,0,0,0,1,0,1,1,1,2,0,0,2,0
24,1639.656,4914.693,-470.612,-92.934,-0.054534,0.993627,-0.098645,-0.997951,-0.050927,0.038723,0.033452,0.100554,0.994369,0,0.08000,-0.12000,4.800,-0.240,-1,450.000,-1,325.000,350.000,325.000,300.000,475.000,175.000,275.000,0.000,575.000,-1,925.000,550.000,-1,575.000,2,0,2,0,0,0,0,1,0,1,1,1,2,0,0,2,0
25,1639.080,4905.109,-470.250,-93.414,-0.062813,0.993501,-0.094922,-0.997452,-0.059270,0.039701,0.033817,0.097174,0.994693,0,0.16000,-0.24000,9.600,-0.480,-1,450.000,-1,325.000,375.000,325.000,300.000,475.000,175.000,275.000,0.000,525.000,-1,925.000,550.000,-1,600.000,2,0,2,0,0,0,0,1,0,1,1,1,2,0,0,2,0
26,1638.052,4890.745,-469.761,-94.071,-0.074129,0.993238,-0.089343,-0.996651,-0.070686,0.041109,0.034516,0.092091,0.995152,0,0.24000,-0.32833,14.400,-0.657,-1,450.000,-1,325.000,425.000,325.000,300.000,475.000,200.000,275.000,0.000,450.000,-1,900.000,575.000,-1,650.000,2,0,2,0,0,0,0,1,0,1,1,1,2,0,0,2,0
27,1636.464,4871.610,-469.200,-94.719,-0.085267,0.992975,-0.082042,-0.995719,-0.081973,0.042718,0.035693,0.085333,0.995713,0,0.32000,-0.32425,19.200,-0.649,-1,425.000,-1,325.000,475.000,325.000,300.000,450.000,200.000,300.000,0.000,375.000,-1,900.000,575.000,-1,750.000,2,0,2,0,0,0,0,1,0,1,1,1,2,0,0,2,0
28,1634.215,4847.715,-468.572,-95.357,-0.096164,0.992682,-0.073043,-0.994664,-0.093082,0.044493,0.037368,0.076931,0.996336,0,0.40000,-0.31880,24.000,-0.638,-1,425.000,-1,350.000,575.000,325.000,300.000,450.000,200.000,300.000,0.000,325.000,-1,875.000,600.000,-1,900.000,2,0,2,0,0,0,0,1,0,1,1,1,2,0,0,2,0
29,1631.204,4819.072,-467.875,-95.981,-0.106749,0.992327,-0.062376,-0.993500,-0.103960,0.046370,0.039529,0.066921,0.996975,0,0.48000,-0.31194,28.800,-0.624,-1,425.000,-1,350.000,725.000,325.000,300.000,450.000,200.000,325.000,0.000,275.000,-1,875.000,600.000,-1,-1,2,0,2,0,0,0,0,1,0,1,1,1,2,0,0,2,2
30,1627.629,4788.197,-467.149,-96.588,-0.116972,0.991827,-0.050950,-0.992249,-0.114548,0.048168,0.041939,0.056190,0.997539,0,0.51802,-0.30363,31.081,-0.607,-1,425.000,-1,350.000,925.000,325.000,300.000,425.000,225.000,350.000,25.000,250.000,-1,850.000,625.000,-1,-1,2,0,2,0,0,0,0,0,0,1,1,1,2,0,0,2,2
31,1623.728,4757.276,-466.429,-97.177,-0.126819,0.991137,-0.039544,-0.990933,-0.124807,0.049756,0.044380,0.045495,0.997978,0,0.51943,-0.29456,31.166,-0.589,-1,425.000,-1,350.000,-1,325.000,300.000,400.000,225.000,350.000,25.000,225.000,-1,825.000,650.000,-1,-1,2,0,2,0,2,0,0,0,0,1,1,1,2,0,0,2,2
32,1619.506,4726.294,-465.702,-97.748,-0.136281,0.990270,-0.028164,-0.989564,-0.134731,0.051101,0.046810,0.034834,0.998296,0,0.52113,-0.28534,31.268,-0.571,-1,425.000,-1,375.000,-1,325.000,300.000,375.000,250.000,375.000,25.000,200.000,-1,825.000,675.000,-1,-1,2,0,2,0,2,0,0,0,0,1,1,1,2,0,0,2,2
33,1614.970,4695.236,-464.950,-98.300,-0.145356,0.989237,-0.016816,-0.988156,-0.144310,0.052171,0.049183,0.024200,0.998497,0,0.52312,-0.27599,31.387,-0.552,-1,400.000,-1,375.000,-1,325.000,325.000,350.000,250.000,400.000,25.000,200.000,-1,800.000,700.000,-1,-1,2,0,2,0,2,0,0,0,0,1,1,1,2,0,0,2,2
34,1610.126,4664.088,-464.161,-98.833,-0.154038,0.988050,-0.005508,-0.986724,-0.153537,0.052936,0.051457,0.013589,0.998583,0,0.52537,-0.26650,31.522,-0.533,-1,400.000,-1,375.000,-1,325.000,325.000,325.000,275.000,400.000,25.000,175.000,-1,800.000,725.000,-1,-1,2,0,2,0,2,0,0,0,0,1,1,1,2,0,0,2,2
35,1604.980,4632.835,-462.606,-99.346,-0.162488,0.986707,0.002540,-0.985376,-0.162402,0.051571,0.051298,0.005877,0.998666,0,0.52789,-0.25686,31.673,-0.514,-1,400.000,-1,375.000,-1,325.000,325.000,325.000,275.000,450.000,50.000,200.000,-1,775.000,750.000,-1,-1,2,0,2,0,2,0,0,0,0,1,1,1,2,0,0,2,2
36,1599.538,4601.465,-460.007,-99.841,-0.170811,0.985285,0.006147,-0.984123,-0.170908,0.047887,0.048233,0.002130,0.998834,0,0.53065,-0.24708,31.839,-0.494,-1,400.000,-1,375.000,-1,325.000,325.000,300.000,300.000,500.000,100.000,275.000,-1,750.000,750.000,-1,-1,2,0,2,0,2,0,0,0,0,1,1,1,2,0,0,2,2
37,1593.805,4569.964,-457.353,-100.315,-0.178800,0.983837,0.009766,-0.982851,-0.179058,0.044058,0.045095,-0.001721,0.998981,0,0.53365,-0.23715,32.019,-0.474,-1,400.000,-1,375.000,-1,325.000,325.000,300.000,300.000,525.000,175.000,350.000,-1,725.000,725.000,-1,-1,2,0,2,0,2,0,0,0,0,1,1,1,2,0,0,2,2
38,1587.785,4538.318,-455.502,-100.769,-0.186554,0.982385,0.010834,-0.981444,-0.186850,0.043071,0.044337,-0.002598,0.999013,0,0.53689,-0.22707,32.213,-0.454,-1,375.000,-1,375.000,-1,325.000,325.000,300.000,300.000,550.000,200.000,375.000,-1,725.000,725.000,-1,-1,2,0,2,0,2,0,0,0,0,1,1,1,2,0,0,2,2
39,1581.486,4506.514,-453.963,-101.203,-0.193985,0.980943,0.010964,-0.979982,-0.194280,0.043485,0.044787,-0.002309,0.998994,0,0.54036,-0.21683,32.421,-0.434,-1,375.000,-1,375.000,-1,325.000,325.000,300.000,300.000,575.000,225.000,400.000,-1,725.000,725.000,-1,-1,2,0,2,0,2,0,0,0,0,1,1,1,2,0,0,2,2
40,1574.914,4474.540,-452.411,-101.616,-0.201048,0.979518,0.011109,-0.978536,-0.201344,0.043901,0.045239,-0.002044,0.998974,0,0.54405,-0.20643,32.643,-0.413,-1,375.000,-1,375.000,-1,325.000,325.000,300.000,300.000,625.000,250.000,400.000,-1,725.000,750.000,-1,-1,2,0,2,0,2,0,0,0,0,1,1,1,2,0,0,2,2
41,1568.074,4442.382,-450.848,-102.007,-0.207740,0.978119,0.011260,-0.977117,-0.208037,0.044315,0.045687,-0.001796,0.998954,0,0.54795,-0.19588,32.877,-0.392,-1,375.000,-1,375.000,-1,325.000,325.000,300.000,300.000,650.000,300.000,425.000,-1,725.000,750.000,-1,-1,2,0,2,0,2,0,0,0,0,1,1,1,2,0,0,2,2
42,1560.138,4405.550,-449.056,-102.159,-0.210323,0.977565,0.011442,-0.976541,-0.210627,0.044778,0.046183,-0.001756,0.998931,0,0.62795,-0.07588,37.677,-0.152,-1,400.000,-1,400.000,-1,325.000,325.000,300.000,300.000,675.000,325.000,450.000,-1,725.000,750.000,-1,-1,2,0,2,0,2,0,0,0,0,1,1,1,2,0,0,2,2
43,1551.256,4364.012,-447.033,-102.071,-0.208805,0.977888,0.011648,-0.976840,-0.209121,0.045290,0.046725,-0.001922,0.998906,0,0.70795,0.04412,42.477,0.088,-1,400.000,-1,400.000,-1,325.000,325.000,300.000,300.000,700.000,375.000,500.000,-1,725.000,750.000,-1,-1,2,0,2,0,2,0,0,0,0,1,1,1,2,0,0,2,2
44,1541.779,4318.422,-444.815,-101.743,-0.203182,0.979069,0.011866,-0.977998,-0.203515,0.045844,0.047300,-0.002290,0.998878,0,0.77606,0.16412,46.564,0.328,-1,400.000,-1,400.000,-1,325.000,325.000,300.000,300.000,725.000,400.000,550.000,-1,725.000,750.000,-1,-1,2,0,2,0,2,0,0,0,0,1,1,1,2,0,0,2,2
45,1531.879,4268.927,-442.409,-101.311,-0.195785,0.980572,0.012085,-0.979476,-0.196139,0.046439,0.047907,-0.002745,0.998848,0,0.84126,0.21566,50.475,0.431,-1,400.000,-1,400.000,-1,325.000,325.000,300.000,300.000,750.000,450.000,600.000,-1,750.000,750.000,-1,-1,2,0,2,0,2,0,0,0,0,1,1,1,2,0,0,2,2
46,1522.379,4219.381,-440.004,-100.854,-0.187926,0.982106,0.012287,-0.980985,-0.188300,0.047029,0.048501,-0.003216,0.998818,0,0.84082,0.22882,50.449,0.458,-1,400.000,-1,400.000,-1,325.000,325.000,300.000,300.000,775.000,500.000,675.000,-1,750.000,750.000,-1,-1,2,0,2,0,2,0,0,0,0,1,1,1,2,0,0,2,2
47,1513.295,4169.732,-437.598,-100.369,-0.179585,0.983663,0.012471,-0.982517,-0.179979,0.047614,0.049081,-0.003702,0.998788,0,0.84121,0.24252,50.473,0.485,-1,400.000,-1,400.000,-1,325.000,325.000,300.000,300.000,800.000,550.000,725.000,-1,750.000,750.000,-1,-1,2,0,2,0,2,0,0,0,0,1,1,1,2,0,0,2,2
48,1504.644,4119.932,-435.187,-99.855,-0.170741,0.985235,0.012637,-0.984064,-0.171156,0.048196,0.049647,-0.004206,0.998758,0,0.84244,0.25674,50.546,0.513,-1,400.000,-1,400.000,-1,325.000,325.000,300.000,300.000,825.000,600.000,800.000,-1,750.000,750.000,-1,-1,2,0,2,0,2,0,0,0,0,1,1,1,2,0,0,2,2
49,1496.445,4069.930,-432.771,-99.312,-0.161375,0.986810,0.012784,-0.985615,-0.161812,0.048776,0.050201,-0.004729,0.998728,0,0.84449,0.27148,50.670,0.543,-1,400.000,-1,400.000,-1,325.000,325.000,300.000,300.000,850.000,650.000,875.000,-1,750.000,750.000,-1,-1,2,0,2,0,2,0,0,0,0,1,1,1,2,0,0,2,2
50,1488.720,4019.677,-430.347,-98.739,-0.151469,0.988378,0.012912,-0.987159,-0.151927,0.049354,0.050742,-0.005271,0.998698,0,0.84738,0.28673,50.843,0.573,-1,400.000,-1,400.000,-1,325.000,325.000,300.000,300.000,875.000,700.000,975.000,-1,750.000,750.000,-1,-1,2,0,2,0,2,0,0,0,0,1,1,1,2,0,0,2,2
51,1481.495,3969.124,-427.878,-98.134,-0.141011,0.989925,0.012859,-0.988686,-0.141482,0.049837,0.051154,-0.005686,0.998675,0,0.85110,0.30249,51.066,0.605,-1,400.000,-1,400.000,-1,325.000,325.000,300.000,300.000,925.000,750.000,-1,-1,750.000,775.000,-1,-1,2,0,2,0,2,0,0,0,0,1,1,2,2,0,0,2,2
52,1474.675,3918.742,-425.318,-97.709,-0.133683,0.990947,0.012371,-0.989689,-0.134140,0.050228,0.051433,-0.005529,0.998661,0,0.84737,0.21236,50.842,0.425,-1,400.000,-1,400.000,-1,325.000,325.000,300.000,300.000,950.000,800.000,-1,-1,750.000,775.000,-1,-1,2,0,2,0,2,0,0,0,0,1,1,2,2,0,0,2,2
53,1468.215,3867.968,-422.654,-97.251,-0.125759,0.991986,0.012169,-0.990722,-0.126217,0.050396,0.051528,-0.005718,0.998655,0,0.85305,0.22893,51.183,0.458,-1,400.000,-1,400.000,-1,325.000,325.000,300.000,300.000,975.000,850.000,-1,-1,750.000,775.000,-1,-1,2,0,2,0,2,0,0,0,0,1,1,2,2,0,0,2,2
54,1462.145,3816.759,-419.957,-96.759,-0.117233,0.993032,0.012021,-0.991762,-0.117695,0.050561,0.051623,-0.005995,0.998649,0,0.85945,0.24597,51.567,0.492,-1,400.000,-1,400.000,-1,325.000,325.000,300.000,300.000,1000.000,900.000,-1,-1,750.000,775.000,-1,-1,2,0,2,0,2,0,0,0,0,1,1,2,2,0,0,2,2
55,1456.501,3765.073,-417.241,-96.232,-0.108090,0.994070,0.011863,-0.992795,-0.108557,0.050727,0.051714,-0.006295,0.998642,0,0.86656,0.26348,51.994,0.527,-1,400.000,-1,400.000,-1,325.000,325.000,300.000,300.000,-1,975.000,-1,-1,750.000,775.000,-1,-1,2,0,2,0,2,0,0,0,0,2,1,2,2,0,0,2,2
56,1451.318,3712.866,-414.506,-95.669,-0.098313,0.995087,0.011694,-0.993806,-0.098785,0.050895,0.051800,-0.006618,0.998636,0,0.87440,0.28147,52.464,0.563,-1,400.000,-1,400.000,-1,325.000,325.000,300.000,300.000,-1,-1,-1,-1,750.000,775.000,-1,-1,2,0,2,0,2,0,0,0,0,2,2,2,2,0,0,2,2
57,1446.637,3660.096,-411.749,-95.069,-0.087884,0.996064,0.011514,-0.994779,-0.088361,0.051066,0.051882,-0.006966,0.998629,0,0.88295,0.29994,52.977,0.600,-1,400.000,-1,400.000,-1,325.000,325.000,300.000,300.000,-1,-1,-1,-1,750.000,775.000,-1,-1,2,0,2,0,2,0,0,0,0,2,2,2,2,0,0,2,2
58,1442.501,3606.723,-408.968,-94.432,-0.076785,0.996983,0.011322,-0.995693,-0.077267,0.051239,0.051959,-0.007339,0.998622,0,0.89222,0.31890,53.533,0.638,-1,400.000,-1,400.000,-1,325.000,325.000,300.000,300.000,-1,-1,-1,-1,750.000,775.000,-1,-1,2,0,2,0,2,0,0,0,0,2,2,2,2,0,0,2,2
59,1438.956,3552.707,-406.161,-93.755,-0.064998,0.997823,0.011120,-0.996528,-0.065486,0.051414,0.052030,-0.007739,0.998616,0,0.90221,0.33837,54.133,0.677,-1,400.000,-1,400.000,-1,325.000,325.000,300.000,300.000,-1,-1,-1,-1,750.000,775.000,-1,-1,2,0,2,0,2,0,0,0,0,2,2,2,2,0,0,2,2
60,1436.513,3503.435,-403.610,-92.838,-0.049013,0.998738,0.010930,-0.997441,-0.049513,0.051575,0.052051,-0.008374,0.998609,0,0.82221,0.45837,49.333,0.917,-1,400.000,-1,400.000,-1,325.000,325.000,300.000,300.000,-1,-1,-1,-1,750.000,775.000,-1,-1,2,0,2,0,2,0,0,0,0,2,2,2,2,0,0,2,2
61,1435.206,3458.921,-401.315,-91.681,-0.028822,0.999527,0.010752,-0.998230,-0.029341,0.051723,0.052014,-0.009242,0.998604,0,0.74221,0.57837,44.533,1.157,-1,400.000,-1,400.000,-1,325.000,325.000,300.000,300.000,-1,-1,-1,-1,750.000,775.000,-1,-1,2,0,2,0,2,0,0,0,0,2,2,2,2,0,0,2,2
62,1435.009,3419.189,-399.275,-90.285,-0.004425,0.999934,0.010588,-0.998642,-0.004969,0.051858,0.051907,-0.010344,0.998598,0,0.66221,0.69837,39.733,1.397,-1,400.000,-1,400.000,-1,325.000,325.000,300.000,300.000,-1,-1,-1,-1,750.000,775.000,-1,-1,2,0,2,0,2,0,0,0,0,2,2,2,2,0,0,2,2
63,1435.742,3384.264,-397.491,-88.798,0.021555,0.999713,0.010439,-0.998428,0.020984,0.051979,0.051745,-0.011543,0.998594,0,0.58221,0.74359,34.933,1.487,-1,400.000,-1,400.000,-1,325.000,325.000,300.000,300.000,-1,-1,-1,-1,750.000,750.000,-1,-1,2,0,2,0,2,0,0,0,0,2,2,2,2,0,0,2,2
64,1437.161,3354.165,-395.961,-87.301,0.047682,0.998809,0.010306,-0.997532,0.047084,0.052085,0.051538,-0.012764,0.998589,0,0.50221,0.74822,30.133,1.496,-1,375.000,-1,400.000,-1,325.000,325.000,300.000,300.000,-1,-1,-1,-1,750.000,750.000,-1,-1,2,0,2,0,2,0,0,0,0,2,2,2,2,0,0,2,2
65,1439.018,3328.901,-394.683,-85.796,0.073920,0.997212,0.010190,-0.995945,0.073293,0.052177,0.051285,-0.014006,0.998586,0,0.42221,0.75231,25.333,1.505,-1,375.000,-1,400.000,-1,325.000,325.000,300.000,300.000,-1,-1,-1,-1,725.000,750.000,-1,-1,2,0,2,0,2,0,0,0,0,2,2,2,2,0,0,2,2
66,1441.063,3308.470,-393.652,-84.285,0.100229,0.994913,0.010102,-0.993658,0.099572,0.052249,0.050977,-0.015275,0.998583,0,0.34221,0.75582,20.533,1.512,-1,375.000,-1,400.000,-1,325.000,325.000,300.000,300.000,-1,-1,-1,-1,725.000,750.000,-1,-1,2,0,2,0,2,0,0,0,0,2,2,2,2,0,0,2,2
67,1443.044,3292.863,-392.851,-82.767,0.126572,0.991906,0.010093,-0.990665,0.125881,0.052316,0.050622,-0.016621,0.998580,0,0.26221,0.75872,15.733,1.517,-1,375.000,-1,400.000,-1,325.000,325.000,300.000,300.000,-1,-1,-1,-1,725.000,750.000,-1,-1,2,0,2,0,2,0,0,0,0,2,2,2,2,0,0,2,2
68,1444.708,3282.058,-392.292,-81.245,0.152903,0.988189,0.010107,-0.986964,0.152178,0.052386,0.050230,-0.017985,0.998576,0,0.18221,0.76098,10.933,1.522,-1,375.000,-1,400.000,-1,325.000,325.000,300.000,300.000,-1,-1,-1,-1,725.000,750.000,-1,-1,2,0,2,0,2,0,0,0,0,2,2,2,2,0,0,2,2
69,1445.803,3276.024,-391.978,-79.720,0.179181,0.983764,0.010122,-0.982556,0.178421,0.052437,0.049780,-0.019341,0.998573,0,0.10221,0.76257,6.133,1.525,-1,375.000,-1,400.000,-1,325.000,325.000,300.000,300.000,-1,-1,-1,-1,725.000,750.000,-1,-1,2,0,2,0,2,0,0,0,0,2,2,2,2,0,0,2,2
70,1446.076,3274.720,-391.904,-78.193,0.205360,0.978634,0.010139,-0.977446,0.204567,0.052465,0.049270,-0.020685,0.998571,0,0.02221,0.76348,1.333,1.527,-1,375.000,-1,400.000,-1,325.000,325.000,300.000,300.000,-1,-1,-1,-1,725.000,750.000,-1,-1,2,0,2,0,2,0,0,0,0,2,2,2,2,0,0,2,2
71,1445.276,3278.094,-392.063,-76.666,0.231397,0.972806,0.010153,-0.971640,0.230572,0.052459,0.048691,-0.022004,0.998571,0,-0.05779,0.76368,-3.467,1.527,-1,375.000,-1,400.000,-1,325.000,325.000,300.000,300.000,-1,-1,-1,-1,725.000,750.000,-1,-1,2,0,2,0,2,0,0,0,0,2,2,2,2,0,0,2,2
72,1443.156,3286.085,-392.450,-75.140,0.257250,0.966291,0.010164,-0.965150,0.256395,0.052413,0.048040,-0.023293,0.998574,0,-0.13779,0.76316,-8.267,1.526,-1,375.000,-1,400.000,-1,325.000,325.000,300.000,300.000,-1,-1,-1,-1,725.000,750.000,-1,-1,2,0,2,0,2,0,0,0,0,2,2,2,2,0,0,2,2
73,1439.470,3298.622,-393.059,-73.616,0.282875,0.959103,0.010182,-0.957989,0.281991,0.052333,0.047322,-0.024558,0.998578,0,-0.21779,0.76190,-13.067,1.524,-1,375.000,-1,400.000,-1,325.000,325.000,300.000,300.000,-1,-1,-1,-1,725.000,750.000,-1,-1,2,0,2,0,2,0,0,0,0,2,2,2,2,0,0,2,2
74,1433.978,3315.624,-393.883,-72.096,0.308231,0.951257,0.010207,-0.950173,0.307320,0.052219,0.046536,-0.025794,0.998584,0,-0.29779,0.75989,-17.867,1.520,-1,400.000,-1,400.000,-1,325.000,325.000,300.000,300.000,-1,-1,-1,-1,725.000,750.000,-1,-1,2,0,2,0,2,0,0,0,0,2,2,2,2,0,0,2,2
75,1426.442,3337.003,-394.916,-70.582,0.333277,0.942773,0.010244,-0.941722,0.332339,0.052066,0.045682,-0.027000,0.998591,0,-0.37779,0.75712,-22.667,1.514,-1,400.000,-1,400.000,-1,325.000,325.000,300.000,300.000,-1,-1,-1,-1,750.000,750.000,-1,-1,2,0,2,0,2,0,0,0,0,2,2,2,2,0,0,2,2
76,1416.633,3362.659,-396.133,-69.075,0.357974,0.933674,0.010332,-0.932656,0.357009,0.051936,0.044803,-0.028228,0.998597,0,-0.45779,0.75359,-27.467,1.507,-1,400.000,-1,400.000,-1,325.000,325.000,300.000,300.000,-1,-1,-1,-1,750.000,750.000,-1,-1,2,0,2,0,2,0,0,0,0,2,2,2,2,0,0,2,2
77,1406.032,3388.348,-397.340,-67.576,0.382283,0.923986,0.010432,-0.923002,0.381291,0.051809,0.043893,-0.029435,0.998603,0,-0.46316,0.74928,-27.790,1.499,-1,400.000,-1,400.000,-1,325.000,325.000,300.000,300.000,-1,-1,-1,-1,750.000,750.000,-1,-1,2,0,2,0,2,0,0,0,0,2,2,2,2,0,0,2,2
78,1394.678,3413.954,-398.532,-66.086,0.406188,0.913729,0.010539,-0.912780,0.405170,0.051678,0.042950,-0.030611,0.998608,0,-0.46685,0.74489,-28.011,1.490,-1,400.000,-1,400.000,-1,325.000,325.000,300.000,300.000,-1,-1,-1,-1,750.000,750.000,-1,-1,2,0,2,0,2,0,0,0,0,2,2,2,2,0,0,2,2
79,1382.570,3439.462,-399.704,-64.605,0.429677,0.902919,0.010678,-0.902007,0.428634,0.051538,0.041958,-0.031777,0.998614,0,-0.47059,0.74046,-28.235,1.481,-1,400.000,-1,400.000,-1,325.000,325.000,300.000,300.000,-1,-1,-1,-1,750.000,750.000,-1,-1,2,0,2,0,2,0,0,0,0,2,2,2,2,0,0,2,2
80,1369.579,3465.091,-400.871,-63.119,0.452959,0.891466,0.010826,-0.890592,0.451891,0.051395,0.040925,-0.032921,0.998620,0,-0.47889,0.74309,-28.734,1.486,-1,400.000,-1,400.000,-1,325.000,325.000,300.000,300.000,-1,-1,-1,-1,750.000,750.000,-1,-1,2,0,2,0,2,0,0,0,0,2,2,2,2,0,0,2,2
81,1355.686,3490.816,-402.030,-61.628,0.476015,0.879369,0.010981,-0.878534,0.474923,0.051250,0.039852,-0.034043,0.998626,0,-0.48727,0.74574,-29.236,1.491,-1,400.000,-1,400.000,-1,325.000,325.000,300.000,300.000,-1,-1,-1,-1,750.000,750.000,-1,-1,2,0,2,0,2,0,0,0,0,2,2,2,2,0,0,2,2
82,1340.875,3516.606,-403.179,-60.131,0.498825,0.866631,0.011157,-0.865837,0.497710,0.051101,0.038733,-0.035150,0.998631,0,-0.49568,0.74835,-29.741,1.497,-1,400.000,-1,400.000,-1,325.000,325.000,300.000,300.000,-1,-1,-1,-1,750.000,750.000,-1,-1,2,0,2,0,2,0,0,0,0,2,2,2,2,0,0,2,2
83,1325.131,3542.430,-404.315,-58.629,0.521370,0.853255,0.011344,-0.852503,0.520233,0.050951,0.037572,-0.036235,0.998637,0,-0.50407,0.75091,-30.244,1.502,-1,400.000,-1,400.000,-1,325.000,325.000,300.000,300.000,-1,-1,-1,-1,750.000,750.000,-1,-1,2,0,2,0,2,0,0,0,0,2,2,2,2,0,0,2,2
84,1308.441,3568.251,-405.438,-57.122,0.543627,0.839247,0.011541,-0.838538,0.542469,0.050801,0.036374,-0.037294,0.998642,0,-0.51242,0.75342,-30.745,1.507,-1,400.000,-1,400.000,-1,325.000,325.000,300.000,300.000,-1,-1,-1,-1,750.000,750.000,-1,-1,2,0,2,0,2,0,0,0,0,2,2,2,2,0,0,2,2
85,1290.796,3594.033,-406.546,-55.611,0.565577,0.824612,0.011747,-0.823947,0.564399,0.050652,0.035138,-0.038327,0.998647,0,-0.52069,0.75586,-31.242,1.512,-1,400.000,-1,400.000,-1,325.000,325.000,300.000,300.000,-1,-1,-1,-1,750.000,750.000,-1,-1,2,0,2,0,2,0,0,0,0,2,2,2,2,0,0,2,2
86,1272.188,3619.735,-407.636,-54.094,0.587198,0.809355,0.011963,-0.808735,0.586001,0.050505,0.033866,-0.039331,0.998652,0,-0.52884,0.75823,-31.731,1.516,-1,400.000,-1,400.000,-1,325.000,325.000,300.000,300.000,-1,-1,-1,-1,750.000,750.000,-1,-1,2,0,2,0,2,0,0,0,0,2,2,2,2,0,0,2,2
87,1252.613,3645.314,-408.705,-52.573,0.608468,0.793485,0.012188,-0.792910,0.607254,0.050360,0.032559,-0.040307,0.998657,0,-0.53683,0.76050,-32.210,1.521,-1,400.000,-1,400.000,-1,325.000,325.000,300.000,300.000,-1,-1,-1,-1,750.000,750.000,-1,-1,2,0,2,0,2,0,0,0,0,2,2,2,2,0,0,2,2
88,1231.966,3670.641,-409.747,-50.812,0.632557,0.774415,0.012425,-0.773892,0.631324,0.050221,0.031048,-0.041383,0.998661,0,-0.54460,0.88050,-32.676,1.761,-1,400.000,-1,400.000,-1,325.000,325.000,300.000,300.000,-1,-1,-1,-1,750.000,750.000,-1,-1,2,0,2,0,2,0,0,0,0,2,2,2,2,0,0,2,2
89,1213.785,3691.772,-410.590,-49.291,0.652880,0.757357,0.012567,-0.756877,0.651634,0.050106,0.029759,-0.042225,0.998665,0,-0.46460,0.76050,-27.876,1.521,-1,400.000,-1,400.000,-1,325.000,325.000,300.000,300.000,-1,-1,-1,-1,750.000,750.000,-1,-1,2,0,2,0,2,0,0,0,0,2,2,2,2,0,0,2,2
90,1198.348,3708.924,-411.253,-48.010,0.669638,0.742580,0.012625,-0.742133,0.668384,0.050009,0.028697,-0.042858,0.998669,0,-0.38460,0.64050,-23.076,1.281,-1,400.000,-1,400.000,-1,325.000,325.000,300.000,300.000,-1,-1,-1,-1,750.000,750.000,-1,-1,2,0,2,0,2,0,0,0,0,2,2,2,2,0,0,2,2
91,1185.877,3722.284,-411.762,-46.969,0.683010,0.730299,0.012672,-0.729878,0.681751,0.049933,0.027826,-0.043354,0.998672,0,-0.30460,0.52050,-18.276,1.041,-1,400.000,-1,400.000,-1,325.000,325.000,300.000,300.000,-1,-1,-1,-1,750.000,750.000,-1,-1,2,0,2,0,2,0,0,0,0,2,2,2,2,0,0,2,2
92,1176.544,3732.005,-412.129,-46.168,0.693146,0.720685,0.012707,-0.720285,0.691882,0.049876,0.027153,-0.043723,0.998675,0,-0.22460,0.40050,-13.476,0.801,-1,400.000,-1,400.000,-1,325.000,325.000,300.000,300.000,-1,-1,-1,-1,750.000,750.000,-1,-1,2,0,2,0,2,0,0,0,0,2,2,2,2,0,0,2,2
93,1170.475,3738.205,-412.361,-45.607,0.700164,0.713868,0.012728,-0.713483,0.698898,0.049839,0.026683,-0.043977,0.998676,0,-0.14460,0.28050,-8.676,0.561,-1,400.000,-1,400.000,-1,325.000,325.000,300.000,300.000,-1,-1,-1,-1,750.000,750.000,-1,-1,2,0,2,0,2,0,0,0,0,2,2,2,2,0,0,2,2
94,1167.748,3740.959,-412.463,-45.286,0.704150,0.709937,0.012738,-0.709559,0.702882,0.049823,0.026418,-0.044121,0.998677,0,-0.06460,0.16050,-3.876,0.321,-1,400.000,-1,400.000,-1,325.000,325.000,300.000,300.000,-1,-1,-1,-1,750.000,750.000,-1,-1,2,0,2,0,2,0,0,0,0,2,2,2,2,0,0,2,2
95,1168.399,3740.303,-412.439,-45.205,0.705153,0.708941,0.012734,-0.708565,0.703884,0.049828,0.026362,-0.044159,0.998677,0,0.01540,0.04050,0.924,0.081,-1,400.000,-1,400.000,-1,325.000,325.000,300.000,300.000,-1,-1,-1,-1,750.000,750.000,-1,-1,2,0,2,0,2,0,0,0,0,2,2,2,2,0,0,2,2
96,1172.421,3736.230,-412.287,-45.364,0.703185,0.710894,0.012718,-0.710513,0.701916,0.049854,0.026514,-0.044092,0.998676,0,0.09540,-0.07950,5.724,-0.159,-1,400.000,-1,400.000,-1,325.000,325.000,300.000,300.000,-1,-1,-1,-1,750.000,750.000,-1,-1,2,0,2,0,2,0,0,0,0,2,2,2,2,0,0,2,2
97,1179.763,3728.689,-412.004,-45.763,0.698221,0.715770,0.012689,-0.715378,0.696954,0.049900,0.026873,-0.043918,0.998674,0,0.17540,-0.19950,10.524,-0.399,-1,400.000,-1,400.000,-1,325.000,325.000,300.000,300.000,-1,-1,-1,-1,750.000,750.000,-1,-1,2,0,2,0,2,0,0,0,0,2,2,2,2,0,0,2,2
98,1190.370,3717.629,-411.586,-46.200,0.692752,0.721065,0.012645,-0.720659,0.691487,0.049968,0.027286,-0.043729,0.998671,0,0.25540,-0.21825,15.324,-0.436,-1,400.000,-1,400.000,-1,325.000,325.000,300.000,300.000,-1,-1,-1,-1,750.000,750.000,-1,-1,2,0,2,0,2,0,0,0,0,2,2,2,2,0,0,2,2
99,1204.185,3702.996,-411.028,-46.647,0.687101,0.726453,0.012587,-0.726032,0.685836,0.050059,0.027733,-0.043535,0.998667,0,0.33540,-0.22389,20.124,-0.448,-1,400.000,-1,400.000,-1,325.000,325.000,300.000,300.000,-1,-1,-1,-1,750.000,750.000,-1,-1,2,0,2,0,2,0,0,0,0,2,2,2,2,0,0,2,2
100,1221.148,3684.734,-410.326,-47.110,0.681218,0.731974,0.012515,-0.731537,0.679953,0.050173,0.028216,-0.043334,0.998662,0,0.41540,-0.23134,24.924,-0.463,-1,400.000,-1,400.000,-1,325.000,325.000,300.000,300.000,-1,-1,-1,-1,750.000,750.000,-1,-1,2,0,2,0,2,0,0,0,0,2,2,2,2,0,0,2,2
101,1241.194,3662.787,-409.465,-47.591,0.675051,0.737667,0.012378,-0.737210,0.673788,0.050308,0.028770,-0.043085,0.998657,0,0.49540,-0.24064,29.724,-0.481,-1,400.000,-1,400.000,-1,325.000,325.000,300.000,300.000,-1,-1,-1,-1,750.000,750.000,-1,-1,2,0,2,0,2,0,0,0,0,2,2,2,2,0,0,2,2
102,1264.253,3637.092,-408.433,-48.095,0.668546,0.743572,0.012140,-0.743089,0.667288,0.050462,0.029421,-0.042758,0.998652,0,0.57540,-0.25181,34.524,-0.504,-1,400.000,-1,400.000,-1,325.000,325.000,300.000,300.000,-1,-1,-1,-1,750.000,750.000,-1,-1,2,0,2,0,2,0,0,0,0,2,2,2,2,0,0,2,2
103,1290.246,3607.583,-407.236,-48.625,0.661648,0.749721,0.011876,-0.749209,0.660394,0.050644,0.030126,-0.042406,0.998646,0,0.65540,-0.26488,39.324,-0.530,-1,400.000,-1,400.000,-1,325.000,325.000,300.000,300.000,-1,-1,-1,-1,750.000,750.000,-1,-1,2,0,2,0,2,0,0,0,0,2,2,2,2,0,0,2,2
104,1318.605,3574.747,-405.891,-49.184,0.654297,0.756149,0.011591,-0.755607,0.653049,0.050851,0.030881,-0.042030,0.998639,0,0.72312,-0.27988,43.387,-0.560,-1,400.000,-1,400.000,-1,325.000,325.000,300.000,300.000,-1,-1,-1,-1,750.000,750.000,-1,-1,2,0,2,0,2,0,0,0,0,2,2,2,2,0,0,2,2
105,1347.033,3541.133,-404.500,-49.778,0.646439,0.762882,0.011309,-0.762308,0.645196,0.051067,0.031661,-0.041633,0.998631,0,0.73372,-0.29658,44.023,-0.593,-1,400.000,-1,400.000,-1,325.000,325.000,300.000,300.000,-1,-1,-1,-1,750.000,750.000,-1,-1,2,0,2,0,2,0,0,0,0,2,2,2,2,0,0,2,2
106,1375.513,3506.700,-403.057,-50.405,0.638054,0.769912,0.011048,-0.769307,0.636816,0.051292,0.032455,-0.041227,0.998623,0,0.74474,-0.31365,44.685,-0.627,-1,400.000,-1,400.000,-1,325.000,325.000,300.000,300.000,-1,-1,-1,-1,750.000,750.000,-1,-1,2,0,2,0,2,0,0,0,0,2,2,2,2,0,0,2,2
107,1404.024,3471.407,-401.551,-51.067,0.629119,0.777233,0.010848,-0.776598,0.627886,0.051528,0.033238,-0.040841,0.998613,0,0.75617,-0.33110,45.370,-0.662,-1,400.000,-1,400.000,-1,325.000,325.000,300.000,300.000,-1,-1,-1,-1,750.000,750.000,-1,-1,2,0,2,0,2,0,0,0,0,2,2,2,2,0,0,2,2
108,1432.543,3435.211,-399.991,-51.765,0.619611,0.784837,0.010658,-0.784171,0.618382,0.051771,0.034041,-0.040436,0.998602,0,0.76802,-0.34896,46.081,-0.698,-1,400.000,-1,400.000,-1,325.000,325.000,300.000,300.000,-1,-1,-1,-1,750.000,750.000,-1,-1,2,0,2,0,2,0,0,0,0,2,2,2,2,0,0,2,2
109,1461.043,3398.068,-398.372,-52.499,0.609506,0.792712,0.010481,-0.792015,0.608282,0.052021,0.034863,-0.040008,0.998591,0,0.78028,-0.36722,46.817,-0.734,-1,400.000,-1,400.000,-1,325.000,325.000,300.000,300.000,-1,-1,-1,-1,750.000,750.000,-1,-1,2,0,2,0,2,0,0,0,0,2,2,2,2,0,0,2,2
110,1492.111,3356.848,-396.557,-52.994,0.602648,0.797941,0.010304,-0.797215,0.601425,0.052309,0.035542,-0.039738,0.998578,0,0.86028,-0.24722,51.617,-0.494,-1,400.000,-1,400.000,-1,325.000,325.000,300.000,300.000,-1,-1,-1,-1,750.000,750.000,-1,-1,2,0,2,0,2,0,0,0,0,2,2,2,2,0,0,2,2
111,1524.068,3313.688,-394.602,-53.483,0.595820,0.803053,0.010183,-0.802295,0.594589,0.052784,0.036333,-0.039620,0.998554,0,0.89506,-0.24474,53.703,-0.489,-1,400.000,-1,400.000,-1,325.000,325.000,300.000,300.000,-1,-1,-1,-1,750.000,750.000,-1,-1,2,0,2,0,2,0,0,0,0,2,2,2,2,0,0,2,2
112,1555.792,3269.833,-392.594,-54.118,0.586901,0.809596,0.010088,-0.808803,0.585662,0.053275,0.037223,-0.039426,0.998529,0,0.90211,-0.31732,54.126,-0.635,-1,400.000,-1,400.000,-1,325.000,325.000,300.000,300.000,-1,-1,-1,-1,750.000,750.000,-1,-1,2,0,2,0,2,0,0,0,0,2,2,2,2,0,0,2,2
113,1587.289,3225.291,-390.534,-54.735,0.578159,0.815862,0.010017,-0.815034,0.576912,0.053780,0.038098,-0.039257,0.998503,0,0.90922,-0.30857,54.553,-0.617,-1,400.000,-1,400.000,-1,325.000,325.000,300.000,300.000,-1,-1,-1,-1,750.000,750.000,-1,-1,2,0,2,0,2,0,0,0,0,2,2,2,2,0,0,2,2
114,1618.562,3180.068,-388.408,-55.335,0.569602,0.821861,0.009950,-0.820999,0.568348,0.054227,0.038913,-0.039057,0.998479,0,0.91638,-0.29976,54.983,-0.600,-1,400.000,-1,400.000,-1,325.000,325.000,300.000,300.000,-1,-1,-1,-1,750.000,750.000,-1,-1,2,0,2,0,2,0,0,0,0,2,2,2,2,0,0,2,2
115,1649.617,3134.171,-386.202,-55.916,0.561235,0.827598,0.009865,-0.826708,0.559980,0.054555,0.039626,-0.038774,0.998462,0,0.92359,-0.29088,55.416,-0.582,-1,400.000,-1,400.000,-1,325.000,325.000,300.000,300.000,-1,-1,-1,-1,750.000,725.000,-1,-1,2,0,2,0,2,0,0,0,0,2,2,2,2,0,0,2,2
116,1680.361,3087.744,-383.962,-56.487,0.552969,0.833144,0.009792,-0.832226,0.551715,0.054863,0.040306,-0.038487,0.998446,0,0.92807,-0.28537,55.684,-0.571,-1,400.000,-1,400.000,-1,325.000,325.000,300.000,300.000,-1,-1,-1,-1,750.000,725.000,-1,-1,2,0,2,0,2,0,0,0,0,2,2,2,2,0,0,2,2
117,1710.641,3041.013,-381.653,-57.058,0.544643,0.838614,0.009503,-0.837660,0.543399,0.055174,0.041106,-0.038010,0.998432,0,0.92807,-0.28537,55.684,-0.571,-1,400.000,-1,400.000,-1,325.000,325.000,300.000,300.000,-1,-1,-1,-1,750.000,725.000,-1,-1,2,0,2,0,2,0,0,0,0,2,2,2,2,0,0,2,2
118,1740.455,2993.982,-379.295,-57.629,0.536262,0.844002,0.009136,-0.843008,0.535029,0.055507,0.041959,-0.037468,0.998417,0,0.92807,-0.28537,55.684,-0.571,-1,400.000,-1,400.000,-1,325.000,325.000,300.000,300.000,-1,-1,-1,-1,750.000,725.000,-1,-1,2,0,2,0,2,0,0,0,0,2,2,2,2,0,0,2,2
119,1769.798,2946.657,-376.906,-58.199,0.527826,0.849307,0.008781,-0.848273,0.526606,0.055852,0.042811,-0.036928,0.998400,0,0.92807,-0.28537,55.684,-0.571,-1,400.000,-1,400.000,-1,325.000,325.000,300.000,300.000,-1,-1,-1,-1,750.000,725.000,-1,-1,2,0,2,0,2,0,0,0,0,2,2,2,2,0,0,2,2
120,1798.669,2899.041,-374.486,-58.770,0.519338,0.854527,0.008436,-0.853453,0.518130,0.056209,0.043661,-0.036391,0.998383,0,0.92807,-0.28537,55.684,-0.571,-1,400.000,-1,400.000,-1,325.000,325.000,300.000,300.000,-1,-1,-1,-1,750.000,725.000,-1,-1,2,0,2,0,2,0,0,0,0,2,2,2,2,0,0,2,2
121,1827.063,2851.141,-372.036,-59.341,0.510798,0.859663,0.008102,-0.858548,0.509602,0.056578,0.044510,-0.035856,0.998365,0,0.92807,-0.28537,55.684,-0.571,-1,400.000,-1,375.000,-1,325.000,325.000,300.000,300.000,-1,-1,-1,-1,750.000,725.000,-1,-1,2,0,2,0,2,0,0,0,0,2,2,2,2,0,0,2,2
122,1854.980,2802.960,-369.554,-59.912,0.502207,0.864713,0.007779,-0.863557,0.501023,0.056959,0.045356,-0.035323,0.998346,0,0.92807,-0.28537,55.684,-0.571,-1,400.000,-1,375.000,-1,325.000,325.000,300.000,300.000,-1,-1,-1,-1,750.000,725.000,-1,-1,2,0,2,0,2,0,0,0,0,2,2,2,2,0,0,2,2
123,1882.414,2754.503,-367.007,-60.482,0.493570,0.869673,0.007636,-0.868484,0.492392,0.057324,0.046094,-0.034925,0.998326,0,0.92807,-0.28537,55.684,-0.571,-1,400.000,-1,375.000,-1,325.000,325.000,300.000,300.000,-1,-1,-1,-1,750.000,725.000,-1,-1,2,0,2,0,2,0,0,0,0,2,2,2,2,0,0,2,2
124,1909.365,2705.776,-364.437,-61.053,0.484887,0.874544,0.007599,-0.873326,0.483710,0.057680,0.046768,-0.034605,0.998306,0,0.92807,-0.28537,55.684,-0.571,-1,400.000,-1,375.000,-1,325.000,325.000,300.000,300.000,-1,-1,-1,-1,750.000,725.000,-1,-1,2,0,2,0,2,0,0,0,0,2,2,2,2,0,0,2,2
125,1935.830,2656.782,-361.792,-61.624,0.476175,0.879315,0.007909,-0.878064,0.474973,0.058344,0.047547,-0.034726,0.998265,0,0.92807,-0.28537,55.684,-0.571,-1,400.000,-1,375.000,-1,325.000,325.000,300.000,300.000,-1,-1,-1,-1,750.000,725.000,-1,-1,2,0,2,0,2,0,0,0,0,2,2,2,2,0,0,2,2
126,1961.805,2607.528,-359.108,-62.195,0.467420,0.883996,0.008307,-0.882712,0.466187,0.059067,0.048343,-0.034942,0.998219,0,0.92807,-0.28537,55.684,-0.571,-1,400.000,-1,375.000,-1,325.000,325.000,300.000,300.000,-1,-1,-1,-1,750.000,725.000,-1,-1,2,0,2,0,2,0,0,0,0,2,2,2,2,0,0,2,2
127,1987.288,2558.017,-356.396,-62.765,0.458623,0.888588,0.008768,-0.887273,0.457354,0.059789,0.049118,-0.035201,0.998172,0,0.92807,-0.28537,55.684,-0.571,-1,400.000,-1,375.000,-1,325.000,325.000,300.000,300.000,-1,-1,-1,-1,750.000,725.000,-1,-1,2,0,2,0,2,0,0,0,0,2,2,2,2,0,0,2,2
128,2012.276,2508.255,-353.619,-63.336,0.449772,0.893096,0.009171,-0.891757,0.448478,0.060309,0.049749,-0.035304,0.998138,0,0.92807,-0.28537,55.684,-0.571,-1,400.000,-1,375.000,-1,325.000,325.000,300.000,300.000,-1,-1,-1,-1,750.000,725.000,-1,-1,2,0,2,0,2,0,0,0,0,2,2,2,2,0,0,2,2
129,2036.768,2458.246,-350.785,-63.907,0.440870,0.897522,0.009415,-0.896154,0.439561,0.060775,0.050409,-0.035231,0.998107,0,0.92807,-0.28537,55.684,-0.571,-1,400.000,-1,375.000,-1,325.000,300.000,300.000,300.000,-1,-1,-1,-1,750.000,725.000,-1,-1,2,0,2,0,2,0,0,0,0,2,2,2,2,0,0,2,2
130,2058.884,2412.420,-348.092,-64.237,0.435687,0.900051,0.009231,-0.898643,0.434376,0.061308,0.051171,-0.035007,0.998076,0,0.84807,-0.16537,50.884,-0.331,-1,400.000,-1,375.000,-1,325.000,300.000,300.000,300.000,-1,-1,-1,-1,750.000,725.000,-1,-1,2,0,2,0,2,0,0,0,0,2,2,2,2,0,0,2,2
131,2078.849,2370.884,-345.648,-64.328,0.434269,0.900737,0.009104,-0.899297,0.432950,0.061803,0.051727,-0.035026,0.998047,0,0.76807,-0.04537,46.084,-0.091,-1,400.000,-1,375.000,-1,325.000,300.000,300.000,300.000,-1,-1,-1,-1,750.000,725.000,-1,-1,2,0,2,0,2,0,0,0,0,2,2,2,2,0,0,2,2
132,2096.830,2333.722,-343.460,-64.179,0.436626,0.899598,0.009024,-0.898134,0.435291,0.062260,0.052081,-0.035289,0.998019,0,0.68807,0.07463,41.284,0.149,-1,400.000,-1,375.000,-1,325.000,300.000,300.000,300.000,-1,-1,-1,-1,775.000,725.000,-1,-1,2,0,2,0,2,0,0,0,0,2,2,2,2,0,0,2,2
133,2113.367,2300.130,-341.483,-63.790,0.442743,0.896604,0.008983,-0.895125,0.441385,0.062689,0.052242,-0.035796,0.997993,0,0.62403,0.19463,37.442,0.389,-1,400.000,-1,375.000,-1,325.000,300.000,300.000,300.000,-1,-1,-1,-1,775.000,725.000,-1,-1,2,0,2,0,2,0,0,0,0,2,2,2,2,0,0,2,2
134,2130.298,2266.671,-339.517,-63.160,0.452582,0.891677,0.008970,-0.890190,0.451193,0.063137,0.052251,-0.036560,0.997965,0,0.62498,0.31463,37.499,0.629,-1,400.000,-1,375.000,-1,325.000,325.000,300.000,300.000,-1,-1,-1,-1,775.000,725.000,-1,-1,2,0,2,0,2,0,0,0,0,2,2,2,2,0,0,2,2
135,2147.761,2233.423,-337.568,-62.291,0.466081,0.884696,0.008982,-0.883207,0.464651,0.063606,0.052099,-0.037578,0.997935,0,0.62592,0.43463,37.555,0.869,-1,400.000,-1,375.000,-1,325.000,325.000,300.000,300.000,-1,-1,-1,-1,775.000,725.000,-1,-1,2,0,2,0,2,0,0,0,0,2,2,2,2,0,0,2,2
136,2165.892,2200.469,-335.640,-61.182,0.483147,0.875493,0.009016,-0.874007,0.481667,0.064101,0.051777,-0.038850,0.997903,0,0.62688,0.55463,37.613,1.109,-1,400.000,-1,375.000,-1,325.000,325.000,300.000,300.000,-1,-1,-1,-1,775.000,725.000,-1,-1,2,0,2,0,2,0,0,0,0,2,2,2,2,0,0,2,2
137,2184.824,2167.898,-333.741,-59.833,0.503657,0.863856,0.009068,-0.862381,0.502118,0.064626,0.051274,-0.040370,0.997868,0,0.62789,0.67463,37.674,1.349,-1,400.000,-1,375.000,-1,325.000,325.000,300.000,300.000,-1,-1,-1,-1,775.000,725.000,-1,-1,2,0,2,0,2,0,0,0,0,2,2,2,2,0,0,2,2
138,2204.688,2135.809,-331.846,-58.243,0.527455,0.849532,0.009277,-0.848081,0.525843,0.065169,0.050485,-0.042242,0.997831,0,0.62899,0.79463,37.740,1.589,-1,400.000,-1,375.000,-1,325.000,325.000,300.000,300.000,-1,-1,-1,-1,800.000,750.000,-1,-1,2,0,2,0,2,0,0,0,0,2,2,2,2,0,0,2,2
139,2225.606,2104.310,-329.943,-56.414,0.554344,0.832231,0.009729,-0.830824,0.552638,0.065742,0.049336,-0.044526,0.997789,0,0.63021,0.91463,37.813,1.829,-1,400.000,-1,375.000,-1,325.000,325.000,300.000,300.000,-1,-1,-1,-1,800.000,750.000,-1,-1,2,0,2,0,2,0,0,0,0,2,2,2,2,0,0,2,2
