timestep,x_cm,y_cm,z_cm,yaw_deg,basis_xx,basis_xy,basis_xz,basis_yx,basis_yy,basis_yz,basis_zx,basis_zy,basis_zz,teleport_flag,throttle_cmd,steering_cmd,cmd_move_cm,cmd_turn_deg,lidar_cm_0,lidar_cm_1,lidar_cm_2,lidar_cm_3,lidar_cm_4,lidar_cm_5,lidar_cm_6,lidar_cm_7,lidar_cm_8,lidar_cm_9,lidar_cm_10,lidar_cm_11,lidar_cm_12,lidar_cm_13,lidar_cm_14,lidar_cm_15,lidar_cm_16,lidar_class_0,lidar_class_1,lidar_class_2,lidar_class_3,lidar_class_4,lidar_class_5,lidar_class_6,lidar_class_7,lidar_class_8,lidar_class_9,lidar_class_10,lidar_class_11,lidar_class_12,lidar_class_13,lidar_class_14,lidar_class_15,lidar_class_16
0,9514.481,-6234.679,235.417,-43.867,0.720561,0.692787,-0.028943,-0.693188,0.720733,-0.005879,0.016787,0.024299,0.999564,1,0.08000,-0.12000,4.800,-0.240,-1,375.000,-1,400.000,-1,325.000,325.000,300.000,300.000,-1,-1,800.000,-1,675.000,825.000,-1,-1,2,0,2,0,2,0,0,0,0,2,2,0,2,0,0,2,2
1,9521.346,-6241.390,235.513,-44.347,0.714728,0.698799,-0.029068,-0.699202,0.714901,-0.005741,0.016769,0.024428,0.999561,0,0.16000,-0.24000,9.600,-0.480,-1,375.000,-1,400.000,-1,325.000,325.000,300.000,300.000,-1,-1,800.000,-1,675.000,825.000,-1,-1,2,0,2,0,2,0,0,0,0,2,2,0,2,0,0,2,2
2,9531.517,-6251.584,235.651,-45.067,0.705884,0.707724,-0.029244,-0.708130,0.706060,-0.005539,0.016728,0.024618,0.999557,0,0.24000,-0.36000,14.400,-0.720,-1,375.000,-1,400.000,-1,325.000,325.000,300.000,300.000,-1,-1,825.000,-1,675.000,825.000,-1,-1,2,0,2,0,2,0,0,0,0,2,2,0,2,0,0,2,2
3,9544.848,-6265.402,235.873,-46.027,0.693922,0.719446,-0.029487,-0.719861,0.694096,-0.005505,0.016507,0.025047,0.999550,0,0.32000,-0.48000,19.200,-0.960,-1,375.000,-1,400.000,-1,325.000,325.000,300.000,300.000,-1,-1,850.000,-1,675.000,825.000,-1,-1,2,0,2,0,2,0,0,0,0,2,2,0,2,0,0,2,2
4,9561.146,-6283.019,236.270,-47.227,0.678704,0.733804,-0.029872,-0.734243,0.678859,-0.006152,0.015765,0.026109,0.999535,0,0.40000,-0.60000,24.000,-1.200,-1,375.000,-1,400.000,-1,325.000,325.000,300.000,300.000,-1,-1,950.000,-1,675.000,850.000,-1,-1,2,0,2,0,2,0,0,0,0,2,2,0,2,0,0,2,2
5,9580.233,-6304.586,236.741,-48.493,0.662336,0.748593,-0.030336,-0.749058,0.662468,-0.006897,0.014934,0.027292,0.999516,0,0.48000,-0.63266,28.800,-1.265,-1,375.000,-1,400.000,-1,325.000,325.000,300.000,300.000,-1,-1,-1,-1,675.000,850.000,-1,-1,2,0,2,0,2,0,0,0,0,2,2,2,2,0,0,2,2
6,9601.939,-6330.233,237.214,-49.758,0.645637,0.763006,-0.031215,-0.763511,0.645748,-0.007744,0.014249,0.028833,0.999483,0,0.56000,-0.63266,33.600,-1.265,-1,375.000,-1,400.000,-1,325.000,325.000,300.000,300.000,-1,-1,-1,-1,675.000,850.000,-1,-1,2,0,2,0,2,0,0,0,0,2,2,2,2,0,0,2,2
7,9626.094,-6360.085,237.712,-51.023,0.628621,0.777038,-0.032385,-0.777593,0.628708,-0.008678,0.013617,0.030637,0.999438,0,0.64000,-0.63266,38.400,-1.265,-1,375.000,-1,400.000,-1,325.000,325.000,300.000,300.000,-1,-1,-1,-1,700.000,850.000,-1,-1,2,0,2,0,2,0,0,0,0,2,2,2,2,0,0,2,2
8,9652.519,-6394.261,238.252,-52.289,0.611297,0.790682,-0.033741,-0.791295,0.611358,-0.009700,0.012958,0.032629,0.999384,0,0.72000,-0.63266,43.200,-1.265,-1,375.000,-1,400.000,-1,325.000,325.000,300.000,300.000,-1,-1,-1,-1,700.000,850.000,-1,-1,2,0,2,0,2,0,0,0,0,2,2,2,2,0,0,2,2
9,9680.894,-6432.682,238.828,-53.554,0.593677,0.803930,-0.035279,-0.804610,0.593705,-0.010809,0.012255,0.034803,0.999319,0,0.79606,-0.63266,47.764,-1.265,-1,375.000,-1,400.000,-1,325.000,325.000,300.000,300.000,-1,-1,-1,-1,700.000,850.000,-1,-1,2,0,2,0,2,0,0,0,0,2,2,2,2,0,0,2,2
10,9708.415,-6471.721,239.380,-54.819,0.575771,0.816780,-0.036848,-0.817530,0.575762,-0.011925,0.011476,0.036990,0.999250,0,0.79606,-0.63266,47.764,-1.265,-1,375.000,-1,400.000,-1,325.000,325.000,300.000,300.000,-1,-1,-1,-1,725.000,875.000,-1,-1,2,0,2,0,2,0,0,0,0,2,2,2,2,0,0,2,2
11,9735.066,-6511.357,239.758,-56.085,0.557603,0.829207,-0.038666,-0.830046,0.557526,-0.013729,0.010173,0.039750,0.999158,0,0.79606,-0.63266,47.764,-1.265,-1,375.000,-1,425.000,-1,325.000,325.000,300.000,300.000,-1,-1,-1,-1,725.000,875.000,-1,-1,2,0,2,0,2,0,0,0,0,2,2,2,2,0,0,2,2
12,9760.836,-6551.573,240.062,-57.350,0.539174,0.841214,-0.040623,-0.842150,0.539014,-0.015746,0.008651,0.042700,0.999050,0,0.79606,-0.63266,47.764,-1.265,-1,375.000,-1,400.000,-1,325.000,325.000,300.000,300.000,-1,-1,-1,-1,750.000,850.000,-1,-1,2,0,2,0,2,0,0,0,0,2,2,2,2,0,0,2,2
13,9785.712,-6592.347,240.425,-58.615,0.520479,0.852784,-0.043130,-0.853843,0.520229,-0.017714,0.007331,0.046046,0.998912,0,0.79606,-0.63266,47.764,-1.265,-1,400.000,-1,400.000,-1,325.000,325.000,300.000,300.000,-1,-1,-1,-1,750.000,850.000,-1,-1,2,0,2,0,2,0,0,0,0,2,2,2,2,0,0,2,2
14,9809.682,-6633.661,240.769,-59.881,0.501539,0.863923,-0.045775,-0.865114,0.501189,-0.019658,0.005959,0.049460,0.998758,0,0.79606,-0.63266,47.764,-1.265,-1,400.000,-1,400.000,-1,325.000,325.000,300.000,300.000,-1,-1,-1,-1,775.000,850.000,-1,-1,2,0,2,0,2,0,0,0,0,2,2,2,2,0,0,2,2
15,9832.733,-6675.494,240.866,-61.146,0.482338,0.874666,-0.048057,-0.875970,0.481927,-0.020582,0.005157,0.052024,0.998632,0,0.79606,-0.63266,47.764,-1.265,-1,400.000,-1,425.000,-1,325.000,325.000,300.000,300.000,-1,-1,-1,-1,775.000,875.000,-1,-1,2,0,2,0,2,0,0,0,0,2,2,2,2,0,0,2,2
16,9854.855,-6717.826,240.851,-62.411,0.462901,0.884988,-0.050194,-0.886399,0.462439,-0.021154,0.004491,0.054284,0.998515,0,0.79606,-0.63266,47.764,-1.265,-1,400.000,-1,425.000,-1,325.000,325.000,300.000,300.000,-1,-1,-1,-1,800.000,875.000,-1,-1,2,0,2,0,2,0,0,0,0,2,2,2,2,0,0,2,2
17,9876.036,-6760.637,240.551,-63.677,0.443297,0.894935,-0.050782,-0.896370,0.442759,-0.022001,0.002795,0.055272,0.998467,0,0.79606,-0.63266,47.764,-1.265,-1,400.000,-1,425.000,-1,325.000,325.000,300.000,300.000,-1,-1,-1,-1,800.000,875.000,-1,-1,2,0,2,0,2,0,0,0,0,2,2,2,2,0,0,2,2
18,9896.265,-6803.906,240.342,-64.942,0.423520,0.904492,-0.050259,-0.905887,0.422888,-0.023125,0.000338,0.055323,0.998468,0,0.79606,-0.63266,47.764,-1.265,-1,400.000,-1,425.000,-1,325.000,325.000,300.000,300.000,-1,-1,-1,-1,800.000,875.000,-1,-1,2,0,2,0,2,0,0,0,0,2,2,2,2,0,0,2,2
19,9915.534,-6847.610,240.068,-66.207,0.403539,0.913610,-0.049726,-0.914960,0.402812,-0.024311,-0.002181,0.055308,0.998467,0,0.79606,-0.63266,47.764,-1.265,-1,400.000,-1,400.000,-1,325.000,325.000,300.000,300.000,-1,-1,-1,-1,800.000,850.000,-1,-1,2,0,2,0,2,0,0,0,0,2,2,2,2,0,0,2,2
20,9933.834,-6891.730,239.729,-67.473,0.383364,0.922286,-0.049191,-0.923585,0.382541,-0.025559,-0.004755,0.055231,0.998462,0,0.79606,-0.63266,47.764,-1.265,-1,400.000,-1,400.000,-1,325.000,325.000,300.000,300.000,-1,-1,-1,-1,825.000,850.000,-1,-1,2,0,2,0,2,0,0,0,0,2,2,2,2,0,0,2,2
21,9951.154,-6936.243,239.326,-68.738,0.363005,0.930516,-0.048659,-0.931758,0.362084,-0.026868,-0.007382,0.055091,0.998454,0,0.79606,-0.63266,47.764,-1.265,-1,400.000,-1,400.000,-1,325.000,325.000,275.000,300.000,-1,-1,-1,-1,825.000,850.000,-1,-1,2,0,2,0,2,0,0,0,0,2,2,2,2,0,0,2,2
22,9967.487,-6981.127,238.861,-70.003,0.342470,0.938295,-0.048136,-0.939475,0.341452,-0.028236,-0.010057,0.054892,0.998442,0,0.79606,-0.63266,47.764,-1.265,-1,400.000,-1,400.000,-1,325.000,325.000,275.000,300.000,-1,-1,-1,-1,825.000,850.000,-1,-1,2,0,2,0,2,0,0,0,0,2,2,2,2,0,0,2,2
23,9982.825,-7026.362,238.333,-71.269,0.321769,0.945620,-0.047628,-0.946732,0.320653,-0.029661,-0.012776,0.054634,0.998425,0,0.79606,-0.63266,47.764,-1.265,-1,400.000,-1,400.000,-1,325.000,325.000,275.000,300.000,-1,-1,-1,-1,825.000,825.000,-1,-1,2,0,2,0,2,0,0,0,0,2,2,2,2,0,0,2,2
24,9997.161,-7071.924,237.745,-72.534,0.300912,0.952486,-0.047140,-0.953525,0.299699,-0.031141,-0.015534,0.054320,0.998403,0,0.79606,-0.63266,47.764,-1.265,-1,400.000,-1,400.000,-1,325.000,325.000,275.000,300.000,-1,-1,-1,-1,825.000,825.000,-1,-1,2,0,2,0,2,0,0,0,0,2,2,2,2,0,0,2,2
25,10009.320,-7113.131,237.229,-73.559,0.283921,0.957701,-0.046885,-0.958677,0.282608,-0.032737,-0.018102,0.054243,0.998364,0,0.71606,-0.51266,42.964,-1.025,-1,400.000,-1,400.000,-1,325.000,325.000,275.000,300.000,-1,-1,-1,-1,825.000,825.000,-1,-1,2,0,2,0,2,0,0,0,0,2,2,2,2,0,0,2,2
26,10019.619,-7149.879,236.670,-74.345,0.270857,0.961461,-0.047213,-0.962410,0.269449,-0.034112,-0.020076,0.054678,0.998302,0,0.63606,-0.39266,38.164,-0.785,-1,400.000,-1,400.000,-1,325.000,325.000,275.000,300.000,-1,-1,-1,-1,825.000,825.000,-1,-1,2,0,2,0,2,0,0,0,0,2,2,2,2,0,0,2,2
27,10028.316,-7182.089,236.074,-74.890,0.261771,0.963945,-0.047822,-0.964889,0.260276,-0.035300,-0.021580,0.055384,0.998232,0,0.55606,-0.27266,33.364,-0.545,-1,400.000,-1,400.000,-1,325.000,325.000,300.000,300.000,-1,-1,-1,-1,825.000,800.000,-1,-1,2,0,2,0,2,0,0,0,0,2,2,2,2,0,0,2,2
28,10035.615,-7209.705,235.522,-75.195,0.256698,0.965278,-0.048419,-0.966224,0.255125,-0.036370,-0.022754,0.056120,0.998165,0,0.47606,-0.15266,28.564,-0.305,-1,400.000,-1,400.000,-1,325.000,325.000,300.000,300.000,-1,-1,-1,-1,825.000,800.000,-1,-1,2,0,2,0,2,0,0,0,0,2,2,2,2,0,0,2,2
29,10041.662,-7232.686,235.051,-75.260,0.255649,0.965531,-0.048920,-0.966484,0.254014,-0.037231,-0.023521,0.056798,0.998109,0,0.39606,-0.03266,23.764,-0.065,-1,400.000,-1,400.000,-1,325.000,325.000,300.000,300.000,-1,-1,-1,-1,825.000,800.000,-1,-1,2,0,2,0,2,0,0,0,0,2,2,2,2,0,0,2,2
30,10046.508,-7251.020,234.670,-75.193,0.256820,0.965200,-0.049317,-0.966161,0.255139,-0.037904,-0.024003,0.057382,0.998064,0,0.31606,0.03361,18.964,0.067,-1,400.000,-1,400.000,-1,325.000,325.000,300.000,300.000,-1,-1,-1,-1,825.000,800.000,-1,-1,2,0,2,0,2,0,0,0,0,2,2,2,2,0,0,2,2
31,10050.145,-7264.708,234.384,-75.124,0.258022,0.964865,-0.049612,-0.965832,0.256306,-0.038408,-0.024343,0.057827,0.998030,0,0.23606,0.03484,14.164,0.070,-1,400.000,-1,400.000,-1,325.000,325.000,300.000,300.000,-1,-1,-1,-1,825.000,800.000,-1,-1,2,0,2,0,2,0,0,0,0,2,2,2,2,0,0,2,2
32,10052.560,-7273.755,234.149,-75.052,0.259232,0.964537,-0.049667,-0.965507,0.257508,-0.038551,-0.024394,0.057947,0.998022,0,0.15606,0.03575,9.364,0.071,-1,400.000,-1,400.000,-1,325.000,325.000,300.000,300.000,-1,-1,-1,-1,825.000,800.000,-1,-1,2,0,2,0,2,0,0,0,0,2,2,2,2,0,0,2,2
33,10056.173,-7287.450,233.786,-75.221,0.256409,0.965289,-0.049715,-0.966252,0.254670,-0.038737,-0.024731,0.057969,0.998012,0,0.23606,-0.08425,14.164,-0.169,-1,400.000,-1,400.000,-1,325.000,325.000,300.000,300.000,-1,-1,-1,-1,825.000,800.000,-1,-1,2,0,2,0,2,0,0,0,0,2,2,2,2,0,0,2,2
34,10060.880,-7305.820,233.269,-75.629,0.249545,0.967089,-0.049653,-0.968028,0.247783,-0.039042,-0.025454,0.057809,0.998003,0,0.31606,-0.20425,18.964,-0.409,-1,400.000,-1,400.000,-1,325.000,325.000,300.000,300.000,-1,-1,-1,-1,825.000,800.000,-1,-1,2,0,2,0,2,0,0,0,0,2,2,2,2,0,0,2,2
35,10066.516,-7328.906,232.571,-76.278,0.238620,0.969855,-0.049410,-0.970749,0.236827,-0.039495,-0.026603,0.057389,0.997997,0,0.39606,-0.32425,23.764,-0.649,-1,400.000,-1,400.000,-1,325.000,325.000,300.000,300.000,-1,-1,-1,-1,825.000,800.000,-1,-1,2,0,2,0,2,0,0,0,0,2,2,2,2,0,0,2,2
36,10072.861,-7356.756,231.702,-77.166,0.223596,0.973444,-0.049102,-0.974277,0.221767,-0.040038,-0.028086,0.056791,0.997991,0,0.47606,-0.44425,28.564,-0.889,-1,400.000,-1,400.000,-1,325.000,325.000,300.000,300.000,-1,-1,-1,-1,825.000,800.000,-1,-1,2,0,2,0,2,0,0,0,0,2,2,2,2,0,0,2,2
37,10079.629,-7389.427,230.643,-78.295,0.204430,0.977668,-0.048727,-0.978425,0.202562,-0.040664,-0.029886,0.055988,0.997984,0,0.55606,-0.56425,33.364,-1.129,-1,400.000,-1,400.000,-1,325.000,325.000,300.000,300.000,-1,-1,-1,-1,825.000,775.000,-1,-1,2,0,2,0,2,0,0,0,0,2,2,2,2,0,0,2,2
38,10086.476,-7426.972,229.372,-79.663,0.181076,0.982283,-0.048282,-0.982949,0.179165,-0.041365,-0.031982,0.054949,0.997977,0,0.63606,-0.68425,38.164,-1.369,-1,400.000,-1,400.000,-1,325.000,325.000,300.000,300.000,-1,-1,-1,-1,825.000,775.000,-1,-1,2,0,2,0,2,0,0,0,0,2,2,2,2,0,0,2,2
39,10092.995,-7469.438,227.867,-81.272,0.153485,0.986996,-0.047766,-0.987554,0.151533,-0.042133,-0.034347,0.053638,0.997970,0,0.71606,-0.80425,42.964,-1.609,-1,400.000,-1,400.000,-1,325.000,325.000,300.000,300.000,-1,-1,-1,-1,825.000,775.000,-1,-1,2,0,2,0,2,0,0,0,0,2,2,2,2,0,0,2,2
40,10098.149,-7512.168,226.280,-83.120,0.121616,0.991453,-0.047236,-0.991892,0.119626,-0.042885,-0.036868,0.052068,0.997963,0,0.71732,-0.92425,43.039,-1.849,-1,400.000,-1,400.000,-1,325.000,325.000,300.000,300.000,-1,-1,-1,-1,825.000,775.000,-1,-1,2,0,2,0,2,0,0,0,0,2,2,2,2,0,0,2,2
41,10102.352,-7559.823,224.427,-84.958,0.089798,0.994867,-0.046641,-0.995182,0.087779,-0.043677,-0.039358,0.050339,0.997956,0,0.79732,-0.91883,47.839,-1.838,-1,400.000,-1,400.000,-1,325.000,325.000,300.000,300.000,-1,-1,-1,-1,825.000,750.000,-1,-1,2,0,2,0,2,0,0,0,0,2,2,2,2,0,0,2,2
42,10105.295,-7612.381,222.296,-86.794,0.057902,0.997263,-0.045981,-0.997446,0.055861,-0.044503,-0.041812,0.048440,0.997951,0,0.87732,-0.91812,52.639,-1.836,-1,400.000,-1,400.000,-1,325.000,325.000,300.000,300.000,-1,-1,-1,-1,825.000,750.000,-1,-1,2,0,2,0,2,0,0,0,0,2,2,2,2,0,0,2,2
43,10106.581,-7666.207,220.031,-88.630,0.025944,0.998636,-0.045304,-0.998687,0.023890,-0.045309,-0.044164,0.046420,0.997945,0,0.89735,-0.91782,53.841,-1.836,-1,400.000,-1,400.000,-1,325.000,325.000,300.000,300.000,-1,-1,-1,-1,825.000,750.000,-1,-1,2,0,2,0,2,0,0,0,0,2,2,2,2,0,0,2,2
44,10106.143,-7719.969,217.691,-90.466,-0.006062,0.998985,-0.044632,-0.998905,-0.008120,-0.046075,-0.046391,0.044304,0.997940,0,0.89606,-0.91803,53.763,-1.836,-1,400.000,-1,400.000,-1,325.000,325.000,300.000,300.000,-1,-1,-1,-1,825.000,750.000,-1,-1,2,0,2,0,2,0,0,0,0,2,2,2,2,0,0,2,2
45,10103.984,-7773.616,215.283,-92.303,-0.038098,0.998306,-0.043969,-0.998097,-0.040151,-0.046801,-0.048487,0.042102,0.997936,0,0.89482,-0.91874,53.689,-1.837,-1,400.000,-1,400.000,-1,325.000,325.000,300.000,300.000,-1,-1,-1,-1,800.000,725.000,-1,-1,2,0,2,0,2,0,0,0,0,2,2,2,2,0,0,2,2
46,10100.109,-7827.100,212.812,-94.143,-0.070149,0.996595,-0.043319,-0.996260,-0.072190,-0.047483,-0.050449,0.039826,0.997932,0,0.89373,-0.91995,53.624,-1.840,-1,400.000,-1,375.000,-1,325.000,325.000,300.000,300.000,-1,-1,-1,-1,800.000,725.000,-1,-1,2,0,2,0,2,0,0,0,0,2,2,2,2,0,0,2,2
47,10094.520,-7880.380,210.145,-95.986,-0.102240,0.993869,-0.042089,-0.993400,-0.104221,-0.047900,-0.051993,0.036914,0.997965,0,0.89286,-0.92166,53.572,-1.843,-1,400.000,-1,375.000,-1,325.000,325.000,300.000,300.000,-1,-1,-1,-1,800.000,725.000,-1,-1,2,0,2,0,2,0,0,0,0,2,2,2,2,0,0,2,2
48,10087.178,-7933.743,207.268,-97.833,-0.134304,0.990096,-0.040884,-0.989514,-0.136209,-0.048051,-0.053144,0.034002,0.998008,0,0.89776,-0.92337,53.866,-1.847,-1,400.000,-1,375.000,-1,325.000,325.000,300.000,300.000,-1,-1,-1,-1,800.000,725.000,-1,-1,2,0,2,0,2,0,0,0,0,2,2,2,2,0,0,2,2
49,10078.130,-7986.780,204.333,-99.680,-0.166233,0.985285,-0.039752,-0.984600,-0.168060,-0.048147,-0.054119,0.031136,0.998049,0,0.89673,-0.92333,53.804,-1.847,-1,400.000,-1,375.000,-1,325.000,325.000,300.000,300.000,-1,-1,-1,-1,775.000,725.000,-1,-1,2,0,2,0,2,0,0,0,0,2,2,2,2,0,0,2,2
50,10067.390,-8039.439,201.370,-101.527,-0.198013,0.979438,-0.038623,-0.978659,-0.199756,-0.048206,-0.054930,0.028254,0.998090,0,0.89572,-0.92379,53.743,-1.848,-1,400.000,-1,375.000,-1,325.000,325.000,300.000,300.000,-1,-1,-1,-1,775.000,725.000,-1,-1,2,0,2,0,2,0,0,0,0,2,2,2,2,0,0,2,2
51,10054.968,-8091.671,198.387,-103.377,-0.229625,0.972556,-0.037503,-0.971691,-0.231281,-0.048226,-0.055577,0.025368,0.998132,0,0.89481,-0.92475,53.688,-1.850,-1,400.000,-1,375.000,-1,325.000,325.000,300.000,300.000,-1,-1,-1,-1,775.000,700.000,-1,-1,2,0,2,0,2,0,0,0,0,2,2,2,2,0,0,2,2
52,10040.564,-8144.473,195.330,-105.258,-0.261538,0.964508,-0.036373,-0.963564,-0.263100,-0.048206,-0.056065,0.022440,0.998175,0,0.91219,-0.94057,54.731,-1.881,-1,400.000,-1,375.000,-1,325.000,325.000,300.000,300.000,-1,-1,-1,-1,750.000,700.000,-1,-1,2,0,2,0,2,0,0,0,0,2,2,2,2,0,0,2,2
53,10024.329,-8197.133,192.244,-107.133,-0.293074,0.955440,-0.035252,-0.954426,-0.294539,-0.048142,-0.056380,0.019536,0.998218,0,0.91844,-0.93765,55.106,-1.875,-1,400.000,-1,375.000,-1,325.000,325.000,300.000,300.000,-1,-1,-1,-1,750.000,700.000,-1,-1,2,0,2,0,2,0,0,0,0,2,2,2,2,0,0,2,2
54,10006.270,-8249.575,189.156,-109.002,-0.324181,0.945377,-0.034187,-0.944308,-0.325549,-0.047963,-0.056473,0.016734,0.998264,0,0.92440,-0.93414,55.464,-1.868,-1,400.000,-1,375.000,-1,325.000,325.000,300.000,300.000,-1,-1,-1,-1,750.000,700.000,-1,-1,2,0,2,0,2,0,0,0,0,2,2,2,2,0,0,2,2
55,9986.399,-8301.718,186.082,-110.862,-0.354806,0.934350,-0.033197,-0.933242,-0.356077,-0.047624,-0.056318,0.014084,0.998314,0,0.93001,-0.93004,55.801,-1.860,-1,400.000,-1,375.000,-1,325.000,325.000,300.000,300.000,-1,-1,-1,-1,750.000,700.000,-1,-1,2,0,2,0,2,0,0,0,0,2,2,2,2,0,0,2,2
56,9964.733,-8353.479,183.003,-112.712,-0.384905,0.922394,-0.032200,-0.921255,-0.386079,-0.047254,-0.056019,0.011476,0.998364,0,0.93522,-0.92533,56.113,-1.851,-1,400.000,-1,375.000,-1,325.000,325.000,300.000,300.000,-1,-1,-1,-1,750.000,700.000,-1,-1,2,0,2,0,2,0,0,0,0,2,2,2,2,0,0,2,2
57,9941.299,-8404.776,179.906,-114.552,-0.414437,0.909547,-0.031092,-0.908383,-0.415508,-0.046829,-0.055512,0.008835,0.998419,0,0.93993,-0.92000,56.396,-1.840,-1,375.000,-1,375.000,-1,325.000,325.000,300.000,300.000,-1,1000.000,-1,-1,725.000,700.000,-1,-1,2,0,2,0,2,0,0,0,0,2,0,2,2,0,0,2,2
58,9916.130,-8455.523,176.807,-116.380,-0.443359,0.895846,-0.029872,-0.894671,-0.444321,-0.046295,-0.054746,0.006200,0.998481,0,0.94409,-0.91406,56.646,-1.828,-1,375.000,-1,375.000,-1,325.000,325.000,300.000,300.000,-1,825.000,-1,-1,725.000,700.000,-1,-1,2,0,2,0,2,0,0,0,0,2,0,2,2,0,0,2,2
59,9889.266,-8505.633,173.775,-118.195,-0.471617,0.881335,-0.028755,-0.880165,-0.472477,-0.045551,-0.053732,0.003827,0.998548,0,0.94762,-0.90750,56.857,-1.815,-1,375.000,-1,375.000,-1,325.000,325.000,325.000,300.000,-1,750.000,1000.000,-1,-1,700.000,-1,-1,2,0,2,0,2,0,0,0,0,2,0,0,2,2,0,2,2
60,9860.756,-8555.022,170.817,-119.996,-0.499190,0.866059,-0.027427,-0.864901,-0.499941,-0.044786,-0.052499,0.001365,0.998620,0,0.95045,-0.90033,57.027,-1.801,-1,375.000,-1,375.000,-1,325.000,325.000,325.000,300.000,-1,725.000,850.000,-1,-1,725.000,-1,-1,2,0,2,0,2,0,0,0,0,2,0,0,2,2,0,2,2
61,9830.657,-8603.603,167.906,-121.781,-0.526033,0.850065,-0.026065,-0.848924,-0.526678,-0.044036,-0.051162,-0.001037,0.998690,0,0.95250,-0.89258,57.150,-1.785,-1,375.000,-1,375.000,-1,325.000,325.000,325.000,300.000,-1,700.000,800.000,-1,-1,725.000,-1,-1,2,0,2,0,2,0,0,0,0,2,0,0,2,2,0,2,2
62,9798.393,-8652.136,164.966,-123.615,-0.553066,0.832770,-0.024758,-0.831653,-0.553610,-0.043239,-0.049714,-0.003324,0.998758,0,0.97132,-0.91698,58.279,-1.834,-1,375.000,-1,375.000,-1,325.000,325.000,300.000,300.000,-1,675.000,775.000,-1,-1,725.000,-1,-1,2,0,2,0,2,0,0,0,0,2,0,0,2,2,0,2,2
63,9764.423,-8699.873,162.063,-125.436,-0.579335,0.814751,-0.023506,-0.813661,-0.579786,-0.042475,-0.048235,-0.005481,0.998821,0,0.97649,-0.91044,58.590,-1.821,-1,375.000,-1,375.000,-1,325.000,325.000,300.000,300.000,-1,650.000,725.000,-1,-1,725.000,-1,-1,2,0,2,0,2,0,0,0,0,2,0,0,2,2,0,2,2
64,9728.800,-8746.733,159.245,-127.242,-0.604796,0.796062,-0.022527,-0.795000,-0.605171,-0.041747,-0.046866,-0.007340,0.998874,0,0.98106,-0.90310,58.864,-1.806,-1,375.000,-1,375.000,-1,325.000,325.000,300.000,300.000,-1,650.000,725.000,-1,-1,725.000,-1,-1,2,0,2,0,2,0,0,0,0,2,0,0,2,2,0,2,2
65,9691.444,-8792.633,156.486,-129.142,-0.630914,0.775554,-0.021548,-0.774522,-0.631215,-0.041034,-0.045426,-0.009199,0.998925,0,0.98633,-0.94974,59.180,-1.899,-1,375.000,-1,375.000,-1,325.000,325.000,300.000,300.000,-1,625.000,700.000,-1,-1,750.000,-1,-1,2,0,2,0,2,0,0,0,0,2,0,0,2,2,0,2,2
66,9652.486,-8837.413,153.779,-131.023,-0.656086,0.754404,-0.020634,-0.753404,-0.656320,-0.040334,-0.043971,-0.010917,0.998973,0,0.98924,-0.94050,59.355,-1.881,-1,400.000,-1,400.000,-1,325.000,325.000,300.000,300.000,-1,625.000,700.000,-1,-1,750.000,-1,-1,2,0,2,0,2,0,0,0,0,2,0,0,2,2,0,2,2
67,9612.017,-8880.988,151.129,-132.884,-0.680284,0.732682,-0.019789,-0.731715,-0.680457,-0.039645,-0.042513,-0.012490,0.999018,0,0.99116,-0.93037,59.470,-1.861,-1,400.000,-1,400.000,-1,325.000,325.000,300.000,300.000,-1,650.000,700.000,-1,-1,750.000,-1,-1,2,1,2,0,2,0,0,0,0,2,0,0,2,2,0,2,2
68,9570.137,-8923.277,148.576,-134.722,-0.703476,0.710460,-0.019184,-0.709525,-0.703603,-0.038945,-0.041167,-0.013785,0.999057,0,0.99194,-0.91933,59.517,-1.839,-1,450.000,-1,400.000,-1,325.000,325.000,300.000,300.000,-1,650.000,700.000,-1,-1,750.000,-1,-1,2,1,2,0,2,0,0,0,0,2,0,0,2,2,0,2,2
69,9526.960,-8964.198,146.088,-136.537,-0.725649,0.687809,-0.018749,-0.686902,-0.725737,-0.038361,-0.039992,-0.014958,0.999088,0,0.99146,-0.90740,59.488,-1.815,-1,475.000,-1,400.000,-1,325.000,325.000,300.000,300.000,-1,700.000,700.000,-1,950.000,750.000,-1,-1,2,1,2,0,2,0,0,0,0,2,0,0,2,1,0,2,2
70,9482.610,-9003.676,143.640,-138.326,-0.746794,0.664802,-0.018355,-0.663916,-0.746845,-0.037927,-0.038922,-0.016137,0.999112,0,0.98960,-0.89461,59.376,-1.789,-1,475.000,-1,400.000,-1,325.000,325.000,300.000,300.000,-1,725.000,725.000,-1,850.000,750.000,-1,-1,2,1,2,0,2,0,0,0,0,2,0,0,2,1,0,2,2
71,9437.220,-9041.644,141.251,-140.088,-0.766902,0.641512,-0.018017,-0.640644,-0.766919,-0.037563,-0.037914,-0.017265,0.999132,0,0.98625,-0.88102,59.175,-1.762,-1,450.000,-1,400.000,-1,325.000,325.000,300.000,300.000,-1,750.000,750.000,-1,775.000,750.000,-1,-1,2,1,2,0,2,0,0,0,0,2,0,0,2,0,0,2,2
72,9390.934,-9078.039,138.966,-141.822,-0.785973,0.618006,-0.017742,-0.617147,-0.785956,-0.037446,-0.037087,-0.018482,0.999141,0,0.98136,-0.86671,58.881,-1.733,-1,450.000,-1,400.000,-1,325.000,325.000,-1,300.000,-1,800.000,800.000,-1,775.000,750.000,-1,-1,2,1,2,0,2,1,0,2,0,2,0,0,2,0,0,2,2
73,9343.900,-9112.813,135.911,-143.525,-0.804043,0.594307,-0.017714,-0.593277,-0.803901,-0.042019,-0.039212,-0.023275,0.998960,0,0.97489,-0.85181,58.493,-1.704,-1,400.000,-1,375.000,-1,325.000,325.000,-1,300.000,-1,950.000,950.000,-1,750.000,725.000,-1,-1,2,1,2,0,2,1,0,2,0,2,0,0,2,0,0,2,2
74,9296.265,-9145.927,132.101,-145.198,-0.821122,0.570459,-0.018315,-0.569050,-0.820727,-0.050875,-0.044054,-0.031352,0.998537,0,0.96688,-0.83646,58.013,-1.673,-1,375.000,-1,375.000,-1,300.000,300.000,-1,300.000,-1,-1,-1,-1,700.000,700.000,-1,-1,2,1,2,0,2,0,0,2,0,2,2,2,2,0,0,2,2
75,9248.176,-9177.351,129.129,-146.840,-0.837165,0.546618,-0.019038,-0.544976,-0.836593,-0.055803,-0.046430,-0.036341,0.998260,0,0.95744,-0.82088,57.446,-1.642,-1,350.000,-1,375.000,-1,300.000,300.000,-1,325.000,-1,-1,-1,-1,675.000,700.000,-1,-1,2,0,2,0,2,0,0,2,0,2,2,2,2,0,0,2,2
76,9199.763,-9207.067,126.965,-148.460,-0.852291,0.522706,-0.019438,-0.521001,-0.851637,-0.057199,-0.046453,-0.038623,0.998174,0,0.94673,-0.80993,56.804,-1.620,-1,350.000,-1,375.000,-1,300.000,300.000,-1,325.000,-1,-1,-1,-1,675.000,700.000,-1,-1,2,0,2,0,2,0,0,2,0,2,2,2,2,0,0,2,2
77,9151.143,-9235.052,125.500,-150.075,-0.866669,0.498502,-0.019505,-0.496896,-0.866043,-0.055355,-0.044487,-0.038283,0.998276,0,0.93498,-0.80753,56.099,-1.615,-1,350.000,-1,375.000,-1,300.000,300.000,-1,325.000,-1,-1,-1,-1,675.000,700.000,-1,-1,2,0,2,0,2,0,0,2,0,2,2,2,2,0,0,2,2
78,9102.418,-9261.301,124.672,-151.687,-0.880323,0.473992,-0.019029,-0.472620,-0.879808,-0.050678,-0.040762,-0.035620,0.998534,0,0.92243,-0.80590,55.346,-1.612,-1,375.000,-1,375.000,-1,300.000,300.000,-1,300.000,-1,-1,-1,-1,725.000,700.000,-1,-1,2,0,2,0,2,0,0,2,0,2,2,2,2,0,0,2,2
79,9053.672,-9285.818,124.362,-153.297,-0.893280,0.449154,-0.017641,-0.448109,-0.892915,-0.043601,-0.035335,-0.031043,0.998893,0,0.90941,-0.80502,54.565,-1.610,-1,375.000,-1,375.000,-1,325.000,325.000,-1,300.000,-1,-1,-1,-1,775.000,725.000,-1,-1,2,0,2,0,2,0,0,2,0,2,2,2,2,0,0,2,2
80,9004.971,-9308.623,123.555,-154.906,-0.905548,0.423922,-0.016529,-0.423059,-0.905243,-0.039454,-0.031688,-0.028735,0.999085,0,0.89626,-0.80489,53.776,-1.610,-1,400.000,-1,400.000,-1,325.000,325.000,-1,300.000,-1,-1,-1,-1,800.000,725.000,-1,-1,2,0,2,0,2,0,0,2,0,2,2,2,2,1,0,2,2
81,8956.361,-9329.742,121.938,-156.517,-0.917113,0.398291,-0.016368,-0.397431,-0.916769,-0.039783,-0.030851,-0.029981,0.999074,0,0.88332,-0.80548,52.999,-1.611,-1,400.000,-1,400.000,-1,325.000,325.000,-1,300.000,-1,-1,-1,-1,750.000,725.000,-1,-1,2,0,2,0,2,0,0,2,0,2,2,2,2,1,0,2,2
82,8907.867,-9349.206,120.375,-158.131,-0.927969,0.372305,-0.016228,-0.371449,-0.927585,-0.040150,-0.030001,-0.031230,0.999062,0,0.87090,-0.80675,52.254,-1.614,-1,400.000,-1,400.000,-1,325.000,325.000,-1,300.000,-1,-1,-1,-1,725.000,725.000,-1,-1,2,0,2,0,2,0,0,2,0,2,2,2,2,1,0,2,2
83,8863.417,-9365.822,118.980,-159.504,-0.936629,0.349952,-0.016113,-0.349098,-0.936210,-0.040513,-0.029263,-0.032321,0.999049,0,0.79090,-0.68675,47.454,-1.374,-1,400.000,-1,375.000,-1,325.000,325.000,800.000,300.000,-1,-1,-1,-1,675.000,725.000,975.000,-1,2,0,2,0,2,0,0,1,0,2,2,2,2,1,0,1,2
84,8823.177,-9379.966,116.564,-160.638,-0.943464,0.331297,-0.010838,-0.330543,-0.942760,-0.044099,-0.024828,-0.038023,0.998968,0,0.71090,-0.56675,42.654,-1.134,-1,400.000,-1,400.000,-1,325.000,325.000,550.000,300.000,-1,-1,-1,-1,650.000,725.000,900.000,-1,2,0,2,0,2,0,0,1,0,2,2,2,2,1,0,1,2
85,8787.273,-9391.959,114.518,-161.531,-0.948571,0.316495,-0.006632,-0.315852,-0.947633,-0.047207,-0.021225,-0.042684,0.998863,0,0.63090,-0.44675,37.854,-0.894,-1,400.000,-1,400.000,-1,325.000,325.000,375.000,325.000,-1,650.000,800.000,-1,625.000,750.000,850.000,-1,2,0,2,0,2,0,1,1,0,2,0,0,2,1,0,1,2
86,8755.804,-9402.074,113.013,-162.185,-0.952142,0.305627,-0.004200,-0.305063,-0.951059,-0.049223,-0.019038,-0.045586,0.998779,0,0.55090,-0.32675,33.054,-0.654,975.000,400.000,-1,400.000,-1,325.000,325.000,300.000,325.000,-1,375.000,600.000,-1,625.000,750.000,800.000,-1,1,1,2,0,2,1,1,1,0,2,0,0,2,1,0,1,2
87,8728.844,-9410.524,111.925,-162.598,-0.954332,0.298733,-0.002970,-0.298212,-0.953168,-0.050396,-0.017886,-0.047208,0.998725,0,0.47090,-0.20675,28.254,-0.414,925.000,400.000,-1,400.000,-1,325.000,325.000,275.000,325.000,-1,275.000,500.000,-1,600.000,750.000,750.000,-1,1,1,2,0,2,1,1,0,0,2,0,0,2,1,0,1,2
88,8706.442,-9417.471,111.156,-162.772,-0.955236,0.295835,-0.002517,-0.295329,-0.954036,-0.050950,-0.017474,-0.047926,0.998698,0,0.39090,-0.08675,23.454,-0.174,875.000,375.000,-1,400.000,-1,325.000,325.000,275.000,325.000,-1,225.000,450.000,-1,600.000,750.000,725.000,-1,1,1,2,0,2,1,1,0,0,2,0,0,2,1,0,1,2
89,8688.632,-9423.017,110.637,-162.705,-0.954892,0.296941,-0.002535,-0.296431,-0.953688,-0.051067,-0.017582,-0.048013,0.998692,0,0.31090,0.03325,18.654,0.066,850.000,375.000,-1,400.000,-1,325.000,325.000,275.000,325.000,-1,250.000,475.000,-1,575.000,750.000,725.000,-1,1,1,2,0,2,1,1,0,0,2,0,0,2,1,0,1,2
90,8675.426,-9427.206,110.320,-162.399,-0.953290,0.302044,-0.002826,-0.301516,-0.952102,-0.050881,-0.018059,-0.047652,0.998701,0,0.23090,0.15325,13.854,0.306,850.000,375.000,-1,400.000,-1,325.000,325.000,275.000,325.000,-1,275.000,500.000,-1,575.000,750.000,700.000,-1,1,1,2,0,2,1,1,0,0,2,0,0,2,1,0,1,2
91,8666.823,-9430.025,110.182,-161.852,-0.950364,0.311121,-0.003287,-0.310569,-0.949210,-0.050468,-0.018822,-0.046942,0.998720,0,0.15090,0.27325,9.054,0.546,850.000,375.000,-1,400.000,-1,325.000,325.000,275.000,325.000,-1,300.000,550.000,-1,575.000,750.000,700.000,-1,1,1,2,0,2,1,1,0,0,2,0,0,2,1,0,1,2
92,8662.799,-9431.405,110.221,-161.066,-0.946002,0.324137,-0.003902,-0.323553,-0.944896,-0.049851,-0.019846,-0.045896,0.998749,0,0.07090,0.39325,4.254,0.786,875.000,375.000,-1,400.000,-1,300.000,325.000,275.000,325.000,-1,375.000,625.000,-1,575.000,750.000,700.000,-1,1,1,2,0,2,1,1,0,0,2,0,0,2,1,0,1,2
93,8663.312,-9431.218,110.458,-160.039,-0.940039,0.341035,-0.004751,-0.340410,-0.938999,-0.049001,-0.021173,-0.044446,0.998787,0,-0.00910,0.51325,-0.546,1.026,900.000,375.000,-1,400.000,-1,325.000,325.000,275.000,325.000,-1,475.000,725.000,-1,575.000,750.000,700.000,-1,1,1,2,0,2,1,1,0,0,2,0,0,2,1,0,1,2
94,8668.295,-9429.281,110.934,-158.773,-0.932260,0.361738,-0.006012,-0.361062,-0.931314,-0.047848,-0.022907,-0.042436,0.998837,0,-0.08910,0.63325,-5.346,1.266,950.000,375.000,-1,400.000,-1,325.000,325.000,275.000,300.000,-1,675.000,850.000,-1,575.000,750.000,725.000,-1,1,1,2,0,2,1,1,0,0,2,0,0,2,1,0,1,2
95,8677.653,-9425.359,111.717,-157.266,-0.922405,0.386142,-0.007971,-0.385400,-0.921588,-0.046290,-0.025221,-0.039626,0.998896,0,-0.16910,0.75325,-10.146,1.506,1000.000,375.000,-1,400.000,-1,325.000,325.000,300.000,300.000,-1,950.000,-1,-1,575.000,725.000,775.000,-1,1,1,2,0,2,1,1,0,0,2,0,2,2,1,1,1,2
96,8691.255,-9419.164,112.894,-155.520,-0.910159,0.414112,-0.011042,-0.413287,-0.909526,-0.044220,-0.028355,-0.035684,0.998961,0,-0.24910,0.87325,-14.946,1.746,-1,400.000,-1,375.000,-1,325.000,325.000,325.000,300.000,-1,-1,-1,-1,600.000,700.000,825.000,-1,2,1,2,1,2,1,1,1,0,2,2,2,2,1,1,1,2
97,8708.931,-9410.362,114.502,-153.533,-0.895166,0.445467,-0.015408,-0.444556,-0.894779,-0.041725,-0.032374,-0.030501,0.999010,0,-0.32910,0.99325,-19.746,1.986,-1,400.000,-1,375.000,-1,325.000,325.000,450.000,300.000,-1,-1,-1,-1,625.000,675.000,900.000,-1,2,1,2,1,2,1,1,1,0,2,2,2,2,1,1,1,2
98,8730.509,-9398.661,115.339,-151.533,-0.879071,0.476443,-0.015373,-0.475531,-0.878724,-0.041418,-0.033242,-0.029099,0.999024,0,-0.40910,1.00000,-24.546,2.000,-1,400.000,-1,375.000,-1,325.000,325.000,750.000,300.000,-1,-1,-1,-1,650.000,650.000,975.000,-1,2,0,2,1,2,0,1,1,0,2,2,2,2,1,1,1,2
99,8754.721,-9384.418,116.322,-149.533,-0.861903,0.506841,-0.015353,-0.505929,-0.861596,-0.041081,-0.034049,-0.027641,0.999038,0,-0.46818,1.00000,-28.091,2.000,-1,400.000,-1,375.000,-1,325.000,325.000,-1,300.000,-1,-1,-1,-1,675.000,650.000,-1,-1,2,0,2,1,2,0,1,2,0,2,2,2,2,1,1,2,2
100,8777.467,-9369.945,117.285,-147.533,-0.843683,0.536623,-0.015343,-0.535712,-0.843416,-0.040765,-0.034816,-0.026173,0.999051,0,-0.44934,1.00000,-26.961,2.000,-1,400.000,-1,375.000,-1,325.000,325.000,-1,300.000,-1,-1,-1,-1,700.000,650.000,-1,-1,2,0,2,1,2,0,0,2,0,2,2,2,2,1,1,2,2
101,8798.742,-9355.341,118.225,-145.533,-0.824433,0.565752,-0.015342,-0.564843,-0.824206,-0.040470,-0.035541,-0.024699,0.999063,0,-0.43007,1.00000,-25.804,2.000,-1,400.000,-1,375.000,-1,325.000,325.000,-1,300.000,-1,-1,-1,-1,750.000,650.000,-1,-1,2,0,2,1,2,0,0,2,0,2,2,2,2,1,1,2,2
102,8818.553,-9340.698,119.138,-143.533,-0.804176,0.594192,-0.015350,-0.593286,-0.803988,-0.040199,-0.036227,-0.023220,0.999074,0,-0.41059,1.00000,-24.635,2.000,-1,400.000,-1,400.000,-1,325.000,325.000,-1,300.000,-1,-1,-1,-1,800.000,650.000,-1,-1,2,0,2,1,2,0,0,2,0,2,2,2,2,1,1,2,2
103,8836.928,-9326.100,120.020,-141.533,-0.782938,0.621910,-0.015365,-0.621006,-0.782787,-0.039952,-0.036874,-0.021739,0.999083,0,-0.39113,1.00000,-23.468,2.000,-1,400.000,-1,400.000,-1,325.000,325.000,-1,300.000,-1,-1,-1,-1,825.000,650.000,-1,-1,2,0,2,1,2,0,0,2,0,2,2,2,2,0,1,2,2
104,8853.902,-9311.619,120.870,-139.533,-0.760744,0.648870,-0.015384,-0.647969,-0.760629,-0.039730,-0.037481,-0.020256,0.999092,0,-0.37187,1.00000,-22.312,2.000,-1,400.000,-1,400.000,-1,325.000,325.000,-1,300.000,-1,-1,-1,-1,825.000,675.000,-1,-1,2,0,2,0,2,0,0,2,0,2,2,2,2,0,1,2,2
105,8869.526,-9297.319,121.687,-137.533,-0.737620,0.675040,-0.015408,-0.674143,-0.737542,-0.039532,-0.038050,-0.018772,0.999100,0,-0.35299,1.00000,-21.179,2.000,-1,400.000,-1,400.000,-1,325.000,325.000,-1,300.000,-1,-1,-1,-1,825.000,675.000,-1,1000.000,2,0,2,0,2,0,0,2,0,2,2,2,2,0,1,2,1
106,8883.853,-9283.255,122.469,-135.533,-0.713596,0.700387,-0.015435,-0.699494,-0.713553,-0.039358,-0.038579,-0.017289,0.999106,0,-0.33461,1.00000,-20.077,2.000,-1,400.000,-1,400.000,-1,325.000,325.000,-1,300.000,-1,-1,-1,-1,825.000,675.000,-1,1000.000,2,0,2,0,2,0,0,2,0,2,2,2,2,0,1,2,1
107,8894.376,-9272.180,122.697,-133.533,-0.688726,0.724863,-0.015191,-0.723902,-0.688675,-0.041141,-0.040284,-0.017338,0.999038,0,-0.25461,1.00000,-15.277,2.000,-1,400.000,-1,400.000,-1,325.000,325.000,-1,300.000,-1,-1,-1,-1,800.000,675.000,-1,975.000,2,0,2,0,2,0,0,2,0,2,2,2,2,0,1,2,1
108,8901.323,-9264.338,122.435,-131.533,-0.663045,0.748438,-0.014537,-0.747346,-0.662943,-0.044502,-0.042944,-0.018643,0.998904,0,-0.17461,1.00000,-10.477,2.000,-1,400.000,-1,400.000,-1,325.000,325.000,-1,300.000,-1,-1,-1,-1,775.000,675.000,-1,975.000,2,0,2,0,2,0,0,2,0,2,2,2,2,0,1,2,1
109,8904.937,-9259.960,122.111,-129.533,-0.636556,0.771107,-0.013779,-0.769908,-0.636409,-0.047169,-0.045142,-0.019417,0.998792,0,-0.09461,1.00000,-5.677,2.000,-1,375.000,-1,375.000,-1,325.000,325.000,-1,300.000,-1,-1,-1,-1,750.000,675.000,-1,950.000,2,0,2,0,2,0,0,2,0,2,2,2,2,0,1,2,1
110,8905.471,-9259.265,121.675,-127.533,-0.609291,0.792841,-0.012933,-0.791550,-0.609105,-0.049384,-0.047032,-0.019852,0.998696,0,-0.01461,1.00000,-0.877,2.000,-1,375.000,-1,375.000,-1,300.000,300.000,-1,300.000,-1,-1,-1,-1,725.000,675.000,-1,925.000,2,0,2,0,2,0,0,2,0,2,2,2,2,0,1,2,1
111,8903.192,-9262.457,121.083,-125.533,-0.581285,0.813611,-0.011990,-0.812239,-0.581061,-0.051345,-0.048742,-0.020107,0.998609,0,0.06539,1.00000,3.923,2.000,-1,375.000,-1,375.000,1000.000,300.000,300.000,-1,300.000,-1,-1,-1,-1,725.000,675.000,-1,925.000,2,0,2,0,1,0,0,2,0,2,2,2,2,0,1,2,1
112,8898.373,-9269.729,120.301,-123.533,-0.552576,0.833391,-0.010929,-0.831939,-0.552311,-0.053201,-0.050373,-0.020305,0.998524,0,0.14539,1.00000,8.723,2.000,-1,375.000,-1,375.000,950.000,300.000,300.000,-1,300.000,-1,-1,-1,-1,700.000,675.000,-1,900.000,2,0,2,0,1,0,0,2,0,2,2,2,2,0,1,2,1
113,8891.301,-9281.255,119.315,-121.533,-0.523201,0.852154,-0.009703,-0.850619,-0.522886,-0.055105,-0.052032,-0.020578,0.998433,0,0.22539,1.00000,13.523,2.000,-1,350.000,-1,375.000,925.000,300.000,300.000,625.000,300.000,-1,-1,-1,-1,700.000,675.000,-1,900.000,2,0,2,0,1,0,0,1,0,2,2,2,2,0,1,2,1
114,8882.269,-9297.198,118.127,-119.533,-0.493204,0.869874,-0.008235,-0.868246,-0.492823,-0.057225,-0.053837,-0.021073,0.998327,0,0.30539,1.00000,18.323,2.000,-1,350.000,-1,375.000,875.000,300.000,300.000,550.000,300.000,-1,-1,-1,-1,675.000,700.000,-1,875.000,2,0,2,0,1,0,0,1,0,2,2,2,2,0,1,2,1
115,8871.580,-9317.702,116.695,-117.533,-0.462622,0.886532,-0.006539,-0.884802,-0.462158,-0.059460,-0.055735,-0.021722,0.998209,0,0.38539,1.00000,23.123,2.000,-1,350.000,-1,375.000,850.000,300.000,300.000,525.000,325.000,-1,-1,-1,-1,650.000,700.000,-1,875.000,2,0,2,0,1,0,0,1,0,2,2,2,2,0,1,2,1
116,8859.545,-9342.898,114.969,-115.533,-0.431485,0.902107,-0.004782,-0.900262,-0.430931,-0.061866,-0.057871,-0.022389,0.998073,0,0.46539,1.00000,27.923,2.000,-1,350.000,-1,375.000,800.000,300.000,300.000,500.000,325.000,-1,-1,-1,-1,650.000,700.000,-1,850.000,2,0,2,0,1,0,0,1,0,2,2,2,2,0,1,2,1
117,8846.479,-9372.900,112.932,-113.533,-0.399833,0.916583,-0.002974,-0.914603,-0.399179,-0.064472,-0.060282,-0.023058,0.997915,0,0.54539,1.00000,32.723,2.000,-1,350.000,-1,375.000,775.000,275.000,300.000,525.000,325.000,-1,-1,-1,-1,625.000,700.000,-1,850.000,2,0,2,0,1,0,0,1,0,2,2,2,2,0,1,2,1
118,8832.707,-9407.805,110.619,-111.533,-0.367716,0.929938,-0.000907,-0.927811,-0.366940,-0.067244,-0.062866,-0.023885,0.997736,0,0.62539,1.00000,37.523,2.000,-1,325.000,-1,350.000,750.000,275.000,300.000,525.000,325.000,-1,-1,-1,-1,600.000,700.000,-1,850.000,2,0,2,0,1,0,0,1,0,2,2,2,2,0,1,2,1
119,8818.557,-9447.692,108.022,-109.533,-0.335177,0.942154,0.001456,-0.939866,-0.334254,-0.070191,-0.065644,-0.024895,0.997533,0,0.70539,1.00000,42.323,2.000,-1,325.000,-1,350.000,725.000,275.000,275.000,575.000,325.000,-1,-1,-1,-1,600.000,700.000,-1,875.000,2,0,2,0,1,0,0,1,0,2,2,2,2,0,0,2,1
120,8804.361,-9492.627,105.130,-107.533,-0.302263,0.953215,0.004170,-0.950749,-0.301160,-0.073337,-0.068650,-0.026131,0.997298,0,0.78539,1.00000,47.123,2.000,-1,325.000,-1,350.000,700.000,275.000,275.000,600.000,325.000,-1,-1,-1,-1,575.000,700.000,-1,875.000,2,0,2,0,1,0,0,1,0,2,2,2,2,0,0,2,1
121,8790.457,-9542.654,101.927,-105.533,-0.269026,0.963105,0.007317,-0.960442,-0.267699,-0.076734,-0.071944,-0.027671,0.997025,0,0.86539,1.00000,51.923,2.000,-1,300.000,-1,350.000,675.000,250.000,275.000,650.000,325.000,-1,-1,-1,-1,550.000,675.000,-1,900.000,2,0,2,0,1,0,0,1,0,2,2,2,2,0,0,2,1
122,8777.360,-9597.073,98.421,-103.533,-0.235523,0.971806,0.011038,-0.968923,-0.233911,-0.080457,-0.075607,-0.029645,0.996697,0,0.93287,1.00000,55.972,2.000,-1,300.000,-1,350.000,700.000,250.000,275.000,675.000,325.000,-1,-1,-1,-1,525.000,675.000,-1,925.000,2,0,2,0,1,0,0,1,0,2,2,2,2,0,0,2,1
123,8766.211,-9651.720,94.772,-101.533,-0.201824,0.979298,0.015561,-0.976173,-0.199837,-0.084564,-0.079704,-0.032257,0.996297,0,0.92953,1.00000,55.772,2.000,-1,275.000,-1,325.000,700.000,250.000,275.000,725.000,325.000,-1,-1,-1,-1,500.000,650.000,-1,925.000,2,0,2,0,1,0,0,1,0,2,2,2,2,0,0,2,1
124,8757.020,-9706.463,90.947,-99.533,-0.168005,0.985560,0.021095,-0.982170,-0.165519,-0.089141,-0.084362,-0.035694,0.995796,0,0.92515,1.00000,55.509,2.000,-1,275.000,-1,325.000,725.000,225.000,250.000,750.000,350.000,-1,-1,-1,-1,475.000,625.000,-1,975.000,2,0,2,0,1,0,0,1,1,2,2,2,2,1,0,2,1
125,8749.790,-9761.168,86.917,-97.533,-0.134148,0.990570,0.027859,-0.986893,-0.131000,-0.094239,-0.089700,-0.040136,0.995160,0,0.91968,1.00000,55.181,2.000,-1,250.000,950.000,325.000,725.000,225.000,250.000,750.000,350.000,-1,-1,-1,-1,500.000,600.000,-1,950.000,2,0,1,0,1,0,0,1,1,2,2,2,2,1,0,2,1
126,8744.513,-9815.700,82.219,-95.533,-0.100465,0.994216,0.037956,-0.990451,-0.096319,-0.098638,-0.094411,-0.047503,0.994399,0,0.91311,1.00000,54.787,2.000,-1,250.000,875.000,300.000,775.000,225.000,250.000,750.000,350.000,-1,-1,-1,-1,525.000,575.000,1000.000,900.000,2,0,1,0,1,0,0,1,1,2,2,2,2,1,0,1,1
127,8741.173,-9869.923,77.158,-93.533,-0.066594,0.996536,0.049808,-0.993381,-0.061536,-0.096996,-0.093595,-0.055938,0.994038,0,0.90545,1.00000,54.327,2.000,-1,225.000,825.000,300.000,850.000,200.000,225.000,750.000,350.000,-1,-1,-1,-1,625.000,575.000,975.000,850.000,2,1,1,0,1,0,0,1,1,2,2,2,2,1,0,1,1
128,-1639.815,4919.499,-37.987,-61.066,0.484779,0.873743,0.039520,-0.874365,0.483009,0.046772,0.021778,-0.057229,0.998123,1,0.00000,0.00000,53.804,2.000,-1,400.000,-1,400.000,-1,325.000,325.000,300.000,325.000,-1,-1,-1,-1,775.000,800.000,-1,-1,2,0,2,0,2,0,0,0,0,2,2,2,2,0,0,2,2
129,-1637.475,4915.308,-37.875,-60.826,0.488431,0.871705,0.039563,-0.872336,0.486661,0.046805,0.021546,-0.057373,0.998120,0,0.08000,0.12000,4.800,0.240,-1,400.000,-1,400.000,-1,325.000,325.000,300.000,325.000,-1,-1,-1,-1,775.000,800.000,-1,-1,2,0,2,0,2,0,0,0,0,2,2,2,2,0,0,2,2
130,-1632.725,4906.966,-37.654,-60.346,0.495709,0.867583,0.039651,-0.868233,0.493938,0.046874,0.021082,-0.057662,0.998114,0,0.16000,0.24000,9.600,0.480,-1,400.000,-1,400.000,-1,325.000,325.000,300.000,325.000,-1,-1,-1,-1,775.000,800.000,-1,-1,2,0,2,0,2,0,0,0,0,2,2,2,2,0,0,2,2
131,-1625.444,4894.543,-37.331,-59.626,0.506561,0.861286,0.039788,-0.861963,0.504788,0.046988,0.020386,-0.058098,0.998103,0,0.24000,0.36000,14.400,0.720,-1,400.000,-1,400.000,-1,325.000,325.000,300.000,325.000,-1,-1,-1,-1,775.000,800.000,-1,-1,2,0,2,0,2,0,0,0,0,2,2,2,2,0,0,2,2
132,-1615.459,4878.144,-36.915,-58.666,0.520904,0.852678,0.039982,-0.853393,0.519130,0.047160,0.019457,-0.058686,0.998087,0,0.32000,0.48000,19.200,0.960,-1,400.000,-1,400.000,-1,325.000,325.000,300.000,325.000,-1,-1,-1,-1,775.000,800.000,-1,-1,2,0,2,0,2,0,0,0,0,2,2,2,2,0,0,2,2
133,-1602.552,4857.911,-36.446,-57.466,0.538623,0.841588,0.040195,-0.842350,0.536853,0.047278,0.018209,-0.059323,0.998073,0,0.40000,0.60000,24.000,1.200,-1,400.000,-1,400.000,-1,325.000,325.000,300.000,325.000,-1,-1,-1,-1,775.000,800.000,-1,-1,2,0,2,0,2,0,0,0,0,2,2,2,2,0,0,2,2
134,-1586.511,4833.992,-36.016,-56.155,0.557693,0.829066,0.040334,-0.829882,0.555956,0.046992,0.016535,-0.059680,0.998081,0,0.48000,0.65552,28.800,1.311,-1,400.000,-1,400.000,-1,325.000,325.000,300.000,325.000,-1,-1,-1,-1,775.000,800.000,-1,-1,2,0,2,0,2,0,0,0,0,2,2,2,2,0,0,2,2
135,-1567.167,4806.520,-35.550,-54.850,0.576388,0.816169,0.040557,-0.817042,0.574684,0.046695,0.014804,-0.060052,0.998085,0,0.56000,0.65262,33.600,1.305,-1,400.000,-1,400.000,-1,325.000,325.000,300.000,325.000,-1,-1,-1,-1,775.000,800.000,-1,-1,2,0,2,0,2,0,0,0,0,2,2,2,2,0,0,2,2
136,-1544.353,4775.632,-35.109,-53.551,0.594692,0.802926,0.040640,-0.803846,0.593024,0.046411,0.013164,-0.060269,0.998095,0,0.64000,0.64926,38.400,1.299,-1,400.000,-1,400.000,-1,325.000,325.000,300.000,325.000,-1,-1,-1,-1,775.000,800.000,-1,-1,2,0,2,0,2,0,0,0,0,2,2,2,2,0,0,2,2
