timestep,x_cm,y_cm,z_cm,yaw_deg,basis_xx,basis_xy,basis_xz,basis_yx,basis_yy,basis_yz,basis_zx,basis_zy,basis_zz,teleport_flag,throttle_cmd,steering_cmd,cmd_move_cm,cmd_turn_deg,lidar_cm_0,lidar_cm_1,lidar_cm_2,lidar_cm_3,lidar_cm_4,lidar_cm_5,lidar_cm_6,lidar_cm_7,lidar_cm_8,lidar_cm_9,lidar_cm_10,lidar_cm_11,lidar_cm_12,lidar_cm_13,lidar_cm_14,lidar_cm_15,lidar_cm_16,lidar_class_0,lidar_class_1,lidar_class_2,lidar_class_3,lidar_class_4,lidar_class_5,lidar_class_6,lidar_class_7,lidar_class_8,lidar_class_9,lidar_class_10,lidar_class_11,lidar_class_12,lidar_class_13,lidar_class_14,lidar_class_15,lidar_class_16
0,-8852.981,6235.672,186.066,63.995,0.438474,-0.898714,0.007298,0.898034,0.438436,0.036180,-0.035715,-0.009310,0.999319,1,0.08000,-0.12000,4.800,-0.240,-1,375.000,-1,400.000,-1,325.000,325.000,300.000,300.000,-1,-1,-1,-1,675.000,725.000,-1,-1,2,0,2,0,2,0,0,0,0,2,2,2,2,0,0,2,2
1,-8848.699,6244.264,185.730,63.515,0.445991,-0.895008,0.007334,0.894329,0.445949,0.036131,-0.035609,-0.009555,0.999320,0,0.16000,-0.24000,9.600,-0.480,-1,375.000,-1,400.000,-1,325.000,325.000,300.000,300.000,-1,-1,-1,-1,675.000,725.000,-1,-1,2,0,2,0,2,0,0,0,0,2,2,2,2,0,0,2,2
2,-8842.116,6257.071,185.230,62.795,0.457206,-0.889330,0.007389,0.888654,0.457159,0.036054,-0.035442,-0.009918,0.999323,0,0.24000,-0.36000,14.400,-0.720,-1,375.000,-1,400.000,-1,325.000,325.000,300.000,300.000,-1,-1,-1,-1,675.000,725.000,-1,-1,2,0,2,0,2,0,0,0,0,2,2,2,2,0,0,2,2
3,-8833.053,6273.998,184.566,61.835,0.472048,-0.881541,0.007463,0.880870,0.471992,0.035946,-0.035210,-0.010394,0.999326,0,0.32000,-0.48000,19.200,-0.960,-1,375.000,-1,400.000,-1,325.000,325.000,300.000,300.000,-1,-1,-1,-1,675.000,725.000,-1,-1,2,0,2,0,2,0,0,0,0,2,2,2,2,0,0,2,2
4,-8821.332,6294.941,183.743,60.764,0.488440,-0.872565,0.007553,0.871898,0.488377,0.035801,-0.034928,-0.010902,0.999330,0,0.40000,-0.53526,24.000,-1.071,-1,375.000,-1,400.000,-1,325.000,325.000,300.000,300.000,-1,-1,-1,-1,675.000,725.000,-1,-1,2,0,2,0,2,0,0,0,0,2,2,2,2,0,0,2,2
5,-8806.797,6319.804,182.761,59.691,0.504702,-0.863260,0.007654,0.862600,0.504632,0.035618,-0.034610,-0.011374,0.999336,0,0.48000,-0.53661,28.800,-1.073,-1,375.000,-1,400.000,-1,325.000,325.000,300.000,300.000,-1,-1,-1,-1,675.000,725.000,-1,-1,2,0,2,0,2,0,0,0,0,2,2,2,2,0,0,2,2
6,-8789.299,6348.488,181.618,58.614,0.520838,-0.853620,0.007754,0.852967,0.520762,0.035425,-0.034278,-0.011837,0.999342,0,0.56000,-0.53836,33.600,-1.077,-1,375.000,-1,400.000,-1,325.000,325.000,300.000,300.000,-1,-1,-1,-1,675.000,725.000,-1,-1,2,0,2,0,2,0,0,0,0,2,2,2,2,0,0,2,2
7,-8768.976,6380.430,180.306,57.533,0.536857,-0.843637,0.007803,0.842987,0.536770,0.035365,-0.034023,-0.012408,0.999344,0,0.63098,-0.54053,37.859,-1.081,-1,375.000,-1,400.000,-1,325.000,325.000,300.000,300.000,-1,-1,-1,-1,650.000,725.000,-1,-1,2,0,2,0,2,0,0,0,0,2,2,2,2,0,0,2,2
8,-8748.012,6412.038,179.005,56.447,0.552757,-0.833305,0.007858,0.832659,0.552661,0.035283,-0.033745,-0.012960,0.999346,0,0.63214,-0.54306,37.928,-1.086,-1,375.000,-1,400.000,-1,325.000,325.000,300.000,300.000,-1,-1,-1,-1,650.000,725.000,-1,-1,2,0,2,0,2,0,0,0,0,2,2,2,2,0,0,2,2
9,-8726.411,6443.299,177.716,55.356,0.568531,-0.822623,0.007921,0.821982,0.568426,0.035181,-0.033443,-0.013490,0.999350,0,0.63330,-0.54560,37.998,-1.091,-1,375.000,-1,400.000,-1,300.000,325.000,300.000,300.000,-1,-1,-1,-1,650.000,725.000,-1,-1,2,0,2,0,2,0,0,0,0,2,2,2,2,0,0,2,2
10,-8704.175,6474.198,176.519,54.260,0.584164,-0.811595,0.008104,0.810971,0.584060,0.034648,-0.032853,-0.013668,0.999367,0,0.63446,-0.54815,38.068,-1.096,-1,375.000,-1,400.000,-1,300.000,325.000,300.000,300.000,-1,-1,-1,-1,650.000,700.000,-1,-1,2,0,2,0,2,0,0,0,0,2,2,2,2,0,0,2,2
11,-8681.307,6504.719,175.546,53.158,0.599638,-0.800226,0.008556,0.799650,0.599559,0.033012,-0.031547,-0.012953,0.999418,0,0.63564,-0.55071,38.138,-1.101,-1,375.000,-1,400.000,-1,300.000,325.000,300.000,300.000,-1,-1,-1,-1,650.000,700.000,-1,-1,2,0,2,0,2,0,0,0,0,2,2,2,2,0,0,2,2
12,-8657.811,6534.849,174.576,52.052,0.614963,-0.788505,0.008941,0.787975,0.614906,0.031397,-0.030254,-0.012263,0.999467,0,0.63681,-0.55328,38.209,-1.107,-1,375.000,-1,400.000,-1,300.000,325.000,300.000,300.000,-1,-1,-1,-1,650.000,700.000,-1,-1,2,0,2,0,2,0,0,0,0,2,2,2,2,0,0,2,2
13,-8633.690,6564.572,173.607,50.940,0.630133,-0.776432,0.009259,0.775946,0.630094,0.029807,-0.028977,-0.011598,0.999513,0,0.63798,-0.55587,38.279,-1.112,-1,375.000,-1,400.000,975.000,300.000,325.000,300.000,300.000,-1,-1,-1,-1,675.000,725.000,-1,-1,2,0,2,0,1,0,0,0,0,2,2,2,2,0,0,2,2
14,-8608.346,6594.630,172.616,49.864,0.644588,-0.764471,0.009525,0.764028,0.644566,0.028203,-0.027700,-0.010902,0.999557,0,0.65528,-0.53791,39.317,-1.076,-1,375.000,-1,400.000,950.000,300.000,325.000,300.000,300.000,-1,-1,-1,-1,675.000,725.000,-1,-1,2,0,2,0,1,0,0,0,0,2,2,2,2,0,0,2,2
15,-8582.313,6624.349,171.644,48.783,0.658887,-0.752180,0.009636,0.751779,0.658877,0.026628,-0.026378,-0.010301,0.999599,0,0.65847,-0.54046,39.508,-1.081,-1,375.000,-1,400.000,925.000,300.000,325.000,300.000,300.000,-1,-1,-1,-1,675.000,725.000,-1,-1,2,0,2,0,1,0,0,0,0,2,2,2,2,0,0,2,2
16,-8555.592,6653.712,170.709,47.697,0.673022,-0.739560,0.009589,0.739197,0.673018,0.025178,-0.025074,-0.009857,0.999637,0,0.66170,-0.54302,39.702,-1.086,-1,375.000,-1,400.000,875.000,300.000,325.000,300.000,300.000,-1,-1,-1,-1,675.000,725.000,-1,-1,2,0,2,0,1,0,0,0,0,2,2,2,2,0,0,2,2
17,-8528.181,6682.704,169.787,46.606,0.686982,-0.726613,0.009474,0.726284,0.686982,0.023817,-0.023815,-0.009481,0.999671,0,0.66497,-0.54557,39.898,-1.091,-1,375.000,-1,400.000,850.000,300.000,325.000,300.000,300.000,-1,-1,-1,-1,675.000,725.000,-1,-1,2,0,2,0,1,0,0,0,0,2,2,2,2,0,0,2,2
18,-8500.082,6711.308,168.871,45.510,0.700758,-0.713339,0.009300,0.713042,0.700760,0.022512,-0.022576,-0.009144,0.999703,0,0.66828,-0.54812,40.097,-1.096,-1,375.000,-1,375.000,825.000,300.000,325.000,300.000,300.000,-1,-1,-1,-1,675.000,725.000,-1,-1,2,0,2,0,1,0,0,0,0,2,2,2,2,0,0,2,2
19,-8471.294,6739.507,167.960,44.408,0.714341,-0.699739,0.009070,0.699472,0.714344,0.021264,-0.021358,-0.008846,0.999733,0,0.67163,-0.55068,40.298,-1.101,-1,375.000,-1,375.000,775.000,300.000,325.000,300.000,300.000,-1,-1,-1,-1,675.000,725.000,-1,1000.000,2,0,2,0,1,0,0,0,0,2,2,2,2,0,1,2,1
20,-8441.820,6767.283,167.056,43.302,0.727722,-0.685816,0.008787,0.685576,0.727725,0.020077,-0.020164,-0.008587,0.999760,0,0.67501,-0.55325,40.501,-1.106,-1,375.000,-1,375.000,750.000,300.000,325.000,300.000,300.000,-1,-1,-1,-1,675.000,700.000,-1,925.000,2,0,2,0,1,0,0,0,0,2,2,2,2,0,1,2,1
21,-8411.660,6794.621,166.119,42.190,0.740896,-0.671569,0.008254,0.671354,0.740893,0.018987,-0.018866,-0.008526,0.999786,0,0.67842,-0.55583,40.705,-1.112,-1,375.000,-1,375.000,725.000,300.000,325.000,300.000,300.000,-1,-1,925.000,-1,675.000,700.000,-1,900.000,2,0,2,0,1,0,0,0,0,2,2,0,2,0,1,2,1
22,-8380.818,6821.500,165.183,41.073,0.753852,-0.657000,0.007639,0.656809,0.753842,0.017976,-0.017569,-0.008534,0.999809,0,0.68186,-0.55843,40.911,-1.117,-1,375.000,-1,375.000,700.000,300.000,325.000,300.000,300.000,-1,-1,850.000,-1,675.000,675.000,-1,850.000,2,0,2,0,1,0,0,0,0,2,2,0,2,0,1,2,1
23,-8349.297,6847.904,164.255,39.951,0.766580,-0.642111,0.006987,0.641942,0.766564,0.017043,-0.016299,-0.008580,0.999830,0,0.68532,-0.56104,41.119,-1.122,-1,375.000,-1,375.000,650.000,300.000,325.000,300.000,300.000,-1,975.000,775.000,-1,675.000,650.000,-1,800.000,2,0,2,0,1,0,0,0,0,2,0,0,2,0,1,2,1
24,-8317.099,6873.814,163.336,38.824,0.779071,-0.626904,0.006300,0.626755,0.779048,0.016189,-0.015057,-0.008664,0.999849,0,0.68880,-0.56369,41.328,-1.127,-1,375.000,-1,375.000,625.000,300.000,325.000,300.000,300.000,-1,925.000,700.000,-1,675.000,650.000,-1,750.000,2,0,2,0,1,0,0,0,0,2,0,0,2,0,1,2,1
25,-8284.229,6899.210,162.859,37.691,0.791308,-0.611384,0.006422,0.611250,0.791293,0.015133,-0.014334,-0.008050,0.999865,0,0.69230,-0.56636,41.538,-1.133,-1,375.000,-1,375.000,600.000,300.000,325.000,300.000,300.000,-1,950.000,750.000,-1,675.000,625.000,-1,700.000,2,0,2,0,1,0,0,0,0,2,0,0,2,0,1,2,1
26,-8247.124,6926.967,162.445,36.798,0.800733,-0.598986,0.006536,0.598873,0.800729,0.013574,-0.013364,-0.006954,0.999887,0,0.77230,-0.44636,46.338,-0.893,-1,375.000,-1,375.000,550.000,300.000,325.000,300.000,300.000,-1,975.000,750.000,-1,675.000,600.000,-1,650.000,2,0,2,0,1,0,0,0,0,2,0,0,2,0,1,2,1
27,-8205.829,6957.130,161.986,36.146,0.807501,-0.589830,0.006490,0.589738,0.807507,0.011923,-0.012273,-0.005801,0.999908,0,0.85230,-0.32636,51.138,-0.653,-1,375.000,-1,375.000,525.000,300.000,325.000,300.000,300.000,-1,975.000,725.000,-1,675.000,600.000,-1,625.000,2,0,2,0,1,0,0,0,0,2,0,0,2,0,1,2,1
28,-8160.422,6989.798,161.481,35.733,0.811728,-0.584001,0.006296,0.583931,0.811740,0.010190,-0.011061,-0.004595,0.999928,0,0.93230,-0.20636,55.938,-0.413,-1,375.000,-1,375.000,475.000,325.000,325.000,300.000,300.000,-1,950.000,725.000,-1,675.000,575.000,-1,575.000,2,0,2,1,1,0,0,0,0,2,0,0,2,0,1,2,1
29,-8111.601,7024.677,160.938,35.543,0.813658,-0.581314,0.005978,0.581263,0.813673,0.008398,-0.009746,-0.003358,0.999947,0,1.00000,-0.09485,60.000,-0.190,-1,375.000,-1,375.000,450.000,325.000,325.000,300.000,300.000,-1,900.000,675.000,-1,675.000,575.000,-1,550.000,2,0,2,1,1,0,0,0,0,2,0,0,2,0,1,2,1
30,-8062.656,7059.381,160.416,35.338,0.815737,-0.578396,0.005624,0.578361,0.815753,0.006754,-0.008494,-0.002257,0.999961,0,1.00000,-0.10266,60.000,-0.205,-1,375.000,-1,350.000,400.000,325.000,325.000,300.000,300.000,-1,875.000,675.000,-1,675.000,575.000,-1,500.000,2,0,2,1,1,0,1,0,0,2,0,0,2,0,1,2,1
31,-8013.576,7093.894,159.933,35.116,0.817973,-0.575233,0.005237,0.575210,0.817989,0.005346,-0.007359,-0.001360,0.999972,0,1.00000,-0.11096,60.000,-0.222,-1,375.000,-1,350.000,375.000,325.000,300.000,300.000,300.000,-1,875.000,675.000,-1,675.000,575.000,-1,475.000,2,0,2,1,1,0,1,0,0,2,0,0,2,0,1,2,1
32,-7964.353,7128.203,159.450,34.876,0.820373,-0.571809,0.004808,0.571795,0.820387,0.003993,-0.006228,-0.000527,0.999980,0,1.00000,-0.11976,60.000,-0.240,-1,375.000,-1,325.000,325.000,325.000,300.000,300.000,300.000,-1,850.000,700.000,-1,675.000,575.000,-1,450.000,2,0,2,1,1,0,1,0,0,2,0,0,2,0,1,2,1
33,-7914.976,7162.289,160.803,34.618,0.822954,-0.568098,-0.003325,0.568107,0.822944,0.004079,0.000419,-0.005246,0.999986,0,1.00000,-0.12911,60.000,-0.258,-1,400.000,-1,350.000,350.000,325.000,300.000,300.000,325.000,-1,650.000,575.000,-1,700.000,650.000,-1,550.000,2,0,2,1,1,0,1,0,0,2,0,0,2,0,1,2,1
34,-7865.434,7196.136,162.574,34.340,0.825621,-0.564069,-0.013229,0.564163,0.825650,0.004611,0.008321,-0.011271,0.999902,0,1.00000,-0.13902,60.000,-0.278,-1,400.000,-1,375.000,375.000,350.000,325.000,300.000,325.000,-1,525.000,475.000,-1,750.000,825.000,-1,-1,2,0,2,1,1,0,1,0,1,2,0,0,2,0,1,2,2
35,-7815.716,7229.724,163.977,34.041,0.828405,-0.559716,-0.021525,0.559925,0.828529,0.004855,0.015117,-0.016075,0.999757,0,1.00000,-0.14952,60.000,-0.299,-1,425.000,-1,400.000,400.000,350.000,350.000,275.000,300.000,-1,450.000,425.000,-1,775.000,950.000,-1,-1,2,0,2,1,1,0,1,0,1,2,0,0,2,0,0,2,2
36,-7765.810,7263.032,165.054,33.720,0.831359,-0.555027,-0.028068,0.555350,0.831603,0.004749,0.020706,-0.019535,0.999595,0,1.00000,-0.16063,60.000,-0.321,-1,425.000,-1,425.000,450.000,350.000,375.000,275.000,275.000,-1,350.000,400.000,-1,800.000,1000.000,-1,-1,2,0,2,1,1,0,0,0,1,2,0,0,2,0,0,2,2
37,-7715.705,7296.040,166.071,33.375,0.834539,-0.549982,-0.032613,0.550410,0.834878,0.005254,0.024339,-0.022335,0.999454,0,1.00000,-0.17234,60.000,-0.345,-1,425.000,-1,450.000,-1,375.000,375.000,275.000,275.000,-1,325.000,400.000,-1,825.000,-1,-1,-1,2,0,2,1,2,0,0,0,1,2,0,0,2,0,2,2,2
38,-7665.388,7328.724,166.787,33.006,0.837961,-0.544568,-0.035601,0.545071,0.838371,0.005577,0.026810,-0.024078,0.999351,0,1.00000,-0.18464,60.000,-0.369,-1,425.000,-1,500.000,-1,375.000,375.000,275.000,250.000,-1,300.000,425.000,-1,850.000,-1,-1,-1,2,0,2,0,2,0,0,0,1,2,0,0,2,0,2,2,2
39,-7614.847,7361.060,167.224,32.611,0.841634,-0.538771,-0.037127,0.539298,0.842099,0.005186,0.028471,-0.024387,0.999297,0,1.00000,-0.19751,60.000,-0.395,-1,425.000,-1,500.000,-1,375.000,375.000,275.000,225.000,-1,275.000,400.000,-1,850.000,-1,-1,-1,2,0,2,0,2,0,0,0,1,2,0,0,2,0,2,2,2
40,-7564.370,7392.833,167.336,32.189,0.845568,-0.532568,-0.037223,0.533070,0.846060,0.004371,0.029165,-0.023538,0.999297,0,0.99406,-0.21088,59.644,-0.422,-1,450.000,-1,500.000,-1,375.000,375.000,275.000,200.000,-1,275.000,400.000,-1,850.000,-1,-1,-1,2,0,2,0,2,0,0,0,1,2,0,0,2,0,2,2,2
41,-7514.058,7423.954,167.139,31.740,0.849759,-0.525943,-0.035977,0.526377,0.850246,0.003131,0.028943,-0.021598,0.999348,0,0.98600,-0.22458,59.160,-0.449,-1,425.000,-1,500.000,-1,375.000,375.000,275.000,200.000,-1,275.000,375.000,-1,850.000,-1,-1,-1,2,0,2,0,2,0,0,0,1,2,0,0,2,0,2,2,2
42,-7463.963,7454.385,166.647,31.278,0.854060,-0.519097,-0.033457,0.519429,0.854512,0.001445,0.027840,-0.018612,0.999439,0,0.97690,-0.23112,58.614,-0.462,-1,425.000,-1,500.000,-1,375.000,375.000,275.000,175.000,-1,300.000,400.000,-1,850.000,-1,-1,-1,2,0,2,0,2,0,0,0,1,2,0,0,2,0,2,2,2
43,-7414.138,7484.098,165.934,30.810,0.858395,-0.512143,-0.029444,0.512345,0.858779,-0.000812,0.025702,-0.014388,0.999566,0,0.96687,-0.23376,58.012,-0.468,-1,425.000,-1,475.000,-1,350.000,375.000,275.000,175.000,-1,350.000,425.000,-1,825.000,-1,-1,-1,2,0,2,0,2,0,0,0,1,2,0,0,2,0,2,2,2
44,-7364.631,7513.073,166.391,30.339,0.862783,-0.505065,-0.022698,0.505236,0.862979,0.002137,0.018509,-0.013312,0.999740,0,0.95604,-0.23581,57.363,-0.472,-1,425.000,-1,450.000,-1,350.000,350.000,275.000,175.000,-1,600.000,700.000,-1,800.000,1000.000,-1,-1,2,0,2,0,2,0,0,0,1,2,0,0,2,0,0,2,2
45,-7315.479,7541.296,167.307,29.864,0.867118,-0.497895,-0.014380,0.498030,0.867123,0.007970,0.008502,-0.014072,0.999865,0,0.94465,-0.23727,56.679,-0.475,-1,400.000,-1,450.000,-1,325.000,350.000,275.000,150.000,-1,-1,-1,-1,750.000,925.000,-1,-1,2,0,2,0,2,0,0,0,1,2,2,2,2,0,0,2,2
46,-7266.707,7568.764,167.486,29.388,0.871327,-0.490681,-0.004562,0.490700,0.871253,0.011508,-0.001672,-0.012265,0.999923,0,0.93293,-0.23813,55.976,-0.476,-1,375.000,-1,425.000,-1,325.000,325.000,275.000,150.000,-1,-1,-1,-1,700.000,850.000,-1,-1,2,0,2,0,2,0,0,0,1,2,2,2,2,0,0,2,2
47,-7218.326,7595.484,167.221,28.911,0.875365,-0.483431,0.005497,0.483331,0.875337,0.013290,-0.011236,-0.008977,0.999897,0,0.92113,-0.23841,55.268,-0.477,-1,350.000,-1,400.000,-1,300.000,325.000,275.000,150.000,-1,-1,-1,-1,650.000,775.000,-1,-1,2,0,2,0,2,0,0,0,1,2,2,2,2,0,0,2,2
48,-7170.339,7621.468,168.151,28.435,0.879332,-0.476132,0.008626,0.475961,0.879313,0.016401,-0.015394,-0.010317,0.999828,0,0.90952,-0.23813,54.571,-0.476,-1,350.000,-1,400.000,-1,300.000,325.000,275.000,150.000,-1,-1,-1,-1,625.000,775.000,-1,-1,2,0,2,0,2,0,0,0,1,2,2,2,2,0,0,2,2
49,-7122.732,7646.739,169.196,27.960,0.883238,-0.468822,0.009808,0.468597,0.883209,0.018945,-0.017544,-0.012137,0.999772,0,0.89830,-0.23730,53.898,-0.475,-1,350.000,-1,400.000,-1,300.000,325.000,275.000,175.000,-1,-1,-1,-1,625.000,775.000,-1,-1,2,0,2,0,2,0,0,0,1,2,2,2,2,0,0,2,2
50,-7075.484,7671.323,169.998,27.488,0.887058,-0.461528,0.010984,0.461265,0.887033,0.020174,-0.019055,-0.012829,0.999736,0,0.88768,-0.23597,53.261,-0.472,1000.000,350.000,-1,400.000,-1,300.000,325.000,275.000,175.000,-1,-1,-1,-1,625.000,775.000,-1,-1,0,0,2,0,2,0,0,0,1,2,2,2,2,0,0,2,2
51,-7028.565,7695.250,170.477,27.020,0.890788,-0.454262,0.011984,0.453980,0.890776,0.020497,-0.019986,-0.012818,0.999718,0,0.87780,-0.23416,52.668,-0.468,975.000,350.000,-1,400.000,-1,300.000,325.000,275.000,200.000,-1,-1,-1,-1,625.000,775.000,-1,-1,0,0,2,0,2,0,0,0,1,2,2,2,2,0,0,2,2
52,-6981.938,7718.554,170.652,26.556,0.894423,-0.447040,0.012794,0.446759,0.894432,0.019956,-0.020364,-0.012133,0.999719,0,0.86877,-0.23191,52.126,-0.464,1000.000,350.000,-1,400.000,-1,300.000,325.000,275.000,200.000,-1,-1,-1,-1,625.000,800.000,-1,-1,0,0,2,0,2,0,0,0,1,2,2,2,2,0,0,2,2
53,-6935.564,7741.269,170.581,26.098,0.897960,-0.439875,0.013349,0.439620,0.897996,0.018363,-0.020065,-0.010621,0.999742,0,0.86064,-0.22926,51.638,-0.459,-1,350.000,-1,400.000,-1,300.000,325.000,275.000,225.000,-1,-1,-1,-1,625.000,800.000,-1,-1,2,0,2,0,2,0,0,0,1,2,2,2,2,0,0,2,2
54,-6889.401,7763.431,170.274,25.645,0.901397,-0.432780,0.013636,0.432572,0.901461,0.015770,-0.019118,-0.008316,0.999783,0,0.85345,-0.22623,51.207,-0.452,-1,350.000,-1,400.000,-1,300.000,325.000,275.000,225.000,-1,-1,-1,-1,650.000,800.000,-1,-1,2,0,2,0,2,0,0,0,1,2,2,2,2,0,0,2,2
55,-6843.408,7785.073,169.741,25.199,0.904732,-0.425762,0.013642,0.425619,0.904820,0.012221,-0.017547,-0.005251,0.999832,0,0.84719,-0.22287,50.831,-0.446,-1,350.000,-1,400.000,-1,300.000,325.000,275.000,225.000,-1,-1,-1,550.000,650.000,825.000,-1,-1,2,0,2,0,2,0,0,0,1,2,2,2,1,0,0,2,2
56,-6797.541,7806.228,168.989,24.761,0.907966,-0.418832,0.013353,0.418763,0.908063,0.007757,-0.015375,-0.001452,0.999881,0,0.84184,-0.21920,50.510,-0.438,-1,375.000,-1,400.000,-1,300.000,325.000,275.000,250.000,-1,-1,-1,425.000,675.000,825.000,-1,-1,2,0,2,0,2,0,0,0,1,2,2,2,1,0,0,2,2
57,-6751.761,7826.927,168.043,24.330,0.911097,-0.411996,0.012738,0.412001,0.911180,0.002332,-0.012568,0.003123,0.999916,0,0.83737,-0.21525,50.242,-0.430,-1,375.000,-1,400.000,-1,300.000,325.000,275.000,250.000,-1,-1,-1,375.000,700.000,850.000,-1,-1,2,0,2,0,2,0,0,0,1,2,2,2,1,0,0,2,2
58,-6710.293,7845.512,167.081,24.140,0.912478,-0.408954,0.011862,0.409015,0.912522,-0.003204,-0.009514,0.007775,0.999925,0,0.75737,-0.09525,45.442,-0.190,-1,375.000,-1,400.000,-1,325.000,325.000,275.000,250.000,-1,-1,-1,325.000,725.000,850.000,-1,-1,2,0,2,0,2,0,0,0,1,2,2,2,1,0,0,2,2
59,-6672.577,7862.454,165.930,24.189,0.912149,-0.409720,0.010647,0.409816,0.912119,-0.009471,-0.005831,0.013002,0.999898,0,0.68911,0.02475,41.347,0.050,-1,375.000,-1,425.000,-1,325.000,325.000,300.000,250.000,-1,-1,-1,300.000,775.000,875.000,-1,-1,2,0,2,0,2,0,0,0,1,2,2,2,1,0,0,2,2
60,-6635.094,7879.521,164.728,24.479,0.910098,-0.414288,0.009341,0.414389,0.909960,-0.015977,-0.001881,0.018411,0.999829,0,0.68642,0.14475,41.185,0.290,-1,400.000,-1,425.000,-1,325.000,325.000,300.000,250.000,-1,-1,-1,300.000,800.000,875.000,-1,-1,2,0,2,0,2,0,0,0,1,2,2,2,1,0,0,2,2
61,-6597.911,7896.868,163.418,25.008,0.906259,-0.422627,0.009053,0.422722,0.905980,-0.022522,0.001316,0.024238,0.999705,0,0.68385,0.26475,41.031,0.530,-1,400.000,-1,425.000,-1,325.000,325.000,300.000,250.000,-1,-1,-1,300.000,825.000,900.000,-1,-1,2,0,2,0,2,0,0,0,1,2,2,2,1,0,0,2,2
62,-6561.044,7914.548,163.058,25.619,0.901709,-0.432225,0.010126,0.432341,0.901374,-0.024639,0.001523,0.026595,0.999645,0,0.68145,0.30508,40.887,0.610,-1,400.000,-1,425.000,-1,325.000,325.000,300.000,275.000,-1,-1,-1,325.000,850.000,900.000,-1,-1,2,0,2,0,2,0,0,0,1,2,2,2,1,0,0,2,2
63,-6524.471,7932.574,162.997,26.238,0.896979,-0.441923,0.011549,0.442073,0.896620,-0.025389,0.000864,0.027879,0.999611,0,0.67956,0.30954,40.774,0.619,-1,400.000,-1,425.000,-1,325.000,325.000,300.000,275.000,-1,-1,-1,350.000,850.000,900.000,-1,-1,2,0,2,0,2,0,0,0,1,2,2,2,1,0,0,2,2
64,-6484.131,7953.004,162.933,26.859,0.892121,-0.451606,0.013158,0.451797,0.891736,-0.026193,0.000096,0.029312,0.999570,0,0.75365,0.31079,45.219,0.622,-1,400.000,-1,425.000,-1,325.000,350.000,300.000,275.000,-1,-1,-1,375.000,850.000,900.000,-1,-1,2,0,2,0,2,0,0,0,1,2,2,2,1,0,0,2,2
65,-6444.390,7973.678,162.805,27.484,0.887134,-0.461286,0.014466,0.461512,0.886728,-0.026821,-0.000455,0.030470,0.999536,0,0.74660,0.31236,44.796,0.625,-1,400.000,-1,425.000,-1,325.000,350.000,300.000,300.000,-1,-1,-1,400.000,850.000,900.000,-1,-1,2,0,2,0,2,0,0,0,1,2,2,2,1,0,0,2,2
66,-6405.228,7994.600,162.674,28.112,0.882009,-0.470968,0.015758,0.471231,0.881584,-0.027407,-0.000984,0.031598,0.999500,0,0.74001,0.31426,44.401,0.629,-1,400.000,-1,425.000,-1,325.000,350.000,300.000,300.000,-1,-1,-1,425.000,850.000,900.000,-1,-1,2,0,2,0,2,0,0,0,0,2,2,2,1,0,0,2,2
67,-6366.619,8015.778,162.410,28.745,0.876733,-0.480670,0.017198,0.480974,0.876311,-0.027253,-0.001971,0.032165,0.999481,0,0.73393,0.31649,44.036,0.633,-1,400.000,-1,425.000,-1,325.000,350.000,300.000,300.000,-1,-1,-1,450.000,850.000,875.000,-1,-1,2,0,2,0,2,0,0,0,0,2,2,2,1,0,0,2,2
68,-6328.538,8037.221,162.054,29.384,0.871298,-0.490396,0.018729,0.490743,0.870899,-0.026566,-0.003283,0.032338,0.999472,0,0.72840,0.31903,43.704,0.638,-1,400.000,-1,425.000,-1,325.000,325.000,300.000,300.000,-1,-1,-1,475.000,825.000,875.000,-1,-1,2,0,2,0,2,0,0,0,0,2,2,2,1,0,0,2,2
69,-6290.958,8058.942,161.705,30.027,0.865704,-0.500146,0.020255,0.500535,0.865330,-0.025862,-0.004593,0.032527,0.999460,0,0.72343,0.32185,43.406,0.644,-1,400.000,-1,425.000,-1,325.000,325.000,300.000,300.000,-1,-1,-1,500.000,825.000,875.000,-1,-1,2,0,2,0,2,0,0,0,0,2,2,2,1,0,0,2,2
70,-6253.852,8080.953,161.362,30.677,0.859943,-0.509926,0.021778,0.510357,0.859595,-0.025140,-0.005901,0.032733,0.999447,0,0.71905,0.32495,43.143,0.650,-1,400.000,-1,425.000,-1,325.000,325.000,300.000,300.000,-1,-1,-1,525.000,825.000,875.000,-1,-1,2,0,2,0,2,0,0,0,0,2,2,2,1,0,0,2,2
71,-6217.196,8103.270,161.027,31.334,0.854007,-0.519739,0.023297,0.520211,0.853689,-0.024399,-0.007207,0.032956,0.999431,0,0.71525,0.32829,42.915,0.657,-1,400.000,-1,425.000,-1,325.000,325.000,300.000,300.000,-1,-1,-1,550.000,825.000,850.000,-1,-1,2,0,2,0,2,0,0,0,0,2,2,2,1,0,0,2,2
72,-6180.965,8125.908,160.698,31.997,0.847891,-0.529589,0.024814,0.530102,0.847604,-0.023638,-0.008514,0.033196,0.999413,0,0.71204,0.33188,42.722,0.664,-1,400.000,-1,425.000,-1,325.000,325.000,300.000,300.000,-1,-1,-1,575.000,800.000,850.000,-1,-1,2,0,2,0,2,0,0,0,0,2,2,2,1,0,0,2,2
73,-6145.135,8148.883,160.384,32.669,0.841586,-0.539480,0.026373,0.540034,0.841332,-0.022870,-0.009850,0.033489,0.999391,0,0.70939,0.33569,42.563,0.671,-1,400.000,-1,400.000,-1,325.000,325.000,300.000,300.000,-1,-1,-1,600.000,800.000,850.000,-1,-1,2,0,2,0,2,0,0,0,0,2,2,2,1,0,0,2,2
74,-6109.684,8172.212,160.106,33.348,0.835081,-0.549410,0.028075,0.550011,0.834864,-0.022127,-0.011282,0.033919,0.999361,0,0.70730,0.33971,42.438,0.679,-1,400.000,-1,400.000,-1,325.000,325.000,300.000,300.000,-1,-1,-1,650.000,800.000,825.000,-1,-1,2,0,2,0,2,0,0,0,0,2,2,2,1,0,0,2,2
75,-6074.594,8195.914,159.646,34.036,0.828385,-0.559371,0.029707,0.560028,0.828176,-0.022231,-0.012167,0.035053,0.999311,0,0.70575,0.34394,42.345,0.688,-1,400.000,-1,400.000,-1,325.000,325.000,300.000,300.000,-1,-1,-1,675.000,800.000,825.000,-1,-1,2,0,2,0,2,0,0,0,0,2,2,2,1,0,0,2,2
76,-6039.845,8220.005,159.133,34.733,0.821485,-0.569372,0.031277,0.570087,0.821272,-0.022636,-0.012799,0.036426,0.999254,0,0.70472,0.34835,42.283,0.697,-1,400.000,-1,400.000,-1,325.000,325.000,300.000,300.000,-1,-1,-1,700.000,800.000,825.000,-1,-1,2,0,2,0,2,0,0,0,0,2,2,2,1,0,0,2,2
77,-6005.421,8244.504,158.692,35.439,0.814377,-0.579422,0.032551,0.580186,0.814161,-0.022935,-0.013213,0.037564,0.999207,0,0.70419,0.35294,42.251,0.706,-1,400.000,-1,400.000,-1,325.000,325.000,300.000,300.000,-1,-1,-1,700.000,800.000,825.000,-1,-1,2,0,2,0,2,0,0,0,0,2,2,2,1,0,0,2,2
78,-5971.309,8269.429,158.249,36.154,0.807046,-0.589516,0.033882,0.590332,0.806826,-0.023237,-0.013638,0.038755,0.999156,0,0.70413,0.35771,42.248,0.715,-1,400.000,-1,400.000,-1,325.000,325.000,300.000,300.000,-1,-1,-1,725.000,800.000,825.000,-1,-1,2,0,2,0,2,0,0,0,0,2,2,2,1,0,0,2,2
79,-5937.497,8294.798,157.789,36.879,0.799481,-0.599651,0.035325,0.600525,0.799259,-0.023555,-0.014109,0.040046,0.999098,0,0.70453,0.36264,42.272,0.725,-1,400.000,-1,400.000,-1,325.000,325.000,300.000,300.000,-1,-1,-1,725.000,800.000,800.000,-1,-1,2,0,2,0,2,0,0,0,0,2,2,2,1,0,0,2,2
80,-5903.973,8320.629,157.334,37.615,0.791679,-0.609828,0.036795,0.610763,0.791454,-0.023862,-0.014570,0.041364,0.999038,0,0.70535,0.36772,42.321,0.735,-1,400.000,-1,400.000,-1,325.000,325.000,300.000,300.000,-1,-1,-1,750.000,775.000,800.000,-1,-1,2,0,2,0,2,0,0,0,0,2,2,2,1,0,0,2,2
81,-5870.731,8346.940,156.881,38.361,0.783632,-0.620045,0.038292,0.621044,0.783403,-0.024158,-0.015019,0.042712,0.998975,0,0.70658,0.37296,42.395,0.746,-1,400.000,-1,400.000,-1,325.000,325.000,300.000,300.000,-1,-1,-1,750.000,775.000,800.000,-1,-1,2,0,2,0,2,0,0,0,0,2,2,2,1,0,0,2,2
82,-5836.363,8374.884,156.413,39.113,0.775380,-0.630235,0.039885,0.631305,0.775149,-0.024455,-0.015505,0.044141,0.998905,0,0.73824,0.37602,44.295,0.752,-1,400.000,-1,400.000,-1,325.000,325.000,300.000,300.000,-1,-1,-1,775.000,775.000,775.000,-1,-1,2,0,2,0,2,0,0,0,0,2,2,2,1,0,0,2,2
83,-5802.455,8403.208,155.877,39.872,0.766929,-0.640412,0.041135,0.641539,0.766694,-0.024662,-0.015744,0.045304,0.998849,0,0.73637,0.37943,44.182,0.759,-1,400.000,-1,400.000,-1,325.000,325.000,300.000,300.000,-1,-1,-1,800.000,775.000,775.000,-1,-1,2,0,2,0,2,0,0,0,0,2,2,2,1,0,0,2,2
84,-5768.994,8431.926,155.181,40.638,0.758290,-0.650591,0.041570,0.651735,0.758044,-0.024707,-0.015438,0.045828,0.998830,0,0.73492,0.38307,44.095,0.766,-1,400.000,-1,400.000,-1,325.000,325.000,300.000,300.000,-1,-1,-1,800.000,775.000,775.000,-1,-1,2,0,2,0,2,0,0,0,0,2,2,2,1,0,0,2,2
85,-5735.970,8461.053,154.463,41.412,0.749423,-0.660757,0.042023,0.661917,0.749173,-0.024620,-0.015215,0.046266,0.998813,0,0.73389,0.38693,44.033,0.774,-1,400.000,-1,400.000,-1,325.000,325.000,300.000,300.000,-1,-1,-1,825.000,775.000,775.000,-1,-1,2,0,2,0,2,0,0,0,0,2,2,2,1,0,0,2,2
86,-5699.649,8493.694,153.658,41.946,0.743218,-0.667695,0.042555,0.668876,0.742969,-0.024541,-0.015231,0.046703,0.998793,0,0.81389,0.26693,48.833,0.534,-1,400.000,-1,400.000,-1,325.000,325.000,300.000,300.000,-1,-1,-1,850.000,775.000,750.000,-1,-1,2,0,2,0,2,0,0,0,0,2,2,2,1,0,0,2,2
87,-5659.942,8529.748,152.765,42.239,0.739763,-0.671481,0.043170,0.672690,0.739518,-0.024533,-0.015452,0.047189,0.998766,0,0.89389,0.14693,53.633,0.294,-1,400.000,-1,400.000,-1,325.000,325.000,300.000,300.000,-1,-1,-1,875.000,775.000,750.000,-1,-1,2,0,2,0,2,0,0,0,0,2,2,2,1,0,0,2,2
88,-5618.615,8567.480,151.795,42.396,0.737901,-0.673484,0.043835,0.674723,0.737664,-0.024490,-0.015841,0.047647,0.998739,0,0.93268,0.07826,55.961,0.157,-1,400.000,-1,400.000,-1,325.000,325.000,300.000,300.000,-1,-1,-1,900.000,775.000,750.000,-1,-1,2,0,2,0,2,0,0,0,0,2,2,2,1,0,0,2,2
89,-5577.332,8605.395,150.795,42.564,0.735889,-0.675637,0.044505,0.676903,0.735674,-0.024202,-0.016389,0.047936,0.998716,0,0.93420,0.08410,56.052,0.168,-1,400.000,-1,400.000,-1,325.000,325.000,300.000,300.000,-1,-1,-1,950.000,775.000,725.000,-1,-1,2,0,2,0,2,0,0,0,0,2,2,2,1,0,0,2,2
90,-5536.083,8643.517,149.861,42.744,0.733722,-0.677947,0.045176,0.679234,0.733542,-0.023601,-0.017139,0.048001,0.998700,0,0.93612,0.09014,56.167,0.180,-1,400.000,-1,400.000,-1,325.000,325.000,300.000,300.000,-1,-1,-1,975.000,775.000,725.000,-1,-1,2,0,2,0,2,0,0,0,0,2,2,2,1,0,0,2,2
91,-5494.863,8681.871,148.901,42.937,0.731399,-0.680405,0.045876,0.681717,0.731251,-0.023112,-0.017822,0.048178,0.998680,0,0.93841,0.09637,56.304,0.193,-1,400.000,-1,400.000,-1,325.000,325.000,300.000,300.000,-1,-1,-1,1000.000,775.000,700.000,-1,-1,2,0,2,0,2,0,0,0,0,2,2,2,1,0,0,2,2
92,-5453.664,8720.482,147.899,43.143,0.728918,-0.683012,0.046614,0.684354,0.728793,-0.022818,-0.018387,0.048533,0.998652,0,0.94106,0.10279,56.464,0.206,-1,400.000,-1,400.000,-1,325.000,325.000,300.000,300.000,-1,-1,-1,-1,775.000,700.000,-1,-1,2,0,2,0,2,0,0,0,0,2,2,2,2,0,0,2,2
93,-5412.482,8759.374,146.878,43.361,0.726269,-0.685775,0.047382,0.687150,0.726164,-0.022600,-0.018908,0.048973,0.998621,0,0.94406,0.10939,56.644,0.219,-1,400.000,-1,375.000,-1,325.000,325.000,300.000,300.000,-1,-1,-1,-1,775.000,700.000,-1,-1,2,0,2,0,2,0,0,0,0,2,2,2,2,0,0,2,2
94,-5371.314,8798.570,145.840,43.594,0.723447,-0.688696,0.048182,0.690107,0.723358,-0.022460,-0.019385,0.049499,0.998586,0,0.94739,0.11616,56.844,0.232,-1,400.000,-1,375.000,-1,325.000,325.000,300.000,300.000,-1,-1,-1,-1,750.000,675.000,-1,-1,2,0,2,0,2,0,0,0,0,2,2,2,2,0,0,2,2
95,-5328.081,8840.174,144.813,43.900,0.719734,-0.692541,0.048681,0.693974,0.719653,-0.022343,-0.019560,0.049864,0.998564,0,1.00000,0.15317,60.000,0.306,-1,400.000,-1,375.000,950.000,325.000,325.000,300.000,300.000,-1,-1,-1,-1,750.000,675.000,-1,975.000,2,0,2,0,1,0,0,0,0,2,2,2,2,0,0,2,1
96,-5285.022,8881.958,144.158,44.139,0.716890,-0.695575,0.047381,0.696939,0.716791,-0.022086,-0.018600,0.048855,0.998633,0,1.00000,0.11962,60.000,0.239,-1,400.000,-1,375.000,900.000,325.000,300.000,300.000,300.000,-1,-1,-1,-1,750.000,675.000,-1,925.000,2,0,2,0,1,0,0,0,0,2,2,2,2,0,0,2,1
97,-5242.123,8923.907,143.489,44.359,0.714293,-0.698356,0.045655,0.699632,0.714168,-0.021877,-0.017328,0.047568,0.998718,0,1.00000,0.10963,60.000,0.219,-1,400.000,-1,375.000,875.000,325.000,300.000,300.000,300.000,-1,-1,-1,-1,775.000,675.000,-1,875.000,2,0,2,0,1,0,0,0,0,2,2,2,2,0,0,2,1
98,-5199.369,8966.003,142.817,44.557,0.711944,-0.700858,0.043976,0.702053,0.711792,-0.021774,-0.016042,0.046375,0.998795,0,1.00000,0.09895,60.000,0.198,-1,400.000,-1,375.000,825.000,325.000,300.000,300.000,300.000,-1,-1,-1,-1,775.000,675.000,-1,850.000,2,0,2,0,1,0,0,0,0,2,2,2,2,0,0,2,1
99,-5156.744,9008.230,142.142,44.732,0.709863,-0.703065,0.042350,0.704185,0.709682,-0.021775,-0.014745,0.045280,0.998866,0,1.00000,0.08755,60.000,0.175,-1,400.000,-1,375.000,775.000,325.000,300.000,300.000,300.000,-1,-1,-1,-1,775.000,675.000,-1,800.000,2,0,2,0,1,0,0,0,0,2,2,2,2,0,0,2,1
100,-5114.230,9050.569,141.403,44.882,0.708082,-0.704970,0.040468,0.706006,0.707869,-0.021844,-0.013247,0.044038,0.998942,0,1.00000,0.07539,60.000,0.151,-1,400.000,-1,375.000,725.000,325.000,300.000,300.000,300.000,-1,-1,-1,-1,775.000,675.000,-1,750.000,2,0,2,0,1,0,0,0,0,2,2,2,2,0,1,2,1
101,-5071.809,9093.000,140.651,45.007,0.706609,-0.706548,0.038647,0.707506,0.706367,-0.021955,-0.011787,0.042857,0.999012,0,1.00000,0.06245,60.000,0.125,-1,400.000,-1,375.000,675.000,325.000,300.000,300.000,300.000,-1,-1,-1,-1,800.000,650.000,-1,700.000,2,0,2,0,1,0,0,0,0,2,2,2,2,0,1,2,1
102,-5029.460,9135.503,139.743,45.105,0.705456,-0.707797,0.036803,0.708671,0.705216,-0.021370,-0.010828,0.041157,0.999094,0,1.00000,0.04867,60.000,0.097,-1,400.000,-1,375.000,625.000,325.000,300.000,300.000,300.000,-1,-1,-1,-1,800.000,625.000,-1,650.000,2,0,2,0,1,0,0,0,0,2,2,2,2,0,1,2,1
103,-4987.161,9178.057,138.854,45.173,0.704662,-0.708678,0.035036,0.709475,0.704417,-0.021000,-0.009798,0.039655,0.999165,0,1.00000,0.03403,60.000,0.068,-1,400.000,-1,375.000,575.000,325.000,300.000,300.000,300.000,-1,-1,-1,-1,800.000,600.000,-1,600.000,2,0,2,0,1,0,0,0,0,2,2,2,2,0,1,2,1
104,-4944.890,9220.638,138.042,45.210,0.704256,-0.709161,0.033383,0.709895,0.703990,-0.021152,-0.008501,0.038595,0.999219,0,1.00000,0.01846,60.000,0.037,-1,400.000,-1,375.000,550.000,325.000,300.000,300.000,300.000,-1,-1,-1,-1,825.000,575.000,-1,550.000,2,0,2,0,1,0,0,0,0,2,2,2,2,0,1,2,1
105,-4902.622,9263.222,137.388,45.213,0.704267,-0.709219,0.031870,0.709903,0.703954,-0.022063,-0.006787,0.038163,0.999248,0,1.00000,0.00191,60.000,0.004,-1,400.000,-1,375.000,500.000,325.000,325.000,300.000,300.000,-1,-1,-1,-1,825.000,550.000,-1,525.000,2,0,2,0,1,0,0,0,0,2,2,2,2,0,1,2,1
106,-4860.330,9305.783,136.864,45.182,0.704696,-0.708861,0.030323,0.709487,0.704368,-0.022222,-0.005606,0.037174,0.999293,0,1.00000,-0.01566,60.000,-0.031,-1,400.000,-1,375.000,450.000,325.000,325.000,300.000,300.000,-1,800.000,-1,-1,850.000,525.000,-1,475.000,2,0,2,1,1,0,0,0,0,2,0,2,2,0,1,2,1
107,-4817.987,9348.293,136.643,45.113,0.705558,-0.708072,0.028648,0.708631,0.705273,-0.020807,-0.005472,0.034981,0.999373,0,1.00000,-0.03433,60.000,-0.069,-1,400.000,-1,375.000,400.000,325.000,325.000,300.000,300.000,-1,825.000,-1,-1,850.000,500.000,-1,425.000,2,0,2,1,1,0,0,0,0,2,0,2,2,0,1,2,1
108,-4775.564,9390.723,136.398,45.005,0.706907,-0.706790,0.027024,0.707286,0.706663,-0.019342,-0.005426,0.032787,0.999448,0,1.00000,-0.05417,60.000,-0.108,-1,400.000,-1,350.000,350.000,325.000,325.000,300.000,300.000,-1,850.000,-1,-1,850.000,475.000,-1,375.000,2,0,2,1,1,0,0,0,0,2,0,2,2,1,1,2,1
109,-4733.030,9433.041,136.127,44.855,0.708769,-0.704981,0.025454,0.705419,0.708566,-0.017825,-0.005470,0.030589,0.999517,0,1.00000,-0.07524,60.000,-0.150,-1,400.000,-1,325.000,300.000,325.000,325.000,300.000,300.000,-1,875.000,-1,-1,825.000,450.000,-1,350.000,2,0,2,1,1,0,1,0,0,2,0,2,2,1,1,2,1
110,-4690.351,9475.214,135.721,44.659,0.711165,-0.702600,0.024445,0.703000,0.711002,-0.016310,-0.005921,0.028784,0.999568,0,1.00000,-0.09762,60.000,-0.195,-1,400.000,-1,300.000,250.000,325.000,300.000,300.000,300.000,-1,950.000,-1,-1,775.000,425.000,-1,300.000,2,0,2,1,1,0,1,0,0,2,0,2,2,1,1,2,1
111,-4647.494,9517.205,136.588,44.417,0.714227,-0.699699,0.017329,0.699909,0.714095,-0.013989,-0.002586,0.022120,0.999752,0,1.00000,-0.12141,60.000,-0.243,-1,425.000,-1,300.000,225.000,325.000,275.000,300.000,300.000,-1,725.000,975.000,-1,775.000,400.000,-1,275.000,2,0,2,1,1,1,1,0,1,2,0,0,2,1,1,2,1
112,-4604.634,9559.193,139.048,44.414,0.714329,-0.699808,0.001883,0.699784,0.714276,-0.010577,0.006057,0.008873,0.999942,0,1.00000,-0.00141,60.000,-0.003,-1,425.000,-1,300.000,250.000,325.000,275.000,300.000,325.000,-1,475.000,700.000,-1,825.000,400.000,-1,275.000,2,1,2,1,1,1,1,0,1,2,0,0,2,1,1,2,1
113,-4561.949,9601.360,141.381,44.651,0.711274,-0.702779,-0.013830,0.702757,0.711393,-0.007224,0.014916,-0.004581,0.999878,0,1.00000,0.11859,60.000,0.237,-1,425.000,-1,300.000,250.000,325.000,275.000,275.000,325.000,-1,350.000,575.000,-1,-1,400.000,-1,275.000,2,1,2,1,1,1,1,0,1,2,0,0,2,2,1,2,1
114,-4519.535,9643.799,143.697,45.015,0.706423,-0.707184,-0.029284,0.707396,0.706805,-0.004091,0.023591,-0.017826,0.999563,0,1.00000,0.18217,60.000,0.364,-1,425.000,-1,275.000,250.000,325.000,275.000,275.000,325.000,900.000,275.000,500.000,-1,-1,400.000,-1,275.000,2,1,2,1,1,1,1,0,1,0,0,0,2,2,1,2,1
115,-4477.338,9686.454,146.140,45.307,0.702269,-0.710555,-0.043929,0.711207,0.702982,-0.001098,0.031661,-0.030471,0.999034,0,1.00000,0.14581,60.000,0.292,-1,425.000,-1,275.000,250.000,300.000,275.000,275.000,300.000,750.000,200.000,450.000,-1,-1,400.000,-1,275.000,2,1,2,1,1,1,1,0,1,0,0,0,2,2,1,2,1
116,-4435.302,9729.268,148.638,45.522,0.698884,-0.712866,-0.058163,0.714150,0.699990,0.001873,0.039378,-0.042846,0.998305,0,1.00000,0.10759,60.000,0.215,-1,425.000,-1,275.000,250.000,300.000,275.000,250.000,300.000,625.000,125.000,400.000,-1,-1,400.000,-1,275.000,2,1,2,1,1,1,1,0,1,0,0,0,2,2,1,2,1
117,-4393.369,9772.183,151.031,45.657,0.696311,-0.714066,-0.072532,0.716211,0.697864,0.005305,0.046829,-0.055642,0.997352,0,1.00000,0.06766,60.000,0.135,-1,450.000,-1,275.000,250.000,300.000,250.000,250.000,275.000,550.000,100.000,350.000,-1,-1,400.000,-1,275.000,2,1,2,1,1,1,1,0,1,0,0,0,2,2,1,2,1
118,-4351.476,9815.138,153.346,45.710,0.694593,-0.714119,-0.087035,0.717366,0.696637,0.009139,0.054105,-0.068784,0.996163,0,1.00000,0.02627,60.000,0.053,-1,475.000,-1,275.000,225.000,325.000,250.000,250.000,275.000,475.000,75.000,300.000,-1,-1,400.000,-1,250.000,2,1,2,1,1,1,1,0,1,0,0,0,2,2,1,2,1
119,-8199.152,8855.084,204.537,-59.940,0.500529,0.865496,0.019690,-0.865059,0.500906,-0.027678,-0.033818,-0.003179,0.999423,1,0.00000,0.00000,59.971,-0.032,-1,400.000,-1,400.000,-1,325.000,325.000,300.000,300.000,-1,-1,-1,-1,750.000,775.000,-1,-1,2,0,2,0,2,0,0,0,0,2,2,2,2,0,0,2,2
120,-8196.730,8850.939,204.380,-59.700,0.504151,0.863391,0.019697,-0.862948,0.504527,-0.027817,-0.033955,-0.002974,0.999419,0,0.08000,0.12000,4.800,0.240,-1,400.000,-1,400.000,-1,325.000,325.000,300.000,300.000,-1,-1,-1,-1,750.000,775.000,-1,-1,2,0,2,0,2,0,0,0,0,2,2,2,2,0,0,2,2
121,-8191.817,8842.692,204.066,-59.220,0.511370,0.859135,0.019712,-0.858679,0.511743,-0.028094,-0.034225,-0.002560,0.999411,0,0.16000,0.24000,9.600,0.480,-1,400.000,-1,400.000,-1,325.000,325.000,300.000,300.000,-1,-1,-1,-1,750.000,775.000,-1,-1,2,0,2,0,2,0,0,0,0,2,2,2,2,0,0,2,2
122,-8184.293,8830.414,203.595,-58.500,0.522130,0.852638,0.019735,-0.852163,0.522499,-0.028509,-0.034620,-0.001932,0.999399,0,0.24000,0.36000,14.400,0.720,-1,400.000,-1,400.000,-1,325.000,325.000,300.000,300.000,-1,-1,-1,-1,725.000,775.000,-1,-1,2,0,2,0,2,0,0,0,0,2,2,2,2,0,0,2,2
123,-8174.011,8814.198,202.965,-57.622,0.535141,0.844531,0.019763,-0.844032,0.535505,-0.029060,-0.035126,-0.001129,0.999382,0,0.32000,0.43904,19.200,0.878,-1,375.000,-1,400.000,-1,325.000,325.000,300.000,300.000,-1,-1,-1,-1,725.000,775.000,-1,-1,2,0,2,0,2,0,0,0,0,2,2,2,2,0,0,2,2
124,-8160.850,8794.129,202.229,-56.744,0.548025,0.836226,0.019866,-0.835706,0.548384,-0.029500,-0.035563,-0.000436,0.999367,0,0.40000,0.43904,24.000,0.878,-1,375.000,-1,400.000,-1,325.000,325.000,300.000,300.000,-1,-1,-1,-1,725.000,775.000,-1,-1,2,0,2,0,2,0,0,0,0,2,2,2,2,0,0,2,2
125,-8144.690,8770.290,201.380,-55.866,0.560778,0.827724,0.020024,-0.827186,0.561135,-0.029843,-0.035938,0.000172,0.999354,0,0.48000,0.43904,28.800,0.878,-1,375.000,-1,400.000,-1,325.000,325.000,300.000,300.000,-1,-1,-1,-1,725.000,775.000,-1,-1,2,0,2,0,2,0,0,0,0,2,2,2,2,0,0,2,2
126,-8125.411,8742.771,200.383,-54.988,0.573399,0.819028,0.020172,-0.818469,0.573753,-0.030250,-0.036350,0.000835,0.999339,0,0.56000,0.43904,33.600,0.878,-1,375.000,-1,400.000,-1,325.000,325.000,300.000,300.000,-1,-1,-1,-1,725.000,750.000,-1,-1,2,0,2,0,2,0,0,0,0,2,2,2,2,0,0,2,2
127,-8102.900,8711.662,199.084,-54.110,0.585913,0.810137,0.019593,-0.809559,0.586236,-0.030682,-0.036343,0.002116,0.999337,0,0.64000,0.43904,38.400,0.878,-1,375.000,-1,400.000,-1,325.000,325.000,300.000,300.000,-1,-1,-1,-1,725.000,750.000,-1,-1,2,0,2,0,2,0,0,0,0,2,2,2,2,0,0,2,2
128,-8077.041,8677.056,197.571,-53.232,0.598298,0.801056,0.018690,-0.800457,0.598579,-0.031181,-0.036165,0.003695,0.999339,0,0.72000,0.43900,43.200,0.878,-1,375.000,-1,400.000,-1,325.000,325.000,300.000,300.000,-1,-1,-1,-1,725.000,750.000,-1,-1,2,0,2,0,2,0,0,0,0,2,2,2,2,0,0,2,2
129,-8047.724,8639.049,195.895,-52.354,0.610536,0.791790,0.017707,-0.791171,0.610769,-0.031759,-0.035961,0.005381,0.999339,0,0.80000,0.43867,48.000,0.877,-1,375.000,-1,400.000,-1,325.000,325.000,300.000,300.000,-1,-1,-1,-1,725.000,750.000,-1,-1,2,0,2,0,2,0,0,0,0,2,2,2,2,0,0,2,2
130,-8017.352,8600.896,194.205,-51.478,0.622614,0.782350,0.016731,-0.781713,0.622799,-0.032333,-0.035715,0.007052,0.999337,0,0.81277,0.43810,48.766,0.876,-1,375.000,-1,400.000,-1,325.000,325.000,300.000,300.000,-1,-1,-1,-1,725.000,750.000,-1,-1,2,0,2,0,2,0,0,0,0,2,2,2,2,0,0,2,2
131,-7986.159,8562.918,192.544,-50.603,0.634522,0.772743,0.015801,-0.772096,0.634661,-0.032756,-0.035340,0.008585,0.999338,0,0.81910,0.43729,49.146,0.875,-1,375.000,-1,400.000,-1,325.000,325.000,300.000,300.000,-1,-1,-1,-1,725.000,750.000,-1,-1,2,0,2,0,2,0,0,0,0,2,2,2,2,0,0,2,2
132,-7954.146,8525.128,190.895,-49.731,0.646254,0.762978,0.014828,-0.762325,0.646345,-0.033156,-0.034881,0.010123,0.999340,0,0.82545,0.43625,49.527,0.873,-1,375.000,-1,400.000,-1,325.000,325.000,300.000,300.000,-1,-1,-1,-1,725.000,725.000,-1,-1,2,0,2,0,2,0,0,0,0,2,2,2,2,0,0,2,2
133,-7921.312,8487.541,189.308,-48.861,0.657809,0.753063,0.013561,-0.752409,0.657842,-0.033543,-0.034181,0.011862,0.999345,0,0.83180,0.43496,49.908,0.870,-1,375.000,-1,400.000,-1,325.000,325.000,300.000,300.000,-1,-1,-1,-1,725.000,725.000,-1,-1,2,0,2,0,2,0,0,0,0,2,2,2,2,0,1,2,2
134,-7887.659,8450.174,187.727,-47.994,0.669169,0.743008,0.012295,-0.742358,0.669145,-0.033913,-0.033425,0.013566,0.999349,0,0.83814,0.43341,50.288,0.867,-1,375.000,-1,375.000,-1,325.000,325.000,300.000,300.000,-1,-1,-1,-1,725.000,725.000,-1,-1,2,0,2,0,2,0,0,0,0,2,2,2,2,0,1,2,2
135,-7850.348,8409.645,185.915,-47.367,0.677294,0.735631,0.010998,-0.735002,0.677221,-0.033819,-0.032327,0.014822,0.999367,0,0.91814,0.31341,55.088,0.627,-1,375.000,-1,375.000,-1,325.000,325.000,300.000,300.000,-1,-1,-1,-1,725.000,700.000,-1,-1,2,0,2,0,2,0,0,0,0,2,2,2,2,0,1,2,2
136,-7811.103,8367.588,183.993,-46.981,0.682275,0.731031,0.009686,-0.730435,0.682162,-0.033452,-0.031062,0.015748,0.999393,0,0.95873,0.19341,57.524,0.387,-1,375.000,-1,375.000,-1,325.000,325.000,300.000,300.000,-1,-1,-1,-1,725.000,675.000,-1,1000.000,2,0,2,0,2,0,0,0,0,2,2,2,2,0,1,2,1
137,-7771.456,8325.319,182.215,-46.834,0.684157,0.729278,0.009045,-0.728707,0.684030,-0.032994,-0.030249,0.015982,0.999415,0,0.96588,0.07341,57.953,0.147,-1,375.000,-1,375.000,-1,325.000,325.000,300.000,300.000,-1,-1,-1,-1,725.000,675.000,-1,925.000,2,0,2,0,2,0,0,0,0,2,2,2,2,0,1,2,1
