timestep,x_cm,y_cm,z_cm,yaw_deg,basis_xx,basis_xy,basis_xz,basis_yx,basis_yy,basis_yz,basis_zx,basis_zy,basis_zz,teleport_flag,throttle_cmd,steering_cmd,cmd_move_cm,cmd_turn_deg,lidar_cm_0,lidar_cm_1,lidar_cm_2,lidar_cm_3,lidar_cm_4,lidar_cm_5,lidar_cm_6,lidar_cm_7,lidar_cm_8,lidar_cm_9,lidar_cm_10,lidar_cm_11,lidar_cm_12,lidar_cm_13,lidar_cm_14,lidar_cm_15,lidar_cm_16,lidar_class_0,lidar_class_1,lidar_class_2,lidar_class_3,lidar_class_4,lidar_class_5,lidar_class_6,lidar_class_7,lidar_class_8,lidar_class_9,lidar_class_10,lidar_class_11,lidar_class_12,lidar_class_13,lidar_class_14,lidar_class_15,lidar_class_16
0,2956.273,6229.911,123.258,-17.750,0.951809,0.304447,-0.037040,-0.305892,0.951095,-0.042996,0.022138,0.052254,0.998388,1,0.08000,0.12000,4.800,0.240,-1,375.000,-1,400.000,-1,325.000,325.000,300.000,300.000,-1,875.000,775.000,-1,725.000,775.000,-1,-1,2,0,2,0,2,0,0,0,0,2,0,0,2,0,0,2,2
1,2965.440,6227.061,123.479,-17.270,0.954319,0.296470,-0.037165,-0.297929,0.953616,-0.043060,0.022675,0.052166,0.998381,0,0.16000,0.24000,9.600,0.480,-1,375.000,-1,400.000,-1,325.000,325.000,300.000,300.000,-1,875.000,775.000,-1,725.000,775.000,-1,-1,2,0,2,0,2,0,0,0,0,2,0,0,2,0,0,2,2
2,2979.243,6222.960,123.819,-16.550,0.957958,0.284466,-0.037357,-0.285946,0.957273,-0.043163,0.023483,0.052031,0.998369,0,0.24000,0.36000,14.400,0.720,-1,375.000,-1,400.000,-1,325.000,325.000,300.000,300.000,-1,875.000,750.000,-1,725.000,775.000,-1,-1,2,0,2,0,2,0,0,0,0,2,0,0,2,0,0,2,2
3,2997.737,6217.800,124.286,-15.590,0.962575,0.268390,-0.037623,-0.269898,0.961914,-0.043312,0.024565,0.051845,0.998353,0,0.32000,0.48000,19.200,0.960,-1,375.000,-1,400.000,-1,325.000,325.000,300.000,300.000,-1,850.000,750.000,-1,725.000,800.000,-1,-1,2,0,2,0,2,0,0,0,0,2,0,0,2,0,0,2,2
4,3020.983,6211.835,124.891,-14.390,0.967967,0.248189,-0.037969,-0.249734,0.967336,-0.043518,0.025928,0.051606,0.998331,0,0.40000,0.60000,24.000,1.200,-1,375.000,-1,400.000,-1,325.000,325.000,300.000,300.000,-1,850.000,750.000,-1,725.000,800.000,-1,-1,2,0,2,0,2,0,0,0,0,2,0,0,2,0,0,2,2
5,3049.051,6205.381,125.649,-12.950,0.973877,0.223805,-0.038403,-0.225395,0.973283,-0.043792,0.027576,0.051304,0.998302,0,0.48000,0.72000,28.800,1.440,-1,375.000,-1,400.000,-1,325.000,325.000,300.000,300.000,-1,825.000,750.000,-1,725.000,800.000,-1,-1,2,0,2,0,2,0,0,0,0,2,0,0,2,0,0,2,2
6,3081.991,6198.760,126.573,-11.365,0.979669,0.196805,-0.038933,-0.198449,0.979117,-0.044147,0.029432,0.050976,0.998266,0,0.56000,0.79240,33.600,1.585,-1,375.000,-1,400.000,-1,325.000,325.000,300.000,300.000,-1,825.000,750.000,-1,725.000,800.000,-1,-1,2,0,2,0,2,0,0,0,0,2,0,0,2,0,0,2,2
7,3119.833,6192.239,127.670,-9.777,0.984719,0.169599,-0.039564,-0.171303,0.984209,-0.044589,0.031377,0.050684,0.998222,0,0.64000,0.79399,38.400,1.588,-1,375.000,-1,400.000,-1,325.000,325.000,300.000,300.000,-1,825.000,750.000,-1,725.000,800.000,-1,-1,2,0,2,0,2,0,0,0,0,2,0,0,2,0,0,2,2
8,3162.593,6186.089,128.953,-8.186,0.989017,0.142199,-0.040298,-0.143971,0.988553,-0.045125,0.033420,0.050432,0.998168,0,0.72000,0.79579,43.200,1.592,-1,375.000,-1,400.000,-1,325.000,325.000,300.000,300.000,-1,800.000,750.000,-1,725.000,800.000,-1,-1,2,0,2,0,2,0,0,0,0,2,0,0,2,0,0,2,2
9,3210.275,6180.580,130.434,-6.590,0.992557,0.114619,-0.041140,-0.116468,0.992139,-0.045767,0.035571,0.050218,0.998105,0,0.80000,0.79779,48.000,1.596,-1,400.000,-1,400.000,-1,325.000,325.000,300.000,300.000,-1,800.000,750.000,-1,750.000,800.000,-1,-1,2,0,2,0,2,0,0,0,0,2,0,0,2,0,0,2,2
10,3261.398,6176.117,132.126,-4.990,0.995336,0.086873,-0.041935,-0.088807,0.994953,-0.046702,0.037666,0.050208,0.998028,0,0.85529,0.79999,51.317,1.600,1000.000,400.000,-1,400.000,-1,325.000,325.000,300.000,300.000,-1,800.000,750.000,-1,725.000,800.000,-1,-1,1,0,2,0,2,0,0,0,0,2,0,0,2,1,0,2,2
11,3315.849,6172.663,134.175,-3.630,0.997106,0.063234,-0.042203,-0.065233,0.996724,-0.047813,0.039042,0.050427,0.997964,0,0.90935,0.67999,54.561,1.360,950.000,400.000,-1,400.000,-1,325.000,325.000,300.000,300.000,-1,850.000,775.000,-1,725.000,800.000,1000.000,-1,1,0,2,0,2,0,0,0,0,2,0,0,2,1,0,1,2
12,3370.710,6170.258,136.389,-2.510,0.998151,0.043740,-0.042197,-0.045777,0.997770,-0.048580,0.039978,0.050422,0.997928,0,0.91523,0.55999,54.914,1.120,925.000,400.000,-1,400.000,-1,325.000,325.000,300.000,300.000,-1,900.000,825.000,-1,700.000,800.000,950.000,-1,1,0,2,0,2,0,0,0,0,2,0,0,2,1,0,1,2
13,3425.952,6168.686,138.653,-1.630,0.998705,0.028411,-0.042203,-0.030486,0.998316,-0.049361,0.040730,0.050584,0.997889,0,0.92108,0.43999,55.265,0.880,875.000,400.000,-1,400.000,-1,325.000,325.000,300.000,300.000,-1,925.000,875.000,-1,700.000,800.000,900.000,-1,1,0,2,0,2,0,0,0,0,2,0,0,2,1,0,1,2
14,3481.554,6167.725,140.958,-0.990,0.998959,0.017258,-0.042218,-0.019371,0.998554,-0.050154,0.041291,0.050919,0.997849,0,0.92684,0.31999,55.611,0.640,825.000,400.000,-1,400.000,-1,325.000,325.000,300.000,300.000,-1,975.000,925.000,-1,675.000,800.000,850.000,-1,1,0,2,0,2,0,0,0,0,2,0,0,2,1,0,1,2
15,3537.499,6167.238,143.299,-0.500,0.999070,0.008717,-0.042239,-0.010867,0.998642,-0.050955,0.041737,0.051367,0.997807,0,0.93246,0.24503,55.948,0.490,775.000,400.000,-1,400.000,-1,325.000,325.000,300.000,300.000,-1,-1,975.000,-1,650.000,800.000,800.000,-1,1,0,2,0,2,0,0,0,0,2,2,0,2,1,0,1,2
16,3593.775,6167.236,145.677,-0.002,0.999106,0.000042,-0.042267,-0.002232,0.998657,-0.051763,0.042208,0.051811,0.997765,0,0.93793,0.24885,56.276,0.498,725.000,375.000,-1,400.000,-1,325.000,325.000,300.000,300.000,-1,-1,-1,-1,650.000,825.000,750.000,-1,1,0,2,0,2,0,0,0,0,2,2,2,2,1,0,1,2
17,3650.372,6167.733,148.096,0.503,0.999066,-0.008772,-0.042302,0.006541,0.998595,-0.052577,0.042704,0.052251,0.997721,0,0.94332,0.25284,56.599,0.506,675.000,375.000,-1,400.000,-1,325.000,325.000,300.000,300.000,-1,-1,-1,-1,625.000,825.000,700.000,-1,1,1,2,0,2,1,0,0,0,2,2,2,2,1,0,1,2
18,3707.280,6168.744,150.555,1.017,0.998946,-0.017730,-0.042344,0.015458,0.998454,-0.053396,0.043225,0.052685,0.997675,0,0.94862,0.25704,56.917,0.514,625.000,375.000,-1,400.000,-1,325.000,325.000,300.000,300.000,-1,-1,-1,-1,600.000,825.000,650.000,-1,1,1,2,0,2,1,0,0,0,2,2,2,2,1,0,1,2
19,3764.487,6170.283,153.058,1.540,0.998740,-0.026841,-0.042393,0.024526,0.998228,-0.054220,0.043773,0.053112,0.997629,0,0.95380,0.26145,57.228,0.523,575.000,375.000,-1,400.000,-1,325.000,325.000,300.000,300.000,-1,-1,-1,-1,575.000,825.000,600.000,-1,1,1,2,0,2,1,0,0,0,2,2,2,2,1,0,1,2
20,3821.980,6172.364,155.604,2.072,0.998446,-0.036112,-0.042450,0.033752,0.997913,-0.055048,0.044349,0.053530,0.997581,0,0.95885,0.26612,57.531,0.532,525.000,350.000,-1,400.000,-1,325.000,325.000,300.000,300.000,-1,-1,-1,-1,575.000,825.000,550.000,-1,1,1,2,0,2,1,0,0,0,2,2,2,2,1,0,1,2
21,3879.744,6175.002,158.197,2.615,0.998057,-0.045551,-0.042513,0.043146,0.997505,-0.055881,0.044952,0.053938,0.997532,0,0.96373,0.27106,57.824,0.542,475.000,350.000,-1,400.000,-1,325.000,325.000,300.000,300.000,-1,-1,-1,-1,550.000,825.000,500.000,-1,1,1,2,0,2,1,0,0,0,2,2,2,2,1,0,1,2
22,3937.760,6178.213,160.808,3.167,0.997574,-0.055169,-0.042464,0.052718,0.996992,-0.056820,0.045471,0.054444,0.997481,0,0.96842,0.27632,58.105,0.553,425.000,350.000,-1,400.000,-1,325.000,325.000,300.000,300.000,-1,-1,-1,-1,525.000,850.000,450.000,-1,1,1,2,0,2,1,0,0,0,2,2,2,2,1,0,1,2
23,3996.008,6182.015,164.146,3.731,0.996900,-0.064962,-0.044384,0.062168,0.996158,-0.061676,0.048220,0.058725,0.997109,0,0.97286,0.28194,58.372,0.564,400.000,350.000,-1,425.000,-1,325.000,325.000,325.000,300.000,-1,-1,-1,-1,525.000,875.000,425.000,-1,1,1,2,0,2,1,0,0,0,2,2,2,2,1,0,1,2
24,4054.463,6186.424,167.939,4.307,0.996060,-0.074944,-0.047414,0.071618,0.995089,-0.068332,0.052302,0.064667,0.996535,0,0.97702,0.28795,58.621,0.576,375.000,350.000,-1,425.000,-1,325.000,350.000,325.000,300.000,-1,-1,925.000,-1,500.000,900.000,425.000,-1,1,1,2,0,2,1,0,0,0,2,2,0,2,1,0,1,2
25,4113.099,6191.454,171.874,4.896,0.995085,-0.085130,-0.050586,0.081187,0.993838,-0.075462,0.056698,0.070984,0.995865,0,0.98085,0.29442,58.851,0.589,375.000,325.000,-1,425.000,-1,325.000,350.000,350.000,300.000,-1,975.000,750.000,-1,500.000,950.000,400.000,-1,1,1,2,0,2,1,0,0,0,2,0,0,2,1,0,1,2
26,4171.883,6197.121,175.961,5.499,0.993965,-0.095532,-0.053909,0.090873,0.992388,-0.083119,0.061439,0.077719,0.995080,0,0.98427,0.30139,59.056,0.603,350.000,325.000,-1,450.000,-1,325.000,375.000,350.000,300.000,-1,850.000,550.000,-1,500.000,975.000,375.000,-1,1,1,2,0,2,1,0,0,0,2,0,0,2,1,0,1,2
27,4230.777,6203.441,180.214,6.117,0.992691,-0.106166,-0.057390,0.100673,0.990716,-0.091359,0.066556,0.084914,0.994163,0,0.98720,0.30894,59.232,0.618,325.000,325.000,-1,450.000,-1,325.000,375.000,375.000,275.000,-1,675.000,400.000,-1,500.000,-1,350.000,-1,1,1,2,0,2,1,0,0,0,2,0,0,2,1,2,1,2
28,4289.739,6210.432,184.642,6.751,0.991249,-0.117046,-0.061031,0.110585,0.988799,-0.100238,0.072080,0.092612,0.993090,0,0.98957,0.31713,59.374,0.634,300.000,325.000,-1,475.000,-1,325.000,400.000,400.000,275.000,-1,550.000,325.000,-1,550.000,-1,325.000,-1,1,1,2,0,2,1,0,0,0,2,0,0,2,1,2,1,2
29,4343.829,6217.685,188.899,7.625,0.989157,-0.132025,-0.064322,0.124528,0.986189,-0.109198,0.077851,0.100004,0.991937,0,0.90957,0.43713,54.574,0.874,300.000,325.000,-1,500.000,-1,325.000,400.000,375.000,275.000,-1,475.000,250.000,975.000,575.000,-1,325.000,-1,1,1,2,0,2,1,1,1,0,2,0,0,0,1,2,1,2
30,4393.023,6225.260,192.984,8.739,0.986240,-0.151066,-0.067151,0.142472,0.982708,-0.118265,0.083856,0.107070,0.990709,0,0.82957,0.55713,49.774,1.114,275.000,325.000,-1,525.000,-1,325.000,400.000,375.000,275.000,-1,425.000,200.000,850.000,575.000,-1,300.000,-1,1,1,2,0,2,1,1,1,0,2,0,0,0,1,2,1,2
31,4437.298,6233.154,196.882,10.094,0.982278,-0.174119,-0.069378,0.164386,0.978133,-0.127408,0.090045,0.113746,0.989421,0,0.74957,0.67713,44.974,1.354,250.000,325.000,-1,525.000,-1,325.000,400.000,375.000,275.000,-1,400.000,175.000,750.000,600.000,-1,275.000,-1,1,1,2,0,2,1,1,1,0,2,0,0,0,1,2,1,2
32,4476.635,6241.305,200.566,11.688,0.977002,-0.201118,-0.070844,0.190229,0.972199,-0.136535,0.096334,0.119918,0.988099,0,0.66957,0.79713,40.174,1.594,250.000,350.000,-1,550.000,-1,325.000,400.000,375.000,275.000,-1,350.000,150.000,675.000,600.000,-1,275.000,-1,1,1,2,0,2,1,1,1,0,2,0,0,0,1,2,1,2
33,4511.023,6249.588,203.991,13.522,0.970100,-0.231974,-0.071376,0.219956,0.964602,-0.145475,0.102596,0.125426,0.986784,0,0.58957,0.91713,35.374,1.834,250.000,350.000,-1,575.000,-1,325.000,400.000,375.000,275.000,-1,325.000,125.000,625.000,600.000,-1,250.000,-1,1,1,2,0,2,1,1,1,0,2,0,0,0,1,2,1,2
34,4540.488,6257.737,206.997,15.438,0.961913,-0.263914,-0.071218,0.250782,0.955674,-0.154256,0.108771,0.130521,0.985461,0,0.50957,0.95782,30.574,1.916,250.000,325.000,-1,575.000,-1,325.000,400.000,400.000,250.000,-1,300.000,100.000,575.000,600.000,-1,250.000,-1,1,1,2,0,2,1,1,1,0,2,0,0,0,1,2,1,2
35,4565.082,6265.436,209.433,17.356,0.952789,-0.295555,-0.069572,0.281470,0.945677,-0.162693,0.113878,0.135430,0.984221,0,0.42957,0.95900,25.774,1.918,225.000,325.000,-1,550.000,-1,325.000,375.000,400.000,250.000,-1,300.000,75.000,525.000,600.000,-1,250.000,-1,1,1,2,1,2,1,1,1,0,2,0,0,0,1,2,1,2
36,4584.874,6272.367,211.457,19.274,0.942678,-0.326871,-0.067187,0.312020,0.934765,-0.169874,0.118331,0.139173,0.983173,0,0.34957,0.95904,20.974,1.918,225.000,325.000,-1,550.000,-1,300.000,375.000,450.000,250.000,-1,275.000,75.000,475.000,575.000,-1,225.000,-1,1,1,2,1,2,1,1,1,0,2,0,0,0,1,2,1,2
37,4599.948,6278.218,213.017,21.190,0.931587,-0.357813,-0.064149,0.342425,0.922997,-0.175558,0.122026,0.141582,0.982377,0,0.26957,0.95785,16.174,1.916,225.000,325.000,-1,525.000,-1,300.000,350.000,475.000,250.000,-1,275.000,75.000,450.000,550.000,-1,225.000,-1,1,1,2,1,2,1,1,1,0,2,0,0,0,1,2,1,2
38,4610.404,6282.683,214.067,23.100,0.919525,-0.388337,-0.060568,0.372669,0.910429,-0.179545,0.124867,0.142524,0.981884,0,0.18957,0.95540,11.374,1.911,225.000,300.000,-1,500.000,-1,275.000,350.000,500.000,250.000,-1,275.000,75.000,450.000,525.000,-1,225.000,-1,1,1,2,1,2,1,1,1,0,2,0,0,0,1,2,1,2
39,4919.349,9510.904,382.360,134.015,-0.677202,-0.711294,-0.188302,0.726242,-0.687258,-0.015771,-0.118195,-0.147433,0.981984,1,0.00000,0.00000,6.574,1.903,150.000,275.000,850.000,375.000,-1,250.000,275.000,225.000,975.000,-1,250.000,50.000,300.000,400.000,675.000,175.000,-1,0,0,1,0,2,0,0,0,0,2,1,1,1,0,0,0,2
40,987.328,3604.269,35.610,-44.399,0.714513,0.699596,-0.006050,-0.699614,0.714437,-0.010909,-0.003310,0.012027,0.999922,1,0.08000,-0.02409,4.800,-0.048,850.000,250.000,475.000,250.000,875.000,200.000,200.000,325.000,325.000,-1,625.000,875.000,-1,350.000,350.000,450.000,400.000,1,1,1,1,1,1,1,0,0,2,0,0,2,1,1,1,1
41,994.182,3597.547,36.187,-44.446,0.713916,0.700188,-0.007778,-0.700230,0.713856,-0.009315,-0.000970,0.012096,0.999926,0,0.16000,-0.02376,9.600,-0.048,875.000,250.000,475.000,250.000,900.000,200.000,200.000,325.000,325.000,-1,550.000,600.000,-1,350.000,350.000,450.000,425.000,1,1,1,1,1,1,1,0,0,2,0,0,2,1,1,1,1
42,1004.454,3587.455,37.092,-44.493,0.713309,0.700772,-0.010420,-0.700844,0.713282,-0.006794,0.002671,0.012149,0.999923,0,0.24000,-0.02347,14.400,-0.047,875.000,250.000,475.000,250.000,950.000,200.000,200.000,325.000,325.000,-1,450.000,500.000,-1,350.000,350.000,450.000,425.000,1,1,1,1,1,1,1,0,0,2,0,0,2,1,1,1,1
43,1018.139,3573.989,38.375,-44.540,0.712679,0.701349,-0.014086,-0.701448,0.712714,-0.003240,0.007767,0.012190,0.999896,0,0.32000,-0.02321,19.200,-0.046,900.000,250.000,450.000,250.000,975.000,200.000,200.000,325.000,350.000,-1,375.000,400.000,-1,325.000,325.000,450.000,425.000,1,1,1,1,1,1,1,0,0,2,0,0,2,1,1,1,1
44,1035.233,3557.141,40.090,-44.586,0.712004,0.701921,-0.018916,-0.702025,0.712151,0.001544,0.014555,0.012180,0.999820,0,0.40000,-0.02299,24.000,-0.046,-1,250.000,450.000,250.000,975.000,200.000,200.000,325.000,350.000,-1,300.000,325.000,-1,325.000,325.000,475.000,450.000,2,1,1,1,1,1,1,0,0,2,0,0,2,1,1,1,1
45,1055.728,3536.908,42.326,-44.631,0.711254,0.702487,-0.025080,-0.702550,0.711593,0.007715,0.023266,0.012132,0.999656,0,0.48000,-0.02278,28.800,-0.046,-1,250.000,450.000,250.000,975.000,200.000,200.000,350.000,350.000,-1,250.000,250.000,-1,325.000,325.000,475.000,475.000,2,1,1,1,1,1,1,0,0,2,0,0,2,1,1,1,1
46,1079.622,3513.283,45.183,-44.676,0.710384,0.703049,-0.032801,-0.702983,0.711039,0.015462,0.034193,0.012075,0.999342,0,0.56000,-0.02260,33.600,-0.045,-1,250.000,450.000,250.000,1000.000,200.000,200.000,350.000,375.000,-1,200.000,200.000,-1,325.000,325.000,500.000,500.000,2,1,1,1,1,1,1,0,0,2,0,0,2,1,1,1,1
47,1106.908,3486.262,48.776,-44.721,0.709328,0.703606,-0.042324,-0.703264,0.710488,0.025027,0.047680,0.012013,0.998790,0,0.64000,-0.02244,38.400,-0.045,-1,250.000,450.000,250.000,1000.000,200.000,200.000,375.000,375.000,-1,150.000,175.000,-1,350.000,350.000,550.000,600.000,2,1,1,1,1,1,1,0,0,2,0,0,2,1,1,1,1
48,-4263.726,5575.406,85.366,-166.282,-0.904064,0.237019,-0.355654,-0.232357,-0.970991,-0.056451,-0.358717,0.031604,0.932911,1,0.00000,0.00000,43.200,-0.045,400.000,250.000,450.000,250.000,175.000,225.000,225.000,400.000,150.000,275.000,125.000,-1,-1,325.000,325.000,350.000,200.000,0,0,0,1,1,0,0,1,1,1,1,2,2,0,1,0,1
49,-4923.889,329.891,50.943,156.352,-0.916040,-0.401087,0.000890,0.401067,-0.915967,0.012196,-0.004077,0.011529,0.999925,1,0.08000,-0.12000,4.800,-0.240,-1,400.000,-1,400.000,-1,325.000,325.000,300.000,300.000,-1,-1,-1,-1,800.000,800.000,-1,-1,2,0,2,0,2,0,0,0,0,2,2,2,2,0,0,2,2
50,-4932.650,333.815,50.901,155.872,-0.912648,-0.408746,0.000775,0.408725,-0.912576,0.012243,-0.004298,0.011491,0.999925,0,0.16000,-0.24000,9.600,-0.480,-1,400.000,-1,400.000,-1,325.000,325.000,300.000,300.000,-1,-1,-1,-1,800.000,800.000,-1,-1,2,0,2,0,2,0,0,0,0,2,2,2,2,0,0,2,2
51,-4945.717,339.866,50.836,155.152,-0.907440,-0.420182,0.000602,0.420157,-0.907368,0.012318,-0.004629,0.011431,0.999924,0,0.24000,-0.36000,14.400,-0.720,-1,400.000,-1,400.000,-1,325.000,325.000,300.000,300.000,-1,-1,-1,-1,800.000,800.000,-1,-1,2,0,2,0,2,0,0,0,0,2,2,2,2,0,0,2,2
52,-4963.023,348.182,50.744,154.336,-0.901362,-0.433067,0.000374,0.433038,-0.901290,0.012429,-0.005046,0.011365,0.999923,0,0.32000,-0.40817,19.200,-0.816,-1,400.000,-1,400.000,-1,325.000,325.000,300.000,300.000,-1,-1,-1,-1,800.000,800.000,-1,-1,2,0,2,0,2,0,0,0,0,2,2,2,2,0,0,2,2
53,-4984.505,358.884,50.622,153.517,-0.895083,-0.445899,0.000088,0.445865,-0.895012,0.012583,-0.005532,0.011302,0.999921,0,0.40000,-0.40928,24.000,-0.819,-1,400.000,-1,400.000,-1,325.000,325.000,300.000,300.000,-1,-1,-1,-1,800.000,800.000,-1,-1,2,0,2,0,2,0,0,0,0,2,2,2,2,0,0,2,2
54,-5010.096,372.095,50.469,152.695,-0.888593,-0.458697,-0.000256,0.458657,-0.888522,0.012783,-0.006091,0.011241,0.999918,0,0.48000,-0.41111,28.800,-0.822,-1,400.000,-1,400.000,-1,325.000,325.000,300.000,300.000,-1,-1,-1,-1,800.000,800.000,-1,-1,2,0,2,0,2,0,0,0,0,2,2,2,2,0,0,2,2
55,-5039.726,387.938,50.283,151.868,-0.881877,-0.471479,-0.000661,0.471432,-0.881806,0.013035,-0.006728,0.011184,0.999915,0,0.56000,-0.41367,33.600,-0.827,-1,400.000,-1,400.000,-1,325.000,325.000,300.000,300.000,-1,-1,-1,-1,800.000,800.000,-1,-1,2,0,2,0,2,0,0,0,0,2,2,2,2,0,0,2,2
56,-5073.323,406.535,50.053,151.034,-0.874921,-0.484264,-0.001121,0.484208,-0.874852,0.013308,-0.007426,0.011101,0.999911,0,0.64000,-0.41696,38.400,-0.834,-1,400.000,-1,400.000,-1,325.000,325.000,300.000,300.000,-1,-1,-1,-1,800.000,800.000,-1,-1,2,0,2,0,2,0,0,0,0,2,2,2,2,0,0,2,2
57,-5110.807,428.010,49.718,150.192,-0.867709,-0.497070,-0.001637,0.497007,-0.867644,0.013320,-0.008041,0.010744,0.999910,0,0.72000,-0.42101,43.200,-0.842,-1,400.000,-1,400.000,-1,325.000,325.000,300.000,300.000,-1,-1,-1,-1,800.000,800.000,-1,-1,2,0,2,0,2,0,0,0,0,2,2,2,2,0,0,2,2
58,-5152.097,452.487,49.331,149.340,-0.860223,-0.509913,-0.002238,0.509843,-0.860164,0.013348,-0.008732,0.010341,0.999908,0,0.80000,-0.42582,48.000,-0.852,-1,400.000,-1,400.000,-1,325.000,325.000,300.000,300.000,-1,-1,-1,-1,800.000,800.000,-1,-1,2,0,2,0,2,0,0,0,0,2,2,2,2,0,0,2,2
59,-5197.106,480.091,48.849,148.479,-0.852460,-0.522782,-0.003125,0.522703,-0.852411,0.013326,-0.009631,0.009726,0.999906,0,0.88000,-0.43044,52.800,-0.861,-1,400.000,-1,400.000,-1,325.000,325.000,300.000,300.000,-1,-1,-1,-1,800.000,800.000,-1,-1,2,0,2,0,2,0,0,0,0,2,2,2,2,0,0,2,2
60,-5237.750,505.628,48.390,147.858,-0.846740,-0.531991,-0.004002,0.531903,-0.846700,0.013313,-0.010470,0.009144,0.999903,0,0.80000,-0.31044,48.000,-0.621,-1,400.000,-1,400.000,-1,325.000,325.000,300.000,300.000,-1,-1,-1,-1,800.000,800.000,-1,-1,2,0,2,0,2,0,0,0,0,2,2,2,2,0,0,2,2
61,-5275.985,530.007,47.946,147.478,-0.843179,-0.537611,-0.004867,0.537515,-0.843149,0.013312,-0.011260,0.008608,0.999900,0,0.75577,-0.19044,45.346,-0.381,-1,400.000,-1,400.000,-1,325.000,325.000,300.000,300.000,-1,-1,-1,-1,800.000,800.000,-1,-1,2,0,2,0,2,0,0,0,1,2,2,2,2,0,0,2,2
62,-5313.981,554.366,47.495,147.337,-0.841848,-0.539684,-0.005763,0.539581,-0.841829,0.013313,-0.012036,0.008098,0.999895,0,0.75223,-0.07044,45.134,-0.141,-1,400.000,-1,400.000,-1,325.000,325.000,300.000,300.000,-1,-1,-1,-1,800.000,800.000,-1,-1,2,0,2,0,2,0,0,0,1,2,2,2,2,0,0,2,2
63,-5351.799,578.519,46.943,147.436,-0.842776,-0.538228,-0.006253,0.538118,-0.842762,0.013455,-0.012512,0.007975,0.999890,0,0.74788,0.04956,44.873,0.099,-1,400.000,-1,400.000,-1,325.000,325.000,300.000,275.000,-1,-1,-1,-1,800.000,800.000,-1,-1,2,0,2,0,2,0,0,0,1,2,2,2,2,0,0,2,2
64,-5389.497,602.282,46.364,147.775,-0.845944,-0.533230,-0.006645,0.533115,-0.845933,0.013630,-0.012889,0.007987,0.999885,0,0.74272,0.16956,44.563,0.339,-1,400.000,-1,400.000,-1,325.000,325.000,300.000,275.000,-1,-1,-1,-1,800.000,800.000,-1,-1,2,0,2,0,2,0,0,0,1,2,2,2,2,0,0,2,2
65,-5427.130,625.475,45.778,148.354,-0.851288,-0.524652,-0.007035,0.524532,-0.851279,0.013818,-0.013238,0.008073,0.999880,0,0.73677,0.28956,44.206,0.579,-1,400.000,-1,400.000,-1,325.000,325.000,300.000,275.000,-1,-1,-1,-1,800.000,825.000,-1,-1,2,0,2,0,2,0,0,0,1,2,2,2,2,0,0,2,2
66,-5464.746,647.922,45.115,149.173,-0.858699,-0.512427,-0.007467,0.512296,-0.858689,0.014363,-0.013772,0.008508,0.999869,0,0.73007,0.40956,43.804,0.819,-1,400.000,-1,400.000,-1,325.000,325.000,300.000,275.000,-1,-1,-1,-1,800.000,825.000,-1,-1,2,0,2,0,2,0,0,0,1,2,2,2,2,0,0,2,2
67,-5502.386,669.451,44.451,150.232,-0.868021,-0.496465,-0.007905,0.496322,-0.868010,0.014919,-0.014268,0.009027,0.999857,0,0.72269,0.52956,43.362,1.059,-1,400.000,-1,400.000,-1,325.000,325.000,300.000,250.000,-1,-1,-1,-1,800.000,800.000,-1,-1,2,0,2,0,2,0,0,0,1,2,2,2,2,0,0,2,2
68,-5540.084,689.892,43.790,151.531,-0.879051,-0.476655,-0.008348,0.476501,-0.879038,0.015481,-0.014718,0.009631,0.999845,0,0.71473,0.64956,42.884,1.299,-1,400.000,-1,400.000,-1,325.000,325.000,300.000,250.000,-1,-1,-1,-1,775.000,800.000,-1,-1,2,0,2,0,2,0,0,0,1,2,2,2,2,0,0,2,2
69,-5577.866,709.085,43.135,153.071,-0.891534,-0.452869,-0.008800,0.452702,-0.891517,0.016043,-0.015110,0.010319,0.999833,0,0.70629,0.76956,42.378,1.539,-1,400.000,-1,400.000,-1,325.000,325.000,300.000,275.000,-1,-1,-1,-1,775.000,800.000,-1,-1,2,0,2,0,2,0,0,0,1,2,2,2,2,0,0,2,2
70,-5615.713,726.952,42.486,154.728,-0.904256,-0.426891,-0.009255,0.426712,-0.904236,0.016577,-0.015445,0.011041,0.999820,0,0.69753,0.82870,41.852,1.657,-1,400.000,-1,400.000,-1,325.000,325.000,300.000,275.000,-1,-1,-1,-1,775.000,800.000,-1,-1,2,0,2,0,2,0,0,0,1,2,2,2,2,0,0,2,2
71,-5653.584,743.507,41.849,156.388,-0.916239,-0.400514,-0.009715,0.400323,-0.916215,0.017090,-0.015745,0.011770,0.999807,0,0.68887,0.82999,41.332,1.660,-1,400.000,-1,400.000,-1,325.000,325.000,300.000,275.000,-1,-1,-1,-1,775.000,800.000,-1,-1,2,0,2,0,2,0,0,0,1,2,2,2,2,0,0,2,2
72,-5691.467,758.773,41.224,158.051,-0.927475,-0.373747,-0.010179,0.373543,-0.927446,0.017586,-0.016013,0.012508,0.999794,0,0.68071,0.83169,40.843,1.663,-1,400.000,-1,400.000,-1,325.000,325.000,300.000,300.000,-1,-1,-1,-1,775.000,800.000,-1,-1,2,0,2,0,2,0,0,0,1,2,2,2,2,0,0,2,2
73,-5729.351,772.773,40.613,159.719,-0.937954,-0.346597,-0.010647,0.346380,-0.937920,0.018063,-0.016247,0.013255,0.999780,0,0.67314,0.83376,40.388,1.668,-1,400.000,-1,400.000,-1,325.000,325.000,300.000,300.000,-1,-1,-1,-1,775.000,800.000,975.000,-1,2,0,2,0,2,0,0,0,0,2,2,2,2,0,0,1,2
74,-5767.235,785.528,40.018,161.391,-0.947665,-0.319073,-0.011116,0.318843,-0.947627,0.018520,-0.016443,0.014006,0.999767,0,0.66623,0.83619,39.974,1.672,-1,400.000,-1,400.000,-1,325.000,325.000,300.000,300.000,-1,-1,-1,-1,775.000,800.000,950.000,-1,2,0,2,0,2,0,0,0,0,2,2,2,2,0,0,1,2
75,-5805.119,797.061,39.436,163.069,-0.956596,-0.291186,-0.011581,0.290943,-0.956553,0.018943,-0.016594,0.014752,0.999753,0,0.66002,0.83896,39.601,1.678,-1,400.000,-1,400.000,-1,325.000,325.000,300.000,300.000,-1,-1,-1,-1,775.000,800.000,925.000,-1,2,0,2,0,2,0,0,0,0,2,2,2,2,1,0,1,2
76,-5843.010,807.389,38.845,164.753,-0.964736,-0.262947,-0.011990,0.262695,-0.964688,0.019218,-0.016620,0.015391,0.999743,0,0.65454,0.84203,39.273,1.684,-1,400.000,-1,400.000,-1,325.000,325.000,300.000,300.000,-1,-1,-1,675.000,750.000,800.000,900.000,-1,2,0,2,0,2,0,0,0,0,2,2,2,1,1,0,1,2
77,-5880.913,816.527,38.271,166.444,-0.972069,-0.234366,-0.012386,0.234106,-0.972016,0.019466,-0.016602,0.016023,0.999734,0,0.64982,0.84538,38.989,1.691,-1,400.000,1000.000,400.000,-1,325.000,325.000,300.000,300.000,-1,-1,-1,650.000,725.000,800.000,900.000,-1,2,0,1,0,2,0,0,0,0,2,2,2,1,1,0,1,2
78,-5914.342,823.697,37.808,167.895,-0.977686,-0.209680,-0.012837,0.209412,-0.977632,0.019570,-0.016653,0.016445,0.999726,0,0.56982,0.72538,34.189,1.451,-1,400.000,925.000,400.000,-1,325.000,325.000,300.000,300.000,-1,-1,-1,650.000,700.000,800.000,875.000,-1,2,0,1,0,2,0,0,0,0,2,2,2,1,1,0,1,2
79,-5946.804,829.945,37.281,169.105,-0.981897,-0.188974,-0.012946,0.188699,-0.981833,0.019917,-0.016475,0.017114,0.999718,0,0.55096,0.60538,33.058,1.211,-1,400.000,875.000,400.000,-1,325.000,325.000,300.000,300.000,-1,-1,-1,675.000,675.000,775.000,875.000,-1,2,0,1,0,2,0,0,0,0,2,2,2,1,1,1,1,2
80,-5979.254,835.622,36.752,170.076,-0.984957,-0.172310,-0.013001,0.172030,-0.984883,0.020283,-0.016299,0.017742,0.999710,0,0.54906,0.48538,32.943,0.971,-1,400.000,825.000,400.000,-1,325.000,325.000,300.000,300.000,-1,-1,-1,675.000,650.000,750.000,850.000,-1,2,0,1,0,2,0,0,0,0,2,2,2,1,1,1,1,2
81,-6011.709,840.875,36.226,170.807,-0.987074,-0.159733,-0.013048,0.159447,-0.986991,0.020644,-0.016176,0.018297,0.999702,0,0.54795,0.36538,32.877,0.731,-1,400.000,800.000,400.000,-1,325.000,325.000,300.000,300.000,-1,-1,-1,700.000,625.000,725.000,825.000,-1,2,0,1,0,2,0,0,0,0,2,2,2,1,1,1,1,2
82,-6044.184,845.845,35.701,171.298,-0.988405,-0.151272,-0.013093,0.150980,-0.988314,0.021007,-0.016117,0.018787,0.999694,0,0.54756,0.24538,32.854,0.491,-1,400.000,750.000,400.000,-1,325.000,325.000,300.000,300.000,-1,-1,-1,700.000,600.000,675.000,800.000,-1,2,0,1,0,2,0,0,0,0,2,2,2,1,1,1,1,2
83,-6076.707,850.592,35.176,171.696,-0.989432,-0.144403,-0.013135,0.144105,-0.989332,0.021371,-0.016081,0.019252,0.999685,0,0.54779,0.19896,32.868,0.398,-1,400.000,725.000,400.000,-1,325.000,325.000,300.000,300.000,-1,-1,-1,725.000,575.000,650.000,775.000,-1,2,0,1,0,2,0,0,0,0,2,2,2,1,1,1,1,2
84,-6109.299,855.114,34.651,172.101,-0.990429,-0.137394,-0.013174,0.137089,-0.990320,0.021736,-0.016033,0.019722,0.999677,0,0.54840,0.20284,32.904,0.406,-1,400.000,675.000,400.000,-1,325.000,325.000,300.000,300.000,-1,-1,-1,750.000,575.000,625.000,750.000,-1,2,0,1,0,2,0,0,0,0,2,2,2,1,1,1,1,2
85,-6141.973,859.406,34.127,172.515,-0.991395,-0.130240,-0.013210,0.129930,-0.991277,0.022101,-0.015973,0.020195,0.999668,0,0.54924,0.20681,32.954,0.414,-1,400.000,650.000,400.000,-1,325.000,325.000,300.000,300.000,-1,-1,-1,775.000,550.000,600.000,700.000,-1,2,0,1,0,2,0,0,0,0,2,2,2,1,1,1,1,2
86,-6179.459,863.897,33.533,173.169,-0.992815,-0.118922,-0.013244,0.118606,-0.992686,0.022519,-0.015825,0.020786,0.999659,0,0.62924,0.32681,37.754,0.654,-1,400.000,600.000,400.000,-1,325.000,325.000,300.000,300.000,-1,-1,-1,800.000,525.000,575.000,675.000,850.000,2,0,1,0,2,0,0,0,0,2,2,2,1,1,1,1,1
87,-6221.768,868.464,32.869,173.840,-0.994139,-0.107288,-0.013277,0.106965,-0.993997,0.022991,-0.015664,0.021436,0.999648,0,0.70924,0.33548,42.554,0.671,-1,375.000,575.000,400.000,-1,325.000,325.000,300.000,300.000,-1,-1,-1,850.000,475.000,525.000,650.000,725.000,2,1,1,0,2,0,0,0,0,2,2,2,1,1,1,1,1
88,-6265.985,872.714,32.183,174.508,-0.995323,-0.095677,-0.013305,0.095348,-0.995167,0.023483,-0.015488,0.022105,0.999636,0,0.74034,0.33437,44.421,0.669,-1,350.000,525.000,375.000,-1,325.000,325.000,300.000,300.000,-1,-1,-1,875.000,450.000,475.000,600.000,650.000,2,1,1,1,2,1,0,0,0,2,2,2,1,1,1,1,1
89,-6310.598,876.481,31.498,175.175,-0.996368,-0.084098,-0.013327,0.083763,-0.996197,0.023980,-0.015293,0.022777,0.999624,0,0.74619,0.33311,44.772,0.666,-1,325.000,475.000,350.000,-1,300.000,300.000,300.000,300.000,-1,-1,-1,925.000,425.000,425.000,550.000,575.000,2,1,1,1,2,1,1,0,0,2,2,2,1,1,1,1,1
90,-6355.603,879.755,30.817,175.838,-0.997275,-0.072558,-0.013343,0.072217,-0.997088,0.024481,-0.015080,0.023451,0.999611,0,0.75208,0.33167,45.125,0.663,-1,300.000,425.000,325.000,-1,275.000,275.000,300.000,300.000,-1,-1,-1,950.000,400.000,400.000,525.000,500.000,2,1,1,1,2,1,1,0,0,2,2,2,1,1,1,1,1
91,-6400.998,882.533,30.139,176.498,-0.998044,-0.061066,-0.013353,0.060719,-0.997842,0.024986,-0.014850,0.024126,0.999599,0,0.75799,0.33004,45.479,0.660,-1,275.000,400.000,275.000,-1,250.000,250.000,300.000,300.000,-1,-1,-1,1000.000,350.000,350.000,475.000,425.000,2,1,1,1,2,1,1,0,0,2,2,2,1,1,1,1,1
92,-6446.776,884.808,29.465,177.154,-0.998678,-0.049629,-0.013356,0.049277,-0.998460,0.025495,-0.014601,0.024803,0.999586,0,0.76392,0.32820,45.835,0.656,-1,250.000,350.000,250.000,-1,225.000,225.000,300.000,300.000,-1,-1,-1,-1,325.000,300.000,425.000,375.000,2,1,1,1,2,1,1,0,0,2,2,2,2,1,1,1,1
93,-6492.935,886.576,28.798,177.807,-0.999179,-0.038259,-0.013354,0.037902,-0.998943,0.026007,-0.014335,0.025480,0.999573,0,0.76987,0.32614,46.192,0.652,-1,225.000,300.000,225.000,400.000,200.000,200.000,300.000,300.000,-1,-1,-1,-1,300.000,250.000,375.000,300.000,2,1,1,1,1,1,1,0,0,2,2,2,2,1,1,1,1
94,-6539.467,887.832,28.137,178.454,-0.999547,-0.026965,-0.013346,0.026604,-0.999294,0.026524,-0.014052,0.026157,0.999559,0,0.77582,0.32382,46.549,0.648,975.000,200.000,250.000,175.000,325.000,175.000,150.000,300.000,300.000,-1,-1,-1,-1,250.000,225.000,325.000,250.000,1,1,1,1,1,1,1,0,0,2,2,2,2,1,1,1,1
95,-6586.368,888.570,32.067,179.097,-0.999875,-0.015759,0.000866,0.015775,-0.999561,0.025089,0.000470,0.025099,0.999685,0,0.78178,0.32123,46.907,0.642,975.000,200.000,250.000,150.000,275.000,150.000,150.000,325.000,325.000,-1,800.000,675.000,-1,250.000,200.000,350.000,225.000,1,1,1,1,1,1,1,0,0,2,0,0,2,1,1,1,1
96,-6633.631,888.792,40.994,179.733,-0.999532,-0.004652,0.030238,0.005063,-0.999896,0.013524,0.030172,0.013671,0.999451,0,0.78772,0.31833,47.263,0.637,-1,200.000,250.000,150.000,350.000,150.000,125.000,325.000,375.000,-1,225.000,250.000,-1,275.000,175.000,750.000,225.000,2,1,1,1,1,1,1,0,0,2,0,0,2,1,1,1,1
97,-4263.559,-4263.559,125.010,71.844,0.311494,-0.950196,0.009994,0.950122,0.311607,0.013022,-0.015488,0.005439,0.999865,1,0.00000,0.00000,47.617,0.630,-1,400.000,-1,400.000,-1,325.000,325.000,300.000,300.000,-1,-1,-1,-1,800.000,775.000,-1,-1,2,0,2,0,2,0,0,0,0,2,2,2,2,0,0,2,2
98,-4262.083,-4258.992,124.935,72.084,0.307510,-0.951492,0.010002,0.951418,0.307624,0.013131,-0.015571,0.005478,0.999864,0,0.08000,0.12000,4.800,0.240,-1,400.000,-1,400.000,-1,325.000,325.000,300.000,300.000,-1,-1,-1,-1,800.000,775.000,-1,-1,2,0,2,0,2,0,0,0,0,2,2,2,2,0,0,2,2
99,-4259.206,-4249.833,124.785,72.564,0.299526,-0.954036,0.010016,0.953958,0.299642,0.013350,-0.015738,0.005556,0.999861,0,0.16000,0.24000,9.600,0.480,-1,400.000,-1,400.000,-1,325.000,325.000,300.000,300.000,-1,-1,-1,-1,800.000,775.000,-1,-1,2,0,2,0,2,0,0,0,0,2,2,2,2,0,0,2,2
100,-4255.064,-4236.041,124.562,73.284,0.287510,-0.957725,0.010031,0.957644,0.287629,0.013682,-0.015988,0.005672,0.999856,0,0.24000,0.36000,14.400,0.720,-1,400.000,-1,400.000,-1,325.000,325.000,300.000,300.000,-1,-1,-1,-1,800.000,775.000,-1,-1,2,0,2,0,2,0,0,0,0,2,2,2,2,0,0,2,2
101,-4249.850,-4217.563,124.266,74.244,0.271419,-0.962409,0.010039,0.962323,0.271543,0.014128,-0.016323,0.005826,0.999850,0,0.32000,0.48000,19.200,0.960,-1,400.000,-1,400.000,-1,325.000,325.000,300.000,300.000,-1,-1,-1,-1,800.000,775.000,-1,-1,2,0,2,0,2,0,0,0,0,2,2,2,2,0,0,2,2
102,-4243.818,-4194.333,123.901,75.444,0.251199,-0.967883,0.010031,0.967791,0.251328,0.014692,-0.016741,0.006017,0.999842,0,0.40000,0.60000,24.000,1.200,-1,400.000,-1,400.000,-1,325.000,325.000,300.000,300.000,-1,-1,-1,-1,800.000,775.000,-1,-1,2,0,2,0,2,0,0,0,0,2,2,2,2,0,0,2,2
103,-4237.283,-4166.285,123.469,76.884,0.226791,-0.973892,0.009995,0.973791,0.226925,0.015378,-0.017244,0.006245,0.999832,0,0.48000,0.72000,28.800,1.440,-1,400.000,-1,400.000,-1,325.000,325.000,300.000,300.000,-1,-1,-1,-1,800.000,775.000,-1,-1,2,0,2,0,2,0,0,0,0,2,2,2,2,0,0,2,2
104,-4230.621,-4133.352,122.974,78.564,0.198134,-0.980125,0.009914,0.980013,0.198275,0.016189,-0.017833,0.006508,0.999820,0,0.56000,0.84000,33.600,1.680,-1,400.000,-1,400.000,-1,325.000,325.000,300.000,300.000,-1,-1,-1,-1,800.000,775.000,-1,-1,2,0,2,0,2,0,0,0,0,2,2,2,2,0,0,2,2
105,-4224.226,-4095.488,122.421,80.414,0.166377,-0.986014,0.009776,0.985888,0.166525,0.017127,-0.018515,0.006789,0.999806,0,0.64000,0.92514,38.400,1.850,-1,400.000,-1,400.000,-1,325.000,325.000,300.000,300.000,-1,-1,-1,-1,800.000,775.000,-1,-1,2,0,2,0,2,0,0,0,0,2,2,2,2,0,0,2,2
106,-4218.530,-4053.602,121.826,82.256,0.134580,-0.990856,0.009583,0.990715,0.134737,0.018168,-0.019293,0.007049,0.999789,0,0.70451,0.92124,42.271,1.842,-1,400.000,-1,400.000,-1,325.000,325.000,300.000,300.000,-1,-1,-1,-1,800.000,775.000,-1,-1,2,0,2,0,2,0,0,0,0,2,2,2,2,0,0,2,2
107,-4214.170,-4011.477,121.242,84.091,0.102786,-0.994660,0.009331,0.994501,0.102950,0.019220,-0.020078,0.007304,0.999772,0,0.70585,0.91717,42.351,1.834,-1,400.000,-1,400.000,-1,325.000,325.000,300.000,300.000,-1,-1,-1,-1,775.000,750.000,-1,-1,2,0,2,0,2,0,0,0,0,2,2,2,2,0,0,2,2
108,-4211.150,-3969.160,120.670,85.917,0.071023,-0.997434,0.009021,0.997256,0.071193,0.020279,-0.020869,0.007556,0.999754,0,0.70707,0.91330,42.424,1.827,-1,400.000,-1,400.000,-1,325.000,325.000,300.000,300.000,-1,-1,-1,-1,775.000,750.000,-1,-1,2,0,2,0,2,0,0,0,0,2,2,2,2,0,0,2,2
109,-4209.472,-3926.701,119.954,87.737,0.039327,-0.999192,0.008244,0.999001,0.039493,0.020929,-0.021238,0.007413,0.999747,0,0.70820,0.90962,42.492,1.819,-1,400.000,-1,400.000,-1,325.000,325.000,300.000,300.000,-1,-1,-1,-1,775.000,750.000,-1,-1,2,0,2,0,2,0,0,0,0,2,2,2,2,0,0,2,2
110,-4209.134,-3883.766,118.999,89.550,0.007689,-0.999938,0.008050,0.999747,0.007857,0.021082,-0.021144,0.007886,0.999745,0,0.71560,0.90660,42.936,1.813,-1,400.000,-1,400.000,-1,325.000,325.000,300.000,300.000,-1,-1,-1,-1,775.000,750.000,-1,-1,2,0,2,0,2,0,0,0,0,2,2,2,2,0,0,2,2
111,-4210.155,-3840.791,118.052,91.361,-0.023919,-0.999683,0.007860,0.999492,-0.023747,0.021249,-0.021056,0.008364,0.999743,0,0.71645,0.90550,42.987,1.811,-1,400.000,-1,400.000,-1,325.000,325.000,300.000,300.000,-1,-1,-1,-1,775.000,750.000,-1,-1,2,0,2,0,2,0,0,0,0,2,2,2,2,0,0,2,2
112,-4212.535,-3797.820,117.115,93.170,-0.055471,-0.998431,0.007665,0.998240,-0.055296,0.021424,-0.020967,0.008840,0.999741,0,0.71729,0.90460,43.037,1.809,-1,400.000,-1,400.000,-1,325.000,325.000,300.000,300.000,-1,-1,-1,-1,775.000,750.000,-1,-1,2,0,2,0,2,0,0,0,0,2,2,2,2,0,0,2,2
113,-4216.274,-3754.896,116.189,94.978,-0.086944,-0.996185,0.007465,0.995994,-0.086766,0.021606,-0.020876,0.009313,0.999739,0,0.71810,0.90389,43.086,1.808,-1,400.000,-1,400.000,-1,325.000,325.000,300.000,300.000,-1,-1,-1,-1,775.000,750.000,-1,-1,2,0,2,0,2,0,0,0,0,2,2,2,2,0,0,2,2
114,-4221.370,-3712.064,115.273,96.785,-0.118312,-0.992950,0.007259,0.992759,-0.118130,0.021796,-0.020784,0.009785,0.999736,0,0.71891,0.90338,43.134,1.807,-1,400.000,-1,400.000,-1,325.000,325.000,300.000,300.000,-1,-1,-1,-1,775.000,750.000,-1,-1,2,0,2,0,2,0,0,0,0,2,2,2,2,0,0,2,2
115,-4226.937,-3674.136,114.468,98.351,-0.145420,-0.989345,0.007070,0.989153,-0.145234,0.021969,-0.020708,0.010188,0.999734,0,0.63891,0.78338,38.334,1.567,-1,400.000,-1,400.000,-1,325.000,325.000,300.000,300.000,-1,-1,-1,-1,775.000,750.000,-1,-1,2,0,2,0,2,0,0,0,0,2,2,2,2,0,0,2,2
116,-4232.575,-3641.079,113.770,99.678,-0.168290,-0.985713,0.006902,0.985521,-0.168102,0.022124,-0.020648,0.010525,0.999731,0,0.55891,0.66338,33.534,1.327,-1,400.000,-1,400.000,-1,325.000,325.000,300.000,300.000,-1,-1,-1,-1,775.000,750.000,-1,-1,2,0,2,0,2,0,0,0,0,2,2,2,2,0,0,2,2
117,-4237.942,-3612.850,113.177,100.765,-0.186957,-0.982345,0.006754,0.982152,-0.186767,0.022259,-0.020605,0.010795,0.999729,0,0.47891,0.54338,28.734,1.087,-1,400.000,-1,400.000,-1,325.000,325.000,300.000,300.000,-1,-1,-1,-1,775.000,750.000,-1,-1,2,0,2,0,2,0,0,0,0,2,2,2,2,0,0,2,2
118,-4242.759,-3589.405,112.686,101.612,-0.201455,-0.979475,0.006630,0.979282,-0.201263,0.022374,-0.020580,0.011000,0.999728,0,0.39891,0.42338,23.934,0.847,-1,400.000,-1,400.000,-1,325.000,325.000,300.000,300.000,-1,-1,-1,-1,775.000,750.000,-1,-1,2,0,2,0,2,0,0,0,0,2,2,2,2,0,0,2,2
119,-4246.809,-3570.704,112.295,102.218,-0.211817,-0.977288,0.006529,0.977093,-0.211624,0.022466,-0.020574,0.011138,0.999726,0,0.31891,0.30338,19.134,0.607,-1,400.000,-1,400.000,-1,325.000,325.000,300.000,300.000,-1,-1,-1,-1,775.000,750.000,-1,-1,2,0,2,0,2,0,0,0,0,2,2,2,2,0,0,2,2
120,-4249.932,-3556.714,112.003,102.585,-0.218068,-0.975912,0.006453,0.975716,-0.217875,0.022537,-0.020588,0.011211,0.999725,0,0.23891,0.18338,14.334,0.367,-1,400.000,-1,400.000,-1,325.000,325.000,300.000,300.000,-1,-1,-1,-1,775.000,750.000,-1,-1,2,0,2,0,2,0,0,0,0,2,2,2,2,0,0,2,2
121,-4252.030,-3547.413,111.809,102.712,-0.220227,-0.975428,0.006403,0.975231,-0.220034,0.022584,-0.020620,0.011218,0.999724,0,0.15891,0.06338,9.534,0.127,-1,400.000,-1,400.000,-1,325.000,325.000,300.000,300.000,-1,-1,-1,-1,775.000,750.000,-1,-1,2,0,2,0,2,0,0,0,0,2,2,2,2,0,0,2,2
122,-4253.063,-3542.793,111.713,102.599,-0.218298,-0.975861,0.006379,0.975663,-0.218106,0.022608,-0.020671,0.011159,0.999724,0,0.07891,-0.05662,4.734,-0.113,-1,400.000,-1,400.000,-1,325.000,325.000,300.000,300.000,-1,-1,-1,-1,775.000,750.000,-1,-1,2,0,2,0,2,0,0,0,0,2,2,2,2,0,0,2,2
123,-4253.049,-3542.857,111.715,102.245,-0.212276,-0.977189,0.006381,0.976990,-0.212086,0.022610,-0.020741,0.011034,0.999724,0,-0.00109,-0.17662,-0.066,-0.353,-1,400.000,-1,400.000,-1,325.000,325.000,300.000,300.000,-1,-1,-1,-1,775.000,750.000,-1,-1,2,0,2,0,2,0,0,0,0,2,2,2,2,0,0,2,2
124,-4252.066,-3547.622,111.816,101.652,-0.202146,-0.979334,0.006411,0.979134,-0.201957,0.022589,-0.020827,0.010843,0.999724,0,-0.08109,-0.29662,-4.866,-0.593,-1,400.000,-1,400.000,-1,325.000,325.000,300.000,300.000,-1,-1,-1,-1,775.000,750.000,-1,-1,2,0,2,0,2,0,0,0,0,2,2,2,2,0,0,2,2
125,-4250.252,-3557.116,112.018,100.819,-0.187881,-0.982170,0.006466,0.981969,-0.187694,0.022546,-0.020930,0.010585,0.999725,0,-0.16109,-0.41662,-9.666,-0.833,-1,400.000,-1,400.000,-1,325.000,325.000,300.000,300.000,-1,-1,-1,-1,775.000,750.000,-1,-1,2,0,2,0,2,0,0,0,0,2,2,2,2,0,0,2,2
126,-4247.757,-3571.364,112.322,99.933,-0.172668,-0.984958,0.006546,0.984756,-0.172484,0.022480,-0.021013,0.010328,0.999726,0,-0.24109,-0.44304,-14.466,-0.886,-1,400.000,-1,400.000,-1,325.000,325.000,300.000,300.000,-1,-1,-1,-1,775.000,750.000,-1,-1,2,0,2,0,2,0,0,0,0,2,2,2,2,0,0,2,2
127,-4244.727,-3590.390,112.728,99.047,-0.157424,-0.987509,0.006650,0.987306,-0.157241,0.022393,-0.021068,0.010091,0.999727,0,-0.32109,-0.44277,-19.266,-0.886,-1,400.000,-1,400.000,-1,325.000,325.000,300.000,300.000,-1,-1,-1,-1,775.000,750.000,-1,-1,2,0,2,0,2,0,0,0,0,2,2,2,2,0,0,2,2
128,-4241.311,-3614.212,113.237,98.163,-0.142157,-0.989821,0.006778,0.989619,-0.141975,0.022284,-0.021095,0.009876,0.999729,0,-0.40109,-0.44234,-24.066,-0.885,-1,400.000,-1,400.000,-1,325.000,325.000,300.000,300.000,-1,-1,-1,-1,775.000,750.000,-1,-1,2,0,2,0,2,0,0,0,0,2,2,2,2,0,0,2,2
129,-4238.146,-3638.988,113.769,97.279,-0.126876,-0.991895,0.006909,0.991694,-0.126696,0.022173,-0.021118,0.009665,0.999730,0,-0.41630,-0.44176,-24.978,-0.884,-1,400.000,-1,400.000,-1,325.000,325.000,300.000,300.000,-1,-1,-1,-1,775.000,750.000,-1,-1,2,0,2,0,2,0,0,0,0,2,2,2,2,0,0,2,2
130,-4235.361,-3663.831,114.305,96.397,-0.111587,-0.993730,0.007039,0.993530,-0.111408,0.022064,-0.021141,0.009455,0.999732,0,-0.41664,-0.44112,-24.999,-0.882,-1,400.000,-1,400.000,-1,325.000,325.000,300.000,300.000,-1,-1,-1,-1,775.000,750.000,-1,-1,2,0,2,0,2,0,0,0,0,2,2,2,2,0,0,2,2
131,-4232.956,-3688.735,114.843,95.516,-0.096295,-0.995327,0.007166,0.995128,-0.096118,0.021956,-0.021164,0.009246,0.999733,0,-0.41700,-0.44045,-25.020,-0.881,-1,400.000,-1,400.000,-1,325.000,325.000,300.000,300.000,-1,-1,-1,-1,775.000,750.000,-1,-1,2,0,2,0,2,0,0,0,0,2,2,2,2,0,0,2,2
132,-4230.931,-3713.694,115.386,94.636,-0.081005,-0.996687,0.007293,0.996488,-0.080829,0.021849,-0.021188,0.009037,0.999735,0,-0.41735,-0.43973,-25.041,-0.879,-1,400.000,-1,400.000,-1,325.000,325.000,300.000,300.000,-1,-1,-1,-1,775.000,750.000,-1,-1,2,0,2,0,2,0,0,0,0,2,2,2,2,0,0,2,2
133,-4229.289,-3738.703,115.931,93.758,-0.065723,-0.997810,0.007417,0.997612,-0.065548,0.021745,-0.021211,0.008829,0.999736,0,-0.41771,-0.43899,-25.063,-0.878,-1,400.000,-1,400.000,-1,325.000,325.000,300.000,300.000,-1,-1,-1,-1,775.000,750.000,-1,-1,2,0,2,0,2,0,0,0,0,2,2,2,2,0,0,2,2
134,-4228.027,-3763.756,116.481,92.882,-0.050452,-0.998698,0.007541,0.998501,-0.050278,0.021642,-0.021235,0.008621,0.999737,0,-0.41807,-0.43820,-25.084,-0.876,-1,400.000,-1,400.000,-1,325.000,325.000,300.000,300.000,-1,-1,-1,-1,775.000,750.000,-1,-1,2,0,2,0,2,0,0,0,0,2,2,2,2,0,0,2,2
135,-4227.148,-3788.846,117.033,92.007,-0.035197,-0.999351,0.007662,0.999154,-0.035025,0.021541,-0.021259,0.008414,0.999739,0,-0.41843,-0.43739,-25.106,-0.875,-1,400.000,-1,400.000,-1,325.000,325.000,300.000,300.000,-1,-1,-1,-1,775.000,750.000,-1,-1,2,0,2,0,2,0,0,0,0,2,2,2,2,0,0,2,2
