timestep,x_cm,y_cm,z_cm,yaw_deg,basis_xx,basis_xy,basis_xz,basis_yx,basis_yy,basis_yz,basis_zx,basis_zy,basis_zz,teleport_flag,throttle_cmd,steering_cmd,cmd_move_cm,cmd_turn_deg,lidar_cm_0,lidar_cm_1,lidar_cm_2,lidar_cm_3,lidar_cm_4,lidar_cm_5,lidar_cm_6,lidar_cm_7,lidar_cm_8,lidar_cm_9,lidar_cm_10,lidar_cm_11,lidar_cm_12,lidar_cm_13,lidar_cm_14,lidar_cm_15,lidar_cm_16,lidar_class_0,lidar_class_1,lidar_class_2,lidar_class_3,lidar_class_4,lidar_class_5,lidar_class_6,lidar_class_7,lidar_class_8,lidar_class_9,lidar_class_10,lidar_class_11,lidar_class_12,lidar_class_13,lidar_class_14,lidar_class_15,lidar_class_16
0,-324.927,-5571.705,83.644,50.742,0.631322,-0.774149,0.046109,0.774005,0.632689,0.024919,-0.048464,0.019957,0.998626,1,0.08000,-0.12000,4.800,-0.240,-1,400.000,-1,375.000,-1,325.000,325.000,300.000,300.000,-1,650.000,550.000,-1,825.000,700.000,-1,-1,2,0,2,0,2,0,0,0,0,2,1,1,2,0,0,2,2
1,-318.790,-5564.323,83.215,50.262,0.637793,-0.768827,0.046089,0.768674,0.639157,0.024862,-0.048573,0.019570,0.998628,0,0.16000,-0.24000,9.600,-0.480,-1,400.000,-1,375.000,-1,325.000,325.000,300.000,300.000,-1,675.000,575.000,-1,825.000,700.000,-1,-1,2,0,2,0,2,0,0,0,0,2,1,1,2,0,0,2,2
2,-309.445,-5553.366,82.570,49.542,0.647417,-0.760743,0.046051,0.760578,0.648775,0.024757,-0.048710,0.018997,0.998632,0,0.24000,-0.36000,14.400,-0.720,-1,400.000,-1,375.000,-1,325.000,325.000,300.000,300.000,-1,700.000,600.000,-1,825.000,700.000,-1,-1,2,0,2,0,2,0,0,0,0,2,1,1,2,0,0,2,2
3,-296.744,-5538.968,81.724,48.582,0.660090,-0.749779,0.045960,0.749590,0.661440,0.024729,-0.048941,0.018127,0.998637,0,0.32000,-0.48000,19.200,-0.960,-1,400.000,-1,375.000,-1,325.000,325.000,300.000,300.000,-1,725.000,625.000,-1,825.000,700.000,-1,-1,2,0,2,0,2,0,0,0,0,2,1,1,2,0,0,2,2
4,-280.493,-5521.307,80.676,47.382,0.675673,-0.735778,0.045784,0.735553,0.677012,0.024829,-0.049265,0.016900,0.998643,0,0.40000,-0.60000,24.000,-1.200,-1,400.000,-1,375.000,-1,325.000,325.000,300.000,300.000,-1,775.000,650.000,-1,825.000,700.000,-1,-1,2,0,2,0,2,0,0,0,0,2,1,1,2,0,0,2,2
5,-260.466,-5500.610,79.350,45.942,0.693998,-0.718552,0.045275,0.718278,0.695307,0.024999,-0.049443,0.015171,0.998662,0,0.48000,-0.72000,28.800,-1.440,-1,400.000,-1,375.000,-1,325.000,325.000,300.000,300.000,-1,825.000,700.000,-1,825.000,700.000,-1,-1,2,0,2,0,2,0,0,0,0,2,1,1,2,0,0,2,2
6,-236.403,-5477.160,77.780,44.262,0.714823,-0.697879,0.044637,0.697545,0.716096,0.025250,-0.049586,0.013087,0.998684,0,0.56000,-0.84000,33.600,-1.680,-1,400.000,-1,375.000,-1,325.000,325.000,300.000,300.000,-1,900.000,775.000,-1,825.000,700.000,-1,-1,2,0,2,0,2,0,0,0,0,2,1,1,2,0,0,2,2
7,-208.101,-5451.206,75.957,42.523,0.735741,-0.675841,0.043866,0.675440,0.736969,0.025642,-0.049658,0.010763,0.998708,0,0.64000,-0.86969,38.400,-1.739,-1,400.000,-1,375.000,-1,325.000,325.000,300.000,300.000,-1,975.000,825.000,-1,825.000,675.000,-1,-1,2,0,2,0,2,0,0,0,0,2,1,1,2,0,0,2,2
8,-176.577,-5423.982,73.949,40.814,0.755634,-0.653582,0.042991,0.653110,0.756810,0.026176,-0.049644,0.008298,0.998733,0,0.69422,-0.85431,41.653,-1.709,-1,400.000,-1,375.000,-1,325.000,325.000,300.000,300.000,-1,-1,925.000,-1,825.000,675.000,-1,-1,2,0,2,0,2,0,0,0,0,2,2,1,2,0,0,2,2
9,-143.697,-5397.224,71.874,39.138,0.774491,-0.631185,0.042059,0.630642,0.775611,0.026809,-0.049543,0.005761,0.998755,0,0.70652,-0.83777,42.391,-1.676,-1,400.000,-1,375.000,-1,325.000,325.000,300.000,300.000,-1,-1,1000.000,-1,800.000,675.000,-1,-1,2,0,2,0,2,0,0,0,0,2,2,1,2,0,0,2,2
10,-109.481,-5370.973,69.735,37.496,0.792331,-0.608707,0.041075,0.608091,0.793389,0.027541,-0.049353,0.003156,0.998776,0,0.71877,-0.82106,43.126,-1.642,-1,400.000,-1,375.000,-1,325.000,325.000,300.000,300.000,-1,-1,-1,-1,800.000,675.000,-1,-1,2,0,2,0,2,0,0,0,0,2,2,2,2,0,0,2,2
11,-73.950,-5345.264,67.571,35.888,0.809184,-0.586201,0.039869,0.585511,0.810166,0.028423,-0.048962,0.000344,0.998801,0,0.73095,-0.80419,43.857,-1.608,-1,400.000,-1,375.000,-1,325.000,300.000,300.000,300.000,-1,-1,-1,-1,775.000,675.000,-1,-1,2,0,2,0,2,0,0,0,0,2,2,2,2,0,0,2,2
12,-37.126,-5320.131,65.561,34.314,0.825114,-0.563717,0.037536,0.562936,0.825960,0.029878,-0.047846,-0.003522,0.998849,0,0.74305,-0.78718,44.583,-1.574,-1,400.000,-1,375.000,-1,325.000,300.000,325.000,300.000,-1,1000.000,-1,-1,775.000,675.000,-1,-1,2,0,2,0,2,0,0,0,0,2,0,2,2,0,0,2,2
13,0.966,-5295.607,63.434,32.773,0.840091,-0.541303,0.035187,0.540421,0.840792,0.031849,-0.046824,-0.007740,0.998873,0,0.75507,-0.77001,45.304,-1.540,-1,400.000,-1,375.000,-1,325.000,300.000,300.000,300.000,-1,850.000,-1,-1,750.000,675.000,-1,-1,2,0,2,0,2,0,0,0,0,2,0,2,2,0,0,2,2
14,40.301,-5271.720,61.265,31.268,0.854141,-0.519006,0.032806,0.518033,0.854686,0.033960,-0.045664,-0.012012,0.998885,0,0.76700,-0.75271,46.020,-1.505,-1,400.000,-1,375.000,-1,325.000,300.000,300.000,300.000,-1,700.000,-1,-1,750.000,675.000,-1,-1,2,0,2,0,2,0,0,0,0,2,0,2,2,0,0,2,2
15,80.852,-5248.497,59.055,29.798,0.867292,-0.496871,0.030396,0.495819,0.867671,0.036210,-0.044366,-0.016334,0.998882,0,0.77883,-0.73526,46.730,-1.471,-1,400.000,-1,375.000,-1,325.000,300.000,300.000,300.000,-1,600.000,950.000,-1,750.000,675.000,-1,-1,2,0,2,0,2,0,0,0,0,2,0,0,2,0,0,2,2
16,122.592,-5225.963,57.098,28.362,0.879521,-0.474953,0.029360,0.473833,0.879795,0.038004,-0.043881,-0.019514,0.998846,0,0.79057,-0.71768,47.434,-1.435,-1,375.000,-1,375.000,-1,300.000,300.000,300.000,300.000,-1,600.000,925.000,-1,725.000,675.000,-1,-1,2,0,2,0,2,0,0,0,0,2,0,0,2,0,0,2,2
17,165.493,-5204.138,55.160,26.962,0.890911,-0.453290,0.028382,0.452117,0.891082,0.039542,-0.043214,-0.022397,0.998815,0,0.80222,-0.69996,48.133,-1.400,-1,375.000,-1,375.000,-1,300.000,300.000,300.000,300.000,-1,600.000,875.000,-1,725.000,675.000,-1,-1,2,0,2,0,2,0,0,0,0,2,0,0,2,0,0,2,2
18,209.527,-5183.042,53.544,25.598,0.901503,-0.431935,0.026918,0.430813,0.901595,0.039058,-0.041140,-0.023614,0.998874,0,0.81378,-0.68210,48.827,-1.364,-1,375.000,-1,375.000,-1,300.000,300.000,300.000,300.000,-1,575.000,800.000,-1,725.000,675.000,-1,-1,2,0,2,0,2,0,0,0,0,2,0,0,2,0,0,2,2
19,254.666,-5162.689,51.921,24.270,0.911324,-0.410909,0.025334,0.409843,0.911340,0.038584,-0.038943,-0.024779,0.998934,0,0.82526,-0.66412,49.516,-1.328,-1,375.000,-1,375.000,-1,300.000,300.000,325.000,300.000,-1,575.000,725.000,-1,725.000,675.000,-1,-1,2,0,2,0,2,0,0,0,0,2,0,0,2,0,0,2,2
20,300.883,-5143.092,50.290,22.978,0.920408,-0.390245,0.023631,0.389240,0.920347,0.038127,-0.036628,-0.025895,0.998993,0,0.83667,-0.64600,50.200,-1.292,-1,375.000,-1,375.000,-1,300.000,300.000,325.000,300.000,-1,550.000,675.000,-1,725.000,675.000,-1,-1,2,0,2,0,2,0,0,0,0,2,0,0,2,0,0,2,2
21,348.151,-5124.260,48.653,21.722,0.928786,-0.369975,0.021809,0.369036,0.928650,0.037693,-0.034198,-0.026960,0.999051,0,0.84801,-0.62774,50.881,-1.255,-1,375.000,-1,375.000,-1,300.000,300.000,325.000,300.000,-1,550.000,650.000,-1,725.000,675.000,-1,-1,2,0,2,0,2,0,0,0,0,2,0,0,2,0,0,2,2
22,396.304,-5106.260,47.017,20.496,0.936540,-0.349997,0.019876,0.349128,0.936333,0.037286,-0.031661,-0.027981,0.999107,0,0.85680,-0.61344,51.408,-1.227,-1,375.000,-1,375.000,-1,325.000,300.000,325.000,300.000,-1,550.000,650.000,-1,725.000,675.000,-1,-1,2,0,2,0,2,0,0,0,0,2,0,0,2,0,0,2,2
23,444.832,-5089.296,45.400,19.269,0.943861,-0.329859,0.017853,0.329064,0.943586,0.036916,-0.029023,-0.028969,0.999159,0,0.85680,-0.61344,51.408,-1.227,-1,400.000,-1,375.000,-1,325.000,300.000,325.000,300.000,-1,550.000,625.000,-1,725.000,675.000,-1,-1,2,0,2,0,2,0,0,0,0,2,0,0,2,0,0,2,2
24,493.712,-5073.374,43.790,18.042,0.950747,-0.309570,0.015674,0.308854,0.950403,0.036636,-0.026238,-0.029990,0.999206,0,0.85680,-0.61344,51.408,-1.227,-1,375.000,-1,375.000,-1,325.000,300.000,325.000,300.000,-1,550.000,600.000,-1,725.000,675.000,-1,-1,2,0,2,0,2,0,0,0,0,2,0,0,2,0,0,2,2
25,538.270,-5059.704,42.269,17.055,0.955975,-0.293145,0.013340,0.292507,0.955562,0.036626,-0.023484,-0.031112,0.999240,0,0.77680,-0.49344,46.608,-0.987,-1,375.000,-1,375.000,-1,325.000,300.000,325.000,300.000,-1,475.000,550.000,-1,725.000,700.000,-1,-1,2,0,2,0,2,0,0,0,0,2,0,0,2,0,0,2,2
26,580.942,-5047.219,40.946,16.308,0.959743,-0.280652,0.011329,0.280074,0.959261,0.037100,-0.021280,-0.032433,0.999247,0,0.74101,-0.37344,44.461,-0.747,-1,375.000,-1,375.000,-1,325.000,300.000,325.000,300.000,-1,425.000,500.000,-1,725.000,700.000,-1,-1,2,0,2,0,2,0,0,0,0,2,0,0,2,0,0,2,2
27,623.767,-5035.272,39.880,15.587,0.963222,-0.268541,0.009444,0.268003,0.962647,0.038543,-0.019442,-0.034594,0.999212,0,0.74101,-0.36046,44.461,-0.721,-1,375.000,-1,375.000,-1,325.000,300.000,325.000,300.000,-1,400.000,475.000,-1,725.000,700.000,-1,-1,2,0,2,0,2,0,0,0,0,2,0,0,2,0,0,2,2
28,666.739,-5023.864,38.900,14.866,0.966547,-0.256386,0.007328,0.255901,0.965867,0.040195,-0.017383,-0.036975,0.999165,0,0.74101,-0.36046,44.461,-0.721,-1,375.000,-1,375.000,-1,325.000,325.000,325.000,300.000,-1,375.000,450.000,-1,725.000,700.000,-1,-1,2,0,2,0,2,0,0,0,0,2,0,0,2,0,0,2,2
29,709.852,-5012.998,37.983,14.145,0.969712,-0.244193,0.005419,0.243764,0.968936,0.041741,-0.015443,-0.039155,0.999114,0,0.74101,-0.36046,44.461,-0.721,-1,375.000,-1,375.000,-1,325.000,325.000,300.000,300.000,-1,375.000,450.000,-1,700.000,725.000,-1,-1,2,0,2,0,2,0,0,0,0,2,0,0,2,0,0,2,2
30,753.098,-5002.675,37.468,13.424,0.972710,-0.231977,0.004661,0.231584,0.971908,0.041991,-0.014271,-0.039766,0.999107,0,0.74101,-0.36046,44.461,-0.721,-1,375.000,-1,375.000,-1,325.000,325.000,300.000,300.000,-1,400.000,475.000,-1,700.000,725.000,-1,-1,2,0,2,0,2,0,0,0,0,2,0,0,2,0,0,2,2
31,796.470,-4992.898,37.055,12.703,0.975554,-0.219728,0.003748,0.219384,0.974740,0.041862,-0.012851,-0.040016,0.999116,0,0.74101,-0.36046,44.461,-0.721,-1,375.000,-1,375.000,-1,325.000,325.000,300.000,300.000,-1,425.000,500.000,-1,700.000,725.000,-1,-1,2,0,2,0,2,0,0,0,0,2,0,0,2,0,0,2,2
32,839.962,-4983.668,36.669,11.982,0.978243,-0.207444,0.002842,0.207149,0.977420,0.041713,-0.011431,-0.040217,0.999126,0,0.74101,-0.36046,44.461,-0.721,-1,375.000,-1,375.000,-1,325.000,325.000,300.000,300.000,-1,450.000,525.000,-1,700.000,725.000,-1,-1,2,0,2,0,2,0,0,0,0,2,0,0,2,0,0,2,2
33,883.567,-4974.985,36.310,11.262,0.980776,-0.195129,0.001942,0.194882,0.979946,0.041550,-0.010010,-0.040372,0.999135,0,0.74101,-0.36046,44.461,-0.721,-1,375.000,-1,375.000,-1,325.000,325.000,300.000,300.000,-1,475.000,525.000,-1,700.000,725.000,-1,-1,2,0,2,0,2,0,0,0,0,2,0,0,2,0,0,2,2
34,927.277,-4966.852,35.977,10.541,0.983153,-0.182783,0.001046,0.182584,0.982319,0.041373,-0.008590,-0.040485,0.999143,0,0.74101,-0.36046,44.461,-0.721,-1,375.000,-1,375.000,-1,325.000,325.000,325.000,300.000,-1,500.000,550.000,-1,700.000,725.000,-1,-1,2,0,2,0,2,0,0,0,0,2,0,0,2,0,0,2,2
35,971.086,-4959.269,35.671,9.820,0.985374,-0.170408,0.000155,0.170257,0.984539,0.041186,-0.007171,-0.040557,0.999151,0,0.74101,-0.36046,44.461,-0.721,-1,375.000,-1,400.000,-1,325.000,325.000,325.000,300.000,-1,525.000,575.000,-1,700.000,725.000,-1,-1,2,0,2,0,2,0,0,0,0,2,0,0,2,0,0,2,2
36,1014.988,-4952.239,35.390,9.099,0.987438,-0.158007,-0.000734,0.157904,0.986603,0.040992,-0.005753,-0.040593,0.999159,0,0.74101,-0.36046,44.461,-0.721,-1,375.000,-1,400.000,-1,325.000,325.000,325.000,300.000,-1,550.000,575.000,-1,700.000,725.000,-1,-1,2,0,2,0,2,0,0,0,0,2,0,0,2,0,0,2,2
37,1058.974,-4945.761,35.135,8.378,0.989345,-0.145581,-0.001620,0.145525,0.988513,0.040794,-0.004338,-0.040595,0.999166,0,0.74101,-0.36046,44.461,-0.721,-1,375.000,-1,400.000,-1,325.000,325.000,325.000,300.000,-1,550.000,600.000,-1,700.000,725.000,-1,-1,2,0,2,0,2,0,0,0,0,2,0,0,2,0,0,2,2
38,1103.038,-4939.837,34.905,7.657,0.991095,-0.133132,-0.002504,0.133124,0.990268,0.040595,-0.002925,-0.040567,0.999173,0,0.74101,-0.36046,44.461,-0.721,-1,375.000,-1,400.000,-1,325.000,325.000,300.000,300.000,-1,575.000,625.000,-1,700.000,725.000,-1,-1,2,0,2,0,2,0,0,0,0,2,0,0,2,0,0,2,2
39,1148.415,-4934.510,34.703,6.696,0.993184,-0.116506,-0.003422,0.116549,0.992362,0.040419,-0.001313,-0.040543,0.999177,0,0.76148,-0.48046,45.689,-0.961,-1,375.000,-1,375.000,-1,325.000,325.000,300.000,300.000,-1,600.000,625.000,-1,725.000,725.000,-1,-1,2,0,2,0,2,0,0,0,0,2,0,0,2,0,0,2,2
40,1193.894,-4930.135,34.541,5.495,0.995402,-0.095683,-0.004347,0.095780,0.994587,0.040293,0.000468,-0.040524,0.999178,0,0.76148,-0.60046,45.689,-1.201,-1,375.000,-1,375.000,-1,325.000,325.000,300.000,300.000,-1,625.000,650.000,-1,725.000,725.000,-1,-1,2,0,2,0,2,0,0,0,0,2,0,0,2,0,0,2,2
41,1239.468,-4926.887,34.427,4.077,0.997460,-0.071035,-0.005273,0.071190,0.996651,0.040231,0.002397,-0.040504,0.999176,0,0.76148,-0.70917,45.689,-1.418,-1,375.000,-1,375.000,-1,325.000,325.000,300.000,300.000,-1,625.000,650.000,-1,725.000,725.000,-1,-1,2,0,2,0,2,0,0,0,0,2,0,0,2,0,0,2,2
42,1285.107,-4924.768,34.359,2.658,0.998906,-0.046344,-0.006187,0.046556,0.998106,0.040214,0.004311,-0.040459,0.999172,0,0.76148,-0.70917,45.689,-1.418,-1,375.000,-1,375.000,-1,325.000,325.000,300.000,300.000,-1,675.000,675.000,-1,725.000,725.000,-1,-1,2,0,2,0,2,0,0,0,0,2,0,0,2,0,0,2,2
43,1330.786,-4923.779,34.579,1.240,0.999743,-0.021625,-0.006841,0.021885,0.998940,0.040498,0.005958,-0.040637,0.999156,0,0.76148,-0.70917,45.689,-1.418,-1,375.000,-1,375.000,-1,325.000,325.000,300.000,300.000,-1,700.000,700.000,-1,725.000,725.000,-1,-1,2,0,2,0,2,0,0,0,0,2,0,0,2,0,0,2,2
44,1376.474,-4923.921,35.098,-0.178,0.999967,0.003107,-0.007523,-0.002801,0.999181,0.040378,0.007642,-0.040356,0.999156,0,0.76148,-0.70917,45.689,-1.418,-1,375.000,-1,375.000,-1,325.000,325.000,300.000,300.000,-1,750.000,700.000,-1,725.000,725.000,-1,-1,2,0,2,0,2,0,0,0,0,2,0,0,2,0,0,2,2
45,1422.145,-4925.195,35.664,-1.597,0.999579,0.027839,-0.008192,-0.027487,0.998809,0.040304,0.009304,-0.040062,0.999154,0,0.76148,-0.70917,45.689,-1.418,-1,375.000,-1,375.000,-1,325.000,325.000,300.000,300.000,-1,775.000,725.000,-1,725.000,725.000,-1,-1,2,0,2,0,2,0,0,0,0,2,0,0,2,0,0,2,2
46,1467.771,-4927.598,36.275,-3.015,0.998579,0.052553,-0.008846,-0.052157,0.997826,0.040282,0.010944,-0.039763,0.999149,0,0.76148,-0.70917,45.689,-1.418,-1,400.000,-1,375.000,-1,325.000,325.000,300.000,300.000,-1,825.000,725.000,-1,725.000,700.000,-1,-1,2,0,2,0,2,0,0,0,0,2,0,0,2,0,0,2,2
47,1513.323,-4931.130,36.930,-4.433,0.996968,0.077236,-0.009484,-0.076796,0.996231,0.040316,0.012562,-0.039466,0.999142,0,0.76148,-0.70917,45.689,-1.418,-1,400.000,-1,375.000,-1,325.000,325.000,300.000,300.000,-1,850.000,750.000,-1,725.000,700.000,-1,-1,2,0,2,0,2,0,0,0,0,2,0,0,2,0,0,2,2
48,1558.774,-4935.788,37.627,-5.852,0.994746,0.101872,-0.010103,-0.101388,0.994026,0.040414,0.014159,-0.039177,0.999132,0,0.76148,-0.70917,45.689,-1.418,-1,400.000,-1,375.000,-1,325.000,325.000,300.000,300.000,-1,875.000,775.000,-1,700.000,700.000,-1,-1,2,0,2,0,2,0,0,0,0,2,0,0,2,0,0,2,2
49,1604.096,-4941.570,38.367,-7.270,0.991916,0.126447,-0.010699,-0.125919,0.991210,0.040579,0.015736,-0.038904,0.999119,0,0.76148,-0.70917,45.689,-1.418,-1,400.000,-1,375.000,-1,325.000,325.000,300.000,300.000,-1,900.000,800.000,-1,700.000,700.000,-1,-1,2,0,2,0,2,0,0,0,0,2,0,0,2,0,0,2,2
50,1649.260,-4948.472,39.146,-8.688,0.988478,0.150944,-0.011269,-0.150373,0.987786,0.040817,0.017293,-0.038652,0.999103,0,0.76148,-0.70917,45.689,-1.418,-1,400.000,-1,375.000,-1,325.000,325.000,300.000,300.000,-1,925.000,825.000,-1,700.000,700.000,-1,-1,2,0,2,0,2,0,0,0,0,2,0,0,2,0,0,2,2
51,1694.240,-4956.490,39.965,-10.107,0.984436,0.175349,-0.011809,-0.174734,0.983756,0.041134,0.018830,-0.038430,0.999084,0,0.76148,-0.70917,45.689,-1.418,-1,400.000,-1,375.000,-1,325.000,325.000,300.000,300.000,-1,925.000,850.000,-1,700.000,675.000,-1,-1,2,0,2,0,2,0,0,0,0,2,0,0,2,0,0,2,2
52,1739.008,-4965.618,40.821,-11.525,0.979791,0.199647,-0.012314,-0.198988,0.979121,0.041533,0.020348,-0.038243,0.999061,0,0.76148,-0.70917,45.689,-1.418,-1,400.000,-1,375.000,-1,325.000,325.000,300.000,300.000,-1,950.000,850.000,-1,700.000,675.000,-1,-1,2,0,2,0,2,0,0,0,0,2,0,0,2,0,0,2,2
53,1783.536,-4975.852,41.715,-12.943,0.974546,0.223822,-0.012778,-0.223119,0.973885,0.042019,0.021849,-0.038098,0.999035,0,0.76148,-0.70917,45.689,-1.418,-1,375.000,-1,375.000,-1,325.000,325.000,300.000,300.000,-1,975.000,875.000,-1,700.000,675.000,-1,-1,2,0,2,0,2,0,0,0,0,2,0,0,2,0,0,2,2
54,1827.797,-4987.185,42.643,-14.362,0.968706,0.247860,-0.013196,-0.247112,0.968050,0.042596,0.023332,-0.038002,0.999005,0,0.76148,-0.70917,45.689,-1.418,-1,375.000,-1,375.000,-1,325.000,325.000,300.000,300.000,-1,975.000,900.000,-1,700.000,675.000,-1,-1,2,0,2,0,2,0,0,0,0,2,0,0,2,0,0,2,2
55,1871.764,-4999.610,43.605,-15.780,0.962274,0.271746,-0.013561,-0.270951,0.961620,0.043266,0.024798,-0.037960,0.998972,0,0.76148,-0.70917,45.689,-1.418,-1,375.000,-1,375.000,-1,300.000,300.000,300.000,300.000,-1,975.000,925.000,-1,700.000,675.000,-1,-1,2,0,2,0,2,0,0,0,0,2,0,0,2,0,0,2,2
56,1915.410,-5013.119,44.752,-17.198,0.955251,0.295471,-0.013906,-0.294644,0.954621,0.043404,0.026099,-0.037364,0.998961,0,0.76148,-0.70917,45.689,-1.418,-1,375.000,-1,375.000,-1,300.000,300.000,300.000,300.000,-1,-1,950.000,-1,675.000,650.000,-1,-1,2,0,2,0,2,0,0,0,0,2,2,0,2,0,0,2,2
57,1958.709,-5027.705,46.137,-18.616,0.947626,0.319024,-0.015093,-0.318149,0.947063,0.043039,0.028025,-0.035983,0.998959,0,0.76149,-0.70914,45.690,-1.418,-1,375.000,-1,375.000,-1,300.000,300.000,300.000,300.000,-1,1000.000,950.000,-1,675.000,650.000,-1,-1,2,0,2,0,2,0,0,0,0,2,0,0,2,0,0,2,2
58,2001.724,-5043.387,47.564,-20.028,0.939457,0.342278,-0.016307,-0.341354,0.938960,0.042791,0.029958,-0.034634,0.998951,0,0.76307,-0.70590,45.784,-1.412,-1,375.000,-1,375.000,-1,300.000,300.000,300.000,300.000,-1,1000.000,925.000,-1,675.000,650.000,-1,-1,2,0,2,0,2,0,0,0,0,2,0,0,2,0,0,2,2
59,2044.412,-5060.145,49.134,-21.433,0.930756,0.365218,-0.017559,-0.364244,0.930326,0.042650,0.031913,-0.033301,0.998936,0,0.76432,-0.70262,45.859,-1.405,-1,375.000,-1,375.000,-1,300.000,300.000,300.000,300.000,-1,1000.000,925.000,-1,675.000,650.000,-1,-1,2,0,2,0,2,0,0,0,0,2,0,0,2,0,0,2,2
60,2086.729,-5077.962,50.934,-22.832,0.921530,0.387837,-0.019116,-0.386809,0.921181,0.042476,0.034083,-0.031749,0.998915,0,0.76524,-0.69935,45.914,-1.399,-1,375.000,-1,375.000,-1,300.000,300.000,300.000,300.000,-1,975.000,925.000,-1,675.000,650.000,-1,-1,2,0,2,0,2,0,0,0,0,2,0,0,2,0,0,2,2
61,2128.633,-5096.817,52.991,-24.224,0.911793,0.410114,-0.020980,-0.408988,0.911508,0.043378,0.036914,-0.030971,0.998838,0,0.76584,-0.69611,45.950,-1.392,-1,375.000,-1,375.000,-1,300.000,300.000,300.000,300.000,-1,875.000,825.000,-1,675.000,650.000,-1,-1,2,0,2,0,2,0,0,0,0,2,0,0,2,0,0,2,2
62,2172.760,-5117.748,55.260,-25.377,0.903313,0.428366,-0.022976,-0.427122,0.903088,0.044709,0.039901,-0.030573,0.998736,0,0.81399,-0.57611,48.839,-1.152,-1,375.000,-1,375.000,-1,300.000,300.000,300.000,300.000,-1,750.000,750.000,-1,675.000,650.000,-1,-1,2,0,2,0,2,0,0,0,0,2,0,0,2,0,0,2,2
63,2216.555,-5139.382,57.571,-26.289,0.896327,0.442691,-0.024950,-0.441322,0.896158,0.046211,0.042817,-0.030409,0.998620,0,0.81411,-0.45611,48.846,-0.912,-1,375.000,-1,375.000,-1,300.000,300.000,300.000,300.000,-1,675.000,675.000,-1,675.000,650.000,-1,-1,2,0,2,0,2,0,0,0,0,2,0,0,2,0,0,2,2
64,2260.089,-5161.527,59.918,-26.961,0.891016,0.453174,-0.026910,-0.451669,0.890901,0.047863,0.045664,-0.030493,0.998491,0,0.81404,-0.33611,48.843,-0.672,-1,375.000,-1,375.000,-1,300.000,300.000,300.000,300.000,-1,600.000,625.000,-1,675.000,650.000,-1,-1,2,0,2,0,2,0,0,0,0,2,0,0,2,0,0,2,2
65,2303.446,-5183.995,62.295,-27.393,0.887514,0.459876,-0.028862,-0.458228,0.887447,0.049644,0.048443,-0.030834,0.998350,0,0.81386,-0.21611,48.832,-0.432,-1,375.000,-1,375.000,-1,300.000,300.000,300.000,300.000,-1,575.000,575.000,-1,675.000,650.000,-1,-1,2,0,2,0,2,0,0,0,0,2,0,0,2,0,0,2,2
66,2346.712,-5206.600,64.697,-27.585,0.885905,0.462842,-0.030818,-0.461038,0.885883,0.051530,0.051152,-0.031442,0.998196,0,0.81360,-0.09611,48.816,-0.192,-1,375.000,-1,375.000,-1,300.000,300.000,300.000,300.000,-1,525.000,550.000,-1,675.000,650.000,-1,-1,2,0,2,0,2,0,0,0,0,2,0,0,2,0,0,2,2
67,2389.982,-5229.161,67.180,-27.538,0.886226,0.462087,-0.032850,-0.460099,0.886237,0.053784,0.053966,-0.032551,0.998012,0,0.81330,0.02389,48.798,0.048,-1,375.000,-1,375.000,-1,300.000,300.000,300.000,325.000,-1,475.000,525.000,-1,675.000,650.000,-1,-1,2,0,2,0,2,0,0,0,0,2,0,0,2,0,0,2,2
68,2433.349,-5251.496,69.676,-27.250,0.888468,0.457609,-0.034922,-0.455423,0.888506,0.056105,0.056702,-0.033943,0.997814,0,0.81300,0.14389,48.780,0.288,-1,375.000,-1,375.000,-1,300.000,300.000,300.000,325.000,-1,450.000,475.000,-1,675.000,650.000,-1,-1,2,0,2,0,2,0,0,0,0,2,0,0,2,0,0,2,2
69,2476.905,-5273.424,72.267,-26.722,0.892574,0.449385,-0.036955,-0.447019,0.892643,0.057984,0.059045,-0.035235,0.997633,0,0.81273,0.26389,48.764,0.528,-1,375.000,-1,375.000,-1,300.000,300.000,300.000,325.000,-1,425.000,450.000,-1,675.000,650.000,-1,-1,2,0,2,0,2,0,0,0,0,2,0,0,2,0,0,2,2
70,2520.724,-5294.789,74.982,-25.993,0.898145,0.437975,-0.038909,-0.435464,0.898256,0.059215,0.060884,-0.036240,0.997487,0,0.81250,0.36451,48.750,0.729,-1,375.000,-1,375.000,-1,300.000,300.000,300.000,325.000,-1,425.000,425.000,-1,675.000,650.000,-1,-1,2,0,2,0,2,0,0,0,0,2,0,0,2,0,0,2,2
71,2564.802,-5315.589,77.877,-25.262,0.903563,0.426474,-0.041159,-0.423847,0.903762,0.059733,0.062673,-0.036527,0.997365,0,0.81232,0.36554,48.739,0.731,-1,375.000,-1,375.000,-1,300.000,300.000,300.000,325.000,-1,400.000,400.000,-1,675.000,650.000,-1,-1,2,0,2,0,2,0,0,0,0,2,0,0,2,0,0,2,2
72,2609.132,-5335.818,80.898,-24.529,0.908825,0.414881,-0.043718,-0.412155,0.909151,0.059778,0.064547,-0.036309,0.997254,0,0.81212,0.36648,48.727,0.733,-1,375.000,-1,375.000,-1,300.000,300.000,300.000,300.000,-1,400.000,400.000,-1,700.000,650.000,-1,-1,2,0,2,0,2,0,0,0,0,2,0,0,2,0,0,2,2
73,2653.705,-5355.472,83.923,-23.794,0.913943,0.403194,-0.046285,-0.400371,0.914403,0.059747,0.066413,-0.036074,0.997140,0,0.81188,0.36733,48.713,0.735,-1,375.000,-1,375.000,-1,300.000,300.000,300.000,300.000,-1,400.000,375.000,-1,700.000,650.000,-1,-1,2,0,2,0,2,0,0,0,0,2,0,0,2,0,0,2,2
74,2698.512,-5374.546,87.042,-23.058,0.918938,0.391411,-0.048479,-0.388495,0.919505,0.059843,0.068000,-0.036158,0.997030,0,0.81163,0.36808,48.698,0.736,-1,375.000,-1,375.000,-1,300.000,300.000,325.000,300.000,-1,400.000,375.000,-1,700.000,650.000,-1,-1,2,0,2,0,2,0,0,0,0,2,0,0,2,0,0,2,2
75,2743.546,-5393.034,90.416,-22.321,0.923847,0.379529,-0.049636,-0.376522,0.924433,0.060453,0.068829,-0.037161,0.996936,0,0.81135,0.36875,48.681,0.738,-1,375.000,-1,375.000,-1,300.000,300.000,325.000,300.000,-1,425.000,400.000,-1,700.000,650.000,-1,-1,2,0,2,0,2,0,0,0,0,2,0,0,2,0,0,2,2
76,2788.798,-5410.934,94.021,-21.582,0.928598,0.367554,-0.051094,-0.364371,0.929184,0.062057,0.070285,-0.039009,0.996764,0,0.81106,0.36933,48.664,0.739,-1,375.000,-1,375.000,-1,300.000,300.000,325.000,300.000,-1,425.000,425.000,-1,700.000,650.000,-1,-1,2,0,2,0,2,0,0,0,0,2,0,0,2,0,0,2,2
77,2834.260,-5428.241,97.633,-20.842,0.933196,0.355502,-0.052574,-0.352140,0.933781,0.063644,0.071718,-0.040879,0.996587,0,0.81075,0.36981,48.645,0.740,-1,375.000,-1,375.000,-1,325.000,300.000,325.000,300.000,-1,450.000,450.000,-1,725.000,650.000,-1,-1,2,0,2,0,2,0,0,0,0,2,0,0,2,0,0,2,2
78,2879.924,-5444.953,101.248,-20.102,0.937639,0.343379,-0.054071,-0.339833,0.938223,0.065202,0.073119,-0.042761,0.996406,0,0.81043,0.37021,48.626,0.740,-1,375.000,-1,375.000,-1,325.000,300.000,325.000,300.000,-1,450.000,450.000,-1,725.000,675.000,-1,-1,2,0,2,0,2,0,0,0,0,2,0,0,2,0,0,2,2
79,2925.781,-5461.066,104.895,-19.361,0.941934,0.331187,-0.055459,-0.327454,0.942503,0.066806,0.074396,-0.044767,0.996223,0,0.81009,0.37051,48.606,0.741,-1,375.000,-1,375.000,-1,325.000,300.000,300.000,300.000,-1,475.000,475.000,-1,725.000,675.000,-1,-1,2,0,2,0,2,0,0,0,0,2,0,0,2,0,0,2,2
80,2971.824,-5476.578,108.571,-18.620,0.946077,0.318932,-0.056747,-0.315008,0.946617,0.068456,0.075551,-0.046889,0.996039,0,0.80975,0.37072,48.585,0.741,-1,375.000,-1,375.000,-1,325.000,300.000,300.000,300.000,-1,475.000,500.000,-1,725.000,675.000,-1,-1,2,0,2,0,2,0,0,0,0,2,0,0,2,0,0,2,2
81,3018.044,-5491.486,112.242,-17.878,0.950060,0.306620,-0.058053,-0.302503,0.950569,0.070078,0.076671,-0.049017,0.995851,0,0.80941,0.37084,48.565,0.742,-1,400.000,-1,375.000,-1,325.000,300.000,300.000,300.000,-1,500.000,525.000,-1,750.000,675.000,-1,-1,2,0,2,0,2,0,0,0,0,2,0,0,2,0,0,2,2
82,3064.433,-5505.788,115.907,-17.136,0.953880,0.294258,-0.059376,-0.289943,0.954356,0.071670,0.077755,-0.051149,0.995660,0,0.80906,0.37087,48.544,0.742,-1,400.000,-1,375.000,-1,325.000,300.000,300.000,300.000,-1,500.000,525.000,-1,750.000,675.000,-1,-1,2,0,2,0,2,0,0,0,0,2,0,0,2,0,0,2,2
83,3110.983,-5519.483,119.563,-16.395,0.957536,0.281849,-0.060714,-0.277336,0.957978,0.073231,0.078803,-0.053283,0.995465,0,0.80872,0.37081,48.523,0.742,-1,400.000,-1,375.000,-1,325.000,300.000,300.000,300.000,-1,475.000,550.000,-1,750.000,675.000,-1,-1,2,0,2,0,2,0,0,0,0,2,0,0,2,0,0,2,2
84,3157.688,-5532.569,123.209,-15.653,0.961026,0.269400,-0.062067,-0.264686,0.961433,0.074759,0.079813,-0.055417,0.995268,0,0.80838,0.37065,48.503,0.741,-1,400.000,-1,375.000,-1,325.000,300.000,300.000,300.000,-1,475.000,550.000,-1,750.000,675.000,-1,-1,2,0,2,0,2,0,0,0,0,2,0,0,2,0,0,2,2
85,3209.253,-5546.068,127.250,-14.672,0.965420,0.252861,-0.063445,-0.247954,0.965778,0.076100,0.080517,-0.057736,0.995080,0,0.88838,0.49065,53.303,0.981,-1,400.000,-1,375.000,-1,325.000,325.000,300.000,300.000,-1,450.000,550.000,-1,750.000,700.000,-1,-1,2,0,2,0,2,0,0,0,0,2,0,0,2,0,0,2,2
86,3265.762,-5559.582,131.743,-13.451,0.970512,0.232189,-0.064762,-0.227132,0.970823,0.076900,0.080728,-0.059923,0.994933,0,0.96838,0.61065,58.103,1.221,-1,400.000,-1,375.000,-1,325.000,325.000,300.000,300.000,-1,475.000,575.000,-1,775.000,700.000,-1,-1,2,0,2,0,2,0,0,0,0,2,0,0,2,0,0,2,2
87,3323.352,-5571.811,136.270,-11.989,0.976046,0.207323,-0.065965,-0.202120,0.976273,0.077706,0.080510,-0.062512,0.994792,0,0.98125,0.73065,58.875,1.461,-1,400.000,-1,375.000,-1,325.000,325.000,300.000,300.000,-1,500.000,575.000,-1,775.000,700.000,-1,-1,2,0,2,0,2,0,0,0,0,2,0,0,2,0,0,2,2
88,3381.275,-5582.322,140.976,-10.288,0.981761,0.178203,-0.066251,-0.172853,0.981754,0.079259,0.079166,-0.066362,0.994650,0,0.98116,0.85065,58.869,1.701,-1,400.000,-1,375.000,-1,325.000,325.000,300.000,300.000,-1,550.000,650.000,-1,800.000,700.000,-1,-1,2,0,2,0,2,0,0,0,0,2,0,0,2,0,0,2,2
89,3440.140,-5590.970,145.622,-8.361,0.987185,0.145049,-0.066527,-0.139563,0.986910,0.080807,0.077378,-0.070487,0.994507,0,0.99163,0.96346,59.498,1.927,-1,400.000,-1,375.000,-1,325.000,325.000,300.000,300.000,-1,600.000,725.000,-1,800.000,700.000,-1,-1,2,0,2,0,2,0,0,0,0,2,0,0,2,0,0,2,2
90,3499.180,-5597.629,150.138,-6.439,0.991481,0.111831,-0.066778,-0.106225,0.990930,0.082307,0.075376,-0.074512,0.994367,0,0.99026,0.96112,59.415,1.922,-1,400.000,-1,375.000,-1,325.000,325.000,300.000,300.000,-1,650.000,800.000,-1,800.000,725.000,-1,-1,2,0,2,0,2,0,0,0,0,2,0,0,2,0,0,2,2
91,3558.307,-5602.300,154.508,-4.520,0.994655,0.078566,-0.066997,-0.072859,0.993819,0.083756,0.073163,-0.078427,0.994232,0,0.98853,0.95937,59.312,1.919,-1,400.000,-1,375.000,-1,325.000,325.000,300.000,300.000,-1,725.000,900.000,-1,825.000,725.000,-1,-1,2,0,2,0,2,0,0,0,0,2,0,0,2,0,0,2,2
92,3618.247,-5604.934,158.769,-2.520,0.996778,0.043821,-0.067182,-0.038031,0.995640,0.085169,0.070621,-0.082339,0.994099,0,1.00000,1.00000,60.000,2.000,-1,400.000,-1,375.000,-1,325.000,325.000,300.000,300.000,-1,825.000,1000.000,-1,825.000,750.000,-1,-1,2,0,2,0,2,0,0,0,0,2,0,0,2,0,0,2,2
93,3678.244,-5605.474,162.857,-0.520,0.997690,0.009044,-0.067325,-0.003192,0.996244,0.086527,0.067855,-0.086112,0.993972,0,1.00000,1.00000,60.000,2.000,-1,400.000,-1,375.000,-1,325.000,325.000,300.000,300.000,-1,925.000,-1,-1,825.000,750.000,-1,-1,2,0,2,0,2,0,0,0,0,2,0,2,2,0,0,2,2
94,3738.222,-5603.921,166.759,1.480,0.997393,-0.025722,-0.067421,0.031613,0.995634,0.087830,0.064868,-0.089732,0.993851,0,1.00000,1.00000,60.000,2.000,-1,400.000,-1,400.000,-1,325.000,325.000,300.000,300.000,-1,-1,-1,-1,825.000,750.000,-1,-1,2,0,2,0,2,0,0,0,0,2,2,2,2,0,0,2,2
95,3798.109,-5600.274,170.462,3.480,0.995890,-0.060434,-0.067466,0.066342,0.993813,0.089076,0.061665,-0.093186,0.993737,0,1.00000,1.00000,60.000,2.000,-1,400.000,-1,400.000,-1,325.000,325.000,300.000,300.000,-1,-1,-1,-1,850.000,775.000,-1,-1,2,0,2,0,2,0,0,0,0,2,2,2,2,0,0,2,2
96,3857.833,-5594.541,173.953,5.480,0.993184,-0.095051,-0.067455,0.100952,0.990788,0.090265,0.058253,-0.096459,0.993631,0,1.00000,1.00000,60.000,2.000,-1,400.000,-1,400.000,-1,325.000,325.000,300.000,300.000,-1,-1,-1,-1,850.000,775.000,-1,-1,2,0,2,0,2,0,0,0,0,2,2,2,2,0,0,2,2
97,3917.320,-5586.726,177.198,7.480,0.989291,-0.129533,-0.067268,0.135387,0.986574,0.091334,0.054535,-0.099463,0.993546,0,1.00000,1.00000,60.000,2.000,-1,400.000,-1,400.000,-1,325.000,325.000,300.000,300.000,-1,-1,-1,-1,850.000,800.000,-1,-1,2,0,2,0,2,0,0,0,0,2,2,2,2,0,0,2,2
98,3976.497,-5576.840,180.020,9.480,0.984258,-0.163850,-0.066253,0.169525,0.981245,0.091760,0.049976,-0.101547,0.993575,0,1.00000,1.00000,60.000,2.000,-1,400.000,-1,400.000,-1,325.000,325.000,300.000,300.000,-1,-1,-1,-1,850.000,825.000,-1,-1,2,0,2,0,2,0,0,0,0,2,2,2,2,0,0,2,2
99,4035.294,-5564.896,182.545,11.480,0.978060,-0.197951,-0.064916,0.203414,0.974712,0.092514,0.044961,-0.103689,0.993593,0,1.00000,1.00000,60.000,2.000,-1,400.000,-1,400.000,-1,325.000,325.000,300.000,300.000,-1,-1,-1,-1,850.000,825.000,-1,-1,2,0,2,0,2,0,0,0,0,2,2,2,2,0,0,2,2
100,4089.024,-5552.250,184.652,13.240,0.971640,-0.227750,-0.063611,0.233004,0.967986,0.093336,0.040318,-0.105510,0.993601,0,0.92000,0.88000,55.200,1.760,-1,400.000,-1,400.000,-1,325.000,325.000,300.000,300.000,-1,-1,-1,-1,850.000,825.000,-1,-1,2,0,2,0,2,0,0,0,0,2,2,2,2,0,0,2,2
101,4141.591,-5538.398,186.554,14.760,0.965377,-0.253306,-0.062320,0.258354,0.961449,0.094173,0.036063,-0.107013,0.993603,0,0.90607,0.76000,54.364,1.520,-1,400.000,-1,400.000,-1,325.000,325.000,300.000,300.000,-1,-1,-1,-1,850.000,850.000,-1,-1,2,0,2,0,2,0,0,0,0,2,2,2,2,1,0,2,2
102,4194.060,-5523.310,188.311,16.040,0.959596,-0.274683,-0.061024,0.279531,0.955422,0.095031,0.032200,-0.108250,0.993602,0,0.90995,0.64000,54.597,1.280,-1,400.000,-1,400.000,-1,325.000,325.000,300.000,300.000,-1,-1,-1,-1,850.000,850.000,-1,-1,2,0,2,0,2,0,0,0,0,2,2,2,2,1,0,2,2
103,4246.451,-5507.210,189.942,17.080,0.954568,-0.291946,-0.059733,0.296603,0.950173,0.095901,0.028758,-0.109261,0.993597,0,0.91350,0.52000,54.810,1.040,-1,400.000,-1,400.000,-1,325.000,325.000,300.000,300.000,-1,-1,-1,-1,850.000,850.000,-1,-1,2,0,2,0,2,0,0,0,0,2,2,2,2,1,0,2,2
104,4298.792,-5490.323,191.465,17.880,0.950507,-0.305157,-0.058452,0.309635,0.945918,0.096773,0.025760,-0.110082,0.993589,0,0.91665,0.40000,54.999,0.800,-1,400.000,-1,400.000,-1,325.000,325.000,300.000,300.000,-1,-1,-1,-1,850.000,850.000,-1,-1,2,0,2,0,2,0,0,0,0,2,2,2,2,1,0,2,2
105,4351.115,-5472.875,192.902,18.440,0.947578,-0.314364,-0.057189,0.318678,0.942821,0.097638,0.023225,-0.110745,0.993577,0,0.91927,0.28000,55.156,0.560,-1,400.000,-1,400.000,-1,325.000,325.000,300.000,300.000,-1,-1,-1,-1,825.000,850.000,-1,-1,2,0,2,0,2,0,0,0,0,2,2,2,2,1,0,2,2
106,4403.454,-5455.097,194.278,18.760,0.945897,-0.319606,-0.055949,0.323774,0.940994,0.098489,0.021170,-0.111276,0.993564,0,0.92127,0.16000,55.276,0.320,-1,400.000,-1,400.000,-1,325.000,325.000,300.000,300.000,-1,-1,-1,-1,825.000,850.000,-1,-1,2,0,2,0,2,0,0,0,0,2,2,2,2,1,0,2,2
107,4455.839,-5437.222,195.646,18.840,0.945523,-0.320899,-0.054869,0.324960,0.940490,0.099402,0.019706,-0.111817,0.993533,0,0.92252,0.04000,55.351,0.080,-1,400.000,-1,400.000,-1,325.000,325.000,300.000,300.000,-1,-1,-1,-1,825.000,850.000,-1,-1,2,0,2,0,2,0,0,1,0,2,2,2,2,1,0,2,2
108,4508.218,-5419.263,196.918,18.924,0.945106,-0.322268,-0.054019,0.326237,0.939981,0.100027,0.018541,-0.112159,0.993517,0,0.92286,0.04207,55.372,0.084,-1,400.000,-1,400.000,-1,325.000,325.000,300.000,300.000,-1,-1,-1,-1,825.000,850.000,-1,-1,2,0,2,0,2,0,0,1,0,2,2,2,2,1,0,2,2
109,4560.551,-5401.219,197.876,19.025,0.944606,-0.323942,-0.052731,0.327754,0.939480,0.099773,0.017219,-0.111529,0.993612,0,0.92262,0.05034,55.357,0.101,-1,400.000,-1,400.000,-1,325.000,325.000,300.000,300.000,-1,-1,-1,-1,800.000,850.000,-1,-1,2,0,2,0,2,0,0,1,0,2,2,2,2,1,0,2,2
110,4612.799,-5383.084,198.660,19.143,0.944026,-0.325915,-0.050936,0.329507,0.938926,0.099209,0.015492,-0.110440,0.993762,0,0.92176,0.05895,55.306,0.118,-1,400.000,-1,400.000,-1,325.000,325.000,300.000,300.000,-1,-1,-1,-1,800.000,850.000,-1,-1,2,0,2,0,2,0,0,1,0,2,2,2,2,1,0,2,2
111,4664.918,-5364.855,199.387,19.278,0.943331,-0.328174,-0.049282,0.331565,0.938251,0.098742,0.013835,-0.109487,0.993892,0,0.92026,0.06789,55.215,0.136,-1,400.000,-1,400.000,-1,325.000,325.000,300.000,300.000,-1,-1,-1,-1,775.000,850.000,-1,-1,2,0,2,0,2,0,0,1,0,2,2,2,2,1,0,2,2
112,4712.537,-5348.297,199.936,19.174,0.943978,-0.326484,-0.048096,0.329754,0.938895,0.098690,0.012937,-0.109021,0.993955,0,0.84026,-0.05211,50.415,-0.104,-1,400.000,-1,400.000,-1,325.000,325.000,300.000,275.000,-1,-1,-1,-1,775.000,825.000,-1,-1,2,0,2,0,2,0,0,1,0,2,2,2,2,0,0,2,2
113,4755.711,-5333.574,200.353,18.830,0.945972,-0.320840,-0.046888,0.324014,0.940847,0.099104,0.012318,-0.108942,0.993972,0,0.76026,-0.17211,45.615,-0.344,-1,400.000,-1,400.000,-1,325.000,325.000,300.000,300.000,-1,-1,-1,-1,750.000,825.000,-1,-1,2,0,2,0,2,0,0,1,0,2,2,2,2,0,0,2,2
114,4794.475,-5320.795,200.762,18.246,0.949227,-0.311235,-0.045837,0.314351,0.944084,0.099446,0.012323,-0.108805,0.993987,0,0.68026,-0.29211,40.815,-0.584,-1,400.000,-1,400.000,-1,325.000,325.000,325.000,300.000,-1,-1,-1,-1,750.000,825.000,-1,-1,2,1,2,0,2,0,0,1,0,2,2,2,2,0,0,2,2
115,4828.839,-5310.012,201.168,17.422,0.953624,-0.297629,-0.044931,0.300723,0.948485,0.099711,0.012940,-0.108598,0.994002,0,0.60026,-0.41211,36.015,-0.824,-1,400.000,-1,400.000,-1,325.000,325.000,325.000,300.000,-1,-1,-1,-1,750.000,825.000,-1,-1,2,1,2,0,2,0,0,1,0,2,2,2,2,0,0,2,2
116,4858.793,-5301.221,201.574,16.357,0.958992,-0.279971,-0.044166,0.283079,0.953880,0.099897,0.014160,-0.108302,0.994017,0,0.52026,-0.53211,31.215,-1.064,-1,400.000,-1,400.000,-1,325.000,325.000,325.000,300.000,-1,-1,-1,-1,750.000,825.000,-1,-1,2,1,2,0,2,0,0,1,0,2,2,2,2,0,0,2,2
117,4884.279,-5294.272,201.966,15.253,0.964210,-0.261541,-0.043530,0.264680,0.959135,0.100021,0.015592,-0.107963,0.994033,0,0.44026,-0.55226,26.415,-1.105,-1,400.000,-1,400.000,-1,325.000,325.000,325.000,300.000,-1,-1,-1,-1,750.000,825.000,-1,-1,2,0,2,0,2,0,0,1,0,2,2,2,2,0,0,2,2
118,4905.240,-5288.988,202.325,14.151,0.969057,-0.243058,-0.043022,0.246239,0.964027,0.100091,0.017146,-0.107588,0.994048,0,0.36026,-0.55095,21.615,-1.102,-1,400.000,-1,400.000,-1,325.000,325.000,325.000,300.000,-1,-1,-1,-1,750.000,825.000,-1,-1,2,0,2,0,2,0,0,1,0,2,2,2,2,0,0,2,2
119,4921.623,-5285.192,202.634,13.051,0.973537,-0.224515,-0.042638,0.227752,0.968559,0.100114,0.018821,-0.107176,0.994062,0,0.28026,-0.55002,16.815,-1.100,-1,400.000,-1,400.000,-1,325.000,325.000,325.000,300.000,-1,-1,-1,-1,750.000,825.000,-1,-1,2,0,2,0,2,0,0,1,0,2,2,2,2,0,0,2,2
120,4933.379,-5282.704,202.873,11.952,0.977653,-0.205911,-0.042379,0.209214,0.972734,0.100093,0.020613,-0.106722,0.994075,0,0.20026,-0.54939,12.015,-1.099,-1,400.000,-1,400.000,-1,325.000,325.000,325.000,300.000,-1,-1,-1,-1,750.000,825.000,-1,-1,2,0,2,0,2,0,0,1,0,2,2,2,2,0,0,2,2
121,4940.467,-5281.346,203.021,10.854,0.981405,-0.187243,-0.042243,0.190623,0.976553,0.100033,0.022522,-0.106225,0.994087,0,0.12026,-0.54900,7.215,-1.098,-1,400.000,-1,400.000,-1,325.000,325.000,325.000,300.000,-1,-1,-1,-1,750.000,825.000,-1,-1,2,0,2,0,2,0,0,1,0,2,2,2,2,0,0,2,2
122,4942.849,-5280.938,203.061,9.756,0.984794,-0.168512,-0.042233,0.171981,0.980018,0.099939,0.024548,-0.105682,0.994097,0,0.04026,-0.54880,2.415,-1.098,-1,400.000,-1,400.000,-1,325.000,325.000,325.000,300.000,-1,-1,-1,-1,775.000,825.000,-1,-1,2,0,2,0,2,0,0,1,0,2,2,2,2,0,0,2,2
123,4940.493,-5281.298,202.983,8.659,0.987822,-0.149719,-0.042324,0.153286,0.983124,0.099858,0.026659,-0.105129,0.994101,0,-0.03974,-0.54874,-2.385,-1.097,-1,400.000,-1,400.000,-1,325.000,325.000,350.000,300.000,-1,-1,-1,-1,775.000,825.000,-1,-1,2,0,2,0,2,0,0,1,0,2,2,2,2,0,0,2,2
124,4935.023,-5282.025,202.810,7.561,0.990489,-0.130868,-0.042492,0.134538,0.985873,0.099773,0.028834,-0.104541,0.994103,0,-0.09199,-0.54879,-5.520,-1.098,-1,400.000,-1,400.000,-1,325.000,325.000,350.000,300.000,-1,-1,-1,-1,775.000,825.000,-1,-1,2,0,2,0,2,0,0,1,0,2,2,2,2,0,0,2,2
125,4929.413,-5282.662,202.623,6.464,0.992796,-0.111963,-0.042665,0.115736,0.988264,0.099697,0.031002,-0.103916,0.994103,0,-0.09412,-0.54889,-5.647,-1.098,-1,400.000,-1,400.000,-1,325.000,325.000,350.000,300.000,-1,-1,-1,-1,775.000,825.000,-1,-1,2,0,2,0,2,0,0,1,0,2,2,2,2,0,0,2,2
126,4923.665,-5283.204,202.423,5.366,0.994743,-0.093012,-0.042844,0.096887,0.990296,0.099629,0.033162,-0.103256,0.994102,0,-0.09623,-0.54899,-5.774,-1.098,-1,400.000,-1,400.000,-1,325.000,325.000,350.000,300.000,-1,-1,-1,-1,775.000,825.000,-1,-1,2,0,2,0,2,0,0,1,0,2,2,2,2,0,0,2,2
127,4917.783,-5283.644,202.208,4.268,0.996328,-0.074021,-0.043028,0.077997,0.991969,0.099569,0.035312,-0.102560,0.994100,0,-0.09833,-0.54907,-5.900,-1.098,-1,400.000,-1,400.000,-1,325.000,325.000,350.000,300.000,-1,-1,-1,-1,800.000,825.000,-1,-1,2,0,2,0,2,0,0,1,0,2,2,2,2,0,0,2,2
128,4911.770,-5283.978,201.978,3.169,0.997551,-0.054998,-0.043216,0.059074,0.993280,0.099519,0.037452,-0.101829,0.994097,0,-0.10040,-0.54914,-6.024,-1.098,-1,400.000,-1,400.000,-1,325.000,325.000,350.000,300.000,-1,-1,-1,-1,800.000,825.000,-1,-1,2,0,2,0,2,0,0,1,0,2,2,2,2,0,0,2,2
129,4905.628,-5284.202,201.733,2.071,0.998410,-0.035951,-0.043408,0.040125,0.994230,0.099479,0.039581,-0.101063,0.994092,0,-0.10246,-0.54919,-6.147,-1.098,-1,400.000,-1,400.000,-1,325.000,325.000,350.000,275.000,-1,-1,-1,-1,800.000,825.000,-1,-1,2,0,2,0,2,0,0,1,0,2,2,2,2,0,0,2,2
130,4899.361,-5284.310,201.474,0.972,0.998906,-0.016885,-0.043603,0.021157,0.994818,0.099448,0.041698,-0.100262,0.994087,0,-0.10449,-0.54924,-6.270,-1.098,-1,400.000,-1,400.000,-1,325.000,325.000,350.000,275.000,-1,-1,-1,-1,800.000,825.000,-1,-1,2,0,2,0,2,0,0,1,0,2,2,2,2,0,0,2,2
131,4892.971,-5284.297,201.198,-0.126,0.999038,0.002191,-0.043801,0.002177,0.995042,0.099427,0.043802,-0.099427,0.994080,0,-0.10651,-0.54928,-6.391,-1.099,-1,400.000,-1,400.000,-1,325.000,325.000,350.000,275.000,-1,-1,-1,-1,800.000,825.000,-1,-1,2,0,2,0,2,0,0,1,0,2,2,2,2,0,0,2,2
132,4886.463,-5284.160,200.906,-1.225,0.998805,0.021270,-0.044001,-0.016808,0.994904,0.099416,0.045892,-0.098558,0.994073,0,-0.10851,-0.54930,-6.510,-1.099,-1,400.000,-1,400.000,-1,325.000,325.000,350.000,275.000,-1,-1,-1,-1,800.000,825.000,-1,-1,2,0,2,0,2,0,0,1,0,2,2,2,2,0,0,2,2
133,4879.841,-5283.892,200.599,-2.323,0.998208,0.040346,-0.044203,-0.035789,0.994402,0.099416,0.047967,-0.097655,0.994064,0,-0.11049,-0.54930,-6.629,-1.099,-1,400.000,-1,400.000,-1,325.000,325.000,350.000,275.000,-1,-1,-1,-1,800.000,825.000,-1,-1,2,0,2,0,2,0,0,1,0,2,2,2,2,0,0,2,2
134,4873.107,-5283.491,200.275,-3.422,0.997246,0.059409,-0.044406,-0.054761,0.993537,0.099426,0.050026,-0.096720,0.994054,0,-0.11245,-0.54930,-6.747,-1.099,-1,400.000,-1,400.000,-1,325.000,325.000,350.000,275.000,-1,-1,-1,-1,825.000,825.000,-1,-1,2,0,2,0,2,0,0,1,0,2,2,2,2,0,0,2,2
135,4866.265,-5282.952,199.934,-4.521,0.995919,0.078454,-0.044610,-0.073715,0.992309,0.099446,0.052068,-0.095752,0.994043,0,-0.11440,-0.54928,-6.864,-1.099,-1,400.000,-1,400.000,-1,325.000,325.000,350.000,300.000,-1,-1,-1,-1,825.000,825.000,-1,-1,2,0,2,0,2,0,0,1,0,2,2,2,2,0,0,2,2
136,4859.320,-5282.270,199.576,-5.619,0.994229,0.097473,-0.044813,-0.092645,0.990718,0.099477,0.054093,-0.094751,0.994030,0,-0.11633,-0.54925,-6.980,-1.098,-1,400.000,-1,400.000,-1,325.000,325.000,350.000,300.000,-1,-1,-1,-1,825.000,825.000,-1,-1,2,0,2,0,2,0,0,1,0,2,2,2,2,0,0,2,2
137,4852.275,-5281.442,199.201,-6.717,0.992175,0.116458,-0.045015,-0.111542,0.988764,0.099519,0.056099,-0.093719,0.994017,0,-0.11824,-0.54920,-7.094,-1.098,-1,400.000,-1,400.000,-1,325.000,325.000,325.000,300.000,-1,-1,-1,-1,825.000,825.000,-1,-1,2,0,2,0,2,0,0,1,0,2,2,2,2,0,0,2,2
