timestep,x_cm,y_cm,z_cm,yaw_deg,basis_xx,basis_xy,basis_xz,basis_yx,basis_yy,basis_yz,basis_zx,basis_zy,basis_zz,teleport_flag,throttle_cmd,steering_cmd,cmd_move_cm,cmd_turn_deg,lidar_cm_0,lidar_cm_1,lidar_cm_2,lidar_cm_3,lidar_cm_4,lidar_cm_5,lidar_cm_6,lidar_cm_7,lidar_cm_8,lidar_cm_9,lidar_cm_10,lidar_cm_11,lidar_cm_12,lidar_cm_13,lidar_cm_14,lidar_cm_15,lidar_cm_16,lidar_class_0,lidar_class_1,lidar_class_2,lidar_class_3,lidar_class_4,lidar_class_5,lidar_class_6,lidar_class_7,lidar_class_8,lidar_class_9,lidar_class_10,lidar_class_11,lidar_class_12,lidar_class_13,lidar_class_14,lidar_class_15,lidar_class_16
0,8230.650,-13541.448,-239.877,119.929,-0.500755,-0.863062,-0.066097,0.865222,-0.496856,-0.067268,0.025215,-0.090874,0.995543,0,0.08000,0.12000,4.800,0.240,-1,525.000,-1,300.000,400.000,350.000,275.000,250.000,450.000,825.000,150.000,325.000,-1,-1,500.000,-1,300.000,2,1,2,1,1,1,1,0,1,0,0,0,2,2,1,2,1
1,8225.789,-13533.170,-239.326,120.409,-0.508173,-0.858691,-0.066411,0.860824,-0.503965,-0.070727,0.027264,-0.093110,0.995283,0,0.16000,0.24000,9.600,0.480,-1,525.000,-1,300.000,400.000,350.000,275.000,250.000,450.000,775.000,150.000,325.000,-1,-1,525.000,-1,275.000,2,1,2,1,1,1,1,0,1,0,0,0,2,2,1,2,1
2,8218.343,-13520.846,-238.496,121.129,-0.519243,-0.852005,-0.066882,0.854087,-0.514543,-0.076031,0.030365,-0.096601,0.994860,0,0.24000,0.36000,14.400,0.720,-1,575.000,-1,325.000,375.000,350.000,300.000,250.000,475.000,725.000,125.000,300.000,-1,-1,550.000,-1,275.000,2,1,2,1,1,1,1,0,1,0,0,0,2,2,1,2,1
3,8208.139,-13504.582,-237.385,122.089,-0.533897,-0.842851,-0.067500,0.844843,-0.528486,-0.083322,0.034555,-0.101512,0.994234,0,0.32000,0.48000,19.200,0.960,-1,625.000,-1,325.000,350.000,375.000,325.000,250.000,475.000,650.000,125.000,275.000,-1,-1,600.000,-1,275.000,2,0,2,1,1,1,1,0,1,0,0,0,2,2,1,2,1
4,8194.961,-13484.524,-235.985,123.289,-0.552039,-0.831022,-0.068236,0.832864,-0.545643,-0.092795,0.039882,-0.108058,0.993344,0,0.40000,0.60000,24.000,1.200,-1,625.000,-1,350.000,350.000,425.000,350.000,250.000,500.000,575.000,100.000,250.000,-1,-1,650.000,-1,975.000,2,0,2,1,1,1,1,0,1,0,0,0,2,2,1,2,1
5,8178.549,-13460.860,-234.636,124.729,-0.573422,-0.816387,-0.068553,0.818001,-0.565897,-0.103129,0.045399,-0.115213,0.992303,0,0.48000,0.72000,28.800,1.440,-1,650.000,-1,400.000,300.000,450.000,375.000,250.000,525.000,500.000,100.000,250.000,-1,-1,700.000,-1,-1,2,0,2,1,1,1,1,0,1,0,0,0,2,2,1,2,2
6,8158.606,-13433.820,-235.384,126.409,-0.597157,-0.799412,-0.065908,0.800850,-0.589563,-0.105143,0.045195,-0.115569,0.992271,0,0.56000,0.84000,33.600,1.680,-1,650.000,-1,425.000,-1,500.000,400.000,250.000,475.000,500.000,100.000,225.000,-1,-1,725.000,-1,-1,2,0,2,1,2,1,1,0,1,0,0,0,2,2,1,2,2
7,8134.841,-13403.661,-236.708,128.238,-0.622313,-0.780230,-0.062993,0.781540,-0.614815,-0.105820,0.043835,-0.115085,0.992388,0,0.64000,0.91461,38.400,1.829,-1,650.000,-1,450.000,-1,550.000,450.000,250.000,425.000,500.000,100.000,225.000,-1,-1,725.000,-1,975.000,2,0,2,1,2,1,1,0,1,0,0,0,2,2,1,2,1
8,-6231.378,-8855.097,-227.997,123.530,-0.550001,-0.832329,-0.068753,0.834148,-0.551526,0.003912,-0.041175,-0.055198,0.997626,1,0.00000,0.00000,43.200,1.809,750.000,325.000,-1,400.000,475.000,300.000,300.000,250.000,475.000,475.000,0.000,0.000,-1,575.000,525.000,-1,500.000,0,0,2,1,1,0,0,0,0,1,1,1,2,0,1,2,1
9,-7538.596,4918.200,-215.910,-15.731,0.962535,0.270814,0.013681,-0.269756,0.961460,-0.053169,-0.027552,0.047487,0.998492,1,0.08000,-0.12000,4.800,-0.240,-1,375.000,-1,400.000,-1,325.000,325.000,325.000,300.000,-1,725.000,625.000,-1,750.000,850.000,-1,-1,2,0,2,0,2,0,0,0,0,2,0,0,2,0,0,2,2
10,-7529.375,4915.528,-216.194,-16.160,0.960485,0.278003,0.013535,-0.276939,0.959405,-0.053362,-0.027821,0.047505,0.998483,0,0.16000,-0.21445,9.600,-0.429,-1,375.000,-1,400.000,-1,325.000,325.000,325.000,300.000,-1,725.000,650.000,-1,750.000,850.000,-1,-1,2,0,2,0,2,0,0,0,0,2,0,0,2,0,0,2,2
11,-7515.575,4911.417,-216.624,-16.589,0.958380,0.285183,0.013333,-0.284112,0.957289,-0.053653,-0.028065,0.047632,0.998471,0,0.24000,-0.21469,14.400,-0.429,-1,375.000,-1,400.000,-1,325.000,325.000,325.000,300.000,-1,750.000,650.000,-1,750.000,850.000,-1,-1,2,0,2,0,2,0,0,0,0,2,0,0,2,0,0,2,2
12,-7497.215,4905.797,-217.207,-17.019,0.956220,0.292358,0.013076,-0.291279,0.955110,-0.054046,-0.028290,0.047871,0.998453,0,0.32000,-0.21504,19.200,-0.430,-1,375.000,-1,400.000,-1,325.000,325.000,325.000,300.000,-1,775.000,675.000,-1,750.000,875.000,-1,-1,2,0,2,0,2,0,0,0,0,2,0,0,2,0,0,2,2
13,-7474.320,4898.600,-217.946,-17.450,0.954002,0.299529,0.012764,-0.298443,0.952867,-0.054549,-0.028501,0.048231,0.998430,0,0.40000,-0.21551,24.000,-0.431,-1,375.000,-1,400.000,-1,325.000,325.000,325.000,300.000,-1,800.000,700.000,-1,775.000,875.000,-1,-1,2,0,2,0,2,0,0,0,0,2,0,0,2,0,0,2,2
14,-7446.911,4889.757,-218.850,-17.882,0.951725,0.306701,0.012397,-0.305606,0.950558,-0.055172,-0.028706,0.048720,0.998400,0,0.48000,-0.21609,28.800,-0.432,-1,375.000,-1,400.000,-1,325.000,325.000,325.000,300.000,-1,825.000,725.000,-1,775.000,875.000,-1,-1,2,0,2,0,2,0,0,0,0,2,0,0,2,0,0,2,2
15,-7415.013,4879.198,-219.924,-18.316,0.949389,0.313875,0.011978,-0.312770,0.948181,-0.055926,-0.028911,0.049349,0.998363,0,0.56000,-0.21677,33.600,-0.434,-1,400.000,-1,425.000,-1,325.000,325.000,300.000,300.000,-1,850.000,750.000,-1,775.000,875.000,-1,-1,2,0,2,0,2,0,0,0,0,2,0,0,2,0,0,2,2
16,-7378.651,4866.855,-221.177,-18.751,0.946991,0.321053,0.011505,-0.319936,0.945733,-0.056826,-0.029125,0.050132,0.998318,0,0.64000,-0.21754,38.400,-0.435,-1,400.000,-1,425.000,-1,325.000,325.000,300.000,300.000,-1,900.000,775.000,-1,800.000,900.000,-1,-1,2,0,2,0,2,0,0,0,0,2,0,0,2,0,0,2,2
17,-7337.851,4852.657,-222.618,-19.188,0.944531,0.328238,0.010980,-0.327107,0.943213,-0.057887,-0.029357,0.051085,0.998263,0,0.72000,-0.21839,43.200,-0.437,-1,400.000,-1,425.000,-1,325.000,325.000,300.000,300.000,-1,950.000,825.000,-1,800.000,900.000,-1,-1,2,0,2,0,2,0,0,0,0,2,0,0,2,0,0,2,2
18,-7292.639,4836.535,-224.133,-19.626,0.942009,0.335420,0.010610,-0.334242,0.940592,-0.059734,-0.030016,0.052723,0.998158,0,0.80000,-0.21930,48.000,-0.439,-1,400.000,-1,425.000,-1,325.000,325.000,300.000,300.000,-1,-1,875.000,-1,800.000,900.000,-1,-1,2,0,2,0,2,0,0,0,0,2,2,0,2,0,0,2,2
19,-7243.044,4818.419,-225.973,-20.067,0.939412,0.342616,0.010892,-0.341357,0.937918,-0.061526,-0.031296,0.054080,0.998046,0,0.88000,-0.22024,52.800,-0.440,-1,400.000,-1,425.000,-1,325.000,325.000,300.000,300.000,-1,-1,975.000,-1,800.000,900.000,-1,-1,2,0,2,0,2,0,0,0,0,2,2,0,2,0,0,2,2
20,-7192.358,4799.459,-227.949,-20.509,0.936748,0.349822,0.011295,-0.348472,0.935178,-0.063321,-0.032714,0.055380,0.997929,0,0.90192,-0.22119,54.115,-0.442,-1,400.000,-1,425.000,-1,325.000,325.000,300.000,300.000,-1,-1,-1,-1,825.000,900.000,-1,-1,2,0,2,0,2,0,0,0,0,2,2,2,2,0,0,2,2
21,-7141.396,4779.952,-230.000,-20.947,0.934056,0.356928,0.011901,-0.355474,0.932420,-0.065043,-0.034312,0.056523,0.997812,0,0.90946,-0.21868,54.568,-0.437,-1,400.000,-1,425.000,-1,325.000,325.000,300.000,300.000,-1,-1,-1,-1,825.000,900.000,-1,-1,2,0,2,0,2,0,0,0,0,2,2,2,2,0,0,2,2
22,-7090.555,4760.038,-232.194,-21.389,0.931261,0.364107,0.013349,-0.362511,0.929612,-0.066383,-0.036580,0.056981,0.997705,0,0.91003,-0.22120,54.602,-0.442,-1,400.000,-1,425.000,-1,325.000,325.000,300.000,300.000,-1,-1,-1,-1,800.000,875.000,-1,-1,2,0,2,0,2,0,0,0,0,2,2,2,2,0,0,2,2
23,-7039.844,4739.718,-234.491,-21.837,0.928378,0.371342,0.014819,-0.369587,0.926705,-0.067994,-0.038982,0.057648,0.997576,0,0.91050,-0.22373,54.630,-0.447,-1,400.000,-1,425.000,-1,325.000,325.000,300.000,300.000,-1,-1,-1,-1,800.000,875.000,-1,-1,2,0,2,0,2,0,0,0,0,2,2,2,2,0,0,2,2
24,-6989.276,4718.990,-236.835,-22.289,0.925404,0.378635,0.016229,-0.376720,0.923707,-0.069628,-0.041354,0.058320,0.997441,0,0.91085,-0.22629,54.651,-0.453,-1,400.000,-1,400.000,-1,325.000,325.000,300.000,300.000,-1,-1,-1,-1,800.000,850.000,-1,-1,2,0,2,0,2,0,0,0,0,2,2,2,2,0,0,2,2
25,-6943.369,4699.557,-239.031,-22.943,0.921014,0.389136,0.017480,-0.387065,0.919306,-0.071120,-0.043745,0.058737,0.997315,0,0.83085,-0.32675,49.851,-0.654,-1,400.000,-1,400.000,-1,325.000,325.000,300.000,300.000,-1,-1,-1,-1,775.000,850.000,-1,-1,2,0,2,0,2,0,0,0,0,2,2,2,2,0,0,2,2
26,-6902.085,4681.521,-241.062,-23.601,0.916476,0.399660,0.018564,-0.397443,0.914759,-0.072490,-0.045953,0.059057,0.997196,0,0.75085,-0.32898,45.051,-0.658,-1,400.000,-1,400.000,-1,325.000,325.000,300.000,300.000,-1,-1,-1,-1,775.000,850.000,-1,-1,2,0,2,0,2,0,0,0,0,2,2,2,2,0,0,2,2
27,-6865.389,4664.980,-242.918,-24.262,0.911790,0.410195,0.019494,-0.407845,0.910069,-0.073734,-0.047986,0.059279,0.997087,0,0.67085,-0.33095,40.251,-0.662,-1,400.000,-1,400.000,-1,325.000,325.000,300.000,300.000,-1,-1,-1,-1,775.000,825.000,-1,-1,2,0,2,0,2,0,0,0,0,2,2,2,2,0,0,2,2
28,-6830.777,4648.893,-244.713,-24.928,0.906958,0.420731,0.020337,-0.418252,0.905235,-0.074933,-0.049936,0.059455,0.996981,0,0.63612,-0.33267,38.167,-0.665,-1,400.000,-1,400.000,-1,325.000,325.000,300.000,300.000,-1,-1,-1,-1,775.000,825.000,-1,-1,2,0,2,0,2,0,0,0,0,2,2,2,2,0,0,2,2
29,-6796.348,4632.400,-246.545,-25.596,0.901980,0.431261,0.021140,-0.428651,0.900255,-0.076153,-0.051873,0.059627,0.996872,0,0.63627,-0.33429,38.176,-0.669,-1,400.000,-1,400.000,-1,325.000,325.000,300.000,300.000,-1,-1,-1,-1,775.000,825.000,-1,-1,2,0,2,0,2,0,0,0,0,2,2,2,2,0,0,2,2
30,-6762.108,4615.501,-248.465,-26.268,0.896856,0.441777,0.021953,-0.439020,0.895117,-0.077632,-0.053946,0.059987,0.996740,0,0.63638,-0.33591,38.183,-0.672,-1,400.000,-1,400.000,-1,325.000,325.000,300.000,300.000,-1,-1,-1,-1,750.000,800.000,-1,-1,2,0,2,0,2,0,0,0,0,2,2,2,2,0,0,2,2
31,-6728.065,4598.198,-250.459,-26.943,0.891586,0.452279,0.022751,-0.449361,0.889824,-0.079299,-0.056110,0.060479,0.996591,0,0.63645,-0.33752,38.187,-0.675,-1,400.000,-1,400.000,-1,325.000,325.000,300.000,300.000,-1,-1,-1,-1,750.000,800.000,-1,-1,2,0,2,0,2,0,0,0,0,2,2,2,2,0,0,2,2
32,-6694.228,4580.492,-252.617,-27.622,0.886165,0.462780,0.023378,-0.459742,0.884407,-0.080381,-0.057874,0.060483,0.996490,0,0.63649,-0.33914,38.189,-0.678,-1,400.000,-1,400.000,-1,325.000,325.000,300.000,300.000,-1,-1,-1,-1,750.000,800.000,-1,-1,2,0,2,0,2,0,0,0,0,2,2,2,2,0,0,2,2
33,-6660.604,4562.384,-254.830,-28.303,0.880593,0.473268,0.023955,-0.470112,0.878842,-0.081431,-0.059591,0.060446,0.996391,0,0.63649,-0.34075,38.189,-0.682,-1,400.000,-1,400.000,-1,325.000,325.000,300.000,300.000,-1,-1,-1,-1,750.000,775.000,-1,-1,2,0,2,0,2,0,0,0,0,2,2,2,2,0,0,2,2
34,-6627.201,4543.877,-257.068,-28.988,0.874874,0.483736,0.024416,-0.480463,0.873122,-0.082545,-0.061248,0.060486,0.996288,0,0.63645,-0.34236,38.187,-0.685,-1,375.000,-1,400.000,-1,325.000,325.000,300.000,300.000,-1,-1,-1,-1,725.000,775.000,-1,-1,2,0,2,0,2,0,0,0,0,2,2,2,2,0,0,2,2
35,-6594.560,4525.098,-259.321,-29.913,0.866957,0.497769,0.024720,-0.494379,0.865209,-0.083679,-0.063041,0.060325,0.996186,0,0.62762,-0.46236,37.657,-0.925,-1,375.000,-1,400.000,-1,325.000,325.000,300.000,300.000,-1,-1,-1,-1,725.000,775.000,-1,-1,2,0,2,0,2,0,0,0,0,2,2,2,2,0,0,2,2
36,-6562.304,4505.656,-261.739,-31.077,0.856663,0.515278,0.024845,-0.511805,0.854954,-0.084310,-0.064684,0.059509,0.996130,0,0.62769,-0.58236,37.662,-1.165,-1,375.000,-1,400.000,-1,325.000,325.000,300.000,300.000,-1,-1,-1,-1,725.000,775.000,-1,-1,2,0,2,0,2,0,0,0,0,2,2,2,2,0,0,2,2
37,-6530.472,4485.501,-264.212,-32.340,0.845099,0.534029,0.024890,-0.530472,0.843431,-0.084989,-0.066379,0.058621,0.996071,0,0.62792,-0.63162,37.675,-1.263,-1,375.000,-1,400.000,-1,325.000,325.000,300.000,300.000,-1,-1,-1,-1,725.000,775.000,-1,-1,2,0,2,0,2,0,0,0,0,2,2,2,2,0,0,2,2
38,-6499.080,4464.638,-266.736,-33.606,0.833106,0.552555,0.024857,-0.548915,0.831473,-0.085708,-0.068026,0.057759,0.996010,0,0.62821,-0.63276,37.693,-1.266,-1,375.000,-1,400.000,-1,325.000,325.000,300.000,300.000,-1,-1,-1,-1,725.000,775.000,-1,-1,2,0,2,0,2,0,0,0,0,2,2,2,2,0,0,2,2
39,-6468.142,4443.076,-269.334,-34.874,0.820691,0.570841,0.024637,-0.567123,0.819079,-0.086492,-0.069553,0.057011,0.995948,0,0.62849,-0.63390,37.710,-1.268,-1,375.000,-1,400.000,-1,325.000,325.000,300.000,300.000,-1,-1,-1,-1,700.000,775.000,-1,-1,2,0,2,0,2,0,0,0,0,2,2,2,2,0,0,2,2
40,-6437.677,4420.823,-271.998,-36.144,0.807858,0.588878,0.024259,-0.585087,0.806255,-0.087322,-0.070980,0.056350,0.995885,0,0.62877,-0.63504,37.726,-1.270,-1,375.000,-1,400.000,-1,325.000,325.000,300.000,300.000,-1,-1,-1,-1,700.000,750.000,-1,-1,2,0,2,0,2,0,0,0,0,2,2,2,2,0,0,2,2
41,-6407.701,4397.891,-274.707,-37.416,0.794607,0.606657,0.023810,-0.602796,0.793009,-0.088163,-0.072366,0.055702,0.995821,0,0.62903,-0.63617,37.742,-1.272,-1,375.000,-1,400.000,-1,325.000,325.000,300.000,300.000,-1,-1,-1,-1,700.000,750.000,-1,-1,2,0,2,0,2,0,0,0,0,2,2,2,2,0,0,2,2
42,-6378.230,4374.287,-277.460,-38.691,0.780942,0.624169,0.023291,-0.620239,0.779346,-0.089011,-0.073710,0.055067,0.995758,0,0.62929,-0.63731,37.757,-1.275,-1,375.000,-1,400.000,-1,325.000,325.000,300.000,300.000,-1,-1,-1,-1,700.000,750.000,-1,-1,2,0,2,0,2,0,0,0,0,2,2,2,2,0,0,2,2
43,-6349.281,4350.023,-280.254,-39.968,0.766868,0.641403,0.022700,-0.637406,0.765270,-0.089863,-0.075010,0.054444,0.995695,0,0.62953,-0.63844,37.772,-1.277,-1,375.000,-1,400.000,-1,325.000,325.000,300.000,300.000,-1,-1,-1,-1,700.000,725.000,-1,-1,2,0,2,0,2,0,0,0,0,2,2,2,2,0,0,2,2
44,-6320.871,4325.110,-283.090,-41.247,0.752391,0.658348,0.022036,-0.654287,0.750786,-0.090712,-0.076265,0.053833,0.995633,0,0.62976,-0.63956,37.786,-1.279,-1,375.000,-1,400.000,-1,325.000,325.000,325.000,300.000,-1,-1,-1,-1,700.000,725.000,-1,-1,2,0,2,0,2,0,0,0,0,2,2,2,2,0,0,2,2
45,-6293.016,4299.559,-285.898,-42.528,0.737506,0.675004,0.021322,-0.670904,0.735910,-0.091239,-0.077278,0.052984,0.995601,0,0.62998,-0.64068,37.799,-1.281,-1,375.000,-1,400.000,-1,325.000,325.000,325.000,300.000,-1,-1,-1,-1,700.000,725.000,-1,-1,2,0,2,0,2,0,0,0,0,2,2,2,2,0,0,2,2
46,-6265.731,4273.382,-288.793,-43.812,0.722196,0.691368,0.021027,-0.687228,0.720655,-0.091506,-0.078418,0.051635,0.995582,0,0.63019,-0.64180,37.811,-1.284,-1,375.000,-1,400.000,-1,325.000,325.000,325.000,300.000,-1,-1,-1,-1,700.000,725.000,-1,-1,2,0,2,0,2,0,0,0,0,2,2,2,2,0,0,2,2
47,-6239.032,4246.590,-291.788,-45.098,0.706475,0.707425,0.021040,-0.703234,0.705018,-0.091719,-0.079718,0.050001,0.995563,0,0.63038,-0.64291,37.823,-1.286,-1,375.000,-1,400.000,-1,325.000,325.000,300.000,300.000,-1,-1,-1,-1,700.000,700.000,-1,-1,2,0,2,0,2,0,0,0,0,2,2,2,2,0,0,2,2
48,-6212.934,4219.197,-294.816,-46.386,0.690369,0.723152,0.021016,-0.718913,0.688994,-0.091931,-0.080960,0.048357,0.995544,0,0.63056,-0.64402,37.834,-1.288,-1,375.000,-1,400.000,-1,325.000,325.000,300.000,300.000,-1,-1,-1,-1,675.000,700.000,-1,-1,2,0,2,0,2,0,0,0,0,2,2,2,2,0,0,2,2
49,-6187.454,4191.217,-297.853,-47.676,0.673888,0.738537,0.020921,-0.734245,0.672585,-0.092268,-0.082214,0.046817,0.995514,0,0.63072,-0.64512,37.843,-1.290,-1,375.000,-1,400.000,-1,325.000,325.000,300.000,300.000,-1,-1,-1,-1,675.000,700.000,-1,-1,2,0,2,0,2,0,0,0,0,2,2,2,2,0,0,2,2
50,-6162.605,4162.663,-300.993,-48.968,0.657062,0.753561,0.020369,-0.749231,0.655792,-0.092682,-0.083199,0.045637,0.995487,0,0.63087,-0.64621,37.852,-1.292,-1,375.000,-1,375.000,-1,325.000,325.000,300.000,300.000,-1,-1,-1,-1,675.000,700.000,-1,-1,2,0,2,0,2,0,0,0,0,2,2,2,2,0,0,2,2
51,-6138.403,4133.548,-304.159,-50.263,0.639876,0.768224,0.019742,-0.763858,0.638632,-0.093111,-0.084138,0.044499,0.995460,0,0.63100,-0.64730,37.860,-1.295,-1,375.000,-1,375.000,-1,325.000,325.000,300.000,300.000,-1,-1,-1,-1,675.000,675.000,-1,-1,2,0,2,0,2,0,0,0,0,2,2,2,2,0,0,2,2
52,-6114.862,4103.888,-307.350,-51.560,0.622337,0.782518,0.019040,-0.778117,0.621113,-0.093551,-0.085032,0.043405,0.995432,0,0.63111,-0.64837,37.866,-1.297,-1,375.000,-1,375.000,-1,325.000,325.000,300.000,300.000,-1,-1,-1,-1,675.000,675.000,-1,-1,2,0,2,0,2,0,0,0,0,2,2,2,2,0,0,2,2
53,-6091.996,4073.698,-310.565,-52.859,0.604452,0.796432,0.018263,-0.791999,0.603243,-0.093999,-0.085881,0.042354,0.995405,0,0.63120,-0.64944,37.872,-1.299,-1,375.000,-1,375.000,-1,325.000,325.000,300.000,300.000,-1,-1,-1,-1,650.000,675.000,-1,-1,2,0,2,0,2,0,0,0,0,2,2,2,2,0,0,2,2
54,-6069.819,4042.994,-313.802,-54.160,0.586230,0.809957,0.017410,-0.805493,0.585030,-0.094451,-0.086687,0.041346,0.995377,0,0.63127,-0.65049,37.876,-1.301,-1,375.000,-1,375.000,-1,325.000,300.000,300.000,300.000,-1,-1,-1,-1,650.000,675.000,-1,-1,2,0,2,0,2,0,0,0,0,2,2,2,2,0,0,2,2
55,-6048.344,4011.790,-317.043,-55.463,0.567676,0.823087,0.016506,-0.818600,0.566483,-0.094823,-0.087398,0.040317,0.995357,0,0.63132,-0.65154,37.879,-1.303,-1,375.000,-1,375.000,-1,300.000,300.000,300.000,300.000,-1,-1,-1,-1,650.000,675.000,-1,-1,2,0,2,0,2,0,0,0,0,2,2,2,2,0,0,2,2
56,-6027.584,3980.104,-320.097,-56.768,0.548753,0.835834,0.015842,-0.831397,0.547627,-0.094259,-0.087461,0.038554,0.995422,0,0.63134,-0.65257,37.881,-1.305,-1,375.000,-1,375.000,-1,300.000,300.000,300.000,300.000,-1,-1,-1,-1,625.000,675.000,-1,-1,2,0,2,0,2,0,0,0,0,2,2,2,2,0,0,2,2
57,-6007.553,3947.953,-323.168,-58.075,0.529516,0.848165,0.015154,-0.843777,0.528451,-0.093698,-0.087479,0.036828,0.995485,0,0.63135,-0.65359,37.881,-1.307,-1,375.000,-1,375.000,-1,300.000,300.000,300.000,300.000,-1,-1,-1,-1,625.000,675.000,-1,-1,2,0,2,0,2,0,0,0,0,2,2,2,2,0,0,2,2
58,-5988.262,3915.353,-326.256,-59.384,0.509972,0.860070,0.014441,-0.855733,0.508965,-0.093139,-0.087456,0.035140,0.995548,0,0.63133,-0.65460,37.880,-1.309,-1,375.000,-1,375.000,-1,300.000,300.000,300.000,300.000,-1,-1,-1,-1,625.000,675.000,-1,-1,2,0,2,0,2,0,0,0,0,2,2,2,2,0,0,2,2
59,-5969.724,3882.323,-329.358,-60.695,0.490133,0.871540,0.013701,-0.867256,0.489179,-0.092579,-0.087388,0.033494,0.995611,0,0.63128,-0.65559,37.877,-1.311,-1,375.000,-1,375.000,-1,300.000,300.000,300.000,300.000,-1,-1,-1,-1,625.000,650.000,1000.000,-1,2,0,2,0,2,0,0,0,1,2,2,2,2,0,0,0,2
60,-5951.949,3848.880,-332.424,-62.008,0.470028,0.882562,0.012596,-0.878358,0.469099,-0.091834,-0.086958,0.032101,0.995695,0,0.63122,-0.65657,37.873,-1.313,1000.000,375.000,-1,375.000,-1,300.000,300.000,300.000,300.000,-1,-1,-1,-1,625.000,650.000,975.000,-1,0,0,2,0,2,0,0,0,1,2,2,2,2,0,0,0,2
61,-5934.949,3815.044,-335.640,-63.324,0.449608,0.893148,0.011778,-0.889070,0.448747,-0.090448,-0.086069,0.030195,0.995832,0,0.63112,-0.65753,37.867,-1.315,975.000,350.000,-1,375.000,-1,300.000,300.000,300.000,300.000,-1,-1,-1,-1,625.000,650.000,975.000,-1,0,0,2,0,2,0,0,0,1,2,2,2,2,0,0,0,2
62,-5918.734,3780.832,-338.840,-64.640,0.428930,0.903273,0.010832,-0.899325,0.428123,-0.089020,-0.085046,0.028442,0.995971,0,0.63100,-0.65848,37.860,-1.317,950.000,350.000,-1,375.000,-1,300.000,300.000,300.000,300.000,-1,-1,-1,-1,625.000,650.000,975.000,-1,0,0,2,0,2,0,0,0,1,2,2,2,2,0,0,0,2
63,-5903.314,3746.265,-341.806,-65.959,0.408081,0.912905,0.008652,-0.909149,0.407229,-0.087254,-0.083178,0.027740,0.996149,0,0.63085,-0.65941,37.851,-1.319,950.000,350.000,-1,375.000,-1,300.000,300.000,300.000,300.000,-1,-1,-1,-1,625.000,650.000,950.000,-1,0,0,2,0,2,0,0,0,1,2,2,2,2,0,0,0,2
64,-5888.700,3711.361,-344.784,-67.280,0.386980,0.922065,0.006519,-0.918499,0.386087,-0.085419,-0.081279,0.027067,0.996324,0,0.63067,-0.66032,37.840,-1.321,975.000,375.000,-1,375.000,-1,300.000,300.000,300.000,300.000,-1,-1,-1,-1,625.000,650.000,925.000,-1,0,0,2,0,2,0,0,0,1,2,2,2,2,0,0,0,2
65,-5872.976,3671.726,-348.070,-68.361,0.369567,0.929193,0.004506,-0.925828,0.368633,-0.083379,-0.079136,0.026643,0.996508,0,0.71067,-0.54032,42.640,-1.081,975.000,375.000,-1,375.000,-1,300.000,300.000,300.000,275.000,-1,-1,975.000,-1,625.000,650.000,925.000,-1,0,0,2,0,2,0,0,0,1,2,2,0,2,0,0,0,2
66,-5856.130,3627.378,-351.674,-69.201,0.355946,0.934503,0.002483,-0.931355,0.354962,-0.081123,-0.076691,0.026563,0.996701,0,0.79067,-0.42032,47.440,-0.841,950.000,375.000,-1,375.000,-1,300.000,300.000,300.000,275.000,-1,950.000,650.000,-1,625.000,625.000,900.000,-1,0,0,2,0,2,0,0,0,1,2,0,0,2,0,0,0,2
67,-5838.093,3578.350,-355.623,-69.802,0.346195,0.938163,0.000254,-0.935253,0.345142,-0.078608,-0.073835,0.026976,0.996906,0,0.87067,-0.30032,52.240,-0.601,925.000,375.000,-1,375.000,-1,300.000,325.000,300.000,275.000,-1,625.000,425.000,-1,625.000,625.000,875.000,-1,0,0,2,0,2,0,0,0,1,2,0,0,2,0,0,0,2
68,-5818.736,3524.695,-359.901,-70.163,0.340359,0.940293,-0.002215,-0.937644,0.339222,-0.075841,-0.070561,0.027890,0.997117,0,0.95067,-0.18032,57.040,-0.361,925.000,375.000,-1,375.000,-1,325.000,325.000,300.000,275.000,-1,425.000,375.000,-1,600.000,625.000,875.000,-1,0,0,2,0,2,0,0,0,1,2,0,0,2,0,0,0,2
69,-5799.515,3471.063,-364.131,-70.283,0.338456,0.940970,-0.004749,-0.938583,0.337229,-0.073067,-0.067152,0.029188,0.997316,0,0.94955,-0.06032,56.973,-0.121,900.000,375.000,-1,375.000,-1,325.000,300.000,300.000,300.000,-1,375.000,350.000,-1,600.000,625.000,850.000,-1,0,0,2,0,2,0,0,0,1,2,0,0,2,0,0,0,2
70,-5780.245,3417.647,-368.296,-70.164,0.340492,0.940218,-0.007378,-0.938094,0.339171,-0.070309,-0.063603,0.030861,0.997498,0,0.94644,0.05968,56.786,0.119,875.000,375.000,-1,375.000,-1,300.000,300.000,300.000,300.000,-1,350.000,325.000,-1,600.000,625.000,850.000,-1,0,0,2,0,2,0,0,0,1,2,0,0,2,0,0,0,2
71,-5760.713,3364.550,-372.186,-69.804,0.346420,0.938034,-0.009240,-0.936127,0.345047,-0.067884,-0.060490,0.032166,0.997650,0,0.94294,0.17968,56.576,0.359,850.000,350.000,-1,350.000,-1,300.000,300.000,300.000,300.000,-1,325.000,300.000,-1,575.000,625.000,825.000,-1,0,0,2,0,2,0,0,0,1,2,0,0,2,0,0,0,2
72,-5740.709,3311.876,-375.369,-69.205,0.356124,0.934392,-0.009316,-0.932722,0.354848,-0.064135,-0.056621,0.031529,0.997898,0,0.93909,0.29968,56.345,0.599,825.000,350.000,-1,350.000,-1,300.000,300.000,300.000,300.000,-1,325.000,300.000,-1,575.000,625.000,800.000,-1,0,0,2,0,2,0,0,0,0,2,0,0,2,0,0,0,2
73,-5720.027,3259.731,-378.140,-68.366,0.369633,0.929136,-0.008856,-0.927741,0.368515,-0.059107,-0.051654,0.030064,0.998212,0,0.93496,0.41968,56.097,0.839,825.000,350.000,-1,350.000,-1,300.000,300.000,300.000,325.000,-1,300.000,300.000,-1,575.000,625.000,800.000,-1,0,0,2,0,2,0,0,0,0,2,0,0,2,0,0,0,2
74,-5698.489,3208.215,-380.788,-67.311,0.386561,0.922222,-0.008724,-0.921088,0.385574,-0.054120,-0.046547,0.028956,0.998496,0,0.93062,0.52756,55.837,1.055,800.000,350.000,-1,375.000,-1,300.000,300.000,300.000,325.000,-1,300.000,300.000,-1,575.000,625.000,775.000,-1,0,0,2,0,2,0,0,0,0,2,0,0,2,0,0,0,2
75,-5676.110,3157.348,-382.946,-66.254,0.403470,0.914940,-0.009802,-0.913999,0.402509,-0.050909,-0.042634,0.029499,0.998655,0,0.92621,0.52835,55.573,1.057,800.000,350.000,-1,375.000,-1,300.000,300.000,300.000,325.000,-1,300.000,325.000,-1,575.000,625.000,775.000,-1,0,0,2,0,2,0,0,0,0,2,0,0,2,0,0,0,2
76,-5652.900,3107.129,-384.673,-65.195,0.420309,0.907291,-0.012772,-0.906602,0.419324,-0.047338,-0.037594,0.031475,0.998797,0,0.92207,0.52945,55.324,1.059,825.000,350.000,-1,375.000,-1,300.000,300.000,300.000,325.000,-1,325.000,325.000,-1,575.000,625.000,775.000,-1,0,0,2,0,2,0,0,0,0,2,0,0,2,0,0,0,2
77,-5628.861,3057.554,-386.092,-64.133,0.437043,0.899280,-0.017007,-0.898877,0.436021,-0.043656,-0.031844,0.034367,0.998902,0,0.91827,0.53084,55.096,1.062,850.000,350.000,-1,375.000,-1,300.000,300.000,300.000,300.000,-1,325.000,325.000,-1,575.000,625.000,825.000,-1,0,0,2,0,2,0,0,0,0,2,0,0,2,0,0,0,2
78,-5603.998,3008.617,-387.412,-63.068,0.453642,0.890926,-0.021432,-0.890803,0.452613,-0.040157,-0.026077,0.037308,0.998964,0,0.91486,0.53250,54.891,1.065,900.000,350.000,-1,375.000,-1,300.000,300.000,300.000,300.000,-1,325.000,300.000,725.000,575.000,625.000,850.000,-1,0,0,2,0,2,0,0,0,0,2,0,0,1,0,0,0,2
79,-5578.310,2960.311,-388.632,-61.999,0.470106,0.882226,-0.026040,-0.882377,0.469099,-0.036850,-0.020295,0.040300,0.998981,0,0.91187,0.53443,54.712,1.069,975.000,350.000,-1,375.000,-1,300.000,300.000,300.000,300.000,-1,300.000,275.000,650.000,600.000,625.000,900.000,-1,0,0,2,0,2,0,0,0,0,2,0,0,1,0,0,0,2
80,-5551.796,2912.627,-389.751,-60.926,0.486434,0.873173,-0.030825,-0.873597,0.485479,-0.033745,-0.014500,0.043344,0.998955,0,0.90934,0.53660,54.560,1.073,-1,350.000,-1,350.000,-1,300.000,300.000,325.000,300.000,-1,300.000,250.000,625.000,600.000,625.000,925.000,-1,2,0,2,0,2,0,0,0,0,2,0,0,1,0,0,0,2
81,-5524.451,2865.557,-390.740,-59.848,0.502619,0.863769,-0.035735,-0.864465,0.501753,-0.030732,-0.008615,0.046338,0.998889,0,0.90727,0.53901,54.436,1.078,-1,350.000,-1,350.000,-1,300.000,300.000,325.000,300.000,-1,275.000,225.000,625.000,600.000,625.000,975.000,-1,2,0,2,0,2,0,0,0,0,2,0,0,1,0,0,0,2
82,-5496.272,2819.095,-391.232,-58.765,0.518613,0.854065,-0.040172,-0.855008,0.517954,-0.026187,-0.001558,0.047929,0.998850,0,0.90568,0.54163,54.341,1.083,-1,350.000,-1,350.000,-1,300.000,300.000,325.000,300.000,-1,250.000,225.000,625.000,600.000,625.000,-1,1000.000,2,0,2,0,2,0,0,0,0,2,0,0,1,0,0,2,1
83,-5467.252,2773.233,-391.065,-57.676,0.534539,0.844083,-0.042332,-0.845134,0.534101,-0.022014,0.004028,0.047544,0.998861,0,0.90454,0.54445,54.273,1.089,-1,350.000,-1,350.000,-1,300.000,300.000,325.000,300.000,-1,250.000,225.000,625.000,625.000,625.000,-1,975.000,2,0,2,0,2,0,0,0,0,2,0,0,1,0,0,2,1
84,-5437.383,2727.967,-390.581,-56.581,0.550377,0.833766,-0.043809,-0.834866,0.550161,-0.017931,0.009152,0.046444,0.998879,0,0.90387,0.54747,54.232,1.095,-1,350.000,-1,350.000,-1,300.000,300.000,325.000,300.000,-1,275.000,250.000,650.000,625.000,625.000,-1,925.000,2,0,2,0,2,0,0,0,0,2,0,0,1,0,0,2,1
85,-5406.659,2683.296,-389.912,-55.480,0.566096,0.823088,-0.045411,-0.824211,0.566119,-0.013583,0.014528,0.045118,0.998876,0,0.90362,0.55065,54.217,1.101,-1,350.000,-1,350.000,-1,300.000,300.000,325.000,300.000,-1,275.000,275.000,675.000,625.000,625.000,-1,900.000,2,0,2,0,2,0,0,0,0,2,0,0,1,0,0,2,1
86,-5375.070,2639.219,-389.034,-54.372,0.581688,0.812046,-0.047124,-0.813160,0.581972,-0.008874,0.020219,0.043482,0.998850,0,0.90380,0.55400,54.228,1.108,-1,350.000,-1,375.000,-1,300.000,300.000,325.000,300.000,-1,275.000,275.000,700.000,625.000,650.000,-1,850.000,2,0,2,0,2,0,0,0,0,2,0,0,1,0,0,2,1
87,-5342.609,2595.737,-388.018,-53.257,0.597155,0.800624,-0.049059,-0.801704,0.597706,-0.004142,0.026007,0.041804,0.998787,0,0.90436,0.55751,54.262,1.115,-1,375.000,-1,375.000,950.000,300.000,300.000,325.000,300.000,-1,300.000,300.000,725.000,650.000,650.000,-1,825.000,2,0,2,0,1,0,0,0,0,2,0,0,1,0,0,2,1
88,-5308.747,2552.181,-386.821,-52.137,0.612449,0.788839,-0.051373,-0.789860,0.613286,0.000677,0.032040,0.040163,0.998679,0,0.91952,0.56012,55.171,1.120,-1,375.000,-1,375.000,875.000,300.000,300.000,325.000,325.000,-1,300.000,300.000,750.000,650.000,650.000,-1,775.000,2,0,2,0,1,0,0,0,0,2,0,0,1,0,0,2,1
89,-5274.078,2509.351,-385.179,-51.012,0.627577,0.776662,-0.054249,-0.777666,0.628665,0.003957,0.037178,0.039704,0.998520,0,0.91838,0.56240,55.103,1.125,-1,375.000,-1,375.000,800.000,300.000,300.000,325.000,325.000,-1,325.000,325.000,775.000,650.000,650.000,-1,750.000,2,0,2,0,1,0,0,0,0,2,0,0,1,0,1,2,1
90,-5236.127,2464.409,-383.033,-49.822,0.643314,0.763427,-0.057676,-0.764456,0.644647,0.006162,0.041884,0.040126,0.998316,0,0.98036,0.59495,58.821,1.190,-1,375.000,-1,375.000,725.000,300.000,300.000,325.000,325.000,-1,350.000,325.000,800.000,675.000,625.000,-1,700.000,2,0,2,0,1,0,0,0,0,2,0,0,1,0,1,2,1
91,-5197.158,2420.147,-380.740,-48.639,0.658661,0.749950,-0.061161,-0.750993,0.660258,0.008350,0.046644,0.040431,0.998093,0,0.98288,0.59132,58.973,1.183,-1,375.000,-1,375.000,675.000,300.000,300.000,325.000,325.000,-1,375.000,325.000,825.000,675.000,600.000,-1,650.000,2,0,2,0,1,0,0,0,0,2,0,0,1,0,1,2,1
92,-5157.200,2376.594,-378.050,-47.465,0.673689,0.736278,-0.063535,-0.737272,0.675513,0.010599,0.050723,0.039702,0.997923,0,0.98509,0.58733,59.105,1.175,-1,375.000,-1,375.000,600.000,300.000,300.000,325.000,325.000,-1,400.000,325.000,875.000,700.000,575.000,-1,600.000,2,0,2,0,1,0,0,0,0,2,0,0,1,0,1,2,1
93,-5116.288,2333.783,-374.952,-46.299,0.688380,0.722424,-0.065095,-0.723316,0.690396,0.012948,0.054295,0.038171,0.997795,0,0.98694,0.58297,59.216,1.166,-1,375.000,-1,375.000,550.000,300.000,300.000,325.000,325.000,-1,400.000,350.000,900.000,700.000,550.000,-1,575.000,2,0,2,0,1,0,0,0,0,2,0,0,1,0,1,2,1
94,-5078.061,2295.056,-371.891,-45.373,0.699802,0.711204,-0.066825,-0.712005,0.702011,0.015115,0.057662,0.037002,0.997650,0,0.90694,0.46297,54.416,0.926,-1,375.000,-1,375.000,500.000,300.000,300.000,325.000,325.000,-1,375.000,375.000,950.000,725.000,550.000,-1,525.000,2,0,2,0,1,0,0,0,0,2,0,0,1,0,1,2,1
95,-5042.786,2260.164,-368.988,-44.687,0.708122,0.702776,-0.068326,-0.703486,0.710503,0.017123,0.060580,0.035941,0.997516,0,0.82694,0.34297,49.616,0.686,-1,375.000,-1,375.000,450.000,300.000,300.000,325.000,325.000,-1,375.000,400.000,975.000,725.000,525.000,-1,500.000,2,0,2,0,1,0,0,0,0,2,0,0,1,0,1,2,1
96,-5010.679,2228.896,-366.223,-44.241,0.713463,0.697252,-0.069354,-0.697864,0.715979,0.018996,0.062901,0.034846,0.997411,0,0.74694,0.22297,44.816,0.446,-1,375.000,-1,375.000,425.000,325.000,300.000,300.000,325.000,-1,375.000,400.000,1000.000,750.000,500.000,-1,475.000,2,0,2,1,1,0,0,0,0,2,0,0,1,0,1,2,1
97,-4979.433,2198.685,-363.442,-44.035,0.715878,0.694698,-0.070095,-0.695211,0.718505,0.020796,0.064810,0.033843,0.997324,0,0.72437,0.10297,43.462,0.206,-1,375.000,-1,375.000,400.000,325.000,300.000,300.000,325.000,-1,375.000,400.000,-1,750.000,500.000,-1,450.000,2,0,2,1,1,0,0,0,0,2,0,0,2,0,1,2,1
98,-4948.187,2168.438,-360.719,-44.069,0.715384,0.695133,-0.070820,-0.695591,0.718100,0.022037,0.066175,0.033496,0.997246,0,0.72480,-0.01703,43.488,-0.034,-1,375.000,-1,350.000,375.000,325.000,325.000,300.000,325.000,-1,375.000,400.000,-1,775.000,475.000,-1,425.000,2,0,2,1,1,0,0,0,0,2,0,0,2,0,1,2,1
99,-4917.068,2138.025,-357.947,-44.343,0.711971,0.698562,-0.071475,-0.698974,0.714769,0.023254,0.067333,0.033404,0.997171,0,0.72521,-0.13703,43.512,-0.274,-1,375.000,-1,325.000,350.000,325.000,325.000,300.000,325.000,-1,375.000,425.000,-1,775.000,450.000,-1,375.000,2,0,2,1,1,0,0,0,0,2,0,0,2,0,1,2,1
100,-4886.179,2107.341,-355.132,-44.809,0.706181,0.704355,-0.072062,-0.704729,0.709056,0.024438,0.068309,0.033527,0.997101,0,0.72564,-0.23322,43.538,-0.466,-1,375.000,-1,325.000,325.000,325.000,300.000,300.000,325.000,-1,400.000,425.000,-1,750.000,425.000,-1,350.000,2,0,2,1,1,0,1,0,0,2,0,0,2,1,1,2,1
101,-4855.527,2076.385,-352.242,-45.282,0.700269,0.710178,-0.072605,-0.710528,0.703210,0.025388,0.069086,0.033809,0.997038,0,0.72607,-0.23649,43.564,-0.473,-1,400.000,-1,300.000,275.000,325.000,300.000,325.000,325.000,-1,400.000,450.000,-1,725.000,425.000,-1,325.000,2,0,2,1,1,0,1,0,0,2,0,0,2,1,1,2,1
102,-4825.124,2045.163,-349.321,-45.762,0.694228,0.716035,-0.073082,-0.716362,0.697232,0.026322,0.069803,0.034079,0.996979,0,0.72631,-0.23991,43.579,-0.480,-1,400.000,975.000,300.000,250.000,325.000,275.000,325.000,325.000,-1,425.000,450.000,-1,700.000,400.000,-1,275.000,2,0,1,1,1,0,1,0,1,2,0,0,2,1,1,2,1
103,-4794.988,2013.678,-344.201,-46.249,0.688015,0.722106,-0.072103,-0.721608,0.691285,0.037511,0.076931,0.026222,0.996692,0,0.72637,-0.24348,43.582,-0.487,-1,400.000,1000.000,300.000,250.000,325.000,275.000,300.000,325.000,-1,350.000,400.000,-1,675.000,400.000,-1,275.000,2,0,1,1,1,1,1,0,1,2,0,0,2,1,1,2,1
104,-4765.131,1981.940,-338.931,-46.744,0.681722,0.728178,-0.070790,-0.726729,0.685155,0.049271,0.084380,0.017856,0.996274,0,0.72620,-0.24720,43.572,-0.494,-1,425.000,-1,275.000,250.000,325.000,275.000,300.000,325.000,-1,275.000,375.000,-1,675.000,400.000,-1,275.000,2,1,2,1,1,1,1,0,1,2,0,0,2,1,1,2,1
105,-4738.689,1953.582,-334.221,-46.998,0.678513,0.731292,-0.069509,-0.728923,0.681989,0.059694,0.091058,0.010164,0.995794,0,0.64620,-0.12720,38.772,-0.254,-1,400.000,-1,275.000,250.000,300.000,275.000,300.000,325.000,-1,250.000,350.000,-1,675.000,400.000,-1,275.000,2,1,2,1,1,1,1,0,1,2,0,0,2,1,1,2,1
106,-4715.526,1928.729,-330.085,-47.012,0.678402,0.731497,-0.068425,-0.728265,0.681837,0.068768,0.096958,0.003179,0.995283,0,0.56620,-0.00720,33.972,-0.014,-1,400.000,-1,275.000,250.000,300.000,275.000,300.000,325.000,1000.000,200.000,325.000,-1,675.000,400.000,-1,275.000,2,1,2,1,1,1,1,0,1,0,0,0,2,1,1,2,1
107,-4695.551,1907.466,-326.532,-46.787,0.681367,0.728807,-0.067665,-0.724790,0.684712,0.076483,0.102072,-0.003070,0.994772,0,0.48620,0.11280,29.172,0.226,-1,400.000,-1,275.000,250.000,300.000,275.000,300.000,325.000,925.000,200.000,300.000,-1,675.000,400.000,-1,275.000,2,1,2,1,1,1,1,0,1,0,0,0,2,1,1,2,1
108,-4678.719,1889.838,-323.597,-46.321,0.687367,0.723195,-0.067194,-0.718487,0.690589,0.082843,0.106315,-0.008665,0.994295,0,0.40620,0.23280,24.372,0.466,-1,400.000,-1,275.000,250.000,300.000,275.000,275.000,325.000,875.000,175.000,300.000,-1,675.000,400.000,-1,275.000,2,1,2,1,1,1,1,0,1,0,0,0,2,1,1,2,1
109,-4665.029,1875.849,-321.312,-45.616,0.696328,0.714596,-0.066929,-0.709312,0.699404,0.087816,0.109564,-0.013675,0.993886,0,0.32620,0.35280,19.572,0.706,-1,400.000,-1,275.000,250.000,300.000,275.000,275.000,325.000,850.000,150.000,300.000,-1,675.000,400.000,-1,275.000,2,1,2,1,1,1,1,0,1,0,0,0,2,1,1,2,1
110,-4654.523,1865.463,-319.594,-44.670,0.708089,0.702912,-0.067268,-0.697189,0.711056,0.091250,0.111972,-0.017715,0.993553,0,0.24620,0.47280,14.772,0.946,-1,400.000,-1,275.000,250.000,300.000,275.000,275.000,300.000,825.000,150.000,300.000,-1,700.000,400.000,-1,275.000,2,1,2,1,1,1,1,0,1,0,0,0,2,1,1,2,1
111,-4647.287,1858.600,-318.493,-43.484,0.722496,0.688006,-0.068174,-0.681968,0.725403,0.093330,0.113665,-0.020939,0.993298,0,0.16620,0.59280,9.972,1.186,-1,425.000,-1,275.000,250.000,325.000,275.000,275.000,300.000,800.000,150.000,275.000,-1,725.000,400.000,-1,275.000,2,1,2,1,1,1,1,0,1,0,0,0,2,1,1,2,1
112,-4643.446,1855.136,-318.014,-42.059,0.739353,0.669710,-0.069608,-0.663486,0.742256,0.094032,0.114641,-0.023339,0.993133,0,0.08620,0.71280,5.172,1.426,-1,425.000,-1,300.000,250.000,325.000,275.000,275.000,275.000,800.000,150.000,300.000,-1,750.000,400.000,-1,275.000,2,1,2,1,1,1,1,0,1,0,0,0,2,1,1,2,1
113,-4643.162,1854.895,-318.159,-40.393,0.758424,0.647828,-0.071495,-0.641553,0.761379,0.093332,0.114898,-0.024917,0.993065,0,0.00620,0.83280,0.372,1.666,-1,450.000,-1,300.000,250.000,325.000,275.000,275.000,275.000,800.000,150.000,300.000,-1,775.000,425.000,-1,300.000,2,1,2,1,1,1,1,0,1,0,0,0,2,1,1,2,1
114,-4646.622,1857.658,-318.915,-38.613,0.778073,0.623849,-0.073591,-0.617662,0.781127,0.091292,0.114437,-0.025578,0.993101,0,-0.07380,0.89023,-4.428,1.780,-1,450.000,-1,300.000,250.000,325.000,275.000,275.000,275.000,825.000,150.000,300.000,-1,825.000,425.000,-1,300.000,2,1,2,1,1,1,1,0,1,0,0,0,2,1,1,2,1
115,-4654.007,1863.191,-320.257,-36.837,0.796905,0.599348,-0.075658,-0.593386,0.800090,0.088031,0.113295,-0.025258,0.993240,0,-0.15380,0.88788,-9.228,1.776,-1,475.000,-1,300.000,250.000,350.000,300.000,275.000,250.000,825.000,150.000,300.000,-1,875.000,450.000,-1,300.000,2,1,2,1,1,1,1,0,1,0,0,0,2,1,1,2,1
116,-4665.489,1871.251,-322.173,-35.065,0.814934,0.574334,-0.077606,-0.568721,0.818269,0.083623,0.111530,-0.024011,0.993471,0,-0.23380,0.88615,-14.028,1.772,-1,475.000,-1,300.000,250.000,350.000,300.000,275.000,250.000,850.000,175.000,325.000,-1,950.000,450.000,-1,300.000,2,1,2,1,1,1,1,0,1,0,0,0,2,1,1,2,1
117,-4677.904,1879.404,-324.188,-33.292,0.832208,0.548761,-0.079316,-0.543520,0.835674,0.078967,0.109617,-0.022607,0.993717,0,-0.24754,0.88649,-14.852,1.773,-1,475.000,-1,300.000,250.000,350.000,300.000,275.000,250.000,875.000,175.000,325.000,-1,975.000,450.000,-1,300.000,2,0,2,1,1,1,1,0,1,0,0,0,2,1,1,2,1
118,-4690.640,1887.215,-326.261,-31.518,0.848737,0.522645,-0.080550,-0.517775,0.852283,0.074318,0.107493,-0.021370,0.993976,0,-0.24901,0.88689,-14.940,1.774,-1,475.000,-1,325.000,250.000,375.000,300.000,300.000,250.000,900.000,200.000,350.000,-1,-1,475.000,-1,325.000,2,0,2,1,1,1,1,0,1,0,0,0,2,2,1,2,1
119,-4703.688,1894.671,-328.374,-29.743,0.864492,0.496014,-0.081384,-0.491511,0.868079,0.069684,0.105212,-0.020240,0.994244,0,-0.25046,0.88728,-15.028,1.775,-1,475.000,-1,325.000,275.000,375.000,325.000,300.000,250.000,925.000,225.000,375.000,-1,-1,475.000,-1,325.000,2,0,2,1,1,1,1,0,1,0,0,0,2,2,1,2,1
120,-4717.038,1901.760,-330.497,-27.968,0.879444,0.468893,-0.081961,-0.464754,0.883048,0.065035,0.102870,-0.019103,0.994511,0,-0.25191,0.88764,-15.114,1.775,-1,475.000,-1,325.000,275.000,375.000,325.000,300.000,250.000,950.000,250.000,400.000,-1,-1,475.000,-1,325.000,2,0,2,1,1,0,1,0,1,0,0,0,2,2,1,2,1
121,-4730.677,1908.470,-332.627,-26.192,0.893574,0.441310,-0.082281,-0.437528,0.897175,0.060387,0.100470,-0.017960,0.994778,0,-0.25334,0.88799,-15.200,1.776,-1,450.000,-1,325.000,275.000,375.000,325.000,300.000,225.000,975.000,275.000,425.000,-1,-1,500.000,-1,325.000,2,0,2,1,1,0,1,0,1,0,0,0,2,2,1,2,1
122,-4744.596,1914.789,-334.762,-24.415,0.906868,0.413291,-0.082348,-0.409857,0.910444,0.055757,0.098017,-0.016813,0.995043,0,-0.25475,0.88833,-15.285,1.777,-1,450.000,-1,325.000,275.000,375.000,325.000,300.000,225.000,-1,300.000,475.000,-1,1000.000,500.000,-1,350.000,2,0,2,1,1,0,1,0,1,2,0,0,2,0,1,2,1
123,-4758.781,1920.705,-336.900,-22.638,0.919310,0.384862,-0.082164,-0.381768,0.922841,0.051162,0.095515,-0.015666,0.995305,0,-0.25616,0.88864,-15.369,1.777,-1,450.000,-1,350.000,275.000,350.000,350.000,300.000,225.000,-1,350.000,525.000,-1,975.000,525.000,-1,350.000,2,0,2,1,1,0,1,0,1,2,0,0,2,0,1,2,1
124,-4773.222,1926.209,-339.039,-20.860,0.930885,0.356052,-0.081736,-0.353285,0.934353,0.046621,0.092970,-0.014522,0.995563,0,-0.25755,0.88893,-15.453,1.778,-1,450.000,-1,350.000,275.000,350.000,350.000,300.000,225.000,-1,400.000,550.000,-1,975.000,525.000,-1,350.000,2,0,2,1,1,0,1,0,1,2,0,0,2,0,1,2,1
125,-4787.904,1931.288,-341.177,-19.082,0.941579,0.326889,-0.081070,-0.324436,0.944968,0.042151,0.090387,-0.013386,0.995817,0,-0.25893,0.88921,-15.536,1.778,-1,425.000,-1,350.000,275.000,350.000,350.000,300.000,225.000,-1,450.000,550.000,-1,950.000,525.000,-1,375.000,2,0,2,1,1,0,0,0,1,2,0,0,2,0,1,2,1
126,-4802.816,1935.934,-343.313,-17.303,0.951381,0.297401,-0.080174,-0.295247,0.954674,0.037770,0.087773,-0.012263,0.996065,0,-0.26030,0.88947,-15.618,1.779,-1,425.000,-1,350.000,275.000,350.000,325.000,300.000,225.000,-1,525.000,575.000,-1,925.000,550.000,-1,375.000,2,0,2,1,1,0,0,0,1,2,0,0,2,0,1,2,1
127,-4817.943,1940.136,-345.444,-15.523,0.960277,0.267617,-0.079057,-0.265746,0.963461,0.033497,0.085133,-0.011157,0.996307,0,-0.26165,0.88970,-15.699,1.779,-1,425.000,-1,375.000,275.000,325.000,325.000,300.000,200.000,-1,550.000,575.000,-1,900.000,550.000,-1,400.000,2,0,2,1,1,0,0,0,1,2,0,0,2,0,1,2,1
128,-4833.271,1943.886,-347.569,-13.744,0.968256,0.237566,-0.077731,-0.235962,0.971319,0.029346,0.082473,-0.010073,0.996542,0,-0.26300,0.88992,-15.780,1.780,-1,425.000,-1,375.000,300.000,325.000,325.000,300.000,200.000,-1,550.000,600.000,-1,875.000,575.000,-1,400.000,2,0,2,1,1,0,0,0,1,2,0,0,2,0,1,2,1
129,-4848.787,1947.174,-349.664,-11.963,0.975306,0.207278,-0.076252,-0.205914,0.978240,0.025426,0.079863,-0.009097,0.996764,0,-0.26433,0.89012,-15.860,1.780,-1,400.000,-1,375.000,300.000,325.000,325.000,300.000,200.000,-1,575.000,625.000,-1,875.000,575.000,-1,425.000,2,0,2,1,1,0,0,0,1,2,0,0,2,0,1,2,1
130,-4864.476,1949.992,-350.965,-10.183,0.981284,0.176778,-0.076358,-0.175361,0.984188,0.024937,0.079559,-0.011080,0.996769,0,-0.26566,0.89030,-15.940,1.781,-1,400.000,-1,400.000,325.000,325.000,325.000,300.000,200.000,-1,550.000,625.000,-1,875.000,600.000,-1,475.000,2,0,2,1,1,0,0,0,1,2,0,0,2,0,1,2,1
131,-4880.322,1952.333,-352.267,-8.402,0.986309,0.146103,-0.076470,-0.144634,0.989183,0.024445,0.079214,-0.013050,0.996772,0,-0.26697,0.89046,-16.018,1.781,-1,400.000,-1,375.000,350.000,325.000,325.000,300.000,200.000,-1,550.000,625.000,-1,875.000,625.000,-1,550.000,2,0,2,0,1,0,0,0,1,2,0,0,2,0,1,2,1
132,-4896.311,1954.189,-353.571,-6.621,0.990376,0.115283,-0.076589,-0.113762,0.993219,0.023952,0.078831,-0.015008,0.996775,0,-0.26828,0.89060,-16.097,1.781,-1,400.000,-1,400.000,375.000,325.000,325.000,300.000,200.000,-1,550.000,625.000,-1,875.000,650.000,-1,650.000,2,0,2,0,1,0,0,0,1,2,0,0,2,0,1,2,1
