timestep,x_cm,y_cm,z_cm,yaw_deg,basis_xx,basis_xy,basis_xz,basis_yx,basis_yy,basis_yz,basis_zx,basis_zy,basis_zz,teleport_flag,throttle_cmd,steering_cmd,cmd_move_cm,cmd_turn_deg,lidar_cm_0,lidar_cm_1,lidar_cm_2,lidar_cm_3,lidar_cm_4,lidar_cm_5,lidar_cm_6,lidar_cm_7,lidar_cm_8,lidar_cm_9,lidar_cm_10,lidar_cm_11,lidar_cm_12,lidar_cm_13,lidar_cm_14,lidar_cm_15,lidar_cm_16,lidar_class_0,lidar_class_1,lidar_class_2,lidar_class_3,lidar_class_4,lidar_class_5,lidar_class_6,lidar_class_7,lidar_class_8,lidar_class_9,lidar_class_10,lidar_class_11,lidar_class_12,lidar_class_13,lidar_class_14,lidar_class_15,lidar_class_16
0,-7545.695,332.080,340.974,121.024,-0.515088,-0.856929,-0.018896,0.856803,-0.515377,0.016578,-0.023945,-0.007651,0.999684,1,0.08000,0.12000,4.800,0.240,-1,425.000,-1,400.000,-1,325.000,325.000,300.000,300.000,-1,-1,-1,-1,900.000,850.000,-1,-1,2,0,2,0,2,0,0,0,0,2,2,2,2,0,0,2,2
1,-7550.694,340.276,340.729,121.377,-0.520355,-0.853735,-0.019172,0.853604,-0.520652,0.016787,-0.024314,-0.007631,0.999675,0,0.16000,0.17667,9.600,0.353,-1,425.000,-1,400.000,-1,325.000,325.000,300.000,300.000,-1,-1,-1,-1,900.000,875.000,-1,-1,2,0,2,0,2,0,0,0,0,2,2,2,2,0,0,2,2
2,-7558.266,352.524,340.352,121.726,-0.525530,-0.850549,-0.019610,0.850412,-0.525839,0.017096,-0.024852,-0.007692,0.999662,0,0.24000,0.17439,14.400,0.349,-1,425.000,-1,400.000,-1,325.000,325.000,300.000,300.000,-1,-1,-1,-1,900.000,875.000,-1,-1,2,0,2,0,2,0,0,0,0,2,2,2,2,0,0,2,2
3,-7568.460,368.794,339.841,122.068,-0.530584,-0.847392,-0.020212,0.847247,-0.530911,0.017509,-0.025567,-0.007834,0.999642,0,0.32000,0.17116,19.200,0.342,-1,425.000,-1,400.000,-1,325.000,325.000,300.000,300.000,-1,-1,-1,-1,900.000,875.000,-1,-1,2,0,2,0,2,0,0,0,0,2,2,2,2,0,0,2,2
4,-7581.321,389.058,339.179,122.402,-0.535488,-0.844282,-0.020966,0.844127,-0.535839,0.018082,-0.026501,-0.008015,0.999617,0,0.40000,0.16693,24.000,0.334,-1,425.000,-1,400.000,-1,325.000,325.000,300.000,300.000,-1,-1,-1,-1,900.000,875.000,-1,-1,2,0,2,0,2,0,0,0,0,2,2,2,2,0,0,2,2
5,-7596.890,413.287,338.345,122.725,-0.540213,-0.841244,-0.021858,0.841072,-0.540594,0.018886,-0.027704,-0.008181,0.999583,0,0.48000,0.16165,28.800,0.323,-1,425.000,-1,400.000,-1,325.000,325.000,300.000,300.000,-1,-1,-1,-1,900.000,875.000,-1,-1,2,0,2,0,2,0,0,0,0,2,2,2,2,0,0,2,2
6,-7615.208,441.455,337.353,123.036,-0.544726,-0.838301,-0.022928,0.838108,-0.545143,0.019840,-0.029131,-0.008408,0.999540,0,0.56000,0.15525,33.600,0.310,-1,425.000,-1,400.000,-1,325.000,325.000,300.000,300.000,-1,-1,-1,-1,900.000,875.000,-1,-1,2,0,2,0,2,0,0,0,0,2,2,2,2,0,0,2,2
7,-7636.308,473.538,336.174,123.331,-0.548995,-0.835479,-0.024089,0.835261,-0.549455,0.020946,-0.030735,-0.008621,0.999490,0,0.64000,0.14763,38.400,0.295,-1,425.000,-1,400.000,1000.000,325.000,325.000,300.000,300.000,-1,-1,-1,-1,900.000,875.000,-1,-1,2,0,2,0,1,0,0,0,0,2,2,2,2,0,0,2,2
8,-7660.220,509.517,334.770,123.608,-0.552987,-0.832808,-0.025226,0.832557,-0.553494,0.022206,-0.032456,-0.008722,0.999435,0,0.72000,0.13872,43.200,0.277,-1,425.000,-1,400.000,950.000,325.000,325.000,300.000,300.000,-1,-1,-1,-1,900.000,875.000,-1,-1,2,0,2,0,1,0,0,0,0,2,2,2,2,0,1,2,2
9,-7686.968,549.374,333.159,123.865,-0.556661,-0.830318,-0.026477,0.830028,-0.557220,0.023649,-0.034390,-0.008812,0.999370,0,0.80000,0.12840,48.000,0.257,-1,425.000,-1,400.000,900.000,325.000,325.000,300.000,300.000,-1,-1,-1,-1,875.000,825.000,-1,975.000,2,0,2,0,1,0,0,0,0,2,2,2,2,0,1,2,1
10,-7716.568,593.096,331.292,124.098,-0.559973,-0.828044,-0.027791,0.827700,-0.560594,0.025430,-0.036637,-0.008762,0.999290,0,0.88000,0.11655,52.800,0.233,-1,425.000,-1,400.000,875.000,325.000,325.000,300.000,300.000,-1,-1,-1,-1,875.000,800.000,-1,925.000,2,0,2,0,1,0,0,0,0,2,2,2,2,0,1,2,1
11,-7743.473,632.847,329.493,124.091,-0.559815,-0.828113,-0.028910,0.827707,-0.560495,0.027317,-0.038825,-0.008637,0.999209,0,0.80000,-0.00345,48.000,-0.007,-1,425.000,-1,400.000,825.000,325.000,325.000,300.000,300.000,-1,-1,-1,-1,875.000,775.000,-1,875.000,2,0,2,0,1,0,0,0,0,2,2,2,2,0,1,2,1
12,-7767.533,668.727,327.836,123.845,-0.556185,-0.830520,-0.029907,0.830057,-0.556921,0.029047,-0.040780,-0.008669,0.999131,0,0.72000,-0.12345,43.200,-0.247,-1,425.000,-1,400.000,775.000,325.000,325.000,300.000,300.000,-1,-1,-1,-1,875.000,750.000,-1,825.000,2,0,2,0,1,0,0,0,0,2,2,2,2,0,1,2,1
13,-7788.648,700.801,326.335,123.358,-0.549052,-0.835221,-0.030775,0.834707,-0.549842,0.030612,-0.042489,-0.008880,0.999057,0,0.64000,-0.24345,38.400,-0.487,-1,425.000,-1,400.000,750.000,325.000,325.000,300.000,300.000,-1,-1,-1,-1,875.000,725.000,-1,800.000,2,0,2,0,1,0,0,0,0,2,2,2,2,0,1,2,1
14,-7806.766,729.098,325.004,122.631,-0.538358,-0.842127,-0.031525,0.841569,-0.539200,0.032008,-0.043953,-0.009299,0.998990,0,0.56000,-0.36345,33.600,-0.727,-1,425.000,-1,400.000,725.000,325.000,325.000,300.000,300.000,-1,-1,-1,-1,850.000,700.000,-1,750.000,2,0,2,0,1,0,0,0,0,2,2,2,2,0,1,2,1
15,-7821.884,753.611,323.803,121.664,-0.524016,-0.851099,-0.032228,0.850521,-0.524908,0.032954,-0.044964,-0.010142,0.998937,0,0.48000,-0.48345,28.800,-0.967,-1,425.000,-1,400.000,675.000,325.000,325.000,300.000,300.000,-1,-1,-1,-1,850.000,675.000,-1,725.000,2,0,2,0,1,0,0,0,0,2,2,2,2,0,1,2,1
16,-7834.050,774.299,322.746,120.457,-0.505918,-0.861954,-0.032888,0.861380,-0.506858,0.033457,-0.045508,-0.011403,0.998899,0,0.40000,-0.60345,24.000,-1.207,-1,425.000,-1,400.000,675.000,325.000,325.000,300.000,300.000,-1,-1,-1,-1,850.000,650.000,-1,700.000,2,0,2,0,1,0,0,0,0,2,2,2,2,0,1,2,1
17,-7843.365,791.088,321.906,119.020,-0.484098,-0.874376,-0.033407,0.873815,-0.485081,0.033837,-0.045791,-0.012811,0.998869,0,0.32000,-0.71830,19.200,-1.437,-1,425.000,-1,400.000,650.000,325.000,325.000,300.000,300.000,-1,-1,-1,-1,850.000,625.000,-1,675.000,2,0,2,0,1,0,0,0,0,2,2,2,2,0,1,2,1
18,-7850.033,803.852,321.283,117.584,-0.461989,-0.886241,-0.033791,0.885698,-0.463007,0.034106,-0.045872,-0.014172,0.998847,0,0.24000,-0.71803,14.400,-1.436,-1,425.000,-1,400.000,650.000,325.000,325.000,300.000,300.000,-1,-1,-1,-1,850.000,625.000,-1,650.000,2,0,2,0,1,0,0,0,0,2,2,2,2,0,1,2,1
19,-7854.265,812.469,320.878,116.152,-0.439652,-0.897522,-0.034057,0.897001,-0.440698,0.034271,-0.045768,-0.015482,0.998832,0,0.16000,-0.71627,9.600,-1.433,-1,425.000,-1,400.000,625.000,325.000,325.000,300.000,300.000,-1,-1,-1,-1,850.000,600.000,-1,650.000,2,0,2,0,1,0,0,0,0,2,2,2,2,1,1,2,1
20,-7856.273,816.829,320.673,114.726,-0.417145,-0.908193,-0.034292,0.907698,-0.418215,0.034359,-0.045546,-0.016795,0.998821,0,0.08000,-0.71305,4.800,-1.426,-1,425.000,-1,400.000,625.000,325.000,325.000,300.000,300.000,-1,-1,-1,-1,825.000,600.000,-1,650.000,2,0,2,0,1,0,0,0,0,2,2,2,2,1,1,2,1
21,-7856.273,816.828,320.691,113.309,-0.394537,-0.918237,-0.034376,0.917771,-0.395622,0.034347,-0.045139,-0.017998,0.998819,0,-0.00000,-0.70844,-0.000,-1.417,-1,425.000,-1,400.000,625.000,325.000,325.000,300.000,300.000,-1,-1,-1,-1,825.000,600.000,-1,650.000,2,0,2,0,1,0,0,0,0,2,2,2,2,1,1,2,1
22,-7855.735,815.490,320.775,111.904,-0.371882,-0.927642,-0.034417,0.927205,-0.372980,0.034310,-0.044664,-0.019152,0.998818,0,-0.02404,-0.70253,-1.442,-1.405,-1,425.000,-1,400.000,650.000,325.000,325.000,300.000,300.000,-1,-1,-1,-1,800.000,600.000,-1,650.000,2,0,2,0,1,0,0,0,0,2,2,2,2,1,1,2,1
23,-7855.286,814.289,320.854,110.511,-0.349208,-0.936411,-0.034467,0.936003,-0.350318,0.034280,-0.044175,-0.020290,0.998818,0,-0.02137,-0.69629,-1.282,-1.393,-1,425.000,1000.000,400.000,650.000,325.000,325.000,300.000,300.000,-1,-1,-1,-1,800.000,600.000,-1,650.000,2,0,1,0,1,0,0,0,0,2,2,2,2,1,1,2,1
24,-7854.916,813.221,320.926,109.131,-0.326529,-0.944556,-0.034526,0.944178,-0.327651,0.034258,-0.043671,-0.021413,0.998816,0,-0.01883,-0.69017,-1.130,-1.380,-1,425.000,975.000,400.000,650.000,325.000,325.000,300.000,300.000,-1,-1,-1,-1,775.000,600.000,-1,650.000,2,0,1,0,1,0,0,0,0,2,2,2,2,1,1,2,1
25,-7854.616,812.284,320.993,107.762,-0.303862,-0.952088,-0.034594,0.951738,-0.304994,0.034243,-0.043153,-0.022519,0.998815,0,-0.01641,-0.68416,-0.985,-1.368,-1,425.000,925.000,400.000,650.000,325.000,325.000,300.000,300.000,-1,-1,-1,-1,775.000,600.000,-1,650.000,2,0,1,0,1,0,0,0,0,2,2,2,2,1,1,2,1
26,-7854.377,811.472,321.054,106.406,-0.281219,-0.959017,-0.034669,0.958697,-0.282363,0.034235,-0.042622,-0.023610,0.998812,0,-0.01410,-0.67825,-0.846,-1.356,-1,425.000,900.000,400.000,675.000,325.000,325.000,300.000,300.000,-1,-1,-1,-1,750.000,600.000,-1,650.000,2,0,1,0,1,0,0,0,0,2,2,2,2,1,1,2,1
27,-7854.192,810.782,321.111,105.061,-0.258616,-0.965355,-0.034752,0.965063,-0.259770,0.034235,-0.042077,-0.024684,0.998809,0,-0.01190,-0.67243,-0.714,-1.345,-1,425.000,900.000,400.000,675.000,325.000,325.000,300.000,300.000,-1,-1,-1,-1,750.000,600.000,-1,650.000,2,0,1,0,1,0,0,0,0,2,2,2,2,1,1,2,1
28,-7854.053,810.211,321.165,103.728,-0.236065,-0.971113,-0.034832,0.970850,-0.237229,0.034238,-0.041512,-0.025735,0.998807,0,-0.00980,-0.66671,-0.588,-1.333,-1,425.000,875.000,400.000,675.000,325.000,325.000,300.000,300.000,-1,-1,-1,-1,725.000,600.000,-1,675.000,2,0,1,0,1,0,0,0,0,2,2,2,2,1,1,2,1
29,-7853.953,809.754,321.209,102.406,-0.213581,-0.976302,-0.034891,0.976068,-0.214753,0.034234,-0.040915,-0.026744,0.998805,0,-0.00780,-0.66107,-0.468,-1.322,-1,425.000,875.000,400.000,675.000,325.000,325.000,300.000,300.000,-1,-1,-1,-1,725.000,600.000,-1,675.000,2,0,1,0,1,0,0,0,0,2,2,2,2,1,1,2,1
30,-7854.804,814.001,321.042,101.323,-0.195087,-0.980159,-0.035050,0.979950,-0.196272,0.034294,-0.040493,-0.027657,0.998797,0,0.07220,-0.54107,4.332,-1.082,-1,400.000,875.000,400.000,700.000,325.000,325.000,300.000,300.000,-1,-1,-1,-1,700.000,600.000,-1,675.000,2,0,1,0,1,0,0,0,0,2,2,2,2,1,1,2,1
31,-7856.465,822.981,320.675,100.481,-0.180637,-0.982915,-0.035338,0.982725,-0.181840,0.034430,-0.040267,-0.028508,0.998782,0,0.15220,-0.42107,9.132,-0.842,-1,400.000,850.000,400.000,675.000,325.000,325.000,300.000,300.000,-1,-1,-1,-1,700.000,600.000,-1,650.000,2,0,1,0,1,0,0,0,0,2,2,2,2,1,1,2,1
32,-7858.856,836.706,320.108,99.879,-0.170269,-0.984749,-0.035753,0.984576,-0.171497,0.034639,-0.040242,-0.029303,0.998760,0,0.23220,-0.30107,13.932,-0.602,-1,400.000,825.000,400.000,675.000,325.000,325.000,300.000,300.000,-1,-1,-1,-1,675.000,575.000,-1,650.000,2,0,1,0,1,0,0,0,0,2,2,2,2,1,1,2,1
33,-7861.953,855.180,319.339,99.517,-0.164007,-0.985791,-0.036295,0.985631,-0.165266,0.034919,-0.040421,-0.030047,0.998731,0,0.31220,-0.18107,18.732,-0.362,-1,400.000,825.000,400.000,650.000,325.000,325.000,300.000,300.000,-1,-1,-1,-1,650.000,575.000,-1,625.000,2,0,1,0,1,0,0,0,0,2,2,2,2,1,1,2,1
34,-7865.795,878.396,318.366,99.395,-0.161863,-0.986121,-0.036966,0.985969,-0.163160,0.035272,-0.040813,-0.030738,0.998694,0,0.39220,-0.06107,23.532,-0.122,-1,400.000,800.000,400.000,625.000,325.000,325.000,300.000,300.000,-1,-1,-1,-1,650.000,550.000,-1,600.000,2,0,1,0,1,0,0,0,0,2,2,2,2,1,1,2,1
35,-7870.478,906.338,317.182,99.513,-0.163842,-0.985763,-0.037768,0.985616,-0.165185,0.035698,-0.041428,-0.031376,0.998649,0,0.47220,0.05893,28.332,0.118,-1,400.000,750.000,400.000,600.000,325.000,325.000,300.000,300.000,-1,-1,-1,-1,625.000,525.000,1000.000,575.000,2,0,1,0,1,0,0,0,0,2,2,2,2,1,1,1,1
36,-7876.158,938.979,315.779,99.871,-0.169938,-0.984694,-0.038704,0.984547,-0.171336,0.036200,-0.042278,-0.031954,0.998595,0,0.55220,0.17893,33.132,0.358,-1,400.000,725.000,400.000,575.000,325.000,325.000,300.000,300.000,-1,-1,-1,-1,600.000,500.000,950.000,550.000,2,0,1,1,1,0,0,0,0,2,2,2,2,1,1,1,1
37,-7883.050,976.279,314.153,100.468,-0.180140,-0.982838,-0.039740,0.982685,-0.181598,0.036763,-0.043349,-0.032430,0.998534,0,0.63220,0.29893,37.932,0.598,-1,400.000,700.000,375.000,525.000,325.000,325.000,300.000,300.000,-1,-1,-1,-1,575.000,475.000,900.000,500.000,2,0,1,1,1,0,0,0,0,2,2,2,2,1,1,1,1
38,-7891.427,1018.182,312.288,101.305,-0.194392,-0.980071,-0.040890,0.979907,-0.195920,0.037395,-0.044661,-0.032799,0.998464,0,0.71220,0.41810,42.732,0.836,-1,400.000,650.000,350.000,475.000,325.000,325.000,300.000,300.000,-1,-1,-1,-1,550.000,450.000,875.000,450.000,2,1,1,1,1,0,0,0,0,2,2,2,2,1,1,1,1
39,-7901.407,1064.654,310.174,102.120,-0.208244,-0.977168,-0.042159,0.976991,-0.209850,0.038102,-0.046079,-0.033255,0.998384,0,0.79220,0.40786,47.532,0.816,-1,375.000,600.000,325.000,425.000,325.000,300.000,300.000,300.000,-1,-1,-1,-1,500.000,400.000,825.000,400.000,2,1,1,1,1,1,1,0,0,2,2,2,2,1,1,1,1
40,-7913.102,1115.662,307.800,102.913,-0.221641,-0.974156,-0.043541,0.973966,-0.223336,0.038881,-0.047600,-0.033790,0.998295,0,0.87220,0.39610,52.332,0.792,-1,350.000,550.000,300.000,375.000,300.000,275.000,300.000,300.000,-1,-1,-1,-1,475.000,375.000,750.000,350.000,2,1,1,1,1,1,1,0,0,2,2,2,2,1,1,1,1
41,-7926.612,1171.174,305.152,103.678,-0.234527,-0.971066,-0.045027,0.970863,-0.236320,0.039729,-0.049221,-0.034397,0.998195,0,0.95220,0.38258,57.132,0.765,-1,325.000,500.000,275.000,300.000,275.000,250.000,300.000,300.000,-1,-1,-1,-1,425.000,325.000,675.000,300.000,2,1,1,1,1,1,1,0,0,2,2,2,2,1,1,1,1
42,-7941.546,1229.286,302.308,104.412,-0.246837,-0.967938,-0.046558,0.967720,-0.248735,0.040617,-0.050895,-0.035029,0.998090,0,1.00000,0.36700,60.000,0.734,-1,275.000,425.000,225.000,250.000,250.000,225.000,300.000,300.000,-1,-1,-1,-1,375.000,300.000,600.000,250.000,2,1,1,1,1,1,1,0,0,2,2,2,2,1,1,1,1
43,-7957.192,1287.209,301.872,105.111,-0.258495,-0.964453,-0.054869,0.964987,-0.260421,0.031323,-0.044499,-0.044851,0.998002,0,1.00000,0.34944,60.000,0.699,-1,250.000,400.000,200.000,200.000,225.000,200.000,300.000,325.000,-1,-1,-1,-1,350.000,275.000,575.000,200.000,2,1,1,1,1,1,1,0,0,2,2,2,2,1,1,1,1
44,-7973.514,1344.944,304.975,105.771,-0.269901,-0.960121,-0.072943,0.962500,-0.271167,0.007862,-0.027328,-0.068086,0.997305,0,1.00000,0.33034,60.000,0.661,-1,250.000,375.000,200.000,200.000,200.000,200.000,275.000,375.000,-1,550.000,-1,-1,350.000,250.000,-1,200.000,2,1,1,1,1,1,1,0,0,2,0,2,2,1,1,2,1
45,-7990.465,1402.499,307.983,106.391,-0.281292,-0.955324,-0.090723,0.959571,-0.280996,-0.016282,-0.009939,-0.091636,0.995743,0,1.00000,0.30963,60.000,0.619,-1,250.000,375.000,200.000,200.000,200.000,175.000,275.000,450.000,775.000,175.000,450.000,-1,350.000,250.000,-1,175.000,2,1,1,1,1,1,1,0,0,0,0,0,2,1,1,2,1
46,7543.221,-3607.627,-118.918,-31.399,0.853560,0.520924,-0.008572,-0.520605,0.853443,0.024603,0.020132,-0.016538,0.999661,1,0.00000,0.00000,60.000,0.574,-1,400.000,-1,400.000,-1,325.000,325.000,300.000,300.000,-1,-1,-1,-1,775.000,825.000,-1,-1,2,0,2,0,2,0,0,0,0,2,2,2,2,0,0,2,2
47,7547.308,-3610.145,-118.817,-31.639,0.851370,0.524496,-0.008579,-0.524179,0.851256,0.024478,0.020141,-0.016343,0.999664,0,0.08000,-0.12000,4.800,-0.240,-1,400.000,-1,400.000,-1,325.000,325.000,300.000,300.000,-1,-1,-1,-1,775.000,825.000,-1,-1,2,0,2,0,2,0,0,0,0,2,2,2,2,0,0,2,2
48,7555.438,-3615.249,-118.616,-32.119,0.846944,0.531612,-0.008595,-0.531300,0.846838,0.024226,0.020158,-0.015952,0.999670,0,0.16000,-0.24000,9.600,-0.480,-1,400.000,-1,400.000,-1,325.000,325.000,300.000,300.000,-1,-1,-1,-1,775.000,825.000,-1,-1,2,0,2,0,2,0,0,0,0,2,2,2,2,0,0,2,2
49,7567.547,-3623.042,-118.312,-32.766,0.840883,0.541148,-0.008622,-0.540841,0.840786,0.023850,0.020156,-0.015392,0.999678,0,0.24000,-0.32359,14.400,-0.647,-1,400.000,-1,400.000,-1,325.000,325.000,300.000,300.000,-1,-1,-1,-1,800.000,825.000,-1,-1,2,0,2,0,2,0,0,0,0,2,2,2,2,0,0,2,2
50,7583.573,-3633.616,-117.911,-33.417,0.834675,0.550675,-0.008656,-0.550376,0.834590,0.023349,0.020082,-0.014724,0.999690,0,0.32000,-0.32560,19.200,-0.651,-1,400.000,-1,400.000,-1,325.000,325.000,300.000,300.000,-1,-1,-1,-1,800.000,825.000,-1,-1,2,0,2,0,2,0,0,0,0,2,2,2,2,0,0,2,2
51,7603.452,-3647.063,-117.412,-34.074,0.828306,0.560209,-0.008704,-0.559922,0.828234,0.022721,0.019938,-0.013946,0.999704,0,0.40000,-0.32830,24.000,-0.657,-1,400.000,-1,400.000,-1,325.000,325.000,300.000,300.000,-1,-1,-1,-1,800.000,825.000,-1,-1,2,0,2,0,2,0,0,0,0,2,2,2,2,0,0,2,2
52,7627.119,-3663.474,-116.904,-34.737,0.821765,0.569766,-0.008353,-0.569495,0.821698,0.022090,0.019450,-0.013396,0.999721,0,0.48000,-0.33172,28.800,-0.663,-1,400.000,-1,400.000,-1,325.000,325.000,300.000,300.000,-1,-1,-1,-1,800.000,825.000,-1,-1,2,0,2,0,2,0,0,0,0,2,2,2,2,0,0,2,2
53,7654.505,-3682.942,-116.331,-35.409,0.815030,0.579364,-0.007907,-0.579112,0.814968,0.021356,0.018817,-0.012827,0.999741,0,0.56000,-0.33587,33.600,-0.672,-1,400.000,-1,400.000,-1,325.000,325.000,300.000,300.000,-1,-1,-1,-1,800.000,825.000,-1,-1,2,0,2,0,2,0,0,0,0,2,2,2,2,0,0,2,2
54,7685.535,-3705.562,-115.696,-36.091,0.808084,0.589021,-0.007419,-0.588790,0.808025,0.020520,0.018081,-0.012214,0.999762,0,0.64000,-0.34075,38.400,-0.682,-1,400.000,-1,400.000,-1,325.000,325.000,300.000,300.000,-1,-1,-1,-1,775.000,825.000,-1,-1,2,0,2,0,2,0,0,0,0,2,2,2,2,0,0,2,2
55,7719.206,-3730.736,-115.019,-36.783,0.800904,0.598753,-0.006905,-0.598544,0.800851,0.019581,0.017254,-0.011550,0.999784,0,0.70068,-0.34639,42.041,-0.693,-1,400.000,-1,400.000,-1,325.000,325.000,300.000,300.000,-1,-1,-1,-1,775.000,800.000,-1,-1,2,0,2,0,2,0,0,0,0,2,2,2,2,0,0,2,2
56,7752.753,-3756.467,-114.360,-37.489,0.793475,0.608569,-0.006404,-0.608382,0.793426,0.018615,0.016410,-0.010875,0.999806,0,0.70466,-0.35262,42.280,-0.705,-1,400.000,-1,400.000,-1,325.000,325.000,300.000,300.000,-1,-1,-1,-1,775.000,800.000,-1,-1,2,0,2,0,2,0,0,0,0,2,2,2,2,0,0,2,2
57,7786.173,-3782.772,-113.726,-38.207,0.785789,0.618467,-0.005890,-0.618300,0.785744,0.017630,0.015532,-0.010212,0.999827,0,0.70884,-0.35895,42.530,-0.718,-1,400.000,-1,400.000,-1,325.000,325.000,300.000,300.000,-1,-1,-1,-1,775.000,800.000,-1,-1,2,0,2,0,2,0,0,0,0,2,2,2,2,0,0,2,2
58,7819.458,-3809.666,-113.118,-38.937,0.777838,0.628442,-0.005357,-0.628295,0.777798,0.016626,0.014615,-0.009566,0.999847,0,0.71321,-0.36538,42.793,-0.731,-1,400.000,-1,400.000,-1,325.000,325.000,300.000,300.000,-1,-1,-1,-1,775.000,775.000,-1,-1,2,0,2,0,2,0,0,0,0,2,2,2,2,0,0,2,2
59,7852.602,-3837.164,-112.516,-39.681,0.769615,0.638490,-0.004910,-0.638361,0.769579,0.015579,0.013725,-0.008856,0.999867,0,0.71776,-0.37189,43.066,-0.744,-1,400.000,-1,400.000,-1,325.000,325.000,300.000,300.000,-1,-1,-1,-1,775.000,775.000,-1,-1,2,0,2,0,2,0,0,0,0,2,2,2,2,0,0,2,2
60,7885.596,-3865.282,-111.921,-40.438,0.761111,0.648605,-0.004550,-0.648494,0.761082,0.014493,0.012863,-0.008080,0.999885,0,0.72249,-0.37849,43.349,-0.757,-1,400.000,-1,400.000,-1,325.000,325.000,300.000,300.000,-1,-1,-1,-1,750.000,775.000,-1,-1,2,0,2,0,2,0,0,0,0,2,2,2,2,0,0,2,2
61,7918.429,-3894.034,-111.312,-41.208,0.752321,0.658783,-0.004279,-0.658686,0.752297,0.013471,0.012094,-0.007316,0.999900,0,0.72738,-0.38518,43.643,-0.770,-1,400.000,-1,400.000,-1,325.000,325.000,300.000,300.000,-1,-1,-1,-1,750.000,775.000,-1,-1,2,0,2,0,2,0,0,0,0,2,2,2,2,0,0,2,2
62,7951.090,-3923.434,-110.703,-41.992,0.743235,0.669018,-0.004084,-0.668934,0.743218,0.012443,0.011360,-0.006516,0.999914,0,0.73242,-0.39195,43.945,-0.784,-1,400.000,-1,400.000,-1,325.000,325.000,300.000,300.000,-1,-1,-1,-1,750.000,750.000,-1,-1,2,0,2,0,2,0,0,0,0,2,2,2,2,0,0,2,2
63,7983.567,-3953.498,-110.080,-42.790,0.733848,0.679302,-0.003906,-0.679231,0.733836,0.011417,0.010621,-0.005725,0.999927,0,0.73760,-0.39881,44.256,-0.798,-1,400.000,-1,400.000,-1,325.000,325.000,300.000,300.000,-1,-1,-1,-1,750.000,750.000,-1,-1,2,0,2,0,2,0,0,0,0,2,2,2,2,0,0,2,2
64,8015.846,-3984.239,-109.457,-43.602,0.724151,0.689631,-0.003806,-0.689570,0.724145,0.010384,0.009918,-0.004895,0.999939,0,0.74292,-0.40576,44.575,-0.812,-1,400.000,-1,400.000,-1,325.000,325.000,300.000,300.000,-1,-1,-1,-1,750.000,750.000,-1,-1,2,0,2,0,2,0,0,0,0,2,2,2,2,0,0,2,2
65,8047.913,-4015.670,-108.834,-44.427,0.714137,0.699996,-0.003788,-0.699945,0.714136,0.009350,0.009250,-0.004026,0.999949,0,0.74837,-0.41278,44.902,-0.826,-1,400.000,-1,400.000,-1,325.000,325.000,300.000,300.000,-1,-1,-1,-1,725.000,725.000,-1,-1,2,0,2,0,2,0,0,0,0,2,2,2,2,0,0,2,2
66,8079.750,-4047.806,-108.312,-45.267,0.703800,0.710388,-0.003791,-0.710342,0.703801,0.008836,0.008945,-0.003526,0.999954,0,0.75394,-0.41989,45.236,-0.840,-1,375.000,-1,400.000,-1,325.000,325.000,300.000,300.000,-1,-1,-1,-1,725.000,725.000,-1,-1,2,0,2,0,2,0,0,0,0,2,2,2,2,0,0,2,2
67,8111.342,-4080.658,-107.834,-46.121,0.693130,0.720802,-0.003834,-0.720758,0.693134,0.008554,0.008823,-0.003166,0.999956,0,0.75962,-0.42708,45.577,-0.854,-1,375.000,-1,375.000,-1,325.000,325.000,300.000,300.000,-1,-1,-1,-1,725.000,725.000,-1,-1,2,0,2,0,2,0,0,0,0,2,2,2,2,0,0,2,2
68,8142.668,-4114.240,-107.364,-46.990,0.682121,0.731228,-0.003935,-0.731186,0.682127,0.008310,0.008761,-0.002791,0.999958,0,0.76541,-0.43434,45.925,-0.869,-1,375.000,-1,375.000,-1,325.000,325.000,300.000,300.000,-1,-1,-1,-1,725.000,725.000,-1,-1,2,0,2,0,2,0,0,0,0,2,2,2,2,0,0,2,2
69,8173.661,-4148.504,-106.861,-47.870,0.670806,0.741621,-0.004063,-0.741579,0.670814,0.008299,0.008880,-0.002554,0.999957,0,0.77003,-0.44011,46.202,-0.880,-1,375.000,-1,375.000,-1,325.000,325.000,300.000,300.000,-1,-1,-1,-1,725.000,700.000,-1,-1,2,0,2,0,2,0,0,0,0,2,2,2,2,0,0,2,2
70,8204.124,-4183.241,-106.313,-48.750,0.659333,0.751839,-0.004193,-0.751794,0.659342,0.008595,0.009227,-0.002515,0.999954,0,0.77003,-0.44011,46.202,-0.880,-1,375.000,-1,375.000,-1,325.000,325.000,300.000,300.000,-1,-1,-1,-1,725.000,700.000,-1,-1,2,0,2,0,2,0,0,0,0,2,2,2,2,0,0,2,2
71,8234.050,-4218.441,-105.750,-49.630,0.647703,0.761880,-0.004529,-0.761830,0.647714,0.009036,0.009818,-0.002402,0.999949,0,0.77003,-0.44011,46.202,-0.880,-1,375.000,-1,375.000,-1,325.000,325.000,300.000,300.000,-1,-1,-1,-1,725.000,700.000,-1,-1,2,0,2,0,2,0,0,0,0,2,2,2,2,0,0,2,2
72,8260.513,-4250.283,-105.222,-50.271,0.639146,0.769070,-0.004944,-0.769015,0.639161,0.009447,0.010426,-0.002236,0.999943,0,0.69003,-0.32011,41.402,-0.640,-1,375.000,-1,375.000,-1,325.000,325.000,300.000,300.000,-1,-1,-1,-1,725.000,700.000,-1,-1,2,0,2,0,2,0,0,0,0,2,2,2,2,0,0,2,2
73,8283.710,-4278.595,-104.746,-50.671,0.633755,0.773516,-0.005334,-0.773456,0.633774,0.009823,0.010979,-0.002100,0.999938,0,0.61003,-0.20011,36.602,-0.400,-1,375.000,-1,375.000,-1,325.000,325.000,300.000,300.000,-1,-1,-1,-1,725.000,700.000,-1,-1,2,0,2,0,2,0,0,0,0,2,2,2,2,0,0,2,2
74,8303.797,-4303.251,-104.327,-50.831,0.631586,0.775285,-0.005686,-0.775221,0.631608,0.010163,0.011470,-0.002010,0.999932,0,0.53003,-0.08011,31.802,-0.160,-1,375.000,-1,375.000,-1,325.000,325.000,300.000,300.000,-1,-1,-1,-1,725.000,700.000,-1,-1,2,0,2,0,2,0,0,0,0,2,2,2,2,0,0,2,2
75,8320.881,-4324.161,-103.967,-50.751,0.632662,0.774405,-0.005993,-0.774337,0.632687,0.010463,0.011895,-0.001979,0.999927,0,0.45003,0.03989,27.002,0.080,-1,375.000,-1,375.000,-1,325.000,325.000,300.000,300.000,-1,-1,-1,-1,725.000,700.000,-1,-1,2,0,2,0,2,0,0,0,0,2,2,2,2,0,0,2,2
76,8335.023,-4341.276,-103.666,-50.431,0.636972,0.770862,-0.006245,-0.770790,0.636999,0.010724,0.012245,-0.002018,0.999923,0,0.37003,0.15989,22.202,0.320,-1,375.000,-1,375.000,-1,325.000,325.000,300.000,300.000,-1,-1,-1,-1,725.000,700.000,-1,-1,2,0,2,0,2,0,0,0,0,2,2,2,2,0,0,2,2
77,8346.203,-4354.612,-103.427,-50.028,0.642383,0.766357,-0.006435,-0.766282,0.642412,0.010937,0.012516,-0.002095,0.999919,0,0.29003,0.20173,17.402,0.403,-1,375.000,-1,375.000,-1,325.000,325.000,300.000,300.000,-1,-1,-1,-1,725.000,700.000,-1,-1,2,0,2,0,2,0,0,0,0,2,2,2,2,0,0,2,2
78,8354.366,-4364.213,-103.247,-49.625,0.647763,0.761814,-0.006543,-0.761736,0.647792,0.011097,0.012692,-0.002205,0.999917,0,0.21003,0.20173,12.602,0.403,-1,375.000,-1,375.000,-1,325.000,325.000,300.000,300.000,-1,-1,-1,-1,725.000,700.000,-1,-1,2,0,2,0,2,0,0,0,0,2,2,2,2,0,0,2,2
79,8359.462,-4370.121,-103.133,-49.221,0.653111,0.757233,-0.006599,-0.757154,0.653140,0.011204,0.012794,-0.002321,0.999915,0,0.13003,0.20173,7.802,0.403,-1,375.000,-1,375.000,-1,325.000,325.000,300.000,300.000,-1,-1,-1,-1,725.000,700.000,-1,-1,2,0,2,0,2,0,0,0,0,2,2,2,2,0,0,2,2
80,8361.439,-4372.380,-103.087,-48.818,0.658428,0.752615,-0.006600,-0.752535,0.658456,0.011258,0.012819,-0.002446,0.999915,0,0.05003,0.20173,3.002,0.403,-1,375.000,-1,375.000,-1,325.000,325.000,300.000,300.000,-1,-1,-1,-1,725.000,700.000,-1,-1,2,0,2,0,2,0,0,0,0,2,2,2,2,0,0,2,2
81,8360.245,-4371.035,-103.107,-48.414,0.663712,0.747959,-0.006544,-0.747879,0.663739,0.011259,0.012765,-0.002579,0.999915,0,-0.02997,0.20173,-1.798,0.403,-1,375.000,-1,375.000,-1,325.000,325.000,300.000,300.000,-1,-1,-1,-1,725.000,700.000,-1,-1,2,0,2,0,2,0,0,0,0,2,2,2,2,0,0,2,2
82,8356.099,-4366.429,-103.190,-48.011,0.668964,0.743267,-0.006436,-0.743187,0.668990,0.011212,0.012639,-0.002717,0.999916,0,-0.10329,0.20173,-6.197,0.403,-1,375.000,-1,375.000,-1,325.000,325.000,300.000,300.000,-1,-1,-1,-1,725.000,700.000,-1,-1,2,0,2,0,2,0,0,0,0,2,2,2,2,0,0,2,2
83,8351.921,-4361.852,-103.271,-47.607,0.674183,0.738537,-0.006327,-0.738458,0.674207,0.011165,0.012512,-0.002855,0.999918,0,-0.10329,0.20173,-6.197,0.403,-1,375.000,-1,375.000,-1,325.000,325.000,300.000,300.000,-1,-1,-1,-1,725.000,700.000,-1,-1,2,0,2,0,2,0,0,0,0,2,2,2,2,0,0,2,2
84,8347.711,-4357.305,-103.353,-47.204,0.679369,0.733771,-0.006219,-0.733693,0.679390,0.011120,0.012384,-0.002992,0.999919,0,-0.10329,0.20173,-6.197,0.403,-1,375.000,-1,375.000,-1,325.000,325.000,300.000,300.000,-1,-1,-1,-1,725.000,700.000,-1,-1,2,0,2,0,2,0,0,0,0,2,2,2,2,0,0,2,2
85,8343.468,-4352.787,-103.434,-46.800,0.684520,0.728968,-0.006111,-0.728891,0.684540,0.011075,0.012256,-0.003127,0.999920,0,-0.10329,0.20173,-6.197,0.403,-1,375.000,-1,375.000,-1,325.000,325.000,300.000,300.000,-1,-1,-1,-1,725.000,700.000,-1,-1,2,0,2,0,2,0,0,0,0,2,2,2,2,0,0,2,2
86,8339.194,-4348.299,-103.514,-46.397,0.689638,0.724129,-0.006003,-0.724053,0.689656,0.011031,0.012128,-0.003261,0.999921,0,-0.10329,0.20173,-6.197,0.403,-1,375.000,-1,375.000,-1,325.000,325.000,300.000,300.000,-1,-1,-1,-1,725.000,700.000,-1,-1,2,0,2,0,2,0,0,0,0,2,2,2,2,0,0,2,2
87,8334.889,-4343.842,-103.594,-45.993,0.694721,0.719255,-0.005895,-0.719179,0.694738,0.010988,0.011999,-0.003394,0.999922,0,-0.10329,0.20173,-6.197,0.403,-1,375.000,-1,375.000,-1,325.000,325.000,300.000,300.000,-1,-1,-1,-1,725.000,700.000,-1,-1,2,0,2,0,2,0,0,0,0,2,2,2,2,0,0,2,2
88,8333.915,-4342.840,-103.612,-45.830,0.696771,0.717270,-0.005865,-0.717194,0.696787,0.010983,0.011964,-0.003446,0.999922,0,-0.02329,0.08173,-1.397,0.163,-1,375.000,-1,375.000,-1,325.000,325.000,300.000,300.000,-1,-1,-1,-1,725.000,700.000,-1,-1,2,0,2,0,2,0,0,0,0,2,2,2,2,0,0,2,2
89,8336.283,-4345.283,-103.566,-45.906,0.695812,0.718200,-0.005912,-0.718123,0.695829,0.011015,0.012025,-0.003419,0.999922,0,0.05671,-0.03827,3.403,-0.077,-1,375.000,-1,375.000,-1,325.000,325.000,300.000,300.000,-1,-1,-1,-1,725.000,700.000,-1,-1,2,0,2,0,2,0,0,0,0,2,2,2,2,0,0,2,2
90,8341.958,-4351.206,-103.458,-46.223,0.691832,0.722033,-0.006036,-0.721956,0.691850,0.011086,0.012180,-0.003312,0.999920,0,0.13671,-0.15827,8.203,-0.317,-1,375.000,-1,375.000,-1,325.000,325.000,300.000,300.000,-1,-1,-1,-1,725.000,700.000,-1,-1,2,0,2,0,2,0,0,0,0,2,2,2,2,0,0,2,2
91,8350.862,-4360.681,-103.285,-46.779,0.684784,0.728720,-0.006239,-0.728640,0.684805,0.011195,0.012431,-0.003120,0.999918,0,0.21671,-0.27827,13.003,-0.557,-1,375.000,-1,375.000,-1,325.000,325.000,300.000,300.000,-1,-1,-1,-1,725.000,700.000,-1,-1,2,0,2,0,2,0,0,0,0,2,2,2,2,0,0,2,2
92,8362.897,-4373.801,-103.045,-47.469,0.675960,0.736909,-0.006513,-0.736827,0.675986,0.011353,0.012769,-0.002875,0.999914,0,0.29671,-0.34480,17.803,-0.690,-1,375.000,-1,375.000,-1,325.000,325.000,300.000,300.000,-1,-1,-1,-1,725.000,700.000,-1,-1,2,0,2,0,2,0,0,0,0,2,2,2,2,0,0,2,2
93,8377.975,-4390.639,-102.734,-48.159,0.667038,0.744992,-0.006850,-0.744907,0.667068,0.011567,0.013187,-0.002613,0.999910,0,0.37671,-0.34480,22.603,-0.690,-1,375.000,-1,375.000,-1,325.000,325.000,300.000,300.000,-1,-1,-1,-1,725.000,700.000,-1,-1,2,0,2,0,2,0,0,0,0,2,2,2,2,0,0,2,2
94,8396.007,-4411.273,-102.351,-48.848,0.658018,0.752967,-0.007255,-0.752878,0.658054,0.011839,0.013689,-0.002328,0.999904,0,0.45671,-0.34480,27.403,-0.690,-1,375.000,-1,375.000,-1,325.000,325.000,300.000,300.000,-1,-1,-1,-1,725.000,700.000,-1,-1,2,0,2,0,2,0,0,0,0,2,2,2,2,0,0,2,2
95,8416.905,-4435.774,-101.892,-49.538,0.648902,0.760833,-0.007733,-0.760738,0.648944,0.012170,0.014278,-0.002015,0.999896,0,0.53671,-0.34480,32.203,-0.690,-1,375.000,-1,375.000,-1,325.000,325.000,300.000,300.000,-1,-1,-1,-1,725.000,700.000,-1,-1,2,0,2,0,2,0,0,0,0,2,2,2,2,0,0,2,2
96,8440.577,-4464.214,-101.355,-50.227,0.639689,0.768589,-0.008287,-0.768488,0.639741,0.012562,0.014956,-0.001667,0.999887,0,0.61671,-0.34480,37.003,-0.690,-1,375.000,-1,375.000,-1,325.000,325.000,300.000,300.000,-1,-1,-1,-1,725.000,700.000,-1,-1,2,0,2,0,2,0,0,0,0,2,2,2,2,0,0,2,2
97,8466.931,-4496.662,-100.755,-50.917,0.630384,0.776233,-0.008834,-0.776125,0.630445,0.013017,0.015673,-0.001349,0.999876,0,0.69671,-0.34480,41.803,-0.690,-1,375.000,-1,375.000,-1,325.000,300.000,300.000,300.000,-1,-1,-1,-1,725.000,700.000,-1,-1,2,0,2,0,2,0,0,0,0,2,2,2,2,0,0,2,2
98,8495.638,-4532.890,-99.978,-51.607,0.620988,0.783764,-0.009366,-0.783641,0.621057,0.013981,0.016774,-0.001342,0.999858,0,0.77037,-0.34480,46.222,-0.690,-1,375.000,-1,375.000,-1,325.000,300.000,300.000,300.000,-1,-1,-1,-1,725.000,700.000,-1,-1,2,0,2,0,2,0,0,0,0,2,2,2,2,0,0,2,2
99,8523.906,-4569.460,-99.109,-52.296,0.611502,0.791182,-0.009837,-0.791036,0.611579,0.015304,0.018125,-0.001577,0.999834,0,0.77037,-0.34480,46.222,-0.690,-1,375.000,-1,375.000,-1,325.000,300.000,300.000,300.000,-1,-1,-1,-1,725.000,700.000,-1,-1,2,0,2,0,2,0,0,0,0,2,2,2,2,0,0,2,2
100,8551.733,-4606.367,-98.227,-52.986,0.601926,0.798485,-0.010328,-0.798314,0.602012,0.016627,0.019494,-0.001763,0.999808,0,0.77037,-0.34480,46.222,-0.690,-1,375.000,-1,375.000,-1,325.000,300.000,300.000,300.000,-1,-1,-1,-1,725.000,700.000,-1,-1,2,0,2,0,2,0,0,0,0,2,2,2,2,0,0,2,2
101,8579.113,-4643.607,-97.331,-53.675,0.592262,0.805672,-0.010838,-0.805475,0.592358,0.017950,0.020881,-0.001901,0.999780,0,0.77037,-0.34480,46.222,-0.690,-1,375.000,-1,375.000,-1,325.000,300.000,300.000,300.000,-1,-1,-1,-1,725.000,700.000,-1,-1,2,0,2,0,2,0,0,0,0,2,2,2,2,0,0,2,2
102,8608.495,-4684.235,-96.249,-54.125,0.585919,0.810295,-0.011001,-0.810068,0.586017,0.019345,0.022122,-0.002423,0.999752,0,0.83566,-0.22480,50.140,-0.450,-1,375.000,-1,375.000,-1,325.000,300.000,300.000,300.000,-1,850.000,875.000,-1,725.000,700.000,-1,-1,2,0,2,0,2,0,0,0,0,2,0,0,2,0,0,2,2
103,8637.729,-4724.971,-95.068,-54.335,0.582950,0.812432,-0.011124,-0.812179,0.583049,0.020476,0.023121,-0.002902,0.999728,0,0.83566,-0.10480,50.140,-0.210,-1,375.000,-1,375.000,-1,325.000,300.000,300.000,300.000,-1,800.000,825.000,-1,725.000,700.000,-1,-1,2,0,2,0,2,0,0,0,0,2,0,0,2,0,0,2,2
104,8666.985,-4765.690,-93.864,-54.304,0.583380,0.812121,-0.011272,-0.811841,0.583479,0.021594,0.024114,-0.003447,0.999703,0,0.83566,0.01520,50.140,0.030,-1,375.000,-1,375.000,-1,325.000,300.000,300.000,300.000,-1,775.000,800.000,-1,725.000,700.000,-1,-1,2,0,2,0,2,0,0,0,0,2,0,0,2,0,0,2,2
105,8696.517,-4806.388,-92.635,-54.034,0.587206,0.809356,-0.011453,-0.809048,0.587304,0.022704,0.025102,-0.004066,0.999677,0,0.83806,0.13520,50.284,0.270,-1,375.000,-1,375.000,-1,325.000,300.000,300.000,300.000,-1,750.000,775.000,-1,725.000,700.000,-1,-1,2,0,2,0,2,0,0,0,0,2,0,0,2,0,0,2,2
106,8726.509,-4846.955,-91.291,-53.523,0.594382,0.804091,-0.012144,-0.803751,0.594489,0.023821,0.026374,-0.004398,0.999642,0,0.84083,0.25520,50.450,0.510,-1,375.000,-1,375.000,-1,325.000,300.000,300.000,300.000,-1,725.000,750.000,-1,750.000,725.000,-1,-1,2,0,2,0,2,0,0,0,0,2,0,0,2,0,0,2,2
107,8757.120,-4887.244,-89.906,-52.773,0.604848,0.796235,-0.012972,-0.795859,0.604968,0.024918,0.027688,-0.004748,0.999605,0,0.84332,0.37520,50.599,0.750,-1,375.000,-1,375.000,-1,325.000,325.000,300.000,300.000,-1,700.000,725.000,-1,750.000,725.000,-1,-1,2,0,2,0,2,0,0,0,0,2,0,0,2,0,0,2,2
108,8788.503,-4927.100,-88.511,-51.783,0.618508,0.785658,-0.013795,-0.785245,0.618639,0.025979,0.028944,-0.005236,0.999567,0,0.84547,0.49520,50.728,0.990,-1,400.000,-1,375.000,-1,325.000,325.000,300.000,300.000,-1,700.000,700.000,-1,775.000,725.000,-1,-1,2,0,2,0,2,0,0,0,0,2,0,0,2,0,0,2,2
109,8820.801,-4966.353,-87.107,-50.552,0.635224,0.772190,-0.014617,-0.771740,0.635365,0.026995,0.030132,-0.005867,0.999529,0,0.84721,0.61520,50.832,1.230,-1,400.000,-1,375.000,-1,325.000,325.000,300.000,300.000,-1,675.000,700.000,-1,775.000,725.000,-1,-1,2,0,2,0,2,0,0,0,0,2,0,0,2,0,0,2,2
110,8854.145,-5004.821,-85.702,-49.082,0.654821,0.755628,-0.015370,-0.755144,0.654968,0.027849,0.031110,-0.006629,0.999494,0,0.84847,0.73520,50.908,1.470,-1,400.000,-1,375.000,-1,325.000,325.000,300.000,300.000,-1,675.000,700.000,-1,800.000,750.000,-1,-1,2,0,2,0,2,0,0,0,0,2,0,0,2,0,0,2,2
111,8888.652,-5042.309,-84.105,-47.371,0.677104,0.735733,-0.015090,-0.735220,0.677221,0.028687,0.031325,-0.008329,0.999475,0,0.84920,0.85520,50.952,1.710,-1,400.000,-1,375.000,-1,325.000,325.000,300.000,300.000,-1,700.000,725.000,-1,800.000,750.000,-1,-1,2,0,2,0,2,0,0,0,0,2,0,0,2,0,0,2,2
112,8924.409,-5078.618,-82.521,-45.438,0.701556,0.712460,-0.014824,-0.711921,0.701639,0.029528,0.031439,-0.010163,0.999454,0,0.84934,0.96642,50.960,1.933,-1,400.000,-1,375.000,-1,325.000,325.000,300.000,300.000,-1,750.000,775.000,-1,800.000,750.000,-1,-1,2,0,2,0,2,0,0,0,0,2,0,0,2,0,0,2,2
113,8961.345,-5113.687,-80.949,-43.516,0.725088,0.688502,-0.014595,-0.687936,0.725136,0.030361,0.031487,-0.011974,0.999432,0,0.84887,0.96146,50.932,1.923,-1,400.000,-1,400.000,-1,325.000,325.000,300.000,300.000,-1,775.000,800.000,-1,825.000,750.000,-1,-1,2,0,2,0,2,0,0,0,0,2,0,0,2,0,0,2,2
114,8999.388,-5147.466,-79.390,-41.602,0.747688,0.663894,-0.014403,-0.663304,0.747700,0.031181,0.031470,-0.013760,0.999410,0,0.84792,0.95660,50.875,1.913,-1,400.000,-1,400.000,-1,325.000,325.000,300.000,300.000,-1,825.000,850.000,-1,825.000,750.000,-1,-1,2,0,2,0,2,0,0,0,0,2,0,0,2,0,0,2,2
115,9038.471,-5179.907,-77.848,-39.694,0.769393,0.638616,-0.014243,-0.638004,0.769369,0.031981,0.031382,-0.015519,0.999387,0,0.84654,0.95395,50.792,1.908,-1,400.000,-1,400.000,-1,325.000,325.000,300.000,300.000,-1,850.000,875.000,-1,825.000,775.000,-1,-1,2,0,2,0,2,0,0,0,0,2,0,0,2,0,0,2,2
116,9078.527,-5210.966,-76.348,-37.791,0.790199,0.612687,-0.014112,-0.612058,0.790139,0.032643,0.031150,-0.017157,0.999367,0,0.84479,0.95192,50.687,1.904,-1,400.000,-1,400.000,-1,325.000,325.000,300.000,300.000,-1,900.000,925.000,-1,850.000,775.000,-1,-1,2,0,2,0,2,0,0,0,0,2,0,0,2,0,0,2,2
117,9119.491,-5240.608,-75.050,-35.890,0.810120,0.586117,-0.013089,-0.585482,0.809991,0.033530,0.030254,-0.019500,0.999352,0,0.84274,0.95038,50.564,1.901,-1,400.000,-1,400.000,-1,325.000,325.000,300.000,300.000,-1,950.000,1000.000,-1,850.000,800.000,-1,-1,2,0,2,0,2,0,0,0,0,2,0,0,2,0,0,2,2
118,9161.302,-5268.800,-73.837,-33.991,0.829131,0.558930,-0.011787,-0.558297,0.828922,0.034546,0.029079,-0.022063,0.999334,0,0.84046,0.94932,50.427,1.899,-1,400.000,-1,400.000,-1,325.000,325.000,300.000,300.000,-1,-1,-1,-1,850.000,800.000,-1,-1,2,0,2,0,2,0,0,0,0,2,2,2,2,0,0,2,2
119,9203.900,-5295.514,-72.650,-32.094,0.847216,0.531145,-0.010519,-0.530520,0.846924,0.035616,0.027827,-0.024594,0.999310,0,0.83803,0.94875,50.282,1.897,-1,400.000,-1,400.000,-1,325.000,325.000,300.000,300.000,-1,-1,-1,-1,850.000,800.000,-1,-1,2,0,2,0,2,0,0,0,0,2,2,2,2,0,0,2,2
120,9247.230,-5320.728,-71.468,-30.196,0.864363,0.502782,-0.009271,-0.502173,0.863991,0.036624,0.026424,-0.027001,0.999286,0,0.83554,0.94866,50.132,1.897,-1,400.000,-1,400.000,-1,325.000,325.000,300.000,300.000,-1,-1,-1,-1,850.000,800.000,-1,-1,2,0,2,0,2,0,0,0,0,2,2,2,2,0,0,2,2
121,9291.240,-5344.423,-70.281,-28.298,0.880561,0.473862,-0.008140,-0.473282,0.880122,0.037277,0.024828,-0.028972,0.999272,0,0.83307,0.94906,49.984,1.898,-1,400.000,-1,400.000,-1,325.000,325.000,300.000,300.000,-1,-1,-1,-1,850.000,800.000,-1,-1,2,0,2,0,2,0,0,0,0,2,2,2,2,0,0,2,2
122,9335.886,-5366.583,-69.184,-26.398,0.895801,0.444400,-0.007021,-0.443855,0.895301,0.037808,0.023088,-0.030752,0.999260,0,0.83071,0.94994,49.842,1.900,-1,400.000,-1,400.000,-1,325.000,325.000,300.000,300.000,-1,-1,-1,-1,875.000,800.000,-1,-1,2,0,2,0,2,0,0,0,0,2,2,2,2,0,0,2,2
123,9381.123,-5387.194,-68.421,-24.496,0.910068,0.414422,-0.005579,-0.413955,0.909542,0.037074,0.020438,-0.031430,0.999297,0,0.82853,0.95129,49.712,1.903,-1,400.000,-1,400.000,-1,325.000,325.000,300.000,300.000,-1,-1,-1,-1,850.000,800.000,-1,-1,2,0,2,0,2,0,0,0,0,2,2,2,2,0,0,2,2
124,9426.914,-5406.245,-67.700,-22.590,0.923353,0.383930,-0.004070,-0.383541,0.922804,0.036453,0.017751,-0.032098,0.999327,0,0.82661,0.95310,49.596,1.906,-1,400.000,-1,400.000,-1,325.000,325.000,300.000,300.000,-1,-1,-1,-1,850.000,800.000,-1,-1,2,0,2,0,2,0,0,0,0,2,2,2,2,0,0,2,2
125,9473.226,-5423.725,-67.022,-20.679,0.935642,0.352941,-0.002500,-0.352630,0.935072,0.035949,0.015025,-0.032754,0.999351,0,0.82501,0.95536,49.501,1.911,-1,400.000,-1,400.000,-1,325.000,325.000,300.000,300.000,-1,-1,-1,-1,850.000,800.000,-1,-1,2,0,2,0,2,0,0,0,0,2,2,2,2,0,0,2,2
126,9520.027,-5439.623,-66.390,-18.763,0.946919,0.321472,-0.000874,-0.321239,0.946330,0.035565,0.012260,-0.033396,0.999367,0,0.82380,0.95805,49.428,1.916,-1,400.000,-1,400.000,-1,325.000,325.000,300.000,300.000,-1,-1,-1,-1,850.000,800.000,-1,-1,2,0,2,0,2,0,0,0,0,2,2,2,2,0,0,2,2
127,9567.290,-5453.928,-65.823,-16.840,0.957165,0.289541,0.000728,-0.289386,0.956563,0.035253,0.009511,-0.033953,0.999378,0,0.82302,0.96116,49.381,1.922,-1,400.000,-1,400.000,-1,325.000,325.000,300.000,300.000,-1,-1,-1,-1,850.000,800.000,-1,-1,2,0,2,0,2,0,0,0,0,2,2,2,2,0,0,2,2
128,9614.990,-5466.630,-65.311,-14.911,0.966364,0.257167,0.002349,-0.257089,0.965752,0.035041,0.006742,-0.034467,0.999383,0,0.82271,0.96469,49.363,1.929,-1,400.000,-1,400.000,-1,325.000,325.000,300.000,300.000,-1,-1,-1,-1,850.000,800.000,-1,-1,2,0,2,0,2,0,0,0,0,2,2,2,2,0,0,2,2
129,9663.104,-5477.714,-64.850,-12.974,0.974496,0.224370,0.004011,-0.224371,0.973877,0.034948,0.003936,-0.034957,0.999381,0,0.82291,0.96860,49.374,1.937,-1,400.000,-1,400.000,-1,325.000,325.000,300.000,300.000,-1,-1,-1,-1,850.000,800.000,-1,-1,2,0,2,0,2,0,0,0,0,2,2,2,2,0,0,2,2
130,9706.818,-5486.430,-64.473,-11.277,0.980703,0.195425,0.005537,-0.195498,0.980081,0.034960,0.001405,-0.035368,0.999373,0,0.74291,0.84860,44.574,1.697,-1,400.000,-1,400.000,-1,325.000,325.000,300.000,300.000,-1,-1,-1,-1,850.000,800.000,-1,-1,2,0,2,0,2,0,0,0,0,2,2,2,2,0,0,2,2
131,9746.009,-5493.213,-64.168,-9.820,0.985344,0.170436,0.006917,-0.170574,0.984722,0.035041,-0.000839,-0.035707,0.999362,0,0.66291,0.72860,39.774,1.457,-1,400.000,-1,400.000,-1,325.000,325.000,300.000,300.000,-1,-1,-1,-1,825.000,800.000,-1,-1,2,0,2,0,2,0,0,0,0,2,2,2,2,0,0,2,2
132,9780.590,-5498.444,-63.922,-8.602,0.988731,0.149478,0.008141,-0.149674,0.988110,0.035161,-0.002789,-0.035983,0.999349,0,0.58291,0.60860,34.974,1.217,-1,400.000,-1,400.000,-1,325.000,325.000,300.000,300.000,-1,-1,-1,-1,825.000,800.000,-1,-1,2,0,2,0,2,0,0,0,0,2,2,2,2,0,0,2,2
133,9810.497,-5502.447,-63.841,-7.625,0.991129,0.132602,0.008928,-0.132839,0.990491,0.035800,-0.004096,-0.036668,0.999319,0,0.50291,0.48860,30.174,0.977,-1,400.000,-1,400.000,-1,325.000,325.000,300.000,300.000,-1,-1,-1,-1,825.000,800.000,-1,-1,2,0,2,0,2,0,0,0,0,2,2,2,2,0,0,2,2
134,9835.689,-5505.490,-63.884,-6.888,0.992745,0.119842,0.009733,-0.120122,0.992079,0.036745,-0.005252,-0.037648,0.999277,0,0.42291,0.36860,25.374,0.737,-1,400.000,-1,400.000,-1,325.000,325.000,300.000,300.000,-1,-1,-1,-1,825.000,800.000,-1,-1,2,0,2,0,2,0,0,0,0,2,2,2,2,0,0,2,2
135,9856.135,-5507.779,-63.929,-6.391,0.993741,0.111226,0.010371,-0.111540,0.993051,0.037525,-0.006125,-0.038447,0.999242,0,0.34291,0.24860,20.574,0.497,-1,400.000,-1,400.000,-1,325.000,325.000,300.000,300.000,-1,-1,-1,-1,825.000,800.000,-1,-1,2,0,2,0,2,0,0,0,0,2,2,2,2,0,0,2,2
136,9871.819,-5509.465,-64.073,-6.134,0.994228,0.106766,0.010543,-0.107092,0.993531,0.037774,-0.006442,-0.038685,0.999231,0,0.26291,0.12860,15.774,0.257,-1,400.000,-1,400.000,-1,325.000,325.000,300.000,300.000,-1,-1,-1,-1,825.000,800.000,-1,-1,2,0,2,0,2,0,0,0,0,2,2,2,2,0,0,2,2
