timestep,x_cm,y_cm,z_cm,yaw_deg,basis_xx,basis_xy,basis_xz,basis_yx,basis_yy,basis_yz,basis_zx,basis_zy,basis_zz,teleport_flag,throttle_cmd,steering_cmd,cmd_move_cm,cmd_turn_deg,lidar_cm_0,lidar_cm_1,lidar_cm_2,lidar_cm_3,lidar_cm_4,lidar_cm_5,lidar_cm_6,lidar_cm_7,lidar_cm_8,lidar_cm_9,lidar_cm_10,lidar_cm_11,lidar_cm_12,lidar_cm_13,lidar_cm_14,lidar_cm_15,lidar_cm_16,lidar_class_0,lidar_class_1,lidar_class_2,lidar_class_3,lidar_class_4,lidar_class_5,lidar_class_6,lidar_class_7,lidar_class_8,lidar_class_9,lidar_class_10,lidar_class_11,lidar_class_12,lidar_class_13,lidar_class_14,lidar_class_15,lidar_class_16
0,-4918.230,-2947.063,-43.209,73.773,0.279517,-0.953768,-0.110440,0.960141,0.277577,0.032879,-0.000703,-0.115229,0.993339,1,0.08000,0.12000,4.800,0.240,825.000,375.000,-1,375.000,-1,300.000,300.000,300.000,300.000,-1,325.000,325.000,525.000,625.000,725.000,-1,-1,0,0,2,0,2,0,0,0,0,2,0,0,1,0,0,2,2
1,-4915.625,-2937.824,-43.223,74.253,0.271470,-0.956065,-0.110651,0.962446,0.269579,0.032001,-0.000766,-0.115183,0.993344,0,0.16000,0.24000,9.600,0.480,825.000,375.000,-1,375.000,-1,300.000,300.000,300.000,300.000,-1,325.000,325.000,550.000,625.000,725.000,-1,-1,0,0,2,0,2,0,0,0,0,2,0,0,1,0,0,2,2
2,-4911.892,-2923.917,-43.269,74.973,0.259364,-0.959388,-0.110927,0.965779,0.257546,0.030665,-0.000850,-0.115084,0.993355,0,0.24000,0.36000,14.400,0.720,825.000,375.000,-1,375.000,-1,300.000,300.000,300.000,300.000,-1,325.000,325.000,575.000,625.000,725.000,-1,-1,0,0,2,0,2,0,0,0,0,2,0,0,1,0,0,2,2
3,-4907.225,-2905.294,-43.372,75.933,0.243157,-0.963589,-0.111220,0.969986,0.241442,0.028850,-0.000947,-0.114897,0.993377,0,0.32000,0.48000,19.200,0.960,825.000,375.000,-1,375.000,-1,300.000,325.000,300.000,300.000,-1,300.000,325.000,600.000,625.000,725.000,-1,-1,0,0,2,0,2,0,0,0,0,2,0,0,1,0,0,2,2
4,-4901.881,-2881.899,-43.567,77.133,0.222800,-0.968470,-0.111467,0.974864,0.221217,0.026534,-0.001039,-0.114577,0.993414,0,0.40000,0.60000,24.000,1.200,850.000,375.000,-1,400.000,-1,300.000,325.000,300.000,300.000,-1,300.000,300.000,625.000,625.000,750.000,-1,-1,0,0,2,0,2,0,0,0,0,2,0,0,1,0,0,2,2
5,-4896.109,-2853.685,-43.898,78.439,0.200503,-0.973313,-0.111627,0.979693,0.199102,0.023683,-0.000826,-0.114108,0.993468,0,0.48000,0.65287,28.800,1.306,850.000,375.000,-1,400.000,-1,300.000,325.000,300.000,300.000,-1,300.000,300.000,650.000,625.000,750.000,-1,-1,0,0,2,0,2,0,0,0,0,2,0,0,1,0,0,2,2
6,-4890.140,-2820.621,-44.398,79.769,0.177635,-0.977742,-0.111654,0.984096,0.176474,0.020278,-0.000122,-0.113480,0.993540,0,0.56000,0.66487,33.600,1.330,850.000,375.000,-1,400.000,-1,300.000,325.000,300.000,300.000,-1,275.000,300.000,700.000,650.000,750.000,-1,-1,0,0,2,0,2,0,0,0,0,2,0,0,1,0,0,2,2
7,-4884.283,-2783.116,-45.086,81.127,0.154135,-0.981740,-0.111488,0.988049,0.153268,0.016355,0.001031,-0.112677,0.993631,0,0.63269,0.67894,37.962,1.358,875.000,375.000,-1,400.000,-1,300.000,325.000,300.000,300.000,-1,275.000,275.000,750.000,650.000,775.000,-1,-1,0,0,2,0,2,0,0,0,0,2,0,0,1,0,0,2,2
8,-4879.256,-2744.861,-45.898,82.516,0.129990,-0.985274,-0.111076,0.991513,0.129426,0.012307,0.002250,-0.111733,0.993736,0,0.64310,0.69491,38.586,1.390,900.000,375.000,-1,400.000,-1,325.000,325.000,300.000,300.000,-1,250.000,250.000,800.000,650.000,775.000,-1,-1,0,0,2,0,2,0,0,0,0,2,0,0,1,0,0,2,2
9,-4875.112,-2705.844,-46.839,83.939,0.105196,-0.988304,-0.110407,0.994445,0.104942,0.008132,0.003549,-0.110649,0.993853,0,0.65398,0.71119,39.239,1.422,950.000,375.000,-1,400.000,-1,325.000,325.000,300.000,300.000,-1,250.000,250.000,850.000,650.000,800.000,-1,-1,0,0,2,0,2,0,0,0,0,2,0,0,1,0,0,2,2
10,-4871.904,-2666.057,-47.911,85.394,0.079753,-0.990786,-0.109469,0.996802,0.079814,0.003830,0.004943,-0.109425,0.993983,0,0.66530,0.72778,39.918,1.456,1000.000,375.000,-1,400.000,-1,325.000,325.000,275.000,300.000,-1,225.000,225.000,900.000,650.000,800.000,-1,-1,0,0,2,0,2,0,0,0,0,2,0,0,1,0,0,2,2
11,-4869.692,-2625.497,-48.657,86.884,0.053810,-0.992872,-0.106345,0.998538,0.054054,0.000595,0.005158,-0.106221,0.994329,0,0.67703,0.74469,40.622,1.489,-1,375.000,-1,400.000,-1,325.000,325.000,275.000,300.000,-1,250.000,225.000,950.000,650.000,825.000,-1,-1,2,0,2,0,2,0,0,0,0,2,0,0,1,0,0,2,2
12,-4868.541,-2584.166,-48.442,88.408,0.027448,-0.994155,-0.104415,0.999618,0.027637,-0.000356,0.003240,-0.104365,0.994534,0,0.68915,0.76192,41.349,1.524,-1,375.000,-1,400.000,-1,325.000,325.000,300.000,300.000,-1,275.000,250.000,975.000,650.000,850.000,-1,-1,2,0,2,0,2,0,0,0,0,2,0,0,0,0,0,2,2
13,-4868.666,-2542.070,-48.186,90.171,-0.003087,-0.994681,-0.102952,0.999995,-0.002977,-0.001222,0.000909,-0.102956,0.994686,0,0.70163,0.88192,42.098,1.764,-1,375.000,-1,400.000,-1,325.000,325.000,300.000,300.000,-1,325.000,275.000,1000.000,650.000,850.000,-1,-1,2,0,2,0,2,0,0,0,0,2,0,0,0,0,0,2,2
14,-4870.289,-2499.236,-48.077,92.171,-0.037724,-0.994138,-0.101319,0.999287,-0.037695,-0.002196,-0.001636,-0.101330,0.994852,0,0.71446,1.00000,42.868,2.000,-1,375.000,-1,400.000,-1,325.000,325.000,300.000,300.000,-1,350.000,300.000,-1,650.000,875.000,-1,-1,2,0,2,0,2,0,0,0,0,2,0,0,2,0,0,2,2
15,-4873.463,-2455.696,-48.116,94.171,-0.072346,-0.992408,-0.099458,0.997372,-0.072381,-0.003256,-0.003968,-0.099433,0.995036,0,0.72763,1.00000,43.658,2.000,-1,375.000,-1,400.000,-1,325.000,325.000,300.000,300.000,-1,400.000,325.000,-1,650.000,875.000,-1,-1,2,0,2,0,2,0,0,0,0,2,0,0,2,0,0,2,2
16,-4878.240,-2411.491,-48.300,96.171,-0.106912,-0.989489,-0.097373,0.994250,-0.106995,-0.004385,-0.006079,-0.097282,0.995238,0,0.74108,1.00000,44.465,2.000,-1,375.000,-1,400.000,-1,300.000,325.000,300.000,300.000,-1,400.000,350.000,-1,650.000,875.000,-1,-1,2,0,2,0,2,0,0,0,0,2,0,0,2,0,0,2,2
17,-4884.674,-2366.667,-48.622,98.171,-0.141380,-0.985380,-0.095070,0.989923,-0.141495,-0.005567,-0.007966,-0.094899,0.995455,0,0.75475,1.00000,45.285,2.000,-1,375.000,-1,400.000,-1,300.000,325.000,300.000,300.000,-1,425.000,375.000,-1,650.000,900.000,-1,-1,2,0,2,0,2,0,0,0,0,2,0,0,2,0,0,2,2
18,-4892.815,-2321.278,-49.077,100.171,-0.175708,-0.980081,-0.092558,0.984395,-0.175841,-0.006785,-0.009625,-0.092306,0.995684,0,0.76859,1.00000,46.116,2.000,-1,375.000,-1,400.000,-1,300.000,325.000,300.000,300.000,-1,450.000,400.000,-1,675.000,900.000,-1,-1,2,0,2,0,2,0,0,0,0,2,0,0,2,0,0,2,2
19,-4902.711,-2275.382,-49.658,102.171,-0.209854,-0.973596,-0.089849,0.977670,-0.209992,-0.008025,-0.011054,-0.089527,0.995923,0,0.78254,1.00000,46.953,2.000,-1,375.000,-1,400.000,-1,300.000,325.000,300.000,300.000,-1,475.000,425.000,-1,675.000,900.000,-1,-1,2,0,2,0,2,0,0,0,0,2,0,0,2,0,0,2,2
20,-4914.409,-2229.044,-50.358,104.171,-0.243774,-0.965926,-0.086958,0.969755,-0.243905,-0.009273,-0.012253,-0.086588,0.996169,0,0.79655,1.00000,47.793,2.000,-1,350.000,-1,400.000,-1,300.000,325.000,300.000,300.000,-1,500.000,450.000,-1,675.000,900.000,-1,-1,2,0,2,0,2,0,0,0,0,2,0,0,2,0,0,2,2
21,-4928.712,-2179.710,-51.210,106.171,-0.277436,-0.957089,-0.083725,0.960655,-0.277544,-0.010583,-0.013108,-0.083367,0.996433,0,0.85612,1.00000,51.367,2.000,-1,375.000,-1,425.000,-1,300.000,325.000,325.000,300.000,-1,525.000,400.000,-1,675.000,925.000,-1,-1,2,0,2,0,2,0,0,0,0,2,0,0,2,0,0,2,2
22,-4945.011,-2130.042,-52.165,108.171,-0.310786,-0.947079,-0.080337,0.950381,-0.310862,-0.011879,-0.013723,-0.080043,0.996697,0,0.87127,1.00000,52.276,2.000,-1,375.000,-1,425.000,-1,300.000,325.000,325.000,300.000,-1,550.000,375.000,-1,675.000,925.000,-1,-1,2,0,2,0,2,0,0,0,0,2,0,0,2,0,1,2,2
23,-4963.348,-2080.115,-53.212,110.171,-0.343779,-0.935903,-0.076816,0.938945,-0.343817,-0.013152,-0.014101,-0.076648,0.996959,0,0.88648,1.00000,53.189,2.000,-1,375.000,-1,425.000,-1,300.000,325.000,325.000,300.000,-1,525.000,350.000,-1,675.000,875.000,-1,-1,2,0,2,0,2,0,0,0,0,2,0,0,2,0,1,2,2
24,-4983.763,-2030.013,-54.183,112.171,-0.376318,-0.923534,-0.073955,0.926371,-0.376351,-0.014023,-0.014882,-0.073787,0.997163,0,0.90171,1.00000,54.103,2.000,-1,375.000,-1,425.000,-1,300.000,325.000,325.000,300.000,-1,500.000,350.000,-1,675.000,850.000,-1,-1,2,0,2,0,2,0,0,0,0,2,0,0,2,0,1,2,2
25,-5006.144,-1980.124,-55.686,114.166,-0.408260,-0.910176,-0.070020,0.912711,-0.408400,-0.012964,-0.016797,-0.069201,0.997461,0,0.91136,0.99724,54.681,1.994,-1,375.000,-1,425.000,-1,300.000,325.000,325.000,300.000,-1,500.000,350.000,-1,675.000,800.000,-1,-1,2,0,2,0,2,0,0,0,0,2,0,0,2,0,1,2,2
26,-5027.946,-1935.260,-56.880,115.920,-0.436007,-0.897450,-0.066940,0.899770,-0.436174,-0.012870,-0.017648,-0.065842,0.997674,0,0.83136,0.87724,49.881,1.754,-1,375.000,-1,425.000,-1,300.000,325.000,325.000,300.000,-1,475.000,350.000,-1,675.000,750.000,-1,-1,2,0,2,0,2,0,0,0,0,2,0,0,2,0,1,2,2
27,-5050.249,-1892.291,-58.019,117.435,-0.459663,-0.885782,-0.064030,0.887912,-0.459831,-0.012961,-0.017962,-0.062810,0.997864,0,0.80689,0.75724,48.413,1.514,-1,375.000,1000.000,425.000,-1,300.000,325.000,325.000,300.000,-1,475.000,350.000,-1,675.000,725.000,-1,-1,2,0,1,0,2,0,0,0,0,2,0,0,2,0,1,2,2
28,-5073.673,-1849.517,-59.038,118.709,-0.479339,-0.875517,-0.060863,0.877442,-0.479519,-0.012569,-0.018181,-0.059429,0.998067,0,0.81281,0.63724,48.769,1.274,-1,375.000,975.000,400.000,-1,300.000,325.000,325.000,300.000,-1,500.000,375.000,-1,675.000,675.000,-1,925.000,2,0,1,0,2,0,0,0,0,2,0,0,2,0,1,2,1
29,-5098.040,-1806.867,-60.013,119.744,-0.495163,-0.866886,-0.057632,0.868612,-0.495344,-0.012118,-0.018042,-0.056060,0.998264,0,0.81867,0.51724,49.120,1.034,-1,375.000,925.000,400.000,-1,325.000,325.000,325.000,300.000,-1,500.000,375.000,-1,700.000,650.000,-1,850.000,2,0,1,0,2,0,0,0,0,2,0,0,2,0,1,2,1
30,-5123.203,-1764.276,-61.100,120.577,-0.507775,-0.859721,-0.055179,0.861300,-0.507965,-0.011563,-0.018088,-0.053397,0.998410,0,0.82448,0.41639,49.469,0.833,-1,375.000,900.000,400.000,-1,325.000,325.000,325.000,325.000,-1,525.000,400.000,-1,675.000,600.000,-1,775.000,2,0,1,0,2,0,0,0,0,2,0,0,2,0,1,2,1
31,-5149.158,-1721.757,-62.298,121.403,-0.520145,-0.852395,-0.053595,0.853876,-0.520362,-0.010930,-0.018572,-0.051449,0.998503,0,0.83025,0.41307,49.815,0.826,-1,375.000,850.000,400.000,-1,300.000,325.000,325.000,325.000,-1,550.000,425.000,-1,675.000,575.000,-1,700.000,2,0,1,0,2,0,0,0,0,2,0,0,2,0,1,2,1
32,-5175.899,-1679.326,-63.438,122.222,-0.532303,-0.844953,-0.052042,0.846341,-0.532540,-0.010351,-0.018968,-0.049555,0.998591,0,0.83591,0.40939,50.154,0.819,-1,375.000,825.000,400.000,875.000,300.000,325.000,325.000,325.000,-1,575.000,450.000,-1,675.000,550.000,-1,625.000,2,0,1,0,1,0,0,0,0,2,0,0,2,0,1,2,1
33,-5203.418,-1637.001,-64.551,123.032,-0.544229,-0.837404,-0.050691,0.838713,-0.544486,-0.009809,-0.019386,-0.047853,0.998666,0,0.84142,0.40531,50.485,0.811,-1,375.000,775.000,400.000,725.000,300.000,325.000,325.000,325.000,-1,625.000,500.000,-1,675.000,500.000,1000.000,575.000,2,0,1,1,1,0,0,0,0,2,0,0,2,0,1,1,1
34,-5231.705,-1594.799,-65.597,123.834,-0.555920,-0.829769,-0.049358,0.831002,-0.556192,-0.009326,-0.019714,-0.046201,0.998738,0,0.84675,0.40081,50.805,0.802,-1,375.000,725.000,375.000,600.000,300.000,325.000,325.000,325.000,-1,650.000,525.000,-1,675.000,475.000,950.000,500.000,2,0,1,1,1,0,0,0,0,2,0,0,2,1,1,1,1
35,-5260.746,-1552.740,-66.570,124.626,-0.567364,-0.822064,-0.048043,0.823225,-0.567645,-0.008902,-0.019954,-0.044601,0.998806,0,0.85187,0.39585,51.112,0.792,-1,375.000,700.000,350.000,525.000,300.000,325.000,325.000,325.000,-1,675.000,550.000,-1,650.000,425.000,925.000,450.000,2,0,1,1,1,0,0,0,0,2,0,0,2,1,1,1,1
36,-5290.527,-1510.841,-67.562,125.406,-0.578567,-0.814320,-0.046300,0.815394,-0.578843,-0.008560,-0.019830,-0.042705,0.998891,0,0.85674,0.39041,51.404,0.781,-1,375.000,650.000,325.000,425.000,300.000,300.000,325.000,325.000,-1,700.000,550.000,-1,600.000,400.000,900.000,400.000,2,0,1,1,1,0,1,0,0,2,0,0,2,1,1,1,1
37,-5321.029,-1469.125,-68.717,126.175,-0.589540,-0.806571,-0.043427,0.807518,-0.589785,-0.008310,-0.018910,-0.039967,0.999022,0,0.86130,0.38443,51.678,0.769,-1,375.000,625.000,300.000,350.000,300.000,275.000,325.000,325.000,-1,700.000,550.000,-1,575.000,350.000,850.000,325.000,2,0,1,1,1,0,1,0,0,2,0,0,2,1,1,1,1
38,-5352.231,-1427.613,-69.681,126.931,-0.600204,-0.798793,-0.041060,0.799640,-0.600426,-0.008058,-0.018217,-0.037670,0.999124,0,0.86550,0.37788,51.930,0.756,-1,375.000,575.000,275.000,300.000,300.000,275.000,325.000,350.000,-1,725.000,550.000,-1,550.000,325.000,825.000,275.000,2,0,1,1,1,0,1,0,0,2,0,0,2,1,1,1,1
39,-5384.105,-1386.330,-70.153,127.672,-0.610587,-0.790978,-0.039202,0.791781,-0.610729,-0.009653,-0.016307,-0.036934,0.999185,0,0.86927,0.37071,52.156,0.741,-1,375.000,550.000,250.000,250.000,300.000,250.000,325.000,350.000,-1,700.000,550.000,-1,525.000,300.000,800.000,225.000,2,0,1,1,1,1,1,0,0,2,0,0,2,1,1,1,1
40,-5416.626,-1345.305,-67.031,128.398,-0.620964,-0.782761,-0.041092,0.783829,-0.620367,-0.027500,-0.003966,-0.049286,0.998777,0,0.87253,0.36287,52.352,0.726,-1,375.000,550.000,225.000,225.000,275.000,225.000,300.000,375.000,-1,450.000,400.000,-1,500.000,300.000,850.000,225.000,2,1,1,1,1,1,1,0,1,2,0,0,2,1,1,1,1
41,-5449.755,-1304.563,-63.215,129.107,-0.631238,-0.774385,-0.043205,0.775523,-0.629476,-0.048199,0.010128,-0.063932,0.997903,0,0.87519,0.35429,52.512,0.709,-1,350.000,550.000,225.000,200.000,275.000,225.000,300.000,425.000,-1,200.000,250.000,-1,500.000,300.000,-1,200.000,2,1,1,1,1,1,1,0,1,2,0,0,2,1,1,2,1
42,-5483.451,-1264.134,-58.702,129.797,-0.641464,-0.765804,-0.045470,0.766714,-0.637965,-0.071762,0.025947,-0.080895,0.996385,0,0.87715,0.34491,52.629,0.690,-1,350.000,575.000,225.000,200.000,275.000,225.000,300.000,475.000,-1,75.000,200.000,-1,500.000,300.000,-1,175.000,2,1,1,1,1,1,1,0,1,2,0,0,2,1,1,2,1
43,-5517.663,-1224.053,-53.491,130.466,-0.651705,-0.756963,-0.047829,0.757228,-0.645729,-0.098185,0.043438,-0.100205,0.994018,0,0.87827,0.33468,52.696,0.669,-1,350.000,625.000,225.000,175.000,275.000,225.000,275.000,625.000,975.000,75.000,175.000,-1,500.000,300.000,-1,175.000,2,1,1,1,1,1,1,0,0,0,0,0,2,1,1,2,1
44,-5552.338,-1184.357,-48.209,131.113,-0.662042,-0.747779,-0.050262,0.746840,-0.652626,-0.127708,0.062695,-0.122086,0.990537,0,0.87842,0.32351,52.705,0.647,-1,350.000,675.000,250.000,175.000,275.000,225.000,275.000,750.000,625.000,25.000,175.000,-1,550.000,325.000,-1,175.000,2,1,1,1,1,1,1,0,0,0,0,0,2,1,1,2,1
45,-5587.400,-1145.082,-44.299,131.736,-0.671761,-0.739009,-0.051019,0.736688,-0.659257,-0.150566,0.077635,-0.138730,0.987283,0,0.87746,0.31136,52.647,0.623,-1,350.000,-1,250.000,150.000,275.000,225.000,250.000,875.000,450.000,25.000,150.000,-1,625.000,325.000,-1,175.000,2,1,2,1,1,1,1,0,0,0,0,0,2,1,1,2,1
46,-4919.582,8199.019,-92.410,147.815,-0.850668,-0.524531,0.035084,0.521449,-0.833431,0.182986,-0.066742,0.173955,0.982489,1,0.00000,0.00000,52.512,0.596,-1,425.000,-1,375.000,-1,325.000,325.000,200.000,275.000,-1,0.000,0.000,-1,800.000,675.000,-1,-1,2,0,2,0,2,0,0,1,0,2,1,1,2,0,0,2,2
47,-4923.631,8201.598,-93.411,147.575,-0.848377,-0.528294,0.034086,0.525136,-0.831662,0.180473,-0.066995,0.171009,0.982989,0,0.08000,-0.12000,4.800,-0.240,-1,425.000,-1,375.000,-1,325.000,325.000,175.000,275.000,-1,0.000,0.000,-1,800.000,675.000,-1,-1,2,0,2,0,2,0,0,1,0,2,1,1,2,0,0,2,2
48,-4931.708,8206.788,-95.183,147.335,-0.845986,-0.532218,0.032417,0.528994,-0.830129,0.176215,-0.066874,0.166224,0.983818,0,0.16000,-0.12012,9.600,-0.240,-1,425.000,-1,375.000,-1,325.000,325.000,175.000,275.000,-1,0.000,0.000,-1,775.000,675.000,-1,-1,2,0,2,0,2,0,0,1,0,2,1,1,2,0,0,2,2
49,-4943.792,8214.622,-97.742,147.095,-0.843508,-0.536284,0.029879,0.532978,-0.828822,0.170259,-0.066543,0.159539,0.984946,0,0.24000,-0.11980,14.400,-0.240,-1,400.000,-1,375.000,-1,325.000,325.000,175.000,275.000,-1,0.000,0.000,-1,775.000,675.000,-1,-1,2,0,2,0,2,0,0,1,0,2,1,1,2,0,0,2,2
50,-4959.860,8225.132,-101.106,146.857,-0.840950,-0.540477,0.026201,0.537043,-0.827720,0.162676,-0.066236,0.150874,0.986332,0,0.32000,-0.11936,19.200,-0.239,-1,400.000,-1,375.000,-1,325.000,325.000,150.000,300.000,-1,0.000,0.000,-1,750.000,700.000,-1,-1,2,0,2,0,2,0,0,1,0,2,1,1,2,0,0,2,2
51,-4979.891,8238.352,-105.300,146.619,-0.838317,-0.544776,0.021045,0.541141,-0.826791,0.153568,-0.066261,0.140127,0.987914,0,0.40000,-0.11885,24.000,-0.238,-1,375.000,-1,375.000,-1,300.000,300.000,150.000,300.000,-1,0.000,25.000,-1,700.000,700.000,-1,-1,2,0,2,0,2,0,0,1,0,2,1,1,2,0,0,2,2
52,-5003.867,8254.308,-109.309,146.382,-0.835700,-0.548853,0.019141,0.545491,-0.825536,0.144672,-0.063602,0.131344,0.989294,0,0.48000,-0.11832,28.800,-0.237,-1,375.000,-1,375.000,-1,300.000,300.000,125.000,300.000,-1,0.000,25.000,-1,700.000,725.000,-1,-1,2,0,2,0,2,0,0,1,0,2,1,1,2,0,0,2,2
53,-5031.767,8273.031,-113.002,146.147,-0.833124,-0.552694,0.020857,0.550017,-0.823943,0.136377,-0.058190,0.125091,0.990437,0,0.56000,-0.11782,33.600,-0.236,-1,375.000,-1,375.000,-1,300.000,325.000,125.000,325.000,-1,0.000,25.000,-1,700.000,750.000,-1,-1,2,0,2,0,2,0,0,1,0,2,1,1,2,0,0,2,2
54,-5063.575,8294.546,-113.500,145.912,-0.831237,-0.555513,0.021216,0.552288,-0.820852,0.145533,-0.063430,0.132690,0.989126,0,0.64000,-0.11746,38.400,-0.235,-1,375.000,-1,375.000,-1,300.000,300.000,125.000,300.000,-1,75.000,100.000,-1,700.000,725.000,-1,-1,2,0,2,0,2,0,0,1,0,2,1,1,2,0,0,2,2
55,-5099.260,8318.896,-114.007,145.677,-0.829435,-0.558181,0.021737,0.554281,-0.817561,0.156097,-0.069359,0.141520,0.987503,0,0.72000,-0.11730,43.200,-0.235,-1,375.000,-1,375.000,-1,300.000,300.000,150.000,300.000,-1,150.000,175.000,-1,700.000,675.000,-1,-1,2,0,2,0,2,0,0,1,0,2,1,1,2,0,0,2,2
56,-5138.798,8346.115,-115.032,145.442,-0.827604,-0.560856,0.022648,0.556362,-0.814288,0.165519,-0.074390,0.149584,0.985947,0,0.80000,-0.11748,48.000,-0.235,-1,375.000,-1,350.000,-1,300.000,300.000,150.000,300.000,-1,225.000,250.000,-1,700.000,650.000,-1,-1,2,0,2,0,2,0,0,1,0,2,1,1,2,0,0,2,2
57,-5181.731,8375.934,-116.669,145.206,-0.825691,-0.563607,0.024117,0.558705,-0.811105,0.173083,-0.077989,0.156387,0.984612,0,0.87118,-0.11809,52.271,-0.236,-1,375.000,-1,350.000,-1,300.000,300.000,175.000,300.000,-1,325.000,325.000,-1,700.000,625.000,-1,-1,2,0,2,0,2,0,0,1,0,2,1,1,2,0,0,2,2
58,-5224.046,8405.590,-118.838,144.968,-0.823618,-0.566553,0.025896,0.561500,-0.808146,0.177815,-0.079814,0.160992,0.983723,0,0.86120,-0.11925,51.672,-0.238,-1,375.000,-1,350.000,-1,300.000,300.000,200.000,300.000,-1,375.000,400.000,-1,700.000,625.000,-1,-1,2,0,2,0,2,0,0,1,0,2,1,1,2,0,0,2,2
59,-5265.774,8435.101,-121.544,144.726,-0.821360,-0.569730,0.027853,0.564774,-0.805426,0.179774,-0.079989,0.163390,0.983313,0,0.85180,-0.12088,51.108,-0.242,-1,375.000,-1,350.000,1000.000,300.000,300.000,200.000,300.000,-1,450.000,450.000,-1,725.000,625.000,-1,-1,2,0,2,0,0,0,0,1,0,2,1,1,2,0,0,2,2
60,-5303.579,8461.844,-124.514,144.724,-0.821299,-0.569727,0.029644,0.565133,-0.805368,0.178905,-0.078052,0.163687,0.983420,0,0.77180,-0.00088,46.308,-0.002,-1,375.000,-1,350.000,975.000,300.000,300.000,225.000,275.000,-1,475.000,500.000,-1,725.000,625.000,-1,-1,2,0,2,0,0,0,0,1,0,2,1,1,2,0,0,2,2
61,-5340.763,8487.919,-127.777,144.962,-0.823469,-0.566529,0.030713,0.562411,-0.807953,0.175800,-0.074781,0.162039,0.983947,0,0.75695,0.11912,45.417,0.238,-1,375.000,-1,350.000,1000.000,300.000,300.000,250.000,275.000,475.000,525.000,525.000,-1,725.000,650.000,-1,-1,2,0,2,0,0,0,0,1,0,1,1,1,2,0,0,2,2
62,-5377.894,8513.501,-131.256,145.440,-0.827844,-0.560096,0.031094,0.556547,-0.813133,0.170499,-0.070212,0.158452,0.984867,0,0.75153,0.23912,45.092,0.478,-1,400.000,-1,375.000,-1,300.000,300.000,250.000,300.000,375.000,550.000,550.000,-1,750.000,650.000,-1,-1,2,0,2,0,2,0,0,1,0,1,1,1,2,0,0,2,2
63,-5415.128,8538.473,-135.027,146.159,-0.834376,-0.550292,0.031561,0.547473,-0.820736,0.163298,-0.063959,0.153531,0.986072,0,0.74728,0.35912,44.837,0.718,-1,400.000,-1,375.000,-1,325.000,300.000,275.000,300.000,325.000,550.000,575.000,-1,750.000,675.000,-1,-1,2,0,2,0,2,0,0,1,0,1,1,1,2,0,0,2,2
64,-5452.614,8562.717,-139.060,147.117,-0.842973,-0.536989,0.032245,0.535014,-0.830596,0.154499,-0.056182,0.147490,0.987467,0,0.74410,0.47912,44.646,0.958,-1,400.000,-1,375.000,-1,325.000,300.000,275.000,300.000,300.000,575.000,600.000,-1,750.000,700.000,-1,-1,2,0,2,0,2,0,0,1,0,1,1,1,2,0,0,2,2
65,-5490.487,8586.104,-143.306,148.315,-0.853491,-0.520041,0.033321,0.518987,-0.842517,0.144282,-0.046960,0.140437,0.988975,0,0.74192,0.59912,44.515,1.198,-1,400.000,-1,400.000,-1,325.000,325.000,275.000,300.000,300.000,550.000,575.000,-1,775.000,750.000,-1,-1,2,0,2,0,2,0,0,1,0,1,1,1,2,0,0,2,2
66,-5528.872,8608.489,-146.238,149.753,-0.865986,-0.498916,0.033937,0.498416,-0.855621,0.139619,-0.040621,0.137823,0.989624,0,0.74064,0.71912,44.438,1.438,-1,400.000,-1,400.000,-1,325.000,325.000,275.000,300.000,300.000,550.000,625.000,-1,775.000,750.000,-1,-1,2,0,2,0,2,0,0,1,0,1,1,1,2,0,0,2,2
67,-5567.874,8629.721,-147.994,151.432,-0.880106,-0.473568,0.033871,0.473358,-0.869727,0.139670,-0.036685,0.138958,0.989619,0,0.74018,0.83912,44.411,1.678,-1,400.000,-1,400.000,-1,325.000,325.000,300.000,300.000,325.000,600.000,675.000,-1,775.000,750.000,-1,-1,2,0,2,0,2,0,0,1,0,1,1,0,2,0,0,2,2
68,-5607.579,8649.644,-149.505,153.350,-0.895331,-0.444122,0.033740,0.444239,-0.884957,0.139653,-0.032165,0.140025,0.989625,0,0.74045,0.95912,44.427,1.918,-1,400.000,-1,400.000,-1,325.000,325.000,300.000,300.000,350.000,650.000,725.000,-1,775.000,750.000,-1,-1,2,0,2,0,2,0,0,1,0,1,1,0,2,0,0,2,2
69,-5648.006,8668.192,-150.764,155.350,-0.910151,-0.412916,0.033547,0.413367,-0.899806,0.139561,-0.027441,0.140889,0.989645,0,0.74140,1.00000,44.484,2.000,-1,400.000,-1,400.000,-1,325.000,325.000,300.000,300.000,375.000,725.000,750.000,-1,775.000,725.000,-1,-1,2,0,2,0,2,0,0,1,0,1,1,0,2,0,0,2,2
70,-5689.124,8685.347,-151.772,157.350,-0.923881,-0.381228,0.033300,0.382005,-0.913587,0.139395,-0.022719,0.141505,0.989677,0,0.74261,1.00000,44.557,2.000,-1,400.000,-1,400.000,-1,325.000,325.000,300.000,300.000,400.000,800.000,800.000,-1,775.000,725.000,-1,-1,2,0,2,0,2,0,0,1,0,1,1,0,2,0,0,2,2
71,-5730.887,8701.084,-152.530,159.350,-0.936507,-0.349093,0.033006,0.350187,-0.926285,0.139158,-0.018006,0.141881,0.989720,0,0.74390,1.00000,44.634,2.000,-1,400.000,-1,400.000,-1,325.000,325.000,300.000,300.000,425.000,875.000,850.000,-1,775.000,725.000,-1,-1,2,0,2,0,2,0,0,0,0,1,0,0,2,0,0,2,2
72,-5773.251,8715.380,-153.037,161.350,-0.948014,-0.316547,0.032675,0.317950,-0.937884,0.138857,-0.013309,0.142027,0.989773,0,0.74526,1.00000,44.715,2.000,-1,400.000,-1,400.000,-1,325.000,325.000,300.000,325.000,450.000,925.000,900.000,-1,775.000,725.000,-1,-1,2,0,2,0,2,0,0,0,0,1,0,0,2,0,0,2,2
73,-5816.169,8728.213,-153.336,163.350,-0.958387,-0.283617,0.032480,0.285343,-0.948342,0.138659,-0.008524,0.142157,0.989807,0,0.74667,1.00000,44.800,2.000,-1,400.000,-1,400.000,-1,325.000,325.000,300.000,325.000,475.000,975.000,950.000,-1,775.000,725.000,-1,-1,2,0,2,0,2,0,0,0,0,1,0,0,2,0,0,2,2
74,-5859.594,8739.563,-153.427,165.350,-0.967615,-0.250344,0.032382,0.252403,-0.957649,0.138568,-0.003679,0.142254,0.989823,0,0.74813,1.00000,44.888,2.000,-1,400.000,-1,400.000,-1,325.000,325.000,300.000,300.000,500.000,-1,1000.000,-1,775.000,725.000,-1,-1,2,0,2,0,2,0,0,0,0,1,2,0,2,0,0,2,2
75,-5903.476,8749.411,-153.308,167.350,-0.975688,-0.216773,0.032293,0.219162,-0.965816,0.138445,0.001178,0.142157,0.989843,0,0.74964,1.00000,44.978,2.000,-1,400.000,-1,400.000,-1,325.000,325.000,300.000,300.000,550.000,-1,-1,-1,775.000,725.000,-1,-1,2,0,2,0,2,0,0,0,0,1,2,2,2,0,0,2,2
76,-5951.531,8758.446,-152.970,169.350,-0.982593,-0.182939,0.032329,0.185672,-0.972817,0.138392,0.006133,0.141985,0.989850,0,0.81503,1.00000,48.902,2.000,-1,400.000,-1,400.000,-1,325.000,325.000,300.000,300.000,575.000,-1,-1,-1,775.000,725.000,-1,-1,2,0,2,0,2,0,0,0,0,1,2,2,2,0,0,2,2
77,-5999.843,8765.794,-152.436,171.350,-0.988317,-0.148881,0.032612,0.151991,-0.978635,0.138465,0.011301,0.141804,0.989830,0,0.81453,1.00000,48.872,2.000,-1,400.000,-1,400.000,-1,325.000,325.000,300.000,300.000,600.000,-1,-1,-1,775.000,725.000,-1,-1,2,0,2,0,2,0,0,0,0,1,2,2,2,0,0,2,2
78,-6048.351,8771.448,-151.644,173.350,-0.992864,-0.114643,0.032827,0.118117,-0.983293,0.138506,0.016400,0.141395,0.989817,0,0.81401,1.00000,48.840,2.000,-1,400.000,-1,400.000,-1,325.000,325.000,300.000,300.000,650.000,-1,-1,-1,775.000,725.000,-1,-1,2,0,2,0,2,0,0,0,0,1,2,2,2,0,0,2,2
79,-6096.994,8775.404,-150.603,175.350,-0.996228,-0.080264,0.032973,0.084088,-0.986781,0.138534,0.021418,0.140784,0.989809,0,0.81347,1.00000,48.808,2.000,-1,400.000,-1,400.000,-1,325.000,325.000,300.000,300.000,675.000,-1,-1,-1,775.000,725.000,-1,-1,2,0,2,0,2,0,0,0,0,1,2,2,2,0,0,2,2
80,-6145.713,8777.659,-149.318,177.350,-0.998405,-0.045782,0.033048,0.049941,-0.989094,0.138562,0.026344,0.139991,0.989802,0,0.81293,1.00000,48.776,2.000,-1,400.000,-1,400.000,-1,325.000,325.000,300.000,300.000,725.000,-1,-1,-1,775.000,725.000,-1,-1,2,0,2,0,2,0,0,0,0,1,2,2,2,0,0,2,2
81,-6193.103,8778.395,-147.862,179.110,-0.999335,-0.015384,0.033056,0.019827,-0.990153,0.138577,0.030599,0.139141,0.989800,0,0.78998,0.88000,47.399,1.760,-1,400.000,-1,400.000,-1,325.000,325.000,300.000,300.000,750.000,-1,-1,-1,775.000,725.000,-1,-1,2,0,2,0,2,0,0,0,0,1,2,2,2,0,0,2,2
82,-6240.438,8777.836,-146.227,180.677,-0.999387,0.011697,0.033010,-0.007014,-0.990325,0.138587,0.034312,0.138270,0.989800,0,0.78903,0.78343,47.342,1.567,-1,400.000,-1,400.000,-1,325.000,325.000,300.000,300.000,775.000,-1,-1,-1,775.000,725.000,-1,-1,2,0,2,0,2,0,0,0,0,1,2,2,2,0,0,2,2
83,-6287.657,8775.986,-144.422,182.244,-0.998706,0.038783,0.032909,-0.033868,-0.989766,0.138625,0.037949,0.137331,0.989798,0,0.78764,0.78361,47.258,1.567,-1,400.000,-1,400.000,-1,325.000,325.000,300.000,300.000,825.000,-1,-1,-1,775.000,725.000,-1,-1,2,0,2,0,2,0,0,0,0,1,2,2,2,0,0,2,2
84,-6334.724,8772.851,-142.452,183.811,-0.997292,0.065851,0.032750,-0.060714,-0.988471,0.138702,0.041506,0.136338,0.989792,0,0.78625,0.78371,47.175,1.567,-1,400.000,-1,400.000,-1,325.000,325.000,300.000,300.000,850.000,-1,-1,-1,775.000,725.000,-1,-1,2,0,2,0,2,0,0,0,0,1,2,2,2,0,0,2,2
85,-6381.606,8768.438,-140.323,185.379,-0.995146,0.092878,0.032525,-0.087528,-0.986441,0.138828,0.044978,0.135307,0.989782,0,0.78487,0.78372,47.092,1.567,-1,400.000,-1,400.000,-1,325.000,325.000,300.000,300.000,900.000,-1,-1,-1,775.000,725.000,-1,-1,2,0,2,0,2,0,0,0,0,1,2,2,2,0,0,2,2
86,-6428.269,8762.753,-138.038,186.946,-0.992270,0.119841,0.032230,-0.114287,-0.983674,0.139011,0.048363,0.134253,0.989766,0,0.78351,0.78365,47.010,1.567,-1,400.000,-1,400.000,-1,325.000,325.000,300.000,300.000,950.000,-1,-1,-1,775.000,725.000,-1,-1,2,0,2,0,2,0,0,0,0,1,2,2,2,0,0,2,2
87,-6474.678,8755.807,-135.604,188.513,-0.988665,0.146717,0.031856,-0.140969,-0.980171,0.139258,0.051656,0.133189,0.989744,0,0.78216,0.78350,46.929,1.567,-1,400.000,-1,400.000,-1,325.000,325.000,300.000,300.000,1000.000,-1,-1,-1,775.000,725.000,-1,-1,2,0,2,0,2,0,0,0,0,1,2,2,2,0,0,2,2
88,-6520.801,8747.609,-133.021,190.080,-0.984337,0.173483,0.031384,-0.167553,-0.975935,0.139559,0.054840,0.132114,0.989716,0,0.78082,0.78327,46.849,1.567,-1,400.000,-1,400.000,-1,325.000,325.000,300.000,300.000,-1,-1,-1,-1,775.000,725.000,-1,-1,2,0,2,0,2,0,0,0,0,2,2,2,2,0,0,2,2
89,-6566.607,8738.170,-130.128,191.646,-0.979266,0.200132,0.031386,-0.193985,-0.971048,0.139415,0.058378,0.130436,0.989737,0,0.77952,0.78296,46.771,1.566,-1,400.000,-1,400.000,-1,325.000,325.000,300.000,300.000,-1,-1,-1,-1,775.000,725.000,-1,-1,2,0,2,0,2,0,0,1,0,2,2,2,2,0,0,2,2
90,-6612.063,8727.502,-127.086,193.211,-0.973475,0.226632,0.031385,-0.220269,-0.965437,0.139330,0.061877,0.128722,0.989748,0,0.77824,0.78257,46.694,1.565,-1,400.000,-1,375.000,-1,325.000,325.000,300.000,300.000,-1,-1,-1,-1,775.000,725.000,-1,-1,2,0,2,0,2,0,0,1,0,2,2,2,2,1,1,2,2
91,-6657.138,8715.615,-123.930,194.775,-0.966969,0.252959,0.031348,-0.246387,-0.959110,0.139290,0.065301,0.126965,0.989755,0,0.77699,0.78211,46.619,1.564,-1,400.000,-1,375.000,-1,325.000,325.000,300.000,300.000,-1,-1,-1,-1,775.000,700.000,-1,-1,2,0,2,0,2,0,0,1,0,2,2,2,2,1,1,2,2
92,-6701.803,8702.525,-120.593,196.338,-0.959746,0.279101,0.031480,-0.272315,-0.952101,0.139097,0.068794,0.124925,0.989778,0,0.77577,0.78157,46.546,1.563,-1,400.000,-1,375.000,-1,325.000,325.000,300.000,300.000,-1,-1,-1,-1,750.000,675.000,-1,-1,2,0,2,0,2,0,0,1,0,2,2,2,2,1,1,2,2
93,-6746.028,8688.244,-117.021,197.900,-0.951800,0.305043,0.032016,-0.298018,-0.944434,0.138669,0.072537,0.122444,0.989821,0,0.77460,0.78095,46.476,1.562,-1,400.000,-1,400.000,-1,325.000,325.000,300.000,300.000,-1,-1,-1,-1,725.000,675.000,-1,-1,2,0,2,0,2,0,0,1,0,2,2,2,2,1,1,2,2
94,-6789.783,8672.786,-113.339,199.460,-0.943158,0.330751,0.032498,-0.323496,-0.936062,0.138339,0.076176,0.119963,0.989852,0,0.77346,0.78026,46.408,1.561,-1,400.000,-1,400.000,-1,325.000,325.000,275.000,300.000,-1,-1,-1,-1,725.000,650.000,-1,-1,2,0,2,0,2,0,0,1,0,2,2,2,2,1,1,2,2
95,-6833.040,8656.167,-109.551,201.020,-0.933829,0.356201,0.032916,-0.348725,-0.926993,0.138112,0.079708,0.117495,0.989869,0,0.77237,0.77951,46.342,1.559,-1,400.000,-1,400.000,-1,325.000,325.000,275.000,300.000,-1,-1,-1,-1,700.000,625.000,-1,-1,2,0,2,0,2,0,0,1,0,2,2,2,2,1,1,2,2
96,-6875.771,8638.403,-105.664,202.577,-0.923823,0.381373,0.033259,-0.373685,-0.917234,0.137991,0.083133,0.115050,0.989875,0,0.77132,0.77868,46.279,1.557,-1,400.000,-1,400.000,-1,325.000,325.000,275.000,300.000,-1,-1,-1,-1,700.000,600.000,-1,950.000,2,0,2,1,2,0,0,1,0,2,2,2,2,1,1,2,1
97,-6917.950,8619.510,-101.684,204.132,-0.913149,0.406245,0.033520,-0.398354,-0.906795,0.137975,0.086448,0.112639,0.989868,0,0.77031,0.77779,46.219,1.556,-1,400.000,1000.000,375.000,-1,325.000,325.000,275.000,300.000,-1,-1,-1,-1,675.000,575.000,-1,850.000,2,0,1,1,2,0,0,1,0,2,2,2,2,1,1,2,1
98,-6959.549,8599.505,-97.616,205.686,-0.901820,0.430797,0.033687,-0.422710,-0.895686,0.138068,0.089652,0.110273,0.989850,0,0.76936,0.77683,46.162,1.554,-1,400.000,975.000,375.000,-1,325.000,325.000,275.000,300.000,-1,-1,-1,-1,650.000,550.000,-1,750.000,2,0,1,1,2,0,1,1,0,2,2,2,2,1,1,2,1
99,-7000.543,8578.406,-93.534,207.238,-0.889843,0.455022,0.033682,-0.446785,-0.883945,0.137926,0.092532,0.107684,0.989870,0,0.76846,0.77581,46.107,1.552,-1,425.000,950.000,350.000,-1,325.000,325.000,275.000,300.000,-1,-1,-1,-1,650.000,525.000,1000.000,675.000,2,0,1,1,2,0,1,1,0,2,2,2,2,1,1,1,1
100,-7045.261,8554.081,-89.085,208.549,-0.879203,0.475271,0.033466,-0.466989,-0.873546,0.137255,0.094468,0.105047,0.989970,0,0.84846,0.65581,50.907,1.312,-1,425.000,925.000,325.000,825.000,325.000,300.000,300.000,300.000,-1,-1,-1,-1,625.000,500.000,975.000,575.000,2,1,1,1,1,1,1,1,0,2,2,2,2,1,1,1,1
101,-7092.916,8526.846,-84.054,209.752,-0.869029,0.493657,0.033022,-0.485438,-0.863648,0.135874,0.095594,0.102048,0.990176,0,0.91484,0.60138,54.891,1.203,-1,400.000,875.000,325.000,650.000,300.000,275.000,300.000,300.000,-1,-1,-1,-1,600.000,450.000,925.000,500.000,2,1,1,1,1,1,1,1,0,2,2,2,2,1,1,1,1
102,-7140.302,8498.442,-78.853,210.943,-0.858558,0.511670,0.032741,-0.503516,-0.853473,0.134369,0.096696,0.098878,0.990390,0,0.92081,0.59562,55.248,1.191,-1,375.000,825.000,300.000,525.000,300.000,275.000,300.000,300.000,-1,-1,-1,-1,575.000,425.000,925.000,425.000,2,1,1,1,1,1,1,0,0,2,2,2,2,1,1,1,1
103,-7187.386,8468.895,-71.859,212.122,-0.847331,0.529581,0.039669,-0.521108,-0.843519,0.130086,0.102353,0.089554,0.990709,0,0.92645,0.58914,55.587,1.178,-1,375.000,800.000,275.000,475.000,275.000,250.000,300.000,300.000,-1,-1,-1,-1,550.000,400.000,-1,400.000,2,1,1,1,1,1,1,0,0,2,2,2,2,1,1,2,1
104,-7234.125,8438.227,-64.299,213.285,-0.835679,0.547112,0.048048,-0.538410,-0.833364,0.124977,0.108418,0.078571,0.990996,0,0.93170,0.58186,55.902,1.164,-1,350.000,800.000,275.000,450.000,275.000,250.000,300.000,325.000,-1,-1,-1,-1,550.000,375.000,-1,375.000,2,1,1,1,1,1,1,0,0,2,2,2,2,1,1,2,1
105,-7280.476,8406.466,-56.326,214.433,-0.823606,0.564188,0.058005,-0.555313,-0.822967,0.119802,0.115327,0.066458,0.991102,0,0.93645,0.57370,56.187,1.147,-1,350.000,800.000,275.000,425.000,275.000,225.000,300.000,350.000,-1,825.000,-1,-1,525.000,375.000,-1,350.000,2,1,1,1,1,1,1,0,1,2,0,2,2,1,1,2,1
106,-7326.393,8373.655,-47.960,215.562,-0.811091,0.580759,0.069644,-0.571811,-0.812339,0.114616,0.123139,0.053140,0.990966,0,0.94057,0.56454,56.434,1.129,-1,325.000,-1,250.000,400.000,275.000,225.000,275.000,375.000,-1,575.000,775.000,-1,525.000,350.000,-1,325.000,2,1,2,1,1,1,1,0,1,2,0,0,2,1,1,2,1
107,-7371.827,8339.840,-39.225,216.670,-0.798106,0.596766,0.083048,-0.587903,-0.801489,0.109480,0.131896,0.038552,0.990514,0,0.94391,0.55427,56.634,1.109,-1,325.000,-1,250.000,375.000,250.000,225.000,275.000,400.000,-1,375.000,650.000,-1,525.000,375.000,-1,300.000,2,1,2,1,1,1,1,0,1,2,0,0,2,1,1,2,1
108,-7416.724,8305.083,-30.118,217.756,-0.784635,0.612139,0.098152,-0.603583,-0.790423,0.104491,0.141545,0.022745,0.989671,0,0.94626,0.54273,56.776,1.085,-1,325.000,-1,250.000,350.000,250.000,225.000,275.000,425.000,800.000,225.000,550.000,-1,500.000,375.000,-1,275.000,2,1,2,1,1,1,1,0,1,1,0,0,2,1,1,2,1
109,-7460.108,8269.861,-20.751,219.081,-0.767690,0.630413,0.115025,-0.622430,-0.776242,0.100147,0.152421,0.005287,0.988302,0,0.93129,0.66273,55.878,1.325,-1,325.000,-1,250.000,325.000,250.000,225.000,275.000,450.000,600.000,150.000,475.000,-1,525.000,375.000,-1,250.000,2,1,2,1,1,1,1,0,1,1,0,0,2,1,1,2,1
110,-8199.153,-2951.695,-205.174,-162.051,-0.951029,0.308164,-0.024041,-0.308223,-0.951313,-0.001324,-0.023279,0.006150,0.999710,1,0.00000,0.00000,55.822,1.565,950.000,375.000,-1,400.000,-1,325.000,325.000,275.000,275.000,-1,-1,-1,-1,650.000,750.000,-1,-1,0,0,2,0,2,0,0,0,0,2,2,2,2,0,0,2,2
111,-8203.726,-2953.155,-205.266,-162.291,-0.952311,0.304176,-0.024105,-0.304240,-0.952595,-0.001072,-0.023288,0.006312,0.999709,0,0.08000,-0.12000,4.800,-0.240,950.000,375.000,-1,400.000,-1,325.000,325.000,275.000,275.000,-1,-1,-1,-1,650.000,750.000,-1,-1,0,0,2,0,2,0,0,0,0,2,2,2,2,0,0,2,2
112,-8212.895,-2955.999,-205.452,-162.771,-0.954824,0.296185,-0.024222,-0.296258,-0.955108,-0.000577,-0.023306,0.006625,0.999706,0,0.16000,-0.24000,9.600,-0.480,950.000,375.000,-1,400.000,-1,325.000,325.000,275.000,275.000,-1,-1,-1,-1,650.000,750.000,-1,-1,0,0,2,0,2,0,0,0,0,2,2,2,2,0,0,2,2
113,-8226.701,-2960.091,-205.732,-163.491,-0.958468,0.284158,-0.024373,-0.284246,-0.958751,0.000145,-0.023326,0.007067,0.999703,0,0.24000,-0.36000,14.400,-0.720,975.000,375.000,-1,400.000,-1,325.000,325.000,275.000,275.000,-1,-1,-1,-1,650.000,750.000,-1,-1,0,0,2,0,2,0,0,0,0,2,2,2,2,0,0,2,2
114,-8245.199,-2965.237,-206.112,-164.451,-0.963092,0.268054,-0.024530,-0.268160,-0.963374,0.001070,-0.023344,0.007608,0.999699,0,0.32000,-0.48000,19.200,-0.960,1000.000,375.000,-1,400.000,-1,325.000,325.000,275.000,275.000,-1,-1,-1,-1,650.000,750.000,-1,-1,0,0,2,0,2,0,0,0,0,2,2,2,2,0,0,2,2
115,-8268.450,-2971.185,-206.595,-165.651,-0.968493,0.247819,-0.024659,-0.247945,-0.968772,0.002164,-0.023353,0.008210,0.999694,0,0.40000,-0.60000,24.000,-1.200,-1,375.000,-1,400.000,-1,325.000,325.000,300.000,275.000,-1,-1,-1,-1,650.000,750.000,-1,-1,2,0,2,0,2,0,0,0,0,2,2,2,2,0,0,2,2
116,-8296.522,-2977.619,-207.187,-167.091,-0.974415,0.223394,-0.024727,-0.223543,-0.974688,0.003383,-0.023345,0.008824,0.999689,0,0.48000,-0.72000,28.800,-1.440,-1,375.000,-1,400.000,-1,325.000,325.000,300.000,275.000,-1,-1,-1,-1,650.000,750.000,-1,-1,2,0,2,0,2,0,0,0,0,2,2,2,2,0,0,2,2
117,-8329.478,-2984.165,-207.894,-168.767,-0.980533,0.194794,-0.024700,-0.194965,-0.980799,0.004671,-0.023316,0.009396,0.999684,0,0.56000,-0.83788,33.600,-1.676,-1,375.000,-1,400.000,-1,325.000,325.000,300.000,275.000,-1,-1,-1,-1,650.000,750.000,-1,-1,2,0,2,0,2,0,0,0,0,2,2,2,2,0,0,2,2
118,-8367.345,-2990.540,-208.726,-170.443,-0.985814,0.166028,-0.024584,-0.166220,-0.986071,0.005947,-0.023255,0.009949,0.999680,0,0.64000,-0.83788,38.400,-1.676,-1,375.000,-1,400.000,-1,325.000,325.000,300.000,275.000,-1,-1,-1,-1,650.000,750.000,-1,-1,2,0,2,0,2,0,0,0,0,2,2,2,2,0,0,2,2
119,-8410.137,-2996.464,-209.683,-172.118,-0.990254,0.137121,-0.024381,-0.137331,-0.990499,0.007169,-0.023166,0.010447,0.999677,0,0.72000,-0.83788,43.200,-1.676,-1,375.000,-1,400.000,-1,325.000,325.000,300.000,275.000,-1,-1,-1,-1,650.000,750.000,-1,-1,2,0,2,0,2,0,0,0,0,2,2,2,2,0,0,2,2
120,-8457.856,-3001.653,-210.769,-173.794,-0.993848,0.108096,-0.024097,-0.108323,-0.994081,0.008293,-0.023058,0.010852,0.999675,0,0.80000,-0.83788,48.000,-1.676,-1,375.000,-1,400.000,-1,325.000,325.000,300.000,275.000,-1,-1,-1,-1,650.000,750.000,-1,-1,2,0,2,0,2,0,0,0,0,2,2,2,2,0,0,2,2
121,-8507.566,-3005.592,-211.941,-175.470,-0.996595,0.078979,-0.023693,-0.079218,-0.996814,0.009322,-0.022881,0.011167,0.999676,0,0.83110,-0.83788,49.866,-1.676,-1,375.000,-1,400.000,-1,325.000,325.000,275.000,275.000,-1,-1,-1,-1,675.000,750.000,-1,-1,2,0,2,0,2,0,0,0,0,2,2,2,2,0,0,2,2
122,-8557.370,-3008.075,-213.008,-177.146,-0.998501,0.049795,-0.022703,-0.050042,-0.998693,0.010406,-0.022155,0.011527,0.999688,0,0.83110,-0.83788,49.866,-1.676,-1,375.000,-1,400.000,-1,325.000,325.000,275.000,275.000,-1,-1,-1,-1,675.000,750.000,-1,-1,2,0,2,0,2,0,0,0,0,2,2,2,2,0,0,2,2
123,-8607.225,-3009.101,-213.867,-178.821,-0.999558,0.020569,-0.021460,-0.020831,-0.999710,0.012085,-0.021205,0.012526,0.999697,0,0.83110,-0.83788,49.866,-1.676,-1,375.000,-1,400.000,-1,325.000,325.000,300.000,275.000,-1,-1,-1,-1,675.000,775.000,-1,-1,2,0,2,0,2,0,0,0,0,2,2,2,2,0,0,2,2
124,-8657.089,-3008.669,-214.742,-180.497,-0.999757,-0.008675,-0.020242,0.008401,-0.999873,0.013546,-0.020357,0.013373,0.999703,0,0.83110,-0.83788,49.866,-1.676,-1,375.000,-1,400.000,-1,325.000,325.000,300.000,275.000,-1,-1,-1,-1,700.000,775.000,-1,-1,2,0,2,0,2,0,0,0,0,2,2,2,2,0,0,2,2
125,-8706.918,-3006.778,-215.637,-182.173,-0.999099,-0.037910,-0.019068,0.037631,-0.999182,0.014803,-0.019614,0.014072,0.999709,0,0.83110,-0.83788,49.866,-1.676,-1,375.000,-1,400.000,-1,325.000,325.000,300.000,275.000,-1,-1,-1,-1,700.000,800.000,-1,-1,2,0,2,0,2,0,0,0,0,2,2,2,2,0,0,2,2
126,-8756.672,-3003.431,-216.557,-183.849,-0.997584,-0.067113,-0.017954,0.066831,-0.997638,0.015867,-0.018976,0.014629,0.999713,0,0.83110,-0.83788,49.866,-1.676,-1,375.000,-1,400.000,-1,325.000,325.000,300.000,275.000,-1,-1,-1,-1,725.000,800.000,-1,-1,2,0,2,0,2,0,0,0,0,2,2,2,2,0,0,2,2
127,-8806.306,-2998.631,-217.507,-185.524,-0.995213,-0.096258,-0.016915,0.095976,-0.995243,0.016753,-0.018447,0.015050,0.999717,0,0.83110,-0.83788,49.866,-1.676,-1,375.000,-1,400.000,-1,325.000,325.000,300.000,275.000,-1,-1,-1,-1,750.000,800.000,-1,-1,2,0,2,0,2,0,0,0,0,2,2,2,2,0,0,2,2
128,-8855.778,-2992.381,-218.491,-187.200,-0.991988,-0.125320,-0.015965,0.125040,-0.991998,0.017475,-0.018027,0.015339,0.999720,0,0.83110,-0.83788,49.866,-1.676,-1,400.000,-1,400.000,-1,325.000,325.000,300.000,275.000,-1,-1,-1,-1,750.000,825.000,-1,-1,2,0,2,0,2,0,0,0,0,2,2,2,2,0,0,2,2
129,-8905.047,-2984.687,-219.514,-188.876,-0.987912,-0.154276,-0.015114,0.153998,-0.987906,0.018048,-0.017716,0.015502,0.999723,0,0.83110,-0.83788,49.866,-1.676,-1,400.000,-1,400.000,-1,325.000,325.000,300.000,275.000,-1,-1,-1,-1,775.000,825.000,-1,-1,2,0,2,0,2,0,0,0,0,2,2,2,2,0,0,2,2
130,-8954.069,-2975.555,-220.579,-190.552,-0.982989,-0.183099,-0.014373,0.182825,-0.982972,0.018487,-0.017514,0.015545,0.999726,0,0.83110,-0.83788,49.866,-1.676,-1,400.000,-1,400.000,-1,325.000,325.000,300.000,275.000,-1,-1,-1,-1,775.000,850.000,-1,-1,2,0,2,0,2,0,0,0,0,2,2,2,2,0,0,2,2
131,-9002.804,-2964.994,-221.691,-192.227,-0.977224,-0.211766,-0.013751,0.211496,-0.977198,0.018808,-0.017420,0.015472,0.999729,0,0.83110,-0.83788,49.866,-1.676,-1,400.000,-1,400.000,-1,325.000,325.000,275.000,275.000,-1,-1,-1,-1,800.000,850.000,-1,-1,2,0,2,0,2,0,0,0,0,2,2,2,2,0,0,2,2
132,-9051.209,-2953.012,-222.854,-193.903,-0.970620,-0.240253,-0.013253,0.239986,-0.970590,0.019027,-0.017434,0.015287,0.999731,0,0.83110,-0.83788,49.866,-1.676,-1,400.000,-1,400.000,-1,325.000,325.000,275.000,275.000,-1,-1,-1,-1,825.000,850.000,-1,-1,2,0,2,0,2,0,0,0,0,2,2,2,2,0,0,2,2
133,-9099.243,-2939.620,-224.043,-195.579,-0.963183,-0.268534,-0.012941,0.268266,-0.963152,0.019292,-0.017644,0.015110,0.999730,0,0.83110,-0.83788,49.866,-1.676,-1,425.000,-1,425.000,-1,325.000,325.000,275.000,275.000,-1,-1,-1,-1,850.000,850.000,-1,-1,2,0,2,0,2,0,0,0,0,2,2,2,2,0,0,2,2
