timestep,x_cm,y_cm,z_cm,yaw_deg,basis_xx,basis_xy,basis_xz,basis_yx,basis_yy,basis_yz,basis_zx,basis_zy,basis_zz,teleport_flag,throttle_cmd,steering_cmd,cmd_move_cm,cmd_turn_deg,lidar_cm_0,lidar_cm_1,lidar_cm_2,lidar_cm_3,lidar_cm_4,lidar_cm_5,lidar_cm_6,lidar_cm_7,lidar_cm_8,lidar_cm_9,lidar_cm_10,lidar_cm_11,lidar_cm_12,lidar_cm_13,lidar_cm_14,lidar_cm_15,lidar_cm_16,lidar_class_0,lidar_class_1,lidar_class_2,lidar_class_3,lidar_class_4,lidar_class_5,lidar_class_6,lidar_class_7,lidar_class_8,lidar_class_9,lidar_class_10,lidar_class_11,lidar_class_12,lidar_class_13,lidar_class_14,lidar_class_15,lidar_class_16
0,-8195.776,8851.672,35.450,-45.419,0.702614,0.711506,0.009688,-0.710824,0.701186,0.055392,0.032619,-0.045806,0.998418,1,0.08000,-0.04883,4.800,-0.098,650.000,400.000,875.000,400.000,-1,325.000,325.000,325.000,300.000,-1,-1,-1,-1,525.000,800.000,575.000,-1,1,0,1,0,2,0,0,0,0,2,2,2,2,1,0,1,2
1,-8189.049,8844.823,35.813,-45.514,0.701428,0.712672,0.009870,-0.712003,0.700005,0.055189,0.032423,-0.045738,0.998427,0,0.16000,-0.04760,9.600,-0.095,650.000,400.000,850.000,400.000,-1,325.000,325.000,325.000,300.000,-1,-1,-1,-1,525.000,800.000,550.000,-1,1,0,1,0,2,0,0,0,0,2,2,2,2,1,0,1,2
2,-8178.974,8834.533,36.353,-45.605,0.700290,0.713787,0.010141,-0.713137,0.698872,0.054895,0.032096,-0.045674,0.998441,0,0.24000,-0.04557,14.400,-0.091,625.000,400.000,850.000,375.000,-1,325.000,325.000,325.000,300.000,-1,-1,-1,-1,525.000,800.000,525.000,-1,1,0,1,0,2,0,0,0,0,2,2,2,2,1,0,1,2
3,-8165.562,8820.795,37.039,-45.690,0.699224,0.714826,0.010516,-0.714198,0.697805,0.054679,0.031748,-0.045744,0.998449,0,0.32000,-0.04271,19.200,-0.085,575.000,400.000,825.000,375.000,-1,325.000,325.000,325.000,300.000,-1,-1,-1,-1,500.000,800.000,525.000,-1,1,0,1,0,2,0,0,0,0,2,2,2,2,1,0,1,2
4,-8148.821,8803.598,37.765,-45.768,0.698266,0.715754,0.011053,-0.715136,0.696812,0.055077,0.031720,-0.046362,0.998421,0,0.40000,-0.03896,24.000,-0.078,550.000,400.000,800.000,375.000,-1,325.000,325.000,325.000,300.000,-1,-1,-1,-1,500.000,800.000,500.000,-1,1,1,1,0,2,0,0,0,0,2,2,2,2,1,0,1,2
5,-8128.755,8782.938,38.643,-45.837,0.697426,0.716562,0.011682,-0.715957,0.695932,0.055540,0.031668,-0.047099,0.998388,0,0.48000,-0.03426,28.800,-0.069,500.000,375.000,775.000,400.000,-1,325.000,325.000,325.000,300.000,-1,-1,-1,-1,475.000,800.000,450.000,-1,1,1,1,0,2,0,0,0,0,2,2,2,2,1,0,1,2
6,-8105.370,8758.812,39.676,-45.894,0.696731,0.717225,0.012409,-0.716637,0.695189,0.056067,0.031586,-0.047956,0.998350,0,0.56000,-0.02853,33.600,-0.057,475.000,375.000,750.000,400.000,-1,325.000,325.000,325.000,300.000,-1,-1,-1,-1,450.000,800.000,425.000,-1,1,1,1,0,2,0,0,0,0,2,2,2,2,1,0,1,2
7,-8078.664,8731.219,40.869,-45.937,0.696210,0.717717,0.013227,-0.717148,0.694614,0.056654,0.031474,-0.048929,0.998306,0,0.64000,-0.02166,38.400,-0.043,425.000,350.000,700.000,400.000,-1,325.000,325.000,325.000,300.000,-1,-1,-1,-1,425.000,800.000,400.000,-1,1,1,1,0,2,0,0,0,0,2,2,2,2,1,0,1,2
8,-8048.635,8700.163,42.224,-45.964,0.695894,0.718006,0.014131,-0.717461,0.694238,0.057299,0.031330,-0.050012,0.998257,0,0.72000,-0.01352,43.200,-0.027,375.000,325.000,650.000,400.000,-1,325.000,325.000,325.000,300.000,-1,-1,-1,-1,400.000,825.000,350.000,-1,1,1,1,0,2,0,0,0,0,2,2,2,2,1,0,1,2
9,-8015.274,8665.651,43.746,-45.972,0.695820,0.718057,0.015114,-0.717540,0.694098,0.057997,0.031155,-0.051200,0.998202,0,0.80000,-0.00393,48.000,-0.008,300.000,300.000,600.000,400.000,-1,325.000,325.000,325.000,300.000,-1,-1,-1,-1,375.000,775.000,300.000,-1,1,1,1,0,2,1,0,0,0,2,2,2,2,1,1,1,2
10,-7978.567,8627.698,45.438,-45.957,0.696029,0.717832,0.016169,-0.717347,0.694235,0.058746,0.030945,-0.052488,0.998142,0,0.88000,0.00733,52.800,0.015,250.000,275.000,550.000,400.000,-1,300.000,325.000,325.000,300.000,-1,-1,-1,-1,325.000,725.000,250.000,-1,1,1,1,0,2,1,0,0,0,2,2,2,2,1,1,1,2
11,-7938.498,8586.319,49.250,-45.916,0.696427,0.717599,0.006397,-0.716667,0.695005,0.057936,0.037129,-0.044932,0.998300,0,0.96000,0.02051,57.600,0.041,225.000,250.000,525.000,425.000,-1,275.000,325.000,325.000,300.000,-1,-1,-1,-1,300.000,675.000,225.000,-1,1,1,1,0,2,1,0,0,0,2,2,2,2,1,1,1,2
12,-7896.705,8543.266,55.161,-45.844,0.696733,0.717175,-0.014930,-0.715590,0.696342,0.055122,0.049929,-0.027722,0.998368,0,1.00000,0.03598,60.000,0.072,200.000,225.000,475.000,450.000,-1,250.000,325.000,375.000,275.000,-1,-1,-1,-1,275.000,625.000,200.000,-1,1,1,1,0,2,1,1,0,0,2,2,2,2,1,1,1,2
13,-7854.828,8500.294,62.056,-45.737,0.696738,0.716134,-0.041323,-0.714293,0.697932,0.051731,0.065888,-0.006526,0.997806,0,1.00000,0.05344,60.000,0.107,175.000,225.000,450.000,425.000,-1,225.000,300.000,450.000,275.000,-1,350.000,175.000,-1,250.000,575.000,175.000,-1,1,1,1,1,2,1,1,0,0,2,0,0,2,1,1,1,2
14,-7812.835,8457.433,69.926,-45.593,0.696088,0.714258,-0.072779,-0.712912,0.699632,0.047656,0.084957,0.018712,0.996209,0,1.00000,0.07242,60.000,0.145,175.000,200.000,450.000,400.000,-1,200.000,300.000,550.000,275.000,-1,250.000,100.000,825.000,225.000,525.000,150.000,-1,1,1,1,1,2,1,1,0,0,2,0,0,0,1,1,1,2
15,-7770.692,8414.719,78.590,-45.406,0.694242,0.711251,-0.110226,-0.711667,0.701231,0.042478,0.107506,0.048954,0.992998,0,1.00000,0.09311,60.000,0.186,150.000,200.000,425.000,375.000,-1,200.000,275.000,675.000,250.000,-1,225.000,50.000,475.000,225.000,500.000,150.000,-1,1,1,1,1,2,1,1,0,0,2,0,0,0,1,1,1,2
16,-7728.358,8372.188,88.147,-45.175,0.690697,0.706763,-0.153046,-0.710809,0.702460,0.036062,0.132996,0.083879,0.987561,0,1.00000,0.11573,60.000,0.231,150.000,175.000,425.000,350.000,-1,200.000,250.000,900.000,225.000,-1,200.000,25.000,300.000,225.000,475.000,125.000,-1,1,1,1,1,2,1,1,1,0,2,0,0,0,1,1,1,2
17,-6231.394,-9511.182,336.464,-91.999,-0.006019,0.996644,0.081642,-0.933937,-0.034782,0.355742,0.357387,-0.074107,0.931011,1,0.00000,0.00000,60.000,0.281,-1,225.000,250.000,175.000,275.000,150.000,150.000,500.000,875.000,275.000,50.000,75.000,700.000,375.000,225.000,-1,225.000,2,1,1,1,1,1,1,0,1,0,0,0,0,1,1,2,1
18,-8199.105,4919.561,236.444,-27.061,0.882425,0.452737,0.127887,-0.461151,0.886195,0.044708,-0.093092,-0.098427,0.990781,1,0.00000,0.00000,4.800,-0.240,50.000,325.000,-1,400.000,-1,300.000,325.000,150.000,625.000,-1,-1,0.000,-1,400.000,700.000,100.000,-1,1,0,2,0,2,0,0,1,0,2,2,1,2,1,0,1,2
19,-6887.286,-2951.696,300.401,-40.075,0.765138,0.643667,0.016040,-0.642796,0.765065,-0.038586,-0.037108,0.019213,0.999127,1,0.00000,0.00000,4.800,-0.240,-1,400.000,-1,400.000,-1,325.000,325.000,300.000,300.000,-1,-1,-1,-1,725.000,800.000,-1,-1,2,0,2,0,2,0,0,0,0,2,2,2,2,0,0,2,2
20,-6883.601,-2954.770,300.245,-39.835,0.767826,0.640455,0.016172,-0.639579,0.767752,-0.038670,-0.037182,0.019348,0.999121,0,0.08000,0.12000,4.800,0.240,-1,400.000,-1,400.000,-1,325.000,325.000,300.000,300.000,-1,-1,-1,-1,725.000,800.000,-1,-1,2,0,2,0,2,0,0,0,0,2,2,2,2,0,0,2,2
21,-6876.184,-2960.866,299.933,-39.420,0.772437,0.634879,0.016428,-0.633992,0.772363,-0.038841,-0.037348,0.019587,0.999110,0,0.16000,0.20732,9.600,0.415,-1,400.000,-1,400.000,-1,325.000,325.000,300.000,300.000,-1,-1,-1,-1,725.000,800.000,-1,-1,2,0,2,0,2,0,0,0,0,2,2,2,2,0,0,2,2
22,-6864.994,-2969.929,299.434,-39.003,0.777036,0.629236,0.016672,-0.628334,0.776959,-0.039143,-0.037584,0.019940,0.999095,0,0.24000,0.20852,14.400,0.417,-1,400.000,-1,400.000,-1,325.000,325.000,300.000,300.000,-1,-1,-1,-1,725.000,800.000,-1,-1,2,0,2,0,2,0,0,0,0,2,2,2,2,0,0,2,2
23,-6849.985,-2981.903,298.746,-38.582,0.781634,0.623508,0.016892,-0.622586,0.781550,-0.039572,-0.037875,0.020414,0.999074,0,0.32000,0.21034,19.200,0.421,-1,400.000,-1,400.000,-1,325.000,325.000,300.000,300.000,-1,-1,-1,-1,725.000,800.000,-1,-1,2,0,2,0,2,0,0,0,0,2,2,2,2,0,0,2,2
24,-6831.113,-2996.730,297.883,-38.157,0.786243,0.617679,0.017157,-0.616732,0.786151,-0.040103,-0.038259,0.020950,0.999048,0,0.40000,0.21279,24.000,0.426,-1,400.000,-1,400.000,-1,325.000,325.000,300.000,300.000,-1,-1,-1,-1,700.000,800.000,-1,-1,2,0,2,0,2,0,0,0,0,2,2,2,2,0,0,2,2
25,-6808.333,-3014.352,296.840,-37.725,0.790875,0.611729,0.017458,-0.610752,0.790774,-0.040729,-0.038720,0.021549,0.999018,0,0.48000,0.21589,28.800,0.432,-1,400.000,-1,400.000,-1,325.000,325.000,300.000,300.000,-1,-1,-1,-1,700.000,775.000,-1,-1,2,0,2,0,2,0,0,0,0,2,2,2,2,0,0,2,2
26,-6781.600,-3034.707,295.580,-37.286,0.795539,0.605642,0.017778,-0.604638,0.795431,-0.041260,-0.039130,0.022075,0.998990,0,0.56000,0.21964,33.600,0.439,-1,375.000,-1,400.000,-1,325.000,325.000,300.000,300.000,-1,-1,-1,-1,700.000,775.000,-1,-1,2,0,2,0,2,0,0,0,0,2,2,2,2,0,0,2,2
27,-6750.867,-3057.729,294.105,-36.838,0.800249,0.599395,0.018101,-0.598366,0.800135,-0.041727,-0.039494,0.022561,0.998965,0,0.64000,0.22408,38.400,0.448,-1,375.000,-1,400.000,-1,325.000,325.000,300.000,300.000,-1,-1,-1,-1,700.000,750.000,-1,-1,2,0,2,0,2,0,0,0,0,2,2,2,2,0,0,2,2
28,-6717.361,-3082.640,292.482,-36.629,0.802417,0.596479,0.018406,-0.595424,0.802301,-0.042225,-0.039954,0.022922,0.998939,0,0.69587,0.10408,41.752,0.208,-1,375.000,-1,400.000,-1,325.000,325.000,300.000,300.000,-1,-1,-1,-1,675.000,750.000,-1,-1,2,0,2,0,2,0,0,0,0,2,2,2,2,0,0,2,2
29,-6683.688,-3107.703,290.828,-36.661,0.802082,0.596922,0.018666,-0.595841,0.801965,-0.042715,-0.040467,0.023139,0.998913,0,0.69960,-0.01592,41.976,-0.032,-1,375.000,-1,400.000,-1,325.000,325.000,300.000,300.000,-1,-1,-1,-1,675.000,725.000,-1,-1,2,0,2,0,2,0,0,0,0,2,2,2,2,0,0,2,2
30,-6649.256,-3133.587,289.128,-36.933,0.799241,0.600718,0.018758,-0.599613,0.799121,-0.043241,-0.040965,0.023312,0.998889,0,0.71792,-0.13592,43.075,-0.272,-1,375.000,-1,400.000,-1,325.000,325.000,300.000,300.000,-1,-1,-1,-1,675.000,725.000,-1,-1,2,0,2,0,2,0,0,0,0,2,2,2,2,0,0,2,2
31,-6614.789,-3159.982,287.575,-37.445,0.793874,0.607821,0.017829,-0.606706,0.793708,-0.044000,-0.040895,0.024114,0.998872,0,0.72355,-0.25592,43.413,-0.512,-1,375.000,-1,400.000,-1,300.000,325.000,300.000,300.000,-1,-1,-1,-1,650.000,725.000,-1,-1,2,0,2,0,2,0,0,0,0,2,2,2,2,0,0,2,2
32,-6580.404,-3187.036,285.989,-38.197,0.785863,0.618173,0.016763,-0.617051,0.785650,-0.044741,-0.040828,0.024816,0.998858,0,0.72921,-0.37592,43.752,-0.752,-1,375.000,-1,400.000,-1,300.000,325.000,300.000,300.000,-1,-1,-1,-1,650.000,725.000,-1,-1,2,0,2,0,2,0,0,0,0,2,2,2,2,0,0,2,2
33,-6546.229,-3214.897,284.366,-39.189,0.775081,0.631671,0.015555,-0.630546,0.774820,-0.045450,-0.040761,0.025419,0.998846,0,0.73487,-0.49592,44.092,-0.992,-1,375.000,-1,400.000,-1,300.000,325.000,300.000,300.000,-1,-1,-1,-1,650.000,725.000,-1,-1,2,0,2,0,2,0,0,0,0,2,2,2,2,0,0,2,2
34,-6512.385,-3243.686,282.691,-40.385,0.761765,0.647698,0.014197,-0.646574,0.761454,-0.046162,-0.040709,0.025986,0.998833,0,0.74054,-0.59808,44.432,-1.196,-1,375.000,-1,400.000,-1,300.000,325.000,300.000,300.000,-1,-1,-1,-1,650.000,700.000,-1,-1,2,0,2,0,2,0,0,0,0,2,2,2,2,0,0,2,2
35,-6478.894,-3273.396,280.987,-41.578,0.748157,0.663400,0.012716,-0.662282,0.747793,-0.046781,-0.040543,0.026578,0.998824,0,0.74616,-0.59645,44.770,-1.193,-1,375.000,-1,375.000,-1,300.000,325.000,300.000,300.000,-1,-1,-1,-1,650.000,700.000,-1,-1,2,0,2,0,2,0,0,0,0,2,2,2,2,0,0,2,2
36,-6445.782,-3304.023,279.277,-42.767,0.734270,0.678764,0.011215,-0.677658,0.733855,-0.047282,-0.040324,0.027117,0.998819,0,0.75175,-0.59451,45.105,-1.189,-1,375.000,-1,375.000,-1,300.000,325.000,300.000,300.000,-1,-1,-1,-1,650.000,700.000,-1,-1,2,0,2,0,2,0,0,0,0,2,2,2,2,1,0,2,2
37,-6413.071,-3335.558,277.542,-43.951,0.720124,0.693779,0.009622,-0.692692,0.719656,-0.047673,-0.039999,0.027666,0.998817,0,0.75727,-0.59224,45.436,-1.184,-1,375.000,-1,375.000,-1,300.000,300.000,300.000,300.000,-1,-1,-1,-1,650.000,700.000,950.000,-1,2,0,2,0,2,0,0,0,0,2,2,2,2,1,0,1,2
38,-6380.785,-3367.990,275.784,-45.130,0.705734,0.708432,0.007941,-0.707371,0.705214,-0.047948,-0.039568,0.028222,0.998818,0,0.76271,-0.58964,45.763,-1.179,-1,375.000,-1,375.000,-1,300.000,300.000,300.000,300.000,-1,-1,-1,-1,650.000,700.000,900.000,-1,2,0,2,0,2,0,0,0,0,2,2,2,2,1,0,1,2
39,-6348.949,-3401.309,273.962,-46.304,0.691117,0.722716,0.006207,-0.721696,0.690552,-0.047894,-0.038900,0.028620,0.998833,0,0.76805,-0.58668,46.083,-1.173,-1,375.000,-1,375.000,-1,300.000,300.000,300.000,300.000,-1,-1,-1,-1,625.000,700.000,850.000,-1,2,0,2,0,2,0,0,0,0,2,2,2,2,1,0,1,2
40,-6317.588,-3435.498,272.124,-47.470,0.676295,0.736618,0.004403,-0.735643,0.675685,-0.047740,-0.038141,0.029047,0.998850,0,0.77325,-0.58334,46.395,-1.167,975.000,375.000,-1,375.000,-1,300.000,300.000,300.000,300.000,-1,-1,-1,-1,625.000,700.000,800.000,-1,1,0,2,0,2,0,0,0,0,2,2,2,2,1,0,1,2
41,-6286.724,-3470.543,270.271,-48.630,0.661289,0.750127,0.002533,-0.749204,0.660635,-0.047490,-0.037298,0.029507,0.998868,0,0.77829,-0.57962,46.698,-1.159,875.000,375.000,-1,375.000,-1,300.000,300.000,300.000,300.000,-1,-1,-1,-1,600.000,700.000,775.000,-1,1,0,2,0,2,0,0,0,0,2,2,2,2,1,0,1,2
42,-6256.383,-3506.422,268.404,-49.781,0.646121,0.763235,0.000603,-0.762368,0.645424,-0.047142,-0.036370,0.030000,0.998888,0,0.78314,-0.57549,46.988,-1.151,825.000,375.000,-1,375.000,-1,300.000,300.000,300.000,300.000,-1,-1,-1,-1,600.000,700.000,725.000,-1,1,0,2,0,2,0,0,0,0,2,2,2,2,1,0,1,2
43,-6226.588,-3543.114,266.806,-50.923,0.630798,0.775946,-0.001178,-0.775157,0.630087,-0.046074,-0.035009,0.029977,0.998937,0,0.78776,-0.57094,47.266,-1.142,750.000,375.000,-1,375.000,-1,300.000,300.000,300.000,300.000,-1,-1,-1,-1,600.000,725.000,700.000,-1,1,0,2,0,2,0,0,0,0,2,2,2,2,1,0,1,2
44,-6197.363,-3580.593,265.361,-52.054,0.615374,0.788229,-0.003029,-0.787496,0.614627,-0.045644,-0.034116,0.030474,0.998953,0,0.79211,-0.56594,47.527,-1.132,700.000,375.000,-1,375.000,-1,300.000,300.000,300.000,300.000,-1,-1,-1,-1,575.000,725.000,650.000,-1,1,0,2,0,2,0,0,0,0,2,2,2,2,1,0,1,2
45,-6168.731,-3618.831,263.914,-53.175,0.599862,0.800088,-0.004921,-0.799413,0.599078,-0.045211,-0.033225,0.031055,0.998965,0,0.79616,-0.56047,47.769,-1.121,650.000,375.000,-1,375.000,-1,300.000,300.000,300.000,300.000,-1,-1,-1,-1,575.000,725.000,625.000,-1,1,0,2,0,2,0,0,0,0,2,2,2,2,1,0,1,2
46,-6140.716,-3657.796,262.465,-54.284,0.584289,0.811516,-0.006854,-0.810901,0.583468,-0.044775,-0.032337,0.031720,0.998974,0,0.79984,-0.55452,47.991,-1.109,600.000,375.000,-1,375.000,-1,300.000,300.000,300.000,300.000,-1,-1,750.000,-1,550.000,725.000,575.000,-1,1,0,2,0,2,0,0,0,0,2,2,0,2,1,0,1,2
47,-6110.552,-3701.120,260.899,-55.153,0.571938,0.820248,-0.008975,-0.819706,0.571075,-0.044225,-0.031150,0.032650,0.998981,0,0.87984,-0.43452,52.791,-0.869,550.000,375.000,-1,375.000,-1,300.000,300.000,300.000,300.000,-1,-1,650.000,-1,525.000,750.000,550.000,-1,1,1,2,0,2,0,0,0,0,2,2,0,2,1,0,1,2
48,-6078.222,-3748.661,259.225,-55.783,0.562919,0.826434,-0.011343,-0.825980,0.562012,-0.043571,-0.029633,0.033896,0.998986,0,0.95820,-0.31452,57.492,-0.629,500.000,375.000,-1,400.000,-1,300.000,300.000,300.000,300.000,-1,900.000,600.000,-1,525.000,750.000,500.000,-1,1,1,2,0,2,0,0,0,0,2,0,0,2,1,0,1,2
49,-6046.099,-3796.592,257.578,-56.172,0.557311,0.830189,-0.013820,-0.829834,0.556359,-0.042883,-0.027912,0.035367,0.998985,0,0.96167,-0.19452,57.700,-0.389,450.000,350.000,-1,400.000,-1,300.000,325.000,300.000,300.000,-1,775.000,575.000,-1,500.000,750.000,450.000,-1,1,1,2,0,2,0,0,0,0,2,0,0,2,1,0,1,2
50,-6013.996,-3844.766,255.989,-56.321,0.555158,0.831585,-0.016308,-0.831337,0.554166,-0.042178,-0.026038,0.036973,0.998977,0,0.96485,-0.07452,57.891,-0.149,400.000,350.000,-1,400.000,-1,300.000,325.000,300.000,300.000,-1,725.000,550.000,-1,500.000,750.000,425.000,-1,1,1,2,0,2,0,0,0,0,2,0,0,2,1,0,1,2
51,-5981.841,-3893.115,254.404,-56.375,0.554375,0.832052,-0.018904,-0.831913,0.553335,-0.041726,-0.024258,0.038859,0.998950,0,0.96775,-0.02725,58.065,-0.054,375.000,325.000,-1,400.000,-1,300.000,325.000,300.000,300.000,-1,700.000,550.000,-1,475.000,750.000,375.000,-1,1,1,2,0,2,0,0,1,0,2,0,0,2,1,0,1,2
52,-5949.636,-3941.606,253.908,-56.413,0.553818,0.832195,-0.027131,-0.832419,0.552633,-0.040927,-0.019066,0.045251,0.998794,0,0.97019,-0.01903,58.211,-0.038,350.000,325.000,-1,400.000,-1,300.000,325.000,325.000,300.000,-1,625.000,475.000,-1,475.000,775.000,350.000,-1,1,1,2,0,2,1,0,1,0,2,0,0,2,1,0,1,2
53,-5917.388,-3990.195,253.751,-56.434,0.553429,0.832077,-0.036927,-0.832796,0.552129,-0.040056,-0.012941,0.052920,0.998515,0,0.97196,-0.01017,58.318,-0.020,325.000,325.000,-1,400.000,-1,300.000,325.000,325.000,300.000,-1,550.000,400.000,-1,475.000,825.000,350.000,-1,1,1,2,0,2,1,0,1,0,2,0,0,2,1,0,1,2
54,-5885.106,-4038.835,253.873,-56.435,0.553186,0.831674,-0.048005,-0.833036,0.551836,-0.039088,-0.006018,0.061613,0.998082,0,0.97297,-0.00062,58.378,-0.001,325.000,325.000,-1,425.000,-1,300.000,350.000,325.000,300.000,-1,500.000,350.000,1000.000,475.000,850.000,350.000,-1,1,1,2,0,2,1,0,1,0,2,0,0,0,1,1,1,2
55,-5852.800,-4087.471,254.258,-56.415,0.553063,0.830952,-0.060329,-0.833138,0.551762,-0.037954,0.001750,0.071253,0.997457,0,0.97312,0.00968,58.387,0.019,300.000,325.000,-1,425.000,-1,300.000,350.000,325.000,300.000,-1,425.000,300.000,875.000,500.000,875.000,375.000,-1,1,1,2,0,2,1,1,1,0,2,0,0,0,1,1,1,2
56,-5820.486,-4136.040,255.268,-56.374,0.553121,0.829954,-0.072346,-0.833049,0.551966,-0.036917,0.009293,0.080687,0.996696,0,0.97228,0.02077,58.337,0.042,325.000,325.000,-1,450.000,-1,300.000,350.000,325.000,300.000,-1,375.000,225.000,775.000,500.000,925.000,400.000,-1,1,1,2,0,2,1,1,1,0,2,0,0,0,1,1,1,2
57,-5788.183,-4184.476,255.846,-56.309,0.553553,0.828814,-0.081531,-0.832678,0.552572,-0.036205,0.015044,0.087931,0.996013,0,0.97033,0.03268,58.220,0.065,350.000,325.000,-1,450.000,-1,300.000,350.000,325.000,275.000,-1,350.000,200.000,725.000,500.000,975.000,425.000,-1,1,1,2,1,2,1,1,1,0,2,0,0,0,1,1,1,2
58,-5755.909,-4232.701,256.368,-56.218,0.554309,0.827417,-0.090123,-0.832061,0.553539,-0.035631,0.020405,0.094738,0.995293,0,0.96714,0.04543,58.029,0.091,350.000,325.000,-1,450.000,-1,300.000,350.000,325.000,275.000,-1,325.000,175.000,675.000,500.000,-1,425.000,-1,1,1,2,1,2,1,1,1,0,2,0,0,0,1,2,1,2
59,-5723.687,-4280.634,256.934,-56.100,0.555389,0.825721,-0.098632,-0.831194,0.554870,-0.035160,0.025695,0.101509,0.994503,0,0.96261,0.05903,57.757,0.118,350.000,325.000,-1,450.000,-1,300.000,325.000,325.000,275.000,-1,300.000,150.000,625.000,525.000,-1,425.000,-1,1,1,2,1,2,1,1,1,0,2,0,0,0,1,2,1,2
60,-5691.542,-4328.187,257.546,-55.953,0.556818,0.823707,-0.107052,-0.830059,0.556588,-0.034805,0.030914,0.108240,0.993644,0,0.95664,0.07345,57.398,0.147,350.000,325.000,-1,450.000,-1,300.000,325.000,300.000,275.000,-1,300.000,125.000,600.000,525.000,-1,450.000,-1,1,1,2,1,2,1,1,1,0,2,0,0,0,1,2,1,2
61,-5659.502,-4375.269,258.204,-55.775,0.558618,0.821361,-0.115379,-0.828641,0.558712,-0.034579,0.036061,0.114924,0.992719,0,0.94915,0.08863,56.949,0.177,375.000,325.000,-1,450.000,-1,300.000,325.000,275.000,275.000,-1,275.000,100.000,550.000,525.000,-1,450.000,-1,1,1,2,1,2,1,1,1,0,2,0,0,0,1,2,1,2
62,-5627.595,-4421.787,258.861,-55.566,0.560785,0.818649,-0.123827,-0.826932,0.561244,-0.034476,0.041273,0.121730,0.991705,0,0.94015,0.10446,56.409,0.209,375.000,325.000,-1,475.000,-1,300.000,325.000,275.000,275.000,-1,275.000,100.000,525.000,550.000,-1,475.000,-1,1,1,2,1,2,1,1,1,0,2,0,0,0,1,2,1,2
63,-5595.846,-4467.652,260.208,-55.325,0.563531,0.815285,-0.133207,-0.824906,0.564006,-0.037792,0.044318,0.131181,0.990367,0,0.92969,0.12080,55.781,0.242,-1,325.000,-1,475.000,-1,275.000,325.000,250.000,250.000,-1,300.000,100.000,500.000,750.000,-1,-1,-1,2,1,2,1,2,1,1,1,0,2,0,0,0,1,2,2,2
64,6887.289,7543.220,-85.733,-51.576,0.621208,0.783424,-0.018632,-0.783233,0.621477,0.017688,0.025437,0.003605,0.999670,1,0.00000,0.00000,55.074,0.260,-1,400.000,-1,375.000,-1,325.000,325.000,150.000,300.000,-1,825.000,775.000,-1,750.000,725.000,-1,-1,2,0,2,0,2,0,0,1,0,2,0,0,2,0,0,2,2
65,6890.288,7539.472,-85.515,-51.336,0.624482,0.780813,-0.018803,-0.780630,0.624753,0.017339,0.025286,0.003850,0.999673,0,0.08000,0.12000,4.800,0.240,-1,400.000,-1,375.000,-1,325.000,325.000,150.000,300.000,-1,850.000,775.000,-1,750.000,725.000,-1,-1,2,0,2,0,2,0,0,1,0,2,0,0,2,0,0,2,2
66,6896.348,7532.027,-85.079,-50.856,0.630996,0.775550,-0.019136,-0.775384,0.631271,0.016634,0.024980,0.004341,0.999679,0,0.16000,0.24000,9.600,0.480,-1,400.000,-1,375.000,-1,325.000,325.000,150.000,300.000,-1,875.000,800.000,-1,750.000,725.000,-1,-1,2,0,2,0,2,0,0,1,0,2,0,0,2,0,0,2,2
67,6905.578,7520.974,-84.429,-50.136,0.640684,0.767554,-0.019614,-0.767413,0.640964,0.015569,0.024522,0.005077,0.999686,0,0.24000,0.36000,14.400,0.720,-1,400.000,-1,375.000,-1,325.000,325.000,150.000,300.000,-1,900.000,825.000,-1,750.000,725.000,-1,-1,2,0,2,0,2,0,0,1,0,2,0,0,2,0,0,2,2
68,6918.130,7506.445,-83.574,-49.176,0.653446,0.756703,-0.020209,-0.756595,0.653731,0.014145,0.023915,0.006047,0.999696,0,0.32000,0.48000,19.200,0.960,-1,400.000,-1,375.000,-1,325.000,325.000,150.000,275.000,-1,925.000,850.000,-1,750.000,700.000,-1,-1,2,0,2,0,2,0,0,1,0,2,0,0,2,0,0,2,2
69,6934.197,7488.617,-82.525,-47.976,0.669143,0.742841,-0.020883,-0.742773,0.669429,0.012381,0.023177,0.007226,0.999705,0,0.40000,0.60000,24.000,1.200,-1,400.000,-1,375.000,-1,325.000,325.000,175.000,275.000,-1,975.000,900.000,-1,750.000,700.000,-1,-1,2,0,2,0,2,0,0,1,0,2,0,0,2,0,0,2,2
70,6954.009,7467.714,-81.252,-46.536,0.687599,0.725777,-0.021348,-0.725751,0.687879,0.010337,0.022187,0.008385,0.999719,0,0.48000,0.72000,28.800,1.440,-1,400.000,-1,375.000,-1,325.000,325.000,175.000,275.000,-1,-1,950.000,-1,750.000,700.000,-1,-1,2,0,2,0,2,0,0,1,0,2,2,0,2,0,0,2,2
71,6977.827,7444.015,-79.731,-44.856,0.708596,0.705292,-0.021322,-0.705306,0.708856,0.008135,0.020852,0.009274,0.999740,0,0.56000,0.84000,33.600,1.680,-1,400.000,-1,375.000,-1,325.000,325.000,175.000,275.000,-1,-1,-1,-1,750.000,700.000,-1,-1,2,0,2,0,2,0,0,1,0,2,2,2,2,0,0,2,2
72,7005.867,7417.779,-78.032,-43.096,0.729938,0.683183,-0.021240,-0.683240,0.730173,0.005589,0.019327,0.010432,0.999759,0,0.64000,0.87991,38.400,1.760,-1,400.000,-1,375.000,-1,325.000,325.000,175.000,275.000,-1,-1,-1,-1,750.000,700.000,-1,-1,2,0,2,0,2,0,0,1,0,2,2,2,2,0,0,2,2
73,7038.302,7389.245,-76.201,-41.340,0.750545,0.660483,-0.021095,-0.660582,0.750749,0.002857,0.017724,0.011791,0.999773,0,0.72000,0.87780,43.200,1.756,-1,400.000,-1,375.000,-1,325.000,300.000,175.000,275.000,-1,-1,-1,-1,725.000,675.000,-1,-1,2,0,2,0,2,0,0,1,0,2,2,2,2,0,0,2,2
74,7075.039,7358.865,-74.348,-39.590,0.770389,0.637232,-0.020870,-0.637365,0.770562,0.000388,0.016329,0.013003,0.999782,0,0.79452,0.87522,47.671,1.750,-1,400.000,-1,375.000,-1,325.000,300.000,200.000,275.000,-1,-1,-1,-1,725.000,675.000,-1,-1,2,0,2,0,2,0,0,1,0,2,2,2,2,0,0,2,2
75,7112.375,7329.856,-72.767,-37.846,0.789441,0.613482,-0.020563,-0.613628,0.789595,-0.001031,0.015605,0.013432,0.999788,0,0.78802,0.87203,47.281,1.744,-1,400.000,-1,375.000,-1,325.000,300.000,200.000,275.000,-1,-1,-1,-1,725.000,675.000,-1,-1,2,0,2,0,2,0,0,1,0,2,2,2,2,0,0,2,2
76,7150.282,7302.206,-71.443,-36.109,0.807682,0.589268,-0.020335,-0.589412,0.807831,-0.001415,0.015594,0.013129,0.999792,0,0.78199,0.86851,46.919,1.737,-1,400.000,-1,375.000,-1,325.000,300.000,200.000,275.000,-1,-1,-1,-1,725.000,650.000,-1,-1,2,0,2,0,2,0,0,1,0,2,2,2,2,0,0,2,2
77,7188.728,7275.901,-70.379,-34.379,0.825097,0.564628,-0.020255,-0.564756,0.825257,-0.000773,0.016279,0.012077,0.999795,0,0.77641,0.86468,46.585,1.729,-1,400.000,-1,375.000,-1,325.000,300.000,225.000,275.000,-1,-1,-1,-1,725.000,650.000,-1,-1,2,0,2,0,2,0,0,1,0,2,2,2,2,0,0,2,2
78,7227.689,7250.928,-69.509,-32.658,0.841674,0.539599,-0.020429,-0.539691,0.841863,0.001191,0.017841,0.010023,0.999791,0,0.77128,0.86055,46.277,1.721,-1,400.000,-1,375.000,-1,325.000,300.000,225.000,275.000,-1,-1,-1,-1,725.000,675.000,-1,-1,2,0,2,0,2,0,0,1,0,2,2,2,2,0,0,2,2
79,7267.137,7227.276,-68.883,-30.946,0.857406,0.514215,-0.020938,-0.514248,0.857631,0.004180,0.020107,0.007183,0.999772,0,0.76659,0.85615,45.995,1.712,-1,400.000,-1,375.000,-1,325.000,325.000,225.000,275.000,-1,-1,-1,-1,725.000,675.000,-1,-1,2,0,2,0,2,0,0,1,0,2,2,2,2,0,0,2,2
80,7307.047,7204.931,-68.400,-29.243,0.872295,0.488511,-0.021403,-0.488451,0.872552,0.008289,0.022725,0.003224,0.999737,0,0.76233,0.85149,45.740,1.703,-1,400.000,-1,375.000,-1,325.000,325.000,250.000,275.000,-1,-1,-1,-1,750.000,675.000,-1,-1,2,0,2,0,2,0,0,1,0,2,2,2,2,0,0,2,2
81,7347.396,7183.882,-68.058,-27.550,0.886339,0.462517,-0.021930,-0.462324,0.886608,0.013498,0.025686,-0.001825,0.999668,0,0.75848,0.84659,45.509,1.693,-1,400.000,-1,375.000,-1,325.000,325.000,250.000,300.000,-1,-1,-1,-1,750.000,700.000,-1,-1,2,0,2,0,2,0,0,1,0,2,2,2,2,0,0,2,2
82,7388.159,7164.117,-67.878,-25.867,0.899520,0.436267,-0.023137,-0.435882,0.899783,0.019933,0.029514,-0.007846,0.999534,0,0.75503,0.84146,45.302,1.683,-1,400.000,-1,400.000,-1,325.000,325.000,250.000,300.000,-1,-1,1000.000,-1,750.000,725.000,-1,-1,2,0,2,0,2,0,0,1,0,2,2,0,2,0,0,2,2
83,7427.542,7146.233,-66.643,-24.424,0.910218,0.413466,-0.023434,-0.413041,0.910471,0.020977,0.030010,-0.009415,0.999505,0,0.72089,0.72146,43.253,1.443,-1,400.000,-1,400.000,-1,325.000,325.000,250.000,300.000,-1,-1,1000.000,-1,750.000,725.000,-1,-1,2,0,2,0,2,0,0,1,0,2,2,0,2,0,0,2,2
84,7467.098,7129.262,-65.240,-23.221,0.918697,0.394259,-0.023564,-0.393827,0.918945,0.020986,0.029929,-0.010000,0.999502,0,0.71739,0.60146,43.043,1.203,-1,400.000,-1,400.000,-1,325.000,325.000,275.000,300.000,525.000,-1,-1,-1,750.000,725.000,-1,-1,2,0,2,0,2,0,0,1,0,1,2,2,2,0,0,2,2
85,7506.755,7113.212,-63.874,-22.035,0.926661,0.375147,-0.023755,-0.374708,0.926906,0.020985,0.029891,-0.010545,0.999498,0,0.71302,0.59316,42.781,1.186,-1,400.000,-1,400.000,-1,325.000,325.000,275.000,300.000,500.000,-1,-1,-1,750.000,725.000,-1,-1,2,0,2,0,2,0,0,1,0,1,2,2,2,0,0,2,2
86,7546.511,7098.062,-62.544,-20.860,0.934152,0.356067,-0.024003,-0.355621,0.934395,0.020968,0.029894,-0.011051,0.999492,0,0.70908,0.58723,42.545,1.174,-1,400.000,-1,400.000,-1,325.000,325.000,275.000,300.000,500.000,-1,-1,-1,750.000,725.000,-1,-1,2,0,2,0,2,0,0,1,0,1,2,2,2,0,0,2,2
87,7586.368,7083.792,-61.246,-19.698,0.941176,0.337041,-0.024304,-0.336588,0.941419,0.020932,0.029936,-0.011520,0.999485,0,0.70559,0.58106,42.335,1.162,-1,400.000,-1,400.000,-1,325.000,325.000,275.000,300.000,500.000,-1,-1,-1,750.000,700.000,-1,-1,2,0,2,0,2,0,0,1,0,1,2,2,2,0,0,2,2
88,7626.330,7070.384,-59.982,-18.549,0.947740,0.318089,-0.024656,-0.317628,0.947986,0.020872,0.030012,-0.011950,0.999478,0,0.70252,0.57466,42.151,1.149,-1,400.000,-1,400.000,-1,325.000,325.000,275.000,300.000,500.000,-1,-1,-1,750.000,700.000,-1,-1,2,0,2,0,2,0,0,1,0,1,2,2,2,0,0,2,2
89,7666.398,7057.817,-58.748,-17.413,0.953852,0.299229,-0.025053,-0.298762,0.954101,0.020786,0.030123,-0.012342,0.999470,0,0.69987,0.56803,41.992,1.136,-1,400.000,-1,400.000,-1,325.000,325.000,300.000,300.000,500.000,-1,-1,-1,750.000,700.000,-1,-1,2,0,2,0,2,0,0,1,0,1,2,2,2,0,0,2,2
90,7706.574,7046.077,-57.545,-16.290,0.959521,0.280482,-0.025492,-0.280007,0.959775,0.020670,0.030264,-0.012695,0.999461,0,0.69760,0.56118,41.856,1.122,-1,400.000,-1,375.000,-1,325.000,325.000,300.000,300.000,500.000,-1,-1,-1,750.000,700.000,-1,-1,2,0,2,0,2,0,0,1,0,1,2,2,2,0,0,2,2
91,7746.860,7035.145,-56.353,-15.182,0.964757,0.261865,-0.025901,-0.261383,0.965016,0.020570,0.030381,-0.013075,0.999453,0,0.69571,0.55413,41.743,1.108,-1,400.000,-1,375.000,-1,325.000,325.000,300.000,300.000,500.000,-1,-1,-1,750.000,700.000,-1,-1,2,0,2,0,2,0,0,1,0,1,2,2,2,0,0,2,2
92,7787.257,7025.006,-55.139,-14.088,0.969574,0.243395,-0.026163,-0.242904,0.969832,0.020578,0.030382,-0.013597,0.999446,0,0.69417,0.54687,41.650,1.094,-1,400.000,-1,375.000,-1,325.000,325.000,300.000,300.000,525.000,-1,-1,-1,750.000,700.000,-1,-1,2,0,2,0,2,0,0,1,0,1,2,2,2,0,0,2,2
93,7827.768,7015.647,-53.933,-13.009,0.973979,0.225090,-0.026459,-0.224593,0.974237,0.020483,0.030388,-0.014007,0.999440,0,0.69297,0.53943,41.578,1.079,-1,400.000,-1,375.000,-1,325.000,325.000,300.000,300.000,525.000,-1,-1,-1,750.000,700.000,-1,-1,2,0,2,0,2,0,0,1,0,1,2,2,2,0,0,2,2
94,7868.394,7007.052,-52.712,-11.946,0.977978,0.206967,-0.026920,-0.206467,0.978245,0.020224,0.030520,-0.014220,0.999433,0,0.69208,0.53179,41.525,1.064,-1,400.000,-1,375.000,-1,325.000,325.000,300.000,300.000,550.000,-1,-1,-1,750.000,700.000,-1,-1,2,0,2,0,2,0,0,0,0,1,2,2,2,0,0,2,2
95,7909.136,6999.208,-51.498,-10.898,0.981588,0.189040,-0.027347,-0.188537,0.981863,0.019954,0.030624,-0.014431,0.999427,0,0.69150,0.52398,41.490,1.048,-1,400.000,-1,375.000,-1,325.000,325.000,300.000,300.000,550.000,-1,-1,-1,750.000,700.000,-1,-1,2,0,2,0,2,0,0,0,0,1,2,2,2,0,0,2,2
96,7949.995,6992.102,-50.095,-9.866,0.984826,0.171323,-0.027680,-0.170797,0.985095,0.020401,0.030763,-0.015363,0.999409,0,0.69122,0.51598,41.473,1.032,-1,400.000,-1,375.000,-1,325.000,325.000,300.000,300.000,575.000,-1,-1,-1,750.000,700.000,-1,-1,2,0,2,0,2,0,0,0,0,1,2,2,2,0,0,2,2
97,7990.974,6985.721,-48.644,-8.850,0.987695,0.153833,-0.028180,-0.153272,0.987959,0.021084,0.031084,-0.016505,0.999380,0,0.69121,0.50782,41.473,1.016,-1,400.000,-1,375.000,-1,325.000,325.000,300.000,300.000,575.000,-1,-1,-1,750.000,700.000,-1,-1,2,0,2,0,2,0,0,0,0,1,2,2,2,0,0,2,2
98,8032.073,6980.054,-47.207,-7.851,0.990213,0.136583,-0.028701,-0.135988,0.990472,0.021732,0.031396,-0.017617,0.999352,0,0.69147,0.49948,41.488,0.999,-1,400.000,-1,375.000,-1,325.000,325.000,300.000,300.000,575.000,-1,-1,-1,750.000,700.000,-1,-1,2,0,2,0,2,0,0,0,0,1,2,2,2,0,0,2,2
99,8073.294,6975.088,-45.786,-6.869,0.992393,0.119586,-0.029240,-0.118958,0.992648,0.022346,0.031697,-0.018697,0.999323,0,0.69198,0.49097,41.519,0.982,-1,400.000,-1,375.000,-1,325.000,325.000,300.000,300.000,600.000,-1,-1,-1,750.000,700.000,-1,-1,2,0,2,0,2,0,0,0,0,1,2,2,2,0,0,2,2
100,8114.639,6970.812,-44.380,-5.905,0.994250,0.102856,-0.029794,-0.102195,0.994500,0.022923,0.031988,-0.019747,0.999293,0,0.69274,0.48229,41.565,0.965,-1,400.000,-1,375.000,-1,325.000,325.000,300.000,300.000,600.000,-1,-1,-1,775.000,700.000,-1,-1,2,0,2,0,2,0,0,0,0,1,2,2,2,0,0,2,2
101,8156.107,6967.215,-42.990,-4.958,0.995797,0.086406,-0.030360,-0.085712,0.996044,0.023466,0.032268,-0.020765,0.999264,0,0.69374,0.47345,41.624,0.947,-1,400.000,-1,375.000,-1,325.000,325.000,300.000,300.000,625.000,-1,-1,-1,775.000,725.000,-1,-1,2,0,2,0,2,0,0,0,0,1,2,2,2,0,0,2,2
102,8192.852,6964.793,-41.783,-3.771,0.997359,0.065754,-0.030856,-0.065030,0.997597,0.023908,0.032354,-0.021838,0.999238,0,0.61374,0.59345,36.824,1.187,-1,400.000,-1,375.000,-1,325.000,325.000,300.000,300.000,625.000,-1,-1,-1,775.000,725.000,-1,-1,2,0,2,0,2,0,0,0,0,1,2,2,2,0,0,2,2
103,8226.539,6963.415,-40.704,-2.344,0.998673,0.040890,-0.031300,-0.040139,0.998899,0.024266,0.032258,-0.022977,0.999215,0,0.56193,0.71345,33.716,1.427,-1,400.000,-1,375.000,-1,325.000,325.000,300.000,300.000,650.000,-1,-1,-1,775.000,725.000,-1,-1,2,0,2,0,2,0,0,0,0,1,2,2,2,0,0,2,2
104,8260.468,6963.014,-39.653,-0.677,0.999426,0.011816,-0.031735,-0.011038,0.999637,0.024567,0.032014,-0.024203,0.999194,0,0.56552,0.83345,33.931,1.667,-1,400.000,-1,375.000,-1,325.000,325.000,300.000,300.000,700.000,-1,-1,-1,775.000,725.000,-1,-1,2,0,2,0,2,0,0,0,0,1,2,2,2,0,0,2,2
105,8294.654,6963.748,-38.637,1.230,0.999253,-0.021454,-0.032153,0.022256,0.999445,0.024799,0.031603,-0.025496,0.999175,0,0.56990,0.95345,34.194,1.907,-1,400.000,-1,375.000,-1,325.000,325.000,300.000,300.000,725.000,-1,-1,-1,800.000,725.000,-1,-1,2,0,2,0,2,0,0,0,0,1,2,2,2,0,0,2,2
106,8329.098,6965.692,-37.660,3.230,0.997882,-0.056319,-0.032550,0.057143,0.998054,0.024956,0.031082,-0.026764,0.999158,0,0.57499,1.00000,34.499,2.000,-1,400.000,-1,400.000,-1,325.000,325.000,300.000,300.000,800.000,-1,-1,-1,800.000,750.000,-1,-1,2,0,2,0,2,0,0,0,0,1,2,2,2,0,0,2,2
107,8363.768,6968.866,-36.722,5.230,0.995296,-0.091113,-0.032921,0.091955,0.995448,0.025041,0.030489,-0.027950,0.999144,0,0.58024,1.00000,34.814,2.000,-1,400.000,-1,400.000,-1,325.000,325.000,300.000,300.000,850.000,-1,1000.000,-1,800.000,750.000,-1,-1,2,0,2,0,2,0,0,0,0,1,2,0,2,0,0,2,2
108,8398.608,6973.286,-35.829,7.230,0.991499,-0.125794,-0.033255,0.126651,0.991631,0.025052,0.029825,-0.029051,0.999133,0,0.58533,1.00000,35.120,2.000,-1,400.000,-1,400.000,-1,325.000,325.000,300.000,300.000,950.000,-1,975.000,-1,800.000,750.000,-1,-1,2,0,2,0,2,0,0,0,0,1,2,0,2,0,0,2,2
109,8433.564,6978.967,-34.982,9.230,0.986495,-0.160320,-0.033543,0.161189,0.986607,0.024992,0.029087,-0.030061,0.999125,0,0.59025,1.00000,35.415,2.000,-1,400.000,-1,400.000,-1,325.000,325.000,300.000,300.000,-1,-1,975.000,-1,800.000,750.000,-1,-1,2,0,2,0,2,0,0,0,0,2,2,0,2,0,0,2,2
110,8468.581,6985.919,-34.172,11.230,0.980292,-0.194649,-0.033750,0.195525,0.980382,0.024913,0.028239,-0.031021,0.999120,0,0.59502,1.00000,35.701,2.000,-1,400.000,-1,400.000,-1,325.000,325.000,300.000,300.000,-1,1000.000,975.000,-1,825.000,750.000,-1,-1,2,0,2,0,2,0,0,0,0,2,0,0,2,0,0,2,2
111,8503.604,6994.154,-33.276,13.230,0.972912,-0.228736,-0.033492,0.229618,0.972949,0.025391,0.026778,-0.032394,0.999116,0,0.59962,1.00000,35.977,2.000,-1,400.000,-1,400.000,-1,325.000,325.000,300.000,300.000,-1,-1,1000.000,-1,825.000,775.000,-1,-1,2,0,2,0,2,0,0,0,0,2,2,0,2,0,0,2,2
112,8538.575,7003.675,-32.447,15.230,0.964351,-0.262541,-0.033156,0.263424,0.964335,0.025801,0.025200,-0.033615,0.999117,0,0.60408,1.00000,36.245,2.000,-1,400.000,-1,400.000,-1,325.000,325.000,300.000,300.000,-1,-1,-1,-1,825.000,775.000,-1,-1,2,0,2,0,2,0,0,0,0,2,2,2,2,0,0,2,2
113,8573.439,7014.488,-31.667,17.230,0.954616,-0.296024,-0.032821,0.296904,0.954548,0.026208,0.023571,-0.034763,0.999118,0,0.60837,1.00000,36.502,2.000,-1,400.000,-1,400.000,-1,325.000,325.000,300.000,300.000,-1,-1,-1,-1,825.000,775.000,-1,-1,2,0,2,0,2,0,0,0,0,2,2,2,2,0,0,2,2
114,8608.139,7026.593,-30.861,19.230,0.943717,-0.329144,-0.032597,0.330023,0.943596,0.026678,0.021978,-0.035934,0.999112,0,0.61252,1.00000,36.751,2.000,-1,400.000,-1,400.000,-1,325.000,325.000,300.000,300.000,-1,-1,-1,-1,825.000,775.000,-1,-1,2,0,2,0,2,0,0,0,0,2,2,2,2,0,0,2,2
115,8642.620,7039.988,-30.062,21.230,0.931668,-0.361859,-0.032436,0.362738,0.931495,0.027167,0.020384,-0.037077,0.999105,0,0.61652,1.00000,36.991,2.000,-1,400.000,-1,400.000,-1,325.000,325.000,300.000,300.000,-1,-1,-1,-1,825.000,775.000,-1,-1,2,0,2,0,2,0,0,0,0,2,2,2,2,0,0,2,2
116,8676.824,7054.670,-29.339,23.230,0.918489,-0.394132,-0.032226,0.395005,0.918263,0.027661,0.018690,-0.038136,0.999098,0,0.62038,1.00000,37.223,2.000,-1,400.000,-1,400.000,-1,325.000,325.000,300.000,300.000,-1,-1,-1,-1,825.000,775.000,-1,-1,2,0,2,0,2,0,0,0,0,2,2,2,2,0,0,2,2
117,8710.697,7070.631,-28.689,25.230,0.904194,-0.425923,-0.031974,0.426786,0.903915,0.028137,0.016918,-0.039087,0.999093,0,0.62409,1.00000,37.445,2.000,-1,400.000,-1,400.000,-1,325.000,325.000,300.000,300.000,-1,-1,-1,-1,825.000,800.000,-1,-1,2,0,2,0,2,0,0,0,0,2,2,2,2,0,0,2,2
118,8744.183,7087.863,-28.113,27.230,0.888802,-0.457195,-0.031685,0.458043,0.888471,0.028571,0.015088,-0.039907,0.999089,0,0.62767,1.00000,37.660,2.000,-1,400.000,-1,400.000,-1,325.000,325.000,300.000,300.000,-1,-1,-1,-1,825.000,800.000,-1,-1,2,0,2,0,2,0,0,0,0,2,2,2,2,0,0,2,2
119,8777.227,7106.354,-27.612,29.230,0.872331,-0.487910,-0.031353,0.488738,0.871950,0.028966,0.013206,-0.040592,0.999089,0,0.63111,1.00000,37.866,2.000,-1,400.000,-1,400.000,-1,325.000,325.000,300.000,300.000,-1,-1,-1,-1,825.000,800.000,-1,-1,2,0,2,0,2,0,0,0,0,2,2,2,2,0,0,2,2
120,8809.775,7126.090,-27.189,31.230,0.854800,-0.518032,-0.030978,0.518834,0.854372,0.029324,0.011276,-0.041139,0.999090,0,0.63441,1.00000,38.065,2.000,-1,400.000,-1,400.000,-1,325.000,325.000,300.000,300.000,-1,-1,-1,-1,825.000,800.000,-1,-1,2,0,2,0,2,0,0,0,0,2,2,2,2,0,0,2,2
121,8841.775,7147.054,-26.831,33.230,0.836231,-0.547525,-0.030565,0.548298,0.835760,0.029560,0.009360,-0.041478,0.999096,0,0.63759,1.00000,38.256,2.000,-1,400.000,-1,400.000,-1,325.000,325.000,300.000,300.000,-1,-1,-1,-1,825.000,800.000,-1,-1,2,0,2,0,2,0,0,0,0,2,2,2,2,0,0,2,2
122,8873.173,7169.227,-26.518,35.230,0.816642,-0.576358,-0.030108,0.577095,0.816141,0.029568,0.007531,-0.041522,0.999109,0,0.64065,1.00000,38.439,2.000,-1,400.000,-1,400.000,-1,325.000,325.000,300.000,300.000,-1,-1,-1,-1,825.000,800.000,-1,-1,2,0,2,0,2,0,0,0,0,2,2,2,2,0,0,2,2
123,8903.919,7192.590,-26.292,37.230,0.796061,-0.604493,-0.029582,0.605189,0.795533,0.029552,0.005669,-0.041428,0.999125,0,0.64359,1.00000,38.615,2.000,-1,400.000,-1,400.000,-1,325.000,325.000,300.000,300.000,-1,-1,-1,-1,825.000,800.000,-1,-1,2,0,2,0,2,0,0,0,0,2,2,2,2,0,0,2,2
124,8933.962,7217.118,-26.154,39.230,0.774513,-0.631894,-0.028985,0.632547,0.773959,0.029517,0.003782,-0.041196,0.999144,0,0.64641,1.00000,38.784,2.000,-1,400.000,-1,400.000,-1,325.000,325.000,300.000,300.000,-1,-1,-1,-1,825.000,800.000,-1,-1,2,0,2,0,2,0,0,0,0,2,2,2,2,0,0,2,2
125,8966.860,7245.706,-26.129,40.990,0.754771,-0.655381,-0.028233,0.655986,0.754203,0.029335,0.002068,-0.040661,0.999171,0,0.72641,0.88000,43.584,1.760,-1,400.000,-1,400.000,-1,325.000,325.000,300.000,300.000,-1,-1,-1,-1,825.000,800.000,-1,-1,2,0,2,0,2,0,0,0,0,2,2,2,2,0,0,2,2
126,9002.278,7278.171,-26.209,42.510,0.737151,-0.675176,-0.027331,0.675728,0.736574,0.029144,0.000454,-0.039952,0.999201,0,0.80078,0.76000,48.047,1.520,-1,400.000,-1,400.000,-1,325.000,325.000,300.000,300.000,-1,-1,-1,-1,825.000,800.000,-1,-1,2,0,2,0,2,0,0,0,0,2,2,2,2,0,0,2,2
127,9036.955,7311.504,-26.278,43.867,0.720986,-0.692446,-0.026418,0.692948,0.720383,0.029498,-0.001395,-0.039574,0.999216,0,0.80166,0.67874,48.099,1.357,-1,400.000,-1,400.000,-1,325.000,325.000,300.000,300.000,-1,-1,-1,-1,825.000,800.000,-1,-1,2,0,2,0,2,0,0,0,0,2,2,2,2,0,0,2,2
128,9070.862,7345.665,-26.424,45.214,0.704545,-0.709201,-0.025485,0.709651,0.703915,0.029978,-0.003321,-0.039207,0.999226,0,0.80219,0.67358,48.132,1.347,-1,400.000,-1,400.000,1000.000,325.000,325.000,300.000,300.000,-1,-1,-1,-1,825.000,800.000,-1,-1,2,0,2,0,1,0,0,0,0,2,2,2,2,0,0,2,2
129,9105.290,7382.012,-26.680,46.553,0.687819,-0.725468,-0.024494,0.725863,0.687164,0.030493,-0.005290,-0.038752,0.999235,0,0.83440,0.66946,50.064,1.339,-1,400.000,-1,400.000,1000.000,325.000,325.000,300.000,300.000,-1,-1,-1,-1,825.000,800.000,-1,-1,2,0,2,0,1,0,0,0,0,2,2,2,2,0,0,2,2
130,9140.286,7420.408,-27.040,47.652,0.673814,-0.738527,-0.023515,0.738867,0.673135,0.031063,-0.007112,-0.038305,0.999241,0,0.86588,0.54946,51.953,1.099,-1,400.000,-1,400.000,975.000,325.000,325.000,300.000,300.000,-1,-1,-1,-1,800.000,800.000,-1,-1,2,0,2,0,1,0,0,0,0,2,2,2,2,0,0,2,2
131,9174.635,7459.543,-27.483,48.726,0.659884,-0.751027,-0.022618,0.751315,0.659184,0.031656,-0.008866,-0.037883,0.999243,0,0.86785,0.53705,52.071,1.074,-1,400.000,-1,400.000,1000.000,325.000,325.000,300.000,300.000,-1,-1,-1,-1,800.000,775.000,-1,-1,2,0,2,0,1,0,0,0,0,2,2,2,2,0,0,2,2
132,9208.317,7499.371,-27.994,49.779,0.645997,-0.763027,-0.021872,0.763268,0.645276,0.032270,-0.010509,-0.037540,0.999240,0,0.86935,0.52660,52.161,1.053,-1,400.000,-1,400.000,1000.000,325.000,325.000,300.000,300.000,-1,-1,-1,-1,800.000,775.000,-1,-1,2,0,2,0,1,0,0,0,0,2,2,2,2,0,0,2,2
133,9241.314,7539.845,-28.589,50.811,0.632185,-0.774528,-0.021203,0.774724,0.631444,0.032892,-0.012087,-0.037220,0.999234,0,0.87035,0.51571,52.221,1.031,-1,400.000,-1,400.000,-1,325.000,325.000,300.000,300.000,-1,-1,-1,-1,800.000,775.000,-1,-1,2,0,2,0,2,0,0,0,0,2,2,2,2,0,0,2,2
134,9270.456,7577.255,-29.207,52.082,0.614868,-0.788359,-0.020666,0.788511,0.614111,0.033427,-0.013661,-0.036849,0.999227,0,0.79035,0.63571,47.421,1.271,-1,400.000,-1,400.000,-1,325.000,325.000,300.000,300.000,-1,-1,-1,-1,800.000,775.000,-1,-1,2,0,2,0,2,0,0,0,0,2,2,2,2,0,1,2,2
135,9297.135,7613.433,-29.880,53.594,0.593884,-0.804295,-0.020279,0.804406,0.593112,0.033884,-0.015225,-0.036436,0.999220,0,0.74919,0.75571,44.951,1.511,-1,400.000,-1,400.000,-1,325.000,325.000,275.000,300.000,-1,-1,-1,-1,800.000,775.000,-1,-1,2,0,2,0,2,0,0,0,0,2,2,2,2,0,0,2,2
136,9322.670,7650.372,-30.629,55.345,0.569048,-0.822063,-0.019916,0.822132,0.568265,0.034272,-0.016857,-0.035876,0.999214,0,0.74843,0.87571,44.906,1.751,-1,400.000,-1,400.000,-1,325.000,325.000,275.000,300.000,-1,-1,-1,-1,800.000,775.000,-1,-1,2,0,2,0,2,0,0,0,0,2,2,2,2,0,0,2,2
