timestep,x_cm,y_cm,z_cm,yaw_deg,basis_xx,basis_xy,basis_xz,basis_yx,basis_yy,basis_yz,basis_zx,basis_zy,basis_zz,teleport_flag,throttle_cmd,steering_cmd,cmd_move_cm,cmd_turn_deg,lidar_cm_0,lidar_cm_1,lidar_cm_2,lidar_cm_3,lidar_cm_4,lidar_cm_5,lidar_cm_6,lidar_cm_7,lidar_cm_8,lidar_cm_9,lidar_cm_10,lidar_cm_11,lidar_cm_12,lidar_cm_13,lidar_cm_14,lidar_cm_15,lidar_cm_16,lidar_class_0,lidar_class_1,lidar_class_2,lidar_class_3,lidar_class_4,lidar_class_5,lidar_class_6,lidar_class_7,lidar_class_8,lidar_class_9,lidar_class_10,lidar_class_11,lidar_class_12,lidar_class_13,lidar_class_14,lidar_class_15,lidar_class_16
0,2121.352,628.544,-81.451,150.276,-0.864898,-0.495824,-0.078165,0.493450,-0.868416,0.048588,-0.091971,0.003453,0.995756,1,-0.08000,0.12000,-4.800,0.240,-1,-1,-1,-1,-1,-1,-1,275.000,200.000,-1,-1,-1,-1,-1,-1,-1,-1,2,2,2,2,2,2,2,0,0,2,2,2,2,2,2,2,2
1,2129.729,623.854,-79.949,150.756,-0.869219,-0.488534,-0.076110,0.486490,-0.872543,0.044674,-0.088234,0.001805,0.996098,0,-0.16000,0.24000,-9.600,0.480,-1,-1,-1,-1,-1,-1,-1,275.000,200.000,-1,-1,-1,-1,-1,-1,-1,-1,2,2,2,2,2,2,2,0,0,2,2,2,2,2,2,2,2
2,2142.382,616.976,-77.761,151.476,-0.875573,-0.477532,-0.073040,0.475933,-0.878614,0.039050,-0.082822,-0.000571,0.996564,0,-0.24000,0.36000,-14.400,0.720,-1,-1,-1,-1,-1,-1,-1,275.000,200.000,-1,-1,-1,-1,-1,-1,-1,-1,2,2,2,2,2,2,2,0,0,2,2,2,2,2,2,2,2
3,2159.403,608.091,-75.663,152.436,-0.883754,-0.462744,-0.069615,0.461398,-0.886492,0.035277,-0.078037,-0.000944,0.996950,0,-0.32000,0.48000,-19.200,0.960,-1,-1,-1,-1,-1,-1,-1,275.000,225.000,-1,-1,-1,-1,-1,-1,-1,-1,2,2,2,2,2,2,2,0,0,2,2,2,2,2,2,2,2
4,2179.060,598.278,-73.675,153.471,-0.892255,-0.446658,-0.066160,0.445461,-0.894705,0.032679,-0.073790,-0.000313,0.997274,0,-0.36615,0.51742,-21.969,1.035,-1,-1,-1,-1,-1,-1,-1,275.000,225.000,-1,-1,-1,-1,-1,-1,-1,-1,2,2,2,2,2,2,2,0,0,2,2,2,2,2,2,2,2
5,2198.985,588.775,-71.737,154.503,-0.900416,-0.430464,-0.062860,0.429407,-0.902608,0.030158,-0.069720,0.000162,0.997567,0,-0.36791,0.51623,-22.075,1.032,-1,-1,-1,-1,-1,-1,-1,275.000,225.000,-1,-1,-1,-1,-1,-1,-1,-1,2,2,2,2,2,2,2,0,0,2,2,2,2,2,2,2,2
6,2219.175,579.588,-69.850,155.533,-0.908240,-0.414166,-0.059718,0.413239,-0.910201,0.027704,-0.065829,0.000484,0.997831,0,-0.36969,0.51511,-22.181,1.030,-1,-1,-1,-1,-1,-1,-1,300.000,225.000,-1,-1,-1,-1,-1,-1,-1,-1,2,2,2,2,2,2,2,0,0,2,2,2,2,2,2,2,2
7,2239.625,570.722,-68.013,156.561,-0.915731,-0.397767,-0.056735,0.396962,-0.917486,0.025309,-0.062120,0.000655,0.998068,0,-0.37147,0.51407,-22.288,1.028,-1,-1,-1,-1,-1,-1,-1,300.000,225.000,-1,-1,-1,-1,-1,-1,-1,-1,2,2,2,2,2,2,2,0,0,2,2,2,2,2,2,2,2
8,2260.329,562.183,-66.228,157.587,-0.922890,-0.381272,-0.053911,0.380580,-0.924463,0.022965,-0.058595,0.000676,0.998282,0,-0.37325,0.51309,-22.395,1.026,-1,-1,-1,-1,-1,-1,-1,300.000,225.000,-1,-1,-1,-1,-1,-1,-1,-1,2,2,2,2,2,2,2,0,0,2,2,2,2,2,2,2,2
9,2281.282,553.976,-64.494,158.612,-0.929720,-0.364684,-0.051247,0.364099,-0.931131,0.020662,-0.055253,0.000551,0.998472,0,-0.37505,0.51217,-22.503,1.024,-1,-1,-1,-1,-1,-1,450.000,300.000,250.000,-1,-1,-1,-1,-1,-1,-1,-1,2,2,2,2,2,2,1,0,0,2,2,2,2,2,2,2,2
10,2302.480,546.107,-62.812,159.634,-0.936224,-0.348008,-0.048741,0.347522,-0.937491,0.018393,-0.052095,0.000281,0.998642,0,-0.37685,0.51131,-22.611,1.023,-1,750.000,-1,-1,-1,400.000,450.000,300.000,250.000,-1,-1,-1,-1,-1,-1,-1,-1,2,1,2,2,2,1,1,0,0,2,2,2,2,2,2,2,2
11,2323.917,538.582,-61.181,160.655,-0.942403,-0.331248,-0.046391,0.330854,-0.943544,0.016149,-0.049121,-0.000130,0.998793,0,-0.37865,0.51051,-22.719,1.021,-1,600.000,-1,-1,-1,400.000,425.000,300.000,250.000,-1,-1,-1,-1,-1,-1,-1,-1,2,1,2,2,2,1,1,0,0,2,2,2,2,2,2,2,2
12,2345.587,531.404,-59.602,161.675,-0.948259,-0.314406,-0.044194,0.314099,-0.949288,0.013922,-0.046330,-0.000680,0.998926,0,-0.38046,0.50977,-22.828,1.020,-1,500.000,-1,-1,-1,400.000,425.000,300.000,250.000,-1,-1,-1,-1,-1,-1,-1,-1,2,1,2,2,2,1,1,0,0,2,2,2,2,2,2,2,2
13,2367.485,524.581,-58.073,162.693,-0.953795,-0.297488,-0.042146,0.297261,-0.954724,0.011705,-0.043720,-0.001364,0.999043,0,-0.38227,0.50908,-22.936,1.018,-1,450.000,-1,-1,-1,375.000,425.000,300.000,250.000,-1,-1,-1,-1,-1,-1,-1,-1,2,1,2,2,2,1,1,0,0,2,2,2,2,2,2,2,2
14,2389.605,518.117,-56.595,163.710,-0.959011,-0.280498,-0.040243,0.280346,-0.959852,0.009490,-0.041289,-0.002181,0.999145,0,-0.38408,0.50844,-23.045,1.017,-1,425.000,-1,-1,-1,375.000,425.000,300.000,275.000,-1,-1,-1,-1,-1,-1,-1,-1,2,1,2,2,2,1,1,0,0,2,2,2,2,2,2,2,2
15,2411.941,512.017,-55.166,164.726,-0.963908,-0.263439,-0.038479,0.263357,-0.964671,0.007270,-0.039035,-0.003126,0.999233,0,-0.38589,0.50784,-23.153,1.016,-1,425.000,-1,-1,-1,375.000,425.000,300.000,275.000,-1,-1,-1,-1,-1,-1,-1,-1,2,1,2,2,2,1,1,0,0,2,2,2,2,2,2,2,2
16,2429.710,507.422,-54.077,165.501,-0.967439,-0.250354,-0.037201,0.250326,-0.968146,0.005475,-0.037387,-0.004016,0.999293,0,-0.30589,0.38784,-18.353,0.776,-1,425.000,-1,-1,-1,375.000,425.000,300.000,275.000,-1,-1,-1,-1,-1,-1,-1,-1,2,1,2,2,2,1,1,0,0,2,2,2,2,2,2,2,2
17,2442.864,504.154,-53.358,166.050,-0.969817,-0.241076,-0.036575,0.241096,-0.970493,0.003927,-0.036442,-0.005010,0.999323,0,-0.22589,0.27419,-13.553,0.548,-1,425.000,-1,625.000,-1,375.000,400.000,300.000,275.000,-1,-1,-1,-1,-1,-1,-1,-1,2,1,2,1,2,1,1,0,0,2,2,2,2,2,2,2,2
18,2451.379,502.125,-52.922,166.598,-0.972092,-0.231783,-0.036249,0.231827,-0.972752,0.003037,-0.035965,-0.005451,0.999338,0,-0.14589,0.27397,-8.753,0.548,-1,425.000,-1,625.000,-1,375.000,400.000,300.000,275.000,-1,-1,-1,-1,1000.000,-1,-1,-1,2,1,2,1,2,1,1,0,0,2,2,2,2,1,2,2,2
19,2455.233,501.245,-52.763,167.145,-0.974263,-0.222485,-0.036231,0.222532,-0.974921,0.002777,-0.035940,-0.005357,0.999340,0,-0.06589,0.27353,-3.953,0.547,-1,425.000,-1,625.000,-1,375.000,400.000,300.000,275.000,-1,-1,-1,-1,950.000,-1,-1,-1,2,1,2,1,2,1,1,0,0,2,2,2,2,1,2,2,2
20,2454.406,501.426,-52.880,167.691,-0.976328,-0.213190,-0.036530,0.213219,-0.976999,0.003128,-0.036357,-0.004735,0.999328,0,0.01411,0.27286,0.847,0.546,-1,425.000,-1,625.000,-1,375.000,400.000,300.000,275.000,-1,-1,-1,-1,900.000,-1,-1,-1,2,1,2,1,2,1,1,0,0,2,2,2,2,1,2,2,2
21,2448.878,502.578,-53.274,168.234,-0.978285,-0.203907,-0.037160,0.203898,-0.978984,0.004076,-0.037210,-0.003589,0.999301,0,0.09411,0.27195,5.647,0.544,-1,425.000,-1,625.000,-1,375.000,400.000,300.000,275.000,-1,-1,-1,-1,875.000,-1,-1,-1,2,1,2,1,2,1,1,0,0,2,2,2,2,1,2,2,2
22,2438.631,504.611,-53.944,168.776,-0.980132,-0.194645,-0.038137,0.194574,-0.980872,0.005616,-0.038500,-0.001916,0.999257,0,0.17411,0.27078,10.447,0.542,-1,400.000,-1,600.000,-1,350.000,400.000,300.000,275.000,-1,-1,-1,-1,850.000,-1,-1,-1,2,1,2,1,2,1,1,0,0,2,2,2,2,1,2,2,2
23,2423.649,507.438,-54.894,169.315,-0.981867,-0.185416,-0.039479,0.185254,-0.982660,0.007745,-0.040230,0.000291,0.999190,0,0.25411,0.26932,15.247,0.539,-1,400.000,-1,-1,-1,350.000,400.000,300.000,275.000,-1,-1,-1,-1,825.000,-1,-1,-1,2,1,2,2,2,1,1,0,0,2,2,2,2,1,2,2,2
24,2403.916,510.971,-56.127,169.850,-0.983486,-0.176230,-0.041207,0.175945,-0.984344,0.010466,-0.042406,0.003043,0.999096,0,0.33411,0.26755,20.047,0.535,-1,400.000,-1,-1,-1,350.000,400.000,300.000,250.000,-1,-1,-1,-1,800.000,-1,-1,-1,2,1,2,2,2,1,1,0,0,2,2,2,2,1,2,2,2
25,2379.419,515.124,-57.647,170.381,-0.984987,-0.167100,-0.043344,0.166652,-0.985919,0.013786,-0.045037,0.006356,0.998965,0,0.41411,0.26541,24.847,0.531,-1,400.000,-1,-1,-1,350.000,400.000,300.000,250.000,-1,-1,-1,-1,775.000,-1,-1,-1,2,1,2,2,2,1,1,0,0,2,2,2,2,1,2,2,2
26,2350.145,519.809,-59.458,170.906,-0.986364,-0.158042,-0.045913,0.157380,-0.987379,0.017711,-0.048133,0.010244,0.998788,0,0.49411,0.26286,29.647,0.526,-1,400.000,-1,-1,-1,350.000,400.000,325.000,250.000,-1,-1,-1,-1,775.000,-1,-1,-1,2,1,2,2,2,1,1,0,0,2,2,2,2,1,2,2,2
27,2316.083,524.945,-61.567,171.426,-0.987614,-0.149072,-0.048939,0.148136,-0.988717,0.022250,-0.051704,0.014725,0.998554,0,0.57411,0.25982,34.447,0.520,-1,400.000,-1,-1,-1,350.000,400.000,325.000,225.000,-1,-1,-1,-1,750.000,-1,-1,-1,2,1,2,2,2,1,1,0,0,2,2,2,2,1,2,2,2
28,2277.223,530.449,-63.978,171.938,-0.988731,-0.140213,-0.052447,0.138927,-0.989923,0.027412,-0.055762,0.019817,0.998247,0,0.65411,0.25619,39.247,0.512,-1,400.000,-1,-1,-1,350.000,450.000,325.000,225.000,-1,-1,-1,-1,725.000,-1,-1,-1,2,1,2,2,2,1,1,0,0,2,2,2,2,1,2,2,2
29,2233.559,536.242,-66.696,172.442,-0.989709,-0.131488,-0.056459,0.129763,-0.990989,0.033207,-0.060317,0.025539,0.997853,0,0.73411,0.25185,44.047,0.504,-1,400.000,-1,-1,-1,375.000,-1,325.000,225.000,-1,-1,-1,-1,700.000,-1,-1,-1,2,1,2,2,2,1,2,0,1,2,2,2,2,1,2,2,2
30,2185.107,542.443,-69.723,172.706,-0.990049,-0.126903,-0.060812,0.124635,-0.991406,0.039756,-0.065335,0.031781,0.997357,0,0.81411,0.13185,48.847,0.264,-1,400.000,-1,-1,-1,400.000,-1,325.000,250.000,-1,-1,-1,-1,700.000,-1,-1,-1,2,1,2,2,2,1,2,0,1,2,2,2,2,1,2,2,2
31,2131.890,549.231,-73.083,172.729,-0.989807,-0.126462,-0.065494,0.123520,-0.991219,0.047197,-0.070888,0.038626,0.996736,0,0.89411,0.01185,53.647,0.024,-1,425.000,-1,-1,-1,475.000,-1,325.000,275.000,-1,-1,-1,-1,700.000,-1,-1,-1,2,1,2,2,2,1,2,0,1,2,2,2,2,1,2,2,2
32,2073.941,556.845,-76.905,172.513,-0.988956,-0.130164,-0.070877,0.126394,-0.990436,0.055320,-0.077399,0.045750,0.995950,0,0.97411,-0.10815,58.447,-0.216,-1,450.000,-1,-1,-1,575.000,-1,350.000,325.000,-1,-1,-1,-1,725.000,-1,-1,-1,2,1,2,2,2,1,2,0,1,2,2,2,2,1,2,2,2
33,2015.822,564.953,-81.088,172.057,-0.987423,-0.138006,-0.077134,0.133310,-0.989067,0.063051,-0.084992,0.051975,0.995025,0,0.97799,-0.22815,58.679,-0.456,-1,475.000,-1,-1,-1,700.000,-1,350.000,375.000,-1,-1,-1,-1,750.000,-1,-1,-1,2,1,2,2,2,1,2,0,1,2,2,2,2,1,2,2,2
34,1957.886,573.755,-85.892,171.360,-0.985014,-0.149980,-0.085162,0.144281,-0.987088,0.069574,-0.094497,0.056244,0.993935,0,0.97665,-0.34815,58.599,-0.696,-1,500.000,-1,-1,-1,775.000,1000.000,350.000,475.000,-1,-1,-1,-1,775.000,-1,800.000,-1,2,1,2,2,2,1,1,0,1,2,2,2,2,1,2,0,2
35,3774.946,4998.387,-72.441,99.399,-0.163142,-0.986571,0.007884,0.986173,-0.163301,-0.028217,0.029126,0.003171,0.999571,1,0.00000,0.00000,58.454,-0.936,-1,250.000,-1,475.000,-1,225.000,250.000,475.000,325.000,-1,125.000,75.000,400.000,-1,-1,400.000,-1,2,1,2,1,2,1,1,1,1,2,0,0,1,2,2,1,2
36,-7541.421,3612.078,-403.376,67.982,0.374154,-0.926884,0.029930,0.926866,0.374817,0.020763,-0.030463,0.019972,0.999336,1,0.08000,0.12000,4.800,0.240,-1,400.000,-1,375.000,975.000,325.000,300.000,300.000,300.000,-1,-1,-1,-1,725.000,675.000,-1,925.000,2,0,2,0,1,0,0,0,0,2,2,2,2,0,0,2,1
37,-7537.897,3621.008,-403.638,68.462,0.366385,-0.929991,0.029651,0.929976,0.367039,0.020679,-0.030114,0.019999,0.999346,0,0.16000,0.24000,9.600,0.480,-1,400.000,-1,375.000,950.000,325.000,300.000,300.000,300.000,-1,-1,-1,-1,725.000,675.000,-1,900.000,2,0,2,0,1,0,0,0,0,2,2,2,2,0,0,2,1
38,-7532.761,3634.461,-404.029,69.106,0.355937,-0.934052,0.029244,0.934040,0.356576,0.020543,-0.029616,0.020004,0.999361,0,0.24000,0.32159,14.400,0.643,-1,400.000,-1,375.000,925.000,325.000,300.000,300.000,300.000,-1,-1,-1,-1,725.000,675.000,-1,900.000,2,0,2,0,1,0,0,0,0,2,2,2,2,0,0,2,1
39,-7526.115,3652.474,-404.551,69.747,0.345475,-0.937988,0.028721,0.937979,0.346095,0.020347,-0.029025,0.019911,0.999380,0,0.32000,0.32081,19.200,0.642,-1,400.000,-1,375.000,900.000,325.000,300.000,300.000,300.000,-1,-1,-1,-1,725.000,675.000,-1,875.000,2,0,2,0,1,0,0,0,0,2,2,2,2,0,0,2,1
40,-7518.059,3675.082,-405.200,70.387,0.335007,-0.941797,0.028085,0.941789,0.335603,0.020083,-0.028340,0.019722,0.999404,0,0.40000,0.31982,24.000,0.640,-1,400.000,-1,375.000,875.000,325.000,300.000,300.000,300.000,-1,-1,-1,-1,725.000,675.000,-1,875.000,2,0,2,0,1,0,0,0,0,2,2,2,2,0,0,2,1
41,-7508.694,3702.316,-405.975,71.024,0.324541,-0.945476,0.027338,0.945470,0.325110,0.019743,-0.027554,0.019440,0.999431,0,0.48000,0.31862,28.800,0.637,-1,400.000,-1,375.000,850.000,325.000,300.000,300.000,300.000,-1,-1,-1,-1,725.000,675.000,-1,850.000,2,0,2,0,1,0,0,0,0,2,2,2,2,0,0,2,1
42,-7498.121,3734.209,-406.870,71.658,0.314087,-0.949025,0.026482,0.949020,0.314624,0.019315,-0.026663,0.019065,0.999463,0,0.56000,0.31718,33.600,0.634,-1,375.000,-1,375.000,800.000,325.000,300.000,300.000,300.000,-1,-1,-1,-1,725.000,675.000,-1,825.000,2,0,2,0,1,0,0,0,0,2,2,2,2,0,0,2,1
43,-7486.439,3770.789,-407.882,72.289,0.303656,-0.952440,0.025519,0.952436,0.304158,0.018792,-0.025660,0.018599,0.999498,0,0.64000,0.31546,38.400,0.631,-1,375.000,-1,375.000,775.000,325.000,300.000,300.000,300.000,-1,-1,-1,-1,725.000,675.000,-1,825.000,2,0,2,0,1,0,0,0,0,2,2,2,2,0,0,2,1
44,-7473.748,3812.083,-409.007,72.916,0.293258,-0.955721,0.024454,0.955718,0.293722,0.018161,-0.024539,0.018045,0.999536,0,0.72000,0.31345,43.200,0.627,-1,375.000,-1,375.000,750.000,325.000,300.000,300.000,300.000,-1,-1,-1,-1,725.000,675.000,-1,800.000,2,0,2,0,1,0,0,0,0,2,2,2,2,0,0,2,1
45,-7460.983,3855.285,-410.152,73.538,0.282901,-0.958863,0.023428,0.958864,0.283328,0.017484,-0.023402,0.017518,0.999573,0,0.75080,0.31111,45.048,0.622,-1,375.000,-1,375.000,700.000,300.000,300.000,300.000,300.000,-1,-1,-1,-1,725.000,675.000,-1,775.000,2,0,2,0,1,0,0,0,0,2,2,2,2,0,0,2,1
46,-7448.654,3898.725,-411.188,74.156,0.272591,-0.961861,0.022750,0.961877,0.272986,0.016488,-0.022070,0.017388,0.999605,0,0.75260,0.30854,45.156,0.617,-1,375.000,-1,375.000,675.000,300.000,300.000,300.000,300.000,-1,925.000,-1,-1,725.000,675.000,-1,750.000,2,0,2,0,1,0,0,0,0,2,0,2,2,0,0,2,1
47,-7436.764,3942.389,-412.137,74.767,0.262340,-0.964717,0.022338,0.964758,0.262702,0.015170,-0.020503,0.017571,0.999635,0,0.75424,0.30581,45.254,0.612,-1,375.000,-1,375.000,650.000,300.000,300.000,300.000,300.000,-1,850.000,950.000,-1,725.000,675.000,-1,725.000,2,0,2,0,1,0,0,0,0,2,0,0,2,0,0,2,1
48,-7425.314,3986.263,-413.040,75.373,0.252155,-0.967439,0.021909,0.967500,0.252486,0.013928,-0.019006,0.017685,0.999663,0,0.75572,0.30291,45.343,0.606,-1,375.000,-1,375.000,600.000,300.000,300.000,300.000,300.000,-1,800.000,900.000,-1,700.000,675.000,-1,725.000,2,0,2,0,1,0,0,0,0,2,0,0,2,0,0,2,1
49,-7414.305,4030.329,-413.703,75.973,0.242054,-0.970040,0.020791,0.970101,0.242349,0.013071,-0.017718,0.017005,0.999698,0,0.75701,0.29986,45.421,0.600,-1,375.000,-1,375.000,600.000,300.000,300.000,300.000,300.000,-1,800.000,900.000,-1,700.000,675.000,-1,700.000,2,0,2,0,1,0,0,0,0,2,0,0,2,0,0,2,1
50,-7403.737,4074.570,-414.260,76.566,0.232043,-0.972513,0.019351,0.972571,0.232296,0.012044,-0.016208,0.016025,0.999740,0,0.75811,0.29663,45.486,0.593,-1,375.000,-1,375.000,575.000,300.000,300.000,300.000,300.000,-1,775.000,875.000,-1,700.000,675.000,-1,700.000,2,0,2,0,1,0,0,0,0,2,0,0,2,0,0,2,1
51,-7393.611,4118.970,-414.793,77.152,0.222118,-0.974855,0.017943,0.974909,0.222333,0.011007,-0.014719,0.015048,0.999778,0,0.75899,0.29324,45.539,0.586,-1,375.000,-1,375.000,550.000,325.000,300.000,300.000,300.000,-1,750.000,875.000,-1,700.000,675.000,-1,675.000,2,0,2,0,1,0,0,0,0,2,0,0,2,0,0,2,1
52,-7383.926,4163.507,-415.302,77.732,0.212288,-0.977067,0.016567,0.977117,0.212467,0.009960,-0.013251,0.014074,0.999813,0,0.75965,0.28967,45.579,0.579,-1,375.000,-1,375.000,525.000,325.000,300.000,300.000,300.000,-1,725.000,875.000,-1,700.000,675.000,-1,675.000,2,0,2,0,1,0,0,0,0,2,0,0,2,0,1,2,1
53,-7374.681,4208.164,-415.789,78.304,0.202559,-0.979152,0.015225,0.979199,0.202707,0.008904,-0.011805,0.013105,0.999844,0,0.76006,0.28594,45.603,0.572,-1,375.000,-1,375.000,525.000,325.000,300.000,300.000,300.000,-1,725.000,850.000,-1,700.000,675.000,-1,675.000,2,0,2,0,1,0,0,0,0,2,0,0,2,0,1,2,1
54,-7365.874,4252.918,-416.254,78.868,0.192941,-0.981112,0.013916,0.981156,0.193061,0.007842,-0.010380,0.012141,0.999872,0,0.76021,0.28203,45.612,0.564,-1,375.000,-1,375.000,500.000,325.000,300.000,300.000,300.000,-1,700.000,850.000,-1,700.000,675.000,-1,675.000,2,0,2,0,1,0,0,0,0,2,0,0,2,0,1,2,1
55,-7357.504,4297.748,-416.699,79.424,0.183440,-0.982950,0.012641,0.982990,0.183534,0.006774,-0.008978,0.011183,0.999897,0,0.76008,0.27796,45.605,0.556,-1,375.000,-1,375.000,475.000,325.000,300.000,300.000,300.000,-1,700.000,825.000,-1,700.000,675.000,-1,675.000,2,0,2,0,1,0,0,0,0,2,0,0,2,0,1,2,1
56,-7349.566,4342.631,-417.123,79.971,0.174064,-0.984668,0.011399,0.984705,0.174136,0.005701,-0.007599,0.010232,0.999919,0,0.75966,0.27372,45.580,0.547,-1,375.000,-1,375.000,475.000,325.000,300.000,300.000,300.000,-1,700.000,800.000,-1,700.000,675.000,-1,675.000,2,0,2,0,1,0,0,0,1,2,0,0,2,0,1,2,1
57,-7342.058,4387.544,-417.528,80.510,0.164819,-0.986271,0.010191,0.986304,0.164873,0.004626,-0.006243,0.009289,0.999937,0,0.75894,0.26933,45.537,0.539,-1,375.000,-1,375.000,475.000,325.000,300.000,300.000,300.000,-1,700.000,775.000,-1,700.000,675.000,-1,675.000,2,0,2,0,1,0,0,0,1,2,0,0,2,0,1,2,1
58,-7334.975,4432.464,-417.914,81.039,0.155714,-0.987761,0.009017,0.987790,0.155751,0.003549,-0.004910,0.008354,0.999953,0,0.75791,0.26480,45.475,0.530,-1,375.000,-1,375.000,475.000,300.000,300.000,300.000,300.000,-1,700.000,775.000,-1,700.000,675.000,-1,675.000,2,0,2,0,1,0,0,0,1,2,0,0,2,0,0,2,1
59,-7328.312,4477.366,-418.283,81.560,0.146753,-0.989142,0.007876,0.989167,0.146777,0.002471,-0.003601,0.007428,0.999966,0,0.75656,0.26012,45.394,0.520,-1,375.000,-1,375.000,450.000,300.000,300.000,300.000,275.000,-1,700.000,750.000,-1,700.000,675.000,-1,675.000,2,0,2,0,1,0,0,0,1,2,0,0,2,0,0,2,1
60,-7322.063,4522.226,-418.636,82.070,0.137943,-0.990417,0.006770,0.990437,0.137956,0.001395,-0.002315,0.006513,0.999976,0,0.75488,0.25533,45.293,0.511,-1,375.000,-1,375.000,450.000,300.000,300.000,300.000,275.000,-1,700.000,750.000,-1,700.000,700.000,-1,675.000,2,0,2,0,1,0,0,0,1,2,0,0,2,0,1,2,1
61,-7316.223,4567.019,-418.865,82.571,0.129288,-0.991588,0.006145,0.991606,0.129293,0.000388,-0.001179,0.006043,0.999981,0,0.75288,0.25044,45.173,0.501,-1,375.000,-1,375.000,450.000,300.000,300.000,300.000,275.000,-1,700.000,750.000,-1,675.000,700.000,-1,675.000,2,0,2,0,1,0,0,0,1,2,0,0,2,0,1,2,1
62,-7310.783,4611.723,-418.779,83.062,0.120796,-0.992655,0.006695,0.992677,0.120791,-0.001244,0.000427,0.006796,0.999977,0,0.75056,0.24548,45.034,0.491,-1,375.000,-1,375.000,450.000,300.000,300.000,300.000,275.000,-1,675.000,750.000,-1,700.000,700.000,-1,700.000,2,0,2,0,1,0,0,0,1,2,0,0,2,0,1,2,1
63,-7305.736,4656.314,-418.422,83.543,0.112469,-0.993635,0.006338,0.993653,0.112455,-0.002604,0.001875,0.006591,0.999977,0,0.74793,0.24046,44.876,0.481,-1,375.000,-1,375.000,450.000,300.000,300.000,300.000,275.000,-1,675.000,750.000,-1,700.000,700.000,-1,700.000,2,0,2,0,1,0,0,0,1,2,0,0,2,0,0,2,1
64,-7301.075,4700.772,-418.010,84.014,0.104309,-0.994528,0.005820,0.994539,0.104286,-0.004064,0.003435,0.006212,0.999975,0,0.74502,0.23541,44.701,0.471,-1,375.000,-1,375.000,450.000,300.000,300.000,300.000,250.000,-1,650.000,725.000,-1,700.000,700.000,-1,725.000,2,0,2,0,1,0,0,0,1,2,0,0,2,0,0,2,1
65,-7296.794,4745.075,-417.591,84.482,0.096195,-0.995348,0.005339,0.995350,0.096165,-0.005500,0.004961,0.005843,0.999971,0,0.74183,0.23383,44.510,0.468,-1,375.000,-1,375.000,475.000,300.000,300.000,300.000,250.000,-1,650.000,725.000,-1,700.000,700.000,-1,775.000,2,0,2,0,1,0,0,0,1,2,0,0,2,0,0,2,1
66,-7292.892,4789.207,-417.166,84.947,0.088111,-0.996099,0.004894,0.996090,0.088076,-0.006914,0.006456,0.005484,0.999964,0,0.73840,0.23275,44.304,0.465,-1,375.000,-1,375.000,475.000,300.000,300.000,300.000,250.000,-1,625.000,700.000,-1,700.000,700.000,-1,-1,2,0,2,0,1,0,0,0,1,2,0,0,2,0,0,2,2
67,-7289.293,4833.700,-416.730,85.375,0.080670,-0.996731,0.004485,0.996709,0.080630,-0.008322,0.007933,0.005142,0.999955,0,0.74397,0.21407,44.638,0.428,-1,375.000,-1,375.000,475.000,300.000,300.000,300.000,250.000,-1,625.000,675.000,-1,700.000,725.000,-1,-1,2,0,2,0,1,0,0,0,1,2,0,0,2,0,0,2,2
68,-7286.042,4877.991,-416.290,85.802,0.073248,-0.997305,0.004109,0.997270,0.073206,-0.009709,0.009382,0.004809,0.999944,0,0.74016,0.21335,44.410,0.427,-1,375.000,-1,375.000,475.000,325.000,325.000,300.000,250.000,-1,625.000,675.000,-1,700.000,725.000,-1,-1,2,0,2,0,1,0,0,0,1,2,0,0,2,0,0,2,2
69,-7283.135,4922.068,-415.846,86.227,0.065840,-0.997823,0.003763,0.997772,0.065795,-0.011075,0.010803,0.004484,0.999932,0,0.73621,0.21282,44.173,0.426,-1,375.000,-1,375.000,475.000,325.000,325.000,300.000,250.000,-1,625.000,650.000,-1,700.000,725.000,-1,-1,2,0,2,0,1,0,0,0,1,2,0,0,2,0,0,2,2
70,-7280.570,4965.924,-415.398,86.652,0.058439,-0.998285,0.003448,0.998216,0.058392,-0.012422,0.012200,0.004168,0.999917,0,0.73218,0.21249,43.931,0.425,-1,375.000,-1,375.000,500.000,325.000,325.000,300.000,250.000,-1,600.000,650.000,-1,700.000,725.000,-1,-1,2,0,2,0,1,0,0,0,1,2,0,0,2,0,0,2,2
71,-7278.342,5009.553,-414.946,87.077,0.051039,-0.998692,0.003162,0.998604,0.050991,-0.013752,0.013572,0.003859,0.999900,0,0.72811,0.21236,43.686,0.425,-1,375.000,-1,375.000,550.000,325.000,325.000,300.000,225.000,-1,600.000,650.000,-1,700.000,725.000,-1,-1,2,0,2,0,1,0,0,0,1,2,0,0,2,0,0,2,2
72,-7276.449,5052.954,-414.491,87.502,0.043633,-0.999043,0.002905,0.998936,0.043584,-0.015064,0.014923,0.003559,0.999882,0,0.72404,0.21241,43.442,0.425,-1,375.000,-1,375.000,625.000,325.000,325.000,300.000,225.000,-1,600.000,625.000,-1,700.000,725.000,-1,-1,2,0,2,0,1,0,0,0,1,2,0,0,2,0,0,2,2
73,-7274.886,5096.128,-414.034,87.927,0.036216,-0.999340,0.002676,0.999212,0.036168,-0.016361,0.016254,0.003267,0.999863,0,0.72003,0.21265,43.202,0.425,-1,375.000,-1,375.000,-1,325.000,325.000,300.000,225.000,-1,600.000,625.000,-1,700.000,750.000,-1,-1,2,0,2,0,2,0,0,0,1,2,0,0,2,0,0,2,2
74,-7273.652,5139.077,-413.573,88.353,0.028782,-0.999583,0.002475,0.999431,0.028734,-0.017644,0.017566,0.002981,0.999841,0,0.71612,0.21308,42.967,0.426,-1,375.000,-1,400.000,-1,325.000,325.000,300.000,225.000,-1,600.000,625.000,-1,700.000,750.000,-1,-1,2,0,2,0,2,0,0,0,1,2,0,0,2,0,0,2,2
75,-7272.742,5181.808,-413.110,88.781,0.021324,-0.999770,0.002301,0.999595,0.021277,-0.018915,0.018861,0.002703,0.999818,0,0.71234,0.21368,42.741,0.427,-1,375.000,-1,400.000,-1,325.000,325.000,300.000,225.000,-1,575.000,625.000,-1,700.000,750.000,-1,-1,2,0,2,0,2,0,0,0,1,2,0,0,2,0,0,2,2
76,-7272.156,5224.329,-412.645,89.210,0.013839,-0.999902,0.002153,0.999701,0.013792,-0.020174,0.020143,0.002432,0.999794,0,0.70874,0.21446,42.525,0.429,-1,375.000,-1,400.000,-1,325.000,325.000,300.000,225.000,-1,550.000,575.000,-1,700.000,750.000,-1,-1,2,0,2,0,2,0,0,0,1,2,0,0,2,0,0,2,2
77,-7271.890,5266.649,-411.846,89.641,0.006327,-0.999977,0.002493,0.999763,0.006274,-0.020852,0.020836,0.002624,0.999779,0,0.70535,0.21540,42.321,0.431,-1,375.000,-1,400.000,-1,325.000,325.000,300.000,225.000,-1,550.000,575.000,-1,700.000,750.000,-1,-1,2,0,2,0,2,0,0,0,1,2,0,0,2,0,0,2,2
78,-7271.947,5311.667,-410.726,90.071,-0.001184,-0.999995,0.002999,0.999768,-0.001248,-0.021482,0.021485,0.002973,0.999765,0,0.75031,0.21548,45.019,0.431,-1,375.000,-1,400.000,-1,325.000,325.000,300.000,225.000,-1,575.000,600.000,-1,700.000,750.000,-1,-1,2,0,2,0,2,0,0,0,1,2,0,0,2,0,0,2,2
79,-7272.338,5356.475,-409.602,90.500,-0.008656,-0.999956,0.003542,0.999717,-0.008732,-0.022114,0.022144,0.003349,0.999749,0,0.74682,0.21442,44.809,0.429,-1,375.000,-1,400.000,-1,325.000,325.000,300.000,225.000,-1,600.000,625.000,-1,700.000,750.000,-1,-1,2,0,2,0,2,0,0,0,1,2,0,0,2,0,0,2,2
80,-7273.060,5401.056,-408.480,90.927,-0.016097,-0.999862,0.004097,0.999610,-0.016186,-0.022751,0.022814,0.003730,0.999733,0,0.74311,0.21356,44.587,0.427,-1,375.000,-1,400.000,-1,325.000,325.000,300.000,225.000,-1,625.000,650.000,575.000,700.000,750.000,-1,-1,2,0,2,0,2,0,0,0,1,2,0,0,1,0,0,2,2
81,-7274.107,5445.398,-407.361,91.353,-0.023513,-0.999713,0.004656,0.999448,-0.023616,-0.023387,0.023490,0.004104,0.999716,0,0.73924,0.21288,44.355,0.426,-1,375.000,-1,400.000,-1,325.000,325.000,300.000,225.000,-1,650.000,675.000,525.000,700.000,750.000,-1,-1,2,0,2,0,2,0,0,0,1,2,0,0,1,0,0,2,2
82,-7275.476,5489.492,-406.246,91.778,-0.030910,-0.999509,0.005218,0.999230,-0.031027,-0.024021,0.024171,0.004471,0.999698,0,0.73525,0.21241,44.115,0.425,-1,375.000,-1,400.000,-1,325.000,325.000,300.000,225.000,-1,675.000,675.000,500.000,700.000,750.000,-1,-1,2,0,2,0,2,0,0,0,1,2,0,0,1,0,0,2,2
83,-7277.162,5533.330,-405.134,92.202,-0.038296,-0.999250,0.005781,0.998957,-0.038427,-0.024653,0.024857,0.004831,0.999679,0,0.73118,0.21212,43.871,0.424,-1,375.000,-1,400.000,-1,325.000,325.000,300.000,250.000,-1,700.000,700.000,475.000,700.000,750.000,-1,-1,2,0,2,0,2,0,0,0,1,2,0,0,1,0,0,2,2
84,-7279.161,5576.909,-404.025,92.626,-0.045675,-0.998936,0.006344,0.998630,-0.045822,-0.025283,0.025547,0.005181,0.999660,0,0.72708,0.21204,43.625,0.424,-1,375.000,-1,400.000,-1,325.000,325.000,300.000,250.000,-1,700.000,700.000,475.000,725.000,750.000,-1,-1,2,0,2,0,2,0,0,0,1,2,0,0,1,0,0,2,2
85,-7281.470,5620.227,-402.920,93.051,-0.053055,-0.998568,0.006908,0.998247,-0.053218,-0.025912,0.026242,0.005521,0.999640,0,0.72300,0.21214,43.380,0.424,-1,375.000,-1,400.000,-1,325.000,325.000,300.000,250.000,-1,725.000,725.000,475.000,725.000,750.000,-1,-1,2,0,2,0,2,0,0,0,1,2,0,0,1,0,0,2,2
86,-7284.085,5663.287,-401.816,93.475,-0.060442,-0.998144,0.007471,0.997808,-0.060620,-0.026538,0.026941,0.005851,0.999620,0,0.71898,0.21243,43.139,0.425,-1,375.000,-1,400.000,-1,325.000,325.000,300.000,250.000,-1,750.000,725.000,475.000,725.000,750.000,-1,-1,2,0,2,0,2,0,0,0,1,2,0,0,1,0,0,2,2
87,-7287.145,5711.128,-400.591,93.660,-0.063642,-0.997940,0.008086,0.997588,-0.063840,-0.027234,0.027695,0.006333,0.999596,0,0.79898,0.09243,47.939,0.185,-1,375.000,-1,400.000,-1,325.000,325.000,300.000,250.000,-1,750.000,750.000,475.000,725.000,750.000,-1,-1,2,0,2,0,2,0,0,0,1,2,0,0,1,0,0,2,2
88,-7290.396,5762.719,-399.271,93.605,-0.062658,-0.997997,0.008733,0.997629,-0.062880,-0.027986,0.028479,0.006959,0.999570,0,0.86156,-0.02757,51.693,-0.055,-1,375.000,-1,400.000,-1,325.000,325.000,300.000,250.000,-1,775.000,750.000,475.000,725.000,775.000,-1,-1,2,0,2,0,2,0,0,0,1,2,0,0,1,0,0,2,2
89,-7293.369,5814.115,-397.955,93.310,-0.057490,-0.998302,0.009371,0.997919,-0.057738,-0.028722,0.029215,0.007700,0.999544,0,0.85804,-0.14757,51.482,-0.295,-1,375.000,-1,400.000,-1,325.000,325.000,300.000,275.000,-1,800.000,750.000,475.000,725.000,775.000,-1,-1,2,0,2,0,2,0,0,0,1,2,0,0,1,0,0,2,2
90,-7295.912,5865.358,-396.637,92.842,-0.049297,-0.998734,0.010027,0.998337,-0.049573,-0.029419,0.029878,0.008560,0.999517,0,0.85509,-0.23425,51.305,-0.468,-1,375.000,-1,400.000,-1,325.000,325.000,300.000,275.000,-1,800.000,775.000,500.000,725.000,775.000,-1,-1,2,0,2,0,2,0,0,0,1,2,0,0,1,0,0,2,2
91,-7298.033,5916.470,-395.218,92.376,-0.041154,-0.999098,0.010456,0.998692,-0.041450,-0.029943,0.030349,0.009210,0.999497,0,0.85261,-0.23293,51.156,-0.466,-1,375.000,-1,400.000,-1,325.000,325.000,300.000,275.000,-1,850.000,800.000,500.000,725.000,775.000,-1,-1,2,0,2,0,2,0,0,0,1,2,0,0,1,0,0,2,2
92,-7299.736,5967.464,-393.573,91.913,-0.033048,-0.999390,0.011285,0.998985,-0.033376,-0.030264,0.030622,0.010274,0.999478,0,0.85037,-0.23146,51.022,-0.463,-1,375.000,-1,400.000,-1,325.000,325.000,300.000,275.000,-1,875.000,850.000,500.000,725.000,775.000,-1,-1,2,0,2,0,2,0,0,0,1,2,0,0,1,0,0,2,2
93,-7301.027,6018.350,-391.935,91.453,-0.024997,-0.999614,0.012104,0.999210,-0.025357,-0.030594,0.030889,0.011329,0.999459,0,0.84837,-0.22984,50.902,-0.460,-1,375.000,-1,400.000,-1,325.000,325.000,300.000,275.000,-1,925.000,875.000,525.000,725.000,775.000,-1,-1,2,0,2,0,2,0,0,0,1,2,0,0,1,0,0,2,2
94,-7301.911,6069.140,-390.305,90.997,-0.017005,-0.999772,0.012907,0.999370,-0.017397,-0.030928,0.031145,0.012373,0.999438,0,0.84663,-0.22809,50.798,-0.456,-1,375.000,-1,400.000,-1,325.000,325.000,300.000,275.000,-1,975.000,925.000,525.000,725.000,775.000,-1,-1,2,0,2,0,2,0,0,0,1,2,0,0,1,0,0,2,2
95,-7302.393,6119.846,-388.684,90.544,-0.009077,-0.999865,0.013698,0.999466,-0.009502,-0.031265,0.031390,0.013407,0.999417,0,0.84514,-0.22621,50.708,-0.452,-1,375.000,-1,400.000,-1,325.000,325.000,300.000,300.000,-1,-1,950.000,525.000,725.000,775.000,-1,-1,2,0,2,0,2,0,0,0,1,2,2,0,1,0,0,2,2
96,-7302.479,6170.479,-387.071,90.096,-0.001219,-0.999894,0.014478,0.999499,-0.001677,-0.031604,0.031625,0.014432,0.999396,0,0.84389,-0.22421,50.634,-0.448,-1,375.000,-1,400.000,-1,325.000,325.000,300.000,300.000,-1,-1,1000.000,550.000,725.000,775.000,-1,-1,2,0,2,0,2,0,0,0,1,2,2,0,1,0,0,2,2
97,-7302.172,6221.052,-385.466,89.652,0.006564,-0.999862,0.015248,0.999471,0.006075,-0.031945,0.031848,0.015450,0.999373,0,0.84289,-0.22209,50.574,-0.444,-1,375.000,-1,400.000,-1,325.000,325.000,300.000,300.000,-1,-1,-1,550.000,725.000,775.000,-1,-1,2,0,2,0,2,0,0,0,0,2,2,2,1,0,0,2,2
98,-7301.477,6271.575,-383.869,89.212,0.014270,-0.999770,0.016011,0.999384,0.013748,-0.032287,0.032060,0.016462,0.999350,0,0.84213,-0.21986,50.528,-0.440,-1,375.000,-1,400.000,-1,325.000,325.000,300.000,300.000,-1,-1,-1,575.000,725.000,775.000,-1,-1,2,0,2,0,2,0,0,0,0,2,2,2,1,0,0,2,2
99,-7300.400,6322.059,-382.281,88.777,0.021894,-0.999620,0.016769,0.999240,0.021338,-0.032631,0.032261,0.017471,0.999327,0,0.84159,-0.21753,50.495,-0.435,-1,375.000,-1,400.000,-1,325.000,325.000,300.000,300.000,-1,-1,-1,600.000,725.000,775.000,-1,-1,2,0,2,0,2,0,0,0,0,2,2,2,1,0,0,2,2
100,-7298.944,6372.514,-380.701,88.347,0.029432,-0.999413,0.017523,0.999040,0.028842,-0.032975,0.032451,0.018476,0.999303,0,0.84127,-0.21510,50.476,-0.430,-1,375.000,-1,400.000,-1,325.000,325.000,300.000,300.000,-1,-1,-1,600.000,750.000,800.000,-1,-1,2,0,2,0,2,0,0,0,0,2,2,2,1,0,0,2,2
101,-7297.114,6422.950,-379.130,87.922,0.036880,-0.999153,0.018274,0.998787,0.036257,-0.033320,0.032630,0.019481,0.999278,0,0.84116,-0.21257,50.469,-0.425,-1,400.000,-1,400.000,-1,325.000,325.000,300.000,300.000,-1,-1,-1,625.000,750.000,800.000,-1,-1,2,0,2,0,2,0,0,0,0,2,2,2,1,0,0,2,2
102,-7294.914,6473.377,-377.568,87.502,0.044235,-0.998840,0.019026,0.998483,0.043578,-0.033665,0.032797,0.020486,0.999252,0,0.84124,-0.20997,50.474,-0.420,-1,400.000,-1,400.000,-1,325.000,325.000,300.000,300.000,-1,-1,-1,650.000,750.000,800.000,-1,-1,2,0,2,0,2,0,0,0,0,2,2,2,1,0,0,2,2
103,-7292.349,6523.802,-376.015,87.087,0.051494,-0.998477,0.019779,0.998129,0.050803,-0.034011,0.032954,0.021494,0.999226,0,0.84151,-0.20728,50.491,-0.415,-1,400.000,-1,400.000,-1,325.000,325.000,300.000,300.000,-1,-1,-1,675.000,750.000,800.000,-1,-1,2,0,2,0,2,0,0,0,0,2,2,2,1,0,0,2,2
104,-7289.422,6574.235,-374.435,86.678,0.058652,-0.998066,0.020604,0.997737,0.057928,-0.034147,0.032887,0.022560,0.999204,0,0.84196,-0.20451,50.518,-0.409,-1,400.000,-1,400.000,-1,325.000,325.000,300.000,300.000,-1,-1,-1,700.000,750.000,800.000,-1,-1,2,0,2,0,2,0,0,0,0,2,2,2,1,0,0,2,2
105,-7286.138,6624.683,-372.816,86.275,0.065697,-0.997613,0.021265,0.997308,0.064951,-0.034043,0.032581,0.023444,0.999194,0,0.84258,-0.20167,50.555,-0.403,-1,400.000,-1,400.000,-1,325.000,325.000,300.000,300.000,-1,-1,-1,725.000,750.000,800.000,-1,-1,2,0,2,0,2,0,0,0,0,2,2,2,1,0,0,2,2
106,-7282.501,6675.153,-371.207,85.877,0.072636,-0.997117,0.021929,0.996837,0.071869,-0.033935,0.032261,0.024325,0.999183,0,0.84335,-0.19876,50.601,-0.398,-1,400.000,-1,400.000,-1,325.000,325.000,300.000,300.000,-1,-1,-1,750.000,750.000,800.000,-1,-1,2,0,2,0,2,0,0,0,0,2,2,2,1,0,0,2,2
107,-7278.514,6725.652,-369.609,85.486,0.079467,-0.996581,0.022598,0.996326,0.078680,-0.033821,0.031928,0.025203,0.999172,0,0.84427,-0.19578,50.656,-0.392,-1,400.000,-1,400.000,-1,325.000,325.000,300.000,300.000,-1,-1,-1,775.000,775.000,800.000,-1,-1,2,0,2,0,2,0,0,0,0,2,2,2,1,0,0,2,2
108,-7274.182,6776.187,-368.023,85.100,0.086188,-0.996007,0.023271,0.995778,0.085381,-0.033702,0.031581,0.026078,0.999161,0,0.84533,-0.19274,50.720,-0.385,-1,400.000,-1,400.000,-1,325.000,325.000,300.000,300.000,-1,-1,-1,800.000,775.000,800.000,-1,-1,2,0,2,0,2,0,0,0,0,2,2,2,1,0,0,2,2
109,-7269.510,6826.764,-366.447,84.721,0.092797,-0.995397,0.023950,0.995195,0.091970,-0.033578,0.031221,0.026951,0.999149,0,0.84653,-0.18964,50.792,-0.379,-1,400.000,-1,400.000,-1,325.000,325.000,300.000,300.000,-1,-1,-1,825.000,775.000,800.000,-1,-1,2,0,2,0,2,0,0,0,0,2,2,2,1,0,0,2,2
110,-7264.500,6877.387,-364.883,84.348,0.099291,-0.994754,0.024634,0.994580,0.098445,-0.033449,0.030849,0.027822,0.999137,0,0.84784,-0.18648,50.871,-0.373,-1,400.000,-1,400.000,-1,325.000,325.000,300.000,300.000,-1,-1,-1,850.000,775.000,800.000,-1,-1,2,0,2,0,2,0,0,0,0,2,2,2,1,0,0,2,2
111,-7259.158,6928.063,-363.331,83.982,0.105668,-0.994079,0.025325,0.993935,0.104804,-0.033315,0.030463,0.028692,0.999124,0,0.84928,-0.18326,50.957,-0.367,-1,400.000,-1,400.000,-1,325.000,325.000,300.000,300.000,-1,-1,-1,900.000,800.000,800.000,-1,-1,2,0,2,0,2,0,0,0,0,2,2,2,1,0,0,2,2
112,-7253.487,6978.796,-361.791,83.622,0.111927,-0.993376,0.026023,0.993262,0.111045,-0.033175,0.030066,0.029561,0.999111,0,0.85082,-0.18000,51.049,-0.360,-1,400.000,-1,400.000,-1,325.000,325.000,300.000,300.000,-1,-1,-1,925.000,800.000,800.000,-1,-1,2,0,2,0,2,0,0,0,0,2,2,2,1,0,0,2,2
113,-7247.492,7029.591,-360.264,83.268,0.118065,-0.992646,0.026729,0.992563,0.117166,-0.033031,0.029656,0.030430,0.999097,0,0.85246,-0.17668,51.148,-0.353,-1,400.000,-1,400.000,-1,325.000,325.000,300.000,300.000,-1,-1,-1,950.000,800.000,800.000,-1,-1,2,0,2,0,2,0,0,0,0,2,2,2,1,0,0,2,2
114,-7241.177,7080.452,-358.749,82.922,0.124082,-0.991892,0.027442,0.991841,0.123166,-0.032882,0.029235,0.031299,0.999082,0,0.85420,-0.17331,51.252,-0.347,-1,400.000,-1,400.000,-1,325.000,325.000,300.000,300.000,-1,-1,-1,1000.000,800.000,800.000,-1,-1,2,0,2,0,2,0,0,0,0,2,2,2,1,0,0,2,2
115,-7234.546,7131.385,-357.248,82.582,0.129975,-0.991117,0.028165,0.991099,0.129043,-0.032727,0.028802,0.032168,0.999067,0,0.85604,-0.16990,51.362,-0.340,-1,400.000,-1,400.000,-1,325.000,325.000,300.000,300.000,-1,-1,-1,-1,825.000,800.000,-1,-1,2,0,2,0,2,0,0,0,0,2,2,2,2,0,0,2,2
116,-7227.603,7182.392,-355.774,82.249,0.135743,-0.990324,0.028832,0.990337,0.134795,-0.032607,0.028405,0.032980,0.999052,0,0.85796,-0.16644,51.477,-0.333,-1,400.000,-1,400.000,-1,325.000,325.000,300.000,300.000,-1,-1,-1,-1,825.000,800.000,-1,-1,2,0,2,0,2,0,0,0,0,2,2,2,2,0,0,2,2
117,-7220.354,7233.477,-354.517,81.923,0.141345,-0.989542,0.028762,0.989580,0.140426,-0.031810,0.027439,0.032958,0.999080,0,0.85996,-0.16294,51.598,-0.326,-1,400.000,-1,400.000,-1,325.000,325.000,300.000,300.000,-1,-1,-1,-1,850.000,800.000,-1,-1,2,0,2,0,2,0,0,0,0,2,2,2,2,0,0,2,2
118,-7212.563,7286.326,-353.321,81.614,0.146653,-0.988763,0.029003,0.988842,0.145762,-0.030754,0.026181,0.033189,0.999106,0,0.89033,-0.15458,53.420,-0.309,-1,400.000,-1,400.000,-1,325.000,325.000,300.000,300.000,-1,-1,-1,-1,850.000,800.000,-1,-1,2,0,2,0,2,0,0,0,0,2,2,2,2,0,0,2,2
119,-7205.011,7334.356,-352.310,81.065,0.156094,-0.987303,0.029451,0.987433,0.155230,-0.029655,0.024707,0.033710,0.999126,0,0.81033,-0.27458,48.620,-0.549,-1,400.000,-1,400.000,-1,325.000,325.000,300.000,275.000,-1,-1,-1,-1,850.000,800.000,-1,-1,2,0,2,0,2,0,0,0,0,2,2,2,2,0,0,2,2
120,-7197.654,7377.554,-351.421,80.334,0.168644,-0.985225,0.029861,0.985403,0.167806,-0.028666,0.023232,0.034260,0.999143,0,0.73033,-0.36538,43.820,-0.731,-1,400.000,-1,400.000,-1,325.000,325.000,300.000,275.000,-1,-1,-1,-1,850.000,800.000,-1,-1,2,0,2,0,2,0,0,0,0,2,2,2,2,0,0,2,2
121,-7190.610,7415.933,-350.649,79.599,0.181236,-0.982975,0.030243,0.983197,0.180421,-0.027793,0.021863,0.034772,0.999156,0,0.65033,-0.36734,39.020,-0.735,-1,400.000,-1,400.000,-1,325.000,325.000,300.000,275.000,-1,-1,-1,-1,850.000,800.000,-1,-1,2,0,2,0,2,0,0,0,0,2,2,2,2,0,0,2,2
122,-7183.999,7449.509,-349.936,78.861,0.193859,-0.980559,0.030370,0.980810,0.193067,-0.027149,0.020757,0.035050,0.999170,0,0.57033,-0.36905,34.220,-0.738,-1,400.000,-1,400.000,-1,325.000,325.000,300.000,275.000,-1,-1,-1,-1,850.000,800.000,-1,-1,2,0,2,0,2,0,0,0,0,2,2,2,2,0,0,2,2
123,-7177.942,7478.299,-349.306,78.120,0.206502,-0.977975,0.030355,0.978245,0.205732,-0.026662,0.019830,0.035200,0.999184,0,0.49033,-0.37052,29.420,-0.741,-1,400.000,-1,400.000,-1,325.000,325.000,300.000,275.000,-1,-1,-1,-1,850.000,800.000,-1,-1,2,0,2,0,2,0,0,0,0,2,2,2,2,0,0,2,2
124,-7172.562,7502.324,-348.784,77.377,0.219156,-0.975219,0.030324,0.975505,0.218403,-0.026264,0.018990,0.035337,0.999195,0,0.41033,-0.37173,24.620,-0.743,-1,400.000,-1,400.000,-1,325.000,325.000,300.000,275.000,-1,-1,-1,-1,850.000,775.000,-1,-1,2,0,2,0,2,0,0,0,0,2,2,2,2,0,0,2,2
125,-7167.979,7521.607,-348.366,76.631,0.231807,-0.972291,0.030279,0.972591,0.231070,-0.025950,0.018234,0.035464,0.999205,0,0.33033,-0.37268,19.820,-0.745,-1,400.000,-1,400.000,-1,325.000,325.000,300.000,275.000,-1,-1,-1,-1,875.000,775.000,-1,-1,2,0,2,0,2,0,0,0,0,2,2,2,2,0,0,2,2
126,-7164.316,7536.173,-348.048,75.885,0.244444,-0.969192,0.030219,0.969504,0.243721,-0.025719,0.017561,0.035585,0.999212,0,0.25033,-0.37336,15.020,-0.747,-1,400.000,-1,400.000,-1,325.000,325.000,300.000,275.000,-1,-1,-1,-1,875.000,775.000,-1,-1,2,0,2,0,2,0,0,0,0,2,2,2,2,0,0,2,2
127,-7161.695,7546.051,-347.826,75.137,0.257056,-0.965926,0.030146,0.966248,0.256343,-0.025568,0.016969,0.035701,0.999218,0,0.17033,-0.37376,10.220,-0.748,-1,400.000,-1,400.000,-1,325.000,325.000,300.000,275.000,-1,-1,-1,-1,875.000,775.000,-1,-1,2,0,2,0,2,0,0,0,0,2,2,2,2,0,0,2,2
128,-7160.236,7551.272,-347.696,74.389,0.269631,-0.962495,0.030062,0.962823,0.268926,-0.025497,0.016456,0.035819,0.999223,0,0.09033,-0.37389,5.420,-0.748,-1,400.000,-1,400.000,1000.000,325.000,325.000,300.000,275.000,-1,-1,-1,-1,875.000,775.000,-1,-1,2,0,2,0,1,0,0,0,0,2,2,2,2,0,0,2,2
129,-7160.061,7551.867,-347.654,73.642,0.282157,-0.958900,0.029966,0.959234,0.281458,-0.025502,0.016020,0.035940,0.999226,0,0.01033,-0.37374,0.620,-0.747,-1,400.000,-1,400.000,1000.000,325.000,325.000,300.000,275.000,-1,-1,-1,-1,875.000,775.000,-1,-1,2,0,2,0,1,0,0,0,0,2,2,2,2,0,0,2,2
130,-7158.489,7557.054,-347.538,73.134,0.290631,-0.956367,0.029914,0.956707,0.289940,-0.025422,0.015639,0.036007,0.999229,0,0.09033,-0.25374,5.420,-0.507,-1,400.000,-1,400.000,975.000,325.000,325.000,300.000,275.000,-1,-1,-1,-1,875.000,775.000,-1,-1,2,0,2,0,1,0,0,0,0,2,2,2,2,0,0,2,2
131,-7155.478,7566.820,-347.348,72.867,0.295085,-0.955003,0.029903,0.955348,0.294401,-0.025257,0.015317,0.036020,0.999234,0,0.17033,-0.13374,10.220,-0.267,-1,400.000,-1,400.000,975.000,325.000,325.000,300.000,275.000,-1,-1,-1,-1,875.000,775.000,-1,-1,2,0,2,0,1,0,0,0,0,2,2,2,2,0,0,2,2
132,-7151.046,7581.171,-347.085,72.839,0.295535,-0.954863,0.029932,0.955213,0.294859,-0.025010,0.015056,0.035983,0.999239,0,0.25033,-0.01374,15.020,-0.027,-1,400.000,-1,400.000,975.000,325.000,325.000,300.000,275.000,-1,-1,-1,-1,875.000,775.000,-1,-1,2,0,2,0,1,0,0,0,0,2,2,2,2,0,0,2,2
133,-7145.269,7600.131,-346.749,73.052,0.291982,-0.955953,0.030003,0.956308,0.291316,-0.024683,0.014856,0.035899,0.999245,0,0.33033,0.10626,19.820,0.213,-1,400.000,-1,400.000,950.000,325.000,325.000,300.000,275.000,-1,-1,-1,-1,875.000,775.000,-1,-1,2,0,2,0,1,0,0,0,0,2,2,2,2,0,0,2,2
134,-7138.191,7623.711,-346.330,73.293,0.287945,-0.957174,0.030090,0.957536,0.287290,-0.024280,0.014596,0.035804,0.999252,0,0.41033,0.12059,24.620,0.241,-1,400.000,-1,400.000,950.000,325.000,325.000,300.000,275.000,-1,-1,-1,-1,875.000,775.000,-1,-1,2,0,2,0,1,0,0,0,0,2,2,2,2,0,0,2,2
135,-7129.851,7651.924,-345.827,73.531,0.283954,-0.958363,0.030192,0.958732,0.283313,-0.023803,0.014258,0.035705,0.999261,0,0.49033,0.11899,29.420,0.238,-1,400.000,-1,400.000,950.000,325.000,325.000,300.000,275.000,-1,-1,-1,-1,875.000,775.000,-1,-1,2,0,2,0,1,0,0,0,0,2,2,2,2,0,0,2,2
136,-7120.284,7684.780,-345.242,73.765,0.280020,-0.959516,0.030309,0.959894,0.279396,-0.023253,0.013844,0.035605,0.999270,0,0.57033,0.11707,34.220,0.234,-1,425.000,-1,400.000,950.000,325.000,325.000,300.000,275.000,-1,-1,-1,-1,875.000,775.000,-1,-1,2,0,2,0,1,0,0,0,0,2,2,2,2,0,0,2,2
137,-7109.525,7722.287,-344.575,73.995,0.276153,-0.960631,0.030443,0.961021,0.275548,-0.022635,0.013355,0.035507,0.999280,0,0.65033,0.11484,39.020,0.230,-1,425.000,-1,400.000,925.000,325.000,325.000,300.000,275.000,-1,-1,-1,-1,875.000,775.000,-1,-1,2,0,2,0,1,0,0,0,0,2,2,2,2,0,0,2,2
138,-7097.435,7764.406,-343.823,73.985,0.276304,-0.960584,0.030573,0.960987,0.275722,-0.021954,0.012659,0.035446,0.999291,0,0.73033,-0.00516,43.820,-0.010,-1,425.000,-1,400.000,925.000,325.000,325.000,300.000,275.000,-1,-1,-1,-1,900.000,775.000,-1,-1,2,0,2,0,1,0,0,0,0,2,2,2,2,0,0,2,2
