timestep,x_cm,y_cm,z_cm,yaw_deg,basis_xx,basis_xy,basis_xz,basis_yx,basis_yy,basis_yz,basis_zx,basis_zy,basis_zz,teleport_flag,throttle_cmd,steering_cmd,cmd_move_cm,cmd_turn_deg,lidar_cm_0,lidar_cm_1,lidar_cm_2,lidar_cm_3,lidar_cm_4,lidar_cm_5,lidar_cm_6,lidar_cm_7,lidar_cm_8,lidar_cm_9,lidar_cm_10,lidar_cm_11,lidar_cm_12,lidar_cm_13,lidar_cm_14,lidar_cm_15,lidar_cm_16,lidar_class_0,lidar_class_1,lidar_class_2,lidar_class_3,lidar_class_4,lidar_class_5,lidar_class_6,lidar_class_7,lidar_class_8,lidar_class_9,lidar_class_10,lidar_class_11,lidar_class_12,lidar_class_13,lidar_class_14,lidar_class_15,lidar_class_16
0,2951.675,-8859.896,312.609,-91.377,-0.010679,0.989381,-0.144950,-0.995754,-0.023777,-0.088931,-0.091433,0.143385,0.985434,1,0.08000,0.12000,4.800,0.240,-1,475.000,-1,400.000,975.000,375.000,350.000,150.000,250.000,-1,-1,-1,-1,-1,700.000,-1,-1,2,0,2,0,0,0,0,1,0,2,2,2,2,2,0,2,2
1,2951.526,-8869.494,311.744,-90.897,-0.002279,0.989451,-0.144852,-0.995811,-0.015486,-0.090115,-0.091408,0.144039,0.985341,0,0.16000,0.24000,9.600,0.480,-1,475.000,-1,400.000,975.000,375.000,350.000,150.000,250.000,-1,-1,-1,-1,-1,700.000,-1,-1,2,0,2,0,0,0,0,1,0,2,2,2,2,2,0,2,2
2,2951.484,-8883.893,310.458,-90.177,0.010319,0.989427,-0.144663,-0.995764,-0.003051,-0.091895,-0.091364,0.144999,0.985205,0,0.24000,0.36000,14.400,0.720,-1,475.000,-1,400.000,975.000,375.000,350.000,175.000,250.000,-1,-1,-1,-1,-1,700.000,-1,-1,2,0,2,0,0,0,0,1,0,2,2,2,2,2,0,2,2
3,2951.671,-8903.091,308.763,-89.443,0.023244,0.989251,-0.144371,-0.995485,0.009609,-0.094435,-0.092033,0.145914,0.985007,0,0.32000,0.36658,19.200,0.733,-1,475.000,-1,400.000,975.000,375.000,350.000,175.000,250.000,-1,-1,-1,-1,-1,700.000,-1,-1,2,0,2,0,0,0,0,1,0,2,2,2,2,2,0,2,2
4,2952.212,-8927.084,306.666,-88.711,0.036265,0.988922,-0.143935,-0.994962,0.022258,-0.097756,-0.093469,0.146755,0.984747,0,0.40000,0.36643,24.000,0.733,-1,475.000,-1,375.000,950.000,350.000,325.000,175.000,250.000,-1,-1,-1,-1,-1,675.000,-1,-1,2,0,2,0,0,0,0,1,0,2,2,2,2,2,0,2,2
5,2953.229,-8955.865,304.174,-87.978,0.049376,0.988445,-0.143314,-0.994185,0.034892,-0.101875,-0.095698,0.147511,0.984420,0,0.48000,0.36616,28.800,0.732,-1,475.000,-1,375.000,900.000,350.000,325.000,175.000,250.000,-1,-1,-1,-1,1000.000,675.000,-1,-1,2,0,2,0,0,0,0,1,0,2,2,2,2,0,0,2,2
6,2954.843,-8989.426,301.291,-87.247,0.062572,0.987820,-0.142465,-0.993142,0.047502,-0.106826,-0.098757,0.148172,0.984018,0,0.56000,0.36572,33.600,0.731,-1,450.000,-1,375.000,825.000,350.000,325.000,175.000,250.000,-1,-1,-1,-1,975.000,650.000,-1,-1,2,0,2,0,0,0,0,1,0,2,2,2,2,0,0,2,2
7,-7543.228,2295.760,393.303,112.054,-0.374968,-0.926289,-0.037244,0.926917,-0.375265,0.001058,-0.014957,-0.034126,0.999306,1,0.00000,0.00000,38.400,0.730,-1,400.000,-1,375.000,-1,325.000,325.000,300.000,300.000,-1,625.000,675.000,-1,850.000,850.000,-1,-1,2,0,2,0,2,0,0,0,0,2,0,0,2,0,0,2,2
8,-7545.012,2300.216,393.241,111.814,-0.371087,-0.927851,-0.037241,0.928480,-0.371381,0.001042,-0.014797,-0.034191,0.999306,0,0.08000,-0.12000,4.800,-0.240,-1,400.000,-1,375.000,-1,325.000,325.000,300.000,300.000,-1,625.000,700.000,-1,850.000,850.000,-1,-1,2,0,2,0,2,0,0,0,0,2,0,0,2,0,0,2,2
9,-7548.505,2309.158,393.118,111.334,-0.363306,-0.930925,-0.037238,0.931557,-0.363593,0.001005,-0.014475,-0.034324,0.999306,0,0.16000,-0.24000,9.600,-0.480,-1,400.000,-1,400.000,-1,325.000,325.000,300.000,300.000,-1,625.000,700.000,-1,875.000,875.000,-1,-1,2,0,2,0,2,0,0,0,0,2,0,0,2,0,0,2,2
10,-7553.575,2322.636,392.937,110.614,-0.351587,-0.935414,-0.037243,0.936051,-0.351864,0.000938,-0.013982,-0.034531,0.999306,0,0.24000,-0.36000,14.400,-0.720,-1,400.000,-1,400.000,-1,325.000,325.000,300.000,300.000,-1,625.000,700.000,-1,875.000,875.000,-1,-1,2,0,2,0,2,0,0,0,0,2,0,0,2,0,0,2,2
11,-7560.074,2340.703,392.698,109.786,-0.338035,-0.940395,-0.037277,0.941038,-0.338299,0.000814,-0.013376,-0.034804,0.999305,0,0.32000,-0.41423,19.200,-0.828,-1,400.000,-1,400.000,-1,325.000,325.000,300.000,300.000,-1,650.000,700.000,-1,875.000,875.000,-1,-1,2,0,2,0,2,0,0,0,0,2,0,0,2,0,0,2,2
12,-7567.870,2363.401,392.403,108.956,-0.324389,-0.945186,-0.037362,0.945838,-0.324637,0.000609,-0.012705,-0.035141,0.999302,0,0.40000,-0.41498,24.000,-0.830,-1,400.000,-1,400.000,-1,325.000,325.000,300.000,300.000,-1,650.000,725.000,-1,900.000,875.000,-1,-1,2,0,2,0,2,0,0,0,0,2,0,0,2,0,0,2,2
13,-7576.829,2390.773,392.053,108.124,-0.310647,-0.949785,-0.037513,0.950450,-0.310877,0.000314,-0.011960,-0.035557,0.999296,0,0.48000,-0.41592,28.800,-0.832,-1,400.000,-1,400.000,-1,325.000,325.000,300.000,300.000,-1,675.000,725.000,-1,900.000,900.000,-1,-1,2,0,2,0,2,0,0,0,0,2,0,0,2,0,0,2,2
14,-7586.816,2422.854,391.650,107.290,-0.296805,-0.954192,-0.037747,0.954873,-0.297014,-0.000080,-0.011135,-0.036067,0.999287,0,0.56000,-0.41700,33.600,-0.834,-1,400.000,-1,400.000,-1,325.000,325.000,300.000,300.000,-1,700.000,750.000,-1,925.000,900.000,-1,-1,2,0,2,0,2,0,0,0,0,2,0,0,2,0,0,2,2
15,-7597.692,2459.682,391.196,106.454,-0.282864,-0.958404,-0.038081,0.959106,-0.283048,-0.000582,-0.010221,-0.036688,0.999274,0,0.64000,-0.41816,38.400,-0.836,-1,400.000,-1,400.000,-1,325.000,325.000,300.000,300.000,-1,725.000,775.000,-1,950.000,925.000,-1,-1,2,0,2,0,2,0,0,0,0,2,0,0,2,0,0,2,2
16,-7609.321,2501.288,390.692,105.615,-0.268827,-0.962417,-0.038533,0.963144,-0.268982,-0.001199,-0.009211,-0.037435,0.999257,0,0.72000,-0.41933,43.200,-0.839,-1,425.000,-1,425.000,-1,325.000,325.000,300.000,300.000,-1,750.000,800.000,-1,975.000,975.000,-1,-1,2,0,2,0,2,0,0,0,0,2,0,0,2,0,0,2,2
17,-7621.562,2547.701,390.150,104.774,-0.254700,-0.966227,-0.039162,0.966986,-0.254822,-0.001922,-0.008122,-0.038359,0.999231,0,0.80000,-0.42040,48.000,-0.841,-1,425.000,-1,425.000,-1,350.000,350.000,300.000,300.000,-1,775.000,825.000,-1,1000.000,1000.000,-1,-1,2,0,2,0,2,0,0,0,0,2,0,0,2,0,0,2,2
18,-7633.611,2596.274,389.439,103.932,-0.240461,-0.969852,-0.039560,0.970627,-0.240583,-0.001708,-0.007861,-0.038809,0.999216,0,0.83409,-0.42124,50.046,-0.842,-1,425.000,-1,425.000,-1,350.000,350.000,300.000,300.000,-1,825.000,875.000,-1,-1,-1,-1,-1,2,0,2,0,2,0,0,0,0,2,0,0,2,2,2,2,2
19,-7644.882,2644.755,388.419,103.088,-0.226125,-0.973315,-0.039065,0.974061,-0.226287,-0.000290,-0.008558,-0.038118,0.999237,0,0.82957,-0.42172,49.774,-0.843,-1,425.000,-1,425.000,-1,350.000,350.000,300.000,300.000,-1,875.000,925.000,-1,-1,-1,-1,-1,2,0,2,0,2,0,0,0,0,2,0,0,2,2,2,2,2
20,-7655.381,2693.133,387.491,102.245,-0.211729,-0.976574,-0.038386,0.977281,-0.211940,0.001482,-0.009583,-0.037200,0.999262,0,0.82507,-0.42177,49.504,-0.844,-1,450.000,-1,425.000,-1,350.000,350.000,300.000,300.000,-1,950.000,1000.000,-1,-1,-1,-1,-1,2,0,2,0,2,0,0,0,0,2,0,0,2,2,2,2,2
21,-7665.115,2741.400,386.189,101.402,-0.197211,-0.979558,-0.039679,0.980282,-0.197547,0.004669,-0.012412,-0.037976,0.999202,0,0.82063,-0.42141,49.238,-0.843,-1,425.000,-1,425.000,-1,350.000,350.000,300.000,300.000,-1,-1,-1,-1,-1,-1,-1,-1,2,0,2,0,2,0,0,0,0,2,2,2,2,2,2,2,2
22,-7674.092,2789.546,384.914,100.561,-0.182673,-0.982322,-0.040911,0.983056,-0.183137,0.007861,-0.015214,-0.038781,0.999132,0,0.81627,-0.42065,48.976,-0.841,-1,425.000,-1,425.000,-1,350.000,350.000,300.000,300.000,-1,-1,-1,-1,-1,1000.000,-1,-1,2,0,2,0,2,0,0,0,0,2,2,2,2,2,0,2,2
23,-7682.320,2837.567,383.668,99.722,-0.168130,-0.984866,-0.042077,0.985601,-0.168727,0.011058,-0.017990,-0.039612,0.999053,0,0.81200,-0.41950,48.720,-0.839,-1,425.000,-1,425.000,-1,350.000,350.000,300.000,300.000,-1,-1,-1,-1,-1,975.000,-1,-1,2,0,2,0,2,0,0,0,0,2,2,2,2,2,0,2,2
24,-7689.808,2885.457,382.451,98.886,-0.153599,-0.987190,-0.043174,0.987916,-0.154336,0.014259,-0.020740,-0.040462,0.998966,0,0.80786,-0.41796,48.472,-0.836,-1,425.000,-1,425.000,-1,350.000,325.000,300.000,300.000,-1,-1,-1,-1,-1,975.000,-1,-1,2,0,2,0,2,0,0,0,0,2,2,2,2,2,0,2,2
25,-7696.566,2933.213,381.263,98.054,-0.139098,-0.989292,-0.044201,0.990001,-0.139978,0.017464,-0.023464,-0.041329,0.998870,0,0.80385,-0.41605,48.231,-0.832,-1,425.000,-1,425.000,-1,325.000,325.000,300.000,300.000,-1,-1,-1,-1,-1,950.000,-1,-1,2,0,2,0,2,0,0,0,0,2,2,2,2,2,0,2,2
26,-7702.604,2980.832,380.104,97.226,-0.124643,-0.991174,-0.045153,0.991857,-0.125671,0.020672,-0.026164,-0.042209,0.998766,0,0.80000,-0.41377,48.000,-0.828,-1,425.000,-1,425.000,-1,325.000,325.000,300.000,300.000,-1,-1,-1,-1,-1,950.000,-1,-1,2,0,2,0,2,0,0,0,0,2,2,2,2,2,0,2,2
27,-7707.934,3028.312,378.976,96.404,-0.110250,-0.992837,-0.046029,0.993485,-0.111429,0.023881,-0.028839,-0.043096,0.998655,0,0.79631,-0.41114,47.778,-0.822,-1,425.000,-1,425.000,-1,325.000,325.000,300.000,300.000,-1,-1,-1,-1,-1,925.000,-1,-1,2,0,2,0,2,0,0,0,0,2,2,2,2,2,0,2,2
28,-7712.566,3075.654,377.876,95.587,-0.095935,-0.994286,-0.046827,0.994889,-0.097269,0.027091,-0.031491,-0.043988,0.998536,0,0.79280,-0.40816,47.568,-0.816,-1,425.000,-1,425.000,-1,325.000,325.000,300.000,300.000,-1,-1,-1,-1,-1,925.000,-1,-1,2,0,2,0,2,0,0,0,0,2,2,2,2,2,0,2,2
29,-7716.512,3122.859,376.807,94.778,-0.081714,-0.995521,-0.047544,0.996072,-0.083206,0.030300,-0.034120,-0.044881,0.998409,0,0.78947,-0.40484,47.368,-0.810,-1,425.000,-1,425.000,-1,350.000,325.000,300.000,300.000,-1,-1,-1,-1,1000.000,900.000,-1,-1,2,0,2,0,2,0,0,0,0,2,2,2,2,0,0,2,2
30,-7719.784,3169.927,375.767,93.975,-0.067601,-0.996548,-0.048179,0.997036,-0.069254,0.033507,-0.036728,-0.045771,0.998277,0,0.78635,-0.40119,47.181,-0.802,-1,425.000,-1,425.000,-1,350.000,325.000,300.000,325.000,-1,-1,-1,-1,1000.000,875.000,-1,-1,2,0,2,0,2,0,0,0,0,2,2,2,2,0,0,2,2
31,-7722.393,3216.861,374.757,93.181,-0.053612,-0.997372,-0.048730,0.997788,-0.055428,0.036711,-0.039316,-0.046654,0.998137,0,0.78344,-0.39722,47.006,-0.794,-1,425.000,-1,425.000,-1,350.000,350.000,300.000,325.000,-1,-1,-1,-1,975.000,850.000,-1,-1,2,0,2,0,2,0,0,0,0,2,2,2,2,0,0,2,2
32,-7724.351,3263.664,373.747,92.395,-0.039770,-0.998003,-0.049081,0.998334,-0.041741,0.039827,-0.041796,-0.047416,0.998000,0,0.78073,-0.39294,46.844,-0.786,-1,425.000,-1,425.000,-1,350.000,350.000,300.000,325.000,-1,-1,-1,-1,975.000,850.000,-1,-1,2,0,2,0,2,0,0,0,0,2,2,2,2,0,0,2,2
33,-7725.670,3310.341,371.567,91.618,-0.026169,-0.998478,-0.048556,0.998727,-0.028209,0.041815,-0.043121,-0.047400,0.997945,0,0.77825,-0.38836,46.695,-0.777,-1,425.000,-1,425.000,-1,350.000,350.000,300.000,325.000,-1,-1,-1,-1,975.000,825.000,-1,-1,2,0,2,0,2,0,0,0,0,2,2,2,2,0,0,2,2
34,-7726.393,3359.151,368.784,90.847,-0.012562,-0.998689,-0.049614,0.998908,-0.014766,0.044320,-0.044994,-0.049003,0.997785,0,0.81357,-0.38560,48.814,-0.771,-1,425.000,-1,425.000,-1,350.000,325.000,300.000,325.000,-1,-1,-1,-1,950.000,800.000,-1,-1,2,0,2,0,2,0,0,0,0,2,2,2,2,0,0,2,2
35,-7726.365,3403.165,366.310,89.962,0.003024,-0.998718,-0.050527,0.998913,0.000667,0.046604,-0.046511,-0.050613,0.997635,0,0.73357,-0.44267,44.014,-0.885,-1,425.000,-1,400.000,-1,350.000,325.000,300.000,325.000,-1,-1,-1,-1,925.000,800.000,-1,-1,2,0,2,0,2,0,0,0,0,2,2,2,2,0,0,2,2
36,-7725.737,3442.375,364.140,89.081,0.018518,-0.998513,-0.051279,0.998688,0.016023,0.048644,-0.047750,-0.052112,0.997499,0,0.65357,-0.44055,39.214,-0.881,-1,425.000,-1,400.000,-1,325.000,325.000,300.000,325.000,-1,-1,-1,-1,900.000,775.000,-1,-1,2,0,2,0,2,0,0,0,0,2,2,2,2,0,0,2,2
37,-7724.660,3476.773,362.269,88.204,0.033919,-0.998077,-0.051886,0.998237,0.031302,0.050438,-0.048716,-0.053505,0.997379,0,0.57357,-0.43849,34.414,-0.877,-1,425.000,-1,400.000,-1,325.000,325.000,300.000,325.000,-1,-1,-1,-1,900.000,750.000,-1,-1,2,0,2,0,2,0,0,0,0,2,2,2,2,0,0,2,2
38,-7723.282,3506.356,360.688,87.331,0.049226,-0.997414,-0.052365,0.997564,0.046504,0.051986,-0.049417,-0.054796,0.997274,0,0.49357,-0.43658,29.614,-0.873,-1,425.000,-1,400.000,-1,325.000,325.000,300.000,325.000,-1,-1,-1,-1,875.000,750.000,-1,-1,2,0,2,0,2,0,0,0,0,2,2,2,2,0,0,2,2
39,-7721.751,3531.123,359.390,86.461,0.064445,-0.996527,-0.052730,0.996675,0.061635,0.053293,-0.049858,-0.055989,0.997186,0,0.41357,-0.43487,24.814,-0.870,-1,425.000,-1,400.000,-1,325.000,325.000,300.000,300.000,-1,-1,-1,-1,850.000,750.000,-1,-1,2,0,2,0,2,0,0,0,0,2,2,2,2,0,0,2,2
40,-7720.214,3551.079,358.367,85.594,0.079581,-0.995419,-0.052997,0.995571,0.076699,0.054362,-0.050048,-0.057088,0.997114,0,0.33357,-0.43342,20.014,-0.867,-1,425.000,-1,400.000,-1,325.000,325.000,300.000,300.000,-1,-1,-1,-1,850.000,725.000,-1,-1,2,0,2,0,2,0,0,0,0,2,2,2,2,0,0,2,2
41,-7718.817,3566.229,357.610,84.729,0.094641,-0.994090,-0.053178,0.994255,0.091704,0.055198,-0.049995,-0.058097,0.997058,0,0.25357,-0.43226,15.214,-0.865,-1,425.000,-1,400.000,-1,325.000,325.000,300.000,300.000,-1,-1,-1,-1,850.000,725.000,-1,-1,2,0,2,0,2,0,0,0,0,2,2,2,2,0,0,2,2
42,-7717.705,3576.584,357.111,83.867,0.109633,-0.992543,-0.053288,0.992728,0.106657,0.055809,-0.049710,-0.059019,0.997018,0,0.17357,-0.43140,10.414,-0.863,-1,425.000,-1,400.000,-1,325.000,325.000,300.000,300.000,-1,-1,-1,-1,825.000,725.000,-1,-1,2,0,2,0,2,0,0,0,0,2,2,2,2,0,0,2,2
43,-7717.022,3582.157,356.859,83.005,0.124564,-0.990777,-0.053340,0.990991,0.121565,0.056202,-0.049199,-0.059860,0.996994,0,0.09357,-0.43084,5.614,-0.862,-1,400.000,-1,400.000,-1,325.000,325.000,300.000,325.000,-1,-1,-1,-1,825.000,725.000,-1,-1,2,0,2,0,2,0,0,0,0,2,2,2,2,0,0,2,2
44,-7716.911,3582.964,356.847,82.144,0.139442,-0.988792,-0.053346,0.989043,0.136436,0.056383,-0.048472,-0.060624,0.996983,0,0.01357,-0.43057,0.814,-0.861,-1,400.000,-1,400.000,-1,325.000,325.000,300.000,325.000,-1,-1,-1,-1,825.000,725.000,-1,-1,2,0,2,0,2,0,0,0,0,2,2,2,2,0,0,2,2
45,-7717.516,3579.025,357.065,81.283,0.154273,-0.986588,-0.053321,0.986884,0.151273,0.056359,-0.047537,-0.061316,0.996986,0,-0.06643,-0.43053,-3.986,-0.861,-1,400.000,-1,400.000,-1,325.000,325.000,300.000,325.000,-1,-1,-1,-1,825.000,725.000,-1,-1,2,0,2,0,2,0,0,0,0,2,2,2,2,0,0,2,2
46,-7718.978,3570.362,357.505,80.421,0.169060,-0.984165,-0.053278,0.984513,0.166081,0.056137,-0.046399,-0.061944,0.997001,0,-0.14643,-0.43068,-8.786,-0.861,-1,400.000,-1,400.000,-1,325.000,325.000,300.000,325.000,-1,-1,-1,-1,800.000,725.000,-1,-1,2,0,2,0,2,0,0,0,0,2,2,2,2,0,0,2,2
47,-7721.370,3557.379,358.142,79.560,0.183806,-0.981520,-0.053234,0.981928,0.180859,0.055739,-0.045081,-0.062517,0.997025,0,-0.22004,-0.43094,-13.202,-0.862,-1,400.000,-1,400.000,-1,325.000,325.000,300.000,325.000,-1,-1,-1,-1,800.000,725.000,-1,-1,2,0,2,0,2,0,0,0,0,2,2,2,2,0,0,2,2
48,-7723.908,3544.684,358.741,78.697,0.198515,-0.978655,-0.053157,0.979122,0.195606,0.055302,-0.043723,-0.063025,0.997054,0,-0.21576,-0.43120,-12.946,-0.862,-1,400.000,-1,400.000,-1,325.000,325.000,300.000,325.000,-1,-1,-1,-1,800.000,725.000,-1,-1,2,0,2,0,2,0,0,0,0,2,2,2,2,0,0,2,2
49,-7726.582,3532.279,359.291,77.834,0.213176,-0.975574,-0.053019,0.976098,0.210313,0.054784,-0.042296,-0.063431,0.997090,0,-0.21151,-0.43134,-12.691,-0.863,-1,400.000,-1,400.000,-1,325.000,325.000,300.000,325.000,-1,-1,-1,-1,800.000,725.000,-1,-1,2,0,2,0,2,0,0,0,0,2,2,2,2,0,0,2,2
50,-7729.386,3520.162,359.819,76.972,0.227790,-0.972272,-0.052901,0.972852,0.224972,0.054280,-0.040873,-0.063829,0.997123,0,-0.20729,-0.43136,-12.437,-0.863,-1,400.000,-1,400.000,-1,325.000,325.000,300.000,325.000,-1,-1,-1,-1,800.000,725.000,-1,-1,2,0,2,0,2,0,0,0,0,2,2,2,2,0,0,2,2
51,-7732.312,3508.332,360.327,76.109,0.242349,-0.968751,-0.052801,0.969386,0.239576,0.053787,-0.039457,-0.064220,0.997155,0,-0.20311,-0.43125,-12.186,-0.862,-1,400.000,-1,400.000,-1,325.000,325.000,300.000,325.000,-1,-1,-1,-1,800.000,750.000,-1,-1,2,0,2,0,2,0,0,0,0,2,2,2,2,0,0,2,2
52,-7735.352,3496.788,360.814,75.247,0.256846,-0.965013,-0.052719,0.965703,0.254118,0.053307,-0.038046,-0.064602,0.997186,0,-0.19898,-0.43103,-11.939,-0.862,-1,400.000,-1,400.000,-1,325.000,325.000,300.000,325.000,-1,-1,-1,-1,800.000,750.000,-1,-1,2,0,2,0,2,0,0,0,0,2,2,2,2,0,0,2,2
53,-7738.499,3485.526,361.281,74.386,0.271276,-0.961060,-0.052655,0.961804,0.268590,0.052840,-0.036640,-0.064978,0.997214,0,-0.19490,-0.43070,-11.694,-0.861,-1,400.000,-1,400.000,-1,325.000,325.000,300.000,325.000,-1,-1,-1,-1,800.000,750.000,-1,-1,2,0,2,0,2,0,0,0,0,2,2,2,2,0,0,2,2
54,-7741.747,3474.543,361.729,73.526,0.285617,-0.956899,-0.052609,0.957696,0.282974,0.052384,-0.035240,-0.065345,0.997240,0,-0.19089,-0.42988,-11.453,-0.860,-1,400.000,-1,400.000,-1,325.000,325.000,300.000,325.000,-1,-1,-1,-1,800.000,750.000,-1,-1,2,0,2,0,2,0,0,0,0,2,2,2,2,0,0,2,2
55,-7745.088,3463.835,362.158,72.671,0.299810,-0.952549,-0.052580,0.953398,0.297210,0.051941,-0.033849,-0.065703,0.997265,0,-0.18695,-0.42737,-11.217,-0.855,-1,425.000,-1,400.000,-1,325.000,325.000,300.000,325.000,-1,-1,-1,-1,800.000,750.000,-1,-1,2,0,2,0,2,0,0,0,0,2,2,2,2,0,0,2,2
56,-7748.516,3453.398,362.570,71.822,0.313853,-0.948015,-0.052569,0.948916,0.311295,0.051510,-0.032468,-0.066050,0.997288,0,-0.18310,-0.42481,-10.986,-0.850,-1,425.000,-1,400.000,-1,325.000,325.000,300.000,325.000,-1,-1,-1,-1,800.000,750.000,-1,-1,2,0,2,0,2,0,0,0,0,2,2,2,2,0,0,2,2
57,-7752.023,3443.226,362.964,70.977,0.327743,-0.943303,-0.052575,0.944255,0.325226,0.051091,-0.031096,-0.066389,0.997309,0,-0.17933,-0.42223,-10.760,-0.844,-1,425.000,-1,400.000,-1,325.000,325.000,300.000,325.000,-1,-1,-1,-1,825.000,775.000,-1,-1,2,0,2,0,2,0,0,0,0,2,2,2,2,0,0,2,2
58,-7755.604,3433.314,363.342,70.138,0.341476,-0.938418,-0.052597,0.939420,0.339000,0.050684,-0.029733,-0.066718,0.997329,0,-0.17567,-0.41962,-10.540,-0.839,-1,425.000,-1,400.000,-1,325.000,325.000,300.000,325.000,-1,-1,-1,-1,825.000,775.000,-1,-1,2,0,2,0,2,0,0,0,0,2,2,2,2,0,0,2,2
59,-7759.253,3423.655,363.704,69.304,0.355051,-0.933364,-0.052635,0.934416,0.352615,0.050289,-0.028378,-0.067038,0.997347,0,-0.17210,-0.41698,-10.326,-0.834,-1,425.000,-1,400.000,-1,325.000,325.000,300.000,325.000,-1,-1,-1,-1,825.000,775.000,-1,-1,2,0,2,0,2,0,0,0,0,2,2,2,2,0,0,2,2
60,-7762.965,3414.243,364.051,68.475,0.368465,-0.928147,-0.052688,0.929249,0.366069,0.049906,-0.027032,-0.067349,0.997363,0,-0.16863,-0.41433,-10.118,-0.829,-1,425.000,-1,400.000,-1,325.000,325.000,300.000,325.000,-1,-1,-1,-1,825.000,775.000,-1,-1,2,0,2,0,2,0,0,0,0,2,2,2,2,0,0,2,2
61,-7766.735,3405.073,364.384,67.652,0.381717,-0.922772,-0.052757,0.923922,0.379360,0.049534,-0.025695,-0.067651,0.997378,0,-0.16526,-0.41167,-9.915,-0.823,-1,425.000,-1,400.000,-1,325.000,325.000,300.000,325.000,-1,-1,-1,-1,825.000,775.000,-1,-1,2,0,2,0,2,0,0,0,0,2,2,2,2,0,0,2,2
62,-7770.558,3396.138,364.648,66.834,0.394809,-0.917257,-0.052592,0.918436,0.392493,0.049244,-0.024527,-0.067745,0.997401,0,-0.16199,-0.40899,-9.719,-0.818,-1,425.000,-1,400.000,-1,325.000,325.000,300.000,325.000,-1,-1,-1,-1,825.000,775.000,-1,-1,2,0,2,0,2,0,0,0,0,2,2,2,2,0,0,2,2
63,-7774.431,3387.431,364.872,66.021,0.407738,-0.911599,-0.052312,0.912798,0.405463,0.048991,-0.023450,-0.067726,0.997428,0,-0.15883,-0.40632,-9.530,-0.813,-1,425.000,-1,400.000,-1,325.000,325.000,300.000,325.000,-1,-1,-1,-1,825.000,775.000,-1,-1,2,0,2,0,2,0,0,0,0,2,2,2,2,0,0,2,2
64,-7776.395,3383.129,364.976,65.449,0.416804,-0.907499,-0.052145,0.908712,0.414553,0.048877,-0.022739,-0.067757,0.997443,0,-0.07883,-0.28632,-4.730,-0.573,-1,400.000,-1,400.000,-1,325.000,325.000,300.000,325.000,-1,-1,-1,-1,825.000,775.000,-1,-1,2,0,2,0,2,0,0,0,0,2,2,2,2,0,0,2,2
65,-7776.366,3383.193,364.966,65.116,0.422057,-0.905072,-0.052081,0.906293,0.419812,0.048904,-0.022398,-0.067841,0.997445,0,0.00117,-0.16632,0.070,-0.333,-1,400.000,-1,400.000,-1,325.000,325.000,300.000,325.000,-1,-1,-1,-1,800.000,775.000,-1,-1,2,0,2,0,2,0,0,0,0,2,2,2,2,0,0,2,2
66,-7774.304,3387.606,364.842,64.948,0.424711,-0.903829,-0.052102,0.905053,0.422457,0.049080,-0.022350,-0.068000,0.997435,0,0.08117,-0.08393,4.870,-0.168,-1,400.000,-1,400.000,-1,325.000,325.000,300.000,325.000,-1,-1,-1,-1,800.000,775.000,-1,-1,2,0,2,0,2,0,0,0,0,2,2,2,2,0,0,2,2
67,-7770.183,3396.354,364.604,64.779,0.427387,-0.902562,-0.052171,0.903791,0.425112,0.049416,-0.022422,-0.068272,0.997415,0,0.16117,-0.08446,9.670,-0.169,-1,400.000,-1,400.000,-1,325.000,325.000,300.000,325.000,-1,-1,-1,-1,800.000,775.000,-1,-1,2,0,2,0,2,0,0,0,0,2,2,2,2,0,0,2,2
68,-7763.978,3409.427,364.253,64.608,0.430108,-0.901262,-0.052286,0.902494,0.427801,0.049908,-0.022612,-0.068654,0.997384,0,0.24117,-0.08576,14.470,-0.172,-1,400.000,-1,400.000,-1,325.000,325.000,300.000,325.000,-1,-1,-1,-1,800.000,775.000,-1,-1,2,0,2,0,2,0,0,0,0,2,2,2,2,0,0,2,2
69,-7755.662,3426.811,363.757,64.432,0.432901,-0.899925,-0.052268,0.901147,0.430551,0.050591,-0.023024,-0.069002,0.997351,0,0.32117,-0.08781,19.270,-0.176,-1,400.000,-1,400.000,-1,325.000,325.000,300.000,325.000,-1,-1,-1,-1,800.000,775.000,-1,-1,2,0,2,0,2,0,0,0,0,2,2,2,2,0,0,2,2
70,-7745.205,3448.492,363.079,64.251,0.435791,-0.898548,-0.051930,0.899734,0.433390,0.051501,-0.023770,-0.069167,0.997322,0,0.40117,-0.09060,24.070,-0.181,-1,400.000,-1,400.000,-1,325.000,325.000,300.000,325.000,-1,-1,-1,-1,775.000,750.000,-1,-1,2,0,2,0,2,0,0,0,0,2,2,2,2,0,0,2,2
71,-7732.578,3474.454,362.285,64.063,0.438795,-0.897108,-0.051541,0.898249,0.436333,0.052563,-0.024665,-0.069361,0.997287,0,0.48117,-0.09410,28.870,-0.188,-1,400.000,-1,400.000,-1,325.000,325.000,300.000,325.000,-1,-1,-1,-1,775.000,750.000,-1,-1,2,0,2,0,2,0,0,0,0,2,2,2,2,0,0,2,2
72,-7717.747,3504.683,361.384,63.866,0.441931,-0.895592,-0.051111,0.896681,0.439400,0.053762,-0.025691,-0.069590,0.997245,0,0.56117,-0.09827,33.670,-0.197,-1,400.000,-1,400.000,-1,325.000,325.000,300.000,325.000,-1,-1,-1,-1,750.000,750.000,-1,-1,2,0,2,0,2,0,0,0,0,2,2,2,2,0,0,2,2
73,-7700.678,3539.160,360.386,63.660,0.445219,-0.893988,-0.050653,0.895020,0.442612,0.055084,-0.026825,-0.069860,0.997196,0,0.64117,-0.10308,38.470,-0.206,-1,400.000,-1,400.000,-1,325.000,325.000,300.000,325.000,-1,-1,-1,-1,750.000,725.000,-1,-1,2,0,2,0,2,0,0,0,0,2,2,2,2,0,0,2,2
74,-7681.333,3577.865,359.304,63.443,0.448673,-0.892286,-0.050180,0.893256,0.445983,0.056509,-0.028043,-0.070178,0.997140,0,0.72117,-0.10846,43.270,-0.217,-1,400.000,-1,375.000,-1,325.000,325.000,300.000,325.000,-1,-1,-1,-1,725.000,725.000,-1,-1,2,0,2,0,2,0,0,0,0,2,2,2,2,0,0,2,2
75,-7659.670,3620.778,358.151,63.214,0.452309,-0.890475,-0.049710,0.891379,0.449530,0.058017,-0.029317,-0.070552,0.997077,0,0.80117,-0.11436,48.070,-0.229,-1,400.000,-1,375.000,-1,325.000,325.000,325.000,325.000,-1,-1,-1,-1,725.000,700.000,-1,-1,2,0,2,0,2,0,0,0,0,2,2,2,2,0,0,2,2
76,-7635.940,3667.298,356.957,62.973,0.456136,-0.888545,-0.049267,0.889384,0.453264,0.059566,-0.030596,-0.070988,0.997008,0,0.87038,-0.12070,52.223,-0.241,-1,375.000,-1,375.000,-1,325.000,325.000,325.000,325.000,-1,-1,-1,-1,700.000,675.000,975.000,-1,2,0,2,0,2,0,0,0,0,2,2,2,2,0,0,1,2
77,-7612.128,3713.471,355.820,62.718,0.460150,-0.886495,-0.048870,0.887275,0.457194,0.060964,-0.031701,-0.071414,0.996943,0,0.86586,-0.12730,51.952,-0.255,975.000,375.000,-1,375.000,-1,325.000,300.000,325.000,325.000,-1,-1,-1,-1,675.000,675.000,925.000,-1,1,0,2,0,2,0,0,0,0,2,2,2,2,0,0,1,2
78,-7588.234,3759.278,354.649,62.451,0.464314,-0.884350,-0.048348,0.885079,0.461318,0.061816,-0.032364,-0.071494,0.996916,0,0.86106,-0.13352,51.664,-0.267,900.000,375.000,-1,375.000,-1,300.000,300.000,325.000,325.000,-1,-1,-1,-1,675.000,650.000,900.000,-1,1,0,2,0,2,0,0,0,0,2,2,2,2,0,0,1,2
79,-7564.259,3804.700,353.198,62.173,0.468627,-0.881998,-0.049675,0.882825,0.465562,0.062231,-0.031761,-0.073017,0.996825,0,0.85601,-0.13933,51.361,-0.279,850.000,375.000,-1,375.000,-1,300.000,300.000,325.000,325.000,-1,-1,-1,-1,650.000,650.000,850.000,-1,1,0,2,0,2,0,0,0,0,2,2,2,2,0,0,1,2
80,-7540.206,3849.724,351.769,61.886,0.473050,-0.879539,-0.051333,0.880495,0.469915,0.062521,-0.030868,-0.074774,0.996723,0,0.85077,-0.14357,51.046,-0.287,800.000,375.000,-1,375.000,-1,300.000,300.000,325.000,325.000,-1,-1,-1,-1,650.000,650.000,800.000,-1,1,0,2,0,2,0,0,0,0,2,2,2,2,0,0,1,2
81,-7516.078,3894.339,350.720,61.596,0.477413,-0.877115,-0.052402,0.878202,0.474340,0.061338,-0.028944,-0.075303,0.996741,0,0.84535,-0.14495,50.721,-0.290,750.000,375.000,975.000,375.000,-1,300.000,300.000,325.000,325.000,-1,-1,-1,-1,650.000,650.000,750.000,-1,1,0,1,0,2,0,0,0,0,2,2,2,2,0,0,1,2
82,-7491.884,3938.538,349.774,61.304,0.481775,-0.874663,-0.053459,0.875882,0.478779,0.060005,-0.026889,-0.075733,0.996766,0,0.83979,-0.14571,50.388,-0.291,700.000,375.000,925.000,375.000,-1,300.000,300.000,325.000,325.000,-1,-1,-1,-1,650.000,650.000,700.000,-1,1,0,1,0,2,0,0,0,0,2,2,2,2,0,0,1,2
83,-7467.630,3982.316,348.931,61.012,0.486119,-0.872191,-0.054505,0.873543,0.483215,0.058525,-0.024707,-0.076063,0.996797,0,0.83413,-0.14588,50.048,-0.292,650.000,375.000,875.000,350.000,-1,300.000,300.000,325.000,325.000,-1,-1,-1,-1,650.000,650.000,650.000,-1,1,0,1,0,2,0,0,0,0,2,2,2,2,1,0,1,2
84,-7443.322,4025.671,348.031,60.722,0.490413,-0.869725,-0.055446,0.871207,0.487636,0.056657,-0.022239,-0.076090,0.996853,0,0.82840,-0.14546,49.704,-0.291,600.000,350.000,850.000,350.000,-1,300.000,300.000,325.000,325.000,-1,-1,-1,-1,600.000,650.000,625.000,-1,1,0,1,0,2,0,0,0,0,2,2,2,2,1,0,1,2
85,-7418.965,4068.602,347.094,60.433,0.494630,-0.867284,-0.056205,0.868888,0.492032,0.054201,-0.019353,-0.075646,0.996947,0,0.82266,-0.14446,49.360,-0.289,575.000,350.000,800.000,350.000,-1,300.000,300.000,325.000,325.000,-1,-1,-1,-1,575.000,675.000,575.000,-1,1,0,1,0,2,0,0,0,0,2,2,2,2,1,0,1,2
86,-7394.565,4111.114,346.319,60.147,0.498780,-0.864834,-0.057277,0.866575,0.496360,0.051706,-0.016287,-0.075425,0.997018,0,0.81694,-0.14289,49.016,-0.286,525.000,350.000,775.000,350.000,-1,300.000,300.000,325.000,325.000,-1,-1,-1,-1,550.000,675.000,525.000,-1,1,0,1,0,2,0,0,0,0,2,2,2,2,1,0,1,2
87,-7371.377,4151.440,345.895,60.101,0.499286,-0.864397,-0.059429,0.866340,0.497028,0.049168,-0.012963,-0.076035,0.997021,0,0.77529,-0.02289,46.517,-0.046,475.000,375.000,725.000,350.000,-1,300.000,300.000,325.000,325.000,-1,-1,-1,-1,500.000,675.000,500.000,-1,1,0,1,0,2,0,0,0,1,2,2,2,2,1,0,1,2
88,-7348.509,4191.525,345.541,60.295,0.496170,-0.866036,-0.061617,0.868169,0.494072,0.046654,-0.009961,-0.076643,0.997009,0,0.76916,0.09711,46.150,0.194,450.000,375.000,675.000,350.000,-1,300.000,300.000,325.000,325.000,-1,350.000,850.000,-1,475.000,700.000,450.000,-1,1,0,1,0,2,0,0,0,1,2,0,0,2,1,0,1,2
89,-7326.145,4231.426,345.241,60.730,0.489412,-0.869714,-0.063826,0.872022,0.487470,0.044163,-0.007296,-0.077272,0.996983,0,0.76235,0.21711,45.741,0.434,400.000,375.000,625.000,375.000,-1,300.000,300.000,325.000,300.000,-1,325.000,300.000,-1,450.000,700.000,425.000,-1,1,0,1,0,2,0,0,0,1,2,0,0,2,1,1,1,2
90,-7304.352,4271.137,344.984,61.243,0.481420,-0.873999,-0.066041,0.876477,0.479634,0.041697,-0.004768,-0.077957,0.996945,0,0.75497,0.25663,45.298,0.513,375.000,375.000,575.000,375.000,-1,300.000,300.000,325.000,300.000,-1,300.000,275.000,-1,425.000,675.000,375.000,-1,1,1,1,0,2,0,0,0,1,2,0,0,2,1,1,1,2
91,-7283.128,4310.662,344.765,61.765,0.473243,-0.878284,-0.068259,0.880929,0.471617,0.039256,-0.002286,-0.078709,0.996895,0,0.74772,0.26122,44.863,0.522,325.000,325.000,550.000,375.000,-1,300.000,300.000,325.000,300.000,-1,275.000,275.000,-1,375.000,625.000,350.000,-1,1,1,1,0,2,0,0,0,1,2,0,0,2,1,1,1,2
92,-7262.463,4350.021,344.580,62.298,0.464859,-0.882575,-0.070478,0.885385,0.463398,0.036836,0.000149,-0.079524,0.996833,0,0.74091,0.26646,44.455,0.533,300.000,300.000,500.000,375.000,-1,300.000,300.000,325.000,325.000,-1,275.000,275.000,-1,350.000,575.000,300.000,-1,1,1,1,0,2,0,0,0,1,2,0,0,2,1,1,1,2
93,-7240.157,4393.935,344.243,63.071,0.452732,-0.888718,-0.072208,0.891644,0.451436,0.034304,0.002111,-0.079914,0.996799,0,0.82091,0.38646,49.255,0.773,250.000,275.000,450.000,375.000,-1,275.000,300.000,325.000,325.000,-1,250.000,275.000,-1,300.000,525.000,250.000,-1,1,1,1,0,2,1,0,0,1,2,0,0,2,1,1,1,2
94,-7217.933,4439.670,343.858,64.084,0.436804,-0.896560,-0.073370,0.899550,0.435655,0.031849,0.003409,-0.079912,0.996796,0,0.84750,0.50646,50.850,1.013,225.000,250.000,400.000,375.000,-1,250.000,300.000,325.000,325.000,-1,250.000,275.000,-1,275.000,475.000,225.000,-1,1,1,1,1,2,1,1,0,1,2,0,0,2,1,1,1,2
95,-7196.506,4485.936,343.696,65.151,0.419942,-0.904579,-0.073384,0.907543,0.418906,0.029724,0.003854,-0.079081,0.996861,0,0.84978,0.53366,50.987,1.067,175.000,200.000,325.000,325.000,-1,200.000,250.000,325.000,350.000,-1,275.000,300.000,-1,225.000,400.000,175.000,-1,1,1,1,1,2,1,1,0,0,2,0,0,2,1,1,1,2
96,-7174.873,4534.667,347.541,66.080,0.404402,-0.912364,-0.063642,0.914414,0.404679,0.009052,0.017496,-0.061856,0.997932,0,0.88864,0.46448,53.318,0.929,150.000,175.000,300.000,275.000,-1,175.000,225.000,375.000,325.000,-1,250.000,200.000,1000.000,200.000,350.000,150.000,-1,1,1,1,1,2,1,1,0,0,2,0,0,1,1,1,1,2
97,-7153.858,4584.183,356.123,67.025,0.388820,-0.920380,-0.041468,0.920124,0.390211,-0.033266,0.046798,-0.025221,0.998586,0,0.89648,0.47215,53.789,0.944,150.000,175.000,275.000,250.000,-1,175.000,200.000,500.000,300.000,-1,200.000,125.000,625.000,200.000,350.000,150.000,-1,1,1,1,1,2,1,1,0,0,2,0,0,1,1,1,1,2
98,-7133.503,4634.531,364.811,67.985,0.374610,-0.927018,-0.017474,0.924021,0.374822,-0.075451,0.076494,0.012119,0.996996,0,0.90503,0.48018,54.302,0.960,125.000,175.000,275.000,250.000,-1,150.000,175.000,575.000,275.000,-1,175.000,75.000,425.000,200.000,325.000,125.000,-1,1,1,1,1,2,1,1,1,0,2,0,0,1,1,1,1,2
99,-3607.630,-983.899,596.175,113.706,-0.401754,-0.915480,-0.022139,0.915626,-0.401976,0.006565,-0.014909,-0.017634,0.999733,1,0.00000,0.00000,54.859,0.977,-1,400.000,-1,400.000,-1,325.000,325.000,350.000,325.000,-1,-1,-1,-1,850.000,-1,-1,-1,2,0,2,0,2,0,0,0,0,2,2,2,2,0,2,2,2
100,-3609.578,-979.512,596.132,113.946,-0.405579,-0.913788,-0.022299,0.913934,-0.405807,0.006693,-0.015166,-0.017665,0.999729,0,0.08000,0.12000,4.800,0.240,-1,400.000,-1,425.000,-1,325.000,325.000,350.000,325.000,-1,-1,-1,-1,850.000,-1,-1,-1,2,0,2,0,2,0,0,0,0,2,2,2,2,0,2,2,2
101,-3613.548,-970.771,596.046,114.426,-0.413209,-0.910355,-0.022628,0.910501,-0.413448,0.006939,-0.015673,-0.017736,0.999720,0,0.16000,0.24000,9.600,0.480,-1,400.000,-1,425.000,-1,325.000,325.000,350.000,325.000,-1,-1,-1,-1,850.000,-1,-1,-1,2,0,2,0,2,0,0,0,0,2,2,2,2,0,2,2,2
102,-3619.667,-957.736,595.919,115.146,-0.424599,-0.905086,-0.023142,0.905233,-0.424854,0.007278,-0.016419,-0.017859,0.999706,0,0.24000,0.36000,14.400,0.720,-1,400.000,-1,425.000,-1,325.000,325.000,350.000,325.000,-1,-1,-1,-1,850.000,-1,-1,-1,2,0,2,0,2,0,0,0,0,2,2,2,2,0,2,2,2
103,-3628.055,-940.466,595.732,115.906,-0.436552,-0.899363,-0.023848,0.899512,-0.436828,0.007665,-0.017312,-0.018105,0.999686,0,0.32000,0.38026,19.200,0.761,-1,400.000,-1,425.000,-1,325.000,325.000,350.000,325.000,-1,-1,-1,-1,850.000,-1,-1,-1,2,0,2,0,2,0,0,0,0,2,2,2,2,0,2,2,2
104,-3638.826,-919.019,595.484,116.667,-0.448422,-0.893479,-0.024747,0.893634,-0.448723,0.008079,-0.018323,-0.018493,0.999661,0,0.40000,0.38026,24.000,0.761,-1,400.000,-1,425.000,-1,325.000,325.000,350.000,350.000,-1,-1,-1,-1,850.000,-1,-1,-1,2,0,2,0,2,0,0,0,0,2,2,2,2,0,2,2,2
105,-3652.093,-893.456,595.183,117.427,-0.460207,-0.887436,-0.025836,0.887599,-0.460539,0.008500,-0.019442,-0.019020,0.999630,0,0.48000,0.38026,28.800,0.761,-1,400.000,-1,425.000,-1,325.000,325.000,325.000,350.000,-1,-1,-1,-1,850.000,-1,-1,-1,2,0,2,0,2,0,0,0,0,2,2,2,2,0,2,2,2
106,-3667.964,-863.841,594.834,118.188,-0.471903,-0.881234,-0.027106,0.881408,-0.472271,0.008914,-0.020657,-0.019685,0.999593,0,0.56000,0.38026,33.600,0.761,-1,375.000,-1,450.000,-1,325.000,325.000,325.000,350.000,-1,-1,-1,-1,850.000,-1,-1,-1,2,0,2,0,2,0,0,0,0,2,2,2,2,0,2,2,2
107,-3686.551,-830.239,594.249,118.948,-0.483507,-0.874887,-0.028181,0.875050,-0.483926,0.010184,-0.022547,-0.019736,0.999551,0,0.64000,0.38026,38.400,0.761,-1,375.000,-1,450.000,-1,325.000,325.000,325.000,350.000,-1,-1,-1,-1,850.000,-1,-1,-1,2,0,2,0,2,0,0,0,0,2,2,2,2,0,2,2,2
108,-3707.960,-792.717,593.259,119.709,-0.495077,-0.868407,-0.027722,0.868531,-0.495507,0.011254,-0.023510,-0.018506,0.999552,0,0.72000,0.38026,43.200,0.761,-1,375.000,-1,450.000,-1,325.000,325.000,325.000,350.000,-1,-1,-1,-1,850.000,-1,-1,-1,2,0,2,0,2,0,0,0,0,2,2,2,2,0,2,2,2
109,-3732.299,-751.345,592.140,120.469,-0.506576,-0.861777,-0.026839,0.861857,-0.507004,0.012216,-0.024135,-0.016943,0.999565,0,0.80000,0.38026,48.000,0.761,-1,375.000,-1,450.000,-1,325.000,350.000,325.000,350.000,-1,-1,-1,-1,850.000,-1,-1,-1,2,0,2,0,2,0,0,0,0,2,2,2,2,0,2,2,2
110,-3757.744,-709.379,590.620,121.230,-0.517992,-0.855014,-0.025201,0.854991,-0.518423,0.015070,-0.025949,-0.013741,0.999569,0,0.81796,0.38026,49.077,0.761,-1,400.000,-1,450.000,-1,325.000,350.000,325.000,325.000,-1,-1,-1,-1,850.000,-1,-1,-1,2,0,2,0,2,0,0,0,0,2,2,2,2,0,2,2,2
111,-3783.743,-667.754,588.807,121.990,-0.529333,-0.848102,-0.023021,0.847928,-0.529754,0.019467,-0.028706,-0.009215,0.999545,0,0.81796,0.38026,49.077,0.761,-1,400.000,-1,450.000,-1,325.000,350.000,325.000,325.000,-1,-1,-1,-1,850.000,-1,-1,-1,2,0,2,0,2,0,0,0,0,2,2,2,2,0,2,2,2
112,-3810.293,-626.478,587.063,122.751,-0.540597,-0.841022,-0.020910,0.840698,-0.540981,0.023798,-0.031327,-0.004714,0.999498,0,0.81796,0.38026,49.077,0.761,-1,400.000,-1,450.000,-1,325.000,350.000,350.000,325.000,-1,-1,-1,-1,850.000,-1,-1,-1,2,0,2,0,2,0,0,0,0,2,2,2,2,0,2,2,2
113,-3837.388,-585.558,585.390,123.511,-0.551780,-0.833776,-0.018864,0.833304,-0.552102,0.028062,-0.033812,-0.000235,0.999428,0,0.81796,0.38026,49.077,0.761,-1,400.000,-1,450.000,-1,325.000,350.000,350.000,325.000,-1,-1,-1,-1,850.000,-1,-1,-1,2,0,2,0,2,0,0,0,0,2,2,2,2,0,2,2,2
114,-3865.025,-545.002,583.574,124.272,-0.562861,-0.826370,-0.017325,0.825781,-0.563117,0.031376,-0.035684,0.003354,0.999357,0,0.81796,0.38026,49.077,0.761,-1,400.000,-1,450.000,-1,325.000,350.000,350.000,325.000,-1,-1,-1,-1,850.000,-1,-1,-1,2,0,2,0,2,0,0,0,0,2,2,2,2,0,2,2,2
115,-3893.197,-504.816,581.592,125.032,-0.573821,-0.818813,-0.016575,0.818129,-0.574029,0.034000,-0.037354,0.005949,0.999284,0,0.81796,0.38026,49.077,0.761,-1,400.000,-1,450.000,-1,325.000,350.000,350.000,325.000,-1,-1,-1,-1,850.000,-1,-1,-1,2,0,2,0,2,0,0,0,0,2,2,2,2,0,2,2,2
116,-3921.900,-465.007,579.677,125.793,-0.584680,-0.811107,-0.015936,0.810325,-0.584836,0.036604,-0.039010,0.008488,0.999203,0,0.81796,0.38026,49.077,0.761,-1,400.000,-1,450.000,-1,325.000,350.000,350.000,325.000,-1,-1,-1,-1,850.000,-1,-1,-1,2,0,2,0,2,0,0,0,0,2,2,2,2,0,2,2,2
117,-3951.130,-425.583,577.773,126.553,-0.595428,-0.803256,-0.015690,0.802371,-0.595537,0.039196,-0.040828,0.010749,0.999108,0,0.81796,0.38026,49.077,0.761,-1,400.000,-1,450.000,-1,325.000,350.000,350.000,325.000,-1,-1,-1,-1,825.000,-1,-1,-1,2,0,2,0,2,0,0,0,0,2,2,2,2,0,2,2,2
118,-3980.880,-386.550,575.316,127.314,-0.605946,-0.795283,-0.018825,0.794251,-0.606149,0.041824,-0.044673,0.010391,0.998948,0,0.81796,0.38026,49.077,0.761,-1,400.000,-1,425.000,-1,325.000,350.000,350.000,325.000,-1,-1,-1,-1,800.000,1000.000,-1,-1,2,0,2,0,2,0,0,0,0,2,2,2,2,0,0,2,2
119,-4011.145,-347.916,572.823,128.074,-0.616371,-0.787167,-0.021350,0.785988,-0.616650,0.044326,-0.048057,0.010540,0.998789,0,0.81796,0.38026,49.077,0.761,-1,400.000,-1,425.000,-1,325.000,325.000,350.000,350.000,-1,-1,-1,-1,775.000,975.000,-1,-1,2,0,2,0,2,0,0,0,0,2,2,2,2,0,0,2,2
120,-4041.921,-309.686,570.294,128.835,-0.626708,-0.778907,-0.023255,0.777585,-0.627040,0.046728,-0.050978,0.011202,0.998637,0,0.81796,0.38026,49.077,0.761,-1,400.000,-1,425.000,-1,325.000,325.000,325.000,350.000,-1,-1,-1,-1,750.000,925.000,-1,-1,2,0,2,0,2,0,0,0,0,2,2,2,2,0,0,2,2
121,-4073.201,-271.869,567.891,129.595,-0.636926,-0.770510,-0.025284,0.769038,-0.637319,0.049046,-0.053905,0.011794,0.998476,0,0.81796,0.38026,49.077,0.761,-1,400.000,-1,425.000,-1,325.000,325.000,325.000,350.000,-1,-1,-1,-1,750.000,900.000,-1,-1,2,0,2,0,2,0,0,0,0,2,2,2,2,0,0,2,2
122,-4104.980,-234.470,565.452,130.356,-0.647059,-0.761973,-0.026680,0.760353,-0.647481,0.051301,-0.056365,0.012908,0.998327,0,0.81796,0.38026,49.077,0.761,-1,375.000,-1,425.000,-1,325.000,325.000,325.000,350.000,-1,-1,-1,-1,725.000,875.000,-1,-1,2,0,2,0,2,0,0,0,0,2,2,2,2,0,0,2,2
123,-4137.253,-197.496,562.469,131.116,-0.657231,-0.753273,-0.025049,0.751541,-0.657503,0.053627,-0.056866,0.016419,0.998247,0,0.81796,0.38026,49.077,0.761,-1,375.000,-1,425.000,-1,325.000,325.000,325.000,350.000,-1,-1,-1,-1,725.000,875.000,-1,-1,2,0,2,0,2,0,0,0,0,2,2,2,2,0,0,2,2
124,-4170.014,-160.954,559.603,131.877,-0.667285,-0.744432,-0.023494,0.742592,-0.667401,0.055969,-0.057345,0.019901,0.998156,0,0.81796,0.38026,49.077,0.761,-1,375.000,-1,425.000,-1,325.000,325.000,325.000,350.000,-1,-1,-1,-1,725.000,850.000,-1,-1,2,0,2,0,2,0,0,0,0,2,2,2,2,0,0,2,2
125,-4206.343,-121.167,556.583,132.398,-0.674133,-0.738283,-0.021967,0.736322,-0.674087,0.058624,-0.058089,0.023345,0.998038,0,0.89796,0.26026,53.877,0.521,-1,375.000,-1,400.000,-1,325.000,325.000,325.000,350.000,-1,-1,-1,-1,725.000,825.000,-1,-1,2,0,2,0,2,0,0,0,0,2,2,2,2,0,0,2,2
126,-4246.119,-78.029,553.365,132.678,-0.677865,-0.734905,-0.020349,0.732787,-0.677629,0.061983,-0.059341,0.027105,0.997870,0,0.97796,0.14026,58.677,0.281,-1,375.000,-1,400.000,-1,325.000,325.000,325.000,350.000,-1,-1,-1,-1,725.000,800.000,-1,-1,2,0,2,0,2,0,0,0,0,2,2,2,2,0,0,2,2
127,-4286.055,-34.781,549.980,132.719,-0.678545,-0.734325,-0.018539,0.731972,-0.678056,0.066764,-0.061597,0.031733,0.997597,0,0.98110,0.02026,58.866,0.041,-1,375.000,-1,400.000,-1,300.000,325.000,325.000,325.000,-1,-1,-1,-1,725.000,775.000,-1,-1,2,0,2,0,2,0,0,0,0,2,2,2,2,0,0,2,2
128,-4325.839,8.606,546.574,132.519,-0.676134,-0.736587,-0.016799,0.734039,-0.675409,0.070782,-0.063483,0.035527,0.997350,0,0.98110,-0.09974,58.866,-0.199,-1,375.000,-1,400.000,-1,300.000,325.000,325.000,325.000,-1,-1,-1,-1,725.000,750.000,-1,-1,2,0,2,0,2,0,0,0,0,2,2,2,2,0,0,2,2
129,-4365.290,52.297,543.276,132.080,-0.670622,-0.741649,-0.014946,0.738909,-0.669651,0.074706,-0.065414,0.039056,0.997094,0,0.98110,-0.21974,58.866,-0.439,-1,375.000,-1,400.000,-1,300.000,325.000,325.000,325.000,-1,-1,-1,-1,725.000,750.000,-1,-1,2,0,2,0,2,0,0,0,0,2,2,2,2,0,0,2,2
130,-4404.220,96.453,539.961,131.400,-0.661931,-0.749452,-0.013007,0.746562,-0.660732,0.077959,-0.067021,0.041893,0.996872,0,0.98110,-0.33974,58.866,-0.679,-1,375.000,-1,375.000,-1,300.000,300.000,325.000,325.000,-1,-1,-1,-1,725.000,725.000,-1,-1,2,0,2,0,2,0,0,0,0,2,2,2,2,0,0,2,2
131,-4442.435,141.228,535.960,130.481,-0.649852,-0.759973,-0.011580,0.757172,-0.648633,0.077242,-0.066213,0.041428,0.996945,0,0.98110,-0.45974,58.866,-0.919,-1,375.000,-1,375.000,-1,300.000,325.000,325.000,325.000,-1,-1,-1,-1,725.000,700.000,-1,-1,2,0,2,0,2,0,0,0,0,2,2,2,2,0,0,2,2
132,-4479.921,186.615,532.070,129.554,-0.637513,-0.770374,-0.010016,0.767660,-0.636263,0.076599,-0.065383,0.041144,0.997012,0,0.98110,-0.46340,58.866,-0.927,-1,375.000,-1,400.000,-1,300.000,325.000,325.000,325.000,-1,-1,-1,-1,750.000,700.000,-1,-1,2,0,2,0,2,0,0,0,0,2,2,2,2,0,0,2,2
133,-4516.668,232.603,528.272,128.627,-0.625011,-0.780570,-0.008411,0.777939,-0.623723,0.076025,-0.064589,0.040973,0.997070,0,0.98110,-0.46340,58.866,-0.927,-1,375.000,-1,400.000,-1,300.000,325.000,325.000,325.000,-1,-1,-1,-1,750.000,700.000,-1,-1,2,0,2,0,2,0,0,0,0,2,2,2,2,0,0,2,2
134,-4552.666,279.180,524.293,127.700,-0.612285,-0.790595,-0.008193,0.787983,-0.611045,0.075543,-0.064730,0.039798,0.997109,0,0.98110,-0.46340,58.866,-0.927,-1,375.000,-1,400.000,-1,300.000,325.000,325.000,325.000,-1,-1,-1,-1,750.000,675.000,-1,-1,2,0,2,0,2,0,0,0,0,2,2,2,2,0,0,2,2
135,-4587.905,326.332,520.332,126.773,-0.599385,-0.800418,-0.008308,0.797805,-0.598209,0.075188,-0.065152,0.038439,0.997135,0,0.98110,-0.46340,58.866,-0.927,-1,375.000,-1,375.000,-1,300.000,300.000,325.000,325.000,-1,-1,-1,-1,750.000,675.000,-1,-1,2,0,2,0,2,0,0,0,0,2,2,2,2,0,0,2,2
136,-4622.378,374.049,516.443,125.847,-0.586328,-0.810029,-0.008473,0.807406,-0.585213,0.074967,-0.065684,0.037114,0.997150,0,0.98110,-0.46340,58.866,-0.927,-1,375.000,-1,375.000,-1,300.000,300.000,325.000,325.000,-1,-1,-1,-1,750.000,650.000,-1,-1,2,0,2,0,2,0,0,0,0,2,2,2,2,0,0,2,2
137,-4656.074,422.317,512.594,124.920,-0.573123,-0.819425,-0.008545,0.816787,-0.572059,0.074875,-0.066242,0.035933,0.997156,0,0.98110,-0.46340,58.866,-0.927,-1,375.000,-1,375.000,-1,300.000,300.000,325.000,325.000,-1,-1,-1,-1,725.000,650.000,-1,-1,2,0,2,0,2,0,0,0,0,2,2,2,2,0,0,2,2
