timestep,x_cm,y_cm,z_cm,yaw_deg,basis_xx,basis_xy,basis_xz,basis_yx,basis_yy,basis_yz,basis_zx,basis_zy,basis_zz,teleport_flag,throttle_cmd,steering_cmd,cmd_move_cm,cmd_turn_deg,lidar_cm_0,lidar_cm_1,lidar_cm_2,lidar_cm_3,lidar_cm_4,lidar_cm_5,lidar_cm_6,lidar_cm_7,lidar_cm_8,lidar_cm_9,lidar_cm_10,lidar_cm_11,lidar_cm_12,lidar_cm_13,lidar_cm_14,lidar_cm_15,lidar_cm_16,lidar_class_0,lidar_class_1,lidar_class_2,lidar_class_3,lidar_class_4,lidar_class_5,lidar_class_6,lidar_class_7,lidar_class_8,lidar_class_9,lidar_class_10,lidar_class_11,lidar_class_12,lidar_class_13,lidar_class_14,lidar_class_15,lidar_class_16
0,-3602.880,7542.445,91.528,-9.310,0.982572,0.161760,0.091571,-0.162060,0.986772,-0.004195,-0.091038,-0.010718,0.995790,1,0.08000,-0.12000,4.800,-0.240,-1,425.000,-1,425.000,-1,350.000,350.000,275.000,275.000,-1,-1,-1,-1,825.000,975.000,-1,-1,2,0,2,0,2,0,0,0,0,2,2,2,2,0,0,2,2
1,-3593.419,7540.813,90.653,-9.790,0.981110,0.170020,0.092279,-0.170334,0.985376,-0.004516,-0.091698,-0.011288,0.995723,0,0.16000,-0.24000,9.600,-0.480,-1,425.000,-1,425.000,-1,350.000,350.000,275.000,275.000,-1,-1,-1,-1,825.000,975.000,-1,-1,2,0,2,0,2,0,0,0,0,2,2,2,2,0,0,2,2
2,-3579.260,7538.187,89.340,-10.510,0.978786,0.182387,0.093346,-0.182722,0.983152,-0.005012,-0.092687,-0.012151,0.995621,0,0.24000,-0.36000,14.400,-0.720,-1,425.000,-1,425.000,-1,350.000,350.000,275.000,275.000,-1,-1,-1,-1,825.000,950.000,-1,-1,2,0,2,0,2,0,0,0,0,2,2,2,2,0,0,2,2
3,-3560.443,7534.369,87.591,-11.470,0.975441,0.198830,0.094771,-0.199194,0.979943,-0.005702,-0.094004,-0.013316,0.995483,0,0.32000,-0.48000,19.200,-0.960,-1,425.000,-1,425.000,-1,350.000,350.000,300.000,275.000,-1,-1,-1,-1,825.000,950.000,-1,-1,2,0,2,0,2,0,0,0,0,2,2,2,2,0,0,2,2
4,-3537.027,7529.106,85.407,-12.670,0.970867,0.219304,0.096559,-0.219704,0.975544,-0.006608,-0.095647,-0.014799,0.995305,0,0.40000,-0.60000,24.000,-1.200,-1,425.000,-1,425.000,-1,350.000,350.000,300.000,275.000,-1,-1,-1,-1,825.000,950.000,-1,-1,2,0,2,0,2,0,0,0,0,2,2,2,2,0,0,2,2
5,-3509.095,7522.085,82.790,-14.110,0.964803,0.243744,0.098711,-0.244186,0.969697,-0.007760,-0.097612,-0.016617,0.995086,0,0.48000,-0.72000,28.800,-1.440,-1,425.000,-1,425.000,-1,325.000,350.000,300.000,275.000,-1,-1,-1,-1,825.000,925.000,-1,-1,2,0,2,0,2,0,0,0,0,2,2,2,2,0,0,2,2
6,-3476.762,7512.943,79.742,-15.790,0.956942,0.272057,0.101228,-0.272551,0.962097,-0.009190,-0.099892,-0.018795,0.994821,0,0.56000,-0.84000,33.600,-1.680,-1,425.000,-1,425.000,-1,325.000,325.000,300.000,275.000,-1,-1,-1,-1,825.000,900.000,-1,-1,2,0,2,0,2,0,0,0,0,2,2,2,2,0,0,2,2
7,-3440.181,7501.263,76.265,-17.710,0.946927,0.304123,0.104109,-0.304676,0.952393,-0.010936,-0.102478,-0.021364,0.994506,0,0.64000,-0.96000,38.400,-1.920,-1,400.000,-1,425.000,-1,325.000,325.000,300.000,275.000,-1,-1,-1,-1,825.000,875.000,-1,-1,2,0,2,0,2,0,0,0,0,2,2,2,2,0,0,2,2
8,-3399.510,7486.694,72.358,-19.710,0.935309,0.337155,0.107348,-0.337764,0.941141,-0.013009,-0.105416,-0.024091,0.994136,0,0.72000,-1.00000,43.200,-2.000,-1,400.000,-1,400.000,-1,325.000,325.000,300.000,275.000,-1,-1,-1,-1,825.000,850.000,-1,-1,2,0,2,0,2,0,0,0,0,2,2,2,2,0,0,2,2
9,-3354.913,7468.941,67.457,-21.710,0.922585,0.369745,0.110117,-0.370676,0.928676,-0.012650,-0.106941,-0.029147,0.993838,0,0.80000,-1.00000,48.000,-2.000,-1,400.000,-1,400.000,-1,325.000,325.000,300.000,275.000,-1,-1,-1,-1,800.000,850.000,-1,-1,2,0,2,0,2,0,0,0,0,2,2,2,2,0,0,2,2
10,-3308.702,7448.650,62.304,-23.710,0.908686,0.401863,0.113119,-0.403148,0.915052,-0.012294,-0.108451,-0.034433,0.993505,0,0.84115,-1.00000,50.469,-2.000,-1,400.000,-1,400.000,-1,325.000,325.000,300.000,275.000,-1,-1,-1,-1,800.000,825.000,-1,-1,2,0,2,0,2,0,0,0,0,2,2,2,2,0,0,2,2
11,-3263.223,7426.756,57.206,-25.710,0.893666,0.433469,0.116045,-0.435108,0.900296,-0.012146,-0.109740,-0.039637,0.993170,0,0.84123,-1.00000,50.474,-2.000,-1,400.000,-1,400.000,-1,325.000,325.000,300.000,300.000,-1,-1,-1,-1,775.000,825.000,-1,-1,2,0,2,0,2,0,0,0,0,2,2,2,2,0,0,2,2
12,-3218.530,7403.287,52.195,-27.710,0.877563,0.464527,0.118738,-0.466507,0.884433,-0.012245,-0.110704,-0.044647,0.992850,0,0.84132,-1.00000,50.479,-2.000,-1,400.000,-1,400.000,-1,325.000,325.000,275.000,300.000,-1,-1,-1,-1,775.000,825.000,-1,-1,2,0,2,0,2,0,0,0,0,2,2,2,2,0,0,2,2
13,-3174.681,7378.269,46.765,-29.710,0.860590,0.495028,0.119717,-0.497197,0.867538,-0.013141,-0.110364,-0.048214,0.992721,0,0.84140,-1.00000,50.484,-2.000,-1,400.000,-1,400.000,-1,325.000,325.000,275.000,300.000,-1,-1,-1,-1,775.000,800.000,-1,-1,2,0,2,0,2,0,0,0,0,2,2,2,2,0,0,2,2
14,-3131.727,7351.733,41.248,-31.710,0.842606,0.524915,0.120331,-0.527251,0.849592,-0.014119,-0.109643,-0.051548,0.992633,0,0.84147,-1.00000,50.488,-2.000,-1,400.000,-1,400.000,-1,325.000,325.000,300.000,300.000,-1,-1,-1,-1,775.000,800.000,-1,-1,2,0,2,0,2,0,0,0,0,2,2,2,2,0,0,2,2
15,-3089.722,7323.712,35.750,-33.710,0.823576,0.554143,0.121028,-0.556667,0.830600,-0.014980,-0.108828,-0.055035,0.992536,0,0.84155,-1.00000,50.493,-2.000,-1,400.000,-1,400.000,-1,325.000,325.000,300.000,300.000,-1,-1,-1,-1,775.000,800.000,-1,-1,2,0,2,0,2,0,0,0,0,2,2,2,2,0,0,2,2
16,-3048.717,7294.240,30.241,-35.710,0.803522,0.582676,0.121826,-0.585395,0.810593,-0.015882,-0.108006,-0.058554,0.992424,0,0.84162,-1.00000,50.497,-2.000,-1,400.000,-1,400.000,-1,325.000,325.000,300.000,300.000,-1,-1,-1,-1,775.000,775.000,-1,-1,2,0,2,0,2,0,0,0,0,2,2,2,2,0,0,2,2
17,-3008.717,7263.338,24.811,-37.692,0.782664,0.610228,0.122710,-0.613194,0.789763,-0.016386,-0.106911,-0.062420,0.992307,0,0.84242,-0.99135,50.545,-1.983,-1,400.000,-1,400.000,-1,325.000,325.000,300.000,300.000,-1,-1,-1,-1,775.000,775.000,-1,-1,2,0,2,0,2,0,0,0,0,2,2,2,2,0,0,2,2
18,-2969.829,7231.086,19.498,-39.674,0.760871,0.637000,0.123718,-0.640279,0.767968,-0.016377,-0.105444,-0.066753,0.992182,0,0.84202,-0.99106,50.521,-1.982,-1,400.000,-1,400.000,-1,325.000,325.000,300.000,300.000,-1,-1,-1,-1,775.000,775.000,-1,-1,2,0,2,0,2,0,0,0,0,2,2,2,2,0,0,2,2
19,-2935.665,7200.699,14.735,-41.656,0.738169,0.662976,0.124774,-0.666591,0.745247,-0.016220,-0.103741,-0.071200,0.992053,0,0.76202,-0.99104,45.721,-1.982,-1,425.000,-1,400.000,-1,325.000,325.000,300.000,300.000,-1,-1,-1,-1,775.000,775.000,-1,-1,2,0,2,0,2,0,0,0,0,2,2,2,2,0,0,2,2
20,-2906.054,7172.452,10.523,-43.656,0.714376,0.688351,0.125859,-0.692320,0.721414,-0.015962,-0.101784,-0.075732,0.991920,0,0.68202,-1.00000,40.921,-2.000,-1,400.000,-1,400.000,-1,325.000,325.000,300.000,300.000,-1,-1,-1,-1,775.000,750.000,-1,-1,2,0,2,0,2,0,0,0,0,2,2,2,2,0,0,2,2
21,-2880.803,7146.622,6.874,-45.656,0.689723,0.712858,0.126944,-0.717184,0.696707,-0.015717,-0.099647,-0.080202,0.991785,0,0.60202,-1.00000,36.121,-2.000,-1,400.000,-1,400.000,-1,325.000,325.000,300.000,300.000,-1,-1,-1,-1,750.000,750.000,-1,-1,2,0,2,0,2,0,0,0,0,2,2,2,2,0,0,2,2
22,-2857.174,7120.701,3.407,-47.656,0.664233,0.736467,0.128101,-0.741153,0.671157,-0.015505,-0.097395,-0.084644,0.991640,0,0.58455,-1.00000,35.073,-2.000,-1,400.000,-1,400.000,-1,325.000,325.000,300.000,300.000,-1,-1,-1,-1,750.000,750.000,-1,-1,2,0,2,0,2,0,0,0,0,2,2,2,2,0,0,2,2
23,-2834.457,7093.963,0.083,-49.656,0.637929,0.759164,0.129290,-0.764183,0.644810,-0.015639,-0.095240,-0.088824,0.991484,0,0.58472,-1.00000,35.083,-2.000,-1,400.000,-1,400.000,-1,325.000,325.000,300.000,300.000,-1,-1,-1,-1,750.000,725.000,-1,-1,2,0,2,0,2,0,0,0,0,2,2,2,2,0,0,2,2
24,-2812.681,7066.441,-3.168,-51.656,0.610855,0.780904,0.130557,-0.786269,0.617684,-0.015743,-0.092936,-0.093036,0.991316,0,0.58490,-1.00000,35.094,-2.000,-1,400.000,-1,375.000,-1,325.000,325.000,300.000,300.000,-1,-1,-1,-1,750.000,725.000,-1,-1,2,0,2,0,2,0,0,0,0,2,2,2,2,0,0,2,2
25,-2791.871,7038.165,-6.342,-53.656,0.583048,0.801659,0.131901,-0.807384,0.589815,-0.015821,-0.090480,-0.097271,0.991137,0,0.58509,-1.00000,35.105,-2.000,-1,400.000,-1,375.000,-1,325.000,325.000,300.000,300.000,-1,-1,-1,-1,725.000,725.000,-1,-1,2,0,2,0,2,0,0,0,0,2,2,2,2,0,0,2,2
26,-2772.054,7009.170,-9.434,-55.656,0.554545,0.821404,0.133323,-0.827502,0.561238,-0.015878,-0.087868,-0.101520,0.990945,0,0.58531,-1.00000,35.118,-2.000,-1,400.000,-1,375.000,-1,325.000,325.000,300.000,300.000,-1,-1,-1,-1,725.000,725.000,-1,-1,2,0,2,0,2,0,0,0,0,2,2,2,2,0,0,2,2
27,-2753.254,6979.488,-12.181,-57.656,0.525571,0.840210,0.133501,-0.846565,0.532052,-0.015775,-0.084284,-0.104726,0.990923,0,0.58554,-1.00000,35.132,-2.000,-1,400.000,-1,375.000,-1,325.000,325.000,300.000,300.000,-1,-1,-1,-1,725.000,700.000,-1,-1,2,0,2,0,2,0,0,0,0,2,2,2,2,0,0,2,2
28,-2735.493,6949.155,-14.788,-59.656,0.496012,0.857990,0.133515,-0.864587,0.502243,-0.015534,-0.080386,-0.107731,0.990925,0,0.58580,-1.00000,35.148,-2.000,-1,400.000,-1,375.000,-1,325.000,325.000,300.000,300.000,-1,-1,-1,-1,725.000,700.000,-1,-1,2,0,2,0,2,0,0,0,0,2,2,2,2,0,0,2,2
29,-2718.794,6918.205,-17.290,-61.656,0.465877,0.874709,0.133575,-0.881554,0.471839,-0.015171,-0.076296,-0.110686,0.990923,0,0.58608,-1.00000,35.165,-2.000,-1,400.000,-1,375.000,-1,325.000,325.000,300.000,300.000,-1,-1,-1,-1,725.000,700.000,-1,-1,2,0,2,0,2,0,0,0,0,2,2,2,2,0,0,2,2
30,-2703.178,6886.674,-19.683,-63.656,0.435206,0.890350,0.133690,-0.897446,0.440880,-0.014689,-0.072019,-0.113587,0.990914,0,0.58640,-1.00000,35.184,-2.000,-1,400.000,-1,375.000,-1,325.000,325.000,300.000,300.000,-1,-1,-1,-1,725.000,700.000,-1,-1,2,0,2,0,2,0,0,0,0,2,2,2,2,0,0,2,2
31,-2688.662,6854.598,-21.962,-65.656,0.404036,0.904894,0.133869,-0.912245,0.409403,-0.014093,-0.067559,-0.116427,0.990899,0,0.58674,-1.00000,35.205,-2.000,-1,400.000,-1,375.000,-1,325.000,325.000,300.000,300.000,-1,-1,-1,-1,725.000,700.000,-1,-1,2,0,2,0,2,0,0,0,0,2,2,2,2,0,0,2,2
32,-2675.266,6822.014,-24.125,-67.656,0.372408,0.918327,0.134121,-0.925934,0.377448,-0.013388,-0.062918,-0.119201,0.990875,0,0.58712,-1.00000,35.227,-2.000,-1,400.000,-1,375.000,-1,325.000,325.000,300.000,300.000,-1,-1,-1,-1,700.000,700.000,-1,-1,2,0,2,0,2,0,0,0,0,2,2,2,2,0,0,2,2
33,-2663.007,6788.960,-26.167,-69.656,0.340361,0.930633,0.134453,-0.938498,0.345055,-0.012581,-0.058102,-0.121902,0.990840,0,0.58753,-1.00000,35.252,-2.000,-1,400.000,-1,375.000,-1,325.000,325.000,300.000,300.000,-1,-1,-1,-1,700.000,725.000,-1,-1,2,0,2,0,2,0,0,0,0,2,2,2,2,0,0,2,2
34,-2651.901,6755.471,-28.071,-71.656,0.307943,0.941806,0.134809,-0.949923,0.312266,-0.011656,-0.053074,-0.124468,0.990803,0,0.58798,-1.00000,35.279,-2.000,-1,400.000,-1,375.000,-1,325.000,325.000,300.000,300.000,-1,-1,-1,-1,700.000,725.000,-1,-1,2,0,2,0,2,0,0,0,0,2,2,2,2,0,0,2,2
35,-2641.962,6721.588,-29.848,-73.656,0.275185,0.951827,0.135273,-0.960198,0.279118,-0.010647,-0.047891,-0.126959,0.990751,0,0.58846,-1.00000,35.308,-2.000,-1,400.000,-1,375.000,-1,325.000,325.000,300.000,300.000,-1,900.000,-1,-1,700.000,725.000,-1,-1,2,0,2,0,2,0,0,0,0,2,0,2,2,0,0,2,2
36,-2633.204,6687.347,-31.504,-75.656,0.242124,0.960684,0.135874,-0.969311,0.245652,-0.009575,-0.042576,-0.129385,0.990680,0,0.58899,-1.00000,35.339,-2.000,-1,400.000,-1,375.000,-1,325.000,325.000,300.000,300.000,-1,775.000,-1,-1,700.000,725.000,-1,-1,2,0,2,0,2,0,0,0,0,2,0,2,2,0,0,2,2
37,-2625.639,6652.789,-33.053,-77.656,0.208811,0.968378,0.136535,-0.977253,0.211911,-0.008414,-0.037081,-0.131672,0.990600,0,0.58956,-1.00000,35.374,-2.000,-1,400.000,-1,375.000,-1,325.000,325.000,300.000,300.000,-1,675.000,900.000,-1,700.000,725.000,-1,-1,2,0,2,0,2,0,0,0,0,2,0,0,2,0,0,2,2
38,-2619.279,6617.950,-34.469,-79.656,0.175276,0.974893,0.137339,-0.984016,0.177933,-0.007214,-0.031470,-0.133879,0.990498,0,0.59017,-1.00000,35.410,-2.000,-1,375.000,-1,375.000,-1,325.000,325.000,300.000,300.000,-1,625.000,800.000,-1,700.000,750.000,-1,-1,2,0,2,0,2,0,0,0,0,2,0,0,2,0,0,2,2
39,-2614.132,6582.872,-35.636,-81.656,0.141524,0.980191,0.138550,-0.989594,0.143755,-0.006179,-0.025974,-0.136234,0.990336,0,0.59083,-1.00000,35.450,-2.000,-1,375.000,-1,400.000,-1,325.000,325.000,300.000,300.000,-1,550.000,725.000,-1,700.000,775.000,-1,-1,2,0,2,0,2,0,0,0,0,2,0,0,2,0,0,2,2
40,-2610.208,6547.593,-36.668,-83.656,0.107623,0.984313,0.139802,-0.993981,0.109426,-0.005251,-0.020467,-0.138395,0.990166,0,0.59154,-1.00000,35.492,-2.000,-1,375.000,-1,400.000,-1,325.000,325.000,300.000,325.000,-1,500.000,675.000,-1,700.000,775.000,-1,-1,2,0,2,0,2,0,0,0,0,2,0,0,2,0,0,2,2
41,-2607.517,6512.153,-37.204,-85.656,0.073578,0.987438,0.139832,-0.997171,0.075000,-0.004919,-0.015345,-0.139074,0.990163,0,0.59230,-1.00000,35.538,-2.000,-1,375.000,-1,400.000,-1,325.000,325.000,300.000,325.000,-1,500.000,650.000,-1,700.000,800.000,-1,-1,2,0,2,0,2,0,0,0,0,2,0,0,2,0,0,2,2
42,-2606.063,6476.592,-37.428,-87.656,0.039476,0.989466,0.139281,-0.999170,0.040494,-0.004476,-0.010069,-0.138989,0.990243,0,0.59310,-1.00000,35.586,-2.000,-1,375.000,-1,400.000,-1,325.000,325.000,300.000,325.000,-1,500.000,625.000,-1,700.000,825.000,-1,-1,2,0,2,0,2,0,0,0,0,2,0,0,2,0,0,2,2
43,-2605.852,6440.951,-37.495,-89.656,0.005323,0.990308,0.138785,-0.999974,0.005937,-0.004015,-0.004800,-0.138760,0.990314,0,0.59396,-1.00000,35.638,-2.000,-1,375.000,-1,400.000,-1,325.000,325.000,300.000,300.000,-1,500.000,600.000,-1,725.000,850.000,-1,-1,2,0,2,0,2,0,0,0,0,2,0,0,2,0,0,2,2
44,-2606.886,6405.269,-37.408,-91.656,-0.028845,0.989964,0.138347,-0.999584,-0.028629,-0.003548,0.000448,-0.138392,0.990377,0,0.59488,-1.00000,35.693,-2.000,-1,375.000,-1,400.000,-1,325.000,325.000,300.000,300.000,-1,525.000,600.000,-1,725.000,900.000,-1,-1,2,0,2,0,2,0,0,0,0,2,0,0,2,0,0,2,2
45,-2609.169,6369.587,-37.167,-93.656,-0.062987,0.988432,0.137967,-0.997998,-0.063165,-0.003092,0.005659,-0.137886,0.990432,0,0.59585,-1.00000,35.751,-2.000,-1,375.000,-1,400.000,-1,325.000,325.000,300.000,300.000,-1,550.000,600.000,-1,725.000,950.000,-1,-1,2,0,2,0,2,0,0,0,0,2,0,0,2,0,0,2,2
46,-2612.702,6333.945,-36.772,-95.656,-0.097067,0.985714,0.137646,-0.995219,-0.097631,-0.002659,0.010818,-0.137246,0.990478,0,0.59687,-1.00000,35.812,-2.000,-1,375.000,-1,400.000,-1,325.000,325.000,300.000,300.000,-1,550.000,600.000,-1,750.000,-1,-1,-1,2,0,2,0,2,0,0,0,0,2,0,0,2,0,2,2,2
47,-2617.485,6298.384,-36.225,-97.656,-0.131044,0.981811,0.137382,-0.991249,-0.131987,-0.002264,0.015910,-0.136477,0.990516,0,0.59795,-1.00000,35.877,-2.000,-1,375.000,-1,400.000,-1,325.000,325.000,300.000,300.000,-1,575.000,625.000,-1,750.000,-1,-1,-1,2,0,2,0,2,0,0,0,0,2,0,0,2,0,2,2,2
48,-2623.519,6262.944,-35.527,-99.656,-0.164881,0.976728,0.137171,-0.986092,-0.166192,-0.001920,0.020922,-0.135580,0.990546,0,0.59910,-1.00000,35.946,-2.000,-1,400.000,-1,400.000,-1,325.000,325.000,300.000,300.000,-1,600.000,625.000,-1,775.000,-1,-1,-1,2,0,2,0,2,0,0,0,0,2,0,0,2,0,2,2,2
49,-2630.800,6227.666,-34.678,-101.656,-0.198539,0.970470,0.137007,-0.979752,-0.200206,-0.001640,0.025838,-0.134558,0.990569,0,0.60030,-1.00000,36.018,-2.000,-1,400.000,-1,400.000,-1,325.000,325.000,300.000,300.000,-1,625.000,650.000,-1,800.000,-1,-1,-1,2,0,2,0,2,0,0,0,0,2,0,0,2,0,2,2,2
50,-2640.275,6187.959,-33.589,-103.416,-0.227992,0.964016,0.136718,-0.973200,-0.229954,-0.001476,0.030016,-0.133391,0.990609,0,0.68030,-0.88000,40.818,-1.760,-1,400.000,-1,425.000,-1,325.000,325.000,300.000,300.000,-1,675.000,675.000,-1,800.000,-1,-1,-1,2,0,2,0,2,0,0,0,0,2,0,0,2,0,2,2,2
51,-2652.037,6143.881,-32.379,-104.936,-0.253363,0.957802,0.135732,-0.966806,-0.255505,-0.001691,0.033060,-0.131655,0.990744,0,0.76030,-0.76000,45.618,-1.520,-1,400.000,-1,425.000,-1,325.000,325.000,300.000,300.000,-1,725.000,725.000,-1,825.000,-1,-1,-1,2,0,2,0,2,0,0,0,0,2,0,0,2,0,2,2,2
52,-2665.538,6097.473,-30.978,-106.216,-0.274642,0.952077,0.134613,-0.960896,-0.276901,-0.002017,0.035354,-0.129903,0.990896,0,0.80548,-0.64000,48.329,-1.280,-1,400.000,-1,425.000,-1,325.000,325.000,300.000,300.000,-1,775.000,775.000,-1,850.000,-1,-1,-1,2,0,2,0,2,0,0,0,0,2,0,0,2,0,2,2,2
53,-2679.996,6051.286,-29.482,-107.378,-0.293879,0.946489,0.133397,-0.955119,-0.296212,-0.002454,0.037191,-0.128131,0.991060,0,0.80658,-0.58075,48.395,-1.161,-1,400.000,-1,450.000,-1,325.000,325.000,300.000,300.000,-1,825.000,850.000,-1,875.000,-1,-1,-1,2,0,2,0,2,0,0,0,0,2,0,0,2,0,2,2,2
54,-2695.410,6005.346,-27.865,-108.544,-0.313117,0.940510,0.131901,-0.948925,-0.315488,-0.003068,0.038728,-0.126125,0.991258,0,0.80759,-0.58284,48.455,-1.166,-1,425.000,-1,450.000,-1,350.000,350.000,300.000,300.000,-1,900.000,925.000,-1,875.000,-1,-1,-1,2,0,2,0,2,0,0,0,0,2,0,0,2,0,2,2,2
55,-2711.779,5959.675,-26.060,-109.714,-0.332448,0.934170,0.129633,-0.942303,-0.334732,-0.004398,0.039284,-0.123616,0.991552,0,0.80857,-0.58496,48.514,-1.170,-1,425.000,-1,475.000,-1,350.000,350.000,300.000,300.000,-1,1000.000,-1,-1,900.000,-1,-1,-1,2,0,2,0,2,0,0,0,0,2,0,2,2,0,2,2,2
56,-2729.099,5914.296,-24.405,-110.888,-0.351792,0.927308,0.127839,-0.935267,-0.353878,-0.006768,0.038964,-0.121945,0.991772,0,0.80951,-0.58711,48.570,-1.174,-1,425.000,-1,475.000,-1,350.000,350.000,300.000,300.000,-1,-1,-1,-1,900.000,-1,-1,-1,2,0,2,0,2,0,0,0,0,2,2,2,2,0,2,2,2
57,-2747.369,5869.232,-22.717,-112.066,-0.371088,0.920011,0.125991,-0.927805,-0.372949,-0.009364,0.038374,-0.120370,0.991987,0,0.81041,-0.58928,48.625,-1.179,-1,425.000,-1,475.000,-1,350.000,350.000,300.000,300.000,-1,-1,-1,-1,925.000,-1,-1,-1,2,0,2,0,2,0,0,0,0,2,2,2,2,0,2,2,2
58,-2766.586,5824.508,-21.029,-113.249,-0.390318,0.912289,0.124020,-0.919912,-0.391938,-0.012077,0.037591,-0.118801,0.992206,0,0.81127,-0.59148,48.676,-1.183,-1,425.000,-1,475.000,-1,350.000,350.000,300.000,300.000,-1,-1,-1,-1,925.000,-1,-1,-1,2,0,2,0,2,0,0,0,0,2,2,2,2,0,2,2,2
59,-2787.984,5776.882,-19.255,-114.192,-0.405651,0.905877,0.121794,-0.913318,-0.406971,-0.014967,0.036008,-0.117308,0.992443,0,0.87018,-0.47148,52.211,-0.943,-1,425.000,-1,475.000,-1,350.000,375.000,275.000,300.000,-1,-1,-1,-1,925.000,-1,-1,-1,2,0,2,0,2,0,0,0,0,2,2,2,2,0,2,2,2
60,-2809.979,5729.493,-17.925,-114.895,-0.417331,0.901105,0.117665,-0.908172,-0.418188,-0.018504,0.032532,-0.114582,0.992881,0,0.87073,-0.35148,52.244,-0.703,-1,425.000,-1,475.000,950.000,350.000,375.000,275.000,300.000,-1,-1,-1,-1,925.000,-1,-1,-1,2,0,2,0,1,0,0,0,0,2,2,2,2,0,2,2,2
61,-2832.363,5682.271,-16.717,-115.358,-0.425233,0.897974,0.113220,-0.904644,-0.425587,-0.022245,0.028210,-0.111883,0.993321,0,0.87098,-0.23148,52.259,-0.463,-1,425.000,-1,475.000,900.000,350.000,375.000,275.000,300.000,-1,-1,-1,-1,925.000,1000.000,-1,-1,2,0,2,0,1,0,0,0,0,2,2,2,2,0,1,2,2
62,-2854.926,5635.142,-15.593,-115.581,-0.429362,0.896559,0.108763,-0.902833,-0.429197,-0.026130,0.023254,-0.109414,0.993724,0,0.87087,-0.11148,52.252,-0.223,-1,425.000,-1,475.000,850.000,350.000,350.000,275.000,300.000,-1,-1,-1,-1,900.000,975.000,-1,-1,2,0,2,0,1,0,0,0,0,2,2,2,2,0,1,2,2
63,-2877.654,5588.126,-14.623,-115.797,-0.433333,0.895193,0.104179,-0.901048,-0.432690,-0.029879,0.018330,-0.106817,0.994110,0,0.87036,-0.10777,52.221,-0.216,-1,425.000,-1,475.000,800.000,350.000,350.000,275.000,300.000,-1,-1,-1,-1,900.000,925.000,-1,-1,2,0,2,0,1,0,0,0,0,2,2,2,2,0,1,2,2
64,-2900.545,5541.238,-13.875,-116.020,-0.437354,0.893786,0.099335,-0.899186,-0.436306,-0.033203,0.013664,-0.103842,0.994500,0,0.86963,-0.11140,52.178,-0.223,-1,425.000,-1,475.000,750.000,350.000,350.000,275.000,300.000,-1,-1,-1,-1,875.000,900.000,-1,-1,2,0,2,0,1,0,0,0,0,2,2,2,2,0,1,2,2
65,-2923.600,5494.492,-13.232,-116.250,-0.441455,0.892296,0.094470,-0.897239,-0.440025,-0.036600,0.008911,-0.100920,0.994855,0,0.86869,-0.11507,52.122,-0.230,-1,425.000,-1,450.000,700.000,350.000,350.000,275.000,300.000,-1,-1,-1,-1,875.000,875.000,-1,-1,2,0,2,0,1,0,0,0,0,2,2,2,2,0,1,2,2
66,-2946.818,5447.904,-12.694,-116.487,-0.445635,0.890721,0.089584,-0.895205,-0.443849,-0.040067,0.004073,-0.098052,0.995173,0,0.86755,-0.11877,52.053,-0.238,-1,425.000,-1,450.000,650.000,350.000,350.000,300.000,300.000,-1,-1,-1,-1,850.000,850.000,-1,-1,2,0,2,0,1,0,0,0,0,2,2,2,2,0,1,2,2
67,-2970.198,5401.486,-12.317,-116.732,-0.449878,0.889040,0.084960,-0.893090,-0.447766,-0.043544,-0.000670,-0.095467,0.995432,0,0.86621,-0.12248,51.973,-0.245,-1,400.000,-1,450.000,600.000,350.000,350.000,300.000,275.000,-1,-1,-1,-1,850.000,825.000,-1,-1,2,0,2,0,1,0,0,0,0,2,2,2,2,0,1,2,2
68,-2993.738,5355.253,-12.289,-116.982,-0.454109,0.887207,0.081542,-0.890934,-0.451712,-0.046834,-0.004718,-0.093917,0.995569,0,0.86468,-0.12513,51.881,-0.250,-1,400.000,-1,450.000,575.000,350.000,350.000,300.000,275.000,-1,-1,-1,-1,850.000,825.000,-1,-1,2,0,2,0,1,0,0,0,0,2,2,2,2,0,1,2,2
69,-3017.435,5309.216,-12.329,-117.236,-0.458337,0.885339,0.078112,-0.888737,-0.455698,-0.049858,-0.008545,-0.092273,0.995697,0,0.86296,-0.12658,51.778,-0.253,-1,400.000,-1,450.000,525.000,350.000,350.000,275.000,300.000,-1,-1,-1,-1,825.000,825.000,-1,-1,2,0,2,0,1,0,0,0,0,2,2,2,2,0,1,2,2
70,-3041.285,5263.387,-12.435,-117.491,-0.462559,0.883438,0.074672,-0.886505,-0.459719,-0.052607,-0.012147,-0.090531,0.995820,0,0.86106,-0.12787,51.664,-0.256,-1,400.000,-1,450.000,500.000,350.000,350.000,275.000,300.000,-1,-1,-1,-1,825.000,825.000,-1,-1,2,0,2,0,1,0,0,0,0,2,2,2,2,0,1,2,2
71,-3065.283,5217.774,-12.759,-117.749,-0.466814,0.881457,0.071538,-0.884210,-0.463744,-0.055800,-0.016010,-0.089302,0.995876,0,0.85900,-0.12900,51.540,-0.258,-1,400.000,-1,450.000,475.000,325.000,350.000,275.000,300.000,-1,-1,-1,-1,825.000,875.000,-1,-1,2,0,2,0,1,0,0,0,0,2,2,2,2,0,1,2,2
72,-3090.318,5170.609,-13.311,-117.959,-0.470288,0.879871,0.068242,-0.882290,-0.467024,-0.058751,-0.019823,-0.087839,0.995937,0,0.88995,-0.10474,53.397,-0.209,-1,400.000,-1,450.000,450.000,325.000,350.000,275.000,300.000,-1,-1,-1,-1,800.000,-1,-1,-1,2,0,2,1,1,0,0,0,0,2,2,2,2,0,2,2,2
73,-3115.537,5123.537,-14.447,-118.177,-0.473751,0.878312,0.064248,-0.880376,-0.470490,-0.059802,-0.022296,-0.084894,0.996140,0,0.89003,-0.10903,53.402,-0.218,-1,400.000,-1,425.000,425.000,325.000,350.000,275.000,300.000,-1,-1,-1,-1,800.000,-1,-1,-1,2,0,2,1,1,0,0,0,0,2,2,2,2,0,2,2,2
74,-3140.935,5076.577,-15.709,-118.404,-0.477330,0.876644,0.060424,-0.878376,-0.474077,-0.060881,-0.024725,-0.082136,0.996314,0,0.88980,-0.11352,53.388,-0.227,-1,400.000,-1,425.000,400.000,325.000,350.000,275.000,300.000,-1,-1,-1,-1,800.000,-1,-1,-1,2,0,2,1,1,0,0,0,1,2,2,2,2,0,2,2,2
75,-3166.510,5029.752,-17.098,-118.640,-0.481031,0.874863,0.056777,-0.876285,-0.477789,-0.061989,-0.027105,-0.079571,0.996461,0,0.88923,-0.11820,53.354,-0.236,-1,400.000,-1,400.000,375.000,325.000,350.000,275.000,275.000,-1,-1,-1,-1,825.000,-1,-1,-1,2,0,2,1,1,0,0,0,1,2,2,2,2,0,2,2,2
76,-3192.260,4983.085,-18.631,-118.886,-0.484862,0.872970,0.053224,-0.874093,-0.481636,-0.063144,-0.029488,-0.077139,0.996584,0,0.88831,-0.12309,53.299,-0.246,-1,400.000,-1,400.000,375.000,350.000,350.000,275.000,250.000,-1,-1,-1,-1,825.000,-1,-1,-1,2,0,2,1,1,0,0,0,1,2,2,2,2,0,2,2,2
77,-3218.180,4936.602,-20.307,-119.143,-0.488828,0.870959,0.049770,-0.871798,-0.485622,-0.064346,-0.031873,-0.074844,0.996686,0,0.88702,-0.12816,53.221,-0.256,-1,400.000,-1,400.000,350.000,350.000,350.000,275.000,250.000,-1,-1,-1,-1,825.000,-1,-1,-1,2,0,2,1,1,0,0,0,1,2,2,2,2,0,2,2,2
78,-3244.264,4890.326,-21.371,-119.410,-0.492908,0.868647,0.049950,-0.869492,-0.489649,-0.065010,-0.032012,-0.075475,0.996634,0,0.88535,-0.13342,53.121,-0.267,-1,400.000,-1,400.000,450.000,350.000,350.000,275.000,225.000,-1,-1,-1,-1,825.000,-1,-1,-1,2,0,2,1,1,0,1,0,1,2,2,2,2,0,2,2,2
79,-3270.508,4844.284,-21.493,-119.687,-0.497081,0.865939,0.055317,-0.867222,-0.493669,-0.064942,-0.028927,-0.080254,0.996355,0,0.88328,-0.13884,52.997,-0.278,-1,425.000,-1,450.000,-1,350.000,375.000,275.000,225.000,-1,-1,-1,-1,875.000,-1,-1,-1,2,0,2,1,2,0,1,0,1,2,2,2,2,0,2,2,2
80,-3299.050,4794.289,-22.307,-119.725,-0.497645,0.865383,0.058841,-0.866947,-0.494106,-0.065278,-0.027417,-0.083497,0.996131,0,0.95948,-0.01884,57.569,-0.038,-1,425.000,-1,500.000,-1,375.000,375.000,275.000,225.000,-1,-1,-1,-1,900.000,-1,-1,-1,2,0,2,0,2,0,0,0,1,2,2,2,2,0,2,2,2
81,-3327.311,4744.380,-23.761,-119.523,-0.494638,0.867064,0.059446,-0.868646,-0.491014,-0.066025,-0.028060,-0.084296,0.996046,0,0.95591,0.10116,57.355,0.202,-1,450.000,-1,500.000,-1,375.000,375.000,275.000,200.000,-1,-1,-1,-1,900.000,-1,-1,-1,2,0,2,0,2,0,0,0,1,2,2,2,2,0,2,2,2
82,-3355.254,4694.599,-25.872,-119.305,-0.491431,0.868995,0.057822,-0.870394,-0.487754,-0.067160,-0.030159,-0.083332,0.996065,0,0.95146,0.10893,57.088,0.218,-1,450.000,-1,500.000,-1,375.000,375.000,275.000,200.000,-1,-1,-1,-1,900.000,-1,-1,-1,2,0,2,0,2,0,0,0,1,2,2,2,2,0,2,2,2
83,-3382.866,4644.974,-28.613,-119.090,-0.488260,0.871012,0.054223,-0.872066,-0.484599,-0.068303,-0.033216,-0.080636,0.996190,0,0.94648,0.10744,56.789,0.215,-1,450.000,-1,500.000,-1,375.000,375.000,275.000,175.000,-1,-1,-1,-1,900.000,-1,-1,-1,2,0,2,0,2,0,0,0,1,2,2,2,2,0,2,2,2
84,-3410.138,4595.533,-31.936,-118.877,-0.485103,0.873114,0.048449,-0.873652,-0.481536,-0.069682,-0.037511,-0.076130,0.996392,0,0.94107,0.10626,56.464,0.213,-1,425.000,-1,475.000,-1,375.000,375.000,275.000,175.000,-1,-1,-1,-1,875.000,-1,-1,-1,2,0,2,0,2,0,0,0,1,2,2,2,2,0,2,2,2
85,-3437.064,4546.295,-35.858,-118.667,-0.481918,0.875274,0.040616,-0.875155,-0.478536,-0.071461,-0.043111,-0.069984,0.996616,0,0.93532,0.10540,56.119,0.211,-1,425.000,-1,475.000,-1,350.000,375.000,275.000,175.000,-1,-1,-1,-1,850.000,-1,-1,-1,2,0,2,0,2,0,0,0,1,2,2,2,2,0,2,2,2
86,-3463.639,4497.274,-40.352,-118.457,-0.478642,0.877470,0.030799,-0.876585,-0.475573,-0.073683,-0.050007,-0.062266,0.996806,0,0.92934,0.10487,55.761,0.210,-1,425.000,-1,450.000,-1,350.000,350.000,275.000,150.000,-1,-1,-1,750.000,825.000,950.000,-1,-1,2,0,2,0,2,0,0,0,1,2,2,2,1,0,0,2,2
87,-3489.863,4448.477,-45.414,-118.248,-0.475196,0.879674,0.019038,-0.877957,-0.472617,-0.076314,-0.058134,-0.052979,0.996902,0,0.92326,0.10466,55.396,0.209,-1,400.000,-1,425.000,-1,325.000,350.000,275.000,150.000,-1,-1,-1,625.000,775.000,875.000,-1,-1,2,0,2,0,2,0,0,0,1,2,2,2,1,0,0,2,2
88,-3515.734,4399.905,-49.217,-118.038,-0.471829,0.881581,0.013889,-0.879508,-0.469495,-0.077716,-0.061992,-0.048884,0.996879,0,0.91720,0.10478,55.032,0.210,-1,400.000,-1,425.000,-1,325.000,325.000,275.000,150.000,-1,-1,-1,525.000,775.000,850.000,-1,-1,2,0,2,0,2,0,0,0,1,2,2,2,1,0,0,2,2
89,-3541.259,4351.551,-52.380,-117.828,-0.468553,0.883351,0.012219,-0.881122,-0.466281,-0.078776,-0.063890,-0.047677,0.996817,0,0.91128,0.10521,54.677,0.210,-1,400.000,-1,400.000,-1,325.000,325.000,275.000,175.000,-1,-1,-1,425.000,750.000,825.000,-1,-1,2,0,2,0,2,0,0,0,1,2,2,2,1,0,0,2,2
90,-3566.441,4303.401,-53.763,-117.616,-0.465738,0.884808,0.014251,-0.882058,-0.462875,-0.087866,-0.071149,-0.053493,0.996030,0,0.90561,0.10594,54.337,0.212,-1,400.000,-1,400.000,-1,325.000,325.000,275.000,200.000,-1,-1,-1,400.000,725.000,800.000,-1,-1,2,0,2,0,2,0,0,0,1,2,2,2,1,0,0,2,2
91,-3591.298,4255.442,-55.715,-117.402,-0.462807,0.886322,0.015597,-0.883111,-0.459460,-0.094931,-0.076973,-0.057708,0.995362,0,0.90028,0.10696,54.017,0.214,-1,375.000,-1,400.000,-1,325.000,325.000,275.000,200.000,-1,-1,-1,375.000,700.000,800.000,-1,-1,2,0,2,0,2,0,0,0,1,2,2,2,1,0,0,2,2
92,-3615.839,4207.653,-58.222,-117.185,-0.459726,0.887912,0.016253,-0.884322,-0.456036,-0.100030,-0.081406,-0.060359,0.994852,0,0.89536,0.10826,53.722,0.217,-1,375.000,-1,400.000,-1,325.000,325.000,275.000,250.000,-1,-1,-1,375.000,675.000,775.000,-1,-1,2,0,2,0,2,0,0,0,1,2,2,2,1,0,0,2,2
93,-3640.077,4160.009,-61.274,-116.966,-0.456466,0.889593,0.016213,-0.885721,-0.452598,-0.103217,-0.084484,-0.061475,0.994527,0,0.89091,0.10981,53.455,0.220,1000.000,375.000,-1,400.000,-1,325.000,325.000,275.000,275.000,-1,-1,-1,375.000,650.000,775.000,-1,-1,0,0,2,0,2,0,0,0,1,2,2,2,1,0,0,2,2
94,-3664.024,4112.483,-64.862,-116.742,-0.453011,0.891371,0.015469,-0.887324,-0.449140,-0.104543,-0.086239,-0.061086,0.994400,0,0.88696,0.11161,53.218,0.223,975.000,375.000,-1,400.000,-1,300.000,325.000,250.000,300.000,-1,-1,-1,375.000,650.000,750.000,-1,-1,0,0,2,0,2,0,0,0,1,2,2,2,1,0,0,2,2
95,-3687.692,4065.048,-68.909,-116.515,-0.449331,0.893261,0.013664,-0.889127,-0.445659,-0.104123,-0.086920,-0.058934,0.994471,0,0.88353,0.11363,53.012,0.227,975.000,375.000,-1,400.000,-1,300.000,325.000,250.000,325.000,-1,-1,-1,375.000,650.000,750.000,-1,-1,0,0,2,0,2,0,0,0,1,2,2,2,1,0,0,2,2
96,-3711.093,4017.675,-73.408,-116.283,-0.445421,0.895255,0.010890,-0.891151,-0.442141,-0.101790,-0.086313,-0.055044,0.994746,0,0.88063,0.11585,52.838,0.232,-1,375.000,-1,400.000,-1,300.000,325.000,275.000,350.000,-1,-1,-1,375.000,650.000,750.000,-1,-1,2,0,2,0,2,0,0,0,0,2,2,2,1,0,0,2,2
97,-3733.039,3972.314,-77.978,-115.812,-0.437572,0.899155,0.007172,-0.895245,-0.434896,-0.096967,-0.084069,-0.048851,0.995262,0,0.83987,0.23585,50.392,0.472,-1,375.000,-1,400.000,-1,300.000,325.000,275.000,325.000,-1,-1,-1,375.000,675.000,750.000,-1,-1,2,0,2,0,2,0,0,0,0,2,2,2,1,0,0,2,2
98,-3754.367,3926.798,-83.051,-115.100,-0.425800,0.904813,0.002612,-0.901216,-0.423846,-0.090351,-0.080644,-0.040826,0.995907,0,0.83777,0.35585,50.266,0.712,-1,375.000,-1,400.000,-1,325.000,325.000,275.000,325.000,-1,-1,-1,375.000,700.000,750.000,-1,-1,2,0,2,0,2,0,0,0,0,2,2,2,1,0,0,2,2
99,-3774.891,3881.035,-88.672,-114.148,-0.410053,0.912057,-0.003043,-0.908899,-0.408906,-0.081844,-0.075890,-0.030795,0.996641,0,0.83592,0.47585,50.155,0.952,-1,375.000,-1,400.000,-1,325.000,325.000,275.000,300.000,-1,-1,-1,350.000,725.000,750.000,-1,-1,2,0,2,0,2,0,0,0,0,2,2,2,1,0,0,2,2
100,-3794.446,3834.952,-92.802,-112.990,-0.391278,0.920256,-0.005449,-0.917156,-0.390433,-0.079919,-0.075673,-0.026273,0.996786,0,0.83435,0.57926,50.061,1.159,-1,375.000,-1,400.000,-1,325.000,325.000,275.000,300.000,-1,-1,-1,375.000,725.000,725.000,-1,-1,2,0,2,0,2,0,0,0,0,2,2,2,1,0,0,2,2
101,-3813.031,3788.548,-96.418,-111.825,-0.372385,0.928057,-0.006292,-0.924930,-0.371671,-0.079780,-0.076379,-0.023890,0.996793,0,0.83312,0.58228,49.987,1.165,-1,375.000,-1,400.000,-1,325.000,325.000,275.000,300.000,-1,-1,-1,425.000,700.000,725.000,-1,-1,2,0,2,0,2,0,0,0,0,2,2,2,1,0,0,2,2
102,-3830.649,3741.813,-100.015,-110.654,-0.353256,0.935503,-0.006697,-0.932379,-0.352646,-0.079441,-0.076679,-0.021819,0.996817,0,0.83242,0.58545,49.945,1.171,-1,375.000,-1,400.000,-1,325.000,325.000,275.000,300.000,-1,-1,-1,450.000,700.000,725.000,-1,-1,2,0,2,0,2,0,0,0,0,2,2,2,1,0,0,2,2
103,-3847.298,3694.738,-103.680,-109.477,-0.333868,0.942593,-0.007088,-0.939483,-0.333360,-0.079015,-0.076842,-0.019722,0.996848,0,0.83221,0.58877,49.933,1.178,-1,375.000,-1,400.000,-1,325.000,325.000,275.000,300.000,-1,-1,-1,500.000,700.000,725.000,-1,-1,2,0,2,0,2,0,0,0,0,2,2,2,1,0,0,2,2
104,-3862.976,3647.315,-107.412,-108.292,-0.314221,0.949320,-0.007470,-0.946233,-0.313817,-0.078503,-0.076869,-0.017599,0.996886,0,0.83245,0.59223,49.947,1.184,-1,375.000,-1,400.000,-1,325.000,325.000,275.000,300.000,-1,-1,-1,525.000,700.000,725.000,-1,-1,2,0,2,0,2,0,0,0,0,2,2,2,1,0,0,2,2
105,-3877.675,3599.539,-111.209,-107.101,-0.294319,0.955675,-0.007852,-0.952620,-0.294018,-0.077905,-0.076761,-0.015449,0.996930,0,0.83310,0.59580,49.986,1.192,-1,375.000,-1,400.000,-1,325.000,325.000,275.000,300.000,-1,-1,-1,575.000,700.000,725.000,-1,-1,2,0,2,0,2,0,0,0,0,2,2,2,1,0,0,2,2
106,-3891.388,3551.407,-115.066,-105.902,-0.274163,0.961648,-0.008241,-0.958634,-0.273965,-0.077222,-0.076518,-0.013272,0.996980,0,0.83413,0.59948,50.048,1.199,-1,375.000,-1,400.000,-1,325.000,325.000,275.000,300.000,-1,-1,575.000,650.000,700.000,725.000,-1,-1,2,0,2,0,2,0,0,0,0,2,2,1,1,0,0,2,2
107,-3904.105,3502.917,-118.982,-104.695,-0.253756,0.967230,-0.008643,-0.964267,-0.253662,-0.076455,-0.076142,-0.011067,0.997036,0,0.83550,0.60327,50.130,1.207,-1,375.000,-1,400.000,-1,325.000,325.000,275.000,300.000,-1,-1,575.000,700.000,700.000,725.000,-1,-1,2,0,2,0,2,0,0,0,0,2,2,1,1,0,0,2,2
108,-3915.816,3454.070,-122.952,-103.481,-0.233104,0.972410,-0.009065,-0.969506,-0.233113,-0.075606,-0.075634,-0.008835,0.997097,0,0.83718,0.60715,50.231,1.214,1000.000,375.000,-1,400.000,-1,325.000,325.000,275.000,300.000,-1,-1,600.000,750.000,675.000,725.000,-1,-1,1,0,2,0,2,0,0,0,0,2,2,1,1,0,0,2,2
109,-3926.915,3404.034,-127.042,-102.507,-0.216447,0.976248,-0.009541,-0.973411,-0.216548,-0.074684,-0.074976,-0.006878,0.997162,0,0.85421,0.48715,51.252,0.974,950.000,375.000,-1,400.000,-1,325.000,325.000,275.000,300.000,-1,-1,625.000,825.000,675.000,725.000,-1,-1,1,0,2,0,2,0,0,0,0,2,2,1,1,0,0,2,2
110,-3937.298,3353.701,-131.175,-101.655,-0.201827,0.979370,-0.010058,-0.976605,-0.202014,-0.073713,-0.074224,-0.005054,0.997229,0,0.85655,0.42587,51.393,0.852,925.000,375.000,-1,400.000,-1,300.000,325.000,275.000,300.000,-1,-1,650.000,875.000,675.000,725.000,-1,-1,1,0,2,0,2,0,0,0,0,2,2,1,1,0,0,2,2
111,-3946.953,3303.066,-135.086,-100.795,-0.186937,0.982302,-0.011712,-0.979603,-0.187292,-0.072793,-0.073698,-0.002135,0.997278,0,0.85913,0.43005,51.548,0.860,875.000,375.000,-1,375.000,-1,300.000,325.000,275.000,300.000,-1,-1,700.000,950.000,675.000,725.000,-1,-1,1,0,2,0,2,0,0,0,0,2,2,1,1,0,0,2,2
112,-3955.867,3252.128,-138.890,-99.926,-0.171822,0.985030,-0.013928,-0.982441,-0.172379,-0.071381,-0.072713,0.001419,0.997352,0,0.86187,0.43430,51.712,0.869,850.000,375.000,-1,375.000,-1,300.000,325.000,275.000,275.000,-1,850.000,725.000,1000.000,675.000,700.000,-1,-1,1,0,2,0,2,0,0,0,0,2,1,1,1,0,0,2,2
113,-3964.028,3200.888,-142.344,-99.049,-0.156618,0.987548,-0.014838,-0.985052,-0.157278,-0.070259,-0.071718,0.003613,0.997418,0,0.86477,0.43860,51.886,0.877,825.000,375.000,-1,375.000,-1,300.000,325.000,300.000,275.000,-1,850.000,775.000,-1,675.000,700.000,-1,-1,1,0,2,0,2,0,0,0,0,2,1,1,2,0,0,2,2
114,-3971.421,3149.347,-145.691,-98.163,-0.141268,0.989854,-0.015269,-0.987471,-0.141990,-0.068854,-0.070324,0.005351,0.997510,0,0.86781,0.44295,52.069,0.886,800.000,375.000,-1,375.000,-1,300.000,325.000,300.000,275.000,-1,875.000,825.000,-1,675.000,700.000,-1,-1,1,0,2,0,2,0,0,0,0,2,1,1,2,0,0,2,2
115,-3978.033,3097.509,-149.058,-97.268,-0.125731,0.991939,-0.015749,-0.989671,-0.126514,-0.067416,-0.068865,0.007110,0.997601,0,0.87097,0.44736,52.258,0.895,750.000,375.000,-1,375.000,-1,300.000,325.000,300.000,300.000,-1,900.000,800.000,-1,675.000,700.000,-1,-1,1,0,2,0,2,0,0,0,0,2,1,0,2,0,0,2,2
116,-3984.056,3042.568,-152.622,-96.257,-0.108129,0.994003,-0.016308,-0.991860,-0.108976,-0.065865,-0.067247,0.009053,0.997695,0,0.92117,0.50591,55.270,1.012,725.000,375.000,-1,400.000,-1,300.000,325.000,300.000,300.000,-1,925.000,725.000,-1,675.000,700.000,-1,-1,1,0,2,0,2,0,0,0,0,2,1,0,2,0,0,2,2
117,-3989.116,2987.403,-156.197,-95.240,-0.090414,0.995760,-0.016928,-0.993744,-0.091324,-0.064281,-0.065554,0.011010,0.997788,0,0.92329,0.50824,55.397,1.016,700.000,375.000,-1,400.000,-1,325.000,325.000,300.000,300.000,-1,850.000,675.000,-1,650.000,700.000,1000.000,-1,1,0,2,0,2,0,0,0,0,2,0,0,2,0,0,1,2
118,-3993.053,2936.959,-159.464,-94.464,-0.076861,0.996887,-0.017546,-0.994987,-0.077820,-0.062814,-0.063984,0.012630,0.997871,0,0.84329,0.38824,50.597,0.776,650.000,375.000,-1,400.000,-1,325.000,325.000,300.000,300.000,-1,775.000,650.000,-1,650.000,700.000,950.000,-1,1,0,2,0,2,0,0,0,0,2,0,0,2,0,0,1,2
119,-3996.386,2888.410,-162.611,-93.927,-0.067484,0.997555,-0.018174,-0.995762,-0.068481,-0.061392,-0.062486,0.013954,0.997948,0,0.81106,0.26824,48.664,0.536,625.000,375.000,-1,375.000,-1,325.000,325.000,300.000,300.000,-1,750.000,625.000,-1,650.000,700.000,900.000,-1,1,0,2,0,2,0,0,0,0,2,0,0,2,0,0,1,2
120,-3999.356,2839.744,-165.763,-93.492,-0.059874,0.998028,-0.018822,-0.996341,-0.060903,-0.059954,-0.060982,0.015164,0.998024,0,0.81262,0.21754,48.757,0.435,600.000,375.000,-1,375.000,-1,300.000,325.000,300.000,300.000,-1,700.000,600.000,-1,650.000,675.000,875.000,-1,1,0,2,0,2,0,0,0,0,2,0,0,2,0,0,1,2
121,-4001.956,2790.971,-168.920,-93.052,-0.052173,0.998448,-0.019493,-0.996867,-0.053233,-0.058504,-0.059451,0.016380,0.998097,0,0.81403,0.22009,48.842,0.440,575.000,375.000,-1,375.000,-1,300.000,300.000,300.000,300.000,-1,675.000,600.000,-1,650.000,675.000,850.000,-1,1,0,2,0,2,0,0,0,0,2,0,0,2,0,0,1,2
122,-4004.180,2742.101,-172.082,-92.606,-0.044380,0.998810,-0.020200,-0.997335,-0.045468,-0.057051,-0.057901,0.017614,0.998167,0,0.81535,0.22271,48.921,0.445,550.000,375.000,-1,375.000,-1,300.000,300.000,300.000,275.000,-1,650.000,575.000,-1,650.000,675.000,825.000,-1,1,0,2,0,2,0,0,0,0,2,0,0,2,0,0,1,2
123,-4006.023,2693.142,-175.245,-92.156,-0.036492,0.999115,-0.020930,-0.997745,-0.037607,-0.055586,-0.056324,0.018854,0.998234,0,0.81656,0.22542,48.994,0.451,525.000,375.000,-1,375.000,-1,300.000,300.000,300.000,275.000,-1,650.000,550.000,-1,650.000,675.000,800.000,-1,1,0,2,0,2,0,0,0,0,2,0,0,2,0,0,1,2
124,-4007.478,2644.104,-178.407,-91.699,-0.028508,0.999358,-0.021682,-0.998095,-0.029646,-0.054110,-0.054718,0.020098,0.998300,0,0.81766,0.22821,49.060,0.456,500.000,350.000,-1,375.000,-1,300.000,300.000,300.000,275.000,-1,600.000,500.000,-1,625.000,675.000,775.000,-1,1,0,2,0,2,0,0,0,0,2,0,0,2,0,0,1,2
125,-4008.538,2594.998,-180.777,-91.237,-0.020403,0.999528,-0.022946,-0.998393,-0.021583,-0.052397,-0.052867,0.021840,0.998363,0,0.81863,0.23110,49.118,0.462,500.000,350.000,-1,375.000,-1,300.000,300.000,300.000,275.000,-1,575.000,500.000,-1,650.000,675.000,750.000,-1,1,0,2,0,2,0,0,0,0,2,0,0,2,0,0,1,2
126,-4009.197,2545.834,-182.625,-90.769,-0.012259,0.999651,-0.023402,-0.998666,-0.013415,-0.049871,-0.050167,0.022760,0.998481,0,0.81947,0.23407,49.168,0.468,475.000,350.000,-1,375.000,-1,300.000,300.000,300.000,300.000,-1,550.000,475.000,-1,650.000,675.000,750.000,-1,1,0,2,0,2,0,0,0,0,2,0,0,2,0,0,1,2
127,-4009.450,2496.625,-184.466,-90.295,-0.004011,0.999706,-0.023899,-0.998866,-0.005139,-0.047335,-0.047444,0.023682,0.998593,0,0.82017,0.23715,49.210,0.474,475.000,375.000,-1,375.000,-1,300.000,300.000,300.000,300.000,-1,525.000,475.000,-1,650.000,675.000,725.000,-1,1,0,2,0,2,0,0,0,0,2,0,0,2,0,0,1,2
128,-4009.289,2447.383,-186.300,-89.814,0.004345,0.999692,-0.024437,-0.998991,0.003247,-0.044790,-0.044697,0.024607,0.998697,0,0.82071,0.24032,49.243,0.481,450.000,375.000,-1,375.000,-1,300.000,300.000,300.000,300.000,-1,525.000,475.000,-1,650.000,675.000,700.000,-1,1,0,2,0,2,0,0,0,0,2,0,0,2,0,0,1,2
129,-4008.710,2398.122,-188.123,-89.327,0.012811,0.999605,-0.025018,-0.999039,0.011747,-0.042238,-0.041927,0.025535,0.998794,0,0.82109,0.24359,49.265,0.487,425.000,375.000,-1,375.000,-1,300.000,300.000,300.000,300.000,-1,500.000,450.000,-1,650.000,675.000,675.000,-1,1,0,2,0,2,0,0,0,0,2,0,0,2,0,0,1,2
130,-4007.706,2348.855,-189.936,-88.833,0.021391,0.999442,-0.025642,-0.999005,0.020364,-0.039679,-0.039135,0.026465,0.998883,0,0.82129,0.24697,49.278,0.494,425.000,375.000,-1,375.000,-1,300.000,300.000,300.000,300.000,-1,500.000,450.000,-1,650.000,675.000,675.000,-1,1,0,2,0,2,0,0,0,0,2,0,0,2,0,0,1,2
131,-4006.271,2299.597,-191.737,-88.332,0.030086,0.999201,-0.026310,-0.998887,0.029100,-0.037116,-0.036321,0.027397,0.998965,0,0.82131,0.25046,49.279,0.501,400.000,375.000,-1,375.000,-1,300.000,300.000,300.000,300.000,-1,475.000,450.000,-1,675.000,675.000,650.000,-1,1,0,2,0,2,0,0,1,0,2,0,0,2,0,0,1,2
132,-4004.400,2250.365,-193.523,-87.824,0.038900,0.998878,-0.027022,-0.998682,0.037958,-0.034550,-0.033486,0.028330,0.999038,0,0.82113,0.25404,49.268,0.508,375.000,375.000,-1,375.000,-1,300.000,300.000,275.000,300.000,-1,475.000,450.000,-1,675.000,700.000,625.000,-1,1,0,2,0,2,0,0,1,0,2,0,0,2,0,0,1,2
133,-4002.086,2201.174,-195.295,-87.308,0.047836,0.998469,-0.027779,-0.998385,0.046942,-0.031983,-0.030630,0.029264,0.999102,0,0.82075,0.25774,49.245,0.515,375.000,375.000,-1,375.000,-1,300.000,300.000,275.000,300.000,-1,475.000,425.000,-1,675.000,700.000,600.000,-1,1,0,2,0,2,0,0,1,0,2,0,0,2,0,0,1,2
134,-3999.326,2152.043,-197.049,-86.785,0.056895,0.997971,-0.028581,-0.997994,0.056053,-0.029415,-0.027754,0.030198,0.999159,0,0.82015,0.26153,49.209,0.523,350.000,375.000,-1,375.000,-1,300.000,300.000,250.000,300.000,-1,425.000,400.000,-1,675.000,700.000,575.000,-1,1,0,2,0,2,0,0,1,0,2,0,0,2,0,0,1,2
135,-3996.114,2102.988,-198.785,-86.254,0.066079,0.997380,-0.029430,-0.997505,0.065295,-0.026850,-0.024858,0.031131,0.999206,0,0.81933,0.26542,49.160,0.531,350.000,375.000,-1,375.000,-1,300.000,300.000,250.000,300.000,-1,400.000,350.000,-1,675.000,700.000,550.000,-1,1,0,2,0,2,0,0,1,0,2,0,0,2,0,0,1,2
