timestep,x_cm,y_cm,z_cm,yaw_deg,basis_xx,basis_xy,basis_xz,basis_yx,basis_yy,basis_yz,basis_zx,basis_zy,basis_zz,teleport_flag,throttle_cmd,steering_cmd,cmd_move_cm,cmd_turn_deg,lidar_cm_0,lidar_cm_1,lidar_cm_2,lidar_cm_3,lidar_cm_4,lidar_cm_5,lidar_cm_6,lidar_cm_7,lidar_cm_8,lidar_cm_9,lidar_cm_10,lidar_cm_11,lidar_cm_12,lidar_cm_13,lidar_cm_14,lidar_cm_15,lidar_cm_16,lidar_class_0,lidar_class_1,lidar_class_2,lidar_class_3,lidar_class_4,lidar_class_5,lidar_class_6,lidar_class_7,lidar_class_8,lidar_class_9,lidar_class_10,lidar_class_11,lidar_class_12,lidar_class_13,lidar_class_14,lidar_class_15,lidar_class_16
0,-4265.515,-323.581,440.598,113.734,-0.400628,-0.913920,0.065173,0.915697,-0.401825,-0.005867,0.031550,0.057328,0.997857,1,0.08000,0.12000,4.800,0.240,-1,425.000,-1,400.000,-1,325.000,325.000,325.000,325.000,700.000,-1,-1,-1,-1,875.000,-1,-1,2,0,2,0,2,0,0,0,0,1,2,2,2,2,0,2,2
1,-4269.452,-314.826,440.911,114.214,-0.408279,-0.910549,0.064880,0.912301,-0.409480,-0.005830,0.031875,0.056810,0.997876,0,0.16000,0.24000,9.600,0.480,-1,425.000,-1,400.000,-1,325.000,325.000,325.000,325.000,700.000,-1,-1,-1,-1,875.000,-1,-1,2,0,2,0,2,0,0,0,0,1,2,2,2,2,0,2,2
2,-4275.522,-301.768,441.391,114.934,-0.419703,-0.905372,0.064431,0.907085,-0.420908,-0.005782,0.032354,0.056017,0.997905,0,0.24000,0.36000,14.400,0.720,-1,425.000,-1,400.000,-1,325.000,325.000,325.000,325.000,700.000,-1,-1,-1,-1,875.000,-1,-1,2,0,2,0,2,0,0,0,0,1,2,2,2,2,0,2,2
3,-4283.906,-284.495,442.049,115.894,-0.434834,-0.898247,0.063813,0.899907,-0.436045,-0.005735,0.032977,0.054932,0.997945,0,0.32000,0.48000,19.200,0.960,-1,425.000,-1,400.000,-1,325.000,325.000,325.000,325.000,725.000,-1,-1,-1,-1,900.000,-1,-1,2,0,2,0,2,0,0,0,0,1,2,2,2,2,0,2,2
4,-4294.835,-263.129,442.899,117.094,-0.453579,-0.888986,0.063012,0.890578,-0.454795,-0.005704,0.033728,0.053530,0.997996,0,0.40000,0.60000,24.000,1.200,-1,425.000,-1,400.000,-1,325.000,325.000,300.000,325.000,750.000,-1,-1,-1,-1,900.000,-1,-1,2,0,2,0,2,0,0,0,0,1,2,2,2,2,0,2,2
5,-4308.591,-237.827,443.958,118.534,-0.475814,-0.877357,0.062011,0.878865,-0.477036,-0.005708,0.034589,0.051783,0.998059,0,0.48000,0.72000,28.800,1.440,-1,425.000,-1,400.000,-1,325.000,325.000,300.000,325.000,775.000,-1,-1,-1,-1,925.000,-1,-1,2,0,2,0,2,0,0,0,0,1,2,2,2,2,0,2,2
6,-4325.498,-208.791,445.124,120.214,-0.501391,-0.863068,0.061002,0.864506,-0.502595,-0.005225,0.035169,0.050117,0.998124,0,0.56000,0.84000,33.600,1.680,-1,425.000,-1,425.000,-1,325.000,325.000,300.000,325.000,800.000,-1,-1,-1,-1,925.000,-1,-1,2,0,2,0,2,0,0,0,0,1,2,2,2,2,0,2,2
7,-4345.922,-176.274,446.349,122.134,-0.530106,-0.845802,0.060054,0.847196,-0.531265,-0.004019,0.035304,0.048747,0.998187,0,0.64000,0.96000,38.400,1.920,-1,425.000,-1,425.000,-1,325.000,325.000,300.000,325.000,825.000,-1,-1,-1,-1,950.000,-1,-1,2,0,2,0,2,0,0,0,0,1,2,2,2,2,0,2,2
8,-4370.144,-140.504,447.752,124.106,-0.558983,-0.827077,0.059009,0.828426,-0.560091,-0.002750,0.035325,0.047347,0.998254,0,0.72000,0.98592,43.200,1.972,-1,425.000,-1,425.000,-1,325.000,325.000,300.000,300.000,875.000,-1,-1,-1,-1,950.000,-1,-1,2,0,2,0,2,0,0,0,0,1,2,2,2,2,0,2,2
9,-4398.395,-101.699,449.372,126.056,-0.586917,-0.807589,0.057691,0.808887,-0.587962,-0.001423,0.035069,0.045831,0.998333,0,0.80000,0.97538,48.000,1.951,-1,425.000,-1,425.000,-1,325.000,325.000,300.000,300.000,925.000,-1,-1,-1,-1,975.000,-1,-1,2,0,2,0,2,0,0,0,0,1,2,2,2,2,0,2,2
10,-4430.032,-61.180,451.044,127.984,-0.613874,-0.787395,0.056283,0.788662,-0.614827,0.000489,0.034219,0.044688,0.998415,0,0.85680,0.96383,51.408,1.928,-1,425.000,-1,425.000,-1,325.000,350.000,300.000,300.000,975.000,-1,-1,-1,-1,1000.000,-1,-1,2,0,2,0,2,0,0,0,0,1,2,2,2,2,0,2,2
11,-4463.232,-21.456,452.623,129.887,-0.639823,-0.766561,0.054871,0.767823,-0.640655,0.003095,0.032781,0.044112,0.998489,0,0.86287,0.95162,51.772,1.903,-1,450.000,-1,425.000,-1,325.000,350.000,300.000,300.000,-1,-1,-1,-1,-1,1000.000,-1,-1,2,0,2,0,2,0,0,0,0,2,2,2,2,2,0,2,2
12,-4497.952,17.424,454.259,131.766,-0.664753,-0.745162,0.053274,0.746411,-0.665461,0.005691,0.031211,0.043547,0.998564,0,0.86878,0.93946,52.127,1.879,-1,450.000,-1,425.000,-1,350.000,350.000,300.000,300.000,-1,-1,-1,-1,-1,-1,-1,-1,2,0,2,0,2,0,0,0,0,2,2,2,2,2,2,2,2
13,-4534.150,55.410,455.455,133.621,-0.688786,-0.723312,0.048924,0.724428,-0.689304,0.008042,0.027907,0.040981,0.998770,0,0.87453,0.92734,52.472,1.855,-1,450.000,-1,425.000,-1,350.000,325.000,300.000,300.000,-1,-1,-1,-1,-1,-1,-1,-1,2,0,2,0,2,0,0,0,0,2,2,2,2,2,2,2,2
14,-4571.782,92.457,456.620,135.451,-0.711795,-0.701004,0.044052,0.701967,-0.712138,0.010087,0.024300,0.038102,0.998978,0,0.88014,0.91527,52.808,1.831,-1,450.000,-1,425.000,-1,350.000,325.000,300.000,300.000,-1,-1,-1,-1,-1,-1,-1,-1,2,0,2,0,2,0,0,0,0,2,2,2,2,2,2,2,2
15,-4610.805,128.522,457.688,137.258,-0.733761,-0.678292,0.038915,0.679084,-0.733975,0.011221,0.020951,0.034660,0.999180,0,0.88561,0.90324,53.136,1.806,-1,450.000,-1,425.000,-1,350.000,350.000,300.000,300.000,-1,-1,-1,-1,-1,-1,-1,-1,2,0,2,0,2,0,0,0,0,2,2,2,2,2,2,2,2
16,-4651.172,163.565,458.781,139.040,-0.754700,-0.655208,0.033620,0.655838,-0.754805,0.012074,0.017466,0.031162,0.999362,0,0.89094,0.89125,53.456,1.783,-1,450.000,-1,425.000,-1,350.000,350.000,300.000,300.000,-1,-1,-1,-1,-1,-1,-1,-1,2,0,2,0,2,0,0,0,0,2,2,2,2,2,2,2,2
17,-4689.000,194.167,459.597,141.029,-0.777110,-0.628669,0.029600,0.629185,-0.777152,0.012677,0.015034,0.028475,0.999481,0,0.81094,0.99443,48.656,1.989,-1,450.000,-1,425.000,-1,350.000,350.000,300.000,300.000,-1,-1,-1,-1,-1,-1,-1,-1,2,0,2,0,2,0,0,0,0,2,2,2,2,2,2,2,2
18,-4725.914,221.988,460.268,142.997,-0.798325,-0.601652,0.026310,0.602084,-0.798325,0.013128,0.013105,0.026322,0.999568,0,0.77042,0.98375,46.225,1.967,-1,450.000,-1,425.000,-1,350.000,350.000,300.000,325.000,-1,-1,-1,-1,-1,-1,-1,-1,2,0,2,0,2,0,0,0,0,2,2,2,2,2,2,2,2
19,-4763.991,248.706,460.963,144.944,-0.818390,-0.574204,0.022969,0.574556,-0.818356,0.013376,0.011116,0.024144,0.999647,0,0.77526,0.97381,46.515,1.948,-1,450.000,-1,425.000,-1,350.000,350.000,300.000,325.000,-1,-1,-1,-1,-1,-1,-1,-1,2,0,2,0,2,0,0,0,0,2,2,2,2,2,2,2,2
20,-4803.176,274.278,461.396,146.872,-0.837324,-0.546361,0.019461,0.546645,-0.837234,0.014787,0.008214,0.023020,0.999701,0,0.77986,0.96402,46.792,1.928,-1,450.000,-1,425.000,-1,350.000,350.000,300.000,325.000,-1,-1,-1,-1,-1,-1,-1,-1,2,0,2,0,2,0,0,0,0,2,2,2,2,2,2,2,2
21,-4843.417,298.667,461.360,148.781,-0.855132,-0.518162,0.016041,0.518392,-0.854954,0.018000,0.004388,0.023708,0.999709,0,0.78424,0.95438,47.054,1.909,-1,425.000,-1,425.000,-1,350.000,350.000,300.000,325.000,-1,-1,-1,-1,1000.000,1000.000,-1,-1,2,0,2,0,2,0,0,0,0,2,2,2,2,0,0,2,2
22,-4884.658,321.837,461.196,150.671,-0.871808,-0.489672,0.013104,0.489846,-0.871550,0.021236,0.001023,0.024932,0.999689,0,0.78841,0.94490,47.304,1.890,-1,425.000,-1,425.000,-1,350.000,350.000,300.000,300.000,-1,-1,-1,-1,975.000,950.000,-1,-1,2,0,2,0,2,0,0,0,0,2,2,2,2,0,0,2,2
23,-4926.844,343.758,461.064,152.542,-0.887376,-0.460939,0.009962,0.461041,-0.887048,0.024251,-0.002342,0.026113,0.999656,0,0.79236,0.93557,47.542,1.871,-1,425.000,-1,425.000,-1,350.000,350.000,300.000,300.000,-1,-1,-1,-1,950.000,925.000,-1,-1,2,0,2,0,2,0,0,0,0,2,2,2,2,0,0,2,2
24,-4969.920,364.402,460.963,154.395,-0.901847,-0.432005,0.006633,0.432018,-0.901459,0.027038,-0.005701,0.027249,0.999612,0,0.79612,0.92640,47.767,1.853,-1,425.000,-1,425.000,-1,325.000,325.000,300.000,300.000,-1,-1,-1,-1,925.000,900.000,-1,-1,2,0,2,0,2,0,0,0,0,2,2,2,2,0,0,2,2
25,-5013.830,383.741,460.894,156.230,-0.915235,-0.402909,0.003136,0.402820,-0.914801,0.029588,-0.009052,0.028343,0.999557,0,0.79968,0.91738,47.981,1.835,-1,425.000,-1,400.000,-1,325.000,325.000,325.000,300.000,-1,-1,-1,-1,900.000,900.000,-1,-1,2,0,2,0,2,0,0,0,0,2,2,2,2,0,0,2,2
26,-5058.520,401.755,460.856,158.047,-0.927554,-0.373689,-0.000511,0.373484,-0.927088,0.031896,-0.012393,0.029395,0.999491,0,0.80306,0.90851,48.184,1.817,-1,425.000,-1,400.000,-1,325.000,325.000,325.000,300.000,-1,-1,-1,-1,875.000,875.000,-1,-1,2,0,2,0,2,0,0,0,0,2,2,2,2,0,0,2,2
27,-5103.934,418.422,460.851,159.846,-0.938820,-0.344380,-0.004290,0.344048,-0.938338,0.033958,-0.015720,0.030404,0.999414,0,0.80626,0.89980,48.376,1.800,-1,425.000,-1,400.000,-1,325.000,325.000,325.000,300.000,-1,-1,-1,-1,850.000,850.000,-1,-1,2,0,2,0,2,0,0,0,0,2,2,2,2,0,0,2,2
28,-5150.017,433.726,460.704,161.629,-0.949051,-0.315024,-0.007876,0.314581,-0.948588,0.034927,-0.018474,0.030670,0.999359,0,0.80930,0.89123,48.558,1.782,-1,400.000,-1,400.000,-1,325.000,325.000,325.000,300.000,-1,-1,-1,-1,850.000,825.000,-1,-1,2,0,2,0,2,0,0,0,0,2,2,2,2,0,0,2,2
29,-5196.715,447.653,460.219,163.394,-0.958269,-0.285659,-0.010937,0.285156,-0.957881,0.033924,-0.020167,0.029389,0.999365,0,0.81217,0.88282,48.730,1.766,-1,400.000,-1,400.000,-1,325.000,325.000,325.000,300.000,-1,-1,-1,-1,825.000,825.000,-1,-1,2,0,2,0,2,0,0,0,0,2,2,2,2,0,0,2,2
30,-5245.205,460.554,459.660,165.102,-0.966305,-0.257004,-0.014291,0.256449,-0.966015,0.032379,-0.022127,0.027623,0.999373,0,0.83629,0.85370,50.178,1.707,-1,400.000,-1,400.000,-1,325.000,325.000,325.000,300.000,-1,-1,-1,-1,800.000,825.000,-1,-1,2,0,2,0,2,0,0,0,0,2,2,2,2,0,0,2,2
31,-5294.466,472.115,459.017,166.793,-0.973418,-0.228392,-0.017160,0.227801,-0.973219,0.030848,-0.023746,0.026119,0.999377,0,0.84332,0.84561,50.599,1.691,-1,400.000,-1,400.000,-1,325.000,325.000,325.000,325.000,-1,-1,-1,-1,800.000,800.000,-1,-1,2,0,2,0,2,0,0,0,0,2,2,2,2,0,1,2,2
32,-5348.703,483.402,457.536,168.244,-0.978876,-0.203665,-0.017924,0.203046,-0.978664,0.031437,-0.023944,0.027133,0.999345,0,0.92332,0.72561,55.399,1.451,-1,400.000,-1,400.000,-1,325.000,325.000,325.000,300.000,-1,-1,-1,-1,775.000,775.000,-1,-1,2,0,2,0,2,0,0,0,0,2,2,2,2,0,1,2,2
33,-5406.808,494.217,455.930,169.455,-0.982945,-0.182928,-0.018892,0.182269,-0.982724,0.032132,-0.024444,0.028141,0.999305,0,0.98504,0.60561,59.103,1.211,-1,400.000,-1,400.000,1000.000,325.000,325.000,300.000,300.000,-1,-1,-1,-1,775.000,775.000,-1,975.000,2,0,2,0,1,0,0,0,0,2,2,2,2,0,1,2,1
34,-5465.509,504.118,454.338,170.427,-0.985885,-0.166241,-0.019882,0.165544,-0.985661,0.032682,-0.025030,0.028929,0.999268,0,0.99218,0.48561,59.531,0.971,-1,400.000,-1,400.000,925.000,325.000,325.000,300.000,300.000,-1,-1,-1,-1,750.000,775.000,-1,925.000,2,0,2,0,1,0,0,0,0,2,2,2,2,0,1,2,1
35,-5524.694,513.324,452.756,171.158,-0.987905,-0.153646,-0.020876,0.152912,-0.987685,0.033112,-0.025707,0.029519,0.999234,0,0.99827,0.36561,59.896,0.731,-1,400.000,-1,400.000,850.000,325.000,325.000,325.000,300.000,-1,-1,-1,-1,750.000,750.000,-1,875.000,2,0,2,0,1,0,0,0,0,2,2,2,2,0,1,2,1
36,-5584.067,521.977,451.186,171.708,-0.989314,-0.144154,-0.021865,0.143384,-0.989102,0.033448,-0.026448,0.029955,0.999201,0,1.00000,0.27504,60.000,0.550,-1,400.000,-1,400.000,775.000,325.000,325.000,325.000,300.000,-1,-1,-1,-1,750.000,750.000,-1,825.000,2,0,2,0,1,0,0,0,0,2,2,2,2,0,1,2,1
37,-5643.518,530.071,449.630,172.247,-0.990604,-0.134837,-0.022858,0.134031,-0.990404,0.033709,-0.027184,0.030328,0.999170,0,1.00000,0.26965,60.000,0.539,-1,400.000,-1,400.000,725.000,325.000,325.000,325.000,300.000,-1,-1,-1,-1,725.000,750.000,-1,800.000,2,0,2,0,1,0,0,0,0,2,2,2,2,0,1,2,1
38,-5703.042,537.617,448.085,172.775,-0.991781,-0.125707,-0.023853,0.124868,-0.991594,0.033899,-0.027914,0.030642,0.999141,0,1.00000,0.26387,60.000,0.528,-1,400.000,1000.000,400.000,675.000,325.000,325.000,325.000,300.000,-1,-1,-1,-1,725.000,750.000,-1,775.000,2,0,1,0,1,0,0,0,0,2,2,2,2,0,1,2,1
39,-5762.631,544.627,446.554,173.290,-0.992847,-0.116782,-0.024849,0.115910,-0.992677,0.034022,-0.028640,0.030898,0.999112,0,1.00000,0.25769,60.000,0.515,-1,375.000,925.000,400.000,625.000,325.000,325.000,325.000,300.000,-1,-1,-1,-1,725.000,750.000,950.000,725.000,2,0,1,0,1,0,0,0,0,2,2,2,2,0,1,1,1
40,-5822.279,551.115,445.035,173.793,-0.993807,-0.108076,-0.025845,0.107173,-0.993656,0.034082,-0.029364,0.031101,0.999085,0,1.00000,0.25110,60.000,0.502,1000.000,375.000,875.000,375.000,575.000,325.000,325.000,325.000,300.000,-1,-1,-1,-1,700.000,725.000,900.000,700.000,1,0,1,0,1,0,0,0,0,2,2,2,2,0,0,1,1
41,-5881.980,557.094,443.494,174.281,-0.994668,-0.099606,-0.026717,0.098682,-0.994540,0.033934,-0.029951,0.031116,0.999067,0,1.00000,0.24409,60.000,0.488,950.000,375.000,825.000,375.000,525.000,300.000,325.000,325.000,300.000,-1,-1,-1,-1,700.000,725.000,850.000,675.000,1,0,1,0,1,0,0,0,0,2,2,2,2,0,0,1,1
42,-5941.729,562.580,442.082,174.754,-0.995475,-0.091385,-0.026040,0.090470,-0.995305,0.034389,-0.029060,0.031878,0.999069,0,1.00000,0.23664,60.000,0.473,875.000,375.000,750.000,375.000,500.000,300.000,325.000,325.000,300.000,-1,-1,-1,-1,675.000,725.000,775.000,675.000,1,0,1,0,1,0,0,0,0,2,2,2,2,1,1,1,1
43,-6001.520,567.588,440.711,175.212,-0.996207,-0.083433,-0.024714,0.082554,-0.995983,0.034684,-0.027509,0.032512,0.999093,0,1.00000,0.22875,60.000,0.457,825.000,375.000,700.000,375.000,475.000,300.000,325.000,325.000,300.000,-1,-1,-1,-1,625.000,650.000,725.000,650.000,1,0,1,0,1,0,0,0,0,2,2,2,2,1,1,1,1
44,-6061.347,572.136,439.354,175.652,-0.996851,-0.075766,-0.023395,0.074924,-0.996575,0.034989,-0.025966,0.033126,0.999114,0,1.00000,0.22041,60.000,0.441,750.000,375.000,650.000,375.000,450.000,325.000,325.000,325.000,325.000,-1,-1,-1,-1,575.000,600.000,675.000,650.000,1,0,1,0,1,0,0,0,0,2,2,2,2,1,1,1,1
45,-6121.206,576.242,438.002,176.076,-0.997413,-0.068401,-0.022103,0.067597,-0.997089,0.035280,-0.024452,0.033695,0.999133,0,1.00000,0.21163,60.000,0.423,700.000,375.000,575.000,400.000,450.000,325.000,325.000,325.000,325.000,-1,-1,-1,-1,525.000,550.000,625.000,600.000,1,0,1,0,1,0,0,0,0,2,2,2,2,1,1,1,1
46,-6181.093,579.925,436.661,176.480,-0.997899,-0.061353,-0.020822,0.060588,-0.997529,0.035571,-0.022953,0.034234,0.999150,0,1.00000,0.20241,60.000,0.405,625.000,375.000,525.000,400.000,425.000,325.000,325.000,325.000,325.000,-1,-1,-1,-1,475.000,475.000,575.000,525.000,1,0,1,0,1,0,0,0,0,2,2,2,2,1,1,1,1
47,-6241.003,583.205,435.332,176.866,-0.998315,-0.054639,-0.019544,0.053914,-0.997901,0.035868,-0.021463,0.034754,0.999165,0,1.00000,0.19276,60.000,0.386,575.000,375.000,475.000,400.000,425.000,325.000,325.000,325.000,300.000,-1,-1,-1,-1,450.000,425.000,500.000,475.000,1,1,1,1,1,0,0,0,1,2,2,2,2,1,1,1,1
48,-6300.933,586.103,434.015,177.231,-0.998667,-0.048273,-0.018266,0.047589,-0.998212,0.036171,-0.019979,0.035253,0.999179,0,1.00000,0.18270,60.000,0.365,500.000,325.000,400.000,325.000,400.000,300.000,300.000,325.000,275.000,-1,-1,-1,-1,400.000,375.000,450.000,425.000,1,1,1,1,1,1,1,0,1,2,2,2,2,1,1,1,1
49,-6360.879,588.641,432.708,177.576,-0.998962,-0.042269,-0.016987,0.041627,-0.998467,0.036479,-0.018503,0.035734,0.999190,0,1.00000,0.17227,60.000,0.345,450.000,300.000,350.000,275.000,375.000,275.000,275.000,325.000,275.000,-1,-1,-1,-1,350.000,300.000,400.000,350.000,1,1,1,1,1,1,1,0,1,2,2,2,2,1,1,1,1
50,-6420.839,590.840,431.412,177.899,-0.999205,-0.036639,-0.015706,0.036041,-0.998673,0.036791,-0.017033,0.036196,0.999200,0,1.00000,0.16149,60.000,0.323,375.000,250.000,300.000,225.000,300.000,225.000,225.000,325.000,250.000,-1,-1,-1,-1,300.000,250.000,325.000,275.000,1,1,1,1,1,1,1,0,1,2,2,2,2,1,1,1,1
51,-6476.004,592.784,430.214,177.982,-0.999275,-0.035192,-0.014512,0.034634,-0.998713,0.037048,-0.015797,0.036519,0.999208,0,0.92000,0.04149,55.200,0.083,300.000,200.000,250.000,200.000,250.000,175.000,175.000,325.000,250.000,-1,-1,-1,-1,250.000,200.000,275.000,225.000,1,1,1,1,1,1,1,0,1,2,2,2,2,1,1,1,1
52,-6528.574,594.339,429.092,178.305,-0.999473,-0.029561,-0.013394,0.029043,-0.998880,0.037340,-0.014483,0.036932,0.999213,0,0.87655,0.16149,52.593,0.323,250.000,175.000,175.000,150.000,200.000,150.000,125.000,325.000,225.000,-1,825.000,850.000,-1,200.000,150.000,225.000,175.000,1,1,1,1,1,1,1,0,1,2,0,0,2,1,1,1,1
53,-6581.517,595.522,435.670,178.719,-0.999700,-0.022345,0.010037,0.022668,-0.999188,0.033310,0.009285,0.033528,0.999395,0,0.88260,0.20700,52.956,0.414,225.000,150.000,150.000,125.000,150.000,125.000,100.000,350.000,250.000,-1,275.000,300.000,-1,175.000,125.000,200.000,125.000,1,1,1,1,1,1,1,0,1,2,0,0,2,1,1,1,1
54,-6634.839,596.333,458.978,179.139,-0.996464,-0.015025,0.082669,0.014346,-0.999858,-0.008793,0.082789,-0.007576,0.996538,0,0.88867,0.21010,53.320,0.420,300.000,175.000,175.000,125.000,150.000,150.000,125.000,350.000,300.000,725.000,100.000,125.000,-1,200.000,150.000,250.000,125.000,1,1,1,1,1,1,1,0,1,0,0,0,2,1,1,1,1
55,-6231.345,-983.897,444.670,-81.802,0.143380,0.988766,-0.042226,-0.989505,0.142453,-0.024222,-0.017935,0.045256,0.998814,1,0.00000,0.00000,53.680,0.427,775.000,400.000,-1,425.000,-1,325.000,325.000,300.000,300.000,-1,-1,-1,750.000,825.000,950.000,-1,-1,1,0,2,0,2,0,0,0,0,2,2,2,1,0,0,2,2
56,-6230.681,-988.651,444.575,-82.042,0.139253,0.989353,-0.042303,-0.990087,0.138310,-0.024471,-0.018360,0.045291,0.998805,0,0.08000,-0.12000,4.800,-0.240,800.000,400.000,-1,425.000,-1,325.000,325.000,300.000,300.000,-1,-1,-1,750.000,825.000,950.000,-1,-1,1,0,2,0,2,0,0,0,0,2,2,2,1,0,0,2,2
57,-6229.431,-998.169,444.383,-82.522,0.130991,0.990474,-0.042462,-0.991197,0.130016,-0.024971,-0.019212,0.045360,0.998786,0,0.16000,-0.24000,9.600,-0.480,800.000,400.000,-1,425.000,-1,325.000,325.000,300.000,300.000,-1,-1,-1,750.000,825.000,950.000,-1,-1,1,0,2,0,2,0,0,0,0,2,2,2,1,0,0,2,2
58,-6227.737,-1012.470,444.087,-83.242,0.118582,0.992025,-0.042716,-0.992733,0.117559,-0.025726,-0.020499,0.045457,0.998756,0,0.24000,-0.36000,14.400,-0.720,825.000,400.000,-1,425.000,-1,325.000,325.000,300.000,300.000,-1,-1,-1,775.000,825.000,925.000,-1,-1,1,0,2,0,2,0,0,0,0,2,2,2,1,0,0,2,2
59,-6225.797,-1031.572,443.682,-84.202,0.102010,0.993850,-0.043082,-0.994535,0.100922,-0.026743,-0.022230,0.045574,0.998714,0,0.32000,-0.48000,19.200,-0.960,825.000,400.000,-1,425.000,-1,325.000,325.000,300.000,300.000,-1,-1,-1,800.000,825.000,925.000,-1,-1,1,0,2,0,2,0,0,0,0,2,2,2,1,0,0,2,2
60,-6223.873,-1055.495,443.156,-85.402,0.081259,0.995740,-0.043580,-0.996394,0.080085,-0.028027,-0.024417,0.045700,0.998657,0,0.40000,-0.60000,24.000,-1.200,875.000,400.000,-1,425.000,-1,325.000,325.000,300.000,300.000,-1,-1,-1,825.000,825.000,925.000,-1,-1,1,0,2,0,2,0,0,0,0,2,2,2,1,0,0,2,2
61,-6222.287,-1084.252,442.498,-86.842,0.056314,0.997432,-0.044239,-0.998046,0.055037,-0.029586,-0.027075,0.045819,0.998583,0,0.48000,-0.72000,28.800,-1.440,900.000,400.000,-1,425.000,-1,325.000,325.000,300.000,300.000,-1,-1,-1,850.000,825.000,900.000,-1,-1,1,0,2,0,2,0,0,0,0,2,2,2,1,0,0,2,2
62,-6221.420,-1117.841,441.692,-88.522,0.027175,0.998613,-0.045093,-0.999174,0.025771,-0.031427,-0.030221,0.045910,0.998488,0,0.56000,-0.84000,33.600,-1.680,975.000,400.000,-1,425.000,-1,325.000,325.000,300.000,300.000,-1,-1,-1,900.000,825.000,900.000,-1,-1,1,0,2,0,2,0,0,0,0,2,2,2,1,0,0,2,2
63,-6221.606,-1156.241,440.727,-90.276,-0.003264,0.998929,-0.046156,-0.999425,-0.004816,-0.033549,-0.033735,0.046020,0.998371,0,0.64000,-0.87726,38.400,-1.755,-1,400.000,-1,425.000,-1,325.000,325.000,300.000,300.000,-1,-1,-1,950.000,825.000,875.000,-1,-1,2,0,2,0,2,0,0,0,0,2,2,2,1,0,0,2,2
64,-6223.125,-1199.415,439.588,-92.014,-0.033392,0.998316,-0.047443,-0.998736,-0.035114,-0.035950,-0.037555,0.046182,0.998227,0,0.72000,-0.86912,43.200,-1.738,-1,400.000,-1,425.000,-1,325.000,325.000,300.000,300.000,-1,-1,-1,1000.000,825.000,875.000,-1,-1,2,0,2,0,2,0,0,0,0,2,2,2,1,0,0,2,2
65,-6226.263,-1247.313,438.260,-93.748,-0.063381,0.996787,-0.048974,-0.997118,-0.065300,-0.038630,-0.041704,0.046385,0.998053,0,0.80000,-0.86683,48.000,-1.734,-1,400.000,-1,425.000,-1,325.000,325.000,300.000,300.000,-1,-1,-1,-1,825.000,850.000,-1,-1,2,0,2,0,2,0,0,0,0,2,2,2,2,0,0,2,2
66,-6231.274,-1299.555,436.490,-95.478,-0.093285,0.994396,-0.049744,-0.994589,-0.095365,-0.041217,-0.045730,0.045630,0.997911,0,0.87469,-0.86496,52.482,-1.730,-1,425.000,-1,425.000,-1,350.000,325.000,300.000,300.000,-1,-1,-1,-1,850.000,825.000,-1,-1,2,0,2,0,2,0,0,0,0,2,2,2,2,0,0,2,2
67,-6237.804,-1351.197,433.865,-97.205,-0.123164,0.991185,-0.048820,-0.991165,-0.125304,-0.043494,-0.049228,0.043032,0.997860,0,0.86754,-0.86347,52.053,-1.727,-1,425.000,-1,425.000,-1,350.000,325.000,300.000,300.000,-1,-1,-1,-1,825.000,825.000,-1,-1,2,0,2,0,2,0,0,0,0,2,2,2,2,0,0,2,2
68,-6245.816,-1402.177,430.806,-98.930,-0.152851,0.987018,-0.049324,-0.986857,-0.155094,-0.045381,-0.052442,0.041739,0.997751,0,0.86008,-0.86255,51.605,-1.725,-1,425.000,-1,400.000,-1,350.000,325.000,300.000,300.000,-1,-1,-1,-1,825.000,800.000,-1,-1,2,0,2,0,2,0,0,0,0,2,2,2,2,0,0,2,2
69,-6255.274,-1452.444,427.703,-100.655,-0.182395,0.981962,-0.049829,-0.981650,-0.184737,-0.047287,-0.055639,0.040290,0.997638,0,0.85247,-0.86221,51.148,-1.724,-1,425.000,-1,400.000,-1,325.000,325.000,300.000,300.000,-1,-1,-1,-1,825.000,775.000,-1,-1,2,0,2,0,2,0,0,0,0,2,2,2,2,0,0,2,2
70,-6266.142,-1501.957,424.556,-102.379,-0.211790,0.976019,-0.050316,-0.975544,-0.214224,-0.049214,-0.058813,0.038662,0.997520,0,0.84486,-0.86244,50.692,-1.725,-1,425.000,-1,400.000,-1,325.000,325.000,300.000,300.000,-1,-1,-1,-1,825.000,775.000,-1,-1,2,0,2,0,2,0,0,0,0,2,2,2,2,0,0,2,2
71,-6278.389,-1550.688,421.365,-104.106,-0.241031,0.969189,-0.050766,-0.968538,-0.243549,-0.051168,-0.061956,0.036836,0.997399,0,0.83742,-0.86322,50.245,-1.726,-1,425.000,-1,400.000,-1,325.000,325.000,300.000,300.000,-1,-1,-1,-1,825.000,750.000,-1,-1,2,0,2,0,2,0,0,0,0,2,2,2,2,0,0,2,2
72,-6291.983,-1598.615,418.129,-105.835,-0.270109,0.961469,-0.051167,-0.960629,-0.272702,-0.053157,-0.065062,0.034794,0.997274,0,0.83029,-0.86454,49.817,-1.729,-1,425.000,-1,400.000,-1,325.000,325.000,300.000,300.000,-1,-1,-1,-1,825.000,725.000,-1,-1,2,0,2,0,2,0,0,0,0,2,2,2,2,0,0,2,2
73,-6305.759,-1642.776,415.064,-107.324,-0.294961,0.954121,-0.051489,-0.953099,-0.297614,-0.055027,-0.067826,0.032843,0.997156,0,0.77098,-0.74454,46.259,-1.489,-1,400.000,-1,400.000,-1,325.000,325.000,300.000,300.000,-1,-1,-1,-1,800.000,725.000,-1,-1,2,0,2,0,2,0,0,0,0,2,2,2,2,0,0,2,2
74,-6320.388,-1686.310,411.971,-108.573,-0.315655,0.947462,-0.051741,-0.946262,-0.318361,-0.056879,-0.070363,0.031007,0.997039,0,0.76543,-0.62454,45.926,-1.249,-1,400.000,-1,375.000,-1,325.000,325.000,300.000,300.000,-1,-1,-1,-1,775.000,700.000,-1,-1,2,0,2,0,2,0,0,0,0,2,2,2,2,0,0,2,2
75,-6335.688,-1729.317,408.853,-109.582,-0.332264,0.941757,-0.051898,-0.940382,-0.335014,-0.058709,-0.072676,0.029297,0.996925,0,0.76079,-0.50454,45.648,-1.009,-1,400.000,-1,375.000,-1,325.000,325.000,300.000,300.000,-1,-1,-1,-1,775.000,675.000,-1,-1,2,0,2,0,2,0,0,0,0,2,2,2,2,0,0,2,2
76,-6351.486,-1771.906,405.715,-110.351,-0.344856,0.937218,-0.051935,-0.935673,-0.347640,-0.060513,-0.074768,0.027726,0.996815,0,0.75706,-0.38454,45.424,-0.769,-1,400.000,-1,375.000,1000.000,325.000,325.000,300.000,300.000,-1,-1,-1,-1,750.000,650.000,-1,-1,2,0,2,0,0,0,0,0,0,2,2,2,2,0,0,2,2
77,-6367.615,-1814.186,402.561,-110.880,-0.353483,0.934004,-0.051834,-0.932296,-0.356294,-0.062283,-0.076640,0.026308,0.996712,0,0.75420,-0.26454,45.252,-0.529,-1,375.000,-1,375.000,950.000,325.000,300.000,300.000,300.000,-1,-1,-1,-1,725.000,650.000,-1,-1,2,0,2,0,0,0,0,0,0,2,2,2,2,0,0,2,2
78,-6384.084,-1856.202,399.490,-111.404,-0.362023,0.930737,-0.051647,-0.928942,-0.364822,-0.063020,-0.077497,0.025162,0.996675,0,0.75214,-0.26172,45.128,-0.523,-1,375.000,-1,375.000,925.000,300.000,300.000,300.000,300.000,-1,-1,-1,-1,725.000,625.000,-1,975.000,2,0,2,0,0,0,0,0,0,2,2,2,2,0,0,2,0
79,-6400.905,-1897.972,396.279,-111.934,-0.370731,0.927360,-0.050622,-0.925490,-0.373441,-0.063334,-0.077638,0.023371,0.996708,0,0.75050,-0.26526,45.030,-0.531,-1,375.000,-1,375.000,900.000,300.000,300.000,300.000,300.000,-1,-1,-1,-1,700.000,625.000,-1,950.000,2,0,2,0,0,0,0,0,0,2,2,2,2,0,0,2,0
80,-6418.089,-1939.514,393.180,-112.472,-0.379524,0.923842,-0.049778,-0.921947,-0.382145,-0.063075,-0.077294,0.021954,0.996767,0,0.74926,-0.26902,44.955,-0.538,-1,375.000,-1,375.000,875.000,300.000,300.000,300.000,300.000,900.000,-1,-1,-1,700.000,625.000,-1,925.000,2,0,2,0,0,0,0,0,0,1,2,2,2,0,0,2,0
81,-6435.648,-1980.843,390.091,-113.018,-0.388420,0.920187,-0.048848,-0.918277,-0.390942,-0.062695,-0.076788,0.020504,0.996837,0,0.74842,-0.27298,44.905,-0.546,-1,375.000,-1,375.000,850.000,300.000,300.000,300.000,300.000,850.000,-1,-1,-1,700.000,600.000,-1,900.000,2,0,2,0,0,0,0,0,0,1,2,2,2,0,0,2,0
82,-6454.379,-2023.778,386.876,-113.571,-0.397398,0.916402,-0.047775,-0.914488,-0.399809,-0.062169,-0.076072,0.018984,0.996922,0,0.78072,-0.27625,46.843,-0.553,-1,375.000,-1,350.000,850.000,300.000,300.000,300.000,300.000,825.000,-1,-1,-1,700.000,600.000,-1,900.000,2,0,2,0,0,0,0,0,0,1,2,2,2,0,0,2,0
83,-6473.454,-2066.367,383.576,-114.127,-0.406389,0.912500,-0.046826,-0.910628,-0.408689,-0.061071,-0.074864,0.017823,0.997034,0,0.77777,-0.27792,46.666,-0.556,-1,375.000,-1,350.000,825.000,300.000,300.000,300.000,300.000,825.000,-1,-1,-1,700.000,600.000,-1,875.000,2,0,2,0,0,0,0,0,0,1,2,2,2,0,0,2,0
84,-6492.877,-2108.621,380.309,-114.686,-0.415418,0.908483,-0.045677,-0.906666,-0.417593,-0.059776,-0.073379,0.016582,0.997166,0,0.77506,-0.27986,46.504,-0.560,-1,375.000,-1,350.000,825.000,300.000,300.000,300.000,300.000,825.000,-1,-1,-1,675.000,600.000,-1,850.000,2,0,2,0,0,0,0,0,0,1,2,2,2,0,0,2,0
85,-6512.651,-2150.548,377.200,-115.250,-0.424532,0.904353,-0.043797,-0.902594,-0.426529,-0.058278,-0.071385,0.014790,0.997339,0,0.77261,-0.28207,46.357,-0.564,-1,375.000,-1,350.000,825.000,300.000,300.000,300.000,300.000,825.000,-1,-1,-1,675.000,600.000,-1,850.000,2,0,2,0,0,0,0,0,0,1,2,2,2,0,0,2,0
86,-6532.785,-2192.160,374.207,-115.820,-0.433717,0.900099,-0.041374,-0.898403,-0.435503,-0.056642,-0.069002,0.012603,0.997537,0,0.77045,-0.28454,46.227,-0.569,-1,375.000,-1,350.000,825.000,300.000,300.000,300.000,300.000,850.000,-1,-1,-1,675.000,600.000,-1,875.000,2,0,2,0,0,0,0,0,0,1,2,2,2,0,0,2,0
87,-6553.284,-2233.467,371.400,-116.394,-0.442995,0.895715,-0.038065,-0.894090,-0.444521,-0.054812,-0.066016,0.009752,0.997771,0,0.76858,-0.28726,46.115,-0.575,-1,375.000,-1,350.000,850.000,300.000,300.000,300.000,300.000,850.000,-1,-1,-1,675.000,600.000,-1,900.000,2,0,2,0,0,0,0,0,0,1,2,2,2,0,0,2,0
88,-6574.159,-2274.482,368.623,-116.974,-0.452315,0.891188,-0.034580,-0.889639,-0.453583,-0.052958,-0.062880,0.006810,0.997998,0,0.76703,-0.29023,46.022,-0.580,-1,375.000,-1,350.000,875.000,300.000,300.000,300.000,300.000,850.000,425.000,-1,-1,700.000,600.000,-1,925.000,2,0,2,0,0,0,0,0,0,1,0,2,2,0,0,2,0
89,-6595.419,-2315.216,365.876,-117.561,-0.461677,0.886509,-0.030914,-0.885044,-0.462695,-0.051085,-0.059591,0.003776,0.998216,0,0.76581,-0.29343,45.949,-0.587,-1,375.000,-1,350.000,900.000,300.000,300.000,300.000,300.000,850.000,375.000,500.000,-1,700.000,600.000,-1,950.000,2,0,2,0,0,0,0,0,0,1,0,0,2,0,0,2,0
90,-6617.075,-2355.680,363.158,-118.155,-0.471084,0.881673,-0.027060,-0.880300,-0.471860,-0.049197,-0.056145,0.000645,0.998422,0,0.76492,-0.29686,45.895,-0.594,-1,375.000,-1,350.000,950.000,300.000,300.000,300.000,300.000,850.000,350.000,400.000,-1,700.000,600.000,-1,1000.000,2,0,2,0,0,0,0,0,0,1,0,0,2,0,0,2,0
91,-6639.138,-2395.886,360.642,-118.756,-0.480492,0.876674,-0.023892,-0.875391,-0.481082,-0.047452,-0.053094,-0.001885,0.998588,0,0.76437,-0.30052,45.862,-0.601,-1,375.000,-1,350.000,1000.000,325.000,300.000,300.000,300.000,875.000,325.000,375.000,-1,700.000,625.000,-1,-1,2,0,2,0,0,0,0,0,0,1,0,0,2,0,0,2,2
92,-6661.620,-2435.844,358.223,-119.365,-0.489939,0.871507,-0.020879,-0.870316,-0.490365,-0.045741,-0.050101,-0.004239,0.998735,0,0.76416,-0.30438,45.849,-0.609,-1,375.000,-1,350.000,-1,325.000,300.000,300.000,300.000,875.000,300.000,350.000,-1,700.000,625.000,-1,-1,2,0,2,0,2,0,0,0,0,1,0,0,2,0,0,2,2
93,-6684.536,-2475.565,355.971,-119.982,-0.499415,0.866168,-0.018377,-0.865066,-0.499715,-0.044113,-0.047392,-0.006133,0.998858,0,0.76428,-0.30845,45.857,-0.617,-1,375.000,-1,350.000,-1,325.000,300.000,325.000,300.000,900.000,300.000,350.000,-1,700.000,625.000,-1,-1,2,0,2,0,2,0,0,0,0,1,0,0,2,0,0,2,2
94,-6707.898,-2515.057,353.805,-120.607,-0.508945,0.860651,-0.015973,-0.859637,-0.509134,-0.042492,-0.044704,-0.007895,0.998969,0,0.76475,-0.31273,45.885,-0.625,-1,375.000,-1,350.000,-1,300.000,300.000,325.000,300.000,900.000,300.000,350.000,-1,700.000,625.000,-1,-1,2,0,2,0,2,0,0,0,0,1,0,0,2,0,0,2,2
95,-6729.672,-2550.627,351.949,-121.473,-0.521973,0.852850,-0.013818,-0.851923,-0.522068,-0.040886,-0.042084,-0.009569,0.999068,0,0.69510,-0.43273,41.706,-0.865,-1,375.000,-1,350.000,-1,300.000,300.000,325.000,300.000,925.000,300.000,325.000,-1,700.000,625.000,-1,-1,2,0,2,0,2,0,0,0,0,1,0,0,2,0,0,2,2
96,-6752.155,-2585.814,350.204,-122.578,-0.538406,0.842605,-0.011688,-0.841771,-0.538416,-0.039119,-0.039255,-0.011224,0.999166,0,0.69594,-0.55273,41.756,-1.105,-1,375.000,-1,350.000,-1,300.000,300.000,325.000,300.000,925.000,275.000,325.000,-1,700.000,625.000,-1,-1,2,0,2,0,2,0,0,0,0,1,0,0,2,0,0,2,2
97,-6775.493,-2620.514,348.533,-123.924,-0.558110,0.829712,-0.009497,-0.828971,-0.558040,-0.037393,-0.036325,-0.012997,0.999256,0,0.69698,-0.67273,41.819,-1.345,-1,375.000,-1,350.000,-1,300.000,300.000,325.000,300.000,925.000,275.000,325.000,-1,700.000,625.000,-1,-1,2,0,2,0,2,0,0,0,0,1,0,0,2,0,0,2,2
98,-6799.700,-2654.709,346.930,-125.295,-0.577866,0.816099,-0.007275,-0.815451,-0.577725,-0.035677,-0.033319,-0.014685,0.999337,0,0.69827,-0.68573,41.896,-1.371,-1,375.000,-1,350.000,-1,300.000,300.000,325.000,300.000,950.000,275.000,300.000,-1,700.000,650.000,-1,-1,2,0,2,0,2,0,0,0,0,1,0,0,2,0,0,2,2
99,-6825.133,-2688.864,345.373,-126.673,-0.597366,0.801953,-0.004999,-0.801400,-0.597165,-0.033944,-0.030207,-0.016271,0.999411,0,0.70974,-0.68886,42.584,-1.378,-1,375.000,-1,350.000,-1,300.000,300.000,325.000,300.000,975.000,275.000,300.000,-1,700.000,650.000,-1,-1,2,0,2,0,2,0,0,0,0,1,0,0,2,0,0,2,2
100,-6851.375,-2722.384,343.983,-128.057,-0.616604,0.787269,-0.002608,-0.786800,-0.616345,-0.032638,-0.027303,-0.018073,0.999464,0,0.70951,-0.69211,42.570,-1.384,-1,375.000,-1,375.000,-1,300.000,300.000,325.000,300.000,975.000,275.000,300.000,-1,700.000,650.000,-1,-1,2,0,2,0,2,0,0,0,0,1,0,0,2,0,0,2,2
101,-6878.428,-2755.263,342.709,-129.448,-0.635567,0.772046,-0.000186,-0.771658,-0.635256,-0.031530,-0.024461,-0.019896,0.999503,0,0.70964,-0.69563,42.578,-1.391,-1,375.000,-1,375.000,-1,300.000,300.000,325.000,300.000,1000.000,275.000,300.000,-1,700.000,650.000,-1,-1,2,0,2,0,2,0,0,0,0,1,0,0,2,0,0,2,2
102,-6906.295,-2787.495,341.663,-130.847,-0.654232,0.756291,0.002079,-0.756000,-0.653898,-0.029688,-0.021093,-0.020994,0.999557,0,0.71014,-0.69940,42.608,-1.399,-1,375.000,-1,375.000,-1,300.000,300.000,325.000,300.000,-1,250.000,300.000,-1,700.000,675.000,-1,-1,2,0,2,0,2,0,0,0,0,2,0,0,2,0,0,2,2
103,-6934.981,-2819.072,340.892,-132.254,-0.672605,0.739988,0.004434,-0.739783,-0.672250,-0.028307,-0.017966,-0.022319,0.999589,0,0.71102,-0.70341,42.661,-1.407,-1,375.000,-1,375.000,-1,300.000,300.000,325.000,300.000,-1,250.000,300.000,-1,725.000,675.000,-1,-1,2,0,2,0,2,0,0,0,0,2,0,0,2,0,0,2,2
104,-6964.490,-2849.985,340.245,-133.669,-0.690674,0.723134,0.006830,-0.723010,-0.690298,-0.027292,-0.015021,-0.023788,0.999604,0,0.71228,-0.70766,42.737,-1.415,-1,375.000,-1,375.000,-1,300.000,300.000,325.000,300.000,-1,275.000,300.000,-1,725.000,700.000,-1,-1,2,0,2,0,2,0,0,0,0,2,0,0,2,0,0,2,2
105,-6994.828,-2880.224,339.671,-135.093,-0.708423,0.705728,0.009213,-0.705684,-0.708034,-0.026399,-0.012107,-0.025203,0.999609,0,0.71391,-0.71213,42.835,-1.424,-1,375.000,-1,375.000,-1,300.000,300.000,325.000,300.000,-1,275.000,300.000,-1,725.000,700.000,-1,-1,2,0,2,0,2,0,0,0,0,2,0,0,2,0,0,2,2
106,-7026.001,-2909.778,339.169,-136.527,-0.725838,0.687769,0.011564,-0.687804,-0.725444,-0.025626,-0.009236,-0.026554,0.999605,0,0.71592,-0.71682,42.955,-1.434,-1,375.000,-1,375.000,-1,300.000,300.000,325.000,300.000,-1,275.000,325.000,-1,725.000,725.000,-1,-1,2,0,2,0,2,0,0,0,0,2,0,0,2,0,0,2,2
107,-7058.014,-2938.633,338.730,-137.971,-0.742906,0.669253,0.013828,-0.669365,-0.742514,-0.024964,-0.006439,-0.027802,0.999593,0,0.71830,-0.72173,43.098,-1.443,-1,375.000,-1,375.000,-1,325.000,300.000,325.000,300.000,-1,275.000,325.000,-1,750.000,725.000,-1,-1,2,0,2,0,2,0,0,0,0,2,0,0,2,0,0,2,2
108,-7090.873,-2966.773,338.387,-139.424,-0.759612,0.650182,0.015900,-0.650365,-0.759230,-0.024388,-0.003785,-0.028866,0.999576,0,0.72104,-0.72684,43.262,-1.454,-1,375.000,-1,375.000,-1,325.000,325.000,325.000,300.000,-1,300.000,325.000,-1,750.000,725.000,-1,-1,2,0,2,0,2,0,0,0,0,2,0,0,2,0,0,2,2
109,-7124.586,-2994.182,338.169,-140.889,-0.775946,0.630554,0.017628,-0.630798,-0.775580,-0.023855,-0.001369,-0.029630,0.999560,0,0.72413,-0.73216,43.448,-1.464,-1,375.000,-1,375.000,-1,325.000,325.000,325.000,300.000,-1,300.000,325.000,-1,775.000,750.000,-1,-1,2,0,2,0,2,0,0,0,0,2,0,0,2,0,0,2,2
110,-7159.128,-3020.819,338.046,-142.362,-0.791866,0.610387,0.019397,-0.610694,-0.791520,-0.023432,0.001050,-0.030401,0.999537,0,0.72700,-0.73677,43.620,-1.474,-1,375.000,-1,400.000,-1,325.000,325.000,325.000,300.000,-1,325.000,350.000,-1,800.000,750.000,-1,-1,2,0,2,0,2,0,0,0,0,2,0,0,2,0,0,2,2
111,-7194.343,-3046.560,337.998,-143.836,-0.807261,0.589818,0.021101,-0.590185,-0.806937,-0.023103,0.003401,-0.031104,0.999510,0,0.72700,-0.73677,43.620,-1.474,-1,400.000,-1,400.000,-1,325.000,325.000,325.000,325.000,-1,350.000,350.000,-1,800.000,775.000,-1,-1,2,0,2,0,2,0,0,0,0,2,0,0,2,0,0,2,2
112,-7230.209,-3071.386,338.014,-145.309,-0.822121,0.568862,0.022674,-0.569285,-0.821823,-0.022844,0.005639,-0.031688,0.999482,0,0.72700,-0.73677,43.620,-1.474,-1,400.000,-1,400.000,-1,325.000,325.000,300.000,300.000,-1,350.000,375.000,-1,825.000,775.000,-1,-1,2,0,2,0,2,0,0,0,0,2,0,0,2,0,0,2,2
113,-7266.702,-3095.282,338.093,-146.783,-0.836437,0.547532,0.024115,-0.548008,-0.836167,-0.022647,0.007764,-0.032157,0.999453,0,0.72700,-0.73677,43.620,-1.474,-1,400.000,-1,400.000,-1,325.000,325.000,300.000,300.000,-1,375.000,400.000,-1,850.000,800.000,-1,-1,2,0,2,0,2,0,0,0,0,2,0,0,2,0,0,2,2
114,-7303.797,-3118.231,338.248,-148.256,-0.850203,0.525843,0.025360,-0.526364,-0.849962,-0.022480,0.009734,-0.032461,0.999426,0,0.72700,-0.73677,43.620,-1.474,-1,400.000,-1,400.000,-1,325.000,325.000,300.000,300.000,-1,400.000,400.000,-1,850.000,800.000,-1,-1,2,0,2,0,2,0,0,0,0,2,0,0,2,0,0,2,2
115,-7341.470,-3140.219,338.668,-149.730,-0.863431,0.503822,0.025507,-0.504349,-0.863220,-0.021982,0.010943,-0.031844,0.999433,0,0.72700,-0.73677,43.620,-1.474,-1,400.000,-1,400.000,-1,325.000,325.000,300.000,300.000,-1,425.000,450.000,-1,875.000,825.000,-1,-1,2,0,2,0,2,0,0,0,0,2,0,0,2,0,0,2,2
116,-7379.696,-3161.231,339.135,-151.203,-0.876089,0.481468,0.025627,-0.481997,-0.875909,-0.021502,0.012094,-0.031189,0.999440,0,0.72700,-0.73677,43.620,-1.474,-1,400.000,-1,400.000,-1,325.000,325.000,300.000,300.000,-1,475.000,475.000,-1,900.000,825.000,-1,-1,2,0,2,0,2,0,0,0,0,2,0,0,2,0,0,2,2
117,-7422.620,-3183.636,339.527,-152.437,-0.886252,0.462500,0.025531,-0.463035,-0.886071,-0.021827,0.012527,-0.031166,0.999436,0,0.80700,-0.61677,48.420,-1.234,-1,400.000,-1,400.000,-1,325.000,325.000,300.000,300.000,-1,525.000,525.000,-1,900.000,825.000,-1,-1,2,0,2,0,2,0,0,0,0,2,0,0,2,0,0,2,2
118,-7466.176,-3205.418,339.909,-153.430,-0.894144,0.447064,0.025290,-0.447601,-0.893953,-0.022381,0.012602,-0.031332,0.999430,0,0.81164,-0.49677,48.698,-0.994,-1,425.000,-1,400.000,-1,325.000,325.000,300.000,300.000,-1,575.000,575.000,-1,925.000,825.000,-1,-1,2,0,2,0,2,0,0,0,0,2,0,0,2,0,0,2,2
119,-7510.014,-3226.625,340.296,-154.184,-0.899957,0.435265,0.024921,-0.435801,-0.899748,-0.023041,0.012394,-0.031597,0.999424,0,0.81164,-0.37677,48.698,-0.754,-1,425.000,-1,400.000,-1,325.000,325.000,300.000,300.000,-1,625.000,625.000,-1,925.000,825.000,-1,-1,2,0,2,0,2,0,0,0,0,2,0,0,2,0,0,2,2
120,-7554.041,-3247.439,340.641,-154.698,-0.903840,0.427176,0.024382,-0.427709,-0.903598,-0.023988,0.011785,-0.032110,0.999415,0,0.81164,-0.25677,48.698,-0.514,-1,425.000,-1,400.000,-1,325.000,325.000,300.000,300.000,-1,700.000,700.000,-1,950.000,825.000,-1,-1,2,0,2,0,2,0,0,0,0,2,0,0,2,0,0,2,2
121,-7598.166,-3268.042,340.982,-154.971,-0.905889,0.422849,0.023727,-0.423374,-0.905610,-0.024988,0.010921,-0.032682,0.999406,0,0.81164,-0.13677,48.698,-0.274,-1,425.000,-1,400.000,-1,325.000,325.000,300.000,300.000,-1,750.000,750.000,-1,950.000,850.000,-1,-1,2,0,2,0,2,0,0,0,0,2,0,0,2,0,0,2,2
122,-7642.303,-3288.620,341.309,-155.005,-0.906161,0.422310,0.022960,-0.422820,-0.905839,-0.026047,0.009798,-0.033311,0.999397,0,0.81164,-0.01677,48.698,-0.034,-1,425.000,-1,400.000,-1,325.000,325.000,300.000,300.000,-1,825.000,825.000,-1,950.000,850.000,-1,-1,2,0,2,0,2,0,0,0,0,2,0,0,2,0,0,2,2
123,-7686.366,-3309.356,341.613,-154.798,-0.904660,0.425562,0.022084,-0.426051,-0.904291,-0.027173,0.008407,-0.033991,0.999387,0,0.81164,0.10323,48.698,0.206,-1,425.000,-1,400.000,-1,325.000,325.000,300.000,300.000,-1,925.000,925.000,-1,950.000,850.000,-1,-1,2,0,2,0,2,0,0,0,0,2,0,0,2,0,0,2,2
124,-7730.266,-3330.436,341.871,-154.352,-0.901346,0.432585,0.021119,-0.433047,-0.900926,-0.028314,0.006779,-0.034666,0.999376,0,0.81164,0.22323,48.698,0.446,-1,425.000,-1,400.000,-1,325.000,325.000,300.000,300.000,-1,1000.000,1000.000,-1,950.000,850.000,-1,-1,2,0,2,0,2,0,0,0,0,2,0,0,2,0,0,2,2
125,-7773.910,-3352.040,342.135,-153.665,-0.896133,0.443334,0.020004,-0.443760,-0.895651,-0.029775,0.004716,-0.035559,0.999356,0,0.81164,0.34323,48.698,0.686,-1,425.000,-1,400.000,-1,325.000,325.000,300.000,300.000,-1,-1,-1,-1,950.000,875.000,-1,-1,2,0,2,0,2,0,0,0,0,2,2,2,2,0,0,2,2
126,-7817.199,-3374.346,342.263,-152.739,-0.888888,0.457748,0.018569,-0.458119,-0.888346,-0.031111,0.002255,-0.036161,0.999343,0,0.81164,0.46323,48.698,0.926,-1,425.000,-1,400.000,-1,325.000,325.000,300.000,300.000,-1,-1,-1,-1,950.000,875.000,-1,-1,2,0,2,0,2,0,0,0,0,2,2,2,2,0,0,2,2
127,-7860.025,-3397.529,342.220,-151.572,-0.879431,0.475734,0.016708,-0.476026,-0.878837,-0.032305,-0.000685,-0.036363,0.999338,0,0.81164,0.58323,48.698,1.166,-1,425.000,-1,400.000,-1,325.000,325.000,300.000,300.000,-1,-1,-1,-1,950.000,900.000,-1,-1,2,0,2,0,2,0,0,0,0,2,2,2,2,0,0,2,2
128,-7902.340,-3421.632,342.080,-150.334,-0.868990,0.494610,0.014742,-0.494815,-0.868352,-0.033518,-0.003777,-0.036422,0.999329,0,0.81164,0.61902,48.698,1.238,-1,425.000,-1,400.000,-1,325.000,325.000,300.000,300.000,-1,-1,-1,-1,950.000,900.000,-1,-1,2,0,2,0,2,0,0,0,0,2,2,2,2,0,0,2,2
129,-7944.125,-3446.644,341.842,-149.096,-0.858141,0.513258,0.012667,-0.513367,-0.857465,-0.034754,-0.006976,-0.036327,0.999316,0,0.81164,0.61902,48.698,1.238,-1,425.000,-1,400.000,-1,350.000,325.000,300.000,300.000,-1,-1,-1,-1,925.000,900.000,-1,-1,2,0,2,0,2,0,0,0,0,2,2,2,2,0,0,2,2
130,-7985.359,-3472.552,341.407,-147.858,-0.846886,0.531662,0.010963,-0.531682,-0.846171,-0.036184,-0.009961,-0.036473,0.999285,0,0.81164,0.61902,48.698,1.238,-1,425.000,-1,400.000,-1,350.000,325.000,300.000,300.000,-1,-1,-1,-1,925.000,900.000,-1,-1,2,0,2,0,2,0,0,0,0,2,2,2,2,0,0,2,2
131,-8026.024,-3499.346,340.818,-146.620,-0.835233,0.549816,0.009417,-0.549746,-0.834480,-0.037707,-0.012874,-0.036671,0.999244,0,0.81164,0.61902,48.698,1.238,-1,425.000,-1,400.000,-1,350.000,325.000,300.000,300.000,-1,-1,-1,-1,925.000,900.000,-1,-1,2,0,2,0,2,0,0,0,0,2,2,2,2,0,0,2,2
132,-8066.101,-3527.011,340.116,-145.382,-0.823187,0.567716,0.007823,-0.567549,-0.822404,-0.039248,-0.015848,-0.036749,0.999199,0,0.81164,0.61902,48.698,1.238,-1,425.000,-1,425.000,-1,350.000,325.000,300.000,300.000,-1,-1,-1,-1,925.000,900.000,-1,-1,2,0,2,0,2,0,0,0,0,2,2,2,2,0,0,2,2
133,-8105.570,-3555.537,339.268,-144.144,-0.810757,0.585351,0.006177,-0.585075,-0.809943,-0.040981,-0.018985,-0.036840,0.999141,0,0.81164,0.61902,48.698,1.238,-1,425.000,-1,425.000,-1,350.000,325.000,300.000,300.000,-1,-1,-1,-1,900.000,900.000,-1,-1,2,0,2,0,2,0,0,0,0,2,2,2,2,0,0,2,2
134,-8144.414,-3584.908,338.255,-142.906,-0.797948,0.602710,0.004489,-0.602313,-0.797102,-0.042989,-0.022332,-0.037007,0.999065,0,0.81164,0.61902,48.698,1.238,-1,425.000,-1,425.000,-1,325.000,325.000,300.000,300.000,-1,-1,-1,-1,900.000,900.000,-1,-1,2,0,2,0,2,0,0,0,0,2,2,2,2,0,0,2,2
