timestep,x_cm,y_cm,z_cm,yaw_deg,basis_xx,basis_xy,basis_xz,basis_yx,basis_yy,basis_yz,basis_zx,basis_zy,basis_zz,teleport_flag,throttle_cmd,steering_cmd,cmd_move_cm,cmd_turn_deg,lidar_cm_0,lidar_cm_1,lidar_cm_2,lidar_cm_3,lidar_cm_4,lidar_cm_5,lidar_cm_6,lidar_cm_7,lidar_cm_8,lidar_cm_9,lidar_cm_10,lidar_cm_11,lidar_cm_12,lidar_cm_13,lidar_cm_14,lidar_cm_15,lidar_cm_16,lidar_class_0,lidar_class_1,lidar_class_2,lidar_class_3,lidar_class_4,lidar_class_5,lidar_class_6,lidar_class_7,lidar_class_8,lidar_class_9,lidar_class_10,lidar_class_11,lidar_class_12,lidar_class_13,lidar_class_14,lidar_class_15,lidar_class_16
0,-7547.841,-8853.779,237.420,164.135,-0.961709,-0.273132,-0.022696,0.271768,-0.961062,0.050012,-0.035472,0.041929,0.998491,1,0.08000,-0.12000,4.800,-0.240,-1,400.000,-1,400.000,-1,325.000,325.000,300.000,300.000,-1,525.000,550.000,-1,900.000,775.000,-1,-1,2,0,2,0,2,0,0,0,0,2,1,1,2,0,0,2,2
1,-7557.053,-8851.077,237.114,163.655,-0.959381,-0.281176,-0.022966,0.279792,-0.958751,0.050124,-0.036112,0.041663,0.998479,0,0.16000,-0.24000,9.600,-0.480,-1,400.000,-1,400.000,-1,325.000,325.000,300.000,300.000,-1,525.000,575.000,-1,875.000,750.000,-1,-1,2,0,2,0,2,0,0,0,0,2,1,1,2,0,0,2,2
2,-7570.819,-8846.851,236.650,162.935,-0.955764,-0.293207,-0.023357,0.291792,-0.955158,0.050303,-0.037059,0.041263,0.998461,0,0.24000,-0.36000,14.400,-0.720,-1,400.000,-1,400.000,-1,325.000,325.000,300.000,300.000,-1,550.000,575.000,-1,875.000,750.000,-1,-1,2,0,2,0,2,0,0,0,0,2,1,1,2,0,0,2,2
3,-7589.077,-8840.910,236.021,161.975,-0.950706,-0.309176,-0.023853,0.307721,-0.950133,0.050560,-0.038295,0.040727,0.998436,0,0.32000,-0.48000,19.200,-0.960,-1,400.000,-1,375.000,-1,325.000,325.000,300.000,300.000,-1,575.000,600.000,-1,875.000,750.000,-1,-1,2,0,2,0,2,0,0,0,0,2,1,1,2,0,0,2,2
4,-7611.752,-8833.043,235.221,160.869,-0.944545,-0.327473,-0.024430,0.325971,-0.944009,0.050893,-0.039728,0.040107,0.998405,0,0.40000,-0.55322,24.000,-1.106,-1,400.000,-1,375.000,-1,325.000,325.000,300.000,300.000,-1,600.000,625.000,-1,875.000,750.000,-1,-1,2,0,2,0,2,0,0,0,0,2,1,1,2,0,0,2,2
5,-7638.773,-8823.078,234.240,159.758,-0.938003,-0.345719,-0.025061,0.344166,-0.937507,0.051287,-0.041226,0.039482,0.998369,0,0.48000,-0.55534,28.800,-1.111,-1,400.000,-1,375.000,-1,325.000,325.000,300.000,300.000,-1,650.000,650.000,-1,875.000,750.000,-1,-1,2,0,2,0,2,0,0,0,0,2,1,1,2,0,0,2,2
6,-7670.065,-8810.841,233.074,158.642,-0.931076,-0.363918,-0.025724,0.362311,-0.930620,0.051738,-0.042768,0.038852,0.998329,0,0.56000,-0.55789,33.600,-1.116,-1,400.000,-1,375.000,-1,325.000,325.000,325.000,300.000,-1,675.000,675.000,-1,875.000,725.000,-1,-1,2,0,2,0,2,0,0,0,0,2,1,1,2,0,0,2,2
7,-7704.505,-8796.590,231.760,157.520,-0.923754,-0.382076,-0.026373,0.380414,-0.923340,0.052234,-0.044308,0.038219,0.998287,0,0.62119,-0.56087,37.271,-1.122,-1,400.000,-1,375.000,-1,325.000,325.000,325.000,300.000,-1,725.000,725.000,-1,850.000,725.000,-1,-1,2,0,2,0,2,0,0,0,0,2,1,1,2,0,0,2,2
8,-7738.800,-8781.600,230.348,156.392,-0.916035,-0.400199,-0.026832,0.398505,-0.915670,0.052364,-0.045525,0.037274,0.998268,0,0.62380,-0.56417,37.428,-1.128,-1,400.000,-1,375.000,-1,325.000,325.000,325.000,300.000,-1,775.000,775.000,-1,850.000,725.000,-1,-1,2,0,2,0,2,0,0,0,0,2,1,1,2,0,0,2,2
9,-7772.937,-8765.867,228.696,155.257,-0.907916,-0.418286,-0.026944,0.416626,-0.907624,0.051394,-0.045952,0.035436,0.998315,0,0.62646,-0.56750,37.588,-1.135,-1,400.000,-1,375.000,-1,325.000,325.000,325.000,300.000,-1,825.000,800.000,-1,850.000,700.000,-1,-1,2,0,2,0,2,0,0,0,0,2,1,1,2,0,0,2,2
10,-7806.899,-8749.386,226.919,154.115,-0.899369,-0.436321,-0.027560,0.434691,-0.899180,0.050196,-0.046683,0.033165,0.998359,0,0.62915,-0.57084,37.749,-1.142,-1,400.000,-1,375.000,-1,325.000,325.000,325.000,325.000,-1,850.000,825.000,-1,850.000,700.000,-1,-1,2,0,2,0,2,0,0,0,0,2,1,1,2,0,0,2,2
11,-7840.621,-8732.060,225.006,152.807,-0.889115,-0.456780,-0.028728,0.455177,-0.889063,0.048785,-0.047826,0.030299,0.998396,0,0.63188,-0.65420,37.913,-1.308,-1,400.000,-1,375.000,-1,325.000,325.000,325.000,325.000,-1,900.000,875.000,-1,825.000,700.000,-1,-1,2,0,2,0,2,0,0,0,0,2,1,1,2,0,0,2,2
12,-7874.085,-8713.893,223.090,151.505,-0.878453,-0.476897,-0.029834,0.475326,-0.878528,0.047477,-0.048851,0.027525,0.998427,0,0.63462,-0.65083,38.077,-1.302,-1,400.000,-1,375.000,-1,325.000,325.000,300.000,325.000,-1,950.000,925.000,-1,825.000,700.000,-1,-1,2,0,2,0,2,0,0,0,0,2,1,1,2,0,0,2,2
13,-7909.551,-8693.687,221.049,150.329,-0.868422,-0.494861,-0.030925,0.493328,-0.868617,0.046178,-0.049714,0.024845,0.998454,0,0.68030,-0.58797,40.818,-1.176,-1,400.000,-1,375.000,-1,325.000,325.000,300.000,325.000,-1,-1,975.000,-1,800.000,675.000,-1,-1,2,0,2,0,2,0,0,0,0,2,2,1,2,0,0,2,2
14,-7944.598,-8672.760,219.018,149.159,-0.858075,-0.512532,-0.031909,0.511041,-0.858379,0.044982,-0.050445,0.022291,0.998478,0,0.68031,-0.58525,40.819,-1.170,-1,400.000,-1,375.000,-1,325.000,325.000,300.000,325.000,-1,-1,-1,-1,800.000,675.000,-1,-1,2,0,2,0,2,0,0,0,0,2,2,2,2,0,0,2,2
15,-7979.202,-8651.132,216.904,147.994,-0.847442,-0.529901,-0.032359,0.528455,-0.847818,0.044033,-0.050768,0.020215,0.998506,0,0.68013,-0.58248,40.808,-1.165,-1,400.000,-1,375.000,-1,325.000,325.000,325.000,325.000,-1,-1,-1,-1,800.000,675.000,-1,-1,2,0,2,0,2,0,0,0,0,2,2,2,2,0,0,2,2
16,-8013.343,-8628.820,214.817,146.835,-0.836513,-0.546968,-0.032746,0.545568,-0.836955,0.043137,-0.051001,0.018220,0.998532,0,0.67975,-0.57968,40.785,-1.159,-1,400.000,-1,375.000,-1,325.000,325.000,325.000,325.000,-1,-1,-1,-1,775.000,675.000,-1,-1,2,0,2,0,2,0,0,0,0,2,2,2,2,0,0,2,2
17,-8046.999,-8605.844,212.760,145.681,-0.825299,-0.563728,-0.033067,0.562375,-0.825800,0.042293,-0.051148,0.016308,0.998558,0,0.67917,-0.57686,40.750,-1.154,-1,400.000,-1,375.000,-1,325.000,325.000,325.000,325.000,-1,-1,-1,-1,775.000,650.000,-1,-1,2,0,2,0,2,0,0,0,0,2,2,2,2,0,0,2,2
18,-8080.151,-8582.226,210.747,144.533,-0.813809,-0.580177,-0.033319,0.578875,-0.814362,0.041440,-0.051177,0.014437,0.998585,0,0.67841,-0.57404,40.705,-1.148,-1,400.000,-1,375.000,-1,325.000,325.000,325.000,325.000,-1,-1,-1,-1,775.000,650.000,-1,-1,2,0,2,0,2,0,0,0,0,2,2,2,2,0,0,2,2
19,-8112.780,-8557.984,208.789,143.390,-0.802052,-0.596314,-0.033504,0.595068,-0.802653,0.040537,-0.051064,0.012576,0.998616,0,0.67748,-0.57124,40.649,-1.142,-1,400.000,-1,375.000,-1,325.000,300.000,325.000,325.000,-1,-1,-1,-1,775.000,650.000,-1,-1,2,0,2,0,2,0,0,0,0,2,2,2,2,0,0,2,2
20,-8144.870,-8533.139,206.876,142.252,-0.790025,-0.612152,-0.033627,0.610963,-0.790667,0.039625,-0.050844,0.010760,0.998649,0,0.67639,-0.56905,40.583,-1.138,-1,400.000,-1,375.000,-1,325.000,300.000,325.000,325.000,-1,-1,-1,-1,750.000,650.000,-1,-1,2,0,2,0,2,0,0,0,0,2,2,2,2,0,0,2,2
21,-8176.402,-8507.711,205.011,141.116,-0.777712,-0.627718,-0.033691,0.626588,-0.778389,0.038704,-0.050520,0.008990,0.998683,0,0.67514,-0.56798,40.508,-1.136,-1,400.000,-1,375.000,-1,325.000,300.000,325.000,325.000,-1,-1,-1,-1,750.000,650.000,-1,-1,2,0,2,0,2,0,0,0,0,2,2,2,2,0,0,2,2
22,-8207.362,-8481.716,203.195,139.982,-0.765116,-0.643010,-0.033700,0.641941,-0.765823,0.037770,-0.050095,0.007265,0.998718,0,0.67376,-0.56706,40.426,-1.134,-1,400.000,-1,375.000,-1,325.000,300.000,325.000,325.000,-1,-1,-1,-1,725.000,650.000,-1,-1,2,0,2,0,2,0,0,0,0,2,2,2,2,0,0,2,2
23,-8237.734,-8455.173,201.429,138.850,-0.752240,-0.658029,-0.033656,0.657021,-0.752972,0.036822,-0.049572,0.005586,0.998755,0,0.67226,-0.56629,40.336,-1.133,-1,400.000,-1,375.000,-1,325.000,300.000,325.000,325.000,-1,-1,-1,-1,725.000,625.000,-1,-1,2,0,2,0,2,0,0,0,0,2,2,2,2,0,0,2,2
24,-8267.506,-8428.101,199.622,137.718,-0.739085,-0.672774,-0.033594,0.671852,-0.739840,0.035385,-0.048660,0.003583,0.998809,0,0.67067,-0.56567,40.240,-1.131,-1,375.000,-1,350.000,-1,300.000,300.000,325.000,325.000,-1,-1,-1,-1,700.000,625.000,-1,-1,2,0,2,0,2,0,0,0,0,2,2,2,2,0,0,2,2
25,-8296.664,-8400.515,197.713,136.588,-0.725652,-0.687243,-0.033571,0.686444,-0.726427,0.033140,-0.047163,0.001003,0.998887,0,0.66900,-0.56521,40.140,-1.130,-1,375.000,-1,350.000,-1,300.000,300.000,325.000,325.000,-1,-1,-1,-1,700.000,625.000,-1,-1,2,0,2,0,2,0,0,0,0,2,2,2,2,0,0,2,2
26,-8325.200,-8372.433,195.868,135.458,-0.711946,-0.701432,-0.033550,0.700751,-0.712735,0.030945,-0.045618,-0.001479,0.998958,0,0.66727,-0.56491,40.036,-1.130,-1,375.000,-1,350.000,-1,300.000,300.000,325.000,325.000,-1,725.000,-1,-1,700.000,625.000,-1,-1,2,0,2,0,2,0,0,0,0,2,0,2,2,0,0,2,2
27,-8353.102,-8343.869,194.087,134.328,-0.697970,-0.715341,-0.033529,0.714772,-0.698765,0.028799,-0.044029,-0.003865,0.999023,0,0.66551,-0.56477,39.931,-1.130,-1,375.000,-1,350.000,-1,300.000,300.000,325.000,325.000,-1,650.000,725.000,-1,675.000,625.000,-1,-1,2,0,2,0,2,0,0,0,0,2,0,0,2,0,0,2,2
28,-8380.364,-8314.837,192.370,133.199,-0.683726,-0.728969,-0.033507,0.728506,-0.684519,0.026703,-0.042402,-0.006153,0.999082,0,0.66375,-0.56478,39.825,-1.130,-1,375.000,-1,350.000,-1,300.000,300.000,325.000,325.000,-1,575.000,675.000,-1,675.000,625.000,-1,-1,2,0,2,0,2,0,0,0,0,2,0,0,2,0,0,2,2
29,-8406.977,-8285.352,190.718,132.069,-0.669216,-0.742313,-0.033486,0.741951,-0.670001,0.024659,-0.040741,-0.008343,0.999135,0,0.66199,-0.56495,39.720,-1.130,-1,375.000,-1,350.000,-1,300.000,300.000,325.000,325.000,-1,500.000,600.000,-1,675.000,625.000,-1,-1,2,0,2,0,2,0,0,0,0,2,0,0,2,0,0,2,2
30,-8432.936,-8255.426,189.204,130.938,-0.654457,-0.755376,-0.033074,0.755103,-0.655214,0.022684,-0.038805,-0.010128,0.999195,0,0.66028,-0.56527,39.617,-1.131,-1,375.000,1000.000,350.000,-1,300.000,300.000,325.000,325.000,-1,425.000,550.000,-1,675.000,650.000,-1,-1,2,0,1,0,2,0,0,0,0,2,0,0,2,0,0,2,2
31,-8461.465,-8221.383,187.703,129.964,-0.641573,-0.766399,-0.031888,0.766207,-0.642266,0.020532,-0.036216,-0.011260,0.999281,0,0.74028,-0.48718,44.417,-0.974,-1,375.000,975.000,350.000,-1,300.000,300.000,325.000,325.000,-1,375.000,500.000,-1,675.000,650.000,-1,-1,2,0,1,0,2,0,0,0,0,2,0,0,2,0,0,2,2
32,-8490.020,-8186.105,186.244,128.988,-0.628486,-0.777216,-0.030669,0.777097,-0.629114,0.018338,-0.033547,-0.012307,0.999361,0,0.75644,-0.48787,45.387,-0.976,-1,375.000,925.000,375.000,-1,300.000,300.000,325.000,325.000,-1,325.000,450.000,-1,650.000,650.000,-1,-1,2,0,1,0,2,0,0,0,0,2,0,0,2,0,0,2,2
33,-8519.640,-8148.079,184.792,127.916,-0.613894,-0.788844,-0.029306,0.788793,-0.614450,0.016013,-0.030639,-0.013286,0.999442,0,0.80335,-0.53620,48.201,-1.072,-1,375.000,900.000,375.000,-1,300.000,300.000,325.000,325.000,-1,300.000,400.000,-1,650.000,650.000,-1,-1,2,0,1,0,2,0,0,0,0,2,0,0,2,0,1,2,2
34,-8548.669,-8109.339,183.431,126.845,-0.599111,-0.800181,-0.027873,0.800188,-0.599593,0.013681,-0.027659,-0.014107,0.999518,0,0.80683,-0.53543,48.410,-1.071,-1,375.000,850.000,375.000,-1,300.000,300.000,325.000,325.000,-1,300.000,350.000,-1,650.000,650.000,975.000,-1,2,0,1,0,2,0,0,0,0,2,0,0,2,0,1,1,2
35,-8577.092,-8069.894,182.238,125.776,-0.584134,-0.811217,-0.026732,0.811277,-0.584552,0.011357,-0.024839,-0.015053,0.999578,0,0.81031,-0.53450,48.619,-1.069,-1,375.000,825.000,375.000,-1,300.000,300.000,325.000,325.000,-1,300.000,325.000,-1,625.000,650.000,875.000,-1,2,0,1,0,2,0,1,0,0,2,0,0,2,1,1,1,2
36,-8604.895,-8029.756,181.143,124.709,-0.568987,-0.821949,-0.025558,0.822053,-0.569340,0.009038,-0.021980,-0.015868,0.999632,0,0.81379,-0.53341,48.827,-1.067,-1,375.000,775.000,375.000,-1,300.000,300.000,325.000,325.000,-1,300.000,300.000,-1,575.000,625.000,800.000,-1,2,0,1,0,2,0,1,0,0,2,0,0,2,1,1,1,2
37,-8632.062,-7988.936,180.113,123.645,-0.553685,-0.832375,-0.024196,0.832510,-0.553970,0.006708,-0.018987,-0.016429,0.999685,0,0.81724,-0.53214,49.034,-1.064,-1,375.000,750.000,375.000,-1,300.000,300.000,325.000,325.000,-1,325.000,325.000,-1,525.000,625.000,700.000,-1,2,0,1,0,2,1,1,0,0,2,0,0,2,1,1,1,2
38,-8658.579,-7947.446,179.190,122.584,-0.538233,-0.842486,-0.022843,0.842645,-0.538453,0.004361,-0.015974,-0.016901,0.999730,0,0.82067,-0.53067,49.240,-1.061,-1,350.000,700.000,375.000,-1,300.000,300.000,325.000,325.000,-1,325.000,325.000,-1,500.000,625.000,625.000,-1,2,1,1,0,2,1,1,0,0,2,0,0,2,1,1,1,2
39,-8684.432,-7905.300,178.460,121.526,-0.522647,-0.852275,-0.021644,0.852455,-0.522798,0.001613,-0.012690,-0.017608,0.999764,0,0.82406,-0.52900,49.444,-1.058,900.000,325.000,675.000,375.000,-1,275.000,300.000,325.000,325.000,-1,325.000,325.000,-1,450.000,600.000,575.000,-1,1,1,1,1,2,1,1,0,0,2,0,0,2,1,1,1,2
40,-8709.607,-7862.512,177.815,120.471,-0.506937,-0.861741,-0.020439,0.861931,-0.507024,-0.001045,-0.009462,-0.018147,0.999791,0,0.82740,-0.52711,49.644,-1.054,725.000,300.000,625.000,375.000,-1,275.000,275.000,325.000,325.000,-1,325.000,325.000,-1,425.000,600.000,500.000,-1,1,1,1,1,2,1,1,0,0,2,0,0,2,1,1,1,2
41,-8734.090,-7819.099,177.252,119.421,-0.491118,-0.870881,-0.019227,0.871070,-0.491145,-0.003614,-0.006296,-0.018523,0.999809,0,0.83068,-0.52498,49.841,-1.050,575.000,300.000,600.000,375.000,-1,250.000,275.000,325.000,325.000,-1,325.000,325.000,-1,400.000,575.000,450.000,-1,1,1,1,1,2,1,1,0,0,2,0,0,2,1,1,1,2
42,-8757.869,-7775.078,176.859,118.376,-0.475200,-0.879697,-0.017831,0.879871,-0.475179,-0.005682,-0.003475,-0.018389,0.999825,0,0.83387,-0.52260,50.032,-1.045,450.000,275.000,575.000,350.000,-1,250.000,275.000,325.000,325.000,-1,325.000,325.000,-1,350.000,575.000,375.000,-1,1,1,1,1,2,1,1,0,0,2,0,0,2,1,1,1,2
43,-8780.929,-7730.468,176.711,117.336,-0.459193,-0.888191,-0.016066,0.888336,-0.459143,-0.006896,-0.001251,-0.017439,0.999847,0,0.83697,-0.51993,50.218,-1.040,375.000,250.000,525.000,350.000,-1,225.000,250.000,325.000,325.000,-1,350.000,350.000,-1,325.000,550.000,325.000,-1,1,1,1,1,2,1,1,0,0,2,0,0,2,1,1,1,2
44,-8803.259,-7685.289,178.204,116.302,-0.443155,-0.896424,-0.006191,0.896424,-0.443087,-0.009858,0.006094,-0.009918,0.999932,0,0.83993,-0.51696,50.396,-1.034,325.000,225.000,500.000,350.000,-1,225.000,250.000,350.000,325.000,-1,350.000,325.000,-1,300.000,550.000,275.000,-1,1,1,1,1,2,1,1,0,0,2,0,0,2,1,1,1,2
45,-8824.848,-7639.565,181.248,115.275,-0.426832,-0.904262,0.011182,0.904149,-0.426962,-0.014765,0.018126,0.003808,0.999828,0,0.84274,-0.51366,50.565,-1.027,300.000,225.000,500.000,350.000,-1,200.000,250.000,375.000,300.000,-1,325.000,250.000,-1,300.000,600.000,250.000,-1,1,1,1,1,2,1,1,0,0,2,0,0,2,1,1,1,2
46,-8845.688,-7593.321,184.696,114.255,-0.410063,-0.911560,0.030120,0.911528,-0.410726,-0.020521,0.031078,0.019041,0.999336,0,0.84536,-0.50998,50.722,-1.020,275.000,225.000,575.000,350.000,-1,200.000,250.000,425.000,300.000,-1,300.000,175.000,-1,300.000,650.000,225.000,-1,1,1,1,1,2,1,1,0,0,2,0,0,2,1,1,1,2
47,-8865.769,-7546.587,188.526,113.243,-0.392767,-0.918251,0.050486,0.918543,-0.394386,-0.027174,0.044863,0.035700,0.998355,0,0.84774,-0.50589,50.864,-1.012,250.000,225.000,700.000,350.000,-1,200.000,250.000,475.000,275.000,-1,250.000,125.000,825.000,275.000,700.000,225.000,-1,1,1,1,1,2,1,1,0,0,2,0,0,0,1,1,1,2
48,-8885.082,-7499.394,192.714,112.241,-0.374872,-0.924266,0.072135,0.925173,-0.377952,-0.034754,0.059386,0.053709,0.996789,0,0.84983,-0.50134,50.990,-1.003,225.000,225.000,975.000,375.000,-1,200.000,250.000,525.000,275.000,-1,225.000,75.000,625.000,275.000,775.000,200.000,-1,1,1,1,1,2,1,1,0,0,2,0,0,0,1,1,1,2
49,-2295.763,-327.966,199.031,69.190,0.355327,-0.934735,0.003753,0.934691,0.355262,-0.011941,0.009828,0.007751,0.999922,1,0.00000,0.00000,51.094,-0.993,-1,400.000,-1,400.000,-1,325.000,325.000,300.000,300.000,-1,900.000,900.000,-1,825.000,775.000,-1,975.000,2,0,2,0,2,0,0,0,0,2,0,0,2,0,1,2,1
50,-2294.077,-323.472,199.084,69.430,0.351407,-0.936215,0.003754,0.936172,0.351344,-0.011816,0.009743,0.007667,0.999923,0,0.08000,0.12000,4.800,0.240,-1,400.000,-1,400.000,-1,325.000,325.000,300.000,300.000,-1,900.000,925.000,-1,825.000,775.000,-1,950.000,2,0,2,0,2,0,0,0,0,2,0,0,2,0,1,2,1
51,-2290.779,-314.456,199.189,69.910,0.343550,-0.939127,0.003758,0.939086,0.343489,-0.011570,0.009575,0.007504,0.999926,0,0.16000,0.24000,9.600,0.480,-1,400.000,-1,400.000,1000.000,325.000,325.000,300.000,300.000,-1,925.000,950.000,-1,825.000,775.000,-1,950.000,2,0,2,0,1,0,0,0,0,2,0,0,2,0,1,2,1
52,-2286.003,-300.871,199.346,70.630,0.331719,-0.943371,0.003770,0.943332,0.331661,-0.011211,0.009325,0.007275,0.999930,0,0.24000,0.36000,14.400,0.720,-1,400.000,-1,400.000,975.000,325.000,325.000,300.000,300.000,-1,950.000,975.000,-1,825.000,800.000,-1,950.000,2,0,2,0,1,0,0,0,0,2,0,0,2,0,1,2,1
53,-2279.939,-282.654,199.553,71.590,0.315864,-0.948797,0.003794,0.948762,0.315809,-0.010748,0.008999,0.006994,0.999935,0,0.32000,0.48000,19.200,0.960,-1,400.000,-1,400.000,925.000,325.000,325.000,300.000,300.000,-1,1000.000,-1,-1,825.000,800.000,-1,925.000,2,0,2,0,1,0,0,0,0,2,0,2,2,0,1,2,1
54,-2272.838,-259.728,199.808,72.790,0.295921,-0.955205,0.003837,0.955174,0.295871,-0.010195,0.008603,0.006682,0.999941,0,0.40000,0.60000,24.000,1.200,-1,400.000,-1,400.000,900.000,325.000,325.000,300.000,300.000,-1,-1,-1,-1,825.000,800.000,1000.000,925.000,2,0,2,0,1,0,0,0,0,2,2,2,2,0,1,1,1
55,-2265.011,-232.012,200.110,74.230,0.271820,-0.962340,0.003907,0.962314,0.271773,-0.009567,0.008145,0.006360,0.999947,0,0.48000,0.72000,28.800,1.440,1000.000,400.000,-1,400.000,850.000,325.000,325.000,300.000,300.000,-1,-1,-1,-1,825.000,825.000,975.000,925.000,1,0,2,0,1,0,0,0,0,2,2,2,2,0,1,1,1
56,-2256.831,-199.423,200.458,75.910,0.243486,-0.969896,0.004013,0.969874,0.243444,-0.008879,0.007635,0.006054,0.999953,0,0.56000,0.84000,33.600,1.680,1000.000,400.000,-1,400.000,825.000,325.000,325.000,300.000,300.000,-1,-1,-1,-1,800.000,825.000,950.000,925.000,1,0,2,0,1,0,0,0,0,2,2,2,2,0,0,1,1
57,-2248.583,-161.920,200.846,77.597,0.214821,-0.976644,0.004180,0.976628,0.214783,-0.008152,0.007064,0.005834,0.999958,0,0.64000,0.84357,38.400,1.687,975.000,400.000,-1,400.000,775.000,325.000,325.000,300.000,300.000,-1,-1,-1,-1,800.000,825.000,925.000,950.000,1,0,2,0,1,0,0,0,0,2,2,2,2,0,0,1,1
58,-2240.546,-119.474,201.275,79.278,0.186068,-0.982527,0.004421,0.982516,0.186033,-0.007390,0.006439,0.005719,0.999963,0,0.72000,0.84074,43.200,1.681,925.000,400.000,-1,400.000,750.000,325.000,325.000,300.000,300.000,-1,-1,-1,-1,800.000,850.000,875.000,950.000,1,0,2,0,1,0,0,0,0,2,2,2,2,1,0,1,1
59,-2232.999,-72.071,201.744,80.953,0.157267,-0.987545,0.004745,0.987539,0.157235,-0.006598,0.005770,0.005723,0.999967,0,0.80000,0.83747,48.000,1.675,900.000,400.000,1000.000,400.000,750.000,325.000,325.000,300.000,300.000,-1,-1,-1,-1,775.000,850.000,850.000,1000.000,1,0,1,0,1,0,0,0,0,2,2,2,2,1,0,1,1
60,-2226.218,-19.708,202.170,82.621,0.128460,-0.991703,0.004809,0.991701,0.128432,-0.005819,0.005153,0.005516,0.999972,0,0.88000,0.83374,52.800,1.667,850.000,400.000,925.000,400.000,725.000,325.000,325.000,300.000,300.000,-1,-1,-1,-1,725.000,825.000,800.000,-1,1,0,1,0,1,0,0,0,0,2,2,2,2,1,1,1,2
61,-2220.477,37.605,202.388,84.280,0.099690,-0.995008,0.004553,0.995009,0.099668,-0.004812,0.004335,0.005010,0.999978,0,0.96000,0.82948,57.600,1.659,800.000,400.000,850.000,400.000,725.000,325.000,325.000,300.000,300.000,-1,-1,-1,-1,675.000,775.000,750.000,-1,1,0,1,0,1,0,0,0,0,2,2,2,2,1,1,1,2
62,-2216.217,97.454,202.349,85.929,0.071006,-0.997462,0.005300,0.997470,0.070987,-0.003704,0.003319,0.005550,0.999979,0,1.00000,0.82468,60.000,1.649,775.000,400.000,750.000,400.000,725.000,325.000,325.000,300.000,300.000,-1,-1,-1,-1,625.000,725.000,700.000,-1,1,0,1,0,1,0,0,0,0,2,2,2,2,1,1,1,2
63,-2213.672,157.400,202.315,87.568,0.042445,-0.999080,0.006052,0.999096,0.042430,-0.002623,0.002364,0.006158,0.999978,0,1.00000,0.81946,60.000,1.639,725.000,400.000,675.000,400.000,775.000,325.000,325.000,300.000,300.000,-1,-1,-1,-1,575.000,650.000,650.000,-1,1,0,1,0,1,0,0,0,0,2,2,2,2,1,1,1,2
64,-2212.830,217.394,202.288,89.196,0.014040,-0.999878,0.006798,0.999900,0.014029,-0.001564,0.001469,0.006819,0.999976,0,1.00000,0.81399,60.000,1.628,675.000,400.000,625.000,400.000,825.000,325.000,325.000,300.000,300.000,-1,-1,-1,-1,525.000,575.000,600.000,-1,1,0,1,0,1,0,0,0,0,2,2,2,2,1,1,1,2
65,-2213.804,277.386,202.274,90.930,-0.016229,-0.999840,0.007523,0.999868,-0.016233,-0.000532,0.000654,0.007513,0.999972,0,1.00000,0.86701,60.000,1.734,625.000,400.000,550.000,400.000,875.000,325.000,325.000,300.000,300.000,-1,-1,-1,-1,475.000,525.000,550.000,750.000,1,0,1,0,1,0,0,0,0,2,2,2,2,1,1,1,1
66,-2216.590,337.321,202.277,92.661,-0.046433,-0.998888,0.008217,0.998921,-0.046431,0.000481,-0.000099,0.008231,0.999966,0,1.00000,0.86560,60.000,1.731,575.000,400.000,475.000,375.000,950.000,325.000,325.000,300.000,300.000,-1,-1,-1,-1,425.000,450.000,500.000,575.000,1,1,1,1,1,0,0,0,0,2,2,2,2,1,1,1,1
67,-2221.182,397.145,202.301,94.389,-0.076536,-0.997027,0.008868,0.997067,-0.076526,0.001475,-0.000792,0.008954,0.999960,0,1.00000,0.86386,60.000,1.728,500.000,350.000,425.000,325.000,-1,325.000,300.000,300.000,300.000,-1,-1,-1,-1,400.000,400.000,450.000,475.000,1,1,1,1,2,1,1,0,0,2,2,2,2,1,1,1,1
68,-2227.571,456.804,202.351,96.113,-0.106497,-0.994268,0.009462,0.994312,-0.106478,0.002448,-0.001427,0.009669,0.999952,0,1.00000,0.86178,60.000,1.724,450.000,300.000,350.000,275.000,575.000,275.000,275.000,300.000,300.000,-1,-1,-1,-1,350.000,325.000,400.000,375.000,1,1,1,1,1,1,1,0,0,2,2,2,2,1,1,1,1
69,-2235.746,516.244,202.430,97.831,-0.136276,-0.990621,0.009988,0.990669,-0.136249,0.003399,-0.002006,0.010359,0.999944,0,1.00000,0.85931,60.000,1.719,400.000,250.000,300.000,225.000,375.000,225.000,225.000,300.000,300.000,-1,-1,-1,-1,300.000,275.000,350.000,300.000,1,1,1,1,1,1,1,0,0,2,2,2,2,1,1,1,1
70,-2244.807,571.515,202.531,99.310,-0.161801,-0.986768,0.010422,0.986820,-0.161764,0.004274,-0.002532,0.010977,0.999937,0,0.93347,0.73931,56.008,1.479,350.000,225.000,250.000,200.000,275.000,200.000,175.000,300.000,300.000,-1,-1,-1,-1,250.000,225.000,300.000,225.000,1,1,1,1,1,1,1,0,0,2,2,2,2,1,1,1,1
71,-2255.101,626.798,203.808,100.548,-0.183061,-0.983074,0.007313,0.983101,-0.183062,0.000511,0.000836,0.007283,0.999973,0,0.93722,0.61931,56.233,1.239,300.000,175.000,200.000,150.000,200.000,150.000,125.000,300.000,325.000,-1,-1,-1,-1,200.000,175.000,250.000,175.000,1,1,1,1,1,1,1,0,0,2,2,2,2,1,1,1,1
72,-2266.405,682.109,214.167,101.547,-0.201012,-0.979312,-0.023294,0.979077,-0.200082,-0.037102,0.031673,-0.030264,0.999040,0,0.94089,0.49931,56.454,0.999,250.000,150.000,175.000,125.000,200.000,125.000,125.000,275.000,425.000,-1,350.000,475.000,-1,175.000,150.000,225.000,150.000,1,1,1,1,1,1,1,0,0,2,0,0,2,1,1,1,1
73,9511.041,1639.841,30.914,31.968,0.838515,-0.529406,-0.128922,0.525404,0.848279,-0.066130,0.144371,-0.012286,0.989447,1,0.00000,0.00000,56.670,0.759,-1,325.000,-1,225.000,225.000,250.000,200.000,325.000,750.000,275.000,25.000,100.000,-1,500.000,325.000,-1,175.000,2,1,2,1,1,1,1,0,0,0,0,0,2,1,1,2,1
74,-3605.527,-2291.443,264.426,63.993,0.435975,-0.897895,0.060905,0.898553,0.438078,0.026286,-0.050283,0.043266,0.997797,1,0.08000,-0.00644,4.800,-0.013,-1,425.000,-1,400.000,-1,325.000,325.000,300.000,300.000,-1,-1,-1,-1,800.000,750.000,-1,-1,2,0,2,0,2,0,0,0,0,2,2,2,2,0,0,2,2
75,-3601.315,-2282.816,263.963,63.980,0.436144,-0.897799,0.061110,0.898437,0.438281,0.026835,-0.050876,0.043199,0.997770,0,0.16000,-0.00644,9.600,-0.013,-1,400.000,-1,400.000,-1,325.000,325.000,300.000,300.000,-1,-1,-1,-1,800.000,750.000,-1,-1,2,0,2,0,2,0,0,0,0,2,2,2,2,0,0,2,2
76,-3594.995,-2269.877,263.269,63.967,0.436297,-0.897704,0.061416,0.898313,0.438485,0.027657,-0.051758,0.043104,0.997729,0,0.24000,-0.00644,14.400,-0.013,-1,400.000,-1,400.000,-1,325.000,325.000,300.000,300.000,-1,-1,-1,-1,800.000,750.000,-1,-1,2,0,2,0,2,0,0,0,0,2,2,2,2,0,0,2,2
77,-3586.564,-2252.627,262.343,63.954,0.436432,-0.897611,0.061821,0.898179,0.438689,0.028748,-0.052925,0.042980,0.997673,0,0.32000,-0.00644,19.200,-0.013,-1,400.000,-1,400.000,-1,325.000,325.000,300.000,300.000,-1,-1,-1,-1,775.000,725.000,-1,-1,2,0,2,0,2,0,0,0,0,2,2,2,2,0,0,2,2
78,-3576.021,-2231.067,261.186,63.941,0.436552,-0.897518,0.062323,0.898035,0.438894,0.030107,-0.054375,0.042825,0.997602,0,0.40000,-0.00644,24.000,-0.013,-1,400.000,-1,400.000,-1,325.000,325.000,300.000,300.000,-1,-1,-1,-1,775.000,725.000,-1,-1,2,0,2,0,2,0,0,0,0,2,2,2,2,0,0,2,2
79,-3563.363,-2205.197,259.799,63.928,0.436655,-0.897426,0.062918,0.897878,0.439099,0.031729,-0.056101,0.042638,0.997514,0,0.48000,-0.00644,28.800,-0.013,-1,400.000,-1,400.000,-1,325.000,325.000,300.000,300.000,-1,-1,-1,-1,750.000,725.000,-1,-1,2,0,2,0,2,0,0,0,0,2,2,2,2,0,0,2,2
80,-3548.588,-2175.020,258.183,63.915,0.436741,-0.897336,0.063602,0.897709,0.439305,0.033609,-0.058100,0.042418,0.997409,0,0.56000,-0.00644,33.600,-0.013,-1,400.000,-1,400.000,-1,325.000,325.000,300.000,300.000,-1,-1,-1,-1,750.000,700.000,-1,-1,2,0,2,0,2,0,0,0,0,2,2,2,2,0,0,2,2
81,-3531.696,-2140.534,256.337,63.902,0.436812,-0.897247,0.064371,0.897525,0.439512,0.035743,-0.060363,0.042162,0.997286,0,0.64000,-0.00644,38.400,-0.013,-1,400.000,-1,375.000,-1,325.000,325.000,325.000,300.000,-1,-1,-1,-1,725.000,700.000,-1,-1,2,0,2,0,2,0,0,0,0,2,2,2,2,0,0,2,2
82,-3512.682,-2101.743,253.979,63.889,0.436989,-0.897202,0.063794,0.897329,0.439740,0.037812,-0.061977,0.040721,0.997247,0,0.72000,-0.00644,43.200,-0.013,-1,375.000,-1,375.000,-1,325.000,325.000,300.000,300.000,-1,-1,-1,-1,725.000,675.000,-1,-1,2,0,2,0,2,0,0,0,0,2,2,2,2,0,0,2,2
83,-3491.547,-2058.647,251.228,63.877,0.437241,-0.897179,0.062365,0.897128,0.439979,0.039751,-0.063103,0.038569,0.997261,0,0.80000,-0.00644,48.000,-0.013,-1,375.000,-1,375.000,-1,325.000,300.000,300.000,300.000,-1,-1,-1,-1,700.000,675.000,-1,-1,2,0,2,0,2,0,0,0,0,2,2,2,2,0,0,2,2
84,-3468.736,-2012.159,248.475,63.864,0.437497,-0.897130,0.061267,0.896970,0.440205,0.040799,-0.063572,0.037105,0.997287,0,0.86304,-0.00644,51.783,-0.013,-1,375.000,-1,375.000,-1,300.000,300.000,300.000,300.000,-1,-1,-1,-1,700.000,650.000,-1,-1,2,0,2,0,2,0,0,0,0,2,2,2,2,0,0,2,2
85,-3445.914,-1965.677,245.775,63.851,0.437757,-0.897073,0.060245,0.896825,0.440428,0.041577,-0.063831,0.035829,0.997317,0,0.86304,-0.00644,51.783,-0.013,-1,375.000,-1,375.000,-1,300.000,300.000,300.000,300.000,-1,-1,-1,-1,700.000,650.000,-1,-1,2,0,2,0,2,0,0,0,0,2,2,2,2,0,0,2,2
86,-3423.082,-1919.199,243.085,63.838,0.438020,-0.897014,0.059206,0.896683,0.440649,0.042282,-0.064017,0.034568,0.997350,0,0.86304,-0.00644,51.783,-0.013,-1,375.000,-1,375.000,-1,300.000,300.000,300.000,300.000,-1,-1,-1,-1,675.000,650.000,-1,-1,2,0,2,0,2,0,0,0,0,2,2,2,2,0,0,2,2
87,-3400.232,-1872.705,240.110,63.828,0.438232,-0.896941,0.058739,0.896633,0.440810,0.041666,-0.063265,0.034408,0.997403,0,0.86344,-0.00506,51.806,-0.010,-1,375.000,-1,375.000,-1,300.000,300.000,300.000,300.000,-1,-1,-1,-1,675.000,650.000,-1,-1,2,0,2,0,2,0,0,0,0,2,2,2,2,0,0,2,2
88,-3377.366,-1826.191,236.959,63.821,0.438391,-0.896870,0.058626,0.896651,0.440911,0.040188,-0.061892,0.034949,0.997471,0,0.86384,-0.00348,51.830,-0.007,-1,375.000,-1,375.000,-1,300.000,300.000,300.000,300.000,-1,-1,-1,-1,650.000,625.000,-1,-1,2,0,2,0,2,0,0,0,0,2,2,2,2,0,0,2,2
89,-3354.488,-1779.663,234.073,63.817,0.438598,-0.896852,0.057346,0.896693,0.440980,0.038456,-0.059778,0.034554,0.997613,0,0.86416,-0.00201,51.849,-0.004,-1,375.000,-1,375.000,-1,300.000,300.000,300.000,300.000,-1,-1,-1,-1,650.000,625.000,-1,-1,2,0,2,0,2,0,0,0,0,2,2,2,2,0,0,2,2
90,-3331.602,-1733.121,231.228,63.816,0.438768,-0.896857,0.055946,0.896753,0.441007,0.036700,-0.057587,0.034066,0.997759,0,0.86440,-0.00063,51.864,-0.001,-1,375.000,-1,375.000,-1,300.000,300.000,300.000,300.000,-1,-1,-1,-1,650.000,625.000,-1,-1,2,0,2,0,2,0,0,0,0,2,2,2,2,0,0,2,2
91,-3308.714,-1686.571,228.459,63.817,0.438916,-0.896888,0.054262,0.896830,0.440998,0.034884,-0.055216,0.033353,0.997917,0,0.86456,0.00064,51.874,0.001,-1,375.000,-1,375.000,-1,300.000,300.000,300.000,300.000,-1,-1,-1,-1,650.000,650.000,-1,-1,2,0,2,0,2,0,0,0,0,2,2,2,2,0,0,2,2
92,-3285.825,-1640.014,225.850,63.820,0.439069,-0.896953,0.051904,0.896923,0.440959,0.032921,-0.052416,0.032099,0.998109,0,0.86466,0.00180,51.880,0.004,-1,375.000,-1,375.000,-1,300.000,300.000,300.000,300.000,-1,-1,-1,-1,650.000,650.000,-1,-1,2,0,2,0,2,0,0,0,0,2,2,2,2,0,0,2,2
93,-3262.941,-1593.453,223.268,63.826,0.439182,-0.897033,0.049496,0.897029,0.440888,0.030948,-0.049584,0.030807,0.998295,0,0.86469,0.00286,51.881,0.006,-1,375.000,-1,375.000,-1,325.000,300.000,300.000,300.000,-1,500.000,-1,-1,650.000,650.000,-1,-1,2,0,2,0,2,0,0,0,0,2,0,2,2,0,0,2,2
94,-3240.063,-1546.890,220.711,63.834,0.439259,-0.897128,0.047040,0.897145,0.440786,0.028966,-0.046721,0.029478,0.998473,0,0.86466,0.00381,51.880,0.008,-1,375.000,-1,375.000,-1,325.000,300.000,300.000,300.000,-1,450.000,475.000,-1,650.000,625.000,-1,-1,2,0,2,0,2,0,0,0,0,2,0,0,2,0,0,2,2
95,-3217.195,-1500.328,218.195,63.843,0.439298,-0.897234,0.044601,0.897270,0.440657,0.026989,-0.043869,0.028163,0.998640,0,0.86458,0.00465,51.875,0.009,-1,375.000,-1,375.000,-1,300.000,325.000,300.000,300.000,-1,400.000,425.000,-1,650.000,625.000,-1,-1,2,0,2,0,2,0,0,0,0,2,0,0,2,0,0,2,2
96,-3194.339,-1453.769,215.832,63.854,0.439269,-0.897337,0.042760,0.897401,0.440498,0.025145,-0.041399,0.027327,0.998769,0,0.86445,0.00538,51.867,0.011,-1,375.000,-1,375.000,-1,300.000,300.000,300.000,300.000,-1,375.000,400.000,-1,650.000,625.000,-1,-1,2,0,2,0,2,0,0,0,0,2,0,0,2,0,0,2,2
97,-3171.498,-1407.215,213.655,63.866,0.439174,-0.897435,0.041672,0.897537,0.440313,0.023468,-0.039410,0.027096,0.998856,0,0.86427,0.00600,51.856,0.012,-1,375.000,-1,375.000,-1,300.000,300.000,300.000,300.000,-1,375.000,400.000,-1,625.000,625.000,-1,-1,2,0,2,0,2,0,0,0,0,2,0,0,2,0,0,2,2
98,-3148.547,-1360.416,211.841,63.875,0.439118,-0.897478,0.041337,0.897696,0.440154,0.020174,-0.036301,0.028250,0.998942,0,0.86872,0.00465,52.123,0.009,-1,375.000,-1,375.000,-1,300.000,300.000,300.000,300.000,-1,375.000,400.000,-1,650.000,625.000,-1,-1,2,0,2,0,2,0,0,0,0,2,0,0,2,0,0,2,2
99,-3125.587,-1313.570,210.181,63.889,0.438995,-0.897541,0.041270,0.897891,0.439916,0.016309,-0.032793,0.029897,0.999015,0,0.86951,0.00692,52.170,0.014,-1,375.000,-1,375.000,-1,300.000,300.000,325.000,300.000,-1,375.000,375.000,-1,650.000,625.000,-1,-1,2,0,2,0,2,0,0,0,0,2,0,0,2,0,0,2,2
100,-3102.624,-1266.681,208.548,63.907,0.438805,-0.897638,0.041189,0.898104,0.439605,0.012472,-0.029302,0.031519,0.999074,0,0.87017,0.00921,52.210,0.018,-1,375.000,-1,375.000,-1,300.000,300.000,325.000,300.000,-1,350.000,350.000,-1,675.000,625.000,-1,-1,2,0,2,0,2,0,0,0,0,2,0,0,2,0,0,2,2
101,-3079.666,-1219.753,207.084,63.930,0.438543,-0.897783,0.040814,0.898327,0.439229,0.009258,-0.026239,0.032605,0.999124,0,0.87072,0.01151,52.243,0.023,-1,375.000,-1,350.000,-1,300.000,300.000,325.000,300.000,-1,350.000,350.000,-1,675.000,625.000,-1,-1,2,0,2,0,2,0,0,0,0,2,0,0,2,0,0,2,2
102,-3056.719,-1172.791,205.772,63.958,0.438204,-0.897977,0.040180,0.898567,0.438787,0.006597,-0.023554,0.033214,0.999171,0,0.87115,0.01382,52.269,0.028,-1,375.000,-1,350.000,-1,300.000,300.000,325.000,300.000,-1,375.000,350.000,-1,675.000,650.000,-1,-1,2,0,2,0,2,0,0,0,0,2,0,0,2,0,0,2,2
103,-3033.790,-1125.799,204.845,63.990,0.437858,-0.898246,0.037879,0.898825,0.438292,0.003594,-0.019830,0.032473,0.999276,0,0.87146,0.01613,52.288,0.032,-1,375.000,-1,375.000,-1,300.000,300.000,300.000,300.000,-1,375.000,350.000,-1,700.000,650.000,-1,-1,2,0,2,0,2,0,0,0,0,2,0,0,2,0,0,2,2
104,-3012.811,-1083.197,204.186,63.783,0.441243,-0.896691,0.035343,0.897227,0.441566,0.001503,-0.016953,0.031047,0.999374,0,0.79146,-0.10387,47.488,-0.208,-1,375.000,-1,375.000,-1,300.000,300.000,300.000,300.000,-1,375.000,375.000,-1,700.000,650.000,-1,-1,2,0,2,0,2,0,0,0,0,2,0,0,2,0,0,2,2
105,-2993.744,-1045.004,203.606,63.471,0.446212,-0.894317,0.033033,0.894809,0.446448,-0.000264,-0.014511,0.029676,0.999454,0,0.71146,-0.15559,42.688,-0.311,-1,375.000,-1,375.000,-1,300.000,300.000,300.000,300.000,-1,375.000,375.000,-1,700.000,675.000,-1,-1,2,0,2,0,2,0,0,0,0,2,0,0,2,0,0,2,2
106,-2975.978,-1009.888,203.074,63.164,0.451090,-0.891943,0.030905,0.892394,0.451254,-0.001841,-0.012304,0.028410,0.999521,0,0.65591,-0.15362,39.354,-0.307,-1,375.000,-1,375.000,-1,300.000,300.000,300.000,300.000,-1,350.000,375.000,-1,700.000,675.000,-1,-1,2,0,2,0,2,0,0,0,0,2,0,0,2,0,0,2,2
107,-2958.032,-974.880,202.546,62.860,0.455900,-0.889565,0.028781,0.889973,0.456000,-0.003364,-0.010131,0.027148,0.999580,0,0.65566,-0.15214,39.340,-0.304,-1,375.000,-1,375.000,-1,300.000,300.000,300.000,300.000,-1,350.000,375.000,-1,725.000,675.000,-1,-1,2,0,2,0,2,0,0,0,0,2,0,0,2,0,0,2,2
108,-2939.911,-939.985,202.022,62.558,0.460655,-0.887179,0.026662,0.887543,0.460699,-0.004835,-0.007994,0.025891,0.999633,0,0.65534,-0.15103,39.320,-0.302,-1,375.000,-1,375.000,-1,300.000,300.000,300.000,300.000,-1,325.000,350.000,-1,725.000,700.000,-1,-1,2,0,2,0,2,0,0,0,0,2,0,0,2,0,0,2,2
109,-2921.619,-905.206,201.502,62.258,0.465358,-0.884782,0.024551,0.885103,0.465353,-0.006252,-0.005893,0.024640,0.999679,0,0.65494,-0.15002,39.296,-0.300,-1,375.000,-1,375.000,-1,300.000,300.000,300.000,300.000,-1,325.000,350.000,-1,725.000,700.000,-1,-1,2,0,2,0,2,0,0,0,0,2,0,0,2,0,0,2,2
110,-2903.159,-870.547,200.987,61.960,0.470012,-0.882375,0.022448,0.882652,0.469966,-0.007616,-0.003829,0.023394,0.999719,0,0.65447,-0.14909,39.268,-0.298,-1,375.000,-1,375.000,-1,325.000,300.000,300.000,300.000,-1,300.000,350.000,-1,725.000,700.000,-1,-1,2,0,2,0,2,0,0,0,0,2,0,0,2,0,0,2,2
111,-2884.535,-836.013,200.476,61.663,0.474620,-0.879956,0.020355,0.880189,0.474539,-0.008927,-0.001803,0.022153,0.999753,0,0.65393,-0.14825,39.236,-0.296,-1,375.000,-1,375.000,-1,325.000,325.000,300.000,300.000,-1,300.000,350.000,-1,750.000,725.000,-1,-1,2,0,2,0,2,0,0,0,0,2,0,0,2,0,0,2,2
112,-2865.751,-801.606,200.310,61.368,0.479166,-0.877498,0.019916,0.877724,0.479062,-0.010046,-0.000726,0.022294,0.999751,0,0.65334,-0.14750,39.200,-0.295,-1,400.000,-1,375.000,-1,325.000,325.000,300.000,300.000,-1,325.000,350.000,-1,750.000,725.000,-1,-1,2,0,2,0,2,0,0,0,0,2,0,0,2,0,0,2,2
113,-2846.810,-767.330,200.298,61.074,0.483683,-0.875016,0.019952,0.875243,0.483545,-0.011559,0.000467,0.023054,0.999734,0,0.65269,-0.14684,39.161,-0.294,-1,400.000,-1,375.000,-1,325.000,325.000,300.000,300.000,-1,350.000,375.000,-1,750.000,725.000,-1,-1,2,0,2,0,2,0,0,0,0,2,0,0,2,0,0,2,2
114,-2827.715,-733.187,200.261,60.782,0.488167,-0.872523,0.019920,0.872749,0.487999,-0.012920,0.001552,0.023692,0.999718,0,0.65200,-0.14627,39.120,-0.293,-1,400.000,-1,375.000,-1,325.000,325.000,300.000,300.000,-1,350.000,375.000,-1,775.000,725.000,-1,-1,2,0,2,0,2,0,0,0,0,2,0,0,2,0,0,2,2
115,-2808.467,-699.181,200.166,60.490,0.492620,-0.870020,0.019760,0.870241,0.492428,-0.013973,0.002426,0.024079,0.999707,0,0.65126,-0.14579,39.076,-0.292,-1,400.000,-1,375.000,-1,325.000,325.000,300.000,300.000,-1,375.000,400.000,-1,775.000,725.000,-1,-1,2,0,2,0,2,0,0,0,0,2,0,0,2,0,0,2,2
116,-2789.070,-665.312,200.069,60.199,0.497049,-0.867502,0.019585,0.867717,0.496833,-0.014989,0.003272,0.024445,0.999696,0,0.65049,-0.14541,39.030,-0.291,-1,400.000,-1,400.000,-1,325.000,325.000,300.000,300.000,-1,400.000,425.000,-1,775.000,725.000,-1,-1,2,0,2,0,2,0,0,0,0,2,0,0,2,0,0,2,2
117,-2769.526,-631.584,199.971,59.909,0.501455,-0.864966,0.019397,0.865174,0.501217,-0.015969,0.004091,0.024789,0.999684,0,0.64970,-0.14512,38.982,-0.290,-1,400.000,-1,400.000,-1,325.000,325.000,300.000,300.000,-1,425.000,425.000,-1,800.000,725.000,-1,-1,2,0,2,0,2,0,0,0,0,2,0,0,2,0,0,2,2
118,-2749.836,-597.996,199.872,59.619,0.505841,-0.862413,0.019195,0.862613,0.505582,-0.016912,0.004880,0.025113,0.999673,0,0.64889,-0.14492,38.933,-0.290,-1,400.000,-1,400.000,-1,325.000,325.000,300.000,300.000,-1,450.000,450.000,-1,800.000,725.000,-1,-1,2,0,2,0,2,0,0,0,0,2,0,0,2,0,0,2,2
119,-2730.001,-564.552,199.934,59.330,0.510200,-0.859853,0.018709,0.860041,0.509939,-0.017100,0.005163,0.024815,0.999679,0,0.64806,-0.14482,38.884,-0.290,-1,400.000,-1,400.000,-1,325.000,325.000,300.000,300.000,-1,475.000,475.000,-1,800.000,725.000,-1,-1,2,0,2,0,2,0,0,0,0,2,0,0,2,0,0,2,2
120,-2710.024,-531.251,200.109,59.040,0.514536,-0.857279,0.018033,0.857454,0.514288,-0.016749,0.005084,0.024080,0.999697,0,0.64723,-0.14481,38.834,-0.290,-1,400.000,-1,400.000,-1,325.000,325.000,300.000,300.000,-1,500.000,525.000,-1,800.000,725.000,-1,-1,2,0,2,0,2,0,0,0,0,2,0,0,2,0,0,2,2
121,-2689.903,-498.094,200.274,58.750,0.518861,-0.854682,0.017371,0.854844,0.518626,-0.016391,0.005001,0.023354,0.999715,0,0.64641,-0.14489,38.784,-0.290,-1,400.000,-1,400.000,-1,325.000,325.000,300.000,300.000,-1,550.000,550.000,-1,800.000,750.000,-1,-1,2,0,2,0,2,0,0,0,0,2,0,0,2,0,0,2,2
122,-2669.641,-465.080,200.434,58.460,0.523179,-0.852059,0.016699,0.852209,0.522957,-0.016031,0.004926,0.022618,0.999732,0,0.64559,-0.14507,38.736,-0.290,-1,400.000,-1,400.000,-1,325.000,325.000,300.000,300.000,-1,575.000,600.000,-1,825.000,750.000,-1,-1,2,0,2,0,2,0,0,0,0,2,0,0,2,0,0,2,2
123,-2649.236,-432.211,200.642,58.170,0.527493,-0.849413,0.015775,0.849544,0.527283,-0.015696,0.005014,0.021681,0.999752,0,0.64480,-0.14534,38.688,-0.291,-1,400.000,-1,400.000,-1,325.000,325.000,300.000,300.000,-1,600.000,625.000,-1,825.000,750.000,-1,-1,2,0,2,0,2,0,0,0,0,2,0,0,2,0,0,2,2
124,-2628.690,-399.485,200.836,57.878,0.531804,-0.846737,0.014885,0.846852,0.531607,-0.015350,0.005085,0.020769,0.999771,0,0.64403,-0.14570,38.642,-0.291,-1,400.000,-1,400.000,-1,325.000,325.000,300.000,300.000,-1,650.000,675.000,-1,825.000,750.000,-1,-1,2,0,2,0,2,0,0,0,0,2,0,0,2,0,0,2,2
125,-2608.000,-366.901,201.017,57.586,0.536114,-0.844029,0.014028,0.844130,0.535929,-0.014994,0.005137,0.019881,0.999789,0,0.64329,-0.14615,38.597,-0.292,-1,400.000,-1,400.000,-1,325.000,325.000,300.000,300.000,-1,675.000,700.000,-1,825.000,750.000,-1,-1,2,0,2,0,2,0,0,0,0,2,0,0,2,0,0,2,2
126,-2587.166,-334.459,201.184,57.292,0.540426,-0.841288,0.013206,0.841376,0.540253,-0.014628,0.005172,0.019017,0.999806,0,0.64259,-0.14669,38.555,-0.293,-1,400.000,-1,400.000,-1,325.000,325.000,300.000,300.000,-1,700.000,725.000,-1,825.000,750.000,-1,-1,2,0,2,0,2,0,0,0,0,2,0,0,2,0,0,2,2
127,-2563.705,-298.000,201.348,57.239,0.541207,-0.840799,0.012333,0.840873,0.541046,-0.014214,0.005279,0.018064,0.999823,0,0.72259,-0.02669,43.355,-0.053,1000.000,400.000,-1,400.000,-1,325.000,325.000,300.000,300.000,-1,750.000,775.000,-1,825.000,775.000,-1,-1,1,0,2,0,2,0,0,0,0,2,0,0,2,0,0,2,2
128,-2537.778,-257.420,201.595,57.426,0.538461,-0.842567,0.011885,0.842635,0.538311,-0.013716,0.005158,0.017400,0.999835,0,0.80259,0.09331,48.155,0.187,975.000,400.000,-1,400.000,-1,325.000,325.000,300.000,300.000,-1,800.000,825.000,-1,825.000,775.000,1000.000,-1,1,0,2,0,2,0,0,0,0,2,0,0,2,0,0,1,2
129,-2509.601,-212.584,201.928,57.852,0.532165,-0.846557,0.011899,0.846627,0.532025,-0.013132,0.004786,0.017063,0.999843,0,0.88259,0.21331,52.955,0.427,925.000,400.000,-1,400.000,-1,325.000,325.000,300.000,300.000,-1,875.000,900.000,-1,825.000,775.000,975.000,-1,1,0,2,0,2,0,0,0,0,2,0,0,2,0,0,1,2
130,-2480.508,-165.074,202.183,58.519,0.522275,-0.852698,0.011623,0.852764,0.522145,-0.012574,0.004653,0.016479,0.999853,0,0.92849,0.33331,55.710,0.667,875.000,400.000,-1,400.000,-1,325.000,325.000,300.000,300.000,-1,925.000,975.000,-1,825.000,775.000,900.000,975.000,1,0,2,0,2,0,0,0,0,2,0,0,2,0,0,1,1
131,-2451.165,-115.479,202.401,59.389,0.509265,-0.860535,0.011290,0.860597,0.509144,-0.012031,0.004605,0.015843,0.999864,0,0.96043,0.43495,57.626,0.870,825.000,400.000,-1,400.000,1000.000,325.000,325.000,300.000,300.000,-1,1000.000,-1,-1,825.000,775.000,850.000,925.000,1,0,2,0,1,0,0,0,0,2,0,2,2,1,1,1,1
132,-2422.478,-65.264,202.535,60.262,0.496084,-0.868206,0.010890,0.868264,0.495977,-0.011145,0.004275,0.014984,0.999879,0,0.96385,0.43660,57.831,0.873,775.000,400.000,-1,400.000,900.000,325.000,325.000,300.000,300.000,-1,-1,-1,-1,775.000,775.000,800.000,875.000,1,0,2,0,1,0,0,0,0,2,2,2,2,1,1,1,1
133,-2394.464,-14.437,202.575,61.139,0.482733,-0.875706,0.010386,0.875760,0.482646,-0.009874,0.003634,0.013862,0.999897,0,0.96728,0.43826,58.037,0.877,725.000,400.000,-1,400.000,825.000,325.000,325.000,300.000,300.000,-1,-1,-1,-1,725.000,750.000,750.000,825.000,1,0,2,0,1,0,0,0,0,2,2,2,2,1,1,1,1
