timestep,x_cm,y_cm,z_cm,yaw_deg,basis_xx,basis_xy,basis_xz,basis_yx,basis_yy,basis_yz,basis_zx,basis_zy,basis_zz,teleport_flag,throttle_cmd,steering_cmd,cmd_move_cm,cmd_turn_deg,lidar_cm_0,lidar_cm_1,lidar_cm_2,lidar_cm_3,lidar_cm_4,lidar_cm_5,lidar_cm_6,lidar_cm_7,lidar_cm_8,lidar_cm_9,lidar_cm_10,lidar_cm_11,lidar_cm_12,lidar_cm_13,lidar_cm_14,lidar_cm_15,lidar_cm_16,lidar_class_0,lidar_class_1,lidar_class_2,lidar_class_3,lidar_class_4,lidar_class_5,lidar_class_6,lidar_class_7,lidar_class_8,lidar_class_9,lidar_class_10,lidar_class_11,lidar_class_12,lidar_class_13,lidar_class_14,lidar_class_15,lidar_class_16
0,-988.691,6231.668,-69.435,176.167,-0.996530,-0.066815,-0.049644,0.068152,-0.997343,-0.025744,-0.047792,-0.029038,0.998435,1,0.08000,0.12000,4.800,0.240,625.000,375.000,-1,400.000,-1,325.000,325.000,300.000,300.000,-1,-1,350.000,1000.000,575.000,625.000,650.000,-1,0,0,2,0,2,0,0,0,0,2,2,0,1,0,0,0,2
1,-998.274,6232.230,-69.902,176.647,-0.997085,-0.058459,-0.049028,0.059754,-0.997891,-0.025376,-0.047442,-0.028232,0.998475,0,0.16000,0.24000,9.600,0.480,625.000,375.000,-1,400.000,-1,325.000,325.000,300.000,300.000,-1,-1,350.000,1000.000,550.000,625.000,650.000,-1,0,0,2,0,2,0,0,0,0,2,2,0,1,0,0,0,2
2,-1012.659,6232.892,-70.606,177.367,-0.997786,-0.045917,-0.048105,0.047149,-0.998580,-0.024800,-0.046898,-0.027013,0.998534,0,0.24000,0.36000,14.400,0.720,625.000,375.000,-1,400.000,-1,325.000,325.000,300.000,300.000,-1,-1,350.000,975.000,550.000,625.000,650.000,-1,0,0,2,0,2,0,0,0,0,2,2,0,1,0,0,0,2
3,-1031.851,6233.453,-71.551,178.327,-0.998474,-0.029181,-0.046875,0.030330,-0.999252,-0.023988,-0.046140,-0.025374,0.998613,0,0.32000,0.48000,19.200,0.960,625.000,375.000,-1,375.000,-1,325.000,325.000,300.000,300.000,-1,500.000,325.000,975.000,550.000,625.000,650.000,-1,0,0,2,0,2,0,0,0,0,2,0,0,1,0,0,0,2
4,-1055.850,6233.652,-72.743,179.527,-0.998938,-0.008248,-0.045338,0.009294,-0.999694,-0.022903,-0.045135,-0.023300,0.998709,0,0.40000,0.60000,24.000,1.200,625.000,350.000,-1,375.000,-1,325.000,325.000,300.000,300.000,-1,375.000,325.000,1000.000,550.000,625.000,625.000,1000.000,0,0,2,0,2,0,0,0,0,2,0,0,1,0,0,0,0
5,-1084.645,6233.167,-74.186,180.967,-0.998911,0.016878,-0.043495,-0.015954,-0.999642,-0.021493,-0.043842,-0.020776,0.998822,0,0.48000,0.72000,28.800,1.440,600.000,350.000,-1,375.000,-1,300.000,325.000,300.000,300.000,-1,350.000,300.000,1000.000,550.000,600.000,625.000,975.000,0,0,2,0,2,0,0,0,0,2,0,0,1,0,0,0,0
6,-1116.502,6231.695,-75.795,182.647,-0.998072,0.046180,-0.041473,-0.045391,-0.998774,-0.019762,-0.042334,-0.017841,0.998944,0,0.53152,0.84000,31.891,1.680,600.000,350.000,-1,375.000,-1,300.000,325.000,300.000,300.000,-1,350.000,300.000,-1,525.000,600.000,600.000,925.000,0,0,2,0,2,0,0,0,0,2,0,0,2,0,0,0,0
7,-1151.897,6228.888,-77.600,184.536,-0.996096,0.079082,-0.039238,-0.078440,-0.996763,-0.017638,-0.040506,-0.014492,0.999074,0,0.59178,0.94449,35.507,1.889,600.000,350.000,-1,350.000,-1,300.000,300.000,300.000,300.000,-1,325.000,275.000,-1,525.000,575.000,600.000,875.000,0,0,2,0,2,0,0,0,0,2,0,0,2,0,0,0,0
8,-1187.615,6224.857,-79.436,186.441,-0.993000,0.112167,-0.036998,-0.111668,-0.993628,-0.015282,-0.038476,-0.011043,0.999198,0,0.59908,0.95218,35.945,1.904,600.000,325.000,-1,350.000,950.000,300.000,300.000,300.000,300.000,-1,325.000,275.000,-1,525.000,575.000,600.000,825.000,0,0,2,0,0,0,0,0,0,2,0,0,2,0,0,0,0
9,-1223.648,6219.562,-81.304,188.361,-0.988763,0.145397,-0.034758,-0.145038,-0.989345,-0.012672,-0.036230,-0.007488,0.999315,0,0.60701,0.95995,36.420,1.920,600.000,325.000,-1,350.000,875.000,275.000,300.000,300.000,300.000,-1,300.000,250.000,-1,525.000,550.000,575.000,775.000,0,0,2,0,0,0,0,0,0,2,0,0,2,0,0,0,0
10,-1259.986,6212.961,-83.161,190.296,-0.983357,0.178733,-0.032616,-0.178500,-0.983890,-0.009953,-0.033869,-0.003965,0.999418,0,0.61555,0.96777,36.933,1.936,600.000,325.000,1000.000,350.000,825.000,275.000,275.000,300.000,300.000,-1,300.000,225.000,-1,500.000,550.000,575.000,725.000,0,0,1,0,0,0,0,0,0,2,0,0,2,0,0,0,0
11,-1291.418,6206.285,-83.967,191.992,-0.977734,0.207767,-0.029467,-0.207553,-0.978171,-0.010171,-0.030937,-0.003828,0.999514,0,0.53555,0.84777,32.133,1.696,600.000,325.000,950.000,350.000,800.000,275.000,275.000,300.000,300.000,-1,300.000,225.000,-1,500.000,550.000,575.000,725.000,0,0,1,0,0,0,0,0,0,2,0,0,2,0,0,0,0
12,-1318.001,6199.929,-84.300,193.447,-0.972254,0.232546,-0.025381,-0.232330,-0.972573,-0.011170,-0.027283,-0.004964,0.999615,0,0.45555,0.72777,27.333,1.456,600.000,325.000,950.000,350.000,800.000,275.000,275.000,300.000,300.000,-1,275.000,225.000,-1,500.000,550.000,575.000,725.000,0,0,1,0,0,0,0,0,0,2,0,0,2,0,0,0,0
13,-1339.800,6194.225,-84.573,194.663,-0.967185,0.253124,-0.021928,-0.252917,-0.967416,-0.011786,-0.024197,-0.005853,0.999690,0,0.37555,0.60777,22.533,1.216,600.000,325.000,925.000,350.000,825.000,275.000,275.000,300.000,300.000,-1,275.000,225.000,-1,500.000,550.000,600.000,725.000,0,0,1,0,0,0,0,0,0,2,0,0,2,0,0,0,0
14,-1356.877,6189.445,-84.784,195.638,-0.962794,0.269557,-0.019162,-0.269363,-0.962962,-0.012134,-0.021723,-0.006521,0.999743,0,0.29555,0.48777,17.733,0.976,600.000,325.000,900.000,350.000,825.000,275.000,275.000,300.000,325.000,-1,250.000,225.000,-1,500.000,550.000,600.000,750.000,0,0,1,0,0,0,0,0,0,2,0,0,2,0,0,0,0
15,-1369.285,6185.799,-84.905,196.374,-0.959290,0.281896,-0.017247,-0.281715,-0.959420,-0.012219,-0.019992,-0.006863,0.999777,0,0.21555,0.36777,12.933,0.736,600.000,325.000,900.000,325.000,825.000,275.000,275.000,300.000,325.000,-1,250.000,225.000,-1,500.000,550.000,600.000,750.000,0,0,1,0,0,0,0,0,0,2,0,0,2,0,0,0,0
16,-1377.068,6183.439,-84.912,196.869,-0.956832,0.290184,-0.016314,-0.290014,-0.956947,-0.012042,-0.019106,-0.006791,0.999794,0,0.13555,0.24777,8.133,0.496,625.000,325.000,900.000,325.000,825.000,275.000,275.000,300.000,325.000,-1,250.000,225.000,-1,500.000,550.000,600.000,750.000,0,0,1,0,0,0,0,0,0,2,0,0,2,0,0,0,0
17,-1380.254,6182.457,-84.912,197.125,-0.955534,0.294449,-0.015922,-0.294284,-0.955643,-0.011960,-0.018737,-0.006742,0.999802,0,0.05555,0.12777,3.333,0.256,625.000,325.000,900.000,325.000,825.000,275.000,275.000,300.000,325.000,-1,250.000,225.000,-1,500.000,550.000,600.000,750.000,0,0,1,0,0,0,0,0,0,2,0,0,2,0,0,0,0
18,-1378.853,6182.894,-84.895,197.315,-0.954552,0.297612,-0.016046,-0.297445,-0.954664,-0.011976,-0.018882,-0.006659,0.999800,0,-0.02445,0.09485,-1.467,0.190,625.000,325.000,900.000,325.000,825.000,275.000,275.000,300.000,325.000,-1,250.000,225.000,-1,500.000,550.000,600.000,750.000,0,0,1,0,0,0,0,0,0,2,0,0,2,0,0,0,0
19,-1372.877,6184.779,-84.856,197.503,-0.953557,0.300751,-0.016677,-0.300579,-0.953680,-0.012092,-0.019542,-0.006518,0.999788,0,-0.10445,0.09425,-6.267,0.188,625.000,325.000,900.000,325.000,825.000,275.000,275.000,300.000,325.000,-1,250.000,225.000,-1,500.000,550.000,600.000,750.000,0,0,1,0,0,0,0,0,0,2,0,0,2,0,0,0,0
20,-1362.590,6188.059,-84.683,197.688,-0.952552,0.303828,-0.018258,-0.303648,-0.952709,-0.011995,-0.021039,-0.005882,0.999761,0,-0.17995,0.09242,-10.797,0.185,625.000,325.000,900.000,325.000,800.000,275.000,275.000,300.000,325.000,-1,250.000,225.000,-1,500.000,550.000,600.000,725.000,0,0,1,0,0,0,0,0,0,2,0,0,2,0,0,0,0
21,-1352.142,6191.427,-84.471,197.867,-0.951563,0.306802,-0.020017,-0.306617,-0.951760,-0.011807,-0.022674,-0.005097,0.999730,0,-0.18296,0.08945,-10.978,0.179,625.000,325.000,900.000,325.000,800.000,275.000,275.000,300.000,325.000,-1,250.000,225.000,-1,500.000,550.000,600.000,725.000,0,0,1,0,0,0,0,0,0,2,0,0,2,0,0,0,0
22,-1341.528,6194.884,-84.251,198.040,-0.950593,0.309674,-0.021807,-0.309485,-0.950833,-0.011627,-0.024335,-0.004304,0.999695,0,-0.18604,0.08644,-11.162,0.173,625.000,325.000,900.000,325.000,775.000,275.000,275.000,300.000,325.000,-1,250.000,225.000,-1,500.000,550.000,600.000,725.000,0,0,1,0,0,0,0,0,0,2,0,0,2,0,0,0,0
23,-1330.747,6198.430,-84.025,198.207,-0.949643,0.312442,-0.023627,-0.312251,-0.949930,-0.011456,-0.026024,-0.003501,0.999655,0,-0.18916,0.08341,-11.350,0.167,625.000,325.000,925.000,325.000,775.000,275.000,275.000,300.000,300.000,-1,275.000,225.000,-1,500.000,525.000,600.000,700.000,0,0,1,0,0,0,0,0,0,2,0,0,2,0,0,0,0
24,-1319.794,6202.067,-83.791,198.367,-0.948715,0.315106,-0.025479,-0.314915,-0.949053,-0.011292,-0.027739,-0.002689,0.999612,0,-0.19235,0.08035,-11.541,0.161,625.000,325.000,925.000,325.000,750.000,275.000,275.000,300.000,300.000,-1,275.000,225.000,-1,500.000,525.000,600.000,700.000,0,0,1,0,0,0,0,0,0,2,0,0,2,0,0,0,0
25,-1308.667,6205.795,-83.550,198.522,-0.947808,0.317664,-0.027361,-0.317475,-0.948201,-0.011134,-0.029481,-0.001867,0.999564,0,-0.19559,0.07725,-11.735,0.155,625.000,325.000,925.000,325.000,750.000,275.000,275.000,300.000,300.000,-1,275.000,225.000,-1,500.000,525.000,600.000,700.000,0,0,1,0,0,0,0,0,0,2,0,0,2,0,0,0,0
26,-1297.362,6209.615,-83.301,198.670,-0.946926,0.320117,-0.029274,-0.319930,-0.947377,-0.010983,-0.031250,-0.001034,0.999511,0,-0.19888,0.07412,-11.933,0.148,625.000,325.000,925.000,325.000,725.000,275.000,275.000,325.000,300.000,-1,275.000,225.000,-1,500.000,525.000,600.000,675.000,0,0,1,0,0,0,0,0,0,2,0,0,2,0,0,0,0
27,-1285.876,6213.527,-83.043,198.812,-0.946067,0.322463,-0.031219,-0.322281,-0.946582,-0.010838,-0.033046,-0.000192,0.999454,0,-0.20224,0.07096,-12.134,0.142,650.000,325.000,925.000,325.000,725.000,275.000,275.000,325.000,300.000,-1,275.000,250.000,-1,500.000,525.000,600.000,675.000,0,0,1,0,0,0,0,0,0,2,0,0,2,0,0,0,0
28,-1274.206,6217.534,-82.777,198.947,-0.945234,0.324701,-0.033195,-0.324525,-0.945817,-0.010697,-0.034870,0.000662,0.999392,0,-0.20565,0.06776,-12.339,0.136,650.000,325.000,950.000,325.000,700.000,275.000,275.000,325.000,300.000,-1,275.000,250.000,-1,500.000,525.000,600.000,650.000,0,0,1,0,0,0,0,0,0,2,0,0,2,0,0,0,0
29,-1267.092,6220.029,-82.589,199.323,-0.943040,0.330893,-0.034444,-0.330724,-0.943667,-0.010650,-0.036027,0.001348,0.999350,0,-0.12565,0.18776,-7.539,0.376,650.000,325.000,950.000,325.000,700.000,275.000,275.000,325.000,300.000,-1,275.000,250.000,-1,500.000,525.000,600.000,650.000,0,0,1,0,0,0,0,0,0,2,0,0,2,0,0,0,0
30,-1264.517,6220.963,-82.486,199.939,-0.939409,0.341011,-0.034969,-0.340848,-0.940058,-0.010696,-0.036520,0.001872,0.999331,0,-0.04565,0.30776,-2.739,0.616,650.000,325.000,950.000,325.000,675.000,275.000,275.000,325.000,300.000,-1,275.000,250.000,-1,500.000,525.000,600.000,650.000,0,0,1,0,0,0,0,0,0,2,0,0,2,0,0,0,0
31,-1266.444,6220.231,-82.473,200.794,-0.934216,0.355009,-0.034772,-0.354851,-0.934860,-0.010808,-0.036344,0.002241,0.999337,0,0.03435,0.42776,2.061,0.856,650.000,325.000,950.000,325.000,675.000,275.000,275.000,325.000,300.000,-1,275.000,250.000,-1,500.000,525.000,625.000,650.000,0,0,1,0,0,0,0,0,0,2,0,0,2,0,0,0,0
32,-1272.810,6217.673,-82.556,201.890,-0.927287,0.372817,-0.033848,-0.372665,-0.927901,-0.010940,-0.035486,0.002469,0.999367,0,0.11435,0.54776,6.861,1.096,675.000,325.000,950.000,325.000,675.000,275.000,275.000,325.000,300.000,-1,275.000,250.000,-1,525.000,525.000,625.000,650.000,0,0,1,0,0,0,0,0,0,2,0,0,2,0,0,0,0
33,-1283.526,6213.075,-82.738,203.225,-0.918399,0.394343,-0.032194,-0.394197,-0.918960,-0.011019,-0.033930,0.002571,0.999421,0,0.19435,0.66776,11.661,1.336,675.000,325.000,925.000,325.000,675.000,275.000,275.000,325.000,300.000,-1,275.000,250.000,-1,525.000,525.000,625.000,650.000,0,0,1,0,0,0,0,0,0,2,0,0,2,0,0,0,0
34,-1298.473,6206.180,-83.023,204.762,-0.907564,0.418856,-0.029804,-0.418720,-0.908049,-0.010950,-0.031650,0.002542,0.999496,0,0.27435,0.76869,16.461,1.537,675.000,325.000,925.000,325.000,675.000,275.000,275.000,325.000,300.000,-1,275.000,250.000,-1,525.000,525.000,625.000,650.000,0,0,1,0,0,0,0,0,0,2,0,0,2,0,0,0,0
35,-1317.533,6196.758,-83.416,206.305,-0.896053,0.443147,-0.026654,-0.443025,-0.896446,-0.010631,-0.028605,0.002283,0.999588,0,0.35435,0.77122,21.261,1.542,700.000,325.000,925.000,325.000,675.000,275.000,275.000,325.000,325.000,-1,250.000,225.000,-1,525.000,525.000,650.000,650.000,0,0,1,0,0,0,0,0,0,2,0,0,2,0,0,0,0
36,-1340.574,6184.582,-83.903,207.854,-0.883845,0.467227,-0.022756,-0.467124,-0.884136,-0.009978,-0.024782,0.001811,0.999691,0,0.43435,0.77479,26.061,1.550,725.000,325.000,925.000,325.000,675.000,275.000,275.000,325.000,325.000,-1,250.000,225.000,-1,525.000,525.000,650.000,650.000,0,0,1,0,0,0,0,0,0,2,0,0,2,0,0,0,1
37,-1367.457,6169.426,-84.354,209.413,-0.870923,0.491104,-0.017619,-0.491020,-0.871101,-0.009113,-0.019823,0.000714,0.999803,0,0.51435,0.77935,30.861,1.559,725.000,325.000,925.000,325.000,700.000,275.000,275.000,325.000,325.000,-1,250.000,225.000,-1,525.000,525.000,675.000,650.000,0,0,1,0,0,0,0,0,0,2,0,0,2,0,0,0,1
38,-1398.029,6151.068,-84.570,210.983,-0.857257,0.514780,-0.010552,-0.514718,-0.857321,-0.008169,-0.013251,-0.001571,0.999911,0,0.59435,0.78482,35.661,1.570,775.000,325.000,925.000,325.000,725.000,275.000,275.000,300.000,325.000,-1,225.000,225.000,-1,550.000,525.000,725.000,650.000,0,0,1,0,1,0,0,0,0,2,0,0,2,0,0,0,1
39,-1432.132,6129.295,-84.401,212.556,-0.842854,0.538121,-0.004732,-0.538094,-0.842864,-0.005874,-0.007150,-0.002405,0.999972,0,0.67435,0.78655,40.461,1.573,825.000,325.000,925.000,325.000,700.000,275.000,275.000,300.000,325.000,-1,225.000,225.000,-1,550.000,550.000,750.000,625.000,0,0,1,0,1,0,0,0,0,2,0,0,2,0,0,0,1
40,-1469.601,6103.906,-84.178,214.122,-0.827846,0.560954,0.001444,-0.560956,-0.827841,-0.002840,-0.000397,-0.003161,0.999995,0,0.75435,0.78305,45.261,1.566,875.000,350.000,925.000,325.000,650.000,275.000,275.000,300.000,325.000,-1,250.000,200.000,-1,550.000,550.000,825.000,600.000,0,0,1,0,1,0,0,0,0,2,0,0,2,0,1,0,1
41,-1510.265,6074.707,-83.876,215.680,-0.812253,0.583252,0.007869,-0.583263,-0.812283,0.001007,0.006979,-0.003772,0.999969,0,0.83435,0.77893,50.061,1.558,950.000,350.000,925.000,325.000,625.000,275.000,275.000,300.000,325.000,-1,225.000,200.000,-1,575.000,550.000,900.000,575.000,0,0,1,0,1,0,0,0,0,2,0,0,2,0,1,0,1
42,-1553.948,6041.517,-83.344,217.228,-0.796106,0.604985,0.014430,-0.604963,-0.796228,0.006355,0.015334,-0.003670,0.999876,0,0.91435,0.77409,54.861,1.548,1000.000,350.000,925.000,350.000,575.000,300.000,275.000,300.000,300.000,-1,200.000,200.000,-1,600.000,525.000,-1,550.000,0,0,1,0,1,0,0,0,0,2,0,0,2,0,1,2,1
43,-1600.335,6003.997,-82.400,218.967,-0.777225,0.628875,0.020928,-0.628719,-0.777503,0.014156,0.025174,-0.002156,0.999681,0,0.99435,0.86961,59.661,1.739,-1,350.000,925.000,350.000,525.000,300.000,300.000,325.000,300.000,1000.000,200.000,175.000,-1,625.000,500.000,-1,525.000,2,0,1,0,1,0,0,0,0,0,0,0,2,0,1,2,1
44,-1645.829,5964.877,-81.323,220.692,-0.757753,0.651997,0.026655,-0.651604,-0.758222,0.022629,0.034964,-0.000221,0.999389,0,1.00000,0.86253,60.000,1.725,-1,375.000,925.000,350.000,475.000,300.000,300.000,325.000,300.000,950.000,200.000,175.000,1000.000,650.000,500.000,-1,475.000,2,0,1,0,1,0,0,0,0,0,0,0,0,0,1,2,1
45,-1690.136,5924.417,-80.157,222.401,-0.737766,0.674320,0.031537,-0.673590,-0.738437,0.031438,0.044487,0.001951,0.999008,0,1.00000,0.85456,60.000,1.709,-1,375.000,950.000,350.000,425.000,300.000,300.000,325.000,300.000,925.000,150.000,175.000,975.000,700.000,475.000,-1,450.000,2,0,1,0,1,0,0,0,0,0,0,0,0,0,1,2,1
46,-1733.229,5882.667,-78.035,224.093,-0.717311,0.695823,0.035985,-0.694889,-0.718213,0.036055,0.050933,0.000857,0.998702,0,1.00000,0.84571,60.000,1.691,-1,375.000,950.000,350.000,400.000,300.000,300.000,325.000,300.000,900.000,175.000,200.000,1000.000,725.000,450.000,-1,400.000,2,0,1,1,1,0,0,0,0,0,0,0,0,0,1,2,1
47,-1775.086,5839.678,-75.320,225.765,-0.696451,0.716479,0.040163,-0.715465,-0.697605,0.038163,0.055360,-0.002156,0.998464,0,1.00000,0.83591,60.000,1.672,-1,400.000,950.000,350.000,350.000,325.000,300.000,325.000,275.000,900.000,175.000,225.000,-1,750.000,450.000,-1,375.000,2,0,1,1,1,0,0,0,0,0,0,0,2,0,1,2,1
48,-1815.687,5795.501,-72.064,227.415,-0.675254,0.736257,0.044254,-0.735307,-0.676667,0.038002,0.057925,-0.006879,0.998297,0,1.00000,0.82514,60.000,1.650,-1,400.000,-1,325.000,300.000,325.000,300.000,300.000,300.000,900.000,225.000,275.000,-1,750.000,425.000,-1,325.000,2,0,2,1,1,0,0,0,0,0,0,0,2,0,1,2,1
49,-1855.018,5750.190,-68.683,229.042,-0.653803,0.755135,0.048103,-0.754295,-0.655464,0.037492,0.059841,-0.011771,0.998139,0,1.00000,0.81336,60.000,1.627,-1,400.000,-1,300.000,250.000,325.000,300.000,300.000,300.000,900.000,275.000,325.000,-1,750.000,400.000,-1,275.000,2,0,2,1,1,0,1,0,0,0,0,0,2,0,1,2,1
50,-1893.068,5703.797,-65.306,230.643,-0.632176,0.773104,0.051613,-0.772381,-0.634069,0.037201,0.061487,-0.016347,0.997974,0,1.00000,0.80054,60.000,1.601,-1,400.000,-1,300.000,225.000,325.000,300.000,300.000,300.000,925.000,300.000,375.000,-1,750.000,400.000,-1,250.000,2,0,2,1,1,0,1,0,1,0,0,0,2,0,1,2,1
51,-1929.828,5656.376,-59.471,232.216,-0.609523,0.789977,0.066465,-0.789660,-0.612413,0.037243,0.070125,-0.029784,0.997093,0,1.00000,0.78668,60.000,1.573,-1,400.000,-1,300.000,225.000,325.000,300.000,300.000,300.000,850.000,300.000,425.000,-1,775.000,400.000,-1,250.000,2,0,2,1,1,0,1,0,1,0,0,0,2,1,1,2,1
52,-1965.297,5607.979,-53.130,233.760,-0.586387,0.805735,0.083313,-0.806076,-0.590580,0.038157,0.079948,-0.044782,0.995793,0,1.00000,0.77177,60.000,1.544,-1,425.000,-1,300.000,225.000,350.000,300.000,275.000,300.000,775.000,300.000,450.000,-1,825.000,400.000,-1,250.000,2,0,2,1,1,0,1,0,1,0,0,0,2,1,1,2,1
53,-1999.475,5558.663,-46.965,235.271,-0.563119,0.820438,0.098884,-0.821575,-0.568705,0.039866,0.088944,-0.058791,0.994300,0,1.00000,0.75586,60.000,1.512,-1,450.000,-1,300.000,225.000,375.000,300.000,275.000,275.000,725.000,275.000,450.000,-1,850.000,425.000,-1,275.000,2,0,2,1,1,1,1,0,1,0,0,0,2,1,1,2,1
54,-2032.369,5508.482,-40.972,236.749,-0.539846,0.834120,0.113181,-0.836141,-0.546886,0.042249,0.097138,-0.071827,0.992676,0,1.00000,0.73901,60.000,1.478,-1,450.000,-1,325.000,225.000,375.000,300.000,275.000,275.000,650.000,250.000,400.000,-1,900.000,450.000,-1,275.000,2,0,2,1,1,1,1,0,1,0,0,0,2,1,1,2,1
55,-2063.988,5457.488,-34.840,238.192,-0.516910,0.846910,0.124690,-0.849746,-0.525268,0.045015,0.103619,-0.082686,0.991174,0,1.00000,0.72136,60.000,1.443,-1,475.000,-1,325.000,225.000,375.000,300.000,275.000,250.000,600.000,200.000,325.000,-1,950.000,450.000,-1,300.000,2,0,2,1,1,1,1,0,1,0,0,0,2,0,1,2,1
56,-2094.346,5405.733,-28.739,239.598,-0.494325,0.858832,0.134350,-0.862418,-0.503909,0.048066,0.108981,-0.092106,0.989767,0,1.00000,0.70307,60.000,1.406,-1,500.000,-1,325.000,225.000,375.000,325.000,250.000,225.000,575.000,150.000,300.000,-1,1000.000,500.000,-1,300.000,2,0,2,1,1,1,1,0,1,0,0,0,2,0,1,2,1
57,-2123.455,5353.266,-22.835,240.972,-0.471978,0.869929,0.143039,-0.874238,-0.482768,0.051405,0.113773,-0.100788,0.988381,0,1.00000,0.68682,60.000,1.374,-1,500.000,-1,325.000,250.000,375.000,325.000,250.000,225.000,550.000,150.000,275.000,-1,-1,600.000,-1,300.000,2,0,2,1,1,1,1,0,1,0,0,0,2,2,1,2,1
58,-2151.302,5300.120,-16.955,242.340,-0.449465,0.880539,0.150439,-0.885365,-0.461505,0.056056,0.118788,-0.107998,0.987029,0,1.00000,0.68415,60.000,1.368,-1,525.000,-1,350.000,250.000,400.000,350.000,250.000,200.000,525.000,125.000,275.000,-1,-1,-1,-1,325.000,2,1,2,1,1,1,1,0,1,0,0,0,2,2,2,2,1
59,-2177.877,5246.325,-11.205,243.705,-0.426803,0.890661,0.156721,-0.895847,-0.440097,0.061429,0.123685,-0.114180,0.985731,0,1.00000,0.68236,60.000,1.365,-1,525.000,-1,375.000,250.000,400.000,375.000,250.000,200.000,500.000,100.000,250.000,-1,-1,-1,-1,-1,2,1,2,1,1,1,1,0,1,0,0,0,2,2,2,2,2
60,-2202.991,5191.833,-5.788,245.251,-0.401169,0.901614,0.161728,-0.907051,-0.415632,0.067141,0.127755,-0.119761,0.984549,0,1.00000,0.77300,60.000,1.546,-1,550.000,-1,450.000,250.000,425.000,400.000,250.000,200.000,475.000,100.000,250.000,-1,-1,-1,-1,-1,2,1,2,1,1,1,1,0,1,0,0,0,2,2,2,2,2
61,-2226.645,5136.696,2.153,246.760,-0.376180,0.910497,0.171707,-0.918346,-0.390994,0.061357,0.123002,-0.134605,0.983235,0,1.00000,0.75449,60.000,1.509,-1,550.000,-1,525.000,-1,450.000,425.000,250.000,200.000,475.000,175.000,350.000,-1,-1,-1,-1,-1,2,1,2,1,2,1,1,0,1,0,0,0,2,2,2,2,2
62,-2248.882,5080.974,8.437,248.228,-0.353300,0.919051,0.174713,-0.928688,-0.367065,0.052923,0.112770,-0.143556,0.983196,0,1.00000,0.73427,60.000,1.469,-1,525.000,-1,600.000,-1,425.000,425.000,250.000,200.000,525.000,300.000,500.000,-1,1000.000,-1,-1,-1,2,0,2,1,2,1,1,0,1,0,0,0,2,0,2,2,2
63,-8199.292,-8855.292,108.715,-172.655,-0.914628,0.123592,-0.384942,-0.210056,-0.958800,0.191257,-0.345445,0.255788,0.902907,1,0.00000,0.00000,60.000,1.425,75.000,350.000,-1,-1,-1,450.000,-1,125.000,50.000,-1,-1,0.000,0.000,-1,-1,125.000,-1,1,1,2,2,2,1,2,1,1,2,2,0,0,2,2,1,2
64,-4266.779,-987.465,88.609,-132.470,-0.676734,0.736204,-0.005983,-0.733878,-0.673903,0.085309,0.058773,0.062123,0.996337,1,0.08000,0.12000,4.800,0.240,-1,400.000,-1,425.000,-1,325.000,350.000,300.000,300.000,-1,-1,-1,-1,975.000,-1,-1,-1,2,0,2,0,2,0,0,0,0,2,2,2,2,0,2,2,2
65,-4273.201,-994.599,89.280,-131.990,-0.670538,0.741848,-0.006341,-0.739548,-0.667734,0.084857,0.058717,0.061589,0.996373,0,0.16000,0.24000,9.600,0.480,-1,400.000,-1,425.000,-1,325.000,350.000,300.000,300.000,-1,-1,-1,-1,950.000,-1,-1,-1,2,0,2,0,2,0,0,0,0,2,2,2,2,0,2,2,2
66,-4282.700,-1005.422,90.296,-131.270,-0.661156,0.750217,-0.006855,-0.747953,-0.658391,0.084189,0.058647,0.060790,0.996426,0,0.24000,0.36000,14.400,0.720,-1,400.000,-1,425.000,-1,325.000,350.000,300.000,300.000,-1,-1,-1,-1,950.000,-1,-1,-1,2,0,2,0,2,0,0,0,0,2,2,2,2,0,2,2,2
67,-4295.170,-1020.020,91.491,-130.504,-0.651075,0.758975,-0.007652,-0.756735,-0.648306,0.083968,0.058769,0.060461,0.996439,0,0.32000,0.38336,19.200,0.767,-1,400.000,-1,425.000,-1,325.000,325.000,300.000,300.000,-1,-1,-1,-1,975.000,-1,-1,-1,2,0,2,0,2,0,0,0,0,2,2,2,2,0,2,2,2
68,-4310.512,-1038.476,92.851,-129.738,-0.640926,0.767553,-0.008754,-0.765326,-0.638105,0.084252,0.059082,0.060699,0.996406,0,0.40000,0.38253,24.000,0.765,-1,400.000,-1,425.000,-1,325.000,325.000,300.000,300.000,-1,-1,-1,-1,975.000,-1,-1,-1,2,0,2,0,2,0,0,0,0,2,2,2,2,0,2,2,2
69,-4328.627,-1060.865,94.483,-128.975,-0.630699,0.775962,-0.010063,-0.773758,-0.627811,0.084567,0.059303,0.061123,0.996367,0,0.48000,0.38150,28.800,0.763,-1,400.000,-1,425.000,-1,325.000,325.000,300.000,300.000,-1,-1,-1,-1,975.000,-1,-1,-1,2,0,2,0,2,0,0,0,0,2,2,2,2,0,2,2,2
70,-4349.411,-1087.265,96.428,-128.215,-0.620411,0.784188,-0.011792,-0.782030,-0.617426,0.084930,0.059320,0.061913,0.996317,0,0.56000,0.38025,33.600,0.760,-1,400.000,-1,425.000,-1,325.000,325.000,300.000,300.000,-1,-1,-1,-1,1000.000,-1,-1,-1,2,0,2,0,2,0,0,0,0,2,2,2,2,0,2,2,2
71,-4372.764,-1117.747,98.658,-127.457,-0.610067,0.792230,-0.013800,-0.790131,-0.606965,0.085360,0.059248,0.062979,0.996255,0,0.64000,0.37875,38.400,0.757,-1,425.000,-1,425.000,-1,325.000,325.000,300.000,300.000,-1,-1,-1,-1,-1,-1,-1,-1,2,0,2,0,2,0,0,0,0,2,2,2,2,2,2,2,2
72,-4398.582,-1152.383,101.167,-126.703,-0.599679,0.800079,-0.016065,-0.798053,-0.596436,0.085881,0.059130,0.064321,0.996176,0,0.72000,0.37698,43.200,0.754,-1,425.000,-1,450.000,-1,325.000,325.000,300.000,325.000,-1,-1,-1,-1,-1,-1,-1,-1,2,0,2,0,2,0,0,0,0,2,2,2,2,2,2,2,2
73,-4426.154,-1190.400,103.891,-125.954,-0.589259,0.807732,-0.018532,-0.805786,-0.585854,0.086509,0.059019,0.065909,0.996079,0,0.78273,0.37490,46.964,0.750,-1,425.000,-1,450.000,-1,350.000,325.000,300.000,325.000,-1,-1,-1,-1,-1,-1,-1,-1,2,0,2,0,2,0,0,0,0,2,2,2,2,2,2,2,2
74,-4453.206,-1228.737,106.462,-125.209,-0.578772,0.815224,-0.020789,-0.813385,-0.575261,0.086481,0.058542,0.066962,0.996037,0,0.78202,0.37253,46.921,0.745,-1,450.000,-1,450.000,-1,350.000,325.000,300.000,325.000,-1,-1,-1,-1,-1,-1,-1,-1,2,0,2,0,2,0,0,0,0,2,2,2,2,2,2,2,2
75,-4477.711,-1264.121,108.427,-124.704,-0.571523,0.820283,-0.022291,-0.818621,-0.568066,0.084620,0.056749,0.066610,0.996164,0,0.71736,0.25253,43.041,0.505,-1,450.000,-1,475.000,-1,350.000,325.000,300.000,325.000,-1,-1,-1,-1,-1,-1,-1,-1,2,0,2,0,2,0,0,0,0,2,2,2,2,2,2,2,2
76,-4502.030,-1299.586,110.363,-124.438,-0.567679,0.822906,-0.023774,-0.821429,-0.564268,0.082805,0.054726,0.066536,0.996282,0,0.71670,0.13253,43.002,0.265,-1,450.000,-1,475.000,-1,350.000,325.000,300.000,325.000,-1,-1,-1,-1,-1,-1,-1,-1,2,0,2,0,2,0,0,0,0,2,2,2,2,2,2,2,2
77,-4526.188,-1335.101,112.275,-124.225,-0.564566,0.825002,-0.025252,-0.823702,-0.561194,0.081092,0.052730,0.066582,0.996387,0,0.71588,0.10680,42.953,0.214,-1,450.000,-1,475.000,-1,350.000,350.000,300.000,325.000,-1,-1,-1,-1,-1,-1,-1,-1,2,0,2,0,2,0,0,0,0,2,2,2,2,2,2,2,2
78,-4550.192,-1370.668,113.785,-124.017,-0.561551,0.826950,-0.028537,-0.825949,-0.558133,0.079342,0.049685,0.068125,0.996439,0,0.71517,0.10414,42.910,0.208,-1,450.000,-1,475.000,-1,350.000,350.000,300.000,325.000,-1,-1,-1,-1,-1,-1,-1,-1,2,0,2,0,2,0,0,0,0,2,2,2,2,2,2,2,2
79,-4574.052,-1406.293,115.220,-123.814,-0.558574,0.828814,-0.032594,-0.828197,-0.555134,0.076915,0.045654,0.069957,0.996505,0,0.71462,0.10134,42.877,0.203,-1,425.000,-1,475.000,-1,350.000,350.000,300.000,325.000,-1,-1,-1,-1,-1,-1,-1,-1,2,0,2,0,2,0,0,0,0,2,2,2,2,2,2,2,2
80,-4597.778,-1441.981,116.750,-123.617,-0.555627,0.830628,-0.036547,-0.830407,-0.552225,0.073966,0.041256,0.071446,0.996591,0,0.71425,0.09842,42.855,0.197,-1,425.000,-1,475.000,-1,325.000,350.000,300.000,325.000,-1,-1,-1,-1,-1,-1,-1,-1,2,0,2,0,2,0,0,0,0,2,2,2,2,2,2,2,2
81,-4621.377,-1477.737,118.260,-123.426,-0.552739,0.832367,-0.040559,-0.832541,-0.549394,0.071008,0.036822,0.073016,0.996651,0,0.71405,0.09537,42.843,0.191,-1,425.000,-1,475.000,-1,325.000,350.000,300.000,350.000,-1,-1,-1,-1,-1,-1,-1,-1,2,0,2,0,2,0,0,0,0,2,2,2,2,2,2,2,2
82,-4644.861,-1513.568,119.625,-123.242,-0.549909,0.833999,-0.045228,-0.834613,-0.546626,0.067985,0.031976,0.075133,0.996661,0,0.71402,0.09220,42.841,0.184,-1,425.000,-1,475.000,-1,325.000,350.000,325.000,325.000,-1,-1,-1,-1,-1,-1,-1,-1,2,0,2,0,2,0,0,0,0,2,2,2,2,2,2,2,2
83,-4668.236,-1549.480,120.658,-123.064,-0.547123,0.835501,-0.050938,-0.836634,-0.543911,0.064850,0.026476,0.078098,0.996594,0,0.71416,0.08892,42.850,0.178,-1,400.000,-1,450.000,-1,325.000,350.000,325.000,325.000,-1,-1,-1,-1,-1,-1,-1,-1,2,0,2,0,2,0,0,0,0,2,2,2,2,2,2,2,2
84,-4691.516,-1585.476,121.464,-122.893,-0.544416,0.836996,-0.055209,-0.838530,-0.541334,0.061853,0.021884,0.079968,0.996557,0,0.71447,0.08552,42.868,0.171,-1,400.000,-1,450.000,-1,325.000,350.000,325.000,325.000,-1,-1,-1,-1,-1,-1,-1,-1,2,0,2,0,2,0,0,0,0,2,2,2,2,2,2,2,2
85,-4714.708,-1621.562,122.298,-122.729,-0.541784,0.838419,-0.059365,-0.840338,-0.538856,0.058868,0.017367,0.081781,0.996499,0,0.71495,0.08200,42.897,0.164,-1,400.000,-1,450.000,-1,325.000,325.000,325.000,325.000,-1,-1,-1,-1,-1,-1,-1,-1,2,0,2,0,2,0,0,0,0,2,2,2,2,2,2,2,2
86,-4737.822,-1657.745,123.162,-122.572,-0.539231,0.839767,-0.063410,-0.842059,-0.536482,0.055897,0.012923,0.083536,0.996421,0,0.71559,0.07837,42.935,0.157,-1,400.000,-1,425.000,-1,325.000,325.000,325.000,325.000,-1,-1,-1,-1,-1,-1,-1,-1,2,0,2,0,2,0,0,0,0,2,2,2,2,2,2,2,2
87,-4760.867,-1694.028,124.054,-122.423,-0.536764,0.841040,-0.067345,-0.843689,-0.534215,0.052944,0.008551,0.085236,0.996324,0,0.71639,0.07464,42.984,0.149,-1,400.000,-1,425.000,-1,325.000,325.000,325.000,325.000,-1,-1,-1,-1,-1,1000.000,-1,-1,2,0,2,0,2,0,0,0,0,2,2,2,2,2,0,2,2
88,-4783.854,-1730.417,124.974,-122.281,-0.534387,0.842238,-0.071174,-0.845229,-0.532059,0.050009,0.004251,0.086882,0.996210,0,0.71736,0.07080,43.042,0.142,-1,400.000,-1,425.000,-1,325.000,325.000,350.000,325.000,-1,-1,-1,-1,-1,975.000,-1,-1,2,0,2,0,2,0,0,0,0,2,2,2,2,2,0,2,2
89,-4806.792,-1766.917,125.922,-122.148,-0.532106,0.843359,-0.074899,-0.846678,-0.530018,0.047094,0.000020,0.088475,0.996078,0,0.71849,0.06685,43.109,0.134,-1,425.000,-1,425.000,-1,325.000,325.000,350.000,325.000,-1,-1,-1,-1,1000.000,950.000,-1,-1,2,0,2,0,2,0,0,0,0,2,2,2,2,1,0,2,2
90,-4829.692,-1803.532,126.369,-122.022,-0.530062,0.844561,-0.075835,-0.847955,-0.528194,0.044526,-0.002450,0.087906,0.996126,0,0.71978,0.06280,43.187,0.126,-1,425.000,-1,425.000,-1,325.000,325.000,350.000,350.000,-1,-1,-1,-1,975.000,950.000,-1,-1,2,0,2,0,2,0,0,0,0,2,2,2,2,1,0,2,2
91,-4852.564,-1840.267,126.845,-121.905,-0.528142,0.845687,-0.076681,-0.849142,-0.526492,0.041995,-0.004857,0.087292,0.996171,0,0.72122,0.05865,43.273,0.117,-1,425.000,-1,425.000,-1,325.000,325.000,350.000,350.000,-1,-1,-1,-1,925.000,950.000,-1,-1,2,0,2,0,2,0,0,0,0,2,2,2,2,1,0,2,2
92,-4877.397,-1880.198,127.331,-121.876,-0.527507,0.846012,-0.077462,-0.849516,-0.526111,0.039108,-0.007668,0.086435,0.996228,0,0.78371,0.01425,47.023,0.029,-1,450.000,-1,425.000,-1,350.000,325.000,350.000,350.000,-1,-1,-1,-1,900.000,950.000,-1,-1,2,0,2,0,2,0,0,0,0,2,2,2,2,1,0,2,2
93,-4902.398,-1920.445,126.665,-121.845,-0.526811,0.846402,-0.077930,-0.849913,-0.525721,0.035573,-0.010861,0.084974,0.996324,0,0.78968,0.01545,47.381,0.031,-1,450.000,-1,425.000,-1,350.000,350.000,325.000,350.000,-1,-1,-1,-1,850.000,925.000,-1,-1,2,0,2,0,2,0,0,0,0,2,2,2,2,1,0,2,2
94,-4927.566,-1961.014,125.911,-121.812,-0.526102,0.846794,-0.078460,-0.850311,-0.525280,0.032444,-0.013740,0.083784,0.996389,0,0.79568,0.01671,47.741,0.033,-1,450.000,-1,425.000,-1,350.000,350.000,325.000,350.000,-1,-1,-1,-1,825.000,925.000,-1,-1,2,0,2,0,2,0,0,0,0,2,2,2,2,1,0,2,2
95,-4952.898,-2001.906,125.143,-121.776,-0.525362,0.847209,-0.078938,-0.850718,-0.524799,0.029403,-0.016516,0.082601,0.996446,0,0.80172,0.01804,48.103,0.036,-1,450.000,-1,425.000,-1,350.000,350.000,325.000,375.000,-1,-1,-1,-1,775.000,900.000,-1,-1,2,0,2,0,2,0,0,0,0,2,2,2,2,1,0,2,2
96,-4978.394,-2043.125,124.331,-121.737,-0.524594,0.847642,-0.079396,-0.851138,-0.524271,0.026545,-0.019124,0.081502,0.996490,0,0.80778,0.01945,48.467,0.039,-1,450.000,-1,450.000,-1,350.000,350.000,325.000,375.000,-1,-1,-1,-1,750.000,900.000,1000.000,-1,2,0,2,0,2,0,0,0,0,2,2,2,2,1,0,1,2
97,-5004.052,-2084.673,122.675,-121.695,-0.523788,0.848106,-0.079762,-0.851573,-0.523701,0.023684,-0.021685,0.080329,0.996533,0,0.81387,0.02093,48.832,0.042,-1,450.000,975.000,425.000,-1,350.000,350.000,325.000,375.000,-1,-1,-1,-1,700.000,875.000,925.000,-1,2,0,1,0,2,0,0,0,0,2,2,2,2,1,0,1,2
98,-5029.869,-2126.553,121.086,-121.650,-0.522941,0.848603,-0.080037,-0.852025,-0.523088,0.020807,-0.024210,0.079075,0.996575,0,0.81998,0.02251,49.199,0.045,-1,450.000,925.000,425.000,-1,350.000,350.000,325.000,375.000,-1,-1,-1,-1,675.000,850.000,850.000,-1,2,0,1,0,2,0,0,0,0,2,2,2,2,1,0,1,2
99,-5055.844,-2168.770,119.151,-121.602,-0.521916,0.849031,-0.082161,-0.852540,-0.522363,0.017670,-0.027916,0.079268,0.996462,0,0.82611,0.02418,49.567,0.048,-1,450.000,875.000,425.000,-1,350.000,350.000,325.000,350.000,-1,-1,-1,-1,625.000,825.000,775.000,-1,2,0,1,0,2,0,0,0,0,2,2,2,2,1,0,1,2
100,-5081.972,-2211.325,116.870,-121.550,-0.520688,0.849391,-0.086134,-0.853117,-0.521525,0.014266,-0.032804,0.080911,0.996181,0,0.83226,0.02595,49.936,0.052,-1,450.000,800.000,425.000,-1,350.000,350.000,325.000,350.000,-1,-1,-1,-1,600.000,800.000,700.000,-1,2,0,1,0,2,0,0,0,0,2,2,2,2,1,0,1,2
101,-5108.252,-2254.221,114.654,-121.494,-0.519380,0.849787,-0.090035,-0.853713,-0.520632,0.010833,-0.037669,0.082490,0.995880,0,0.83843,0.02784,50.306,0.056,-1,425.000,750.000,400.000,-1,350.000,325.000,350.000,350.000,-1,-1,-1,-1,550.000,750.000,625.000,975.000,2,1,1,0,2,0,0,0,0,2,2,2,2,1,1,1,1
102,-5134.681,-2297.460,112.504,-121.434,-0.517991,0.850221,-0.093860,-0.854329,-0.519680,0.007371,-0.042510,0.084005,0.995558,0,0.84461,0.02986,50.676,0.060,825.000,400.000,700.000,400.000,-1,325.000,325.000,350.000,325.000,-1,-1,-1,-1,500.000,700.000,575.000,900.000,1,1,1,0,2,0,0,0,0,2,2,2,2,1,1,1,1
103,-5161.254,-2341.046,110.423,-121.370,-0.516516,0.850696,-0.097606,-0.854969,-0.518665,0.003877,-0.047327,0.085452,0.995218,0,0.85079,0.03202,51.047,0.064,675.000,375.000,625.000,400.000,-1,325.000,325.000,350.000,325.000,-1,0.000,-1,-1,450.000,650.000,500.000,825.000,1,1,1,0,2,0,0,0,0,2,0,2,2,1,1,1,1
104,-5190.473,-2388.641,108.243,-121.546,-0.518525,0.849006,-0.101585,-0.853423,-0.521218,0.000041,-0.052913,0.086716,0.994827,0,0.93079,-0.08798,55.847,-0.176,550.000,350.000,575.000,375.000,-1,325.000,325.000,350.000,300.000,-1,-1,-1,-1,425.000,575.000,425.000,750.000,1,1,1,0,2,1,0,0,0,2,2,2,2,1,1,1,1
105,-5221.654,-2438.611,105.953,-121.962,-0.524226,0.845238,-0.103729,-0.849614,-0.527392,-0.003683,-0.057819,0.086199,0.994599,0,0.98166,-0.20798,58.900,-0.416,425.000,300.000,500.000,375.000,925.000,300.000,325.000,350.000,300.000,-1,-1,-1,-1,375.000,525.000,375.000,675.000,1,1,1,0,1,1,0,0,0,2,2,2,2,1,1,1,1
106,-5253.480,-2488.645,103.100,-122.456,-0.531431,0.840921,-0.102141,-0.844943,-0.534812,-0.006914,-0.060441,0.082629,0.994746,0,0.98829,-0.24666,59.297,-0.493,350.000,275.000,450.000,375.000,850.000,275.000,300.000,350.000,300.000,-1,-1,-1,-1,325.000,475.000,300.000,625.000,1,1,1,0,1,1,1,0,0,2,2,2,2,1,1,1,1
107,-5285.933,-2538.732,100.829,-122.939,-0.538552,0.836492,-0.101208,-0.840372,-0.541958,-0.007499,-0.061123,0.081014,0.994837,0,0.99469,-0.24162,59.682,-0.483,250.000,225.000,400.000,350.000,775.000,225.000,275.000,350.000,300.000,-1,-1,-1,-1,275.000,425.000,250.000,575.000,1,1,1,1,1,1,1,0,0,2,2,2,2,1,1,1,1
108,-5318.957,-2588.825,102.586,-123.411,-0.546102,0.830942,-0.106345,-0.836310,-0.548132,0.011705,-0.048564,0.095330,0.994260,0,1.00000,-0.23598,60.000,-0.472,250.000,225.000,350.000,325.000,725.000,200.000,250.000,400.000,300.000,-1,-1,-1,-1,250.000,375.000,225.000,525.000,1,1,1,1,1,1,1,0,0,2,2,2,2,1,1,1,1
109,-5352.376,-2638.654,104.767,-123.870,-0.554106,0.825177,-0.109772,-0.831847,-0.553874,0.035414,-0.031577,0.110937,0.993326,0,1.00000,-0.22967,60.000,-0.459,225.000,200.000,325.000,275.000,650.000,200.000,225.000,450.000,275.000,-1,-1,-1,-1,225.000,350.000,200.000,475.000,1,1,1,1,1,1,1,0,0,2,2,2,2,1,1,1,1
110,-5386.172,-2688.230,107.865,-124.316,-0.562440,0.818950,-0.113937,-0.826755,-0.558975,0.063434,-0.011739,0.129876,0.991461,0,1.00000,-0.22263,60.000,-0.445,200.000,175.000,300.000,250.000,600.000,175.000,225.000,525.000,275.000,-1,175.000,75.000,-1,200.000,325.000,175.000,425.000,1,1,1,1,1,1,1,0,0,2,0,0,2,1,1,1,1
111,-5420.324,-2737.563,111.154,-124.745,-0.571550,0.811758,-0.119914,-0.820465,-0.563032,0.099159,0.012978,0.155059,0.987820,0,1.00000,-0.21477,60.000,-0.430,175.000,150.000,275.000,225.000,525.000,150.000,200.000,650.000,250.000,-1,150.000,50.000,-1,200.000,300.000,150.000,375.000,1,1,1,1,1,1,1,0,0,2,0,0,2,1,1,1,1
112,-8199.005,-8199.150,61.517,11.624,0.918845,-0.201187,-0.339482,0.207996,0.977988,-0.016620,0.335354,-0.055340,0.940466,1,0.00000,0.00000,60.000,-0.412,-1,-1,-1,-1,-1,-1,-1,100.000,0.000,375.000,-1,-1,875.000,-1,-1,-1,-1,2,2,2,2,2,2,2,1,0,1,2,2,1,2,2,2,2
113,327.923,-1639.790,17.369,46.580,0.687860,-0.722982,0.064380,0.725802,0.684167,-0.071603,0.007721,0.095980,0.995353,1,0.00000,0.00000,4.800,-0.240,-1,350.000,-1,400.000,925.000,300.000,325.000,300.000,275.000,-1,425.000,275.000,-1,700.000,625.000,-1,775.000,2,0,2,0,1,0,0,0,0,2,0,0,2,0,1,2,1
114,331.237,-1636.317,17.336,46.340,0.690890,-0.720110,0.064129,0.722920,0.687190,-0.071817,0.007647,0.095977,0.995354,0,0.08000,-0.12000,4.800,-0.240,-1,375.000,-1,400.000,925.000,300.000,325.000,300.000,275.000,-1,425.000,275.000,-1,700.000,625.000,-1,775.000,2,0,2,0,1,0,0,0,0,2,0,0,2,0,1,2,1
115,337.923,-1629.427,17.262,45.860,0.696912,-0.714329,0.063628,0.717118,0.693199,-0.072230,0.007490,0.095967,0.995356,0,0.16000,-0.24000,9.600,-0.480,-1,375.000,-1,400.000,950.000,300.000,325.000,300.000,275.000,-1,425.000,275.000,-1,700.000,625.000,-1,775.000,2,0,2,0,1,0,0,0,0,2,0,0,2,0,1,2,1
116,348.081,-1619.219,17.132,45.140,0.705851,-0.705564,0.062881,0.708323,0.702122,-0.072817,0.007227,0.095938,0.995361,0,0.24000,-0.36000,14.400,-0.720,-1,375.000,-1,400.000,950.000,300.000,325.000,300.000,275.000,-1,425.000,275.000,-1,700.000,600.000,-1,775.000,2,0,2,0,1,0,0,0,0,2,0,0,2,0,1,2,1
117,361.846,-1605.833,17.000,44.201,0.717336,-0.693941,0.062249,0.696696,0.713583,-0.073582,0.006641,0.096152,0.995345,0,0.32000,-0.46977,19.200,-0.940,-1,375.000,-1,400.000,950.000,300.000,325.000,300.000,275.000,-1,425.000,275.000,-1,700.000,600.000,-1,775.000,2,0,2,1,1,0,0,0,0,2,0,0,2,0,1,2,1
118,379.323,-1589.383,17.123,43.262,0.728576,-0.682067,0.062939,0.684944,0.724757,-0.074694,0.005331,0.097530,0.995218,0,0.40000,-0.46931,24.000,-0.939,-1,375.000,-1,400.000,950.000,300.000,325.000,300.000,275.000,-1,450.000,300.000,-1,725.000,600.000,-1,750.000,2,0,2,1,1,0,0,0,0,2,0,0,2,0,1,2,1
119,400.616,-1569.990,17.242,42.324,0.739618,-0.670004,0.063717,0.673015,0.735712,-0.076013,0.004052,0.099103,0.995069,0,0.48000,-0.46908,28.800,-0.938,-1,375.000,-1,400.000,925.000,300.000,325.000,300.000,275.000,-1,500.000,325.000,-1,725.000,575.000,-1,725.000,2,0,2,1,1,0,0,0,0,2,0,0,2,0,1,2,1
120,425.825,-1547.774,17.329,41.386,0.750462,-0.657748,0.064611,0.660907,0.746446,-0.077590,0.002806,0.100930,0.994890,0,0.56000,-0.46906,33.600,-0.938,-1,375.000,-1,375.000,900.000,300.000,325.000,300.000,275.000,-1,550.000,375.000,-1,750.000,550.000,-1,700.000,2,0,2,1,1,0,0,0,0,2,0,0,2,0,1,2,1
121,455.047,-1522.860,17.369,40.447,0.761109,-0.645293,0.065650,0.648622,0.756955,-0.079422,0.001557,0.103031,0.994677,0,0.64000,-0.46925,38.400,-0.939,-1,375.000,-1,375.000,850.000,325.000,325.000,300.000,300.000,-1,600.000,400.000,-1,725.000,550.000,-1,675.000,2,0,2,1,1,0,0,0,0,2,0,0,2,1,1,2,1
122,488.376,-1495.374,17.344,39.508,0.771556,-0.632637,0.066866,0.636161,0.767237,-0.081530,0.000276,0.105442,0.994425,0,0.72000,-0.46965,43.200,-0.939,-1,375.000,975.000,350.000,800.000,325.000,325.000,300.000,300.000,-1,650.000,450.000,-1,675.000,525.000,-1,625.000,2,0,1,1,1,0,1,0,0,2,0,0,2,1,1,2,1
123,526.026,-1465.597,17.197,38.336,0.784277,-0.616632,0.068372,0.620409,0.779774,-0.083932,-0.001560,0.108244,0.994123,0,0.80000,-0.58574,48.000,-1.171,-1,375.000,925.000,350.000,750.000,325.000,300.000,275.000,300.000,-1,725.000,500.000,-1,650.000,500.000,-1,575.000,2,0,1,1,1,0,1,0,0,2,0,0,2,1,1,2,1
124,568.101,-1433.696,16.925,37.164,0.796664,-0.600341,0.070120,0.604412,0.791945,-0.086658,-0.003507,0.111419,0.993767,0,0.88000,-0.58602,52.800,-1.172,-1,400.000,850.000,325.000,675.000,300.000,275.000,275.000,300.000,-1,800.000,575.000,-1,600.000,475.000,925.000,525.000,2,1,1,1,1,1,1,0,0,2,0,0,2,1,1,1,1
125,614.707,-1399.846,17.425,35.991,0.808912,-0.583991,0.067946,0.587923,0.804049,-0.088608,-0.002886,0.111623,0.993746,0,0.96000,-0.58647,57.600,-1.173,-1,375.000,800.000,300.000,650.000,300.000,275.000,275.000,300.000,-1,825.000,600.000,-1,550.000,450.000,850.000,500.000,2,1,1,1,1,1,1,0,0,2,0,0,2,1,1,1,1
126,663.968,-1365.589,18.101,34.817,0.820880,-0.567510,0.063942,0.571099,0.816017,-0.089231,-0.001538,0.109766,0.993956,0,1.00000,-0.58709,60.000,-1.174,-1,350.000,750.000,300.000,625.000,275.000,250.000,275.000,300.000,-1,825.000,625.000,-1,525.000,425.000,775.000,450.000,2,1,1,1,1,1,1,0,0,2,0,0,2,1,1,1,1
127,713.922,-1332.351,18.852,33.642,0.832532,-0.550808,0.059166,0.553976,0.827726,-0.089327,0.000229,0.107145,0.994243,0,1.00000,-0.58776,60.000,-1.176,-1,325.000,700.000,275.000,600.000,250.000,250.000,300.000,325.000,-1,825.000,625.000,-1,475.000,400.000,675.000,425.000,2,1,1,1,1,1,1,0,0,2,0,0,2,1,1,1,1
128,764.549,-1300.147,19.495,32.465,0.843894,-0.533923,0.052625,0.536500,0.839223,-0.088723,0.003207,0.103107,0.994665,0,1.00000,-0.58836,60.000,-1.177,-1,300.000,650.000,275.000,600.000,250.000,225.000,300.000,325.000,-1,775.000,600.000,-1,450.000,375.000,600.000,400.000,2,1,1,1,1,1,1,0,0,2,0,0,2,1,1,1,1
129,815.828,-1268.992,19.886,31.287,0.854944,-0.516871,0.043756,0.518661,0.850533,-0.087087,0.007797,0.097149,0.995239,0,1.00000,-0.58889,60.000,-1.178,-1,275.000,625.000,250.000,650.000,225.000,225.000,300.000,350.000,-1,675.000,525.000,-1,400.000,350.000,525.000,400.000,2,1,1,1,1,1,1,0,0,2,0,0,2,1,1,1,1
130,867.734,-1238.893,22.747,30.108,0.865765,-0.499359,0.033029,0.500164,0.861150,-0.090867,0.016933,0.095189,0.995315,0,1.00000,-0.58938,60.000,-1.179,-1,275.000,-1,250.000,825.000,225.000,200.000,300.000,375.000,-1,375.000,450.000,-1,400.000,350.000,475.000,400.000,2,1,2,1,1,1,1,0,0,2,0,0,2,1,1,1,1
