timestep,x_cm,y_cm,z_cm,yaw_deg,basis_xx,basis_xy,basis_xz,basis_yx,basis_yy,basis_yz,basis_zx,basis_zy,basis_zz,teleport_flag,throttle_cmd,steering_cmd,cmd_move_cm,cmd_turn_deg,lidar_cm_0,lidar_cm_1,lidar_cm_2,lidar_cm_3,lidar_cm_4,lidar_cm_5,lidar_cm_6,lidar_cm_7,lidar_cm_8,lidar_cm_9,lidar_cm_10,lidar_cm_11,lidar_cm_12,lidar_cm_13,lidar_cm_14,lidar_cm_15,lidar_cm_16,lidar_class_0,lidar_class_1,lidar_class_2,lidar_class_3,lidar_class_4,lidar_class_5,lidar_class_6,lidar_class_7,lidar_class_8,lidar_class_9,lidar_class_10,lidar_class_11,lidar_class_12,lidar_class_13,lidar_class_14,lidar_class_15,lidar_class_16
0,-2295.756,-327.965,239.207,-47.194,0.677622,0.733510,-0.052834,-0.733254,0.679387,0.027787,0.056276,0.019912,0.998217,1,0.00000,0.00000,4.800,-0.202,-1,400.000,-1,400.000,-1,325.000,325.000,300.000,300.000,-1,-1,-1,-1,800.000,800.000,-1,-1,2,0,2,0,2,0,0,0,0,2,2,2,2,0,0,2,2
1,-2299.033,-324.458,238.953,-46.954,0.680686,0.730661,-0.052931,-0.730395,0.682457,0.027858,0.056478,0.019697,0.998210,0,-0.08000,0.12000,-4.800,0.240,-1,400.000,-1,400.000,-1,325.000,325.000,300.000,300.000,-1,-1,-1,-1,800.000,800.000,-1,-1,2,0,2,0,2,0,0,0,0,2,2,2,2,0,0,2,2
2,-2305.644,-317.497,238.442,-46.474,0.686777,0.724924,-0.053124,-0.724639,0.688560,0.027998,0.056875,0.019267,0.998195,0,-0.16000,0.24000,-9.600,0.480,-1,400.000,-1,400.000,-1,325.000,325.000,300.000,300.000,-1,-1,-1,-1,800.000,800.000,-1,-1,2,0,2,0,2,0,0,0,0,2,2,2,2,0,0,2,2
3,-2315.683,-307.174,237.671,-45.801,0.695232,0.716798,-0.053409,-0.716486,0.697031,0.028199,0.057441,0.018662,0.998174,0,-0.24000,0.33635,-14.400,0.673,-1,400.000,-1,400.000,-1,325.000,325.000,300.000,300.000,-1,-1,-1,-1,800.000,825.000,-1,-1,2,0,2,0,2,0,0,0,0,2,2,2,2,0,0,2,2
4,-2329.230,-293.568,236.634,-45.125,0.703627,0.708532,-0.053770,-0.708190,0.705447,0.028466,0.058101,0.018050,0.998148,0,-0.32000,0.33800,-19.200,0.676,-1,400.000,-1,400.000,-1,325.000,325.000,300.000,300.000,-1,-1,-1,-1,800.000,825.000,-1,-1,2,0,2,0,2,0,0,0,0,2,2,2,2,0,0,2,2
5,-2346.364,-276.763,235.245,-44.445,0.712000,0.700118,-0.053766,-0.699732,0.713823,0.028844,0.058574,0.017085,0.998137,0,-0.40000,0.34017,-24.000,0.680,-1,400.000,-1,400.000,-1,325.000,325.000,300.000,300.000,-1,-1,-1,-1,800.000,825.000,-1,-1,2,0,2,0,2,0,0,0,0,2,2,2,2,0,0,2,2
6,-2366.298,-257.675,233.608,-43.759,0.720347,0.691538,-0.053623,-0.691104,0.722163,0.029255,0.058955,0.015985,0.998133,0,-0.45998,0.34283,-27.599,0.686,-1,400.000,-1,400.000,-1,325.000,325.000,300.000,300.000,-1,-1,-1,-1,800.000,825.000,-1,-1,2,0,2,0,2,0,0,0,0,2,2,2,2,0,0,2,2
7,-2386.504,-238.789,231.952,-43.067,0.728661,0.682782,-0.053498,-0.682304,0.730469,0.029590,0.059282,0.014940,0.998129,0,-0.46097,0.34581,-27.658,0.692,-1,400.000,-1,400.000,-1,325.000,325.000,300.000,300.000,-1,-1,-1,-1,800.000,825.000,-1,-1,2,0,2,0,2,0,0,0,0,2,2,2,2,0,0,2,2
8,-2406.975,-220.116,230.292,-42.370,0.736937,0.673850,-0.053384,-0.673329,0.738737,0.029910,0.059592,0.013904,0.998126,0,-0.46180,0.34872,-27.708,0.697,-1,400.000,-1,400.000,-1,325.000,325.000,300.000,300.000,-1,-1,-1,-1,800.000,825.000,-1,-1,2,0,2,0,2,0,0,0,0,2,2,2,2,0,0,2,2
9,-2427.705,-201.668,228.628,-41.667,0.745169,0.664743,-0.053283,-0.664181,0.746961,0.030213,0.059884,0.012875,0.998122,0,-0.46249,0.35155,-27.749,0.703,-1,400.000,-1,400.000,-1,325.000,325.000,300.000,300.000,-1,-1,-1,-1,800.000,825.000,-1,-1,2,0,2,0,2,0,0,0,0,2,2,2,2,0,0,2,2
10,-2448.685,-183.458,226.961,-40.958,0.753352,0.655463,-0.053192,-0.654860,0.755135,0.030500,0.060159,0.011856,0.998118,0,-0.46302,0.35431,-27.781,0.709,-1,400.000,-1,400.000,-1,325.000,325.000,300.000,300.000,-1,-1,-1,-1,775.000,825.000,-1,-1,2,0,2,0,2,0,0,0,0,2,2,2,2,0,0,2,2
11,-2469.907,-165.496,225.292,-40.244,0.761479,0.646010,-0.053112,-0.645368,0.763252,0.030770,0.060415,0.010846,0.998114,0,-0.46339,0.35698,-27.803,0.714,-1,400.000,-1,400.000,-1,325.000,325.000,300.000,300.000,-1,-1,-1,-1,775.000,825.000,-1,-1,2,0,2,0,2,0,0,0,0,2,2,2,2,0,0,2,2
12,-2491.362,-147.794,223.621,-39.525,0.769545,0.636386,-0.053042,-0.635706,0.771308,0.031023,0.060654,0.009846,0.998110,0,-0.46359,0.35956,-27.816,0.719,-1,400.000,-1,400.000,-1,325.000,325.000,300.000,300.000,-1,-1,-1,-1,775.000,825.000,-1,-1,2,0,2,0,2,0,0,0,0,2,2,2,2,0,0,2,2
13,-2513.042,-130.362,221.949,-38.801,0.777543,0.626593,-0.052982,-0.625876,0.779296,0.031258,0.060875,0.008856,0.998106,0,-0.46364,0.36205,-27.818,0.724,-1,400.000,-1,400.000,-1,325.000,325.000,300.000,300.000,-1,-1,-1,-1,775.000,825.000,-1,-1,2,0,2,0,2,0,0,0,0,2,2,2,2,0,0,2,2
14,-2534.936,-113.213,220.278,-38.072,0.785468,0.616634,-0.052932,-0.615881,0.787211,0.031475,0.061077,0.007877,0.998102,0,-0.46352,0.36445,-27.811,0.729,-1,400.000,-1,400.000,-1,325.000,325.000,300.000,300.000,-1,-1,-1,-1,775.000,825.000,-1,-1,2,0,2,0,2,0,0,0,0,2,2,2,2,0,0,2,2
15,-2557.034,-96.355,218.551,-37.339,0.793298,0.606510,-0.053144,-0.605727,0.795044,0.031609,0.061424,0.007115,0.998086,0,-0.46323,0.36674,-27.794,0.733,-1,400.000,-1,400.000,-1,325.000,325.000,300.000,300.000,-1,-1,-1,-1,775.000,825.000,-1,-1,2,0,2,0,2,0,0,0,0,2,2,2,2,0,0,2,2
16,-2579.325,-79.800,216.732,-36.601,0.801015,0.596223,-0.053788,-0.595422,0.802791,0.031606,0.062025,0.006709,0.998052,0,-0.46278,0.36893,-27.767,0.738,-1,400.000,-1,400.000,-1,325.000,325.000,300.000,300.000,-1,-1,-1,-1,775.000,825.000,-1,-1,2,0,2,0,2,0,0,0,0,2,2,2,2,0,0,2,2
17,-2601.799,-63.556,214.864,-35.859,0.808640,0.585778,-0.054454,-0.584945,0.810448,0.031825,0.062775,0.006118,0.998009,0,-0.46217,0.37101,-27.730,0.742,-1,400.000,-1,400.000,-1,325.000,325.000,300.000,300.000,-1,-1,-1,-1,775.000,825.000,-1,-1,2,0,2,0,2,0,0,0,0,2,2,2,2,0,0,2,2
18,-2624.445,-47.633,213.000,-35.113,0.816167,0.575179,-0.055136,-0.574316,0.818009,0.031989,0.063502,0.005557,0.997966,0,-0.46139,0.37298,-27.684,0.746,-1,400.000,-1,400.000,-1,325.000,325.000,325.000,300.000,-1,-1,-1,-1,775.000,825.000,-1,-1,2,0,2,0,2,0,0,0,0,2,2,2,2,0,0,2,2
19,-2647.251,-32.039,211.143,-34.363,0.823592,0.564429,-0.055832,-0.563538,0.825467,0.032094,0.064202,0.005031,0.997924,0,-0.46046,0.37484,-27.628,0.750,-1,400.000,-1,400.000,-1,325.000,325.000,325.000,300.000,-1,-1,-1,-1,775.000,825.000,-1,-1,2,0,2,0,2,0,0,0,0,2,2,2,2,0,0,2,2
20,-2670.206,-16.782,209.292,-33.610,0.830908,0.553531,-0.056537,-0.552615,0.832817,0.032141,0.064876,0.004537,0.997883,0,-0.45938,0.37658,-27.563,0.753,-1,400.000,-1,400.000,-1,325.000,325.000,325.000,300.000,-1,-1,-1,-1,775.000,825.000,-1,-1,2,0,2,0,2,0,0,0,0,2,2,2,2,0,0,2,2
21,-2693.299,-1.869,207.450,-32.854,0.838110,0.542489,-0.057251,-0.541552,0.840053,0.032129,0.065524,0.004077,0.997843,0,-0.45816,0.37820,-27.490,0.756,-1,400.000,-1,400.000,-1,325.000,325.000,325.000,300.000,-1,-1,-1,-1,775.000,825.000,-1,-1,2,0,2,0,2,0,0,0,0,2,2,2,2,0,0,2,2
22,-2716.518,12.693,205.614,-32.094,0.845193,0.531309,-0.057964,-0.530353,0.847170,0.032062,0.066140,0.003643,0.997804,0,-0.45680,0.37969,-27.408,0.759,-1,400.000,-1,400.000,-1,325.000,325.000,325.000,300.000,-1,-1,-1,-1,775.000,825.000,-1,-1,2,0,2,0,2,0,0,0,0,2,2,2,2,0,0,2,2
23,-2739.853,26.899,203.771,-31.332,0.852157,0.519994,-0.058599,-0.519020,0.854164,0.031968,0.066676,0.003172,0.997770,0,-0.45531,0.38107,-27.318,0.762,-1,400.000,-1,400.000,-1,325.000,325.000,325.000,300.000,-1,-1,-1,-1,800.000,825.000,-1,-1,2,0,2,0,2,0,0,0,0,2,2,2,2,0,0,2,2
24,-2763.292,40.742,201.939,-30.567,0.858992,0.508550,-0.059238,-0.507561,0.861028,0.031819,0.067187,0.002734,0.997737,0,-0.45370,0.38231,-27.222,0.765,-1,400.000,-1,400.000,-1,325.000,325.000,325.000,300.000,-1,-1,-1,-1,800.000,825.000,-1,-1,2,0,2,0,2,0,0,0,0,2,2,2,2,0,0,2,2
25,-2786.824,54.220,200.093,-29.801,0.865694,0.496981,-0.059862,-0.495987,0.867758,0.031504,0.067603,0.002418,0.997709,0,-0.45197,0.38343,-27.118,0.767,-1,400.000,-1,400.000,-1,325.000,325.000,325.000,300.000,-1,-1,-1,-1,800.000,800.000,-1,-1,2,0,2,0,2,0,0,0,0,2,2,2,2,0,0,2,2
26,-2810.439,67.327,198.187,-29.032,0.872255,0.485293,-0.060513,-0.484286,0.874349,0.031312,0.068105,0.001993,0.997676,0,-0.45015,0.38442,-27.009,0.769,-1,400.000,-1,400.000,-1,325.000,325.000,325.000,300.000,-1,-1,-1,-1,800.000,800.000,-1,-1,2,0,2,0,2,0,0,0,0,2,2,2,2,0,0,2,2
27,-2829.971,77.898,196.502,-28.424,0.877319,0.475994,-0.061164,-0.474935,0.879448,0.031755,0.068906,0.001189,0.997622,0,-0.37015,0.30380,-22.209,0.608,-1,400.000,-1,400.000,-1,325.000,325.000,325.000,300.000,-1,-1,-1,-1,800.000,800.000,-1,-1,2,0,2,0,2,0,0,0,0,2,2,2,2,0,0,2,2
28,-2845.369,86.022,195.179,-27.815,0.882303,0.466622,-0.061684,-0.465517,0.884457,0.032094,0.069532,0.000399,0.997580,0,-0.29015,0.30442,-17.409,0.609,-1,400.000,-1,400.000,-1,325.000,325.000,325.000,300.000,-1,-1,-1,-1,800.000,825.000,-1,-1,2,0,2,0,2,0,0,0,0,2,2,2,2,0,0,2,2
29,-2856.583,91.786,194.219,-27.206,0.887204,0.457184,-0.062067,-0.456040,0.889372,0.032335,0.069984,-0.000383,0.997548,0,-0.21015,0.30484,-12.609,0.610,-1,400.000,-1,400.000,-1,325.000,325.000,325.000,300.000,-1,-1,-1,-1,800.000,825.000,-1,-1,2,0,2,0,2,0,0,0,0,2,2,2,2,0,0,2,2
30,-2863.566,95.282,193.619,-26.595,0.892017,0.447686,-0.062306,-0.446507,0.894190,0.032487,0.070257,-0.001159,0.997528,0,-0.13015,0.30511,-7.809,0.610,-1,400.000,-1,400.000,-1,325.000,325.000,325.000,300.000,-1,-1,-1,-1,800.000,825.000,-1,-1,2,0,2,0,2,0,0,0,0,2,2,2,2,0,0,2,2
31,-2866.271,96.601,193.378,-25.985,0.896742,0.438133,-0.062396,-0.436926,0.898908,0.032556,0.070352,-0.001932,0.997520,0,-0.05015,0.30525,-3.009,0.611,-1,400.000,-1,400.000,-1,325.000,325.000,325.000,300.000,-1,-1,-1,-1,825.000,825.000,-1,-1,2,0,2,0,2,0,0,0,0,2,2,2,2,0,0,2,2
32,-2864.653,95.833,193.496,-25.374,0.901376,0.428527,-0.062331,-0.427298,0.903525,0.032549,0.070266,-0.002705,0.997525,0,0.02985,0.30530,1.791,0.611,-1,400.000,-1,400.000,-1,325.000,325.000,325.000,300.000,-1,-1,-1,-1,825.000,825.000,-1,-1,2,0,2,0,2,0,0,0,0,2,2,2,2,0,0,2,2
33,-2858.668,93.073,193.973,-24.764,0.905918,0.418874,-0.062108,-0.417628,0.908038,0.032471,0.069998,-0.003478,0.997541,0,0.10985,0.30528,6.591,0.611,-1,400.000,-1,400.000,-1,325.000,325.000,325.000,300.000,-1,-1,-1,-1,800.000,825.000,-1,-1,2,0,2,0,2,0,0,0,0,2,2,2,2,0,0,2,2
34,-2848.275,88.412,194.809,-24.153,0.910366,0.409176,-0.061722,-0.407919,0.912446,0.032327,0.069545,-0.004252,0.997570,0,0.18985,0.30519,11.391,0.610,-1,400.000,-1,400.000,-1,325.000,325.000,325.000,300.000,-1,-1,-1,-1,800.000,800.000,-1,-1,2,0,2,0,2,0,0,0,0,2,2,2,2,0,0,2,2
35,-2833.432,81.945,196.003,-23.543,0.914718,0.399435,-0.061169,-0.398173,0.916748,0.032122,0.068907,-0.005026,0.997610,0,0.26985,0.30505,16.191,0.610,-1,400.000,-1,400.000,-1,325.000,325.000,325.000,300.000,-1,-1,-1,-1,800.000,800.000,-1,-1,2,0,2,0,2,0,0,0,0,2,2,2,2,0,0,2,2
36,-2814.101,73.765,197.556,-22.933,0.918975,0.389656,-0.060447,-0.388394,0.920942,0.031858,0.068082,-0.005799,0.997663,0,0.34985,0.30486,20.991,0.610,-1,400.000,-1,400.000,-1,325.000,325.000,325.000,300.000,-1,-1,-1,-1,800.000,800.000,-1,-1,2,0,2,0,2,0,0,0,0,2,2,2,2,0,0,2,2
37,-2790.243,63.969,199.468,-22.324,0.923133,0.379840,-0.059552,-0.378585,0.925029,0.031539,0.067067,-0.006569,0.997727,0,0.42985,0.30461,25.791,0.609,-1,400.000,-1,400.000,-1,325.000,325.000,325.000,300.000,-1,-1,-1,-1,800.000,800.000,-1,-1,2,0,2,0,2,0,0,0,0,2,2,2,2,0,0,2,2
38,-2761.823,52.650,201.740,-21.716,0.927193,0.369991,-0.058482,-0.368749,0.929006,0.031168,0.065862,-0.007334,0.997802,0,0.50985,0.30428,30.591,0.609,-1,400.000,-1,400.000,-1,325.000,325.000,325.000,300.000,-1,-1,-1,-1,800.000,800.000,-1,-1,2,0,2,0,2,0,0,0,0,2,2,2,2,0,0,2,2
39,-2728.807,39.905,204.223,-21.108,0.931137,0.360113,-0.057464,-0.358839,0.932868,0.031486,0.064945,-0.008697,0.997851,0,0.58985,0.30387,35.391,0.608,-1,400.000,-1,400.000,-1,325.000,325.000,325.000,300.000,-1,-1,-1,-1,800.000,800.000,-1,-1,2,0,2,0,2,0,0,0,0,2,2,2,2,0,0,2,2
40,-2691.162,25.829,206.981,-20.501,0.934972,0.350210,-0.056404,-0.348884,0.936614,0.032167,0.064094,-0.010397,0.997890,0,0.66985,0.30333,40.191,0.607,-1,400.000,-1,400.000,-1,325.000,325.000,325.000,300.000,-1,-1,-1,-1,775.000,800.000,-1,-1,2,0,2,0,2,0,0,0,0,2,2,2,2,0,0,2,2
41,-2648.857,10.518,210.034,-19.896,0.938705,0.340288,-0.055102,-0.338909,0.940241,0.032977,0.063031,-0.012281,0.997936,0,0.74985,0.30265,44.991,0.605,-1,400.000,-1,400.000,-1,325.000,325.000,325.000,300.000,-1,-1,-1,-1,775.000,800.000,-1,-1,2,0,2,0,2,0,0,0,0,2,2,2,2,0,0,2,2
42,-2601.862,-5.932,213.369,-19.292,0.942333,0.330357,-0.053606,-0.328938,0.943751,0.033686,0.061719,-0.014110,0.997994,0,0.82985,0.30178,49.791,0.604,-1,400.000,-1,400.000,-1,325.000,325.000,325.000,300.000,-1,-1,-1,-1,775.000,800.000,-1,-1,2,0,2,0,2,0,0,0,0,2,2,2,2,0,0,2,2
43,-2553.027,-22.453,216.709,-18.691,0.945817,0.320427,-0.052500,-0.318983,0.947146,0.034133,0.060662,-0.015537,0.998037,0,0.85924,0.30067,51.554,0.601,-1,400.000,-1,400.000,-1,325.000,325.000,325.000,300.000,-1,-1,-1,-1,750.000,800.000,-1,-1,2,0,2,0,2,0,0,0,0,2,2,2,2,0,0,2,2
44,-2508.645,-37.157,219.491,-18.330,0.947835,0.314446,-0.052274,-0.313001,0.949142,0.034051,0.060323,-0.015913,0.998052,0,0.77924,0.18067,46.754,0.361,-1,400.000,-1,400.000,-1,325.000,325.000,325.000,300.000,-1,-1,-1,-1,750.000,800.000,-1,-1,2,0,2,0,2,0,0,0,0,2,2,2,2,0,0,2,2
45,-2468.791,-50.266,221.935,-18.208,0.948512,0.312435,-0.052049,-0.310998,0.949804,0.033936,0.060039,-0.016002,0.998068,0,0.69924,0.06067,41.954,0.121,-1,400.000,-1,400.000,-1,325.000,325.000,325.000,300.000,-1,-1,-1,-1,750.000,800.000,-1,-1,2,0,2,0,2,0,0,0,0,2,2,2,2,0,0,2,2
46,-2433.522,-61.949,224.101,-18.327,0.947874,0.314402,-0.051838,-0.312979,0.949158,0.033804,0.059831,-0.015818,0.998083,0,0.61924,-0.05933,37.154,-0.119,-1,400.000,-1,400.000,-1,325.000,325.000,325.000,300.000,-1,-1,-1,-1,750.000,800.000,-1,-1,2,0,2,0,2,0,0,0,0,2,2,2,2,0,0,2,2
47,-2401.696,-72.713,226.061,-18.686,0.945894,0.320340,-0.051642,-0.318937,0.947178,0.033649,0.059693,-0.015358,0.998099,0,0.55995,-0.17933,33.597,-0.359,-1,400.000,-1,400.000,-1,325.000,325.000,325.000,300.000,-1,-1,-1,-1,750.000,800.000,-1,-1,2,0,2,0,2,0,0,0,0,2,2,2,2,0,0,2,2
48,-2370.057,-83.783,228.019,-19.284,0.942500,0.330222,-0.051445,-0.328848,0.943790,0.033454,0.059601,-0.014612,0.998115,0,0.55866,-0.29933,33.519,-0.599,-1,400.000,-1,400.000,-1,325.000,325.000,325.000,300.000,-1,-1,-1,-1,750.000,800.000,-1,-1,2,0,2,0,2,0,0,0,0,2,2,2,2,0,0,2,2
49,-2338.664,-95.286,229.977,-20.123,0.937567,0.344006,-0.051255,-0.342668,0.938869,0.033211,0.059546,-0.013574,0.998133,0,0.55723,-0.41933,33.434,-0.839,-1,400.000,-1,400.000,-1,325.000,325.000,325.000,300.000,-1,-1,-1,-1,750.000,800.000,-1,-1,2,0,2,0,2,0,0,0,0,2,2,2,2,0,0,2,2
50,-2307.578,-107.344,231.935,-21.202,0.930923,0.361626,-0.051078,-0.360333,0.932243,0.032916,0.059520,-0.012237,0.998152,0,0.55571,-0.53933,33.343,-1.079,-1,400.000,-1,400.000,-1,325.000,325.000,325.000,300.000,-1,-1,-1,-1,725.000,800.000,-1,-1,2,0,2,0,2,0,0,0,0,2,2,2,2,0,0,2,2
51,-2276.865,-120.079,233.895,-22.520,0.922347,0.382991,-0.050923,-0.381751,0.923691,0.032565,0.059509,-0.010596,0.998172,0,0.55414,-0.65933,33.249,-1.319,-1,400.000,-1,400.000,-1,325.000,325.000,300.000,300.000,-1,-1,-1,-1,725.000,800.000,-1,-1,2,0,2,0,2,0,0,0,0,2,2,2,2,0,0,2,2
52,-2246.596,-133.606,235.857,-24.079,0.911576,0.407982,-0.050803,-0.406805,0.912949,0.032153,0.059498,-0.008644,0.998191,0,0.55257,-0.77933,33.154,-1.559,-1,375.000,-1,400.000,-1,325.000,325.000,300.000,300.000,-1,-1,-1,-1,725.000,800.000,-1,-1,2,0,2,0,2,0,0,0,0,2,2,2,2,0,0,2,2
53,-2212.310,-149.884,238.115,-25.398,0.901935,0.428889,-0.050669,-0.427774,0.903331,0.031673,0.059355,-0.006892,0.998213,0,0.63257,-0.65933,37.954,-1.319,-1,375.000,-1,400.000,-1,325.000,325.000,300.000,300.000,-1,-1,-1,-1,725.000,825.000,-1,-1,2,0,2,0,2,0,0,0,0,2,2,2,2,0,0,2,2
54,-2174.040,-168.945,240.670,-26.476,0.893695,0.445823,-0.050516,-0.444768,0.895105,0.031110,0.059087,-0.005335,0.998239,0,0.71257,-0.53933,42.754,-1.079,-1,375.000,-1,400.000,-1,325.000,325.000,300.000,300.000,-1,-1,-1,-1,725.000,825.000,-1,-1,2,0,2,0,2,0,0,0,0,2,2,2,2,0,0,2,2
55,-2134.934,-189.142,243.308,-27.315,0.887071,0.458879,-0.050355,-0.457882,0.888490,0.030503,0.058737,-0.004001,0.998265,0,0.73356,-0.41933,44.013,-0.839,-1,375.000,-1,400.000,-1,325.000,325.000,300.000,300.000,-1,-1,-1,-1,725.000,825.000,-1,-1,2,0,2,0,2,0,0,0,0,2,2,2,2,0,0,2,2
56,-2096.036,-209.749,245.922,-27.914,0.882227,0.468139,-0.050211,-0.467185,0.883650,0.030021,0.058423,-0.003027,0.998287,0,0.73366,-0.29933,44.019,-0.599,-1,375.000,-1,400.000,-1,325.000,325.000,300.000,300.000,-1,-1,-1,-1,725.000,825.000,-1,-1,2,0,2,0,2,0,0,0,0,2,2,2,2,0,0,2,2
57,-2057.238,-230.616,248.544,-28.272,0.879284,0.473662,-0.050043,-0.472748,0.880703,0.029515,0.058053,-0.002295,0.998311,0,0.73423,-0.17933,44.054,-0.359,-1,375.000,-1,400.000,-1,325.000,325.000,300.000,300.000,-1,-1,-1,-1,725.000,825.000,-1,-1,2,0,2,0,2,0,0,0,0,2,2,2,2,0,0,2,2
58,-2018.494,-251.710,251.264,-28.566,0.876826,0.478169,-0.050303,-0.477303,0.878267,0.028793,0.057947,-0.001237,0.998319,0,0.73523,-0.14677,44.114,-0.294,-1,375.000,-1,400.000,-1,325.000,325.000,325.000,300.000,-1,-1,-1,-1,725.000,825.000,-1,-1,2,0,2,0,2,0,0,0,0,2,2,2,2,0,0,2,2
59,-1979.796,-273.044,253.974,-28.868,0.874268,0.482792,-0.050667,-0.481980,0.875735,0.027995,0.057887,-0.000055,0.998323,0,0.73650,-0.15100,44.190,-0.302,-1,375.000,-1,400.000,-1,325.000,325.000,325.000,300.000,-1,-1,-1,-1,725.000,825.000,-1,-1,2,0,2,0,2,0,0,0,0,2,2,2,2,0,0,2,2
60,-1941.135,-294.632,256.627,-29.179,0.871598,0.487534,-0.051269,-0.486784,0.873103,0.027069,0.057960,0.001364,0.998318,0,0.73799,-0.15537,44.279,-0.311,-1,375.000,-1,400.000,-1,325.000,325.000,325.000,300.000,-1,-1,-1,-1,750.000,825.000,-1,-1,2,0,2,0,2,0,0,0,0,2,2,2,2,0,0,2,2
61,-1902.062,-316.734,259.306,-29.496,0.868848,0.492353,-0.051885,-0.491669,0.870391,0.026100,0.058010,0.002833,0.998312,0,0.74818,-0.15844,44.891,-0.317,-1,375.000,-1,400.000,-1,325.000,325.000,325.000,300.000,-1,-1,-1,-1,750.000,850.000,-1,-1,2,0,2,0,2,0,0,0,0,2,2,2,2,0,0,2,2
62,-1863.114,-339.055,261.937,-29.818,0.866015,0.497236,-0.052673,-0.496626,0.867604,0.025035,0.058148,0.004478,0.998298,0,0.74818,-0.16107,44.891,-0.322,-1,400.000,-1,400.000,-1,325.000,325.000,325.000,300.000,-1,-1,-1,-1,750.000,850.000,-1,-1,2,0,2,0,2,0,0,0,0,2,2,2,2,0,0,2,2
63,-1824.286,-361.604,264.552,-30.145,0.863103,0.502186,-0.053499,-0.501654,0.864737,0.023930,0.058280,0.006184,0.998281,0,0.74836,-0.16388,44.901,-0.328,-1,400.000,-1,400.000,-1,325.000,325.000,325.000,300.000,-1,-1,-1,-1,775.000,850.000,-1,-1,2,0,2,0,2,0,0,0,0,2,2,2,2,0,0,2,2
64,-1785.570,-384.390,267.167,-30.479,0.860108,0.507209,-0.054342,-0.506755,0.861787,0.022842,0.058417,0.007892,0.998261,0,0.74872,-0.16686,44.923,-0.334,-1,400.000,-1,400.000,-1,325.000,325.000,325.000,300.000,-1,-1,-1,-1,775.000,850.000,-1,-1,2,0,2,0,2,0,0,0,0,2,2,2,2,0,0,2,2
65,-1746.961,-407.422,269.694,-30.819,0.857056,0.512309,-0.054721,-0.511917,0.858753,0.022012,0.058269,0.009147,0.998259,0,0.74928,-0.17002,44.957,-0.340,-1,400.000,-1,400.000,-1,325.000,325.000,325.000,300.000,-1,-1,-1,-1,775.000,875.000,-1,-1,2,0,2,0,2,0,0,0,0,2,2,2,2,0,0,2,2
66,-1708.454,-430.711,272.120,-31.166,0.853940,0.517491,-0.054673,-0.517152,0.855629,0.021282,0.057793,0.010101,0.998277,0,0.75003,-0.17335,45.002,-0.347,-1,400.000,-1,425.000,-1,325.000,325.000,325.000,300.000,-1,-1,-1,-1,800.000,875.000,-1,-1,2,0,2,0,2,0,0,0,0,2,2,2,2,0,0,2,2
67,-1670.043,-454.268,274.523,-31.520,0.850732,0.522757,-0.054588,-0.522473,0.852410,0.020500,0.057248,0.011081,0.998298,0,0.75099,-0.17684,45.059,-0.354,-1,400.000,-1,425.000,-1,325.000,325.000,300.000,300.000,-1,-1,-1,-1,800.000,875.000,-1,-1,2,0,2,0,2,0,0,0,0,2,2,2,2,0,0,2,2
68,-1631.722,-478.102,276.904,-31.881,0.847427,0.528111,-0.054467,-0.527884,0.849089,0.019664,0.056632,0.012088,0.998322,0,0.75214,-0.18050,45.128,-0.361,-1,400.000,-1,425.000,-1,325.000,325.000,300.000,300.000,-1,-1,-1,-1,800.000,875.000,-1,-1,2,0,2,0,2,0,0,0,0,2,2,2,2,0,0,2,2
69,-1597.522,-499.474,279.019,-32.002,0.846317,0.529898,-0.054359,-0.529719,0.847964,0.018841,0.056079,0.012850,0.998344,0,0.67214,-0.06050,40.328,-0.121,-1,400.000,-1,425.000,-1,325.000,325.000,300.000,300.000,-1,-1,-1,-1,800.000,875.000,-1,-1,2,0,2,0,2,0,0,0,0,2,2,2,2,0,0,2,2
70,-1567.353,-518.239,280.876,-31.883,0.847426,0.528133,-0.054276,-0.527993,0.849057,0.018047,0.055615,0.013364,0.998363,0,0.59214,0.05950,35.528,0.119,-1,400.000,-1,425.000,-1,325.000,325.000,300.000,300.000,-1,-1,-1,-1,800.000,875.000,-1,-1,2,0,2,0,2,0,0,0,0,2,2,2,2,0,0,2,2
71,-1541.159,-534.305,282.482,-31.524,0.850729,0.522800,-0.054223,-0.522692,0.852346,0.017296,0.055259,0.013628,0.998379,0,0.51214,0.17950,30.728,0.359,-1,400.000,-1,425.000,-1,325.000,325.000,300.000,300.000,-1,-1,-1,-1,800.000,875.000,-1,-1,2,0,2,0,2,0,0,0,0,2,2,2,2,0,0,2,2
72,-1518.927,-547.647,283.842,-30.968,0.855768,0.514514,-0.054199,-0.514427,0.857373,0.016604,0.055012,0.013672,0.998392,0,0.43214,0.27769,25.928,0.555,-1,400.000,-1,425.000,-1,325.000,325.000,300.000,300.000,-1,-1,-1,-1,800.000,875.000,-1,-1,2,0,2,0,2,0,0,0,0,2,2,2,2,0,0,2,2
73,-1500.707,-558.344,284.952,-30.417,0.860683,0.506249,-0.054182,-0.506180,0.862279,0.016015,0.054827,0.013642,0.998403,0,0.35214,0.27536,21.128,0.551,-1,400.000,-1,425.000,-1,325.000,325.000,300.000,300.000,-1,-1,-1,-1,800.000,875.000,-1,-1,2,0,2,0,2,0,0,0,0,2,2,2,2,0,0,2,2
74,-1486.547,-566.476,285.839,-29.870,0.865494,0.497983,-0.054155,-0.497932,0.867080,0.015398,0.054625,0.013639,0.998414,0,0.27214,0.27388,16.328,0.548,-1,400.000,-1,425.000,-1,325.000,325.000,300.000,300.000,-1,-1,-1,-1,800.000,875.000,-1,-1,2,0,2,0,2,0,0,0,0,2,2,2,2,0,0,2,2
75,-1476.496,-572.122,286.468,-29.322,0.870224,0.489672,-0.054150,-0.489630,0.871802,0.014945,0.054526,0.013508,0.998421,0,0.19214,0.27388,11.528,0.548,-1,400.000,-1,425.000,-1,325.000,325.000,300.000,300.000,-1,-1,-1,-1,800.000,875.000,-1,-1,2,0,2,0,2,0,0,0,0,2,2,2,2,0,0,2,2
76,-1470.598,-575.361,286.840,-28.774,0.874871,0.481317,-0.054168,-0.481276,0.876447,0.014658,0.054531,0.013245,0.998424,0,0.11214,0.27388,6.728,0.548,-1,400.000,-1,425.000,-1,325.000,325.000,300.000,300.000,-1,-1,-1,-1,800.000,875.000,-1,-1,2,0,2,0,2,0,0,0,0,2,2,2,2,0,0,2,2
77,-1468.899,-576.273,286.955,-28.226,0.879437,0.472918,-0.054212,-0.472870,0.881012,0.014537,0.054636,0.012851,0.998424,0,0.03214,0.27388,1.928,0.548,-1,400.000,-1,425.000,-1,325.000,325.000,300.000,300.000,-1,-1,-1,-1,800.000,875.000,-1,-1,2,0,2,0,2,0,0,0,0,2,2,2,2,0,0,2,2
78,-1471.442,-574.939,286.813,-27.679,0.883920,0.464478,-0.054283,-0.464412,0.885499,0.014580,0.054840,0.012322,0.998419,0,-0.04786,0.27388,-2.872,0.548,-1,400.000,-1,425.000,-1,325.000,325.000,300.000,300.000,-1,-1,-1,-1,800.000,875.000,-1,-1,2,0,2,0,2,0,0,0,0,2,2,2,2,0,0,2,2
79,-1478.269,-571.441,286.411,-27.131,0.888320,0.455995,-0.054380,-0.455904,0.889906,0.014784,0.055135,0.011659,0.998411,0,-0.12786,0.27388,-7.672,0.548,-1,400.000,-1,425.000,-1,325.000,325.000,300.000,300.000,-1,-1,-1,-1,800.000,875.000,-1,-1,2,0,2,0,2,0,0,0,0,2,2,2,2,0,0,2,2
80,-1488.998,-566.073,285.808,-26.583,0.892639,0.447470,-0.054462,-0.447356,0.894231,0.014949,0.055391,0.011020,0.998404,0,-0.19994,0.27388,-11.996,0.548,-1,400.000,-1,425.000,-1,325.000,325.000,300.000,300.000,-1,-1,-1,-1,800.000,875.000,-1,-1,2,0,2,0,2,0,0,0,0,2,2,2,2,0,0,2,2
81,-1499.777,-560.807,285.204,-26.035,0.896878,0.438903,-0.054538,-0.438766,0.898474,0.015108,0.055632,0.010380,0.998397,0,-0.19994,0.27388,-11.996,0.548,-1,400.000,-1,425.000,-1,325.000,325.000,300.000,300.000,-1,-1,-1,-1,800.000,875.000,-1,-1,2,0,2,0,2,0,0,0,0,2,2,2,2,0,0,2,2
82,-1506.259,-557.684,284.839,-25.728,0.899223,0.434073,-0.054580,-0.433922,0.900822,0.015205,0.055767,0.010011,0.998394,0,-0.11994,0.15388,-7.196,0.308,-1,400.000,-1,425.000,-1,325.000,325.000,300.000,300.000,-1,-1,-1,-1,800.000,875.000,-1,-1,2,0,2,0,2,0,0,0,0,2,2,2,2,0,0,2,2
83,-1508.419,-556.646,284.717,-25.660,0.899736,0.433008,-0.054591,-0.432853,0.901336,0.015244,0.055805,0.009915,0.998392,0,-0.03994,0.03388,-2.396,0.068,-1,400.000,-1,400.000,-1,325.000,325.000,300.000,300.000,-1,-1,-1,-1,800.000,875.000,-1,-1,2,0,2,0,2,0,0,0,0,2,2,2,2,0,0,2,2
84,-1506.256,-557.693,284.836,-25.832,0.898429,0.435715,-0.054572,-0.435566,0.900028,0.015225,0.055750,0.010091,0.998394,0,0.04006,-0.08612,2.404,-0.172,-1,400.000,-1,425.000,-1,325.000,325.000,300.000,300.000,-1,-1,-1,-1,800.000,875.000,-1,-1,2,0,2,0,2,0,0,0,0,2,2,2,2,0,0,2,2
85,-1499.795,-560.879,285.196,-26.244,0.895269,0.442177,-0.054520,-0.442043,0.896866,0.015146,0.055594,0.010540,0.998398,0,0.12006,-0.20612,7.204,-0.412,-1,400.000,-1,425.000,-1,325.000,325.000,300.000,300.000,-1,-1,-1,-1,800.000,875.000,-1,-1,2,0,2,0,2,0,0,0,0,2,2,2,2,0,0,2,2
86,-1489.089,-566.309,285.795,-26.897,0.890176,0.452355,-0.054430,-0.452246,0.891767,0.015002,0.055325,0.011261,0.998405,0,0.20006,-0.32612,12.004,-0.652,-1,400.000,-1,425.000,-1,325.000,325.000,300.000,300.000,-1,-1,-1,-1,800.000,875.000,-1,-1,2,0,2,0,2,0,0,0,0,2,2,2,2,0,0,2,2
87,-1474.223,-574.143,286.651,-27.789,0.883023,0.466180,-0.054274,-0.466113,0.884604,0.014678,0.054854,0.012337,0.998418,0,0.28006,-0.44612,16.804,-0.892,-1,400.000,-1,425.000,-1,325.000,325.000,300.000,300.000,-1,-1,-1,-1,800.000,875.000,-1,-1,2,0,2,0,2,0,0,0,0,2,2,2,2,0,0,2,2
88,-1455.314,-584.590,287.783,-28.921,0.873642,0.483560,-0.054028,-0.483555,0.875202,0.014037,0.054073,0.013862,0.998441,0,0.36006,-0.56612,21.604,-1.132,-1,400.000,-1,425.000,-1,325.000,325.000,300.000,300.000,-1,-1,-1,-1,800.000,875.000,-1,-1,2,0,2,0,2,0,0,0,0,2,2,2,2,0,0,2,2
89,-1432.515,-597.909,289.150,-30.293,0.861817,0.504367,-0.053722,-0.504438,0.863347,0.013227,0.053051,0.015700,0.998468,0,0.44006,-0.68612,26.404,-1.372,-1,400.000,-1,425.000,-1,325.000,325.000,300.000,300.000,-1,-1,-1,-1,800.000,875.000,-1,-1,2,0,2,0,2,0,0,0,0,2,2,2,2,0,0,2,2
90,-1405.999,-614.357,290.745,-31.814,0.848143,0.527073,-0.053365,-0.527231,0.849634,0.012228,0.051786,0.017765,0.998500,0,0.52006,-0.76004,31.204,-1.520,-1,400.000,-1,425.000,-1,325.000,325.000,300.000,300.000,-1,-1,-1,-1,800.000,875.000,-1,-1,2,0,2,0,2,0,0,0,0,2,2,2,2,0,0,2,2
91,-1375.918,-634.141,292.537,-33.334,0.833882,0.549405,-0.052866,-0.549652,0.835320,0.011041,0.050226,0.019851,0.998541,0,0.60006,-0.76004,36.004,-1.520,-1,400.000,-1,425.000,-1,325.000,325.000,300.000,300.000,-1,-1,-1,-1,825.000,875.000,-1,-1,2,0,2,0,2,0,0,0,0,2,2,2,2,0,0,2,2
92,-1342.434,-657.459,294.524,-34.854,0.819042,0.571344,-0.052299,-0.571688,0.820415,0.009613,0.048399,0.022025,0.998585,0,0.68006,-0.76004,40.804,-1.520,-1,400.000,-1,400.000,-1,325.000,325.000,300.000,300.000,-1,-1,-1,-1,825.000,875.000,-1,-1,2,0,2,0,2,0,0,0,0,2,2,2,2,0,0,2,2
93,-1305.715,-684.504,296.695,-36.374,0.803634,0.592876,-0.051681,-0.593321,0.804927,0.007918,0.046294,0.024300,0.998632,0,0.76006,-0.76004,45.604,-1.520,-1,400.000,-1,400.000,-1,325.000,325.000,300.000,300.000,-1,-1,-1,-1,825.000,875.000,-1,-1,2,0,2,0,2,0,0,0,0,2,2,2,2,0,0,2,2
94,-1265.938,-715.462,299.030,-37.894,0.787669,0.613982,-0.051013,-0.614533,0.788869,0.005935,0.043886,0.026675,0.998680,0,0.84006,-0.76004,50.404,-1.520,-1,400.000,-1,400.000,-1,325.000,325.000,300.000,300.000,-1,-1,-1,-1,825.000,875.000,-1,-1,2,0,2,0,2,0,0,0,0,2,2,2,2,0,0,2,2
95,-1223.391,-750.426,301.439,-39.414,0.771161,0.634656,-0.050230,-0.635295,0.772259,0.004062,0.041368,0.028779,0.998729,0,0.91785,-0.76004,55.071,-1.520,-1,400.000,-1,400.000,-1,325.000,325.000,300.000,300.000,-1,-1,-1,-1,850.000,850.000,-1,-1,2,0,2,0,2,0,0,0,0,2,2,2,2,0,0,2,2
96,-1181.787,-786.508,303.610,-40.934,0.754111,0.654894,-0.049293,-0.655576,0.755123,0.003015,0.039197,0.030042,0.998780,0,0.91785,-0.76004,55.071,-1.520,-1,400.000,-1,400.000,-1,325.000,325.000,300.000,300.000,-1,-1,-1,-1,850.000,850.000,-1,-1,2,0,2,0,2,0,0,0,0,2,2,2,2,0,0,2,2
97,-1144.554,-820.285,305.496,-42.214,0.739348,0.671580,-0.048430,-0.672294,0.740281,0.002038,0.037221,0.031053,0.998824,0,0.83785,-0.64004,50.271,-1.280,-1,400.000,-1,400.000,-1,325.000,325.000,300.000,300.000,-1,-1,-1,-1,850.000,850.000,-1,-1,2,0,2,0,2,0,0,0,0,2,2,2,2,0,0,2,2
98,-1110.483,-852.340,307.171,-43.254,0.727089,0.684889,-0.047623,-0.685628,0.727951,0.001108,0.035426,0.031846,0.998865,0,0.77967,-0.52004,46.780,-1.040,-1,400.000,-1,400.000,-1,325.000,325.000,300.000,300.000,-1,-1,-1,-1,850.000,825.000,-1,-1,2,0,2,0,2,0,0,0,0,2,2,2,2,0,0,2,2
99,-1076.863,-884.868,308.772,-44.054,0.717509,0.694974,-0.046814,-0.695731,0.718302,0.000157,0.033735,0.032458,0.998904,0,0.77967,-0.40004,46.780,-0.800,-1,400.000,-1,400.000,-1,325.000,325.000,300.000,300.000,-1,-1,-1,-1,850.000,825.000,-1,-1,2,0,2,0,2,0,0,0,0,2,2,2,2,0,0,2,2
100,-1043.562,-917.724,310.303,-44.614,0.710737,0.701952,-0.046004,-0.702722,0.711464,-0.000820,0.032154,0.032911,0.998941,0,0.77967,-0.28004,46.780,-0.560,-1,400.000,-1,400.000,-1,325.000,325.000,300.000,300.000,-1,-1,-1,-1,875.000,825.000,-1,-1,2,0,2,0,2,0,0,0,0,2,2,2,2,0,0,2,2
101,-1010.553,-950.871,311.750,-45.120,0.704574,0.708193,-0.045153,-0.708974,0.705232,-0.001860,0.030526,0.033323,0.998978,0,0.77967,-0.25280,46.780,-0.506,-1,400.000,-1,400.000,-1,325.000,325.000,300.000,300.000,-1,-1,-1,-1,875.000,825.000,-1,-1,2,0,2,0,2,0,0,0,0,2,2,2,2,0,0,2,2
102,-977.838,-984.309,313.091,-45.626,0.698364,0.714383,-0.044085,-0.715165,0.698950,-0.002890,0.028748,0.033546,0.999024,0,0.77967,-0.25280,46.780,-0.506,-1,400.000,-1,400.000,-1,325.000,325.000,300.000,300.000,-1,-1,-1,-1,850.000,825.000,-1,-1,2,0,2,0,2,0,0,0,0,2,2,2,2,0,0,2,2
103,-945.419,-1018.035,314.356,-46.131,0.692101,0.720520,-0.042993,-0.721297,0.692615,-0.003888,0.026976,0.033701,0.999068,0,0.77967,-0.25280,46.780,-0.506,-1,400.000,-1,400.000,-1,325.000,325.000,300.000,300.000,-1,-1,-1,-1,850.000,825.000,-1,-1,2,0,2,0,2,0,0,0,0,2,2,2,2,0,0,2,2
104,-913.298,-1052.045,315.536,-46.637,0.685782,0.726602,-0.041865,-0.727370,0.686229,-0.004801,0.025240,0.033744,0.999112,0,0.77967,-0.25280,46.780,-0.506,-1,400.000,-1,400.000,-1,325.000,325.000,300.000,300.000,-1,-1,-1,-1,850.000,800.000,-1,-1,2,0,2,0,2,0,0,0,0,2,2,2,2,0,0,2,2
105,-881.480,-1086.337,316.650,-47.142,0.679409,0.732630,-0.040707,-0.733384,0.679790,-0.005728,0.023476,0.033745,0.999155,0,0.77967,-0.25280,46.780,-0.506,-1,400.000,-1,400.000,-1,325.000,325.000,300.000,300.000,-1,-1,-1,-1,850.000,800.000,-1,-1,2,0,2,0,2,0,0,0,0,2,2,2,2,0,0,2,2
106,-849.965,-1120.909,317.690,-47.648,0.672982,0.738600,-0.039560,-0.739340,0.673299,-0.006670,0.021709,0.033737,0.999195,0,0.77967,-0.25280,46.780,-0.506,-1,400.000,-1,400.000,-1,325.000,325.000,300.000,300.000,-1,-1,-1,-1,850.000,800.000,-1,-1,2,0,2,0,2,0,0,0,0,2,2,2,2,0,0,2,2
107,-818.756,-1155.757,318.657,-48.154,0.666501,0.744513,-0.038424,-0.745237,0.666756,-0.007627,0.019941,0.033719,0.999232,0,0.77967,-0.25280,46.780,-0.506,-1,400.000,-1,400.000,-1,325.000,325.000,300.000,300.000,-1,-1,-1,-1,850.000,800.000,-1,-1,2,0,2,0,2,0,0,0,0,2,2,2,2,0,0,2,2
108,-787.856,-1190.880,319.550,-48.659,0.659966,0.750369,-0.037301,-0.751075,0.660160,-0.008599,0.018172,0.033691,0.999267,0,0.77967,-0.25280,46.780,-0.506,-1,400.000,-1,400.000,-1,325.000,325.000,300.000,300.000,-1,-1,-1,-1,825.000,800.000,-1,-1,2,0,2,0,2,0,0,0,0,2,2,2,2,0,0,2,2
109,-757.267,-1226.274,320.369,-49.165,0.653378,0.756166,-0.036191,-0.756854,0.653514,-0.009585,0.016403,0.033654,0.999299,0,0.77967,-0.25280,46.780,-0.506,-1,400.000,-1,400.000,-1,325.000,325.000,300.000,300.000,-1,-1,-1,-1,825.000,775.000,-1,-1,2,0,2,0,2,0,0,0,0,2,2,2,2,0,0,2,2
110,-726.992,-1261.936,321.208,-49.670,0.646735,0.761918,-0.034860,-0.762570,0.646828,-0.010034,0.014903,0.033073,0.999342,0,0.77967,-0.25280,46.780,-0.506,-1,400.000,-1,400.000,-1,325.000,325.000,300.000,300.000,-1,-1,-1,-1,825.000,775.000,-1,-1,2,0,2,0,2,0,0,0,0,2,2,2,2,0,0,2,2
111,-697.033,-1297.865,321.994,-50.176,0.640037,0.767615,-0.033465,-0.768226,0.640095,-0.010368,0.013462,0.032345,0.999386,0,0.77967,-0.25280,46.780,-0.506,-1,400.000,-1,400.000,-1,325.000,325.000,300.000,300.000,-1,-1,-1,-1,825.000,775.000,-1,-1,2,0,2,0,2,0,0,0,0,2,2,2,2,0,0,2,2
112,-667.392,-1334.056,322.716,-50.682,0.633286,0.773250,-0.032141,-0.773824,0.633310,-0.010734,0.012055,0.031669,0.999426,0,0.77967,-0.25280,46.780,-0.506,-1,400.000,-1,400.000,-1,325.000,325.000,300.000,300.000,-1,-1,-1,-1,825.000,775.000,-1,-1,2,0,2,0,2,0,0,0,0,2,2,2,2,0,0,2,2
113,-638.071,-1370.507,323.375,-51.187,0.626482,0.778824,-0.030887,-0.779363,0.626474,-0.011129,0.010682,0.031045,0.999461,0,0.77967,-0.25280,46.780,-0.506,-1,400.000,-1,400.000,-1,325.000,325.000,300.000,300.000,-1,-1,-1,-1,800.000,775.000,-1,-1,2,0,2,0,2,0,0,0,0,2,2,2,2,0,0,2,2
114,-609.074,-1407.216,323.964,-51.693,0.619625,0.784336,-0.029697,-0.784842,0.619589,-0.011520,0.009364,0.030445,0.999493,0,0.77967,-0.25280,46.780,-0.506,-1,400.000,-1,400.000,-1,325.000,325.000,300.000,300.000,-1,-1,-1,-1,800.000,775.000,-1,-1,2,0,2,0,2,0,0,0,0,2,2,2,2,0,0,2,2
115,-580.401,-1444.179,324.441,-52.199,0.612713,0.789790,-0.028545,-0.790263,0.612656,-0.011711,0.008239,0.029733,0.999524,0,0.77967,-0.25280,46.780,-0.506,-1,400.000,-1,400.000,-1,325.000,325.000,300.000,300.000,-1,-1,-1,-1,800.000,750.000,-1,-1,2,0,2,0,2,0,0,0,0,2,2,2,2,0,0,2,2
116,-552.056,-1481.394,324.848,-52.704,0.605750,0.795181,-0.027469,-0.795623,0.605675,-0.011906,0.007170,0.029067,0.999552,0,0.77967,-0.25280,46.780,-0.506,-1,400.000,-1,400.000,-1,325.000,325.000,300.000,300.000,-1,-1,-1,-1,800.000,750.000,-1,-1,2,0,2,0,2,0,0,0,0,2,2,2,2,0,0,2,2
117,-524.040,-1518.858,325.193,-53.210,0.598736,0.800510,-0.026441,-0.800923,0.598645,-0.012103,0.006140,0.028423,0.999577,0,0.77967,-0.25280,46.780,-0.506,-1,400.000,-1,400.000,-1,325.000,325.000,300.000,300.000,-1,-1,-1,-1,800.000,750.000,-1,-1,2,0,2,0,2,0,0,0,0,2,2,2,2,0,0,2,2
118,-496.355,-1556.567,325.524,-53.715,0.591669,0.805771,-0.025719,-0.806164,0.591565,-0.012289,0.005312,0.028005,0.999594,0,0.77967,-0.25280,46.780,-0.506,-1,400.000,-1,400.000,-1,325.000,325.000,300.000,300.000,-1,-1,-1,-1,800.000,750.000,-1,-1,2,0,2,0,2,0,0,0,0,2,2,2,2,0,0,2,2
119,-469.005,-1594.519,325.850,-54.221,0.584548,0.810963,-0.025340,-0.811345,0.584434,-0.012455,0.004709,0.027840,0.999601,0,0.77967,-0.25280,46.780,-0.506,-1,400.000,-1,400.000,-1,325.000,325.000,300.000,300.000,-1,-1,-1,-1,800.000,750.000,-1,-1,2,0,2,0,2,0,0,0,0,2,2,2,2,0,0,2,2
120,-441.990,-1632.710,326.110,-54.727,0.577381,0.816093,-0.024990,-0.816465,0.577258,-0.012609,0.004136,0.027684,0.999608,0,0.77967,-0.25280,46.780,-0.506,-1,400.000,-1,400.000,-1,325.000,325.000,300.000,300.000,-1,-1,-1,-1,800.000,750.000,-1,-1,2,0,2,0,2,0,0,0,0,2,2,2,2,0,0,2,2
121,-415.314,-1671.139,326.307,-55.232,0.570167,0.821158,-0.024670,-0.821521,0.570036,-0.012750,0.003593,0.027536,0.999614,0,0.77967,-0.25280,46.780,-0.506,-1,400.000,-1,400.000,-1,325.000,325.000,300.000,300.000,-1,-1,-1,-1,775.000,750.000,-1,-1,2,0,2,0,2,0,0,0,0,2,2,2,2,0,0,2,2
122,-388.977,-1709.802,326.439,-55.738,0.562909,0.826159,-0.024377,-0.826513,0.562770,-0.012876,0.003081,0.027396,0.999620,0,0.77967,-0.25280,46.780,-0.506,-1,400.000,-1,400.000,-1,325.000,325.000,300.000,275.000,-1,-1,-1,-1,775.000,725.000,-1,-1,2,0,2,0,2,0,0,0,0,2,2,2,2,0,0,2,2
123,-361.613,-1751.118,326.492,-56.483,0.552119,0.833418,-0.024058,-0.833761,0.551975,-0.012863,0.002559,0.027160,0.999628,0,0.82594,-0.37280,49.556,-0.746,-1,400.000,-1,400.000,-1,325.000,325.000,300.000,275.000,-1,-1,-1,-1,775.000,725.000,-1,-1,2,0,2,0,2,0,0,0,0,2,2,2,2,0,0,2,2
124,-334.964,-1792.899,326.523,-57.469,0.537713,0.842802,-0.023426,-0.843126,0.537566,-0.012732,0.001862,0.026597,0.999644,0,0.82594,-0.49280,49.556,-0.986,-1,400.000,-1,400.000,-1,325.000,325.000,300.000,275.000,-1,-1,-1,-1,775.000,725.000,-1,-1,2,0,2,0,2,0,0,0,0,2,2,2,2,0,0,2,2
125,-309.215,-1835.241,326.573,-58.695,0.519580,0.854127,-0.022448,-0.854421,0.519427,-0.012643,0.000861,0.025749,0.999668,0,0.82594,-0.61280,49.556,-1.226,-1,400.000,-1,375.000,-1,325.000,325.000,300.000,275.000,-1,-1,-1,-1,775.000,725.000,-1,-1,2,0,2,0,2,0,0,0,0,2,2,2,2,0,0,2,2
126,-284.557,-1878.227,326.557,-60.160,0.497580,0.867151,-0.021513,-0.867418,0.497422,-0.012547,-0.000179,0.024904,0.999690,0,0.82594,-0.73280,49.556,-1.466,-1,400.000,-1,375.000,-1,325.000,325.000,300.000,275.000,-1,-1,-1,-1,750.000,725.000,-1,-1,2,0,2,0,2,0,0,0,0,2,2,2,2,0,0,2,2
127,-261.190,-1921.929,326.586,-61.866,0.471557,0.881600,-0.020391,-0.881835,0.471407,-0.011935,-0.000909,0.023610,0.999721,0,0.82594,-0.85280,49.556,-1.706,-1,400.000,-1,375.000,-1,325.000,325.000,300.000,300.000,-1,-1,-1,-1,750.000,725.000,-1,-1,2,0,2,0,2,0,0,0,0,2,2,2,2,0,0,2,2
128,-239.320,-1966.398,326.617,-63.811,0.441355,0.897129,-0.019108,-0.897331,0.441220,-0.011011,-0.001448,0.022006,0.999757,0,0.82594,-0.97280,49.556,-1.946,-1,400.000,-1,375.000,-1,325.000,325.000,300.000,300.000,-1,-1,-1,-1,750.000,725.000,-1,-1,2,0,2,0,2,0,0,0,0,2,2,2,2,0,0,2,2
129,-219.015,-2011.604,326.579,-65.811,0.409777,0.912013,-0.017775,-0.912184,0.409656,-0.010118,-0.001946,0.020360,0.999791,0,0.82594,-1.00000,49.556,-2.000,-1,400.000,-1,375.000,-1,325.000,325.000,300.000,300.000,-1,-1,-1,-1,750.000,725.000,-1,-1,2,0,2,0,2,0,0,0,0,2,2,2,2,0,0,2,2
130,-200.300,-2057.490,326.525,-67.811,0.377699,0.925781,-0.016518,-0.925925,0.377589,-0.009485,-0.002544,0.018877,0.999819,0,0.82594,-1.00000,49.556,-2.000,-1,400.000,-1,375.000,-1,325.000,325.000,300.000,300.000,-1,-1,-1,-1,750.000,700.000,-1,-1,2,0,2,0,2,0,0,0,0,2,2,2,2,0,0,2,2
131,-183.198,-2104.002,326.542,-69.811,0.345162,0.938411,-0.015717,-0.938538,0.345056,-0.009137,-0.003151,0.017905,0.999835,0,0.82594,-1.00000,49.556,-2.000,-1,400.000,-1,375.000,-1,325.000,325.000,300.000,300.000,-1,-1,-1,-1,750.000,700.000,-1,-1,2,0,2,0,2,0,0,0,0,2,2,2,2,0,0,2,2
132,-167.729,-2151.082,326.605,-71.811,0.312199,0.949892,-0.015427,-0.950011,0.312099,-0.008566,-0.003322,0.017330,0.999844,0,0.82594,-1.00000,49.556,-2.000,-1,400.000,-1,375.000,-1,325.000,325.000,300.000,300.000,-1,-1,-1,-1,750.000,700.000,-1,-1,2,0,2,0,2,0,0,0,0,2,2,2,2,0,0,2,2
133,-154.154,-2197.121,326.611,-73.571,0.282872,0.959039,-0.015096,-0.959152,0.282780,-0.007955,-0.003360,0.016730,0.999854,0,0.79998,-0.88000,47.999,-1.760,-1,400.000,-1,375.000,-1,325.000,325.000,300.000,300.000,-1,-1,-1,-1,750.000,700.000,-1,-1,2,0,2,0,2,0,0,0,0,2,2,2,2,0,0,2,2
134,-141.806,-2243.504,326.569,-75.091,0.257327,0.966212,-0.014717,-0.966319,0.257244,-0.007295,-0.003263,0.016099,0.999865,0,0.79998,-0.76000,47.999,-1.520,-1,400.000,-1,375.000,-1,325.000,325.000,300.000,300.000,-1,-1,-1,-1,750.000,700.000,-1,-1,2,0,2,0,2,0,0,0,0,2,2,2,2,0,0,2,2
135,-130.496,-2290.151,326.486,-76.371,0.235671,0.971728,-0.014299,-0.971828,0.235599,-0.006595,-0.003039,0.015451,0.999876,0,0.79998,-0.64000,47.999,-1.280,-1,400.000,-1,375.000,-1,325.000,325.000,300.000,300.000,-1,-1,-1,-1,725.000,675.000,-1,-1,2,0,2,0,2,0,0,0,0,2,2,2,2,0,0,2,2
136,-120.035,-2336.996,326.368,-77.411,0.217987,0.975853,-0.013851,-0.975948,0.217925,-0.005862,-0.002702,0.014796,0.999887,0,0.79998,-0.52000,47.999,-1.040,-1,400.000,-1,375.000,-1,325.000,325.000,300.000,300.000,-1,-1,-1,-1,725.000,675.000,-1,-1,2,0,2,0,2,0,0,0,0,2,2,2,2,0,0,2,2
137,-110.229,-2383.982,326.219,-78.211,0.204332,0.978810,-0.013382,-0.978899,0.204280,-0.005107,-0.002265,0.014143,0.999897,0,0.79998,-0.40000,47.999,-0.800,-1,400.000,-1,375.000,-1,325.000,325.000,300.000,300.000,-1,1000.000,-1,-1,725.000,675.000,-1,-1,2,0,2,0,2,0,0,0,0,2,0,2,2,0,0,2,2
138,-100.846,-2431.247,326.044,-78.771,0.194746,0.980769,-0.012899,-0.980852,0.194706,-0.004332,-0.001737,0.013496,0.999907,0,0.80311,-0.28000,48.187,-0.560,-1,400.000,-1,375.000,-1,325.000,325.000,300.000,300.000,-1,950.000,-1,-1,725.000,675.000,-1,-1,2,0,2,0,2,0,0,0,0,2,0,2,2,0,0,2,2
139,-91.663,-2478.894,325.845,-79.091,0.189257,0.981849,-0.012413,-0.981927,0.189227,-0.003543,-0.001130,0.012859,0.999917,0,0.80873,-0.16000,48.524,-0.320,-1,400.000,-1,375.000,-1,325.000,300.000,300.000,300.000,-1,925.000,-1,-1,725.000,675.000,-1,-1,2,0,2,0,2,0,0,0,0,2,0,2,2,0,0,2,2
140,-82.557,-2526.896,325.625,-79.259,0.186377,0.982406,-0.011933,-0.982478,0.186357,-0.002742,-0.000470,0.012235,0.999925,0,0.81431,-0.08375,48.859,-0.167,-1,375.000,-1,375.000,-1,325.000,300.000,300.000,275.000,-1,900.000,-1,-1,725.000,675.000,-1,-1,2,0,2,0,2,0,0,0,0,2,0,2,2,0,0,2,2
