timestep,x_cm,y_cm,z_cm,yaw_deg,basis_xx,basis_xy,basis_xz,basis_yx,basis_yy,basis_yz,basis_zx,basis_zy,basis_zz,teleport_flag,throttle_cmd,steering_cmd,cmd_move_cm,cmd_turn_deg,lidar_cm_0,lidar_cm_1,lidar_cm_2,lidar_cm_3,lidar_cm_4,lidar_cm_5,lidar_cm_6,lidar_cm_7,lidar_cm_8,lidar_cm_9,lidar_cm_10,lidar_cm_11,lidar_cm_12,lidar_cm_13,lidar_cm_14,lidar_cm_15,lidar_cm_16,lidar_class_0,lidar_class_1,lidar_class_2,lidar_class_3,lidar_class_4,lidar_class_5,lidar_class_6,lidar_class_7,lidar_class_8,lidar_class_9,lidar_class_10,lidar_class_11,lidar_class_12,lidar_class_13,lidar_class_14,lidar_class_15,lidar_class_16
0,-5574.094,5580.045,15.281,73.886,0.277827,-0.960597,-0.008068,0.957106,0.277516,-0.083263,0.082221,0.015411,0.996495,1,0.08000,-0.12000,4.800,-0.240,-1,375.000,-1,375.000,650.000,325.000,325.000,300.000,325.000,-1,-1,-1,-1,675.000,700.000,-1,-1,2,0,2,0,1,0,0,0,0,2,2,2,2,0,0,2,2
1,-5571.352,5589.245,16.063,73.406,0.285887,-0.958229,-0.008167,0.954715,0.285551,-0.083550,0.082392,0.016089,0.996470,0,0.16000,-0.24000,9.600,-0.480,-1,375.000,-1,375.000,650.000,325.000,325.000,300.000,325.000,-1,-1,1000.000,-1,675.000,700.000,-1,-1,2,0,2,0,1,0,0,0,0,2,2,0,2,0,0,2,2
2,-5567.067,5602.993,17.233,72.686,0.297939,-0.954549,-0.008324,0.951001,0.297564,-0.083976,0.082636,0.017104,0.996433,0,0.24000,-0.36000,14.400,-0.720,-1,375.000,-1,375.000,625.000,325.000,325.000,300.000,325.000,-1,-1,950.000,-1,675.000,700.000,-1,-1,2,0,2,0,1,0,0,0,0,2,2,0,2,0,0,2,2
3,-5561.047,5621.225,18.787,71.726,0.313934,-0.949406,-0.008550,0.945815,0.313508,-0.084537,0.082941,0.018452,0.996384,0,0.32000,-0.48000,19.200,-0.960,-1,375.000,-1,375.000,600.000,325.000,325.000,300.000,325.000,-1,-1,900.000,-1,675.000,725.000,-1,-1,2,0,2,0,1,0,0,0,0,2,2,0,2,0,0,2,2
4,-5553.114,5643.876,20.721,70.699,0.330949,-0.943607,-0.008851,0.939960,0.330469,-0.085235,0.083353,0.019888,0.996322,0,0.40000,-0.51361,24.000,-1.027,-1,375.000,-1,375.000,600.000,325.000,325.000,300.000,325.000,-1,-1,825.000,-1,675.000,725.000,-1,-1,2,0,2,0,1,0,0,0,0,2,2,0,2,0,0,2,2
5,-5543.109,5670.882,23.033,69.669,0.347890,-0.937490,-0.009237,0.933774,0.347359,-0.086067,0.083895,0.021317,0.996247,0,0.48000,-0.51473,28.800,-1.029,-1,375.000,-1,375.000,575.000,325.000,325.000,300.000,325.000,-1,-1,750.000,-1,675.000,700.000,-1,875.000,2,0,2,0,1,0,0,0,0,2,2,0,2,0,1,2,1
6,-5530.870,5702.174,25.720,68.637,0.364758,-0.931052,-0.009718,0.927254,0.364178,-0.087026,0.084565,0.022733,0.996159,0,0.56000,-0.51607,33.600,-1.032,-1,375.000,-1,375.000,550.000,325.000,325.000,300.000,325.000,-1,850.000,700.000,-1,675.000,700.000,-1,800.000,2,0,2,0,1,0,0,0,0,2,0,0,2,0,1,2,1
7,-5516.238,5737.678,28.775,67.602,0.381552,-0.924290,-0.010309,0.920397,0.380927,-0.088107,0.085363,0.024129,0.996058,0,0.64000,-0.51760,38.400,-1.035,-1,375.000,-1,375.000,525.000,300.000,325.000,300.000,325.000,-1,725.000,625.000,-1,675.000,675.000,-1,750.000,2,0,2,0,1,0,0,0,0,2,0,0,2,0,1,2,1
8,-5499.331,5776.682,32.214,66.563,0.398295,-0.917195,-0.010646,0.913214,0.397602,-0.089182,0.086030,0.025798,0.995958,0,0.70851,-0.51929,42.511,-1.039,-1,375.000,-1,375.000,475.000,300.000,325.000,300.000,325.000,-1,675.000,600.000,-1,675.000,650.000,-1,700.000,2,0,2,0,1,0,0,0,0,2,0,0,2,0,1,2,1
9,-5481.751,5815.297,35.777,65.521,0.415015,-0.909757,-0.010284,0.905724,0.414193,-0.090045,0.086179,0.028055,0.995885,0,0.70714,-0.52109,42.428,-1.042,-1,375.000,-1,375.000,450.000,300.000,325.000,300.000,325.000,-1,675.000,600.000,-1,675.000,650.000,-1,650.000,2,0,2,0,1,0,0,0,0,2,0,0,2,0,1,2,1
10,-5463.508,5853.506,39.511,64.476,0.431703,-0.901966,-0.009513,0.897818,0.430686,-0.091832,0.086926,0.031103,0.995729,0,0.70567,-0.52278,42.340,-1.046,-1,375.000,-1,375.000,425.000,300.000,325.000,300.000,300.000,-1,650.000,575.000,-1,675.000,625.000,-1,600.000,2,0,2,0,1,0,0,0,0,2,0,0,2,0,1,2,1
11,-5444.612,5891.291,43.267,63.427,0.448307,-0.893837,-0.008708,0.889557,0.447075,-0.093869,0.087797,0.034336,0.995546,0,0.70410,-0.52437,42.246,-1.049,-1,375.000,-1,375.000,400.000,300.000,325.000,300.000,300.000,-1,650.000,550.000,-1,700.000,600.000,-1,550.000,2,0,2,0,1,0,0,0,0,2,0,0,2,0,1,2,1
12,-5425.456,5928.279,46.937,62.618,0.461026,-0.887350,-0.008021,0.882940,0.459601,-0.095827,0.088719,0.037097,0.995366,0,0.69422,-0.40437,41.653,-0.809,-1,375.000,-1,400.000,375.000,325.000,325.000,300.000,300.000,-1,625.000,550.000,-1,700.000,600.000,-1,500.000,2,0,2,0,1,0,0,0,0,2,0,0,2,0,1,2,1
13,-5404.190,5968.360,50.908,62.049,0.469952,-0.882661,-0.007355,0.878107,0.468343,-0.097896,0.089853,0.039548,0.995169,0,0.75621,-0.28437,45.373,-0.569,-1,375.000,-1,400.000,325.000,325.000,325.000,300.000,300.000,-1,600.000,525.000,-1,725.000,600.000,-1,475.000,2,0,2,1,1,0,0,0,0,2,0,0,2,0,1,2,1
14,-5382.673,6008.359,55.067,61.721,0.475079,-0.879914,-0.007110,0.875275,0.473375,-0.099044,0.090516,0.040831,0.995058,0,0.75698,-0.16437,45.419,-0.329,-1,375.000,-1,375.000,325.000,325.000,325.000,300.000,300.000,-1,625.000,550.000,-1,725.000,600.000,-1,450.000,2,0,2,1,1,0,0,0,1,2,0,0,2,0,1,2,1
15,-5360.961,6048.250,59.236,61.441,0.479433,-0.877551,-0.006950,0.872838,0.477650,-0.100023,0.091095,0.041888,0.994961,0,0.75695,-0.14006,45.417,-0.280,-1,375.000,-1,375.000,300.000,325.000,325.000,300.000,275.000,-1,650.000,550.000,-1,750.000,625.000,-1,450.000,2,0,2,1,1,0,0,0,1,2,0,0,2,0,1,2,1
16,-5339.061,6088.000,63.447,61.146,0.483970,-0.875056,-0.007113,0.870256,0.482136,-0.100994,0.091805,0.042688,0.994862,0,0.75639,-0.14719,45.383,-0.294,-1,375.000,-1,375.000,275.000,325.000,325.000,300.000,275.000,-1,650.000,575.000,-1,750.000,650.000,-1,425.000,2,0,2,1,1,0,0,0,1,2,0,0,2,0,1,2,1
17,-5316.975,6127.579,67.665,60.837,0.488706,-0.872417,-0.007452,0.867526,0.486837,-0.101927,0.092550,0.043347,0.994764,0,0.75539,-0.15458,45.324,-0.309,-1,375.000,-1,350.000,275.000,325.000,325.000,300.000,250.000,-1,675.000,600.000,-1,775.000,825.000,-1,425.000,2,0,2,1,1,0,0,0,1,2,0,0,2,0,0,2,1
18,-5294.708,6166.956,71.845,60.513,0.493660,-0.869620,-0.007774,0.864646,0.491755,-0.102786,0.093207,0.044019,0.994673,0,0.75394,-0.16222,45.236,-0.324,-1,375.000,-1,350.000,250.000,325.000,325.000,300.000,250.000,-1,675.000,600.000,-1,800.000,850.000,-1,-1,2,0,2,1,1,0,0,0,1,2,0,0,2,0,0,2,2
19,-5272.262,6206.099,77.782,60.172,0.498210,-0.866899,-0.016513,0.861375,0.497032,-0.104845,0.099098,0.038011,0.994351,0,0.75200,-0.17011,45.120,-0.340,-1,400.000,-1,375.000,275.000,325.000,325.000,300.000,250.000,-1,575.000,550.000,-1,850.000,975.000,-1,-1,2,0,2,1,1,0,1,0,1,2,0,0,2,0,0,2,2
20,-5249.646,6244.975,83.576,59.816,0.502948,-0.863962,-0.024783,0.857964,0.502516,-0.106656,0.104600,0.032380,0.993987,0,0.74958,-0.17823,44.975,-0.356,-1,425.000,-1,400.000,325.000,350.000,350.000,300.000,250.000,-1,500.000,500.000,-1,900.000,-1,-1,-1,2,0,2,1,1,0,1,0,1,2,0,0,2,0,2,2,2
21,-5226.867,6283.552,89.048,59.443,0.507969,-0.860790,-0.031756,0.854427,0.508202,-0.108104,0.109193,0.027780,0.993632,0,0.74664,-0.18656,44.799,-0.373,-1,425.000,-1,425.000,-1,350.000,350.000,275.000,225.000,-1,400.000,475.000,-1,950.000,-1,-1,-1,2,0,2,1,2,0,1,0,1,2,0,0,2,0,2,2,2
22,-5203.933,6321.796,94.196,59.053,0.513306,-0.857389,-0.037438,0.850750,0.514100,-0.109210,0.112882,0.024207,0.993313,0,0.74320,-0.19509,44.592,-0.390,-1,450.000,-1,450.000,-1,375.000,375.000,275.000,225.000,-1,325.000,400.000,-1,1000.000,-1,-1,-1,2,0,2,1,2,0,1,0,1,2,0,0,2,0,2,2,2
23,-5180.852,6359.674,99.019,58.645,0.518983,-0.853760,-0.041837,0.846922,0.520216,-0.109996,0.115675,0.021653,0.993051,0,0.73926,-0.20378,44.356,-0.408,-1,450.000,-1,525.000,-1,375.000,400.000,275.000,200.000,-1,300.000,375.000,-1,-1,-1,-1,-1,2,0,2,0,2,0,0,0,1,2,0,0,2,2,2,2,2
24,-5157.631,6397.153,103.749,58.220,0.525143,-0.849887,-0.043782,0.842955,0.526544,-0.110358,0.116845,0.021048,0.992927,0,0.73482,-0.21260,44.089,-0.425,-1,475.000,-1,525.000,-1,375.000,400.000,275.000,200.000,-1,300.000,375.000,-1,-1,-1,-1,-1,2,0,2,0,2,0,0,0,1,2,0,0,2,2,2,2,2
25,-5134.279,6434.202,108.172,57.777,0.531679,-0.845782,-0.044379,0.838813,0.533095,-0.110464,0.117086,0.021505,0.992889,0,0.72991,-0.22151,43.795,-0.443,-1,475.000,-1,550.000,-1,400.000,400.000,275.000,200.000,-1,300.000,400.000,-1,-1,-1,-1,-1,2,0,2,0,2,0,0,0,1,2,0,0,2,2,2,2,2
26,-5110.807,6470.795,112.243,57.321,0.538489,-0.841492,-0.043816,0.834546,0.539787,-0.110288,0.116458,0.022822,0.992933,0,0.72456,-0.22778,43.473,-0.456,-1,475.000,-1,550.000,-1,400.000,400.000,275.000,175.000,-1,325.000,400.000,-1,-1,-1,-1,-1,2,0,2,0,2,0,0,0,1,2,0,0,2,2,2,2,2
27,-5087.232,6506.907,115.792,56.861,0.545401,-0.837103,-0.042378,0.830327,0.546506,-0.109032,0.114431,0.024279,0.993134,0,0.71878,-0.22998,43.127,-0.460,-1,475.000,-1,550.000,-1,400.000,425.000,275.000,175.000,-1,350.000,450.000,-1,-1,-1,-1,-1,2,0,2,0,2,0,0,0,1,2,0,0,2,2,2,2,2
28,-5063.570,6542.519,119.007,56.398,0.552442,-0.832602,-0.039762,0.826046,0.553231,-0.107626,0.111607,0.026611,0.993396,0,0.71261,-0.23190,42.757,-0.464,-1,475.000,-1,550.000,-1,400.000,425.000,275.000,175.000,-1,400.000,500.000,-1,-1,-1,-1,-1,2,0,2,0,2,0,0,0,1,2,0,0,2,2,2,2,2
29,-5039.839,6577.613,121.892,55.930,0.559586,-0.827990,-0.035992,0.821705,0.559950,-0.106100,0.108003,0.029798,0.993704,0,0.70609,-0.23354,42.366,-0.467,-1,475.000,-1,550.000,-1,400.000,400.000,275.000,150.000,-1,475.000,575.000,-1,-1,-1,-1,-1,2,0,2,0,2,0,0,0,1,2,0,0,2,2,2,2,2
30,-5016.053,6612.175,124.453,55.461,0.566804,-0.823266,-0.031090,0.817308,0.566648,-0.104486,0.103637,0.033813,0.994040,0,0.69929,-0.23490,41.958,-0.470,-1,475.000,-1,525.000,-1,400.000,400.000,275.000,150.000,-1,600.000,675.000,-1,-1,-1,-1,-1,2,0,2,0,2,0,0,0,1,2,0,0,2,2,2,2,2
31,-4992.225,6646.196,126.729,54.989,0.574054,-0.818431,-0.025129,0.812879,0.573312,-0.102668,0.098433,0.038510,0.994398,0,0.69227,-0.23597,41.536,-0.472,-1,475.000,-1,525.000,-1,375.000,400.000,275.000,150.000,-1,800.000,875.000,-1,-1,-1,-1,-1,2,0,2,0,2,0,0,0,1,2,0,0,2,2,2,2,2
32,-4968.366,6679.669,128.745,54.515,0.581298,-0.813488,-0.018156,0.808432,0.579930,-0.100593,0.092360,0.043796,0.994762,0,0.68511,-0.23676,41.107,-0.474,-1,475.000,-1,500.000,-1,375.000,400.000,275.000,150.000,-1,-1,-1,-1,-1,-1,-1,-1,2,0,2,0,2,0,0,0,1,2,2,2,2,2,2,2,2
33,-4944.487,6712.591,130.447,54.041,0.588510,-0.808426,-0.010120,0.803944,0.586481,-0.098566,0.085618,0.049871,0.995079,0,0.67787,-0.23728,40.672,-0.475,-1,450.000,-1,475.000,-1,375.000,375.000,300.000,125.000,-1,-1,-1,-1,-1,-1,-1,-1,2,0,2,0,2,0,0,0,1,2,2,2,2,2,2,2,2
34,-4917.332,6749.063,132.747,53.326,0.598894,-0.800827,-0.000975,0.797275,0.596352,-0.093365,0.075351,0.055138,0.995631,0,0.75787,-0.35728,45.472,-0.715,-1,450.000,-1,450.000,-1,350.000,350.000,300.000,125.000,-1,-1,-1,-1,-1,-1,-1,-1,2,0,2,0,2,0,0,0,1,2,2,2,2,2,2,2,2
35,-4886.638,6788.875,136.609,52.372,0.612070,-0.790779,0.006232,0.788436,0.609608,-0.082138,0.061154,0.055188,0.996601,0,0.83787,-0.47728,50.272,-0.955,-1,425.000,-1,425.000,-1,350.000,350.000,300.000,125.000,-1,-1,-1,-1,975.000,-1,-1,-1,2,0,2,0,2,0,0,0,1,2,2,2,2,0,2,2,2
36,-4852.168,6831.825,141.743,51.256,0.627023,-0.778964,0.007563,0.777361,0.625044,-0.070926,0.050522,0.050351,0.997453,0,0.91787,-0.55760,55.072,-1.115,-1,400.000,-1,425.000,-1,325.000,350.000,275.000,150.000,-1,-1,-1,-1,900.000,-1,-1,-1,2,0,2,0,2,0,0,0,1,2,2,2,2,0,2,2,2
37,-4816.747,6874.245,146.398,50.143,0.641802,-0.766809,0.009639,0.765792,0.640183,-0.061065,0.040655,0.046573,0.998087,0,0.92108,-0.55684,55.265,-1.114,-1,400.000,-1,425.000,-1,325.000,350.000,275.000,150.000,-1,-1,-1,-1,875.000,1000.000,-1,-1,2,0,2,0,2,0,0,0,1,2,2,2,2,0,0,2,2
38,-4780.821,6915.615,150.502,49.031,0.656370,-0.754338,0.012365,0.753772,0.655012,-0.052783,0.031717,0.043965,0.998529,0,0.91321,-0.55566,54.793,-1.111,-1,400.000,-1,425.000,-1,325.000,325.000,275.000,175.000,-1,-1,-1,-1,825.000,975.000,-1,-1,2,0,2,0,2,0,0,0,1,2,2,2,2,0,0,2,2
39,-4744.399,6955.955,153.993,47.923,0.670686,-0.741584,0.015299,0.741355,0.669528,-0.046093,0.023939,0.042256,0.998820,0,0.90582,-0.55410,54.349,-1.108,-1,400.000,-1,425.000,-1,325.000,325.000,275.000,175.000,-1,-1,-1,-1,800.000,950.000,-1,-1,2,0,2,0,2,0,0,0,1,2,2,2,2,0,0,2,2
40,-4707.487,6995.286,156.744,46.819,0.684730,-0.728582,0.017663,0.728580,0.683735,-0.040948,0.017757,0.040907,0.999005,0,0.89899,-0.55218,53.939,-1.104,-1,375.000,-1,425.000,-1,325.000,325.000,275.000,200.000,-1,-1,-1,-1,800.000,925.000,-1,-1,2,0,2,0,2,0,0,0,1,2,2,2,2,0,0,2,2
41,-4670.088,7033.634,158.960,45.719,0.698490,-0.715329,0.020385,0.715510,0.697600,-0.037407,0.012538,0.040715,0.999092,0,0.89275,-0.54993,53.565,-1.100,-1,375.000,-1,425.000,-1,325.000,325.000,275.000,200.000,-1,-1,-1,-1,800.000,925.000,-1,-1,2,0,2,0,2,0,0,0,1,2,2,2,2,0,0,2,2
42,-4632.205,7071.024,160.523,44.624,0.711942,-0.701830,0.023947,0.702193,0.711098,-0.035554,0.007924,0.042128,0.999081,0,0.88713,-0.54737,53.228,-1.095,-1,400.000,-1,425.000,-1,325.000,325.000,275.000,225.000,-1,-1,-1,-1,800.000,900.000,-1,-1,2,0,2,0,2,0,0,0,1,2,2,2,2,0,0,2,2
43,-4593.835,7107.482,161.550,43.535,0.725077,-0.688110,0.027731,0.688655,0.724227,-0.035356,0.004246,0.044733,0.998990,0,0.88214,-0.54452,52.928,-1.089,-1,400.000,-1,425.000,-1,325.000,325.000,275.000,250.000,-1,-1,-1,-1,800.000,900.000,-1,-1,2,0,2,0,2,0,0,0,1,2,2,2,2,0,0,2,2
44,-4554.976,7143.032,161.966,42.452,0.737879,-0.674195,0.031539,0.674931,0.736986,-0.036324,0.001246,0.048089,0.998842,0,0.87778,-0.54141,52.667,-1.083,-1,400.000,-1,425.000,-1,325.000,325.000,275.000,250.000,-1,-1,-1,550.000,800.000,875.000,-1,-1,2,0,2,0,2,0,0,0,1,2,2,2,1,0,0,2,2
45,-4515.626,7177.698,161.807,41.376,0.750351,-0.660095,0.035315,0.661038,0.749358,-0.038614,-0.000974,0.052319,0.998630,0,0.87403,-0.53804,52.442,-1.076,-1,400.000,-1,425.000,-1,325.000,325.000,275.000,275.000,-1,-1,-1,500.000,800.000,875.000,-1,-1,2,0,2,0,2,0,0,0,1,2,2,2,1,0,0,2,2
46,-4475.781,7211.502,161.030,40.307,0.762521,-0.645826,0.038337,0.646961,0.761335,-0.042544,-0.001711,0.057243,0.998359,0,0.87087,-0.53445,52.252,-1.069,-1,400.000,-1,425.000,-1,325.000,325.000,275.000,300.000,-1,-1,-1,450.000,825.000,850.000,-1,-1,2,0,2,0,2,0,0,0,1,2,2,2,1,0,0,2,2
47,-4438.870,7241.911,159.833,39.478,0.771822,-0.634547,0.040516,0.635838,0.770358,-0.047519,-0.001059,0.062438,0.998048,0,0.79704,-0.41445,47.823,-0.829,-1,400.000,-1,425.000,-1,325.000,325.000,300.000,300.000,-1,-1,-1,400.000,850.000,850.000,-1,-1,2,0,2,0,2,0,0,0,1,2,2,2,1,0,0,2,2
48,-4401.755,7271.855,158.243,38.890,0.778391,-0.626343,0.042447,0.627779,0.776526,-0.053860,0.000773,0.068571,0.997646,0,0.79481,-0.29445,47.688,-0.589,-1,425.000,-1,425.000,-1,325.000,325.000,300.000,300.000,-1,-1,-1,375.000,875.000,850.000,-1,-1,2,0,2,0,2,0,0,0,0,2,2,2,1,0,0,2,2
49,-4364.562,7301.484,157.867,38.541,0.782128,-0.621547,0.044217,0.623117,0.780256,-0.054099,-0.000876,0.069865,0.997556,0,0.79253,-0.17445,47.552,-0.349,-1,425.000,-1,425.000,-1,325.000,325.000,300.000,300.000,-1,-1,-1,375.000,875.000,850.000,-1,-1,2,0,2,0,2,0,0,0,0,2,2,2,1,0,0,2,2
50,-4327.417,7330.956,157.811,38.432,0.783188,-0.620086,0.045944,0.621775,0.781465,-0.052043,-0.003632,0.069326,0.997587,0,0.79027,-0.05445,47.416,-0.109,-1,425.000,-1,400.000,-1,325.000,325.000,300.000,300.000,-1,-1,-1,375.000,875.000,825.000,-1,-1,2,0,2,0,2,0,0,0,0,2,2,2,1,0,0,2,2
51,-4290.443,7360.432,157.663,38.563,0.781648,-0.621898,0.047630,0.623690,0.780077,-0.049913,-0.006114,0.068721,0.997617,0,0.78810,0.06555,47.286,0.131,-1,425.000,-1,400.000,-1,325.000,325.000,300.000,300.000,-1,-1,-1,400.000,850.000,825.000,-1,-1,2,0,2,0,2,0,0,0,0,2,2,2,1,0,0,2,2
52,-4253.755,7390.070,157.465,38.934,0.777491,-0.626960,0.049272,0.628840,0.776061,-0.047856,-0.008234,0.068192,0.997638,0,0.78607,0.18555,47.164,0.371,-1,425.000,-1,400.000,-1,325.000,325.000,300.000,300.000,-1,-1,-1,400.000,850.000,800.000,-1,-1,2,0,2,0,2,0,0,0,0,2,2,2,1,0,0,2,2
53,-4217.470,7420.028,157.230,39.545,0.770654,-0.635221,0.050868,0.637176,0.769353,-0.045864,-0.010002,0.067757,0.997652,0,0.78424,0.30555,47.055,0.611,-1,400.000,-1,400.000,-1,325.000,325.000,300.000,300.000,-1,-1,-1,425.000,825.000,800.000,-1,-1,2,0,2,0,2,0,0,0,0,2,2,2,1,0,0,2,2
54,-4181.705,7450.462,156.971,40.396,0.761032,-0.646593,0.052416,0.648613,0.759849,-0.043930,-0.011424,0.067430,0.997659,0,0.78268,0.42555,46.961,0.851,-1,400.000,-1,400.000,-1,325.000,325.000,300.000,300.000,-1,-1,-1,450.000,825.000,775.000,-1,-1,2,0,2,0,2,0,0,0,0,2,2,2,1,0,0,2,2
55,-4146.582,7481.522,156.557,41.487,0.748506,-0.660930,0.053949,0.663018,0.747383,-0.042721,-0.012085,0.067746,0.997629,0,0.78146,0.54555,46.887,1.091,-1,400.000,-1,400.000,-1,325.000,325.000,300.000,300.000,-1,-1,-1,500.000,800.000,775.000,-1,-1,2,0,2,0,2,0,0,0,0,2,2,2,1,0,0,2,2
56,-4112.227,7513.356,156.137,42.818,0.732882,-0.678092,0.055457,0.680243,0.731805,-0.041603,-0.012373,0.068214,0.997594,0,0.78062,0.66555,46.837,1.331,-1,400.000,-1,400.000,-1,325.000,325.000,300.000,300.000,-1,-1,-1,550.000,800.000,775.000,-1,-1,2,0,2,0,2,0,0,0,0,2,2,2,1,0,0,2,2
57,-4078.775,7546.103,155.752,44.389,0.713957,-0.697876,0.056865,0.700082,0.712913,-0.040508,-0.012270,0.068732,0.997560,0,0.78022,0.78555,46.813,1.571,-1,400.000,-1,400.000,-1,325.000,325.000,300.000,300.000,-1,-1,-1,600.000,775.000,750.000,-1,-1,2,0,2,0,2,0,0,0,0,2,2,2,1,0,0,2,2
58,-4046.316,7579.843,155.417,46.107,0.692665,-0.718909,0.058174,0.721161,0.691643,-0.039441,-0.011881,0.069272,0.997527,0,0.78032,0.85901,46.819,1.718,-1,400.000,-1,400.000,-1,325.000,325.000,300.000,300.000,-1,-1,-1,650.000,775.000,750.000,-1,-1,2,0,2,0,2,0,0,0,0,2,2,2,1,0,0,2,2
59,-4014.860,7614.580,155.060,47.838,0.670615,-0.739453,0.059028,0.741722,0.669608,-0.038393,-0.011136,0.069529,0.997518,0,0.78106,0.86519,46.863,1.730,-1,400.000,-1,400.000,-1,325.000,325.000,300.000,300.000,-1,-1,-1,725.000,775.000,725.000,-1,-1,2,0,2,0,2,0,0,0,0,2,2,2,1,0,0,2,2
60,-3984.418,7650.325,154.778,49.581,0.647810,-0.759482,0.059407,0.761736,0.646806,-0.037405,-0.010017,0.069483,0.997533,0,0.78255,0.87158,46.953,1.743,-1,400.000,-1,400.000,-1,325.000,325.000,300.000,300.000,-1,-1,-1,825.000,775.000,725.000,-1,-1,2,0,2,0,2,0,0,0,0,2,2,2,1,0,0,2,2
61,-3955.004,7687.090,154.581,51.337,0.624239,-0.778956,0.059601,0.781185,0.623231,-0.036521,-0.008697,0.069357,0.997554,0,0.78473,0.87817,47.084,1.756,-1,400.000,-1,400.000,-1,325.000,325.000,300.000,300.000,-1,-1,-1,975.000,750.000,725.000,-1,-1,2,0,2,0,2,0,0,0,0,2,2,2,1,0,0,2,2
62,-3926.638,7724.880,154.452,53.107,0.599904,-0.797841,0.059703,0.800039,0.598881,-0.035757,-0.007226,0.069216,0.997576,0,0.78754,0.88494,47.253,1.770,-1,400.000,-1,375.000,-1,325.000,325.000,300.000,300.000,-1,-1,-1,-1,750.000,725.000,-1,-1,2,0,2,0,2,0,0,0,0,2,2,2,2,0,0,2,2
63,-3899.345,7763.701,154.391,54.891,0.574809,-0.816105,0.059728,0.818269,0.573762,-0.035123,-0.005605,0.069062,0.997597,0,0.79093,0.89189,47.456,1.784,-1,400.000,-1,375.000,-1,325.000,325.000,300.000,300.000,-1,-1,-1,-1,750.000,700.000,-1,-1,2,0,2,0,2,0,0,0,0,2,2,2,2,0,0,2,2
64,-3873.155,7803.555,154.428,56.689,0.548965,-0.833708,0.059737,0.835837,0.547875,-0.034772,-0.003739,0.069019,0.997608,0,0.79483,0.89899,47.690,1.798,-1,400.000,-1,375.000,-1,325.000,325.000,300.000,300.000,-1,-1,925.000,-1,750.000,700.000,-1,-1,2,0,2,0,2,0,0,0,0,2,2,1,2,0,0,2,2
65,-3848.102,7844.441,154.519,58.501,0.522386,-0.850626,0.059559,0.852708,0.521236,-0.034681,-0.001544,0.068903,0.997622,0,0.79921,0.90625,47.952,1.813,-1,400.000,-1,375.000,-1,325.000,325.000,300.000,300.000,-1,-1,925.000,-1,750.000,700.000,-1,-1,2,0,2,0,2,0,0,0,0,2,2,1,2,0,0,2,2
66,-3824.223,7886.354,154.666,60.329,0.495075,-0.866825,0.059292,0.868850,0.493853,-0.034768,0.000856,0.068728,0.997635,0,0.80399,0.91365,48.240,1.827,-1,400.000,-1,375.000,-1,325.000,325.000,300.000,300.000,-1,-1,925.000,-1,750.000,700.000,-1,-1,2,0,2,0,2,0,0,0,0,2,2,1,2,0,0,2,2
67,-3800.227,7931.326,154.891,61.916,0.470951,-0.880182,0.059037,0.882154,0.469657,-0.035023,0.003099,0.068574,0.997641,0,0.84956,0.79365,50.973,1.587,-1,400.000,-1,375.000,-1,325.000,325.000,300.000,300.000,-1,-1,925.000,-1,750.000,700.000,-1,-1,2,0,2,0,2,0,0,0,0,2,2,1,2,0,0,2,2
68,-3777.137,7977.161,155.185,63.263,0.450200,-0.890990,0.058799,0.892913,0.448836,-0.035395,0.005146,0.068437,0.997642,0,0.85539,0.67365,51.323,1.347,-1,400.000,-1,375.000,-1,325.000,325.000,300.000,300.000,-1,-1,950.000,-1,750.000,700.000,-1,-1,2,0,2,0,2,0,0,0,0,2,2,1,2,0,0,2,2
69,-3754.779,8023.766,155.575,64.371,0.432970,-0.899513,0.058430,0.901381,0.431542,-0.035836,0.007020,0.068183,0.997648,0,0.86153,0.55365,51.692,1.107,-1,400.000,-1,375.000,-1,325.000,325.000,300.000,300.000,-1,-1,1000.000,-1,750.000,700.000,-1,-1,2,0,2,0,2,0,0,0,0,2,2,1,2,0,0,2,2
70,-3732.967,8071.051,156.108,65.238,0.419382,-0.905978,0.057642,0.907766,0.417893,-0.036414,0.008902,0.067597,0.997673,0,0.86789,0.43365,52.073,0.867,-1,400.000,-1,375.000,-1,325.000,325.000,300.000,300.000,-1,-1,-1,-1,750.000,700.000,-1,-1,2,0,2,0,2,0,0,0,0,2,2,2,2,0,0,2,2
71,-3711.515,8118.931,156.686,65.865,0.409508,-0.910535,0.056825,0.912246,0.407966,-0.037035,0.010539,0.067004,0.997697,0,0.87443,0.31365,52.466,0.627,-1,400.000,-1,375.000,-1,325.000,325.000,300.000,300.000,-1,-1,-1,-1,750.000,700.000,-1,-1,2,0,2,0,2,0,0,0,0,2,2,2,2,0,0,2,2
72,-3690.225,8167.321,157.331,66.253,0.403397,-0.913317,0.055886,0.914948,0.401821,-0.037542,0.011831,0.066277,0.997731,0,0.88111,0.19365,52.867,0.387,-1,400.000,-1,375.000,-1,325.000,325.000,300.000,300.000,-1,-1,-1,-1,750.000,700.000,-1,-1,2,0,2,0,2,0,0,0,0,2,2,2,2,0,0,2,2
73,-3668.896,8216.139,158.031,66.400,0.401087,-0.914399,0.054810,0.915951,0.399494,-0.037920,0.012778,0.065412,0.997777,0,0.88790,0.07365,53.274,0.147,-1,400.000,-1,375.000,-1,325.000,325.000,300.000,300.000,-1,-1,-1,-1,750.000,700.000,-1,-1,2,0,2,0,2,0,0,0,0,2,2,2,2,0,0,2,2
74,-3647.322,8265.301,158.743,66.307,0.402594,-0.913805,0.053644,0.915279,0.400997,-0.038277,0.013466,0.064509,0.997826,0,0.89478,-0.04635,53.687,-0.093,-1,400.000,-1,375.000,-1,325.000,325.000,300.000,300.000,-1,-1,-1,-1,750.000,700.000,-1,-1,2,0,2,0,2,0,0,0,0,2,2,2,2,0,0,2,2
75,-3625.293,8314.717,159.451,65.974,0.407913,-0.911517,0.052377,0.912915,0.406321,-0.038598,0.013901,0.063561,0.997881,0,0.90173,-0.16635,54.104,-0.333,-1,400.000,-1,375.000,-1,325.000,325.000,300.000,300.000,-1,-1,-1,-1,750.000,700.000,-1,-1,2,0,2,0,2,0,0,0,0,2,2,2,2,0,0,2,2
76,-3602.597,8364.292,160.141,65.402,0.417015,-0.907468,0.051000,0.908791,0.415438,-0.038868,0.014084,0.062557,0.997942,0,0.90873,-0.28635,54.524,-0.573,-1,400.000,-1,375.000,-1,325.000,325.000,300.000,300.000,-1,-1,-1,-1,750.000,700.000,-1,-1,2,0,2,0,2,0,0,0,0,2,2,2,2,0,0,2,2
77,-3579.129,8413.690,160.840,64.589,0.429840,-0.901533,0.049747,0.902798,0.428291,-0.039011,0.013863,0.061680,0.998000,0,0.91147,-0.40635,54.688,-0.813,-1,400.000,-1,375.000,-1,325.000,300.000,300.000,300.000,-1,-1,-1,-1,750.000,700.000,-1,-1,2,0,2,0,2,0,0,0,0,2,2,2,2,0,0,2,2
78,-3554.757,8462.648,161.505,63.536,0.446317,-0.893560,0.048487,0.894776,0.444805,-0.039048,0.013325,0.060813,0.998060,0,0.91147,-0.52635,54.688,-1.053,-1,400.000,-1,375.000,-1,325.000,300.000,300.000,300.000,-1,-1,-1,-1,750.000,675.000,-1,-1,2,0,2,0,2,0,0,0,0,2,2,2,2,0,0,2,2
79,-3529.287,8511.044,162.104,62.244,0.466341,-0.883348,0.047142,0.884517,0.464877,-0.038980,0.012517,0.059876,0.998127,0,0.91147,-0.64635,54.688,-1.293,-1,400.000,-1,375.000,-1,325.000,300.000,300.000,300.000,-1,-1,-1,-1,750.000,675.000,-1,-1,2,0,2,0,2,0,0,0,0,2,2,2,2,0,0,2,2
80,-3502.532,8558.741,162.823,60.711,0.489811,-0.870609,0.046108,0.871745,0.488344,-0.039757,0.012096,0.059668,0.998145,0,0.91147,-0.76635,54.688,-1.533,-1,400.000,-1,375.000,-1,325.000,300.000,300.000,300.000,-1,-1,-1,-1,750.000,675.000,-1,-1,2,0,2,0,2,0,0,0,0,2,2,2,2,0,0,2,2
81,-3474.315,8605.588,163.547,58.938,0.516524,-0.855085,0.045081,0.856193,0.515042,-0.040796,0.011665,0.059670,0.998150,0,0.91147,-0.88635,54.688,-1.773,-1,400.000,-1,375.000,-1,325.000,300.000,300.000,300.000,-1,800.000,900.000,-1,750.000,675.000,-1,-1,2,0,2,0,2,0,0,0,0,2,0,0,2,0,0,2,2
82,-3444.508,8651.441,164.265,56.974,0.545529,-0.836946,0.043812,0.838021,0.544060,-0.041462,0.010865,0.059334,0.998179,0,0.91147,-0.98215,54.688,-1.964,-1,400.000,-1,375.000,-1,325.000,325.000,300.000,300.000,-1,750.000,825.000,-1,775.000,675.000,-1,-1,2,0,2,0,2,0,0,0,0,2,0,0,2,0,0,2,2
83,-3413.146,8696.245,164.892,55.010,0.573898,-0.817827,0.042421,0.818864,0.572443,-0.042073,0.010125,0.058882,0.998214,0,0.91147,-0.98215,54.688,-1.964,-1,400.000,-1,375.000,-1,325.000,325.000,300.000,300.000,-1,700.000,775.000,-1,775.000,675.000,-1,-1,2,0,2,0,2,0,0,0,0,2,0,0,2,0,0,2,2
84,-3380.268,8739.947,165.427,53.045,0.601596,-0.797752,0.040912,0.798744,0.600159,-0.042615,0.009442,0.058315,0.998254,0,0.91147,-0.98215,54.688,-1.964,-1,400.000,-1,375.000,-1,325.000,325.000,300.000,300.000,-1,650.000,750.000,-1,775.000,675.000,-1,-1,2,0,2,0,2,0,0,0,0,2,0,0,2,0,0,2,2
85,-3345.911,8782.497,165.831,51.081,0.628588,-0.776736,0.039481,0.777690,0.627171,-0.043074,0.008696,0.057780,0.998291,0,0.91147,-0.98215,54.688,-1.964,-1,400.000,-1,375.000,-1,325.000,300.000,300.000,300.000,-1,625.000,700.000,-1,775.000,650.000,-1,-1,2,0,2,0,2,0,0,0,0,2,0,0,2,0,0,2,2
86,-3310.100,8823.860,166.406,49.117,0.654870,-0.754851,0.036691,0.755691,0.653489,-0.043403,0.008785,0.056151,0.998384,0,0.91184,-0.98223,54.710,-1.964,-1,400.000,-1,375.000,-1,325.000,300.000,300.000,300.000,-1,600.000,675.000,-1,775.000,675.000,-1,-1,2,0,2,0,2,0,0,0,0,2,0,0,2,0,0,2,2
87,-3272.607,8864.276,166.897,47.150,0.680416,-0.732048,0.033764,0.732771,0.679080,-0.043548,0.008951,0.054372,0.998481,0,0.91880,-0.98350,55.128,-1.967,-1,400.000,-1,375.000,-1,325.000,300.000,300.000,300.000,-1,550.000,625.000,-1,775.000,675.000,-1,-1,2,0,2,0,2,0,0,0,0,2,0,0,2,0,0,2,2
88,-3237.282,8900.124,167.275,45.423,0.702188,-0.711316,0.031011,0.711932,0.700899,-0.043510,0.009214,0.052630,0.998572,0,0.83880,-0.86350,50.328,-1.727,-1,400.000,-1,375.000,-1,325.000,300.000,300.000,300.000,-1,500.000,600.000,-1,775.000,675.000,-1,-1,2,0,2,0,2,0,0,0,0,2,0,0,2,0,0,2,2
89,-3204.486,8931.703,167.562,43.918,0.720634,-0.692731,0.028470,0.693250,0.719393,-0.043336,0.009539,0.050966,0.998655,0,0.75880,-0.75215,45.528,-1.504,-1,400.000,-1,375.000,-1,325.000,300.000,300.000,300.000,-1,475.000,575.000,-1,775.000,675.000,-1,-1,2,0,2,0,2,0,0,0,0,2,0,0,2,0,0,2,2
90,-3173.305,8960.188,167.893,42.414,0.738576,-0.673644,0.026644,0.674105,0.737376,-0.043124,0.009404,0.049811,0.998714,0,0.70388,-0.75223,42.233,-1.504,-1,400.000,-1,375.000,-1,325.000,300.000,300.000,300.000,-1,475.000,575.000,-1,775.000,675.000,-1,-1,2,0,2,0,2,0,0,0,0,2,0,0,2,0,0,2,2
91,-3141.134,8988.064,168.288,40.910,0.755997,-0.654084,0.025344,0.654514,0.754831,-0.042915,0.008940,0.049031,0.998757,0,0.70945,-0.75196,42.567,-1.504,-1,400.000,-1,375.000,-1,325.000,300.000,300.000,300.000,-1,475.000,575.000,-1,775.000,675.000,-1,-1,2,0,2,0,2,0,0,0,0,2,0,0,2,0,0,2,2
92,-3107.983,9015.301,168.643,39.407,0.772887,-0.634088,0.024040,0.634487,0.771756,-0.042637,0.008482,0.048207,0.998801,0,0.71508,-0.75141,42.905,-1.503,-1,400.000,-1,375.000,-1,300.000,300.000,300.000,300.000,-1,475.000,575.000,-1,775.000,675.000,-1,-1,2,0,2,0,2,0,0,0,0,2,0,0,2,0,0,2,2
93,-3073.861,9041.869,168.957,37.906,0.789228,-0.613679,0.022738,0.614048,0.788135,-0.042289,0.008031,0.047338,0.998847,0,0.72075,-0.75055,43.245,-1.501,-1,375.000,-1,375.000,-1,300.000,300.000,300.000,300.000,-1,500.000,575.000,-1,775.000,650.000,-1,-1,2,0,2,0,2,0,0,0,0,2,0,0,2,0,0,2,2
94,-3038.782,9067.738,169.324,36.407,0.805013,-0.592871,0.021422,0.593205,0.803936,-0.042367,0.007897,0.046814,0.998872,0,0.72644,-0.74936,43.586,-1.499,-1,375.000,-1,375.000,-1,300.000,300.000,300.000,300.000,-1,500.000,575.000,-1,775.000,650.000,-1,-1,2,0,2,0,2,0,0,0,0,2,0,0,2,0,0,2,2
95,-3002.759,9092.879,169.866,34.912,0.820235,-0.571676,0.020015,0.571963,0.819124,-0.043510,0.008479,0.047136,0.998852,0,0.73213,-0.74784,43.928,-1.496,-1,400.000,-1,375.000,-1,300.000,300.000,300.000,300.000,-1,500.000,575.000,-1,775.000,650.000,-1,-1,2,0,2,0,2,0,0,0,0,2,0,0,2,0,0,2,2
96,-2962.093,9119.725,170.340,33.431,0.834748,-0.550324,0.018421,0.550558,0.833620,-0.044316,0.009032,0.047135,0.998848,0,0.81213,-0.74017,48.728,-1.480,-1,400.000,1000.000,375.000,-1,300.000,300.000,300.000,300.000,-1,500.000,575.000,-1,775.000,650.000,-1,-1,2,0,1,0,2,0,0,0,0,2,0,0,2,1,0,2,2
97,-2919.749,9146.147,170.717,31.963,0.848587,-0.528790,0.016782,0.528972,0.847459,-0.044743,0.009437,0.046846,0.998858,0,0.83185,-0.73415,49.911,-1.468,-1,400.000,975.000,375.000,1000.000,300.000,300.000,325.000,300.000,-1,500.000,575.000,-1,700.000,650.000,975.000,-1,2,0,1,0,1,0,0,0,0,2,0,0,2,1,0,1,2
98,-2876.000,9171.926,171.054,30.509,0.861741,-0.507124,0.015093,0.507252,0.860617,-0.045101,0.009883,0.046521,0.998868,0,0.84632,-0.72699,50.779,-1.454,-1,400.000,925.000,375.000,975.000,300.000,300.000,325.000,300.000,-1,525.000,575.000,-1,650.000,650.000,875.000,1000.000,2,0,1,0,1,0,0,0,0,2,0,0,2,1,0,1,1
99,-2830.862,9197.020,171.349,29.072,0.874198,-0.485386,0.013355,0.485459,0.873080,-0.045386,0.010369,0.046160,0.998880,0,0.86073,-0.71862,51.644,-1.437,-1,400.000,900.000,375.000,925.000,325.000,300.000,325.000,300.000,-1,500.000,550.000,-1,600.000,650.000,800.000,950.000,2,0,1,0,1,0,0,0,0,2,0,0,2,1,0,1,1
100,-2784.359,9221.387,171.601,27.654,0.885947,-0.463642,0.011574,0.463658,0.884840,-0.045604,0.010903,0.045769,0.998893,0,0.87499,-0.70896,52.499,-1.418,975.000,400.000,875.000,375.000,900.000,325.000,300.000,325.000,300.000,-1,475.000,525.000,-1,575.000,650.000,725.000,925.000,1,1,1,0,1,1,0,0,0,2,0,0,2,1,0,1,1
101,-2736.522,9244.985,172.022,26.258,0.896972,-0.441974,0.009968,0.441953,0.895920,-0.044773,0.010858,0.044565,0.998947,0,0.88901,-0.69791,53.341,-1.396,825.000,375.000,850.000,375.000,850.000,300.000,300.000,325.000,300.000,-1,475.000,525.000,-1,525.000,650.000,650.000,875.000,1,1,1,0,1,1,0,0,0,2,0,0,2,1,0,1,1
102,-2687.390,9267.777,172.465,24.887,0.907282,-0.420442,0.008231,0.420381,0.906295,-0.043681,0.010906,0.043092,0.999012,0,0.90269,-0.68540,54.161,-1.371,700.000,350.000,800.000,350.000,825.000,300.000,300.000,325.000,300.000,-1,475.000,525.000,-1,475.000,650.000,575.000,825.000,1,1,1,0,1,1,0,0,0,2,0,0,2,1,0,1,1
103,-2637.011,9289.728,173.136,23.545,0.916877,-0.399134,0.005407,0.398997,0.915995,-0.041899,0.011771,0.040574,0.999107,0,0.91588,-0.67130,54.953,-1.343,600.000,325.000,775.000,375.000,775.000,275.000,300.000,325.000,325.000,-1,450.000,525.000,-1,450.000,650.000,500.000,775.000,1,1,1,0,1,1,0,0,0,2,0,0,2,1,0,1,1
104,-2585.445,9310.805,173.775,22.234,0.925757,-0.378110,0.002624,0.377906,0.924981,-0.039957,0.012681,0.037982,0.999198,0,0.92846,-0.65552,55.708,-1.311,500.000,300.000,750.000,375.000,750.000,275.000,300.000,325.000,325.000,-1,450.000,500.000,-1,425.000,650.000,425.000,750.000,1,1,1,0,1,1,0,0,0,2,0,0,2,1,1,1,1
105,-2532.762,9330.983,174.540,20.958,0.933933,-0.357447,0.000602,0.357207,0.933241,-0.038280,0.013121,0.035966,0.999267,0,0.94024,-0.63792,56.415,-1.276,400.000,275.000,725.000,375.000,700.000,275.000,300.000,325.000,325.000,-1,450.000,525.000,-1,375.000,625.000,350.000,700.000,1,1,1,0,1,1,0,0,0,2,0,0,2,1,1,1,1
106,-2479.047,9350.241,176.908,19.721,0.941443,-0.337161,-0.002784,0.336719,0.940572,-0.044101,0.017488,0.040581,0.999023,0,0.95104,-0.61838,57.062,-1.237,350.000,275.000,725.000,375.000,650.000,250.000,300.000,325.000,325.000,-1,450.000,475.000,-1,375.000,600.000,300.000,650.000,1,1,1,0,1,1,0,0,0,2,0,0,2,1,1,1,1
107,-2424.398,9368.564,180.795,18.527,0.948264,-0.317337,-0.009630,0.316300,0.946913,-0.057535,0.027377,0.051512,0.998297,0,0.96062,-0.59675,57.637,-1.194,300.000,275.000,725.000,400.000,625.000,275.000,325.000,375.000,300.000,-1,375.000,375.000,-1,350.000,575.000,275.000,625.000,1,1,1,0,1,1,0,0,0,2,0,0,2,1,1,1,1
108,-2368.930,9385.938,184.892,17.382,0.954354,-0.298134,-0.017983,0.296172,0.952416,-0.072007,0.038595,0.063394,0.997242,0,0.96873,-0.57289,58.124,-1.146,275.000,275.000,750.000,425.000,600.000,275.000,350.000,400.000,300.000,-1,350.000,300.000,-1,350.000,550.000,250.000,600.000,1,1,1,1,1,1,0,0,0,2,0,0,2,1,1,1,1
109,-2312.777,9402.362,189.246,16.288,0.959709,-0.279652,-0.027434,0.276376,0.957055,-0.087539,0.050737,0.076430,0.995783,0,0.97507,-0.54663,58.504,-1.093,250.000,275.000,775.000,400.000,550.000,275.000,375.000,450.000,300.000,-1,300.000,200.000,-1,350.000,550.000,250.000,575.000,1,1,1,1,1,1,1,0,0,2,0,0,2,1,1,1,1
110,-2256.091,9417.839,193.820,15.253,0.964323,-0.261998,-0.037914,0.256959,0.960817,-0.103932,0.063658,0.090482,0.993861,0,0.97930,-0.51784,58.758,-1.036,225.000,275.000,800.000,400.000,525.000,275.000,375.000,500.000,275.000,-1,225.000,125.000,925.000,350.000,525.000,225.000,550.000,1,1,1,1,1,1,1,0,0,2,0,0,0,1,1,1,1
111,-2199.050,9432.383,198.576,14.280,0.968195,-0.245286,-0.049325,0.237984,0.963702,-0.121004,0.077215,0.105417,0.991426,0,0.98104,-0.48636,58.863,-0.973,200.000,275.000,850.000,375.000,500.000,275.000,350.000,575.000,275.000,-1,200.000,75.000,700.000,350.000,500.000,200.000,500.000,1,1,1,1,1,1,1,0,0,2,0,0,0,1,1,1,1
112,-2141.852,9446.014,203.480,13.376,0.971329,-0.229635,-0.061545,0.219526,0.965713,-0.138590,0.091260,0.121106,0.988436,0,0.97992,-0.45209,58.795,-0.904,175.000,275.000,925.000,375.000,450.000,275.000,350.000,650.000,275.000,-1,175.000,50.000,525.000,375.000,500.000,200.000,475.000,1,1,1,1,1,1,1,0,0,2,0,0,0,1,1,1,1
113,-2084.722,9458.764,208.496,12.546,0.973738,-0.215161,-0.074431,0.201675,0.966861,-0.156547,0.105647,0.137425,0.984862,0,0.97550,-0.41497,58.530,-0.830,175.000,275.000,-1,350.000,425.000,275.000,350.000,475.000,250.000,-1,150.000,25.000,425.000,375.000,475.000,175.000,450.000,1,1,2,1,1,1,1,1,0,2,0,0,0,1,1,1,1
114,-2026.027,9471.236,213.861,11.956,0.974884,-0.204664,-0.087832,0.187085,0.966519,-0.175615,0.120834,0.154772,0.980533,0,1.00000,-0.29497,60.000,-0.590,150.000,300.000,-1,350.000,375.000,275.000,325.000,400.000,250.000,-1,150.000,25.000,350.000,400.000,475.000,175.000,400.000,1,1,2,1,1,1,1,1,0,2,0,0,0,1,1,1,1
115,327.868,2951.657,-105.264,166.337,-0.934443,-0.235806,-0.266854,0.242932,-0.970022,0.006483,-0.260383,-0.058770,0.963715,1,0.00000,0.00000,60.000,-0.350,625.000,350.000,625.000,275.000,125.000,300.000,250.000,175.000,175.000,200.000,300.000,325.000,-1,450.000,375.000,525.000,175.000,0,1,0,1,1,1,1,1,1,1,1,1,2,0,1,0,1
116,-6231.366,-4263.541,-312.812,43.132,0.730242,-0.682998,0.016127,0.680196,0.729048,0.076309,-0.063876,-0.044754,0.996954,1,0.00000,0.00000,4.648,-0.240,-1,400.000,-1,400.000,-1,325.000,325.000,325.000,300.000,-1,-1,-1,-1,725.000,750.000,-1,-1,2,0,2,0,2,0,0,0,0,2,2,2,2,0,0,2,2
117,-6227.849,-4260.274,-313.114,42.892,0.733100,-0.679930,0.016119,0.677134,0.731893,0.076303,-0.063678,-0.045023,0.996954,0,0.08000,-0.12000,4.800,-0.240,-1,400.000,-1,400.000,-1,325.000,325.000,325.000,300.000,-1,-1,-1,-1,725.000,750.000,-1,-1,2,0,2,0,2,0,0,0,0,2,2,2,2,0,0,2,2
118,-6220.761,-4253.799,-313.714,42.412,0.738776,-0.673759,0.016102,0.670974,0.737546,0.076290,-0.063277,-0.045557,0.996956,0,0.16000,-0.24000,9.600,-0.480,-1,400.000,-1,400.000,-1,325.000,325.000,325.000,300.000,-1,-1,-1,-1,725.000,750.000,-1,-1,2,0,2,0,2,0,0,0,0,2,2,2,2,0,0,2,2
119,-6210.009,-4244.221,-314.627,41.692,0.747197,-0.664410,0.015966,0.661648,0.745924,0.076288,-0.062596,-0.046439,0.996958,0,0.24000,-0.36000,14.400,-0.720,-1,400.000,-1,400.000,-1,325.000,325.000,325.000,300.000,-1,-1,-1,-1,725.000,750.000,-1,-1,2,0,2,0,2,0,0,0,0,2,2,2,2,0,0,2,2
120,-6195.460,-4231.692,-315.850,40.732,0.758245,-0.651781,0.015671,0.649053,0.756906,0.076310,-0.061599,-0.047690,0.996961,0,0.32000,-0.48000,19.200,-0.960,-1,400.000,-1,400.000,-1,325.000,325.000,300.000,300.000,-1,-1,-1,-1,725.000,750.000,-1,-1,2,0,2,0,2,0,0,0,0,2,2,2,2,0,0,2,2
121,-6176.950,-4216.415,-317.351,39.532,0.771752,-0.635740,0.015319,0.633055,0.770333,0.076341,-0.060334,-0.049219,0.996964,0,0.40000,-0.60000,24.000,-1.200,-1,400.000,-1,400.000,-1,325.000,325.000,300.000,300.000,-1,-1,-1,-1,725.000,750.000,-1,-1,2,0,2,0,2,0,0,0,0,2,2,2,2,0,0,2,2
122,-6154.284,-4198.646,-319.110,38.092,0.787507,-0.616125,0.014923,0.613495,0.785995,0.076386,-0.058792,-0.050999,0.996967,0,0.48000,-0.72000,28.800,-1.440,-1,400.000,-1,400.000,-1,325.000,325.000,300.000,300.000,-1,-1,-1,-1,725.000,750.000,-1,-1,2,0,2,0,2,0,0,0,0,2,2,2,2,0,0,2,2
123,-6127.244,-4178.700,-321.102,36.412,0.805252,-0.592755,0.014495,0.590190,0.803637,0.076444,-0.056961,-0.053001,0.996969,0,0.56000,-0.84000,33.600,-1.680,-1,400.000,-1,400.000,-1,325.000,325.000,300.000,300.000,-1,-1,-1,-1,725.000,775.000,-1,-1,2,0,2,0,2,0,0,0,0,2,2,2,2,0,0,2,2
124,-6095.595,-4156.953,-323.274,34.492,0.824678,-0.565427,0.014062,0.562932,0.822944,0.076626,-0.054898,-0.055276,0.996961,0,0.64000,-0.96000,38.400,-1.920,-1,400.000,-1,400.000,-1,325.000,325.000,300.000,300.000,-1,-1,-1,-1,725.000,775.000,-1,-1,2,0,2,0,2,0,0,0,0,2,2,2,2,0,0,2,2
125,-6059.158,-4133.745,-325.600,32.492,0.843922,-0.536291,0.013664,0.533865,0.842064,0.076923,-0.052759,-0.057622,0.996943,0,0.72000,-1.00000,43.200,-2.000,-1,400.000,-1,400.000,-1,325.000,325.000,300.000,300.000,-1,-1,-1,-1,750.000,775.000,-1,-1,2,0,2,0,2,0,0,0,0,2,2,2,2,0,0,2,2
126,-6017.800,-4109.380,-328.071,30.502,0.862048,-0.506651,0.013322,0.504295,0.860070,0.077236,-0.050589,-0.059863,0.996924,0,0.80000,-0.99530,48.000,-1.991,-1,400.000,-1,400.000,-1,325.000,325.000,300.000,300.000,-1,-1,-1,-1,750.000,775.000,-1,-1,2,0,2,0,2,0,0,0,0,2,2,2,2,0,0,2,2
127,-5971.686,-4084.312,-330.646,28.527,0.878992,-0.476657,0.013041,0.474373,0.876902,0.077550,-0.048400,-0.061980,0.996903,0,0.87479,-0.98719,52.487,-1.974,-1,400.000,-1,400.000,-1,325.000,325.000,300.000,300.000,-1,-1,-1,-1,750.000,775.000,-1,-1,2,0,2,0,2,0,0,0,0,2,2,2,2,0,0,2,2
128,-5924.654,-4060.790,-333.090,26.569,0.894761,-0.446362,0.012803,0.444152,0.892563,0.077844,-0.046174,-0.063966,0.996883,0,0.87642,-0.97899,52.585,-1.958,-1,400.000,-1,400.000,-1,325.000,325.000,300.000,300.000,-1,-1,-1,-1,750.000,775.000,-1,-1,2,0,2,0,2,0,0,0,0,2,2,2,2,0,0,2,2
129,-5878.058,-4039.290,-335.362,24.768,0.908339,-0.418043,0.012662,0.415902,0.906051,0.078083,-0.044114,-0.065660,0.996866,0,0.85526,-0.90052,51.316,-1.801,-1,400.000,-1,400.000,-1,325.000,325.000,300.000,300.000,-1,-1,-1,-1,750.000,775.000,-1,-1,2,0,2,0,2,0,0,0,0,2,2,2,2,0,0,2,2
130,-5830.415,-4019.090,-337.538,22.975,0.920961,-0.389452,0.012597,0.387380,0.918592,0.078271,-0.042054,-0.067205,0.996853,0,0.86247,-0.89642,51.748,-1.793,-1,400.000,-1,400.000,-1,325.000,325.000,300.000,300.000,-1,-1,-1,-1,750.000,775.000,-1,-1,2,0,2,0,2,0,0,0,0,2,2,2,2,0,0,2,2
131,-5781.811,-4000.249,-339.614,21.188,0.932647,-0.360571,0.012592,0.358568,0.930205,0.078409,-0.039985,-0.068613,0.996842,0,0.86879,-0.89387,52.127,-1.788,-1,400.000,-1,400.000,-1,325.000,325.000,300.000,300.000,-1,-1,-1,-1,775.000,775.000,1000.000,-1,2,0,2,0,2,0,0,0,0,2,2,2,2,0,0,1,2
132,-5732.296,-3982.805,-341.678,19.406,0.943391,-0.331439,0.012738,0.329483,0.940857,0.078927,-0.038144,-0.070262,0.996799,0,0.87495,-0.89078,52.497,-1.782,-1,400.000,-1,400.000,-1,325.000,325.000,300.000,300.000,-1,-1,-1,-1,725.000,775.000,925.000,-1,2,0,2,0,2,0,0,0,0,2,2,2,2,1,0,1,2
133,-5681.925,-3966.794,-343.649,17.632,0.953184,-0.302115,0.012924,0.300207,0.950561,0.079439,-0.036285,-0.071840,0.996756,0,0.88089,-0.88713,52.854,-1.774,975.000,400.000,-1,400.000,-1,325.000,325.000,300.000,300.000,-1,-1,-1,-1,700.000,775.000,850.000,-1,1,0,2,0,2,0,0,0,0,2,2,2,2,1,0,1,2
134,-5630.756,-3952.250,-345.500,15.866,0.962023,-0.272653,0.013102,0.270799,0.959320,0.079836,-0.034337,-0.073256,0.996722,0,0.88657,-0.88290,53.194,-1.766,900.000,400.000,-1,400.000,-1,325.000,325.000,300.000,300.000,-1,-1,-1,-1,650.000,775.000,775.000,-1,1,0,2,0,2,0,0,0,0,2,2,2,2,1,0,1,2
135,-5578.856,-3939.203,-347.247,14.110,0.969910,-0.243103,0.013271,0.241311,0.967133,0.080145,-0.032318,-0.074531,0.996695,0,0.89191,-0.87805,53.514,-1.756,800.000,400.000,-1,400.000,-1,325.000,325.000,300.000,300.000,-1,-1,-1,-1,625.000,775.000,725.000,-1,1,0,2,0,2,0,0,0,0,2,2,2,2,1,0,1,2
