timestep,x_cm,y_cm,z_cm,yaw_deg,basis_xx,basis_xy,basis_xz,basis_yx,basis_yy,basis_yz,basis_zx,basis_zy,basis_zz,teleport_flag,throttle_cmd,steering_cmd,cmd_move_cm,cmd_turn_deg,lidar_cm_0,lidar_cm_1,lidar_cm_2,lidar_cm_3,lidar_cm_4,lidar_cm_5,lidar_cm_6,lidar_cm_7,lidar_cm_8,lidar_cm_9,lidar_cm_10,lidar_cm_11,lidar_cm_12,lidar_cm_13,lidar_cm_14,lidar_cm_15,lidar_cm_16,lidar_class_0,lidar_class_1,lidar_class_2,lidar_class_3,lidar_class_4,lidar_class_5,lidar_class_6,lidar_class_7,lidar_class_8,lidar_class_9,lidar_class_10,lidar_class_11,lidar_class_12,lidar_class_13,lidar_class_14,lidar_class_15,lidar_class_16
0,7546.075,1643.689,23.865,53.374,0.596836,-0.801891,0.027523,0.802320,0.596099,-0.030790,0.008284,0.040459,0.999147,1,0.08000,-0.12000,4.800,-0.240,-1,375.000,-1,375.000,-1,325.000,300.000,300.000,-1,-1,525.000,500.000,-1,700.000,750.000,-1,-1,2,0,2,0,2,0,0,0,2,2,0,0,2,0,1,2,2
1,7551.866,1651.346,23.695,52.894,0.603557,-0.796847,0.027457,0.797271,0.602780,-0.031873,0.008848,0.041128,0.999115,0,0.16000,-0.24000,9.600,-0.480,-1,375.000,-1,375.000,-1,325.000,325.000,300.000,-1,-1,500.000,450.000,-1,700.000,750.000,-1,-1,2,0,2,0,2,0,0,0,2,2,0,0,2,0,1,2,2
2,7560.658,1662.751,23.339,52.369,0.610891,-0.791238,0.027476,0.791649,0.610028,-0.034017,0.010155,0.042532,0.999043,0,0.24000,-0.26280,14.400,-0.526,-1,375.000,-1,375.000,-1,325.000,325.000,300.000,-1,-1,425.000,375.000,-1,700.000,750.000,-1,-1,2,0,2,0,2,0,0,0,2,2,0,0,2,0,1,2,2
3,7572.519,1677.849,22.820,51.844,0.618196,-0.785540,0.027582,0.785927,0.617191,-0.037333,0.012303,0.044756,0.998922,0,0.32000,-0.26244,19.200,-0.525,-1,375.000,-1,375.000,-1,325.000,325.000,300.000,-1,-1,350.000,275.000,-1,700.000,750.000,-1,-1,2,0,2,0,2,0,0,0,2,2,0,0,2,0,1,2,2
4,7587.517,1696.586,22.162,51.320,0.625464,-0.779762,0.027674,0.780107,0.624267,-0.041512,0.015093,0.047553,0.998755,0,0.40000,-0.26195,24.000,-0.524,-1,400.000,-1,375.000,-1,325.000,325.000,300.000,-1,-1,250.000,175.000,-1,725.000,750.000,-1,-1,2,0,2,0,2,0,0,0,2,2,0,0,2,0,1,2,2
5,7605.719,1718.906,21.438,50.797,0.632682,-0.773915,0.027717,0.774195,0.631254,-0.046271,0.018313,0.050733,0.998544,0,0.48000,-0.26128,28.800,-0.523,-1,400.000,-1,375.000,-1,325.000,325.000,300.000,-1,-1,175.000,100.000,-1,725.000,750.000,-1,-1,2,0,2,0,2,0,0,0,2,2,0,0,2,0,0,2,2
6,7627.190,1744.751,20.866,50.276,0.639834,-0.767990,0.028343,0.768218,0.638132,-0.051264,0.021284,0.054574,0.998283,0,0.56000,-0.26039,33.600,-0.521,-1,400.000,-1,375.000,-1,325.000,325.000,325.000,-1,-1,125.000,25.000,-1,750.000,725.000,-1,-1,2,0,2,0,2,0,0,0,2,2,0,0,2,0,0,2,2
7,7651.995,1774.065,20.408,49.758,0.646904,-0.762028,0.028777,0.762189,0.644923,-0.056056,0.024158,0.058197,0.998013,0,0.64000,-0.25923,38.400,-0.518,-1,400.000,-1,400.000,-1,325.000,325.000,325.000,-1,-1,75.000,0.000,-1,750.000,750.000,-1,-1,2,0,2,1,2,0,0,0,2,2,0,0,2,0,0,2,2
8,7680.196,1806.790,20.177,49.242,0.653863,-0.756060,0.028925,0.756145,0.651636,-0.060132,0.026615,0.061189,0.997771,0,0.72000,-0.25773,43.200,-0.515,-1,400.000,-1,425.000,-1,325.000,325.000,325.000,-1,-1,50.000,0.000,-1,775.000,750.000,-1,-1,2,0,2,1,2,0,0,0,2,2,0,0,2,0,0,2,2
9,7710.290,1841.084,20.293,48.731,0.660672,-0.750126,0.028700,0.750145,0.658287,-0.062775,0.028196,0.063003,0.997615,0,0.76043,-0.25583,45.626,-0.512,-1,400.000,-1,425.000,-1,325.000,325.000,325.000,-1,-1,50.000,0.000,-1,775.000,750.000,-1,-1,2,0,2,1,2,0,0,0,2,2,0,0,2,0,0,2,2
10,7740.494,1874.894,20.797,48.224,0.667308,-0.744251,0.028117,0.744229,0.664884,-0.063654,0.028680,0.063402,0.997576,0,0.75560,-0.25358,45.336,-0.507,-1,400.000,-1,425.000,-1,325.000,325.000,325.000,-1,-1,75.000,0.000,-1,775.000,750.000,-1,-1,2,0,2,1,2,0,1,0,2,2,0,1,2,0,0,2,2
11,7770.816,1908.243,21.813,47.721,0.673790,-0.738417,0.027328,0.738373,0.671403,-0.063429,0.028489,0.062916,0.997612,0,0.75122,-0.25110,45.073,-0.502,-1,400.000,-1,400.000,-1,325.000,325.000,325.000,-1,-1,100.000,0.000,-1,775.000,750.000,-1,-1,2,0,2,1,2,0,0,0,2,2,0,1,2,0,0,2,2
12,7801.268,1941.154,22.965,47.225,0.680093,-0.732613,0.027413,0.732647,0.677823,-0.061518,0.026488,0.061922,0.997729,0,0.74730,-0.24841,44.838,-0.497,-1,400.000,-1,400.000,-1,325.000,325.000,325.000,-1,-1,175.000,50.000,-1,750.000,725.000,-1,-1,2,0,2,0,2,0,0,0,2,2,0,1,2,0,0,2,2
13,7831.854,1973.654,22.239,46.734,0.686123,-0.726495,0.037949,0.727293,0.683811,-0.058713,0.016705,0.067884,0.997553,0,0.74383,-0.24552,44.630,-0.491,-1,375.000,-1,350.000,-1,300.000,300.000,325.000,-1,-1,350.000,175.000,-1,700.000,675.000,-1,-1,2,0,2,0,2,0,0,0,2,2,0,0,2,0,0,2,2
14,7862.591,2005.762,22.451,46.249,0.691894,-0.720556,0.045625,0.721960,0.689814,-0.054133,0.007533,0.070394,0.997491,0,0.74080,-0.24244,44.448,-0.485,-1,350.000,-1,350.000,-1,300.000,275.000,325.000,-1,-1,725.000,475.000,-1,650.000,625.000,-1,-1,2,0,2,0,2,0,0,0,2,2,0,0,2,0,0,2,2
15,7896.937,2041.057,23.736,45.783,0.697293,-0.714980,0.050855,0.716784,0.695701,-0.047128,-0.001684,0.069313,0.997594,0,0.82080,-0.23284,49.248,-0.466,-1,350.000,-1,325.000,-1,275.000,275.000,325.000,-1,-1,-1,-1,-1,625.000,575.000,-1,-1,2,0,2,0,2,0,0,0,2,2,2,2,2,0,0,2,2
16,7933.375,2077.883,23.790,45.301,0.703219,-0.708918,0.054017,0.710966,0.701517,-0.048998,-0.003158,0.072861,0.997337,0,0.86343,-0.24117,51.806,-0.482,-1,325.000,-1,325.000,-1,275.000,275.000,325.000,-1,-1,-1,-1,-1,600.000,575.000,-1,-1,2,0,2,0,2,0,0,0,2,2,2,2,2,0,0,2,2
17,7969.930,2114.191,24.611,44.804,0.709387,-0.702773,0.053667,0.704815,0.707588,-0.050545,-0.002453,0.073681,0.997279,0,0.85870,-0.24813,51.522,-0.496,-1,325.000,-1,325.000,-1,275.000,275.000,325.000,-1,-1,-1,-1,-1,600.000,575.000,-1,-1,2,0,2,0,2,0,0,0,2,2,2,2,2,0,0,2,2
18,8006.579,2149.957,26.220,44.303,0.715671,-0.696640,0.050077,0.698437,0.713802,-0.051701,0.000271,0.071977,0.997406,0,0.85349,-0.25076,51.209,-0.502,-1,350.000,-1,325.000,-1,275.000,275.000,325.000,-1,-1,-1,-1,-1,625.000,575.000,-1,-1,2,0,2,0,2,0,0,0,2,2,2,2,2,0,0,2,2
19,8043.299,2185.162,28.549,43.797,0.722030,-0.690518,0.043098,0.691843,0.720147,-0.052359,0.005118,0.067622,0.997698,0,0.84783,-0.25306,50.870,-0.506,-1,350.000,-1,350.000,-1,275.000,275.000,325.000,-1,-1,-1,-1,-1,675.000,625.000,-1,-1,2,0,2,0,2,0,0,0,2,2,2,2,2,0,0,2,2
20,8080.068,2219.789,31.575,43.287,0.728380,-0.684386,0.032840,0.685068,0.726589,-0.052442,0.012030,0.060695,0.998084,0,0.84177,-0.25501,50.506,-0.510,-1,375.000,-1,350.000,-1,300.000,300.000,325.000,-1,-1,950.000,800.000,-1,725.000,700.000,-1,-1,2,0,2,0,2,0,0,0,2,2,0,0,2,0,0,2,2
21,8113.618,2250.829,34.893,42.781,0.734514,-0.678273,0.020855,0.678300,0.732945,-0.051975,0.019968,0.052322,0.998431,0,0.76177,-0.25266,45.706,-0.505,-1,375.000,-1,400.000,-1,325.000,325.000,300.000,-1,-1,750.000,650.000,-1,800.000,800.000,-1,-1,2,0,2,0,2,0,0,0,2,2,0,0,2,0,0,2,2
22,8146.207,2280.455,36.183,42.274,0.740518,-0.671789,0.018239,0.671680,0.738966,-0.052685,0.021915,0.051265,0.998445,0,0.73404,-0.25382,44.042,-0.508,-1,400.000,-1,400.000,-1,325.000,325.000,300.000,-1,-1,725.000,650.000,-1,825.000,825.000,-1,-1,2,0,2,0,2,0,0,0,2,2,0,0,2,0,0,2,2
23,8178.795,2309.556,36.984,41.764,0.746469,-0.665188,0.017566,0.665045,0.744903,-0.053243,0.022332,0.051427,0.998427,0,0.72816,-0.25468,43.690,-0.509,-1,400.000,-1,400.000,-1,325.000,325.000,300.000,-1,-1,700.000,650.000,-1,825.000,850.000,-1,-1,2,0,2,0,2,0,0,0,2,2,0,0,2,0,0,2,2
24,8211.372,2338.130,37.884,41.254,0.752374,-0.658501,0.017592,0.658360,0.750775,-0.053849,0.022252,0.052096,0.998394,0,0.72220,-0.25528,43.332,-0.511,-1,400.000,-1,400.000,-1,325.000,325.000,300.000,-1,-1,725.000,700.000,-1,850.000,850.000,-1,-1,2,0,2,0,2,0,0,0,2,2,0,0,2,0,0,2,2
25,8243.930,2366.177,38.756,40.743,0.758225,-0.651753,0.017671,0.651619,0.756593,-0.054401,0.022086,0.052763,0.998363,0,0.71621,-0.25561,42.973,-0.511,-1,400.000,-1,400.000,-1,325.000,325.000,300.000,-1,-1,750.000,725.000,-1,850.000,850.000,-1,-1,2,0,2,0,2,0,0,0,2,2,0,0,2,0,0,2,2
26,8276.464,2393.701,39.600,40.231,0.764016,-0.644952,0.017801,0.644828,0.762353,-0.054903,0.021839,0.053426,0.998333,0,0.71025,-0.25569,42.615,-0.511,-1,400.000,-1,400.000,-1,325.000,325.000,300.000,-1,-1,800.000,750.000,-1,875.000,875.000,-1,-1,2,0,2,0,2,0,0,0,2,2,0,0,2,0,0,2,2
27,8308.966,2420.713,38.661,39.720,0.769932,-0.637869,0.018135,0.637571,0.767764,-0.063574,0.026628,0.060509,0.997812,0,0.70436,-0.25551,42.261,-0.511,-1,400.000,-1,400.000,-1,325.000,325.000,300.000,-1,-1,525.000,400.000,-1,950.000,875.000,-1,-1,2,0,2,0,2,0,0,0,2,2,0,0,2,0,0,2,2
28,8341.439,2447.217,37.375,39.210,0.775834,-0.630669,0.018387,0.630112,0.773000,-0.073689,0.032260,0.068757,0.997112,0,0.69858,-0.25510,41.915,-0.510,-1,425.000,-1,425.000,-1,325.000,325.000,325.000,-1,-1,275.000,125.000,-1,-1,900.000,-1,-1,2,0,2,0,2,0,0,0,2,2,0,0,2,2,0,2,2
29,8373.884,2473.220,36.566,38.701,0.781612,-0.623490,0.018518,0.622705,0.778210,-0.081409,0.036347,0.075161,0.996509,0,0.69298,-0.25445,41.579,-0.509,-1,450.000,-1,425.000,-1,325.000,325.000,325.000,-1,-1,150.000,0.000,-1,-1,925.000,-1,-1,2,0,2,0,2,0,0,0,2,2,0,0,2,2,0,2,2
30,8406.304,2498.733,36.220,38.194,0.787249,-0.616356,0.018588,0.615405,0.783417,-0.086803,0.038940,0.079775,0.996052,0,0.68757,-0.25357,41.254,-0.507,-1,450.000,-1,425.000,-1,350.000,350.000,325.000,-1,-1,50.000,0.000,-1,-1,950.000,-1,-1,2,0,2,0,2,0,0,0,2,2,0,0,2,2,0,2,2
31,8438.703,2523.768,36.325,37.689,0.792733,-0.609284,0.018656,0.608250,0.788633,-0.089939,0.040086,0.082645,0.995773,0,0.68240,-0.25249,40.944,-0.505,-1,450.000,-1,425.000,-1,350.000,350.000,325.000,1000.000,-1,0.000,0.000,-1,-1,975.000,-1,-1,2,0,2,0,2,0,0,0,1,2,0,1,2,2,0,2,2
32,8471.086,2548.339,36.630,37.187,0.798053,-0.602270,0.019556,0.601318,0.793846,-0.090697,0.039099,0.084140,0.995687,0,0.67749,-0.25119,40.649,-0.502,-1,475.000,-1,425.000,-1,350.000,350.000,325.000,925.000,-1,0.000,0.000,-1,-1,975.000,-1,-1,2,0,2,0,2,0,0,0,1,2,0,0,2,2,0,2,2
33,8503.461,2572.458,37.165,36.687,0.803194,-0.595351,0.020897,0.594622,0.799096,-0.088717,0.036119,0.083683,0.995838,0,0.67285,-0.24970,40.371,-0.499,-1,475.000,-1,425.000,-1,350.000,350.000,325.000,875.000,-1,0.000,0.000,-1,-1,975.000,-1,-1,2,0,2,0,2,0,0,0,1,2,0,0,2,2,0,2,2
34,8535.835,2596.140,38.124,36.191,0.808178,-0.588512,0.022404,0.588078,0.804358,-0.084688,0.031819,0.081619,0.996156,0,0.66852,-0.24802,40.111,-0.496,-1,450.000,-1,425.000,-1,350.000,350.000,325.000,825.000,-1,25.000,0.000,-1,-1,950.000,-1,-1,2,0,2,0,2,0,0,0,1,2,0,0,2,2,0,2,2
35,8568.215,2619.401,39.499,35.699,0.813011,-0.581748,0.024128,0.581658,0.809622,-0.078659,0.026225,0.077985,0.996610,0,0.66449,-0.24616,39.869,-0.492,-1,450.000,-1,425.000,-1,350.000,325.000,325.000,775.000,-1,400.000,0.000,-1,-1,950.000,-1,-1,2,0,2,0,2,0,0,0,1,2,0,0,2,2,0,2,2
36,8600.612,2642.255,41.279,35.211,0.817699,-0.575053,0.026117,0.575320,0.814869,-0.070672,0.019358,0.072814,0.997158,0,0.66077,-0.24414,39.646,-0.488,-1,450.000,-1,425.000,-1,350.000,325.000,325.000,725.000,-1,825.000,550.000,-1,-1,925.000,-1,-1,2,0,2,0,2,0,0,0,1,2,0,0,2,2,0,2,2
37,8633.033,2664.717,43.412,34.727,0.822254,-0.568422,0.028199,0.569007,0.820089,-0.060704,0.011379,0.065959,0.997757,0,0.65737,-0.24196,39.442,-0.484,-1,425.000,-1,400.000,-1,325.000,325.000,325.000,700.000,-1,-1,-1,-1,1000.000,900.000,-1,-1,2,0,2,0,2,0,0,0,1,2,2,2,2,0,0,2,2
38,8665.487,2686.806,44.986,34.247,0.826774,-0.561730,0.030067,0.562512,0.825090,-0.052985,0.004955,0.060719,0.998143,0,0.65429,-0.23962,39.257,-0.479,-1,425.000,-1,400.000,-1,325.000,325.000,325.000,650.000,-1,-1,-1,-1,950.000,900.000,-1,-1,2,0,2,0,2,0,0,0,1,2,2,2,2,0,0,2,2
39,8697.981,2708.537,45.092,33.773,0.831334,-0.554881,0.031466,0.555766,0.829711,-0.051994,0.002743,0.060712,0.998152,0,0.65152,-0.23714,39.091,-0.474,-1,425.000,-1,400.000,-1,325.000,325.000,325.000,300.000,-1,-1,-1,-1,950.000,900.000,-1,-1,2,0,2,0,2,0,0,0,1,2,2,2,2,0,0,2,2
40,8730.044,2729.405,45.159,33.059,0.838122,-0.544493,0.032859,0.545483,0.836561,-0.051123,0.000348,0.060771,0.998152,0,0.63760,-0.35714,38.256,-0.714,-1,425.000,-1,400.000,-1,325.000,325.000,325.000,300.000,-1,-1,-1,-1,925.000,900.000,-1,-1,2,0,2,0,2,0,0,0,0,2,2,2,2,0,0,2,2
41,8762.371,2749.686,44.979,32.105,0.846982,-0.530507,0.034396,0.531613,0.845550,-0.049325,-0.002916,0.060063,0.998190,0,0.63603,-0.47714,38.162,-0.954,-1,425.000,-1,400.000,-1,325.000,325.000,325.000,300.000,-1,-1,-1,-1,925.000,875.000,-1,-1,2,0,2,0,2,0,0,0,0,2,2,2,2,0,0,2,2
42,8795.011,2769.364,44.751,31.086,0.856183,-0.515418,0.035977,0.516635,0.854880,-0.047627,-0.006208,0.059364,0.998217,0,0.63521,-0.50915,38.112,-1.018,-1,425.000,-1,400.000,-1,325.000,325.000,325.000,300.000,-1,-1,-1,-1,900.000,875.000,-1,-1,2,0,2,0,2,0,0,0,0,2,2,2,2,0,0,2,2
43,8827.968,2788.447,44.476,30.074,0.865065,-0.500249,0.037591,0.501571,0.863892,-0.046023,-0.009452,0.058667,0.998233,0,0.63471,-0.50634,38.083,-1.013,-1,425.000,-1,400.000,-1,325.000,325.000,325.000,300.000,-1,-1,-1,-1,900.000,875.000,-1,-1,2,0,2,0,2,0,0,0,0,2,2,2,2,0,0,2,2
44,8861.237,2806.938,44.155,29.067,0.873628,-0.485011,0.039235,0.486431,0.872585,-0.044511,-0.012647,0.057972,0.998238,0,0.63437,-0.50346,38.062,-1.007,-1,425.000,-1,400.000,-1,325.000,325.000,325.000,300.000,-1,-1,-1,-1,900.000,850.000,-1,-1,2,0,2,0,2,0,0,0,0,2,2,2,2,0,0,2,2
45,8894.814,2824.840,43.787,28.066,0.881872,-0.469711,0.040904,0.471224,0.880960,-0.043092,-0.015794,0.057277,0.998233,0,0.63418,-0.50052,38.051,-1.001,-1,400.000,-1,400.000,-1,325.000,325.000,325.000,300.000,-1,-1,-1,-1,875.000,850.000,-1,-1,2,0,2,0,2,0,0,0,0,2,2,2,2,0,0,2,2
46,8928.695,2842.154,43.374,27.071,0.889799,-0.454359,0.042596,0.455960,0.889020,-0.041763,-0.018893,0.056583,0.998219,0,0.63413,-0.49752,38.048,-0.995,-1,400.000,-1,400.000,-1,325.000,325.000,325.000,300.000,-1,-1,-1,-1,875.000,850.000,-1,-1,2,0,2,0,2,0,0,0,0,2,2,2,2,0,0,2,2
47,8962.873,2858.883,42.836,26.082,0.897426,-0.438973,0.043930,0.440632,0.896780,-0.040347,-0.021685,0.055566,0.998220,0,0.63421,-0.49447,38.053,-0.989,-1,400.000,-1,400.000,-1,325.000,325.000,325.000,300.000,-1,-1,-1,-1,850.000,850.000,-1,-1,2,0,2,0,2,0,0,0,0,2,2,2,2,0,0,2,2
48,8997.345,2875.029,42.127,25.099,0.904763,-0.423563,0.044704,0.425238,0.904253,-0.038719,-0.024024,0.054041,0.998250,0,0.63442,-0.49136,38.065,-0.983,-1,400.000,-1,400.000,-1,325.000,325.000,325.000,325.000,-1,-1,-1,-1,850.000,850.000,-1,-1,2,0,2,0,2,0,0,0,0,2,2,2,2,0,0,2,2
49,9032.105,2890.593,41.379,24.123,0.911789,-0.408126,0.045533,0.409813,0.911413,-0.037159,-0.026334,0.052541,0.998271,0,0.63475,-0.48820,38.085,-0.976,-1,400.000,-1,400.000,-1,325.000,325.000,300.000,325.000,-1,-1,-1,-1,850.000,-1,-1,-1,2,0,2,0,2,0,0,0,0,2,2,2,2,0,2,2,2
50,9067.147,2905.577,40.489,23.153,0.918518,-0.392661,0.046286,0.394365,0.918243,-0.036138,-0.028312,0.051447,0.998274,0,0.63519,-0.48499,38.111,-0.970,-1,400.000,-1,400.000,-1,325.000,325.000,300.000,325.000,-1,-1,-1,-1,850.000,-1,-1,-1,2,0,2,0,2,0,0,0,0,2,2,2,2,0,2,2,2
51,9102.467,2919.982,39.452,22.189,0.924951,-0.377178,0.046925,0.378905,0.924747,-0.035681,-0.029936,0.050783,0.998261,0,0.63574,-0.48173,38.144,-0.963,-1,400.000,-1,400.000,-1,325.000,325.000,325.000,325.000,-1,-1,-1,-1,850.000,-1,-1,-1,2,0,2,0,2,0,0,0,0,2,2,2,2,0,2,2,2
52,9138.059,2933.810,38.289,21.232,0.931066,-0.361689,0.047937,0.363464,0.930932,-0.035497,-0.031787,0.050473,0.998219,0,0.63639,-0.47842,38.183,-0.957,-1,400.000,-1,400.000,-1,325.000,325.000,325.000,325.000,-1,-1,-1,-1,825.000,-1,-1,-1,2,0,2,0,2,0,0,0,0,2,2,2,2,0,2,2,2
53,9173.917,2947.061,37.017,20.282,0.936867,-0.346202,0.049244,0.348047,0.936802,-0.035565,-0.033819,0.050459,0.998153,0,0.63713,-0.47507,38.228,-0.950,-1,400.000,-1,400.000,-1,325.000,325.000,325.000,325.000,-1,-1,-1,-1,825.000,-1,-1,-1,2,0,2,0,2,0,0,0,0,2,2,2,2,0,2,2,2
54,9210.036,2959.737,35.706,19.339,0.942370,-0.330731,0.050552,0.332649,0.942374,-0.035721,-0.035824,0.050478,0.998082,0,0.63797,-0.47168,38.278,-0.943,-1,400.000,-1,400.000,-1,325.000,325.000,325.000,325.000,-1,-1,-1,-1,825.000,-1,-1,-1,2,0,2,0,2,0,0,0,0,2,2,2,2,0,2,2,2
55,9246.410,2971.839,34.344,18.402,0.947582,-0.315285,0.051799,0.317272,0.947654,-0.035927,-0.037761,0.050478,0.998011,0,0.63890,-0.46825,38.334,-0.936,-1,400.000,-1,400.000,-1,325.000,325.000,325.000,300.000,-1,-1,-1,-1,825.000,-1,-1,-1,2,0,2,0,2,0,0,0,0,2,2,2,2,0,2,2,2
56,9283.033,2983.366,32.748,17.473,0.952546,-0.299881,0.052220,0.301877,0.952680,-0.035642,-0.039060,0.049715,0.997999,0,0.63991,-0.46477,38.394,-0.930,-1,400.000,-1,400.000,-1,325.000,325.000,325.000,300.000,-1,-1,-1,-1,825.000,-1,-1,-1,2,0,2,0,2,0,0,0,0,2,2,2,2,0,2,2,2
57,9319.900,2994.321,30.976,16.550,0.957206,-0.284522,0.052953,0.286514,0.957446,-0.034725,-0.040820,0.048411,0.997993,0,0.64099,-0.46126,38.459,-0.923,-1,400.000,-1,400.000,-1,325.000,325.000,325.000,300.000,-1,-1,-1,-1,825.000,-1,-1,-1,2,0,2,0,2,0,0,0,0,2,2,2,2,0,2,2,2
58,9357.004,3004.704,29.171,15.635,0.961583,-0.269205,0.053731,0.271195,0.961928,-0.033888,-0.042562,0.047158,0.997980,0,0.64215,-0.45771,38.529,-0.915,-1,400.000,-1,400.000,-1,325.000,325.000,325.000,300.000,-1,-1,-1,-1,800.000,-1,-1,-1,2,0,2,0,2,0,0,0,0,2,2,2,2,0,2,2,2
59,9394.339,3014.516,27.335,14.727,0.965681,-0.253938,0.054549,0.255927,0.966128,-0.033130,-0.044289,0.045954,0.997961,0,0.64338,-0.45412,38.603,-0.908,-1,400.000,-1,400.000,-1,325.000,325.000,325.000,300.000,-1,-1,-1,-1,800.000,-1,-1,-1,2,0,2,0,2,0,0,0,0,2,2,2,2,0,2,2,2
60,9436.442,3025.058,25.256,14.058,0.968521,-0.242664,0.055501,0.244658,0.969068,-0.032390,-0.045924,0.044949,0.997933,0,0.72338,-0.33412,43.403,-0.668,-1,400.000,-1,400.000,-1,325.000,325.000,300.000,325.000,-1,-1,-1,-1,800.000,-1,-1,-1,2,0,2,0,2,0,0,0,0,2,2,2,2,0,2,2,2
61,9483.288,3036.417,22.936,13.630,0.970245,-0.235423,0.056576,0.237426,0.970889,-0.031665,-0.047474,0.044156,0.997896,0,0.80338,-0.21412,48.203,-0.428,-1,400.000,-1,425.000,-1,325.000,325.000,300.000,325.000,-1,-1,-1,-1,800.000,-1,-1,-1,2,0,2,1,2,0,0,0,0,2,2,2,2,0,2,2,2
62,9534.839,3048.738,20.383,13.442,0.970942,-0.232238,0.057763,0.234256,0.971682,-0.030950,-0.048940,0.043582,0.997850,0,0.88338,-0.09412,53.003,-0.188,-1,400.000,-1,500.000,-1,325.000,325.000,300.000,325.000,-1,-1,-1,-1,775.000,-1,-1,-1,2,0,2,1,2,0,0,0,0,2,2,2,2,0,2,2,2
63,9591.046,3062.225,17.605,13.494,0.970653,-0.233119,0.059054,0.235159,0.971487,-0.030234,-0.050322,0.043234,0.997797,0,0.96338,0.02588,57.803,0.052,-1,400.000,-1,575.000,-1,325.000,350.000,300.000,325.000,-1,-1,-1,-1,775.000,-1,-1,-1,2,1,2,1,2,1,1,0,0,2,2,2,2,0,2,2,2
64,9649.318,3076.522,14.741,13.785,0.969371,-0.238065,0.060378,0.240130,0.970291,-0.029534,-0.051553,0.043128,0.997739,0,1.00000,0.14588,60.000,0.292,-1,400.000,-1,650.000,-1,350.000,375.000,300.000,325.000,-1,-1,-1,-1,775.000,-1,-1,-1,2,1,2,1,2,1,1,0,0,2,2,2,2,0,2,2,2
65,9707.454,3091.359,11.907,14.317,0.967036,-0.247058,0.061677,0.249153,0.968034,-0.028855,-0.052576,0.043271,0.997679,0,1.00000,0.26588,60.000,0.532,-1,425.000,-1,700.000,-1,350.000,400.000,300.000,325.000,-1,-1,-1,-1,750.000,-1,-1,-1,2,1,2,1,2,1,1,0,0,2,2,2,2,0,2,2,2
66,9765.386,3106.979,9.062,15.089,0.963539,-0.260068,0.062904,0.262206,0.964594,-0.028393,-0.053293,0.043851,0.997616,0,1.00000,0.38588,60.000,0.772,-1,425.000,-1,725.000,-1,375.000,425.000,300.000,325.000,-1,-1,-1,-1,750.000,-1,-1,-1,2,1,2,1,2,1,1,0,0,2,2,2,2,0,2,2,2
67,9823.032,3123.622,3.874,16.101,0.958195,-0.276929,0.071921,0.279895,0.959396,-0.034894,-0.059337,0.053566,0.996800,0,1.00000,0.50588,60.000,1.012,-1,400.000,-1,675.000,-1,350.000,400.000,325.000,300.000,-1,-1,-1,-1,725.000,-1,-1,-1,2,1,2,1,2,1,1,0,0,2,2,2,2,0,2,2,2
68,9880.300,3141.525,-2.394,17.352,0.950853,-0.297564,0.085639,0.301983,0.952294,-0.044062,-0.068443,0.067758,0.995351,0,1.00000,0.62588,60.000,1.252,-1,375.000,-1,600.000,-1,325.000,375.000,325.000,275.000,-1,-1,-1,-1,675.000,-1,1000.000,-1,2,1,2,1,2,1,1,0,0,2,2,2,2,0,2,1,2
69,9937.082,3160.912,-8.363,18.844,0.941686,-0.321953,0.097848,0.327844,0.943341,-0.051251,-0.075803,0.080341,0.993881,0,1.00000,0.74588,60.000,1.492,-1,350.000,-1,550.000,-1,325.000,350.000,350.000,250.000,-1,-1,-1,-1,625.000,975.000,950.000,-1,2,1,2,1,2,1,1,0,0,2,2,2,2,0,1,1,2
70,9993.253,3182.007,-14.070,20.576,0.930397,-0.350007,0.108887,0.357240,0.932363,-0.055490,-0.082101,0.090527,0.992504,0,1.00000,0.86588,60.000,1.732,1000.000,325.000,-1,500.000,-1,300.000,350.000,350.000,250.000,-1,-1,-1,-1,575.000,850.000,875.000,-1,1,1,2,1,2,1,1,0,1,2,2,2,2,0,1,1,2
71,10048.741,3204.833,-19.059,22.353,0.918072,-0.378420,0.118077,0.386873,0.920263,-0.058702,-0.086448,0.099573,0.991268,0,1.00000,0.88843,60.000,1.777,925.000,325.000,-1,450.000,-1,275.000,325.000,350.000,350.000,-1,-1,-1,-1,550.000,750.000,850.000,-1,1,1,2,1,2,1,1,0,1,2,2,2,2,0,1,1,2
72,10103.510,3229.334,-23.239,24.094,0.905321,-0.405863,0.125178,0.415372,0.907572,-0.061470,-0.088659,0.107646,0.990228,0,1.00000,0.87058,60.000,1.741,875.000,300.000,900.000,425.000,-1,275.000,300.000,350.000,475.000,-1,-1,-1,-1,525.000,675.000,800.000,-1,1,0,1,1,2,1,1,0,1,2,2,2,2,0,1,1,2
73,10157.527,3255.450,-26.969,25.796,0.892196,-0.432368,0.130551,0.442605,0.894562,-0.062126,-0.089925,0.113211,0.989493,0,1.00000,0.85090,60.000,1.702,825.000,300.000,800.000,375.000,-1,250.000,275.000,375.000,-1,-1,-1,-1,-1,500.000,600.000,750.000,975.000,1,0,1,1,2,1,1,0,2,2,2,2,2,0,1,1,1
74,10210.766,3283.116,-30.070,27.455,0.878883,-0.457880,0.133833,0.468533,0.881287,-0.061729,-0.089681,0.116957,0.989080,0,1.00000,0.82934,60.000,1.659,775.000,300.000,725.000,350.000,-1,250.000,275.000,375.000,-1,-1,-1,-1,-1,500.000,550.000,725.000,825.000,1,0,1,1,2,1,1,0,2,2,2,2,2,0,1,1,1
75,10263.122,3312.221,-32.536,29.066,0.865508,-0.482378,0.134933,0.493116,0.867859,-0.060479,-0.087929,0.118883,0.989007,0,0.99841,0.80595,59.904,1.612,725.000,300.000,650.000,325.000,950.000,225.000,250.000,375.000,-1,-1,-1,-1,-1,500.000,500.000,675.000,725.000,1,0,1,1,1,0,1,0,2,2,2,2,2,1,1,1,1
76,10313.855,3342.260,-34.398,30.628,0.852197,-0.505833,0.133765,0.516349,0.854354,-0.058840,-0.084520,0.119213,0.989265,0,0.98270,0.78092,58.962,1.562,675.000,300.000,600.000,300.000,875.000,225.000,250.000,375.000,-1,-1,-1,-1,-1,475.000,475.000,650.000,650.000,1,0,1,1,1,0,1,0,2,2,2,2,2,1,1,1,1
77,10362.813,3373.038,-38.772,32.138,0.839762,-0.527513,0.128570,0.538374,0.839689,-0.071241,-0.070378,0.129045,0.989138,0,0.96389,0.75488,57.834,1.510,650.000,300.000,550.000,300.000,800.000,250.000,225.000,375.000,-1,-1,-1,0.000,-1,450.000,450.000,625.000,600.000,1,0,1,1,1,0,1,0,2,2,2,0,2,1,1,1,1
78,10409.888,3404.368,-42.316,33.629,0.827101,-0.548621,0.122142,0.559306,0.824850,-0.082462,-0.055508,0.136519,0.989081,0,0.94254,0.74526,56.552,1.491,625.000,325.000,500.000,275.000,750.000,250.000,225.000,400.000,-1,-1,-1,0.000,-1,425.000,425.000,600.000,550.000,1,0,1,1,1,1,1,0,2,2,2,1,2,1,1,1,1
79,10455.001,3436.102,-43.954,35.115,0.814353,-0.569741,0.110564,0.579125,0.810195,-0.090549,-0.037989,0.137769,0.989736,0,0.91934,0.74346,55.161,1.487,600.000,325.000,475.000,275.000,750.000,250.000,225.000,400.000,900.000,-1,0.000,0.000,-1,425.000,400.000,600.000,575.000,1,1,1,1,1,1,1,0,1,2,0,1,2,1,1,1,1
80,10495.550,3465.962,-44.883,36.362,0.803204,-0.587274,0.099859,0.595270,0.797656,-0.096944,-0.022720,0.137309,0.990268,0,0.83934,0.62346,50.361,1.247,575.000,300.000,450.000,275.000,775.000,250.000,225.000,400.000,675.000,-1,0.000,0.000,-1,400.000,375.000,575.000,550.000,1,1,1,1,1,1,1,0,1,2,1,1,2,1,1,1,1
81,10531.736,3493.641,-45.398,37.409,0.793451,-0.601856,0.090576,0.608554,0.786927,-0.102024,-0.009873,0.136072,0.990650,0,0.75934,0.52353,45.561,1.047,550.000,300.000,425.000,250.000,800.000,225.000,225.000,400.000,525.000,-1,0.000,0.000,-1,375.000,350.000,550.000,500.000,1,1,1,1,1,1,1,0,1,2,1,1,2,1,1,1,1
82,10563.652,3518.991,-45.571,38.458,0.783180,-0.616310,0.082406,0.621794,0.775967,-0.106058,0.001420,0.134302,0.990939,0,0.67934,0.52443,40.761,1.049,525.000,275.000,400.000,250.000,875.000,225.000,200.000,400.000,500.000,-1,0.000,25.000,-1,350.000,325.000,500.000,425.000,1,1,1,1,1,1,1,0,1,2,1,1,2,1,1,1,1
83,10591.395,3541.868,-45.512,39.510,0.772432,-0.630642,0.075092,0.634994,0.764760,-0.109199,0.011439,0.132032,0.991179,0,0.59934,0.52581,35.961,1.052,500.000,275.000,375.000,225.000,775.000,225.000,200.000,375.000,475.000,-1,0.000,25.000,-1,350.000,300.000,475.000,375.000,1,1,1,1,1,1,1,0,1,2,1,1,2,1,1,1,1
84,10615.066,3562.130,-45.335,40.565,0.761243,-0.644852,0.068370,0.648143,0.753296,-0.111601,0.020464,0.129269,0.991398,0,0.51934,0.52746,31.161,1.055,475.000,250.000,350.000,225.000,625.000,200.000,200.000,375.000,475.000,-1,0.000,25.000,-1,325.000,275.000,450.000,350.000,1,1,1,1,1,1,1,0,1,2,1,1,2,1,1,1,1
85,10634.772,3579.637,-44.901,41.623,0.749629,-0.658904,0.062459,0.661245,0.741534,-0.113501,0.028471,0.126384,0.991573,0,0.43934,0.52923,26.361,1.058,450.000,250.000,325.000,200.000,500.000,200.000,175.000,375.000,450.000,-1,0.000,50.000,-1,325.000,250.000,450.000,300.000,1,1,1,1,1,1,1,0,1,2,1,1,2,1,1,1,1
86,10650.623,3594.250,-43.946,42.685,0.737650,-0.672893,0.055568,0.674184,0.729585,-0.114813,0.036715,0.122155,0.991832,0,0.35934,0.53095,21.561,1.062,425.000,250.000,325.000,200.000,425.000,200.000,175.000,375.000,450.000,-1,0.000,50.000,-1,325.000,250.000,425.000,275.000,1,1,1,1,1,1,1,0,1,2,1,1,2,1,1,1,1
87,10662.732,3605.836,-42.901,43.750,0.725280,-0.686691,0.049233,0.687026,0.717320,-0.115961,0.044313,0.117928,0.992033,0,0.27934,0.53252,16.761,1.065,425.000,250.000,325.000,200.000,375.000,200.000,175.000,375.000,450.000,-1,0.000,50.000,-1,325.000,250.000,425.000,250.000,1,1,1,1,1,1,1,0,1,2,1,1,2,1,1,1,1
88,10671.219,3614.263,-41.943,44.818,0.712549,-0.700248,0.043899,0.699761,0.704712,-0.117115,0.051074,0.114169,0.992148,0,0.19934,0.53385,11.961,1.068,425.000,250.000,300.000,175.000,350.000,200.000,175.000,375.000,450.000,-1,0.000,50.000,-1,325.000,225.000,425.000,250.000,1,1,1,1,1,1,1,0,1,2,1,1,2,1,1,1,1
89,10676.204,3619.402,-41.212,45.888,0.699497,-0.713519,0.039941,0.712371,0.691745,-0.118388,0.056843,0.111265,0.992164,0,0.11934,0.53486,7.161,1.070,425.000,250.000,300.000,175.000,325.000,200.000,175.000,375.000,450.000,-1,0.000,75.000,-1,325.000,225.000,425.000,225.000,1,1,1,1,1,1,1,0,1,2,1,1,2,1,1,1,1
90,10677.816,3621.125,-40.814,46.959,0.686171,-0.726465,0.037660,0.724836,0.678420,-0.119834,0.061506,0.109524,0.992079,0,0.03934,0.53550,2.361,1.071,425.000,275.000,325.000,175.000,300.000,200.000,175.000,350.000,450.000,-1,0.000,75.000,-1,350.000,225.000,425.000,225.000,1,1,1,1,1,1,1,0,1,2,1,1,2,1,1,1,1
91,10676.183,3619.311,-40.816,48.030,0.672616,-0.739053,0.037268,0.737133,0.664743,-0.121458,0.064990,0.109166,0.991897,0,-0.04066,0.53571,-2.439,1.071,425.000,275.000,325.000,175.000,275.000,200.000,175.000,350.000,450.000,-1,0.000,75.000,-1,350.000,225.000,425.000,200.000,1,1,1,1,1,1,1,0,1,2,1,1,2,1,1,1,1
92,10671.441,3613.840,-41.250,49.101,0.658869,-0.751252,0.038889,0.749244,0.650730,-0.123224,0.067266,0.110326,0.991617,0,-0.12066,0.53548,-7.239,1.071,425.000,300.000,350.000,200.000,275.000,225.000,175.000,350.000,450.000,-1,0.000,75.000,-1,375.000,225.000,450.000,200.000,1,1,1,1,1,1,1,0,1,2,1,1,2,1,1,1,1
93,10663.725,3604.596,-42.114,50.171,0.644958,-0.763033,0.042551,0.761155,0.636397,-0.125066,0.068351,0.113050,0.991235,0,-0.20066,0.53479,-12.039,1.070,450.000,300.000,350.000,200.000,275.000,225.000,175.000,375.000,425.000,-1,0.000,75.000,-1,400.000,250.000,450.000,200.000,1,1,1,1,1,1,1,0,1,2,1,1,2,1,1,1,1
94,10653.175,3591.468,-43.368,51.238,0.630896,-0.774370,0.048185,0.772855,0.621766,-0.126893,0.068302,0.117297,0.990745,0,-0.28066,0.53362,-16.839,1.067,475.000,325.000,375.000,200.000,250.000,250.000,200.000,375.000,425.000,-1,0.000,75.000,-1,425.000,250.000,475.000,200.000,1,1,1,1,1,1,1,0,1,2,1,1,2,1,1,1,1
95,10639.934,3574.350,-44.939,52.302,0.616686,-0.785242,0.055629,0.784334,0.606863,-0.128599,0.067222,0.122937,0.990135,0,-0.36066,0.53198,-21.639,1.064,500.000,375.000,400.000,200.000,275.000,250.000,200.000,375.000,400.000,-1,0.000,75.000,-1,450.000,250.000,500.000,225.000,1,1,1,1,1,1,1,0,1,2,1,1,2,1,1,1,1
96,10624.059,3553.205,-46.710,53.126,0.605542,-0.793183,0.064650,0.793200,0.594979,-0.129743,0.064445,0.129845,0.989438,0,-0.44066,0.41198,-26.439,0.824,525.000,400.000,425.000,225.000,275.000,275.000,200.000,375.000,400.000,-1,0.000,75.000,-1,475.000,275.000,525.000,225.000,1,1,1,1,1,1,1,0,1,2,1,1,2,1,1,1,1
97,10605.557,3528.031,-48.486,53.710,0.597519,-0.798366,0.074718,0.799593,0.586248,-0.130247,0.060182,0.137569,0.988662,0,-0.52066,0.29198,-31.239,0.584,575.000,425.000,450.000,225.000,275.000,275.000,225.000,400.000,400.000,-1,0.000,75.000,-1,525.000,275.000,550.000,225.000,1,1,1,1,1,1,1,0,1,2,1,1,2,1,1,1,1
98,10584.389,3498.861,-50.026,54.054,0.592639,-0.800948,0.085217,0.803612,0.580775,-0.130033,0.054658,0.145544,0.987841,0,-0.60066,0.17198,-36.039,0.344,600.000,450.000,475.000,225.000,300.000,300.000,225.000,400.000,375.000,-1,0.000,50.000,-1,550.000,300.000,575.000,250.000,1,1,1,1,1,1,1,0,1,2,1,1,2,1,1,1,1
99,9511.013,9511.017,195.979,84.859,0.089351,-0.995597,-0.028337,0.995955,0.089581,-0.006947,0.009455,-0.027602,0.999574,1,0.00000,0.00000,-31.239,0.104,550.000,375.000,600.000,400.000,-1,325.000,325.000,300.000,300.000,-1,-1,-1,850.000,450.000,550.000,500.000,-1,1,1,1,1,2,0,0,0,0,2,2,2,1,1,1,1,2
100,9511.423,9515.800,196.020,85.099,0.085190,-0.995963,-0.028301,0.996324,0.085410,-0.006661,0.009052,-0.027629,0.999577,0,0.08000,0.12000,4.800,0.240,550.000,375.000,600.000,400.000,-1,325.000,325.000,300.000,300.000,-1,-1,-1,875.000,450.000,550.000,500.000,-1,1,1,1,1,2,0,0,0,0,2,2,2,1,1,1,1,2
101,9512.163,9525.371,196.101,85.579,0.076862,-0.996642,-0.028240,0.997008,0.077063,-0.006087,0.008243,-0.027688,0.999583,0,0.16000,0.24000,9.600,0.480,550.000,375.000,575.000,400.000,-1,325.000,325.000,300.000,300.000,-1,-1,-1,900.000,450.000,550.000,500.000,-1,1,1,1,1,2,0,0,0,0,2,2,2,1,1,1,1,2
102,9513.092,9539.741,196.220,86.299,0.064362,-0.997529,-0.028178,0.997902,0.064533,-0.005219,0.007025,-0.027783,0.999589,0,0.24000,0.36000,14.400,0.720,550.000,375.000,550.000,400.000,-1,325.000,325.000,300.000,300.000,-1,-1,-1,950.000,450.000,525.000,475.000,-1,1,1,1,1,2,0,0,0,0,2,2,2,1,1,1,1,2
103,9514.011,9558.919,196.373,87.259,0.047678,-0.998466,-0.028148,0.998848,0.047811,-0.004049,0.005389,-0.027923,0.999596,0,0.32000,0.48000,19.200,0.960,525.000,350.000,525.000,375.000,-1,325.000,325.000,300.000,300.000,-1,-1,-1,1000.000,425.000,500.000,475.000,-1,1,1,1,1,2,1,1,0,0,2,2,2,1,1,1,1,2
104,9514.656,9582.910,196.557,88.459,0.026807,-0.999243,-0.028194,0.999635,0.026890,-0.002572,0.003328,-0.028115,0.999599,0,0.40000,0.60000,24.000,1.200,500.000,350.000,500.000,350.000,-1,300.000,325.000,300.000,300.000,-1,-1,-1,-1,400.000,450.000,450.000,725.000,1,1,1,1,2,1,1,0,0,2,2,2,2,1,1,1,1
105,9514.707,9611.710,196.765,89.899,0.001747,-0.999596,-0.028371,0.999998,0.001770,-0.000783,0.000833,-0.028369,0.999597,0,0.48000,0.72000,28.800,1.440,500.000,325.000,450.000,325.000,-1,300.000,300.000,300.000,300.000,-1,-1,-1,-1,375.000,425.000,425.000,575.000,1,1,1,1,2,1,1,0,0,2,2,2,2,1,1,1,1
106,9513.781,9645.297,196.989,91.579,-0.027487,-0.999209,-0.028740,0.999620,-0.027536,0.001315,-0.002105,-0.028693,0.999586,0,0.56000,0.84000,33.600,1.680,475.000,300.000,425.000,300.000,-1,275.000,275.000,300.000,300.000,-1,-1,-1,-1,375.000,375.000,400.000,475.000,1,1,1,1,2,1,1,0,0,2,2,2,2,1,1,1,1
107,9511.437,9683.625,197.220,93.499,-0.060862,-0.997714,-0.029371,0.998131,-0.060997,0.003713,-0.005496,-0.029090,0.999562,0,0.64000,0.96000,38.400,1.920,450.000,275.000,375.000,275.000,-1,250.000,250.000,300.000,300.000,-1,-1,-1,-1,325.000,325.000,375.000,400.000,1,1,1,1,2,1,1,0,0,2,2,2,2,1,1,1,1
108,9507.310,9726.628,197.448,95.481,-0.095248,-0.994992,-0.030305,0.995411,-0.095483,0.006394,-0.009255,-0.029556,0.999520,0,0.72000,0.99148,43.200,1.983,400.000,250.000,350.000,250.000,450.000,225.000,225.000,300.000,300.000,-1,-1,-1,-1,300.000,300.000,350.000,325.000,1,1,1,1,1,1,1,0,0,2,2,2,2,1,1,1,1
109,9501.084,9774.222,197.660,97.453,-0.129296,-0.991104,-0.031564,0.991516,-0.129647,0.009332,-0.013341,-0.030090,0.999458,0,0.80000,0.98554,48.000,1.971,375.000,225.000,300.000,200.000,300.000,200.000,175.000,300.000,325.000,-1,-1,-1,-1,275.000,250.000,300.000,250.000,1,1,1,1,1,1,1,0,0,2,2,2,2,1,1,1,1
110,9492.448,9826.311,199.844,99.410,-0.163146,-0.985824,-0.039161,0.986559,-0.163380,0.002836,-0.009194,-0.038172,0.999229,0,0.88000,0.97875,52.800,1.957,325.000,200.000,250.000,175.000,250.000,175.000,150.000,300.000,350.000,-1,-1,-1,-1,250.000,200.000,275.000,200.000,1,1,1,1,1,1,1,0,0,2,2,2,2,1,1,1,1
111,9481.363,9881.447,207.202,101.352,-0.197605,-0.978296,-0.062365,0.980207,-0.196404,-0.024897,0.012108,-0.066051,0.997743,0,0.93733,0.97089,56.240,1.942,300.000,175.000,250.000,150.000,225.000,150.000,150.000,300.000,425.000,-1,925.000,900.000,-1,225.000,175.000,250.000,175.000,1,1,1,1,1,1,1,0,0,2,1,1,2,1,1,1,1
112,9468.362,9936.504,217.982,103.275,-0.233324,-0.969700,-0.072400,0.971253,-0.228789,-0.065746,0.047190,-0.085659,0.995206,0,0.94283,0.96179,56.570,1.924,300.000,200.000,250.000,150.000,225.000,150.000,150.000,300.000,500.000,-1,50.000,275.000,-1,225.000,175.000,250.000,175.000,1,1,1,1,1,1,1,0,0,2,0,0,2,1,1,1,1
113,983.898,-9511.017,-121.860,-33.745,0.831503,0.555505,-0.004177,-0.555492,0.831513,0.003868,0.005622,-0.000896,0.999984,1,0.00000,0.00000,56.857,1.903,-1,400.000,-1,400.000,-1,325.000,325.000,325.000,300.000,-1,-1,-1,-1,900.000,775.000,-1,-1,2,0,2,0,2,0,0,0,0,2,2,2,2,0,0,2,2
114,987.901,-9513.667,-121.830,-33.505,0.833823,0.552017,-0.004036,-0.552004,0.833832,0.003877,0.005505,-0.001005,0.999984,0,0.08000,0.12000,4.800,0.240,-1,400.000,-1,400.000,-1,325.000,325.000,325.000,300.000,-1,-1,-1,-1,900.000,775.000,-1,-1,2,0,2,0,2,0,0,0,0,2,2,2,2,0,0,2,2
115,995.931,-9518.927,-121.767,-33.227,0.836496,0.547960,-0.003786,-0.547947,0.836504,0.003893,0.005300,-0.001182,0.999985,0,0.16000,0.13916,9.600,0.278,-1,400.000,-1,400.000,-1,325.000,325.000,325.000,300.000,-1,-1,-1,-1,900.000,775.000,-1,-1,2,0,2,0,2,0,0,0,0,2,2,2,2,0,0,2,2
116,1008.015,-9526.758,-121.670,-32.946,0.839177,0.543847,-0.003435,-0.543835,0.839183,0.003913,0.005010,-0.001415,0.999986,0,0.24000,0.14061,14.400,0.281,-1,400.000,-1,400.000,-1,325.000,325.000,325.000,300.000,-1,-1,-1,-1,925.000,775.000,-1,-1,2,0,2,0,2,0,0,0,0,2,2,2,2,0,0,2,2
117,1024.180,-9537.120,-121.538,-32.660,0.841883,0.539652,-0.002990,-0.539641,0.841886,0.003929,0.004638,-0.001694,0.999988,0,0.32000,0.14297,19.200,0.286,-1,400.000,-1,400.000,-1,325.000,325.000,325.000,300.000,-1,-1,-1,-1,925.000,775.000,-1,-1,2,0,2,0,2,0,0,0,0,2,2,2,2,0,0,2,2
118,1044.451,-9549.968,-121.373,-32.367,0.844629,0.535346,-0.002460,-0.535336,0.844630,0.003934,0.004184,-0.002006,0.999989,0,0.40000,0.14627,24.000,0.293,-1,400.000,-1,400.000,-1,325.000,325.000,325.000,300.000,-1,-1,-1,-1,925.000,800.000,-1,-1,2,0,2,0,2,0,0,0,0,2,2,2,2,0,0,2,2
119,1068.857,-9565.258,-121.172,-32.066,0.847432,0.530901,-0.001855,-0.530892,0.847430,0.003916,0.003651,-0.002334,0.999991,0,0.48000,0.15051,28.800,0.301,-1,425.000,-1,400.000,-1,325.000,325.000,325.000,300.000,-1,-1,-1,-1,925.000,800.000,-1,-1,2,0,2,0,2,0,0,0,0,2,2,2,2,0,0,2,2
120,1097.427,-9582.941,-120.945,-31.755,0.850307,0.526286,-0.001143,-0.526279,0.850303,0.003878,0.003012,-0.002696,0.999992,0,0.56000,0.15573,33.600,0.311,975.000,425.000,-1,400.000,-1,325.000,325.000,325.000,300.000,-1,-1,-1,-1,925.000,800.000,-1,-1,1,0,2,0,2,0,0,0,0,2,2,2,2,1,0,2,2
121,1130.193,-9602.966,-120.768,-31.431,0.853270,0.521469,-0.000367,-0.521463,0.853264,0.004188,0.002497,-0.003382,0.999991,0,0.64000,0.16199,38.400,0.324,950.000,425.000,-1,400.000,-1,325.000,325.000,325.000,300.000,-1,-1,-1,-1,900.000,825.000,975.000,-1,1,0,2,0,2,0,0,0,0,2,2,2,2,1,0,1,2
122,1167.186,-9625.275,-120.671,-31.092,0.856339,0.516414,0.000447,-0.516409,0.856327,0.004977,0.002188,-0.004493,0.999988,0,0.72000,0.16933,43.200,0.339,900.000,425.000,-1,400.000,-1,325.000,325.000,325.000,300.000,-1,-1,-1,-1,875.000,825.000,950.000,-1,1,0,2,0,2,0,0,0,0,2,2,2,2,1,0,1,2
123,1208.444,-9649.808,-120.568,-30.737,0.859529,0.511085,0.001359,-0.511084,0.859511,0.005771,0.001782,-0.005655,0.999982,0,0.80000,0.17783,48.000,0.356,875.000,425.000,-1,400.000,-1,325.000,325.000,325.000,300.000,-1,-1,-1,-1,825.000,825.000,900.000,-1,1,0,2,0,2,0,0,0,0,2,2,2,2,1,0,1,2
124,1253.862,-9676.413,-120.717,-30.362,0.862855,0.505438,0.003641,-0.505451,0.862826,0.007028,0.000411,-0.007905,0.999969,0,0.87728,0.18759,52.637,0.375,825.000,425.000,-1,400.000,-1,325.000,325.000,300.000,300.000,-1,-1,-1,-1,800.000,850.000,850.000,-1,1,0,2,0,2,0,0,0,0,2,2,2,2,1,0,1,2
125,1299.964,-9702.991,-120.989,-29.964,0.866329,0.499430,0.006533,-0.499471,0.866290,0.008433,-0.001448,-0.010569,0.999943,0,0.88692,0.19867,53.215,0.397,775.000,425.000,-1,400.000,-1,325.000,325.000,300.000,300.000,-1,-1,-1,-1,750.000,850.000,775.000,-1,1,0,2,0,2,0,0,0,0,2,2,2,2,1,0,1,2
126,1346.753,-9729.510,-121.266,-29.544,0.869952,0.493045,0.009457,-0.493124,0.869904,0.009768,-0.003410,-0.013161,0.999908,0,0.89635,0.21021,53.781,0.420,725.000,425.000,-1,400.000,-1,325.000,325.000,300.000,300.000,-1,-1,-1,-1,700.000,850.000,725.000,-1,1,0,2,0,2,0,0,0,0,2,2,2,2,1,0,1,2
127,1394.228,-9755.933,-121.599,-29.099,0.873726,0.486266,0.012193,-0.486389,0.873674,0.010945,-0.005331,-0.015494,0.999866,0,0.90554,0.22224,54.333,0.444,650.000,425.000,-1,400.000,-1,350.000,325.000,300.000,300.000,-1,-1,-1,-1,650.000,850.000,675.000,-1,1,0,2,0,2,0,0,0,0,2,2,2,2,1,0,1,2
128,1442.387,-9782.222,-122.099,-28.630,0.877658,0.479076,0.014259,-0.479239,0.877606,0.011759,-0.006880,-0.017154,0.999829,0,0.91445,0.23479,54.867,0.470,600.000,425.000,1000.000,425.000,-1,350.000,325.000,300.000,300.000,-1,-1,-1,-1,625.000,850.000,625.000,-1,1,0,1,0,2,0,0,0,0,2,2,2,2,1,0,1,2
129,1491.226,-9808.336,-122.798,-28.134,0.881735,0.471457,0.016490,-0.471659,0.881705,0.011610,-0.009065,-0.018015,0.999797,0,0.92304,0.24788,55.382,0.496,550.000,425.000,925.000,425.000,-1,350.000,325.000,300.000,300.000,-1,-1,-1,-1,575.000,850.000,575.000,-1,1,0,1,0,2,0,0,0,0,2,2,2,2,1,1,1,2
130,1540.737,-9834.232,-123.755,-27.611,0.885952,0.463389,0.018964,-0.463620,0.885975,0.010232,-0.012060,-0.017857,0.999768,0,0.93125,0.26156,55.875,0.523,500.000,425.000,825.000,400.000,-1,325.000,325.000,300.000,300.000,-1,-1,-1,-1,525.000,800.000,525.000,-1,1,0,1,0,2,0,0,0,0,2,2,2,2,1,1,1,2
131,1590.912,-9859.862,-124.722,-27.059,0.890315,0.454839,0.021479,-0.455094,0.890400,0.008786,-0.015129,-0.017597,0.999731,0,0.93903,0.27585,56.342,0.552,450.000,425.000,750.000,400.000,-1,325.000,325.000,300.000,300.000,-1,-1,-1,-1,475.000,750.000,450.000,-1,1,1,1,0,2,0,0,0,0,2,2,2,2,1,1,1,2
132,1642.986,-9885.912,-125.719,-26.576,0.894047,0.447324,0.024102,-0.447598,0.894206,0.007235,-0.018316,-0.017256,0.999683,0,0.97045,0.24137,58.227,0.483,400.000,375.000,675.000,400.000,-1,325.000,325.000,300.000,300.000,-1,-1,-1,-1,425.000,700.000,400.000,-1,1,1,1,0,2,0,0,0,0,2,2,2,2,1,1,1,2
133,1695.873,-9911.786,-126.742,-26.069,0.897898,0.439388,0.026764,-0.439675,0.898139,0.005676,-0.021543,-0.016864,0.999626,0,0.98128,0.25375,58.877,0.508,350.000,350.000,600.000,400.000,-1,325.000,325.000,300.000,300.000,-1,-1,-1,-1,375.000,625.000,350.000,-1,1,1,1,0,2,0,0,0,0,2,2,2,2,1,1,1,2
134,1749.565,-9937.436,-127.808,-25.535,0.901868,0.431008,0.029446,-0.431302,0.902198,0.004192,-0.024759,-0.016481,0.999558,0,0.99174,0.26681,59.504,0.534,300.000,300.000,525.000,400.000,-1,300.000,325.000,300.000,300.000,-1,-1,-1,-1,350.000,575.000,300.000,-1,1,1,1,0,2,1,0,0,0,2,2,2,2,1,1,1,2
135,1803.955,-9962.768,-128.911,-24.974,0.905954,0.422153,0.032147,-0.422451,0.906382,0.002775,-0.027966,-0.016095,0.999479,0,1.00000,0.28058,60.000,0.561,225.000,250.000,450.000,375.000,-1,250.000,300.000,300.000,300.000,-1,-1,-1,-1,300.000,500.000,225.000,-1,1,1,1,1,2,1,1,0,0,2,2,2,2,1,1,1,2
136,1858.604,-9987.539,-130.373,-24.384,0.910176,0.412788,0.034426,-0.413128,0.910668,0.003091,-0.030075,-0.017036,0.999402,0,1.00000,0.29511,60.000,0.590,175.000,225.000,375.000,325.000,-1,225.000,275.000,300.000,300.000,-1,-1,-1,-1,250.000,450.000,175.000,-1,1,1,1,1,2,1,1,0,0,2,2,2,2,1,1,1,2
