timestep,x_cm,y_cm,z_cm,yaw_deg,basis_xx,basis_xy,basis_xz,basis_yx,basis_yy,basis_yz,basis_zx,basis_zy,basis_zz,teleport_flag,throttle_cmd,steering_cmd,cmd_move_cm,cmd_turn_deg,lidar_cm_0,lidar_cm_1,lidar_cm_2,lidar_cm_3,lidar_cm_4,lidar_cm_5,lidar_cm_6,lidar_cm_7,lidar_cm_8,lidar_cm_9,lidar_cm_10,lidar_cm_11,lidar_cm_12,lidar_cm_13,lidar_cm_14,lidar_cm_15,lidar_cm_16,lidar_class_0,lidar_class_1,lidar_class_2,lidar_class_3,lidar_class_4,lidar_class_5,lidar_class_6,lidar_class_7,lidar_class_8,lidar_class_9,lidar_class_10,lidar_class_11,lidar_class_12,lidar_class_13,lidar_class_14,lidar_class_15,lidar_class_16
0,7538.696,8200.757,-285.770,159.854,-0.938965,-0.342961,0.026872,0.343975,-0.934849,0.087973,-0.005050,0.091847,0.995760,1,0.08000,-0.12000,4.800,-0.240,-1,400.000,-1,375.000,575.000,325.000,300.000,300.000,300.000,-1,-1,-1,-1,750.000,675.000,-1,775.000,2,0,2,0,1,0,0,0,0,2,2,2,2,0,0,2,1
1,7529.711,8204.140,-285.835,159.374,-0.936063,-0.350792,0.027025,0.351788,-0.931972,0.087598,-0.005542,0.091505,0.995789,0,0.16000,-0.24000,9.600,-0.480,-1,400.000,-1,375.000,550.000,325.000,300.000,300.000,300.000,-1,-1,-1,-1,750.000,675.000,-1,750.000,2,0,2,0,1,0,0,0,0,2,2,2,2,0,0,2,1
2,7516.299,8209.382,-285.950,158.654,-0.931588,-0.362493,0.027244,0.363461,-0.927536,0.087019,-0.006274,0.090968,0.995834,0,0.24000,-0.36000,14.400,-0.720,-1,400.000,-1,375.000,550.000,325.000,300.000,300.000,300.000,-1,-1,-1,-1,750.000,675.000,-1,725.000,2,0,2,0,1,0,0,0,0,2,2,2,2,0,0,2,1
3,7498.535,8216.671,-286.132,157.694,-0.925393,-0.378009,0.027514,0.378940,-0.921397,0.086216,-0.007239,0.090210,0.995896,0,0.32000,-0.48000,19.200,-0.960,-1,400.000,-1,375.000,525.000,325.000,300.000,300.000,300.000,-1,-1,-1,-1,750.000,675.000,-1,700.000,2,0,2,0,1,0,0,0,0,2,2,2,2,0,1,2,1
4,7476.526,8226.245,-286.407,156.494,-0.917285,-0.397259,0.027812,0.398142,-0.913362,0.085164,-0.008430,0.089193,0.995979,0,0.40000,-0.60000,24.000,-1.200,-1,400.000,-1,375.000,500.000,325.000,300.000,300.000,300.000,-1,-1,-1,-1,750.000,650.000,-1,650.000,2,0,2,0,1,0,0,0,0,2,2,2,2,0,1,2,1
5,7450.413,8238.394,-286.803,155.054,-0.907026,-0.420136,0.028110,0.420960,-0.903197,0.083833,-0.009832,0.087872,0.996083,0,0.48000,-0.72000,28.800,-1.440,-1,400.000,-1,375.000,475.000,325.000,300.000,300.000,300.000,-1,-1,-1,-1,750.000,650.000,-1,600.000,2,0,2,0,1,0,0,0,0,2,2,2,2,0,1,2,1
6,7420.376,8253.455,-287.356,153.374,-0.894334,-0.446500,0.028369,0.447254,-0.890623,0.082187,-0.011430,0.086190,0.996213,0,0.56000,-0.84000,33.600,-1.680,-1,400.000,-1,375.000,450.000,300.000,300.000,300.000,300.000,-1,575.000,-1,-1,750.000,625.000,-1,550.000,2,0,2,0,1,0,0,0,0,2,0,2,2,0,1,2,1
7,7386.644,8271.808,-288.092,151.454,-0.878889,-0.476173,0.028523,0.476842,-0.875317,0.080256,-0.013249,0.084137,0.996366,0,0.64000,-0.96000,38.400,-1.920,-1,375.000,-1,375.000,425.000,300.000,300.000,300.000,300.000,-1,525.000,-1,-1,750.000,575.000,-1,525.000,2,0,2,0,1,0,0,0,0,2,0,2,2,0,1,2,1
8,7349.439,8293.765,-288.609,149.454,-0.861745,-0.506461,0.029868,0.507134,-0.858217,0.079234,-0.014496,0.083427,0.996408,0,0.72000,-1.00000,43.200,-2.000,-1,375.000,-1,375.000,400.000,300.000,300.000,300.000,300.000,-1,500.000,600.000,-1,750.000,550.000,-1,475.000,2,0,2,0,1,0,0,0,0,2,0,0,2,0,1,2,1
9,7308.976,8319.590,-289.202,147.454,-0.843538,-0.536127,0.031803,0.536856,-0.840054,0.078068,-0.015138,0.082927,0.996441,0,0.80000,-1.00000,48.000,-2.000,-1,400.000,-1,375.000,350.000,325.000,300.000,300.000,300.000,-1,450.000,550.000,-1,750.000,525.000,-1,425.000,2,0,2,0,1,0,0,0,0,2,0,0,2,0,1,2,1
10,7265.485,8349.533,-290.049,145.454,-0.824299,-0.565162,0.033498,0.565936,-0.820897,0.076444,-0.015705,0.081970,0.996511,0,0.88000,-1.00000,52.800,-2.000,-1,400.000,-1,375.000,325.000,325.000,300.000,300.000,300.000,-1,425.000,500.000,-1,775.000,500.000,-1,375.000,2,0,2,1,1,0,0,0,0,2,0,0,2,0,1,2,1
11,7219.646,8383.511,-291.122,143.454,-0.804049,-0.593530,0.035042,0.594345,-0.800758,0.074440,-0.016122,0.080681,0.996610,0,0.95096,-1.00000,57.057,-2.000,-1,400.000,-1,350.000,275.000,325.000,300.000,300.000,300.000,-1,425.000,475.000,-1,775.000,450.000,-1,325.000,2,0,2,1,1,0,0,0,0,2,0,0,2,0,1,2,1
12,7175.047,8419.047,-292.340,141.454,-0.782818,-0.621191,0.036315,0.622031,-0.779652,0.072248,-0.016567,0.079146,0.996725,0,0.95041,-1.00000,57.024,-2.000,-1,400.000,-1,325.000,225.000,325.000,325.000,300.000,300.000,-1,425.000,475.000,-1,800.000,425.000,-1,275.000,2,0,2,1,1,0,1,0,0,2,0,0,2,0,1,2,1
13,7129.455,8458.053,-293.671,139.454,-0.760623,-0.648135,0.037064,0.648972,-0.757630,0.069510,-0.016971,0.076924,0.996892,0,1.00000,-1.00000,60.000,-2.000,-1,400.000,-1,300.000,200.000,325.000,300.000,300.000,300.000,-1,425.000,475.000,-1,800.000,400.000,-1,225.000,2,0,2,1,1,0,1,0,1,2,0,0,2,0,1,2,1
14,7085.259,8498.635,-290.784,137.454,-0.736937,-0.675034,0.035399,0.675939,-0.735479,0.046659,-0.005461,0.058312,0.998283,0,1.00000,-1.00000,60.000,-2.000,-1,425.000,-1,300.000,200.000,350.000,300.000,300.000,300.000,-1,300.000,400.000,-1,875.000,400.000,-1,200.000,2,0,2,1,1,1,1,0,1,2,0,0,2,0,1,2,1
15,7042.505,8540.732,-287.946,135.454,-0.712494,-0.700949,0.031977,0.701649,-0.712141,0.023321,0.006426,0.039052,0.999217,0,1.00000,-1.00000,60.000,-2.000,-1,450.000,-1,300.000,200.000,350.000,300.000,300.000,300.000,800.000,225.000,350.000,-1,950.000,425.000,-1,200.000,2,1,2,1,1,1,1,0,1,0,0,0,2,0,1,2,1
16,7001.243,8584.293,-285.159,133.454,-0.687390,-0.725796,0.026740,0.726049,-0.687643,-0.000367,0.018654,0.019163,0.999642,0,1.00000,-1.00000,60.000,-2.000,-1,475.000,-1,300.000,175.000,350.000,300.000,275.000,300.000,625.000,175.000,325.000,-1,-1,450.000,-1,200.000,2,1,2,1,1,1,1,0,1,0,0,0,2,2,1,2,1
17,6961.524,8629.265,-282.300,131.454,-0.661721,-0.749490,0.019758,0.749118,-0.662016,-0.023620,0.030783,-0.000829,0.999526,0,1.00000,-1.00000,60.000,-2.000,-1,500.000,-1,300.000,175.000,350.000,300.000,275.000,300.000,500.000,100.000,275.000,-1,-1,500.000,-1,200.000,2,1,2,1,1,1,1,0,1,0,0,0,2,2,1,2,1
18,6923.396,8675.594,-279.123,129.454,-0.635540,-0.771984,0.011333,0.770926,-0.635330,-0.045048,0.041977,-0.019893,0.998921,0,1.00000,-1.00000,60.000,-2.000,-1,550.000,-1,325.000,175.000,375.000,300.000,250.000,300.000,425.000,75.000,250.000,-1,-1,550.000,-1,200.000,2,0,2,1,1,1,1,0,1,0,0,0,2,2,1,2,1
19,6886.905,8723.223,-276.181,127.454,-0.608907,-0.793240,0.001332,0.791470,-0.607659,-0.065766,0.052978,-0.038991,0.997834,0,1.00000,-1.00000,60.000,-2.000,-1,575.000,-1,325.000,175.000,400.000,325.000,250.000,325.000,350.000,50.000,225.000,-1,-1,-1,-1,200.000,2,0,2,1,1,1,1,0,1,0,0,0,2,2,2,2,1
20,6852.098,8772.097,-273.469,125.454,-0.581555,-0.813493,-0.004736,0.810968,-0.579270,-0.082323,0.064226,-0.051716,0.996594,0,1.00000,-1.00000,60.000,-2.000,-1,625.000,-1,350.000,150.000,425.000,350.000,250.000,300.000,325.000,25.000,200.000,-1,-1,-1,-1,200.000,2,0,2,1,1,1,1,0,1,0,0,0,2,2,2,2,1
21,6819.018,8822.158,-270.066,123.454,-0.553500,-0.832822,-0.006772,0.829164,-0.550268,-0.098455,0.078269,-0.060110,0.995118,0,1.00000,-1.00000,60.000,-2.000,-1,675.000,-1,375.000,150.000,500.000,375.000,250.000,300.000,300.000,25.000,175.000,-1,-1,-1,-1,225.000,2,0,2,1,1,1,1,0,1,0,0,0,2,2,2,2,1
22,6787.705,8873.342,-267.308,121.454,-0.525080,-0.850968,-0.012031,0.846206,-0.520530,-0.113948,0.090704,-0.070012,0.993414,0,1.00000,-1.00000,60.000,-2.000,-1,725.000,-1,425.000,150.000,575.000,400.000,250.000,300.000,275.000,0.000,150.000,-1,-1,-1,-1,250.000,2,0,2,1,1,1,1,0,1,0,0,0,2,2,2,2,1
23,-327.967,4263.560,-352.460,129.795,-0.639821,-0.768337,-0.016962,0.768034,-0.640045,0.021574,-0.027433,0.000776,0.999623,1,0.00000,0.00000,60.000,-2.000,-1,450.000,-1,400.000,-1,350.000,350.000,350.000,325.000,-1,-1,-1,-1,-1,925.000,-1,-1,2,0,2,0,2,0,0,0,0,2,2,2,2,2,0,2,2
24,-331.054,4267.235,-352.694,130.035,-0.643028,-0.765649,-0.017207,0.765338,-0.643258,0.021828,-0.027782,0.000867,0.999614,0,0.08000,0.12000,4.800,0.240,-1,450.000,-1,400.000,-1,350.000,350.000,350.000,325.000,-1,-1,-1,-1,-1,900.000,-1,-1,2,0,2,0,2,0,0,0,0,2,2,2,2,2,0,2,2
25,-337.291,4274.533,-353.161,130.515,-0.649409,-0.760233,-0.017717,0.759906,-0.649649,0.022331,-0.028487,0.001039,0.999594,0,0.16000,0.24000,9.600,0.480,-1,450.000,-1,400.000,-1,350.000,350.000,350.000,325.000,-1,-1,-1,-1,-1,900.000,-1,-1,2,0,2,0,2,0,0,0,0,2,2,2,2,2,0,2,2
26,-346.783,4285.363,-353.861,131.235,-0.658892,-0.752010,-0.018527,0.751657,-0.659151,0.023072,-0.029563,0.001276,0.999562,0,0.24000,0.36000,14.400,0.720,-1,450.000,-1,400.000,-1,350.000,350.000,350.000,325.000,-1,-1,-1,-1,-1,900.000,-1,-1,2,0,2,0,2,0,0,0,0,2,2,2,2,2,0,2,2
27,-359.679,4299.587,-354.793,132.195,-0.671371,-0.740860,-0.019691,0.740472,-0.671658,0.024032,-0.031030,0.001554,0.999517,0,0.32000,0.48000,19.200,0.960,-1,450.000,-1,425.000,-1,350.000,350.000,350.000,325.000,-1,-1,-1,-1,-1,900.000,-1,-1,2,0,2,0,2,0,0,0,0,2,2,2,2,2,0,2,2
28,-376.167,4317.026,-355.953,133.395,-0.686698,-0.726631,-0.021278,0.726197,-0.687025,0.025181,-0.032916,0.001840,0.999456,0,0.40000,0.60000,24.000,1.200,-1,450.000,-1,425.000,-1,350.000,350.000,350.000,325.000,-1,-1,-1,-1,-1,900.000,-1,-1,2,0,2,0,2,0,0,0,0,2,2,2,2,2,0,2,2
29,-396.400,4337.523,-357.284,134.628,-0.702104,-0.711683,-0.023627,0.711199,-0.702499,0.026289,-0.035308,0.001654,0.999375,0,0.48000,0.61637,28.800,1.233,-1,450.000,-1,425.000,-1,350.000,350.000,350.000,300.000,-1,-1,-1,-1,-1,900.000,-1,-1,2,0,2,0,2,0,0,0,0,2,2,2,2,2,0,2,2
30,-420.513,4360.922,-358.811,135.861,-0.717154,-0.696405,-0.026658,0.695870,-0.717648,0.027302,-0.038144,0.001029,0.999272,0,0.56000,0.61637,33.600,1.233,-1,450.000,-1,425.000,-1,350.000,350.000,325.000,300.000,-1,-1,-1,-1,-1,875.000,-1,-1,2,0,2,0,2,0,0,0,0,2,2,2,2,2,0,2,2
31,-448.640,4387.065,-360.570,137.093,-0.731840,-0.680805,-0.030238,0.680220,-0.732465,0.028207,-0.041352,0.000075,0.999145,0,0.64000,0.61637,38.400,1.233,-1,450.000,-1,425.000,-1,350.000,350.000,325.000,300.000,-1,-1,-1,-1,-1,875.000,-1,-1,2,0,2,0,2,0,0,0,0,2,2,2,2,2,0,2,2
32,-480.908,4415.789,-362.566,138.326,-0.746151,-0.664889,-0.034376,0.664258,-0.746942,0.028983,-0.044948,-0.001209,0.998989,0,0.72000,0.61637,43.200,1.233,-1,450.000,-1,400.000,-1,350.000,325.000,325.000,300.000,-1,-1,-1,-1,-1,875.000,-1,-1,2,0,2,0,2,0,0,0,0,2,2,2,2,2,0,2,2
33,-517.440,4446.925,-364.804,139.559,-0.760072,-0.648663,-0.039077,0.647993,-0.761071,0.029607,-0.048946,-0.002818,0.998797,0,0.80000,0.61637,48.000,1.233,-1,450.000,-1,400.000,-1,350.000,325.000,325.000,300.000,-1,-1,-1,-1,-1,875.000,-1,-1,2,0,2,0,2,0,0,0,0,2,2,2,2,2,0,2,2
34,-558.353,4480.302,-367.290,140.792,-0.773589,-0.632135,-0.044345,0.631437,-0.774844,0.030059,-0.053362,-0.004748,0.998564,0,0.88000,0.61637,52.800,1.233,-1,450.000,-1,400.000,-1,350.000,325.000,325.000,275.000,-1,-1,-1,-1,1000.000,875.000,-1,-1,2,0,2,0,2,0,0,0,0,2,2,2,2,0,0,2,2
35,-602.325,4514.625,-370.127,142.024,-0.786640,-0.615308,-0.050937,0.614618,-0.788250,0.030099,-0.058671,-0.007630,0.998248,0,0.92968,0.61637,55.781,1.233,-1,425.000,-1,400.000,-1,350.000,325.000,325.000,275.000,-1,-1,-1,-1,950.000,875.000,-1,-1,2,0,2,0,2,0,0,0,0,2,2,2,2,0,0,2,2
36,-647.025,4547.994,-373.067,143.257,-0.799273,-0.598192,-0.057693,0.597520,-0.801286,0.030183,-0.064284,-0.010348,0.997878,0,0.92968,0.61637,55.781,1.233,-1,425.000,-1,400.000,-1,350.000,325.000,300.000,300.000,-1,-1,-1,-1,925.000,875.000,-1,-1,2,0,2,0,2,0,0,0,0,2,2,2,2,0,0,2,2
37,-692.433,4580.394,-376.039,144.490,-0.811486,-0.580797,-0.064538,0.580166,-0.813944,0.030049,-0.069983,-0.013058,0.997463,0,0.92968,0.61637,55.781,1.233,-1,425.000,-1,400.000,-1,325.000,325.000,300.000,300.000,-1,-1,-1,-1,875.000,850.000,-1,-1,2,0,2,0,2,0,0,0,0,2,2,2,2,0,0,2,2
38,-738.527,4611.810,-379.208,145.723,-0.823352,-0.563135,-0.070502,0.562551,-0.826226,0.029779,-0.075020,-0.015143,0.997067,0,0.92968,0.61637,55.781,1.233,-1,425.000,-1,400.000,-1,325.000,325.000,300.000,300.000,-1,-1,-1,-1,850.000,850.000,-1,-1,2,0,2,0,2,0,0,0,0,2,2,2,2,0,0,2,2
39,-785.286,4642.227,-383.382,146.955,-0.835181,-0.545241,-0.072007,0.544550,-0.838169,0.030632,-0.077056,-0.013628,0.996934,0,0.92968,0.61637,55.781,1.233,-1,425.000,-1,400.000,-1,325.000,325.000,300.000,325.000,-1,-1,-1,-1,850.000,850.000,-1,-1,2,0,2,0,2,0,0,0,0,2,2,2,2,0,0,2,2
40,-832.687,4671.631,-387.608,148.188,-0.846626,-0.527091,-0.073484,0.526317,-0.849719,0.031104,-0.078835,-0.012343,0.996811,0,0.92968,0.61637,55.781,1.233,-1,425.000,-1,400.000,-1,325.000,325.000,300.000,325.000,-1,-1,-1,-1,825.000,850.000,-1,-1,2,0,2,0,2,0,0,0,0,2,2,2,2,0,0,2,2
41,-880.711,4700.009,-392.293,149.421,-0.857662,-0.508701,-0.075092,0.507762,-0.860883,0.032530,-0.081193,-0.010229,0.996646,0,0.92968,0.61637,55.781,1.233,-1,400.000,-1,400.000,-1,325.000,325.000,300.000,325.000,-1,-1,-1,-1,825.000,850.000,-1,-1,2,0,2,0,2,0,0,0,0,2,2,2,2,0,0,2,2
42,-929.334,4727.347,-397.049,150.654,-0.868297,-0.490072,-0.076749,0.488956,-0.871645,0.034012,-0.083566,-0.007994,0.996470,0,0.92968,0.61637,55.781,1.233,-1,400.000,-1,400.000,-1,325.000,325.000,300.000,300.000,-1,-1,-1,-1,825.000,850.000,-1,-1,2,0,2,0,2,0,0,0,0,2,2,2,2,0,0,2,2
43,-978.534,4753.633,-401.844,151.886,-0.878525,-0.471213,-0.078437,0.469915,-0.882001,0.035423,-0.085873,-0.005739,0.996290,0,0.92968,0.61637,55.781,1.233,-1,400.000,-1,400.000,-1,325.000,325.000,300.000,300.000,-1,-1,-1,-1,800.000,850.000,-1,-1,2,0,2,0,2,0,0,0,0,2,2,2,2,0,0,2,2
44,-1028.288,4778.854,-406.676,153.119,-0.888342,-0.452134,-0.080152,0.450650,-0.891943,0.036761,-0.088112,-0.003464,0.996105,0,0.92968,0.61637,55.781,1.233,-1,400.000,-1,400.000,-1,325.000,325.000,300.000,300.000,-1,-1,-1,-1,800.000,850.000,-1,-1,2,0,2,0,2,0,0,0,0,2,2,2,2,0,0,2,2
45,-1078.573,4802.999,-411.540,154.352,-0.897742,-0.432842,-0.081890,0.431170,-0.901469,0.038026,-0.090280,-0.001171,0.995916,0,0.92968,0.61637,55.781,1.233,-1,400.000,-1,400.000,-1,325.000,325.000,300.000,300.000,-1,-1,-1,-1,775.000,850.000,-1,-1,2,0,2,0,2,0,0,0,0,2,2,2,2,0,0,2,2
46,-1129.366,4826.057,-416.433,155.585,-0.906723,-0.413348,-0.083646,0.411485,-0.910572,0.039219,-0.092376,0.001142,0.995724,0,0.92968,0.61637,55.781,1.233,-1,400.000,-1,400.000,-1,325.000,325.000,300.000,300.000,-1,-1,-1,-1,775.000,850.000,-1,-1,2,0,2,0,2,0,0,0,0,2,2,2,2,0,0,2,2
47,-1180.643,4848.016,-421.474,156.817,-0.915315,-0.393660,-0.085026,0.391606,-0.919249,0.040321,-0.094032,0.003610,0.995563,0,0.92968,0.61637,55.781,1.233,-1,400.000,-1,400.000,-1,325.000,325.000,300.000,300.000,-1,-1,-1,-1,750.000,850.000,-1,-1,2,0,2,0,2,0,0,0,0,2,2,2,2,0,0,2,2
48,-1232.381,4868.867,-426.666,158.050,-0.923490,-0.373790,-0.086304,0.371626,-0.927498,0.040512,-0.095190,0.005339,0.995445,0,0.92968,0.61637,55.781,1.233,-1,400.000,-1,400.000,-1,325.000,325.000,300.000,300.000,-1,-1,-1,-1,750.000,875.000,-1,-1,2,0,2,0,2,0,0,0,0,2,2,2,2,0,0,2,2
49,-1280.141,4886.702,-431.204,159.523,-0.932792,-0.349821,-0.086742,0.347499,-0.936781,0.041063,-0.095623,0.008161,0.995384,0,0.84968,0.73637,50.981,1.473,-1,400.000,-1,400.000,-1,325.000,325.000,300.000,300.000,-1,-1,-1,-1,750.000,875.000,-1,-1,2,0,2,0,2,0,0,0,0,2,2,2,2,0,0,2,2
50,-1323.867,4901.557,-435.270,161.236,-0.942834,-0.321656,-0.087182,0.319166,-0.946789,0.041522,-0.095899,0.011323,0.995327,0,0.76968,0.85637,46.181,1.713,-1,400.000,-1,400.000,-1,325.000,325.000,300.000,300.000,-1,-1,-1,-1,725.000,900.000,-1,-1,2,0,2,0,2,0,0,0,0,2,2,2,2,0,0,2,2
51,-1364.647,4913.879,-439.006,163.188,-0.953254,-0.289194,-0.087604,0.286525,-0.957155,0.041919,-0.095973,0.014859,0.995273,0,0.71002,0.97637,42.601,1.953,1000.000,400.000,-1,425.000,-1,325.000,325.000,300.000,300.000,-1,-1,-1,-1,725.000,900.000,-1,-1,0,0,2,0,2,0,0,0,0,2,2,2,2,0,0,2,2
52,-1405.833,4924.769,-443.028,165.188,-0.962856,-0.255593,-0.087069,0.252675,-0.966586,0.043208,-0.095203,0.019603,0.995265,0,0.71002,1.00000,42.601,2.000,975.000,375.000,-1,425.000,-1,325.000,325.000,300.000,300.000,-1,-1,-1,-1,700.000,900.000,-1,-1,0,0,2,0,2,0,0,0,0,2,2,2,2,0,0,2,2
53,-1447.373,4934.215,-447.100,167.188,-0.971257,-0.221679,-0.086710,0.218484,-0.974808,0.044871,-0.094472,0.024636,0.995223,0,0.71002,1.00000,42.601,2.000,950.000,375.000,-1,425.000,-1,325.000,325.000,300.000,300.000,-1,-1,-1,-1,700.000,900.000,-1,-1,0,0,2,0,2,0,0,0,0,2,2,2,2,0,0,2,2
54,-1489.218,4942.205,-451.135,169.188,-0.978459,-0.187498,-0.086389,0.184029,-0.981817,0.046572,-0.093550,0.029671,0.995172,0,0.71002,1.00000,42.601,2.000,900.000,375.000,-1,425.000,-1,325.000,325.000,300.000,300.000,-1,-1,-1,-1,675.000,875.000,-1,-1,0,0,2,0,2,0,0,0,0,2,2,2,2,0,0,2,2
55,-1531.316,4948.729,-455.121,171.188,-0.984454,-0.153094,-0.086091,0.149359,-0.987603,0.048301,-0.092419,0.034692,0.995116,0,0.71002,1.00000,42.601,2.000,875.000,375.000,-1,425.000,-1,325.000,325.000,300.000,300.000,-1,-1,-1,-1,675.000,875.000,-1,-1,0,0,2,0,2,0,0,0,0,2,2,2,2,0,0,2,2
56,-1573.616,4953.780,-459.047,173.188,-0.989239,-0.118512,-0.085802,0.114521,-0.992159,0.050047,-0.091060,0.039683,0.995054,0,0.71002,1.00000,42.601,2.000,850.000,375.000,-1,425.000,-1,325.000,325.000,300.000,300.000,-1,-1,-1,-1,650.000,850.000,1000.000,-1,0,0,2,0,2,0,0,0,0,2,2,2,2,0,0,0,2
57,-1616.067,4957.352,-462.899,175.188,-0.992808,-0.083796,-0.085503,0.079561,-0.995483,0.051803,-0.089458,0.044628,0.994990,0,0.71002,1.00000,42.601,2.000,825.000,375.000,-1,425.000,-1,325.000,325.000,300.000,300.000,-1,-1,-1,-1,650.000,850.000,950.000,-1,0,0,2,0,2,0,0,0,0,2,2,2,2,0,0,0,2
58,-1658.616,4959.439,-466.666,177.188,-0.995160,-0.048992,-0.085180,0.044526,-0.997571,0.053563,-0.087598,0.049511,0.994925,0,0.71002,1.00000,42.601,2.000,800.000,375.000,-1,425.000,-1,325.000,325.000,300.000,300.000,-1,-1,-1,-1,625.000,825.000,900.000,-1,0,0,2,0,2,0,0,0,0,2,2,2,2,0,0,0,2
59,-1701.212,4960.040,-470.335,179.188,-0.996296,-0.014144,-0.084815,0.009464,-0.998423,0.055326,-0.085464,0.054318,0.994859,0,0.71002,1.00000,42.601,2.000,775.000,375.000,-1,400.000,-1,325.000,325.000,300.000,300.000,-1,-1,-1,-1,625.000,800.000,850.000,-1,0,0,2,0,2,0,0,0,0,2,2,2,2,0,0,0,2
60,-1743.803,4959.153,-473.896,181.188,-0.996218,0.020704,-0.084392,-0.025578,-0.998041,0.057090,-0.083044,0.059033,0.994796,0,0.71002,1.00000,42.601,2.000,750.000,375.000,-1,400.000,-1,300.000,325.000,300.000,300.000,-1,-1,-1,-1,600.000,775.000,825.000,-1,0,0,2,0,2,0,0,0,0,2,2,2,2,0,0,0,2
61,-1786.337,4956.780,-477.336,183.188,-0.994928,0.055506,-0.083893,-0.060553,-0.996428,0.058859,-0.080326,0.063641,0.994735,0,0.71002,1.00000,42.601,2.000,750.000,350.000,-1,400.000,-1,300.000,325.000,300.000,300.000,-1,-1,-1,-1,600.000,775.000,775.000,-1,0,0,2,0,2,0,0,0,0,2,2,2,2,0,0,0,2
62,-1833.560,4952.688,-481.055,184.948,-0.992810,0.086059,-0.083198,-0.091257,-0.993968,0.060834,-0.077460,0.067989,0.994675,0,0.79002,0.88000,47.401,1.760,725.000,350.000,-1,400.000,-1,300.000,325.000,300.000,300.000,-1,-1,-1,-1,575.000,750.000,750.000,-1,0,0,2,0,2,0,0,0,0,2,2,2,2,0,0,0,2
63,-1882.716,4947.112,-484.822,186.468,-0.990250,0.112363,-0.082334,-0.117686,-0.991055,0.062922,-0.074527,0.071998,0.994617,0,0.82453,0.76000,49.472,1.520,700.000,350.000,-1,375.000,-1,300.000,300.000,300.000,300.000,-1,-1,-1,-1,575.000,725.000,725.000,-1,0,0,2,0,2,0,0,0,0,2,2,2,2,0,0,0,2
64,-1931.734,4940.439,-488.495,187.748,-0.987581,0.134437,-0.081301,-0.139857,-0.988029,0.065108,-0.071575,0.075670,0.994561,0,0.82453,0.64000,49.472,1.280,700.000,350.000,-1,375.000,-1,300.000,300.000,300.000,325.000,-1,-1,625.000,-1,575.000,725.000,700.000,-1,0,0,2,0,2,0,0,0,0,2,2,0,2,0,0,0,2
65,-1980.624,4932.877,-491.816,188.788,-0.985188,0.152320,-0.078759,-0.157653,-0.985247,0.066592,-0.067454,0.078023,0.994667,0,0.82453,0.52000,49.472,1.040,700.000,350.000,-1,375.000,-1,300.000,300.000,300.000,325.000,-1,-1,525.000,-1,550.000,700.000,700.000,-1,0,0,2,0,2,0,0,0,0,2,2,0,2,0,0,0,2
66,-2029.403,4924.634,-494.753,189.588,-0.983169,0.166026,-0.076257,-0.171300,-0.982816,0.068771,-0.063528,0.080676,0.994714,0,0.82453,0.40000,49.472,0.800,700.000,350.000,-1,375.000,-1,300.000,300.000,300.000,325.000,-1,625.000,450.000,-1,550.000,700.000,675.000,-1,0,0,2,0,2,0,0,0,0,2,0,0,2,0,0,0,2
67,-2078.099,4915.913,-497.230,190.148,-0.981733,0.175567,-0.073324,-0.180830,-0.980829,0.072634,-0.059166,0.084567,0.994660,0,0.82453,0.28000,49.472,0.560,725.000,350.000,-1,375.000,-1,300.000,300.000,300.000,325.000,-1,550.000,400.000,-1,550.000,675.000,700.000,-1,0,0,2,0,2,0,0,0,0,2,0,0,2,0,0,0,2
68,-2126.746,4906.920,-499.626,190.468,-0.980965,0.180984,-0.070370,-0.186212,-0.979521,0.076581,-0.055069,0.088227,0.994577,0,0.82453,0.16000,49.472,0.320,750.000,350.000,-1,375.000,-1,300.000,300.000,325.000,325.000,-1,500.000,350.000,-1,575.000,675.000,700.000,-1,0,0,2,0,2,0,0,0,0,2,0,0,2,0,0,0,2
69,-2175.380,4897.860,-501.959,190.548,-0.980931,0.182295,-0.067402,-0.187466,-0.978960,0.080585,-0.051294,0.091684,0.994466,0,0.82453,0.04000,49.472,0.080,775.000,350.000,-1,375.000,-1,300.000,300.000,325.000,325.000,-1,475.000,325.000,-1,575.000,675.000,725.000,-1,0,0,2,0,2,0,0,0,0,2,0,0,2,0,0,0,2
70,-2224.005,4888.750,-504.223,190.606,-0.980958,0.183225,-0.064421,-0.188314,-0.978458,0.084599,-0.047532,0.095120,0.994330,0,0.82453,0.02896,49.472,0.058,825.000,350.000,-1,375.000,-1,300.000,300.000,325.000,325.000,-1,450.000,300.000,-1,575.000,650.000,750.000,-1,0,0,2,0,2,0,0,0,0,2,0,0,2,0,0,0,2
71,-2272.621,4879.590,-506.418,190.664,-0.980976,0.184152,-0.061427,-0.189132,-0.977944,0.088621,-0.043753,0.098553,0.994170,0,0.82453,0.02896,49.472,0.058,900.000,350.000,-1,400.000,-1,300.000,300.000,325.000,325.000,-1,425.000,300.000,1000.000,575.000,650.000,775.000,-1,0,0,2,0,2,0,0,0,0,2,0,0,0,0,0,0,2
72,-2321.228,4870.381,-508.544,190.722,-0.980986,0.185076,-0.058421,-0.189921,-0.977418,0.092649,-0.039955,0.101982,0.993984,0,0.82453,0.02896,49.472,0.058,1000.000,350.000,-1,375.000,-1,300.000,300.000,325.000,325.000,-1,425.000,275.000,925.000,575.000,650.000,825.000,-1,0,0,2,0,2,0,0,0,0,2,0,0,0,0,0,0,2
73,-2369.826,4861.123,-510.601,190.780,-0.980987,0.185997,-0.055402,-0.190679,-0.976880,0.096683,-0.036139,0.105409,0.993772,0,0.82453,0.02896,49.472,0.058,-1,350.000,-1,375.000,-1,300.000,300.000,325.000,325.000,-1,400.000,250.000,900.000,575.000,650.000,875.000,-1,2,0,2,0,2,0,0,0,0,2,0,0,0,0,0,0,2
74,-2418.413,4851.816,-512.587,190.838,-0.980979,0.186915,-0.052372,-0.191407,-0.976329,0.100724,-0.032305,0.108832,0.993535,0,0.82453,0.02896,49.472,0.058,-1,350.000,-1,375.000,-1,300.000,300.000,325.000,325.000,-1,375.000,250.000,875.000,575.000,625.000,975.000,-1,2,0,2,0,2,0,0,0,0,2,0,0,0,0,0,0,2
75,-2466.992,4842.459,-514.502,190.896,-0.980962,0.187830,-0.049330,-0.192104,-0.975766,0.104770,-0.028455,0.112252,0.993272,0,0.82453,0.02896,49.472,0.058,-1,350.000,-1,375.000,-1,300.000,300.000,325.000,325.000,-1,350.000,225.000,850.000,575.000,625.000,-1,-1,2,0,2,0,2,0,0,0,0,2,0,0,0,0,0,2,2
76,-2515.561,4833.053,-516.345,190.954,-0.980936,0.188742,-0.046275,-0.192770,-0.975191,0.108822,-0.024588,0.115668,0.992984,0,0.82453,0.02896,49.472,0.058,-1,350.000,-1,375.000,-1,300.000,300.000,325.000,325.000,-1,325.000,225.000,850.000,575.000,625.000,-1,-1,2,0,2,0,2,0,0,0,0,2,0,0,0,0,0,2,2
77,-2564.120,4823.598,-518.109,191.012,-0.980899,0.189651,-0.043228,-0.193408,-0.974607,0.112845,-0.020729,0.119050,0.992672,0,0.82453,0.02896,49.472,0.058,-1,350.000,-1,350.000,-1,300.000,300.000,325.000,325.000,-1,300.000,200.000,825.000,600.000,625.000,-1,-1,2,0,2,0,2,0,0,0,0,2,0,0,0,0,0,2,2
78,-2616.905,4813.498,-519.071,190.830,-0.981672,0.186547,-0.038986,-0.189840,-0.975176,0.113988,-0.016754,0.119300,0.992717,0,0.89571,-0.09104,53.742,-0.182,-1,350.000,-1,350.000,-1,300.000,300.000,325.000,325.000,-1,300.000,225.000,850.000,600.000,625.000,-1,-1,2,0,2,0,2,0,0,0,0,2,0,0,0,0,0,2,2
79,-2669.764,4803.790,-519.596,190.408,-0.983197,0.179375,-0.033881,-0.182112,-0.976612,0.114303,-0.012586,0.118553,0.992868,0,0.89571,-0.21104,53.742,-0.422,-1,350.000,-1,350.000,-1,300.000,300.000,300.000,325.000,-1,300.000,225.000,875.000,600.000,625.000,-1,-1,2,0,2,0,2,0,0,0,0,2,0,0,0,0,0,2,2
80,-2722.731,4794.689,-519.597,189.745,-0.985328,0.168048,-0.029816,-0.170404,-0.978445,0.116652,-0.009570,0.120022,0.992725,0,0.89571,-0.33104,53.742,-0.662,-1,350.000,-1,375.000,-1,300.000,300.000,300.000,325.000,-1,325.000,250.000,875.000,625.000,625.000,-1,-1,2,0,2,0,2,0,0,0,0,2,0,0,0,0,0,2,2
81,-2775.835,4786.424,-519.613,188.843,-0.987952,0.152592,-0.025802,-0.154593,-0.980771,0.119118,-0.007130,0.121671,0.992545,0,0.89571,-0.45104,53.742,-0.902,-1,350.000,-1,375.000,-1,300.000,300.000,300.000,350.000,-1,350.000,275.000,875.000,650.000,650.000,-1,-1,2,0,2,0,2,0,0,0,0,2,0,0,0,0,0,2,2
82,-2829.094,4779.219,-519.721,187.701,-0.990875,0.132986,-0.021962,-0.134677,-0.983418,0.121456,-0.005446,0.123306,0.992354,0,0.89571,-0.57104,53.742,-1.142,-1,350.000,-1,375.000,-1,300.000,300.000,300.000,350.000,-1,350.000,300.000,900.000,650.000,650.000,-1,-1,2,0,2,0,2,0,0,0,0,2,0,0,0,0,0,2,2
83,-2882.512,4773.301,-519.951,186.319,-0.993851,0.109205,-0.018294,-0.110634,-0.986138,0.123659,-0.004536,0.124923,0.992156,0,0.89571,-0.69104,53.742,-1.382,-1,375.000,-1,375.000,-1,300.000,300.000,300.000,350.000,-1,375.000,325.000,900.000,675.000,650.000,-1,-1,2,0,2,0,2,0,0,0,0,2,0,0,0,0,0,2,2
84,-2936.076,4768.897,-520.334,184.697,-0.996586,0.081230,-0.014791,-0.082448,-0.988633,0.125723,-0.004410,0.126513,0.991955,0,0.89571,-0.81104,53.742,-1.622,-1,375.000,-1,375.000,-1,300.000,300.000,300.000,350.000,-1,400.000,325.000,900.000,700.000,650.000,-1,-1,2,0,2,0,2,0,0,0,0,2,0,0,0,0,0,2,2
85,-2989.756,4766.236,-520.901,182.835,-0.998731,0.049053,-0.011442,-0.050114,-0.990553,0.127649,-0.005072,0.128061,0.991753,0,0.89571,-0.93104,53.742,-1.862,-1,375.000,-1,375.000,-1,300.000,300.000,300.000,325.000,-1,425.000,325.000,925.000,700.000,675.000,-1,-1,2,0,2,0,2,0,0,0,0,2,0,0,0,0,0,2,2
86,-3043.494,4765.338,-521.656,180.955,-0.999830,0.016534,-0.008188,-0.017455,-0.991433,0.129443,-0.005977,0.129564,0.991553,0,0.89571,-0.93980,53.742,-1.880,-1,375.000,-1,375.000,-1,300.000,300.000,300.000,325.000,-1,450.000,325.000,925.000,725.000,675.000,-1,-1,2,0,2,0,2,0,0,0,0,2,0,0,0,0,0,2,2
87,-3097.233,4766.203,-522.608,179.076,-0.999860,-0.015990,-0.004997,0.015197,-0.991251,0.131116,-0.007050,0.131021,0.991354,0,0.89571,-0.93980,53.742,-1.880,-1,375.000,-1,375.000,-1,300.000,300.000,300.000,325.000,-1,450.000,300.000,950.000,725.000,675.000,-1,-1,2,0,2,0,2,0,0,0,0,2,0,0,0,0,0,2,2
88,-3150.915,4768.830,-523.766,177.196,-0.998822,-0.048485,-0.001841,0.047812,-0.990006,0.132675,-0.008255,0.132431,0.991158,0,0.89571,-0.93980,53.742,-1.880,-1,375.000,-1,375.000,-1,300.000,300.000,300.000,325.000,-1,425.000,300.000,950.000,750.000,675.000,-1,-1,2,0,2,0,2,0,0,0,0,2,0,0,0,0,0,2,2
89,-3204.481,4773.216,-525.139,175.317,-0.996720,-0.080915,0.001312,0.080360,-0.987701,0.134124,-0.009557,0.133789,0.990964,0,0.89571,-0.93980,53.742,-1.880,-1,375.000,-1,375.000,-1,300.000,300.000,300.000,325.000,-1,400.000,300.000,950.000,750.000,675.000,-1,-1,2,0,2,0,2,0,0,0,0,2,0,0,0,0,0,2,2
90,-3257.875,4779.357,-526.654,173.437,-0.993558,-0.113242,0.004256,0.112768,-0.984296,0.135814,-0.011190,0.135419,0.990725,0,0.89571,-0.93980,53.742,-1.880,-1,375.000,-1,375.000,-1,300.000,300.000,300.000,300.000,-1,375.000,275.000,950.000,775.000,675.000,-1,-1,2,0,2,0,2,0,0,0,0,2,0,0,0,0,0,2,2
91,-3311.039,4787.246,-528.108,171.557,-0.989348,-0.145428,0.006359,0.144909,-0.979796,0.137848,-0.013816,0.137301,0.990433,0,0.89571,-0.93980,53.742,-1.880,-1,375.000,-1,375.000,-1,300.000,300.000,300.000,300.000,-1,375.000,300.000,950.000,775.000,675.000,-1,-1,2,0,2,0,2,0,0,0,0,2,0,0,0,0,0,2,2
92,-3359.229,4795.817,-528.810,169.918,-0.984823,-0.173428,0.006810,0.172713,-0.975377,0.137152,-0.017143,0.136246,0.990527,0,0.81571,-0.81980,48.942,-1.640,-1,375.000,-1,375.000,-1,300.000,300.000,300.000,300.000,-1,450.000,350.000,1000.000,775.000,675.000,-1,-1,2,0,2,0,2,0,0,0,0,2,0,0,0,0,0,2,2
93,-3406.945,4805.512,-529.553,168.518,-0.980328,-0.197234,0.007519,0.196406,-0.971020,0.136180,-0.019558,0.134977,0.990656,0,0.81148,-0.69980,48.689,-1.400,-1,375.000,-1,375.000,-1,300.000,300.000,300.000,300.000,-1,500.000,400.000,-1,775.000,675.000,-1,-1,2,0,2,0,2,0,0,0,0,2,0,0,2,0,0,2,2
94,-3454.672,4816.219,-530.386,167.359,-0.976163,-0.216881,0.008332,0.215996,-0.966988,0.135200,-0.021266,0.133777,0.990783,0,0.81518,-0.57980,48.911,-1.160,-1,375.000,-1,375.000,-1,300.000,300.000,300.000,325.000,-1,525.000,450.000,-1,775.000,675.000,-1,-1,2,0,2,0,2,0,0,0,0,2,0,0,2,0,0,2,2
95,-3502.583,4827.778,-531.289,166.439,-0.972575,-0.232407,0.009259,0.231523,-0.963527,0.134210,-0.022270,0.132673,0.990910,0,0.82140,-0.45980,49.284,-0.920,-1,375.000,-1,375.000,-1,300.000,300.000,325.000,325.000,-1,550.000,475.000,-1,775.000,675.000,-1,-1,2,0,2,0,2,0,0,0,0,2,0,0,2,0,0,2,2
96,-3550.714,4839.995,-532.238,165.759,-0.969758,-0.243851,0.010306,0.243022,-0.960831,0.133209,-0.022581,0.131686,0.991034,0,0.82760,-0.33980,49.656,-0.680,-1,375.000,-1,375.000,-1,300.000,300.000,325.000,325.000,-1,575.000,525.000,-1,775.000,700.000,-1,-1,2,0,2,0,2,0,0,0,0,2,0,0,2,0,0,2,2
97,-3599.109,4852.674,-533.209,165.320,-0.967855,-0.251245,0.011477,0.250525,-0.959041,0.132201,-0.022208,0.130827,0.991156,0,0.83379,-0.21980,50.027,-0.440,-1,375.000,-1,375.000,-1,300.000,300.000,325.000,325.000,-1,600.000,550.000,-1,800.000,700.000,-1,-1,2,0,2,0,2,0,0,0,0,2,0,0,2,0,0,2,2
98,-3647.818,4865.617,-534.182,165.120,-0.966960,-0.254609,0.012771,0.254049,-0.958253,0.131188,-0.021164,0.130098,0.991275,0,0.83998,-0.09980,50.399,-0.200,-1,375.000,-1,375.000,-1,300.000,300.000,325.000,325.000,-1,600.000,575.000,-1,800.000,700.000,-1,-1,2,0,2,0,2,0,0,0,0,2,0,0,2,0,0,2,2
99,-3696.864,4878.740,-535.145,165.021,-0.966498,-0.256282,0.014196,0.255913,-0.957891,0.130208,-0.019771,0.129479,0.991385,0,0.84619,-0.04941,50.771,-0.099,-1,375.000,-1,375.000,-1,300.000,300.000,325.000,325.000,-1,625.000,575.000,-1,825.000,700.000,-1,-1,2,0,2,0,2,0,0,0,0,2,0,0,2,0,0,2,2
100,-3746.250,4892.041,-536.099,164.926,-0.966046,-0.257890,0.015760,0.257726,-0.957529,0.129286,-0.018251,0.128958,0.991482,0,0.85242,-0.04756,51.145,-0.095,-1,400.000,-1,375.000,-1,300.000,300.000,325.000,325.000,-1,625.000,600.000,-1,825.000,725.000,-1,-1,2,0,2,0,2,0,0,0,0,2,0,0,2,0,0,2,2
101,-3795.975,4905.518,-537.041,164.835,-0.965605,-0.259427,0.017466,0.259484,-0.957171,0.128423,-0.016598,0.128538,0.991566,0,0.85865,-0.04558,51.519,-0.091,-1,400.000,-1,375.000,-1,300.000,300.000,325.000,325.000,-1,625.000,625.000,-1,825.000,725.000,1000.000,-1,2,0,2,0,2,0,0,0,0,2,0,0,2,1,0,1,2
102,-3846.040,4919.169,-537.972,164.748,-0.965175,-0.260890,0.019320,0.261184,-0.956815,0.127620,-0.014809,0.128222,0.991635,0,0.86488,-0.04345,51.893,-0.087,-1,400.000,-1,375.000,-1,325.000,325.000,325.000,325.000,-1,625.000,625.000,-1,775.000,725.000,950.000,-1,2,0,2,0,2,0,0,0,0,2,0,0,2,1,0,1,2
103,-3896.445,4932.992,-539.013,164.666,-0.964765,-0.262289,0.020800,0.262777,-0.956527,0.126507,-0.013285,0.127516,0.991748,0,0.87110,-0.04118,52.266,-0.082,-1,400.000,975.000,400.000,-1,325.000,325.000,325.000,325.000,-1,575.000,650.000,-1,750.000,725.000,900.000,-1,2,0,1,0,2,0,0,0,0,2,0,0,2,1,0,1,2
104,-3947.190,4946.982,-540.266,164.588,-0.964386,-0.263633,0.021390,0.264206,-0.956356,0.124812,-0.012448,0.126018,0.991950,0,0.87730,-0.03874,52.638,-0.077,-1,400.000,925.000,400.000,-1,325.000,325.000,325.000,325.000,-1,525.000,600.000,-1,700.000,750.000,825.000,-1,2,0,1,0,2,0,0,0,0,2,0,0,2,1,0,1,2
105,-3998.274,4961.136,-541.382,164.516,-0.964034,-0.264899,0.021612,0.265513,-0.956241,0.122910,-0.011892,0.124228,0.992182,0,0.88348,-0.03613,53.009,-0.072,-1,400.000,875.000,400.000,-1,325.000,325.000,325.000,325.000,-1,525.000,600.000,-1,650.000,750.000,775.000,975.000,2,0,1,0,2,0,0,0,0,2,0,0,2,1,0,1,1
106,-4049.696,4975.449,-542.440,164.450,-0.963735,-0.266070,0.020547,0.266563,-0.956145,0.121369,-0.012647,0.122444,0.992395,0,0.88962,-0.03332,53.377,-0.067,950.000,400.000,800.000,400.000,-1,325.000,325.000,325.000,325.000,-1,575.000,675.000,-1,625.000,725.000,725.000,925.000,1,0,1,0,2,0,0,0,0,2,0,0,2,1,1,1,1
107,-4101.456,4989.914,-543.560,164.389,-0.963469,-0.267126,0.019265,0.267468,-0.956022,0.120342,-0.013729,0.121098,0.992546,0,0.89572,-0.03030,53.743,-0.061,825.000,400.000,750.000,400.000,-1,325.000,325.000,325.000,325.000,-1,650.000,750.000,-1,575.000,675.000,650.000,850.000,1,0,1,0,2,0,0,0,0,2,0,0,2,1,1,1,1
108,-4153.551,5004.525,-544.623,164.335,-0.963231,-0.268072,0.017982,0.268267,-0.955925,0.119337,-0.014801,0.119773,0.992691,0,0.90175,-0.02706,54.105,-0.054,725.000,400.000,700.000,375.000,-1,325.000,325.000,325.000,325.000,-1,725.000,875.000,-1,525.000,625.000,600.000,800.000,1,0,1,0,2,0,0,0,0,2,0,0,2,1,1,1,1
109,-4205.979,5019.277,-545.628,164.288,-0.963023,-0.268900,0.016697,0.268951,-0.955854,0.118355,-0.015865,0.118469,0.992831,0,0.90772,-0.02356,54.463,-0.047,625.000,400.000,650.000,375.000,-1,325.000,325.000,325.000,325.000,-1,850.000,975.000,-1,500.000,575.000,525.000,725.000,1,0,1,0,2,0,0,0,0,2,0,0,2,1,1,1,1
110,-4258.735,5034.159,-546.572,164.248,-0.962849,-0.269602,0.015410,0.269511,-0.955815,0.117394,-0.016920,0.117186,0.992966,0,0.91359,-0.01978,54.815,-0.040,550.000,375.000,575.000,375.000,900.000,325.000,325.000,350.000,325.000,-1,950.000,-1,-1,450.000,525.000,475.000,650.000,1,1,1,0,1,0,0,0,0,2,0,2,2,1,1,1,1
111,-4311.815,5049.165,-547.452,164.217,-0.962710,-0.270166,0.014120,0.269937,-0.955810,0.116455,-0.017966,0.115924,0.993096,0,0.91934,-0.01570,55.160,-0.031,475.000,350.000,525.000,375.000,800.000,325.000,325.000,350.000,325.000,-1,-1,-1,-1,400.000,475.000,400.000,600.000,1,1,1,0,1,1,0,0,0,2,2,2,2,1,1,1,1
112,-4365.214,5064.283,-548.265,164.194,-0.962612,-0.270581,0.012825,0.270218,-0.955842,0.115537,-0.019003,0.114683,0.993220,0,0.92495,-0.01128,55.497,-0.023,400.000,300.000,475.000,375.000,700.000,300.000,325.000,350.000,300.000,-1,-1,-1,-1,350.000,425.000,350.000,525.000,1,1,1,1,1,1,1,0,0,2,2,2,2,1,1,1,1
113,-4418.923,5079.503,-549.010,164.181,-0.962557,-0.270836,0.011526,0.270340,-0.955915,0.114639,-0.020030,0.113463,0.993340,0,0.93039,-0.00648,55.824,-0.013,325.000,275.000,425.000,325.000,600.000,250.000,275.000,350.000,300.000,-1,-1,-1,-1,325.000,375.000,300.000,475.000,1,1,1,1,1,1,1,0,0,2,2,2,2,1,1,1,1
114,-4472.933,5094.810,-549.717,164.179,-0.962550,-0.270919,0.010081,0.270279,-0.956049,0.113662,-0.021156,0.112130,0.993468,0,0.93562,-0.00125,56.137,-0.002,250.000,225.000,350.000,275.000,525.000,225.000,250.000,350.000,300.000,-1,-1,-1,-1,275.000,325.000,225.000,400.000,1,1,1,1,1,1,1,0,0,2,2,2,2,1,1,1,1
115,-4527.231,5110.191,-550.642,164.188,-0.962584,-0.270845,0.008699,0.270101,-0.956358,0.111470,-0.021872,0.109649,0.993730,0,0.94059,0.00446,56.435,0.009,200.000,200.000,300.000,250.000,450.000,175.000,200.000,350.000,300.000,-1,-1,-1,-1,225.000,275.000,175.000,350.000,1,1,1,1,1,1,1,0,0,2,2,2,2,1,1,1,1
116,-4581.818,5125.579,-544.387,164.209,-0.962197,-0.269609,0.038572,0.272349,-0.953348,0.130203,0.001668,0.135786,0.990737,0,0.94524,0.01070,56.714,0.021,175.000,175.000,275.000,225.000,375.000,175.000,200.000,450.000,300.000,-1,550.000,475.000,-1,200.000,250.000,175.000,300.000,1,1,1,1,1,1,1,0,0,2,0,0,2,1,1,1,1
117,-4636.667,5140.983,-537.112,164.244,-0.960764,-0.267784,0.072285,0.275955,-0.949116,0.151751,0.027971,0.165744,0.985772,0,0.94951,0.01755,56.970,0.035,175.000,175.000,275.000,200.000,325.000,150.000,175.000,575.000,275.000,-1,200.000,75.000,-1,200.000,225.000,150.000,250.000,1,1,1,1,1,1,1,0,0,2,0,0,2,1,1,1,1
118,-4686.847,5155.269,-528.512,164.039,-0.956665,-0.270129,0.108732,0.285223,-0.944490,0.163056,0.058650,0.187003,0.980607,0,0.86951,-0.10245,52.170,-0.205,175.000,175.000,275.000,175.000,300.000,150.000,175.000,725.000,275.000,-1,125.000,50.000,750.000,200.000,225.000,150.000,225.000,1,1,1,1,1,1,1,0,0,2,0,0,0,1,1,1,1
119,-2951.708,-327.965,-266.572,85.805,0.072159,-0.996082,0.051130,0.997199,0.073061,0.015983,-0.019656,0.049834,0.998564,1,0.00000,0.00000,48.572,-0.445,-1,400.000,-1,425.000,-1,325.000,325.000,300.000,275.000,800.000,-1,-1,-1,850.000,950.000,-1,-1,2,0,2,0,2,0,0,0,0,1,2,2,2,0,0,2,2
120,-2951.346,-323.178,-266.669,85.679,0.074338,-0.995918,0.051206,0.997033,0.075253,0.016167,-0.019954,0.049852,0.998557,0,0.08000,-0.06306,4.800,-0.126,-1,400.000,-1,425.000,-1,325.000,325.000,300.000,275.000,825.000,-1,-1,-1,850.000,950.000,-1,-1,2,0,2,0,2,0,0,0,0,1,2,2,2,0,0,2,2
121,-2950.602,-313.607,-266.866,85.557,0.076436,-0.995751,0.051352,0.996865,0.077374,0.016543,-0.020446,0.049927,0.998544,0,0.16000,-0.06103,9.600,-0.122,-1,400.000,-1,425.000,-1,325.000,325.000,300.000,275.000,825.000,-1,-1,-1,850.000,950.000,-1,-1,2,0,2,0,2,0,0,0,0,1,2,2,2,0,0,2,2
122,-2949.458,-299.253,-267.162,85.443,0.078380,-0.995589,0.051572,0.996700,0.079354,0.017112,-0.021129,0.050061,0.998523,0,0.24000,-0.05697,14.400,-0.114,-1,400.000,-1,425.000,-1,325.000,325.000,300.000,275.000,850.000,-1,-1,-1,850.000,950.000,-1,-1,2,0,2,0,2,0,0,0,0,1,2,2,2,0,0,2,2
123,-2947.899,-280.116,-267.559,85.341,0.080100,-0.995436,0.051867,0.996544,0.081121,0.017875,-0.022001,0.050256,0.998494,0,0.32000,-0.05088,19.200,-0.102,-1,400.000,-1,425.000,-1,325.000,325.000,300.000,275.000,900.000,-1,-1,-1,850.000,950.000,-1,-1,2,0,2,0,2,0,0,0,0,1,2,2,2,0,0,2,2
124,-2945.914,-256.198,-268.059,85.256,0.081526,-0.995301,0.052240,0.996404,0.082605,0.018836,-0.023063,0.050516,0.998457,0,0.40000,-0.04276,24.000,-0.086,-1,400.000,-1,425.000,-1,325.000,325.000,300.000,275.000,925.000,-1,-1,-1,850.000,950.000,-1,-1,2,0,2,0,2,0,0,0,0,1,2,2,2,0,0,2,2
125,-2943.499,-227.499,-268.661,85.190,0.082587,-0.995190,0.052692,0.996287,0.083737,0.019997,-0.024313,0.050845,0.998411,0,0.48000,-0.03261,28.800,-0.065,-1,400.000,-1,425.000,-1,325.000,325.000,300.000,300.000,975.000,-1,-1,-1,850.000,950.000,-1,-1,2,0,2,0,2,0,0,0,0,1,2,2,2,0,0,2,2
126,-2940.658,-194.020,-269.367,85.150,0.083211,-0.995110,0.053225,0.996199,0.084444,0.021360,-0.025750,0.051246,0.998354,0,0.56000,-0.02043,33.600,-0.041,-1,400.000,-1,425.000,-1,325.000,325.000,300.000,300.000,-1,-1,-1,-1,850.000,950.000,-1,-1,2,0,2,0,2,0,0,0,0,2,2,2,2,0,0,2,2
127,-2937.722,-159.506,-270.098,85.137,0.083337,-0.995069,0.053780,0.996150,0.084658,0.022776,-0.027217,0.051675,0.998293,0,0.57731,-0.00622,34.639,-0.012,-1,400.000,-1,425.000,-1,325.000,325.000,300.000,300.000,-1,-1,-1,-1,850.000,950.000,-1,-1,2,0,2,0,2,0,0,0,0,2,2,2,2,0,0,2,2
128,-2934.743,-124.368,-270.843,85.154,0.082951,-0.995071,0.054347,0.996140,0.084363,0.024228,-0.028694,0.052128,0.998228,0,0.58772,0.00844,35.263,0.017,-1,400.000,-1,425.000,-1,325.000,325.000,300.000,300.000,-1,-1,-1,-1,850.000,925.000,-1,-1,2,0,2,0,2,0,0,0,0,2,2,2,2,0,0,2,2
129,-2931.739,-88.595,-271.602,85.201,0.082043,-0.995114,0.054924,0.996172,0.083550,0.025718,-0.030181,0.052604,0.998159,0,0.59831,0.02336,35.899,0.047,-1,400.000,-1,425.000,-1,325.000,325.000,300.000,300.000,-1,-1,-1,-1,850.000,925.000,-1,-1,2,0,2,0,2,0,0,0,0,2,2,2,2,0,0,2,2
130,-2928.731,-52.173,-272.374,85.278,0.080605,-0.995199,0.055508,0.996243,0.082209,0.027245,-0.031678,0.053103,0.998086,0,0.60910,0.03855,36.546,0.077,-1,400.000,-1,425.000,-1,325.000,325.000,300.000,300.000,-1,-1,-1,-1,850.000,925.000,-1,-1,2,0,2,0,2,0,0,0,0,2,2,2,2,0,0,2,2
131,-2925.396,-13.158,-273.332,85.115,0.083343,-0.994961,0.055738,0.995963,0.085038,0.028756,-0.033351,0.053117,0.998031,0,0.65262,-0.08145,39.157,-0.163,-1,400.000,-1,425.000,-1,325.000,325.000,300.000,300.000,-1,-1,-1,-1,850.000,900.000,-1,-1,2,0,2,0,2,0,0,0,0,2,2,2,2,0,0,2,2
132,-2921.721,26.540,-274.756,84.712,0.090265,-0.994384,0.055251,0.995291,0.092037,0.030408,-0.035322,0.052246,0.998009,0,0.66445,-0.20145,39.867,-0.403,-1,400.000,-1,425.000,-1,325.000,325.000,300.000,300.000,-1,-1,-1,-1,850.000,900.000,-1,-1,2,0,2,0,2,0,0,0,0,2,2,2,2,0,0,2,2
133,-2917.527,66.914,-276.612,84.069,0.101298,-0.993269,0.056174,0.994154,0.103186,0.031796,-0.037378,0.052625,0.997915,0,0.67653,-0.32145,40.592,-0.643,-1,400.000,-1,425.000,-1,325.000,325.000,300.000,300.000,-1,-1,-1,-1,850.000,900.000,-1,-1,2,0,2,0,2,0,0,0,0,2,2,2,2,0,0,2,2
