timestep,x_cm,y_cm,z_cm,yaw_deg,basis_xx,basis_xy,basis_xz,basis_yx,basis_yy,basis_yz,basis_zx,basis_zy,basis_zz,teleport_flag,throttle_cmd,steering_cmd,cmd_move_cm,cmd_turn_deg,lidar_cm_0,lidar_cm_1,lidar_cm_2,lidar_cm_3,lidar_cm_4,lidar_cm_5,lidar_cm_6,lidar_cm_7,lidar_cm_8,lidar_cm_9,lidar_cm_10,lidar_cm_11,lidar_cm_12,lidar_cm_13,lidar_cm_14,lidar_cm_15,lidar_cm_16,lidar_class_0,lidar_class_1,lidar_class_2,lidar_class_3,lidar_class_4,lidar_class_5,lidar_class_6,lidar_class_7,lidar_class_8,lidar_class_9,lidar_class_10,lidar_class_11,lidar_class_12,lidar_class_13,lidar_class_14,lidar_class_15,lidar_class_16
0,6227.950,-3604.487,-72.423,137.261,-0.734941,-0.678036,-0.011336,0.675900,-0.733776,0.068798,-0.054965,0.042901,0.997566,1,0.07715,0.12000,4.629,0.240,1000.000,675.000,-1,-1,-1,800.000,1000.000,300.000,250.000,-1,-1,-1,-1,925.000,-1,-1,-1,1,1,2,2,2,1,1,0,0,2,2,2,2,1,2,2,2
1,6224.497,-3601.351,-73.092,137.741,-0.740650,-0.671794,-0.011430,0.669515,-0.739352,0.071471,-0.056465,0.045283,0.997377,0,0.07773,0.24000,4.664,0.480,975.000,675.000,-1,-1,-1,775.000,975.000,300.000,250.000,-1,-1,-1,-1,925.000,-1,-1,-1,1,1,2,2,2,1,1,0,0,2,2,2,2,1,2,2,2
2,6220.990,-3598.228,-73.764,138.302,-0.747260,-0.664435,-0.011366,0.662003,-0.745798,0.074415,-0.057920,0.048083,0.997163,0,0.07828,0.28054,4.697,0.561,975.000,675.000,-1,-1,-1,775.000,950.000,300.000,250.000,-1,-1,-1,-1,900.000,-1,-1,-1,1,1,2,2,2,1,1,0,0,2,2,2,2,1,2,2,2
3,6217.428,-3595.118,-74.442,138.860,-0.753758,-0.657053,-0.011353,0.654462,-0.752123,0.077399,-0.059394,0.050910,0.996936,0,0.07880,0.27879,4.728,0.558,975.000,650.000,-1,-1,-1,750.000,925.000,300.000,250.000,-1,-1,-1,-1,900.000,-1,-1,-1,1,1,2,2,2,1,1,0,0,2,2,2,2,1,2,2,2
4,6213.813,-3592.023,-75.127,139.414,-0.760146,-0.649652,-0.011391,0.646893,-0.758328,0.080421,-0.060884,0.053763,0.996696,0,0.07931,0.27703,4.759,0.554,975.000,650.000,-1,-1,-1,725.000,900.000,300.000,250.000,-1,-1,-1,-1,875.000,-1,-1,-1,1,1,2,2,2,1,1,0,0,2,2,2,2,1,2,2,2
5,6210.146,-3588.944,-75.820,139.964,-0.766423,-0.642233,-0.011471,0.639299,-0.764413,0.083483,-0.062384,0.056650,0.996443,0,0.07981,0.27526,4.788,0.551,975.000,625.000,-1,-1,-1,725.000,875.000,325.000,225.000,-1,-1,-1,-1,875.000,-1,-1,-1,1,1,2,2,2,1,1,0,0,2,2,2,2,1,2,2,2
6,6206.427,-3585.881,-76.554,140.511,-0.772596,-0.634794,-0.011444,0.631684,-0.770372,0.086611,-0.063796,0.059686,0.996176,0,0.08029,0.27348,4.817,0.547,950.000,625.000,-1,-1,-1,700.000,875.000,325.000,225.000,-1,-1,-1,-1,850.000,-1,1000.000,-1,1,1,2,2,2,1,1,0,0,2,2,2,2,1,2,1,2
7,6202.658,-3582.837,-77.292,141.055,-0.778659,-0.627342,-0.011472,0.624048,-0.776212,0.089775,-0.065224,0.062745,0.995896,0,0.08075,0.27168,4.845,0.543,950.000,625.000,-1,-1,-1,700.000,850.000,325.000,225.000,-1,-1,-1,-1,850.000,-1,1000.000,-1,1,1,2,2,2,1,1,0,0,2,2,2,2,1,2,1,2
8,6198.838,-3579.812,-78.036,141.594,-0.784612,-0.619879,-0.011554,0.616392,-0.781932,0.092972,-0.066665,0.065825,0.995602,0,0.08120,0.26988,4.872,0.540,950.000,600.000,-1,-1,-1,675.000,825.000,325.000,225.000,-1,-1,-1,-1,825.000,-1,1000.000,-1,1,1,2,2,2,1,1,0,0,2,2,2,2,1,2,1,2
9,6194.971,-3576.806,-78.783,142.130,-0.790456,-0.612407,-0.011690,0.608719,-0.787532,0.096199,-0.068119,0.068925,0.995293,0,0.08164,0.26805,4.898,0.536,950.000,600.000,-1,-1,-1,650.000,800.000,325.000,225.000,-1,-1,-1,-1,825.000,-1,975.000,-1,1,1,2,2,2,1,1,0,0,2,2,2,2,1,2,1,2
10,6191.055,-3573.822,-79.535,142.663,-0.796191,-0.604929,-0.011881,0.601030,-0.793014,0.099455,-0.069585,0.072045,0.994971,0,0.08205,0.26622,4.923,0.532,950.000,575.000,-1,-1,-1,650.000,800.000,325.000,200.000,-1,-1,-1,-1,825.000,-1,975.000,-1,1,1,2,2,2,1,1,0,0,2,2,2,2,1,2,1,2
11,6187.092,-3570.859,-80.291,143.192,-0.801818,-0.597446,-0.012126,0.593329,-0.798377,0.102738,-0.071062,0.075182,0.994635,0,0.08246,0.26437,4.947,0.529,925.000,575.000,-1,-1,-1,625.000,775.000,325.000,200.000,-1,-1,-1,-1,800.000,-1,950.000,-1,1,1,2,2,2,1,1,0,0,2,2,2,2,1,2,1,2
12,6183.084,-3567.920,-81.049,143.717,-0.807336,-0.589961,-0.012426,0.585616,-0.803622,0.106045,-0.072548,0.078337,0.994284,0,0.08284,0.26251,4.970,0.525,925.000,575.000,-1,-1,-1,625.000,750.000,325.000,200.000,-1,-1,-1,-1,800.000,-1,950.000,-1,1,1,2,2,2,1,1,0,0,2,2,2,2,1,2,1,2
13,6179.032,-3565.004,-81.811,144.238,-0.812747,-0.582477,-0.012779,0.577893,-0.808750,0.109374,-0.074043,0.081509,0.993919,0,0.08321,0.26064,4.992,0.521,925.000,550.000,-1,-1,-1,600.000,750.000,350.000,200.000,-1,-1,-1,-1,775.000,-1,925.000,-1,1,1,2,2,2,1,1,0,0,2,2,2,2,1,2,1,2
14,-983.889,-4263.557,269.179,-72.838,0.295654,0.954635,-0.035515,-0.955172,0.294814,-0.027034,-0.015338,0.041916,0.999003,1,0.00000,0.00000,5.013,0.518,-1,400.000,-1,400.000,-1,325.000,325.000,300.000,300.000,-1,-1,-1,-1,750.000,800.000,-1,-1,2,0,2,0,2,0,0,0,0,2,2,2,2,0,0,2,2
15,-982.492,-4268.149,269.104,-73.078,0.291657,0.955864,-0.035509,-0.956396,0.290814,-0.027078,-0.015556,0.041858,0.999002,0,0.08000,-0.12000,4.800,-0.240,-1,400.000,-1,400.000,-1,325.000,325.000,300.000,300.000,-1,-1,-1,-1,750.000,800.000,-1,-1,2,0,2,0,2,0,0,0,0,2,2,2,2,0,0,2,2
16,-979.745,-4277.348,268.956,-73.369,0.286815,0.957328,-0.035498,-0.957855,0.285965,-0.027175,-0.015864,0.041796,0.999000,0,0.16000,-0.14523,9.600,-0.290,-1,400.000,-1,400.000,-1,325.000,325.000,300.000,300.000,-1,-1,-1,-1,750.000,800.000,-1,-1,2,0,2,0,2,0,0,0,0,2,2,2,2,0,0,2,2
17,-975.694,-4291.166,268.733,-73.662,0.281913,0.958784,-0.035485,-0.959303,0.281054,-0.027328,-0.016229,0.041745,0.998996,0,0.24000,-0.14687,14.400,-0.294,-1,400.000,-1,400.000,-1,325.000,325.000,300.000,300.000,-1,-1,-1,-1,750.000,800.000,-1,-1,2,0,2,0,2,0,0,0,0,2,2,2,2,0,0,2,2
18,-970.389,-4309.619,268.435,-73.962,0.276912,0.960240,-0.035475,-0.960751,0.276042,-0.027538,-0.016650,0.041708,0.998991,0,0.32000,-0.14964,19.200,-0.299,-1,400.000,-1,400.000,-1,325.000,325.000,300.000,300.000,-1,-1,-1,-1,750.000,800.000,-1,-1,2,0,2,0,2,0,0,0,0,2,2,2,2,0,0,2,2
19,-963.882,-4332.720,268.059,-74.269,0.271776,0.961706,-0.035475,-0.962208,0.270892,-0.027804,-0.017130,0.041691,0.998984,0,0.40000,-0.15353,24.000,-0.307,-1,400.000,-1,400.000,-1,325.000,325.000,300.000,300.000,-1,-1,-1,-1,725.000,800.000,-1,-1,2,0,2,0,2,0,0,0,0,2,2,2,2,0,0,2,2
20,-956.227,-4360.484,267.605,-74.586,0.266466,0.963191,-0.035490,-0.963682,0.265565,-0.028127,-0.017667,0.041696,0.998974,0,0.48000,-0.15856,28.800,-0.317,-1,400.000,-1,400.000,-1,325.000,325.000,300.000,300.000,-1,-1,-1,-1,725.000,800.000,-1,-1,2,0,2,0,2,0,0,0,0,2,2,2,2,0,0,2,2
21,-947.483,-4392.926,267.070,-74.915,0.260942,0.964701,-0.035529,-0.965182,0.260022,-0.028505,-0.018261,0.041730,0.998962,0,0.56000,-0.16473,33.600,-0.329,-1,400.000,-1,400.000,-1,325.000,325.000,300.000,300.000,-1,-1,-1,-1,725.000,800.000,-1,-1,2,0,2,0,2,0,0,0,0,2,2,2,2,0,0,2,2
22,-937.712,-4430.063,266.455,-75.259,0.255165,0.966242,-0.035600,-0.966713,0.254223,-0.028938,-0.018911,0.041798,0.998947,0,0.64000,-0.17205,38.400,-0.344,-1,375.000,-1,400.000,-1,325.000,325.000,300.000,300.000,-1,-1,-1,-1,725.000,800.000,-1,-1,2,0,2,0,2,0,0,0,0,2,2,2,2,0,0,2,2
23,-926.984,-4471.909,265.757,-75.620,0.249096,0.967820,-0.035712,-0.968280,0.248129,-0.029425,-0.019617,0.041908,0.998929,0,0.72000,-0.18051,43.200,-0.361,-1,375.000,-1,400.000,-1,325.000,325.000,300.000,300.000,-1,-1,-1,-1,725.000,800.000,-1,-1,2,0,2,0,2,0,0,0,0,2,2,2,2,0,0,2,2
24,-915.372,-4518.484,264.963,-76.001,0.242694,0.969437,-0.035928,-0.969890,0.241698,-0.029939,-0.020341,0.042113,0.998906,0,0.80000,-0.19012,48.000,-0.380,-1,375.000,-1,400.000,-1,325.000,325.000,300.000,300.000,-1,-1,-1,-1,725.000,800.000,-1,-1,2,0,2,0,2,0,0,0,0,2,2,2,2,0,0,2,2
25,-902.958,-4569.804,263.900,-76.402,0.235922,0.971070,-0.036941,-0.971550,0.234885,-0.030313,-0.020759,0.043042,0.998858,0,0.88000,-0.20087,52.800,-0.402,-1,375.000,-1,400.000,-1,325.000,325.000,300.000,300.000,-1,-1,-1,-1,725.000,800.000,-1,-1,2,0,2,0,2,0,0,0,0,2,2,2,2,0,0,2,2
26,-890.917,-4621.249,262.802,-76.828,0.228742,0.972742,-0.038070,-0.973254,0.227657,-0.030791,-0.021285,0.044095,0.998801,0,0.88059,-0.21274,52.836,-0.425,-1,375.000,-1,400.000,-1,325.000,325.000,300.000,300.000,-1,-1,-1,-1,725.000,775.000,-1,-1,2,0,2,0,2,0,0,0,0,2,2,2,2,0,0,2,2
27,-879.290,-4672.743,261.634,-77.277,0.221136,0.974463,-0.038996,-0.975003,0.220019,-0.030981,-0.021610,0.044872,0.998759,0,0.87984,-0.22452,52.790,-0.449,-1,375.000,-1,400.000,-1,325.000,325.000,300.000,300.000,-1,-1,-1,-1,725.000,775.000,-1,-1,2,0,2,0,2,0,0,0,0,2,2,2,2,0,0,2,2
28,-868.102,-4724.264,260.435,-77.748,0.213139,0.976210,-0.039833,-0.976777,0.211995,-0.031061,-0.021877,0.045529,0.998723,0,0.87869,-0.23549,52.722,-0.471,-1,375.000,-1,400.000,-1,325.000,325.000,300.000,300.000,-1,-1,-1,-1,725.000,775.000,975.000,-1,2,0,2,0,2,0,0,0,0,2,2,2,2,0,0,1,2
29,-857.369,-4775.789,259.236,-78.234,0.204874,0.977942,-0.040697,-0.978538,0.203703,-0.031132,-0.022156,0.046202,0.998686,0,0.87717,-0.24292,52.630,-0.486,1000.000,375.000,-1,400.000,-1,325.000,325.000,300.000,300.000,-1,-1,-1,-1,725.000,775.000,950.000,-1,1,0,2,0,2,0,0,0,0,2,2,2,2,0,0,1,2
30,-847.108,-4827.294,258.036,-78.733,0.196358,0.979650,-0.041586,-0.980275,0.195159,-0.031196,-0.022446,0.046891,0.998648,0,0.87528,-0.24989,52.517,-0.500,925.000,375.000,-1,400.000,-1,325.000,325.000,300.000,300.000,-1,-1,-1,-1,725.000,775.000,900.000,-1,1,0,2,0,2,0,0,0,0,2,2,2,2,0,0,1,2
31,-837.069,-4878.906,256.843,-78.993,0.191934,0.980487,-0.042498,-0.981149,0.190708,-0.031255,-0.022540,0.047696,0.998608,0,0.87632,-0.12989,52.579,-0.260,875.000,375.000,-1,400.000,-1,325.000,325.000,325.000,300.000,-1,-1,-1,-1,725.000,775.000,850.000,-1,1,0,2,0,2,0,0,0,0,2,2,2,2,0,0,1,2
32,-827.086,-4930.322,255.674,-79.013,0.191610,0.980510,-0.043424,-0.981215,0.190362,-0.031302,-0.022426,0.048606,0.998566,0,0.87294,-0.00989,52.376,-0.020,800.000,375.000,-1,400.000,-1,325.000,325.000,325.000,300.000,-1,-1,-1,-1,725.000,775.000,825.000,-1,1,0,2,0,2,0,0,0,0,2,2,2,2,1,0,1,2
33,-817.167,-4981.472,254.528,-79.025,0.191415,0.980506,-0.044361,-0.981256,0.190144,-0.031334,-0.022288,0.049527,0.998524,0,0.86839,-0.00611,52.103,-0.012,750.000,375.000,-1,400.000,-1,325.000,325.000,325.000,300.000,-1,-1,-1,-1,700.000,775.000,775.000,-1,1,0,2,0,2,0,0,0,0,2,2,2,2,1,0,1,2
34,-807.323,-5032.332,253.406,-79.046,0.191064,0.980531,-0.045308,-0.981328,0.189771,-0.031349,-0.022141,0.050452,0.998481,0,0.86340,-0.01064,51.804,-0.021,700.000,375.000,-1,400.000,-1,325.000,325.000,325.000,300.000,-1,-1,-1,-1,700.000,775.000,725.000,-1,1,0,2,0,2,0,0,0,0,2,2,2,2,1,0,1,2
35,-797.565,-5082.884,252.309,-79.075,0.190581,0.980581,-0.046256,-0.981426,0.189267,-0.031338,-0.021975,0.051369,0.998438,0,0.85809,-0.01447,51.485,-0.029,650.000,375.000,-1,400.000,-1,325.000,325.000,325.000,300.000,-1,-1,-1,-1,700.000,775.000,700.000,-1,1,0,2,0,2,0,0,0,0,2,2,2,2,1,0,1,2
36,-787.901,-5133.114,251.237,-79.111,0.189990,0.980650,-0.047209,-0.981544,0.188656,-0.031309,-0.021797,0.052287,0.998394,0,0.85251,-0.01758,51.151,-0.035,625.000,375.000,-1,400.000,-1,325.000,325.000,325.000,300.000,-1,-1,-1,-1,675.000,775.000,675.000,-1,1,0,2,0,2,0,0,0,0,2,2,2,2,1,0,1,2
37,-777.423,-5186.544,250.129,-78.906,0.193500,0.979914,-0.048230,-0.980868,0.192150,-0.031257,-0.021361,0.053355,0.998347,0,0.90747,0.10242,54.448,0.205,575.000,375.000,-1,400.000,-1,325.000,325.000,325.000,300.000,-1,-1,-1,-1,675.000,775.000,625.000,-1,1,0,2,0,2,0,0,0,0,2,2,2,2,1,0,1,2
38,-766.692,-5239.919,249.012,-78.633,0.198148,0.978922,-0.049480,-0.979957,0.196793,-0.030937,-0.020548,0.054618,0.998296,0,0.90738,0.13622,54.443,0.272,525.000,375.000,-1,400.000,-1,325.000,325.000,325.000,300.000,-1,-1,-1,-1,650.000,775.000,575.000,-1,1,0,2,0,2,0,0,0,0,2,2,2,2,1,0,1,2
39,-755.705,-5293.211,247.950,-78.351,0.202945,0.977878,-0.050675,-0.978993,0.201593,-0.030546,-0.019655,0.055810,0.998248,0,0.90689,0.14092,54.413,0.282,475.000,375.000,-1,400.000,-1,325.000,325.000,325.000,300.000,-1,-1,-1,-1,625.000,775.000,550.000,-1,1,0,2,0,2,0,0,0,0,2,2,2,2,1,0,1,2
40,-744.455,-5346.401,246.910,-78.059,0.207921,0.976773,-0.051794,-0.977966,0.206576,-0.030165,-0.018765,0.056924,0.998202,0,0.90611,0.14643,54.366,0.293,450.000,375.000,-1,400.000,-1,325.000,325.000,325.000,300.000,-1,-1,-1,-1,600.000,775.000,500.000,-1,1,0,2,0,2,0,0,0,0,2,2,2,2,1,0,1,2
41,-732.935,-5399.469,245.903,-77.753,0.213106,0.975597,-0.052875,-0.976865,0.211768,-0.029811,-0.017886,0.058005,0.998156,0,0.90507,0.15276,54.304,0.306,400.000,375.000,-1,400.000,-1,325.000,325.000,325.000,300.000,-1,-1,-1,-1,600.000,750.000,475.000,-1,1,0,2,0,2,0,0,0,0,2,2,2,2,1,0,1,2
42,-721.136,-5452.397,244.939,-77.433,0.218527,0.974338,-0.053953,-0.975683,0.217197,-0.029468,-0.016993,0.059081,0.998109,0,0.90380,0.15993,54.228,0.320,375.000,375.000,-1,400.000,-1,325.000,325.000,325.000,300.000,-1,-1,-1,-1,575.000,750.000,425.000,-1,1,0,2,0,2,0,0,0,0,2,2,2,2,1,0,1,2
43,-709.045,-5505.171,244.019,-77.097,0.224211,0.972986,-0.055027,-0.974408,0.222891,-0.029135,-0.016083,0.060151,0.998060,0,0.90234,0.16794,54.140,0.336,325.000,375.000,-1,400.000,-1,325.000,325.000,325.000,300.000,-1,-1,-1,-1,550.000,750.000,375.000,-1,1,0,2,0,2,0,0,0,0,2,2,2,2,1,0,1,2
44,-695.787,-5562.600,243.048,-77.001,0.225819,0.972547,-0.056191,-0.974048,0.224504,-0.028792,-0.015387,0.061235,0.998005,0,0.98234,0.04794,58.940,0.096,300.000,375.000,-1,400.000,-1,325.000,325.000,325.000,300.000,-1,-1,-1,-1,550.000,750.000,350.000,-1,1,0,2,0,2,0,0,0,0,2,2,2,2,1,0,1,2
45,-682.438,-5621.097,242.077,-77.146,0.223359,0.973046,-0.057370,-0.974621,0.222043,-0.028468,-0.014963,0.062273,0.997947,0,1.00000,-0.07206,60.000,-0.144,250.000,375.000,-1,400.000,-1,325.000,325.000,350.000,300.000,-1,-1,-1,-1,525.000,750.000,300.000,-1,1,0,2,0,2,0,0,0,0,2,2,2,2,1,0,1,2
46,-669.481,-5679.681,241.111,-77.530,0.216828,0.974453,-0.058534,-0.976097,0.215501,-0.028179,-0.014845,0.063244,0.997888,0,1.00000,-0.19206,60.000,-0.384,225.000,375.000,-1,400.000,-1,325.000,325.000,325.000,300.000,-1,-1,-1,-1,550.000,750.000,275.000,-1,1,0,2,0,2,0,0,1,0,2,2,2,2,1,0,1,2
47,-657.163,-5738.403,240.298,-78.154,0.206186,0.976645,-0.060436,-0.978405,0.204853,-0.027546,-0.014522,0.064811,0.997792,0,1.00000,-0.31206,60.000,-0.624,200.000,375.000,-1,400.000,-1,325.000,325.000,275.000,300.000,-1,-1,-1,-1,550.000,750.000,250.000,-1,1,0,2,0,2,0,0,1,0,2,2,2,2,1,0,1,2
48,-645.729,-5797.304,240.128,-79.018,0.191325,0.979343,-0.065446,-0.981449,0.190046,-0.025286,-0.012326,0.069070,0.997536,0,1.00000,-0.43206,60.000,-0.864,175.000,400.000,-1,400.000,-1,325.000,325.000,250.000,300.000,-1,-1,875.000,-1,600.000,775.000,225.000,-1,1,1,2,0,2,0,0,1,0,2,2,0,2,1,0,1,2
49,-635.432,-5856.414,239.861,-80.122,0.172309,0.982545,-0.070101,-0.984985,0.171092,-0.023065,-0.010669,0.073023,0.997273,0,1.00000,-0.55206,60.000,-1.104,175.000,400.000,-1,400.000,-1,325.000,325.000,225.000,300.000,-1,-1,750.000,-1,875.000,775.000,225.000,-1,1,1,2,0,2,0,0,1,0,2,2,0,2,0,0,1,2
50,-626.293,-5915.715,239.643,-81.241,0.152948,0.985450,-0.074129,-0.988193,0.151827,-0.020560,-0.009006,0.076398,0.997037,0,1.00000,-0.55964,60.000,-1.119,150.000,400.000,-1,400.000,-1,325.000,325.000,200.000,300.000,-1,925.000,650.000,-1,925.000,775.000,375.000,-1,1,1,2,0,2,0,0,1,0,2,0,0,2,0,0,1,2
51,-618.319,-5974.827,239.017,-82.320,0.134290,0.988002,-0.076281,-0.990906,0.133234,-0.018790,-0.008402,0.078111,0.996909,0,0.99412,-0.53927,59.647,-1.079,175.000,425.000,-1,400.000,-1,350.000,325.000,175.000,300.000,-1,875.000,600.000,-1,925.000,775.000,-1,-1,1,1,2,0,2,0,0,1,0,2,0,0,2,0,0,2,2
52,-611.482,-6033.537,237.792,-83.357,0.116420,0.990293,-0.075941,-0.993154,0.115338,-0.018484,-0.009546,0.077573,0.996941,0,0.98509,-0.51843,59.105,-1.037,225.000,425.000,-1,400.000,-1,350.000,325.000,175.000,300.000,-1,900.000,625.000,-1,925.000,775.000,-1,-1,1,1,2,0,2,0,0,1,0,2,0,0,2,0,0,2,2
53,-605.735,-6091.752,236.361,-84.360,0.099129,0.992252,-0.074899,-0.995011,0.097993,-0.018698,-0.011214,0.076379,0.997016,0,0.97497,-0.50156,58.498,-1.003,-1,425.000,-1,400.000,-1,350.000,325.000,150.000,300.000,-1,1000.000,700.000,-1,900.000,775.000,-1,-1,2,1,2,0,2,0,0,1,0,2,0,0,2,0,0,2,2
54,-601.044,-6149.401,234.772,-85.346,0.082115,0.993919,-0.073369,-0.996534,0.080904,-0.019331,-0.013277,0.074702,0.997117,0,0.96397,-0.49329,57.838,-0.987,-1,425.000,-1,400.000,-1,325.000,325.000,150.000,300.000,-1,-1,800.000,-1,875.000,750.000,-1,-1,2,0,2,0,2,0,0,1,0,2,2,0,2,0,0,2,2
55,-597.376,-6206.424,233.079,-86.318,0.065349,0.995291,-0.071597,-0.997741,0.064054,-0.020241,-0.015560,0.072758,0.997228,0,0.95233,-0.48562,57.140,-0.971,-1,400.000,-1,400.000,-1,325.000,325.000,125.000,300.000,-1,-1,925.000,-1,850.000,750.000,-1,-1,2,0,2,0,2,0,0,1,0,2,2,0,2,0,0,2,2
56,-594.696,-6262.781,231.334,-87.275,0.048805,0.996366,-0.069801,-0.998648,0.047425,-0.021284,-0.017896,0.070746,0.997334,0,0.94034,-0.47858,56.420,-0.957,-1,400.000,-1,400.000,-1,325.000,325.000,125.000,300.000,-1,-1,-1,-1,825.000,725.000,-1,-1,2,0,2,0,2,0,0,1,0,2,2,2,2,0,0,2,2
57,-592.967,-6318.453,229.583,-88.219,0.032458,0.997145,-0.068178,-0.999270,0.031002,-0.022310,-0.020133,0.068852,0.997424,0,0.92830,-0.47217,55.698,-0.944,-1,400.000,-1,400.000,-1,325.000,325.000,125.000,300.000,-1,-1,-1,-1,800.000,725.000,-1,-1,2,0,2,0,2,0,0,1,0,2,2,2,2,0,0,2,2
58,-592.154,-6373.440,227.980,-89.152,0.016321,0.997597,-0.067330,-0.999614,0.014766,-0.023525,-0.022474,0.067688,0.997453,0,0.91654,-0.46639,54.992,-0.933,-1,400.000,-1,375.000,-1,325.000,325.000,150.000,300.000,-1,-1,-1,-1,775.000,700.000,-1,-1,2,0,2,0,2,0,0,1,0,2,2,2,2,0,0,2,2
59,-592.225,-6427.760,226.982,-90.074,0.000511,0.997610,-0.069100,-0.999659,-0.001296,-0.026096,-0.026123,0.069090,0.997268,0,0.90534,-0.46121,54.320,-0.922,-1,375.000,-1,375.000,-1,325.000,325.000,150.000,300.000,325.000,-1,-1,-1,750.000,700.000,-1,-1,2,0,2,0,2,0,0,1,0,1,2,2,2,0,0,2,2
60,-592.878,-6477.277,226.095,-90.757,-0.011179,0.997412,-0.071023,-0.999529,-0.013176,-0.027708,-0.028573,0.070680,0.997090,0,0.82534,-0.34121,49.520,-0.682,-1,375.000,-1,375.000,-1,325.000,300.000,175.000,300.000,250.000,-1,-1,-1,750.000,675.000,-1,-1,2,0,2,0,2,0,0,1,0,1,2,2,2,0,0,2,2
61,-593.947,-6521.985,225.345,-91.372,-0.021712,0.997088,-0.073108,-0.999299,-0.023874,-0.028828,-0.030489,0.072431,0.996907,0,0.74534,-0.30739,44.720,-0.615,-1,375.000,-1,375.000,-1,300.000,300.000,200.000,300.000,225.000,-1,-1,-1,725.000,675.000,-1,-1,2,0,2,0,2,0,0,1,0,1,2,2,2,0,0,2,2
62,-595.326,-6561.882,224.564,-91.980,-0.032187,0.996694,-0.074595,-0.998975,-0.034458,-0.029360,-0.031834,0.073574,0.996782,0,0.66534,-0.30422,39.920,-0.608,-1,375.000,-1,375.000,-1,300.000,300.000,200.000,300.000,200.000,-1,-1,-1,725.000,650.000,-1,-1,2,0,2,0,2,0,0,1,0,1,2,2,2,0,0,2,2
63,-596.909,-6596.967,223.929,-92.583,-0.042674,0.996280,-0.074866,-0.998569,-0.044950,-0.028983,-0.032241,0.073522,0.996772,0,0.58534,-0.30163,35.120,-0.603,-1,375.000,-1,375.000,-1,300.000,300.000,225.000,300.000,200.000,-1,-1,-1,725.000,650.000,-1,-1,2,0,2,0,2,0,0,1,0,1,2,2,2,0,0,2,2
64,-598.592,-6627.241,223.379,-93.182,-0.053101,0.995776,-0.074904,-0.998060,-0.055365,-0.028484,-0.032510,0.073246,0.996784,0,0.50534,-0.29954,30.320,-0.599,-1,375.000,-1,375.000,-1,300.000,300.000,250.000,300.000,200.000,-1,-1,-1,725.000,650.000,-1,-1,2,0,2,0,2,0,0,1,0,1,2,2,2,0,0,2,2
65,-600.274,-6652.706,222.902,-93.778,-0.063460,0.995166,-0.074954,-0.997444,-0.065717,-0.028046,-0.032836,0.072983,0.996793,0,0.42534,-0.29788,25.520,-0.596,-1,375.000,-1,375.000,-1,300.000,300.000,250.000,300.000,200.000,-1,-1,-1,725.000,650.000,-1,-1,2,0,2,0,2,0,0,1,0,1,2,2,2,0,0,2,2
66,-601.854,-6673.366,222.522,-94.371,-0.073756,0.994445,-0.075098,-0.996721,-0.076018,-0.027725,-0.033280,0.072807,0.996791,0,0.34534,-0.29661,20.720,-0.593,-1,375.000,-1,375.000,-1,300.000,300.000,275.000,300.000,225.000,-1,-1,-1,725.000,650.000,-1,-1,2,0,2,0,2,0,0,1,0,1,2,2,2,0,0,2,2
67,-603.231,-6689.227,222.261,-94.963,-0.083993,0.993609,-0.075406,-0.995890,-0.086278,-0.027567,-0.033896,0.072781,0.996772,0,0.26534,-0.29567,15.920,-0.591,-1,375.000,-1,375.000,-1,300.000,300.000,275.000,300.000,225.000,-1,-1,-1,725.000,650.000,-1,-1,2,0,2,0,2,0,0,1,0,1,2,2,2,0,0,2,2
68,-604.307,-6700.296,222.139,-95.553,-0.094173,0.992655,-0.075949,-0.994950,-0.096504,-0.027610,-0.034736,0.072965,0.996729,0,0.18534,-0.29501,11.120,-0.590,-1,375.000,-1,375.000,-1,300.000,300.000,300.000,300.000,225.000,-1,-1,-1,725.000,650.000,-1,-1,2,0,2,0,2,0,0,1,0,1,2,2,2,0,0,2,2
69,-604.984,-6706.580,222.177,-96.142,-0.104298,0.991577,-0.076795,-0.993900,-0.106702,-0.027890,-0.035850,0.073417,0.996657,0,0.10534,-0.29459,6.320,-0.589,-1,375.000,-1,375.000,-1,300.000,300.000,300.000,300.000,225.000,-1,-1,-1,725.000,650.000,-1,-1,2,0,2,0,2,0,0,1,0,1,2,2,2,0,0,2,2
70,-605.161,-6708.091,222.397,-96.731,-0.114365,0.990370,-0.078022,-0.992739,-0.116879,-0.028445,-0.037291,0.074202,0.996546,0,0.02534,-0.29438,1.520,-0.589,-1,375.000,-1,350.000,-1,300.000,300.000,325.000,300.000,225.000,-1,-1,-1,725.000,650.000,-1,-1,2,0,2,0,2,0,0,1,0,1,2,2,2,0,0,2,2
71,-604.743,-6704.838,222.822,-97.319,-0.124367,0.989029,-0.079720,-0.991465,-0.127037,-0.029315,-0.039121,0.075394,0.996386,0,-0.05466,-0.29434,-3.280,-0.589,-1,375.000,-1,350.000,-1,300.000,300.000,325.000,300.000,225.000,-1,-1,-1,725.000,650.000,-1,-1,2,0,2,0,2,0,0,1,0,1,2,2,2,0,0,2,2
72,-603.630,-6696.836,223.482,-97.908,-0.134296,0.987543,-0.081996,-0.990076,-0.137176,-0.030544,-0.041412,0.077081,0.996164,0,-0.13466,-0.29442,-8.080,-0.589,-1,375.000,-1,350.000,-1,300.000,300.000,325.000,300.000,225.000,-1,-1,-1,700.000,625.000,-1,-1,2,0,2,0,2,0,0,1,0,1,2,2,2,0,0,2,2
73,-601.726,-6684.099,224.409,-98.497,-0.144134,0.985902,-0.084982,-0.988568,-0.147298,-0.032187,-0.044251,0.079372,0.995862,0,-0.21466,-0.29460,-12.880,-0.589,-1,375.000,-1,350.000,-1,300.000,300.000,325.000,300.000,225.000,-1,-1,-1,700.000,625.000,-1,-1,2,0,2,0,2,0,0,1,0,1,2,2,2,0,0,2,2
74,-598.932,-6666.642,225.643,-99.087,-0.153856,0.984092,-0.088838,-0.986939,-0.157397,-0.034304,-0.047741,0.082400,0.995455,0,-0.29466,-0.29483,-17.680,-0.590,-1,375.000,-1,350.000,-1,300.000,300.000,325.000,300.000,225.000,-1,-1,-1,700.000,625.000,-1,-1,2,0,2,0,2,0,0,1,0,1,2,2,2,0,0,2,2
75,-595.151,-6644.484,227.231,-99.677,-0.163426,0.982090,-0.093756,-0.985184,-0.167470,-0.036969,-0.052008,0.086326,0.994909,0,-0.37466,-0.29509,-22.480,-0.590,-1,375.000,-1,350.000,1000.000,300.000,300.000,325.000,275.000,225.000,-1,-1,-1,700.000,600.000,-1,1000.000,2,0,2,0,0,0,0,1,0,1,2,2,2,0,0,2,0
76,-590.285,-6617.642,229.230,-100.268,-0.172794,0.979871,-0.099971,-0.983296,-0.177505,-0.040263,-0.057198,0.091344,0.994175,0,-0.45466,-0.29533,-27.280,-0.591,-1,375.000,-1,350.000,875.000,300.000,300.000,300.000,275.000,200.000,-1,-1,-1,700.000,575.000,-1,900.000,2,0,2,0,0,0,0,1,0,1,2,2,2,0,0,2,0
77,-584.863,-6589.404,231.589,-100.859,-0.182040,0.977495,-0.106612,-0.981292,-0.187508,-0.043657,-0.062665,0.096670,0.993342,0,-0.47926,-0.29551,-28.756,-0.591,-1,375.000,-1,325.000,775.000,300.000,275.000,300.000,275.000,200.000,-1,-1,-1,675.000,575.000,-1,825.000,2,0,2,0,0,0,0,1,0,1,2,2,2,0,0,2,0
78,-579.162,-6561.280,234.179,-101.450,-0.191131,0.974963,-0.113649,-0.979164,-0.197474,-0.047343,-0.068600,0.102232,0.992392,0,-0.47829,-0.29558,-28.697,-0.591,-1,375.000,-1,325.000,675.000,300.000,275.000,300.000,275.000,200.000,-1,-1,-1,675.000,550.000,-1,725.000,2,0,2,0,0,0,0,1,0,1,2,2,2,0,0,2,0
79,-573.187,-6533.291,236.919,-102.041,-0.200034,0.972240,-0.121389,-0.976920,-0.207386,-0.051174,-0.074928,0.108351,0.991285,0,-0.47702,-0.29555,-28.621,-0.591,-1,375.000,-1,325.000,600.000,300.000,275.000,300.000,275.000,200.000,-1,-1,-1,675.000,525.000,-1,650.000,2,0,2,0,0,0,0,1,0,1,2,2,2,0,0,2,0
80,-566.943,-6505.457,239.822,-102.632,-0.208722,0.969311,-0.129890,-0.974564,-0.217234,-0.055078,-0.081604,0.115091,0.989997,0,-0.47546,-0.29540,-28.527,-0.591,-1,375.000,-1,325.000,525.000,300.000,275.000,275.000,275.000,200.000,-1,-1,-1,650.000,525.000,-1,575.000,2,0,2,0,0,0,0,1,0,1,2,2,2,0,0,2,0
81,-560.437,-6477.798,242.746,-103.222,-0.217313,0.966233,-0.138451,-0.972130,-0.227023,-0.058507,-0.087963,0.121878,0.988640,0,-0.47361,-0.29513,-28.416,-0.590,-1,375.000,-1,300.000,475.000,300.000,275.000,275.000,250.000,175.000,-1,-1,-1,650.000,500.000,-1,500.000,2,0,2,0,0,0,0,1,0,1,2,2,2,0,0,2,0
82,-553.682,-6450.329,244.596,-103.812,-0.226665,0.963554,-0.142077,-0.969718,-0.236881,-0.059448,-0.090937,0.124300,0.988069,0,-0.47147,-0.29476,-28.288,-0.590,-1,375.000,-1,300.000,450.000,300.000,275.000,275.000,250.000,200.000,-1,-1,-1,650.000,500.000,-1,500.000,2,0,2,0,0,0,0,1,0,1,2,2,2,0,0,2,0
83,-546.681,-6423.072,246.377,-104.400,-0.236024,0.960812,-0.145374,-0.967224,-0.246700,-0.060144,-0.093651,0.126413,0.987547,0,-0.46906,-0.29428,-28.144,-0.589,-1,375.000,-1,300.000,450.000,300.000,275.000,250.000,250.000,200.000,-1,-1,-1,650.000,500.000,-1,475.000,2,0,2,0,0,0,0,1,0,1,2,2,2,0,0,2,0
84,-539.444,-6396.043,248.086,-104.988,-0.245394,0.958010,-0.148323,-0.964649,-0.256477,-0.060602,-0.096098,0.128208,0.987080,0,-0.46638,-0.29369,-27.983,-0.587,-1,375.000,-1,300.000,425.000,300.000,275.000,250.000,250.000,200.000,-1,-1,-1,650.000,500.000,-1,475.000,2,0,2,0,0,0,0,1,0,1,2,2,2,0,0,2,0
85,-531.977,-6369.259,249.718,-105.574,-0.254776,0.955153,-0.150906,-0.961994,-0.266211,-0.060827,-0.098272,0.129673,0.986675,0,-0.46343,-0.29301,-27.806,-0.586,-1,375.000,-1,300.000,425.000,300.000,275.000,225.000,250.000,225.000,-1,-1,-1,650.000,500.000,-1,475.000,2,0,2,0,0,0,0,1,0,1,2,2,2,0,0,2,0
86,-524.292,-6342.737,251.272,-106.158,-0.264172,0.952245,-0.153109,-0.959260,-0.275899,-0.060830,-0.100167,0.130802,0.986335,0,-0.46025,-0.29222,-27.615,-0.584,-1,375.000,-1,300.000,400.000,300.000,275.000,225.000,250.000,250.000,-1,-1,-1,650.000,475.000,-1,450.000,2,0,2,0,0,0,0,1,0,1,2,2,2,0,0,2,0
87,-516.397,-6316.490,252.744,-106.741,-0.273583,0.949290,-0.154919,-0.956448,-0.285538,-0.060618,-0.101779,0.131588,0.986066,0,-0.45682,-0.29135,-27.409,-0.583,-1,375.000,-1,300.000,400.000,300.000,275.000,200.000,250.000,300.000,-1,-1,-1,650.000,475.000,-1,450.000,2,0,2,0,0,0,0,1,0,1,2,2,2,0,0,2,0
88,-508.302,-6290.534,254.132,-107.322,-0.283010,0.946292,-0.156324,-0.953559,-0.295128,-0.060202,-0.103104,0.132026,0.985869,0,-0.45318,-0.29038,-27.191,-0.581,-1,375.000,-1,300.000,400.000,300.000,275.000,200.000,250.000,-1,-1,-1,-1,650.000,475.000,-1,450.000,2,0,2,0,0,0,0,1,0,2,2,2,2,0,0,2,0
89,-500.016,-6264.880,255.434,-107.900,-0.292451,0.943252,-0.157314,-0.950593,-0.304666,-0.059594,-0.104140,0.132113,0.985749,0,-0.44933,-0.28932,-26.960,-0.579,-1,375.000,-1,300.000,400.000,300.000,275.000,175.000,250.000,-1,-1,-1,-1,650.000,500.000,-1,450.000,2,0,2,0,0,0,0,1,0,2,2,2,2,0,0,2,0
90,-3607.629,4919.490,150.128,136.226,-0.721747,-0.691711,-0.024862,0.691919,-0.721975,0.000293,-0.018152,-0.016991,0.999691,1,0.00000,0.00000,-22.160,-0.339,-1,400.000,-1,425.000,625.000,325.000,325.000,300.000,325.000,-1,850.000,825.000,-1,825.000,625.000,-1,700.000,2,0,2,0,1,0,0,0,0,2,1,1,2,0,1,2,1
91,-3611.109,4922.796,150.048,136.466,-0.724634,-0.688681,-0.024959,0.688888,-0.724867,0.000416,-0.018379,-0.016893,0.999688,0,0.08000,0.12000,4.800,0.240,-1,400.000,-1,425.000,625.000,325.000,325.000,300.000,325.000,-1,850.000,825.000,-1,825.000,625.000,-1,700.000,2,0,2,0,1,0,0,0,0,2,1,1,2,0,1,2,1
92,-3618.107,4929.368,149.875,136.797,-0.728584,-0.684494,-0.025164,0.684698,-0.728826,0.000652,-0.018787,-0.016755,0.999683,0,0.16000,0.16512,9.600,0.330,-1,400.000,-1,425.000,625.000,325.000,325.000,300.000,325.000,-1,850.000,850.000,-1,825.000,625.000,-1,675.000,2,0,2,0,1,0,0,0,0,2,1,1,2,0,1,2,1
93,-3628.659,4939.166,149.600,137.123,-0.732458,-0.680335,-0.025485,0.680537,-0.732713,0.000994,-0.019349,-0.016616,0.999675,0,0.24000,0.16309,14.400,0.326,-1,400.000,-1,425.000,600.000,325.000,325.000,300.000,325.000,-1,875.000,875.000,-1,825.000,600.000,-1,675.000,2,0,2,0,1,0,0,0,0,2,1,1,2,0,1,2,1
94,-3642.802,4952.152,149.220,137.444,-0.736240,-0.676224,-0.025925,0.676423,-0.736512,0.001442,-0.020070,-0.016474,0.999663,0,0.32000,0.16037,19.200,0.321,-1,400.000,-1,425.000,600.000,325.000,325.000,300.000,325.000,-1,875.000,900.000,-1,825.000,600.000,-1,650.000,2,0,2,1,1,0,0,0,0,2,1,1,2,0,1,2,1
95,-3660.569,4968.286,148.596,137.757,-0.739930,-0.672187,-0.025855,0.672370,-0.740212,0.002101,-0.020550,-0.015829,0.999664,0,0.40000,0.15691,24.000,0.314,-1,400.000,-1,425.000,575.000,325.000,325.000,300.000,325.000,-1,900.000,925.000,-1,825.000,600.000,-1,625.000,2,0,2,1,1,0,0,0,0,2,1,1,2,0,1,2,1
96,-3681.993,4987.534,147.847,138.063,-0.743502,-0.668242,-0.025639,0.668399,-0.743796,0.003134,-0.021164,-0.014807,0.999666,0,0.48000,0.15270,28.800,0.305,-1,400.000,-1,400.000,550.000,325.000,325.000,300.000,325.000,-1,950.000,950.000,-1,825.000,575.000,-1,600.000,2,0,2,1,1,0,0,0,0,2,1,1,2,0,1,2,1
97,-3707.103,5009.860,146.973,138.358,-0.746935,-0.664411,-0.025440,0.664536,-0.747243,0.004379,-0.021919,-0.013635,0.999667,0,0.56000,0.14768,33.600,0.295,-1,400.000,-1,400.000,525.000,325.000,325.000,300.000,325.000,-1,975.000,1000.000,-1,825.000,575.000,-1,575.000,2,0,2,1,1,0,0,0,0,2,1,1,2,0,1,2,1
98,-3735.925,5035.234,145.963,138.642,-0.750211,-0.660715,-0.025272,0.660805,-0.750535,0.005806,-0.022804,-0.012344,0.999664,0,0.64000,0.14180,38.400,0.284,1000.000,400.000,-1,375.000,475.000,325.000,325.000,300.000,325.000,-1,-1,-1,-1,825.000,550.000,-1,550.000,1,0,2,1,1,0,0,0,0,2,2,2,2,0,1,2,1
99,-3768.485,5063.626,144.815,138.912,-0.753313,-0.657181,-0.025152,0.657231,-0.753653,0.007415,-0.023829,-0.010945,0.999656,0,0.72000,0.13501,43.200,0.270,975.000,400.000,-1,375.000,450.000,325.000,325.000,300.000,300.000,-1,-1,-1,-1,825.000,525.000,-1,500.000,1,0,2,1,1,0,0,0,0,2,2,2,2,0,1,2,1
100,-3804.802,5095.012,143.523,139.166,-0.756219,-0.653837,-0.025094,0.653841,-0.756576,0.009207,-0.025006,-0.009445,0.999643,0,0.80000,0.12725,48.000,0.254,925.000,400.000,-1,350.000,400.000,325.000,325.000,300.000,300.000,-1,-1,-1,-1,825.000,500.000,1000.000,450.000,1,0,2,1,1,0,0,0,0,2,2,2,2,0,1,1,1
101,-3844.169,5128.750,142.105,139.403,-0.758909,-0.650712,-0.025144,0.650664,-0.759284,0.011142,-0.026342,-0.007905,0.999622,0,0.86411,0.11847,51.847,0.237,875.000,400.000,-1,350.000,375.000,325.000,325.000,300.000,300.000,-1,-1,-1,-1,825.000,475.000,950.000,400.000,1,0,2,1,1,0,1,0,0,2,2,2,2,0,1,1,1
102,-3883.500,5162.199,140.612,139.621,-0.761355,-0.647830,-0.025595,0.647733,-0.761756,0.013010,-0.027926,-0.006674,0.999588,0,0.86050,0.10878,51.630,0.218,850.000,400.000,-1,325.000,325.000,325.000,300.000,300.000,300.000,-1,-1,-1,-1,825.000,475.000,925.000,375.000,1,0,2,1,1,0,1,0,1,2,2,2,2,1,1,1,1
103,-3922.749,5195.345,140.148,139.819,-0.763578,-0.645182,-0.026243,0.645173,-0.763972,0.009930,-0.026456,-0.009349,0.999606,0,0.85622,0.09892,51.373,0.198,800.000,400.000,-1,325.000,300.000,325.000,300.000,300.000,300.000,-1,-1,-1,-1,800.000,475.000,875.000,325.000,1,0,2,1,1,0,1,0,1,2,2,2,2,1,1,1,1
104,-3961.875,5228.178,140.684,139.996,-0.765595,-0.642754,-0.027036,0.642946,-0.765909,0.002036,-0.022016,-0.015824,0.999632,0,0.85128,0.08894,51.077,0.178,775.000,425.000,-1,325.000,300.000,350.000,300.000,300.000,300.000,-1,-1,-1,-1,775.000,500.000,825.000,325.000,1,0,2,1,1,1,1,0,1,2,2,2,2,1,1,1,1
105,-4004.367,5263.401,141.271,140.342,-0.769499,-0.638042,-0.027817,0.638417,-0.769663,-0.006600,-0.017199,-0.022837,0.999591,0,0.91988,0.17258,55.193,0.345,725.000,450.000,-1,325.000,300.000,350.000,300.000,275.000,275.000,-1,-1,-1,-1,750.000,525.000,800.000,325.000,1,0,2,1,1,1,1,0,1,2,2,2,2,1,1,1,1
106,-4047.141,5298.448,141.880,140.668,-0.773196,-0.633524,-0.028556,0.634048,-0.773139,-0.015455,-0.012287,-0.030056,0.999473,0,0.92164,0.16330,55.299,0.327,700.000,450.000,-1,325.000,275.000,350.000,325.000,275.000,275.000,-1,-1,-1,-1,725.000,600.000,750.000,325.000,1,1,2,1,1,1,1,0,1,2,2,2,2,1,1,1,1
107,-4090.146,5333.300,142.477,140.975,-0.776678,-0.629221,-0.029197,0.629857,-0.776320,-0.024626,-0.007171,-0.037516,0.999270,0,0.92258,0.15320,55.355,0.306,650.000,475.000,-1,350.000,275.000,350.000,325.000,275.000,275.000,-1,875.000,-1,-1,700.000,725.000,725.000,-1,1,1,2,1,1,1,1,0,1,2,0,2,2,1,1,1,2
108,-4133.323,5367.937,142.805,141.259,-0.779954,-0.625130,-0.029743,0.625837,-0.779149,-0.035427,-0.001027,-0.046246,0.998930,0,0.92255,0.14223,55.353,0.284,600.000,475.000,-1,375.000,275.000,375.000,350.000,275.000,275.000,-1,250.000,450.000,-1,700.000,-1,675.000,-1,1,1,2,1,1,1,1,0,1,2,0,0,2,1,2,1,2
109,-4176.604,5402.335,142.733,141.520,-0.782951,-0.621351,-0.030190,0.622070,-0.781697,-0.044476,0.004036,-0.053603,0.998554,0,0.92142,0.13032,55.285,0.261,575.000,500.000,-1,400.000,375.000,400.000,350.000,275.000,275.000,-1,200.000,400.000,-1,675.000,-1,650.000,-1,1,1,2,1,1,1,1,0,1,2,0,0,2,1,2,1,2
110,-4219.912,5436.468,141.618,141.755,-0.785568,-0.618019,-0.030589,0.618745,-0.784082,-0.048683,0.006103,-0.057170,0.998346,0,0.91904,0.11743,55.142,0.235,525.000,475.000,-1,425.000,-1,400.000,375.000,275.000,250.000,-1,175.000,400.000,-1,650.000,-1,600.000,-1,1,1,2,1,2,1,1,0,1,2,0,0,2,1,2,1,2
111,-4263.163,5470.304,140.170,141.962,-0.787844,-0.615095,-0.030976,0.615831,-0.786198,-0.051417,0.007273,-0.059585,0.998197,0,0.91523,0.10350,54.914,0.207,475.000,475.000,-1,450.000,-1,425.000,400.000,275.000,250.000,-1,175.000,375.000,-1,650.000,-1,550.000,-1,1,1,2,1,2,1,1,0,1,2,0,0,2,1,2,1,2
112,-4306.263,5503.809,138.401,142.139,-0.789759,-0.612614,-0.031375,0.613370,-0.788034,-0.052717,0.007570,-0.060878,0.998116,0,0.90985,0.08854,54.591,0.177,425.000,450.000,-1,500.000,-1,425.000,400.000,275.000,225.000,-1,150.000,375.000,-1,625.000,-1,500.000,-1,1,1,2,1,2,1,1,0,1,2,0,0,2,1,2,1,2
113,-4349.112,5536.945,136.324,142.284,-0.791294,-0.610608,-0.031803,0.611396,-0.789573,-0.052629,0.007025,-0.061089,0.998108,0,0.90277,0.07256,54.166,0.145,375.000,425.000,-1,525.000,-1,425.000,425.000,275.000,200.000,-1,150.000,375.000,-1,600.000,-1,450.000,-1,1,1,2,1,2,1,1,0,1,2,0,0,2,1,2,1,2
114,-4391.603,5569.674,133.888,142.395,-0.792441,-0.609094,-0.032262,0.609920,-0.790784,-0.051570,0.005899,-0.060544,0.998148,0,0.89391,0.05563,53.634,0.111,325.000,400.000,-1,600.000,-1,400.000,450.000,275.000,175.000,-1,150.000,375.000,-1,600.000,-1,400.000,-1,1,1,2,1,2,1,1,0,1,2,0,0,2,1,2,1,2
115,8855.083,-1639.828,-177.355,52.970,0.601236,-0.797988,0.041607,0.798477,0.601981,0.007230,-0.030816,0.028875,0.999108,1,0.00000,0.00000,52.994,0.076,-1,375.000,975.000,375.000,500.000,300.000,300.000,300.000,300.000,-1,775.000,675.000,-1,700.000,550.000,-1,525.000,2,0,1,0,1,0,0,0,0,2,0,0,2,0,1,2,1
116,8852.191,-1643.659,-177.215,52.952,0.601479,-0.797798,0.041722,0.798290,0.602230,0.007266,-0.030923,0.028935,0.999103,0,-0.08000,-0.00895,-4.800,-0.018,-1,375.000,975.000,375.000,500.000,300.000,300.000,300.000,300.000,-1,775.000,675.000,-1,700.000,550.000,-1,525.000,2,0,1,0,1,0,0,0,0,2,0,0,2,0,1,2,1
117,8846.437,-1651.343,-176.913,53.174,0.598370,-0.800122,0.041926,0.800618,0.599129,0.007398,-0.031038,0.029140,0.999093,0,-0.16000,0.11105,-9.600,0.222,-1,375.000,975.000,375.000,500.000,300.000,300.000,300.000,300.000,-1,750.000,650.000,-1,700.000,550.000,-1,525.000,2,0,1,0,1,0,0,0,0,2,0,0,2,0,1,2,1
118,8837.869,-1662.917,-176.463,53.486,0.593985,-0.803367,0.042229,0.803870,0.594756,0.007596,-0.031219,0.029434,0.999079,0,-0.24000,0.15607,-14.400,0.312,-1,375.000,1000.000,375.000,500.000,300.000,300.000,300.000,300.000,-1,750.000,650.000,-1,700.000,575.000,-1,550.000,2,0,1,0,1,0,0,0,0,2,0,0,2,0,1,2,1
119,8828.329,-1675.951,-175.960,53.801,0.589538,-0.806619,0.042565,0.807129,0.590323,0.007822,-0.031437,0.029744,0.999063,0,-0.26920,0.15754,-16.152,0.315,-1,375.000,-1,375.000,525.000,300.000,300.000,300.000,300.000,-1,750.000,650.000,-1,700.000,575.000,-1,550.000,2,0,2,0,1,0,0,0,0,2,0,0,2,0,1,2,1
120,8818.837,-1689.073,-175.457,54.120,0.585025,-0.809880,0.042897,0.810398,0.585825,0.008049,-0.031649,0.030055,0.999047,0,-0.26992,0.15925,-16.195,0.318,-1,375.000,-1,375.000,525.000,300.000,300.000,300.000,300.000,-1,750.000,625.000,-1,700.000,600.000,-1,575.000,2,0,2,0,1,0,0,0,0,2,0,0,2,0,1,2,1
121,8809.395,-1702.283,-174.954,54.442,0.580447,-0.813150,0.043224,0.813675,0.581262,0.008277,-0.031855,0.030366,0.999031,0,-0.27062,0.16091,-16.237,0.322,-1,375.000,-1,375.000,550.000,300.000,300.000,300.000,300.000,-1,725.000,625.000,-1,700.000,600.000,-1,575.000,2,0,2,0,1,0,0,0,0,2,0,0,2,0,1,2,1
122,8800.004,-1715.579,-174.452,54.767,0.575805,-0.816426,0.043548,0.816958,0.576634,0.008506,-0.032055,0.030679,0.999015,0,-0.27130,0.16252,-16.278,0.325,-1,375.000,-1,375.000,575.000,300.000,300.000,300.000,300.000,-1,725.000,625.000,-1,700.000,625.000,-1,600.000,2,0,2,0,1,0,0,0,0,2,0,0,2,0,1,2,1
123,8790.666,-1728.961,-173.949,55.095,0.571100,-0.819708,0.043866,0.820247,0.571943,0.008736,-0.032250,0.030992,0.998999,0,-0.27196,0.16408,-16.318,0.328,-1,375.000,-1,375.000,575.000,300.000,300.000,300.000,300.000,-1,725.000,600.000,-1,700.000,625.000,-1,600.000,2,0,2,0,1,0,0,0,0,2,0,0,2,0,1,2,1
124,8781.384,-1742.429,-173.447,55.426,0.566332,-0.822992,0.044181,0.823539,0.567189,0.008966,-0.032438,0.031307,0.998983,0,-0.27261,0.16560,-16.357,0.331,-1,375.000,-1,375.000,600.000,300.000,300.000,300.000,300.000,-1,725.000,600.000,-1,700.000,625.000,-1,625.000,2,0,2,0,1,0,0,0,0,2,0,0,2,0,1,2,1
125,8772.160,-1755.982,-172.946,55.760,0.561503,-0.826278,0.044491,0.826831,0.562375,0.009198,-0.032621,0.031622,0.998967,0,-0.27324,0.16707,-16.394,0.334,-1,375.000,-1,375.000,600.000,300.000,300.000,300.000,300.000,-1,700.000,600.000,-1,700.000,650.000,-1,650.000,2,0,2,0,1,0,0,0,0,2,0,0,2,0,1,2,1
126,8762.994,-1769.620,-172.444,56.097,0.556614,-0.829563,0.044796,0.830124,0.557499,0.009431,-0.032797,0.031937,0.998952,0,-0.27386,0.16850,-16.432,0.337,-1,375.000,-1,375.000,625.000,300.000,300.000,300.000,300.000,-1,700.000,575.000,-1,700.000,650.000,-1,650.000,2,0,2,0,1,0,0,0,0,2,0,0,2,0,1,2,1
127,8753.890,-1783.343,-171.909,56.437,0.551673,-0.832849,0.044931,0.833413,0.552567,0.009649,-0.032864,0.032123,0.998943,0,-0.27447,0.16988,-16.468,0.340,-1,375.000,-1,375.000,625.000,325.000,300.000,300.000,300.000,-1,675.000,575.000,-1,700.000,675.000,-1,675.000,2,0,2,0,1,0,0,0,0,2,0,0,2,0,1,2,1
128,8744.847,-1797.150,-171.360,56.780,0.546678,-0.836133,0.044997,0.836697,0.547577,0.009861,-0.032885,0.032258,0.998938,0,-0.27508,0.17122,-16.505,0.342,-1,375.000,-1,375.000,650.000,325.000,300.000,300.000,300.000,-1,675.000,550.000,-1,700.000,675.000,-1,675.000,2,0,2,0,1,0,0,0,0,2,0,0,2,0,1,2,1
129,8735.869,-1811.042,-170.813,57.125,0.541625,-0.839412,0.045062,0.839976,0.542530,0.010071,-0.032901,0.032397,0.998933,0,-0.27568,0.17251,-16.541,0.345,-1,375.000,-1,375.000,650.000,325.000,300.000,300.000,300.000,-1,650.000,550.000,-1,700.000,700.000,-1,700.000,2,0,2,0,1,0,0,0,0,2,0,0,2,0,1,2,1
130,8726.955,-1825.018,-170.267,57.472,0.536516,-0.842683,0.045125,0.843248,0.537426,0.010279,-0.032913,0.032537,0.998928,0,-0.27628,0.17377,-16.577,0.348,-1,375.000,-1,375.000,675.000,325.000,300.000,300.000,300.000,-1,650.000,525.000,-1,725.000,700.000,-1,725.000,2,0,2,0,1,0,0,0,0,2,0,0,2,0,1,2,1
131,8718.108,-1839.079,-169.723,57.822,0.531351,-0.845946,0.045187,0.846512,0.532266,0.010485,-0.032921,0.032680,0.998924,0,-0.27688,0.17497,-16.613,0.350,-1,375.000,-1,375.000,675.000,325.000,325.000,300.000,300.000,-1,625.000,525.000,-1,725.000,700.000,-1,725.000,2,0,2,0,1,0,0,0,0,2,0,0,2,0,0,2,1
132,8709.328,-1853.225,-169.180,58.174,0.526132,-0.849198,0.045248,0.849765,0.527053,0.010689,-0.032925,0.032826,0.998919,0,-0.27749,0.17614,-16.649,0.352,-1,375.000,-1,375.000,700.000,325.000,325.000,300.000,300.000,-1,600.000,500.000,-1,725.000,700.000,-1,750.000,2,0,2,0,1,0,0,0,0,2,0,0,2,0,0,2,1
133,8700.617,-1867.457,-168.639,58.529,0.520859,-0.852439,0.045307,0.853007,0.521785,0.010892,-0.032925,0.032974,0.998914,0,-0.27810,0.17727,-16.686,0.355,-1,375.000,-1,375.000,700.000,325.000,325.000,300.000,300.000,-1,600.000,500.000,-1,725.000,700.000,-1,775.000,2,0,2,0,1,0,0,0,0,2,0,0,2,0,0,2,1
