timestep,x_cm,y_cm,z_cm,yaw_deg,basis_xx,basis_xy,basis_xz,basis_yx,basis_yy,basis_yz,basis_zx,basis_zy,basis_zz,teleport_flag,throttle_cmd,steering_cmd,cmd_move_cm,cmd_turn_deg,lidar_cm_0,lidar_cm_1,lidar_cm_2,lidar_cm_3,lidar_cm_4,lidar_cm_5,lidar_cm_6,lidar_cm_7,lidar_cm_8,lidar_cm_9,lidar_cm_10,lidar_cm_11,lidar_cm_12,lidar_cm_13,lidar_cm_14,lidar_cm_15,lidar_cm_16,lidar_class_0,lidar_class_1,lidar_class_2,lidar_class_3,lidar_class_4,lidar_class_5,lidar_class_6,lidar_class_7,lidar_class_8,lidar_class_9,lidar_class_10,lidar_class_11,lidar_class_12,lidar_class_13,lidar_class_14,lidar_class_15,lidar_class_16
0,-2947.994,-331.030,-291.172,-40.043,0.761797,0.642060,-0.086166,-0.645127,0.764000,-0.010708,0.058955,0.063746,0.996223,1,0.08000,-0.12000,4.800,-0.240,-1,400.000,-1,375.000,-1,325.000,325.000,325.000,300.000,-1,-1,-1,-1,750.000,725.000,-1,-1,2,0,2,0,2,0,0,0,0,2,2,2,2,0,0,2,2
1,-2940.697,-337.268,-290.535,-40.523,0.756421,0.648414,-0.085945,-0.651502,0.758567,-0.010986,0.058071,0.064303,0.996239,0,0.16000,-0.24000,9.600,-0.480,-1,400.000,-1,375.000,-1,325.000,325.000,325.000,300.000,-1,-1,-1,-1,750.000,725.000,-1,-1,2,0,2,0,2,0,0,0,0,2,2,2,2,0,0,2,2
2,-2929.869,-346.761,-289.586,-41.243,0.748256,0.657859,-0.085639,-0.660978,0.750318,-0.011407,0.056752,0.065141,0.996261,0,0.24000,-0.36000,14.400,-0.720,-1,400.000,-1,375.000,-1,325.000,325.000,325.000,300.000,-1,-1,-1,-1,750.000,725.000,-1,-1,2,0,2,0,2,0,0,0,0,2,2,2,2,0,0,2,2
3,-2915.645,-359.659,-288.335,-42.203,0.737184,0.670289,-0.085280,-0.673449,0.739137,-0.011975,0.055006,0.066260,0.996285,0,0.32000,-0.48000,19.200,-0.960,-1,400.000,-1,375.000,-1,325.000,325.000,325.000,300.000,-1,-1,-1,-1,750.000,725.000,-1,-1,2,0,2,0,2,0,0,0,0,2,2,2,2,0,0,2,2
4,-2898.208,-376.150,-286.872,-43.403,0.723039,0.685569,-0.084909,-0.688763,0.724882,-0.012326,0.053098,0.067394,0.996313,0,0.40000,-0.60000,24.000,-1.200,-1,400.000,-1,375.000,-1,325.000,325.000,325.000,300.000,-1,-1,-1,-1,725.000,725.000,-1,-1,2,0,2,0,2,0,0,0,0,2,2,2,2,0,0,2,2
5,-2877.787,-396.459,-285.408,-44.843,0.705610,0.703551,-0.084439,-0.706714,0.707407,-0.011460,0.051670,0.067761,0.996363,0,0.48000,-0.72000,28.800,-1.440,-1,400.000,-1,375.000,-1,325.000,325.000,325.000,300.000,-1,-1,-1,-1,725.000,725.000,-1,-1,2,0,2,0,2,0,0,0,0,2,2,2,2,0,0,2,2
6,-2854.655,-420.830,-283.730,-46.494,0.685076,0.723616,-0.083968,-0.726751,0.686819,-0.010564,0.050027,0.068261,0.996412,0,0.56000,-0.82550,33.600,-1.651,-1,375.000,-1,375.000,-1,325.000,300.000,325.000,300.000,-1,-1,-1,-1,725.000,725.000,-1,-1,2,0,2,0,2,0,0,0,0,2,2,2,2,0,0,2,2
7,-2829.032,-449.432,-281.841,-48.145,0.663972,0.743078,-0.083526,-0.746190,0.665662,-0.009705,0.048389,0.068770,0.996458,0,0.64000,-0.82550,38.400,-1.651,-1,375.000,-1,375.000,-1,325.000,300.000,325.000,300.000,-1,-1,-1,-1,700.000,725.000,-1,-1,2,0,2,0,2,0,0,0,0,2,2,2,2,0,0,2,2
8,-2801.146,-482.427,-279.751,-49.796,0.642311,0.761917,-0.083173,-0.765015,0.643951,-0.008902,0.046777,0.069346,0.996495,0,0.72000,-0.82550,43.200,-1.651,-1,375.000,-1,375.000,-1,300.000,300.000,325.000,300.000,-1,-1,-1,-1,700.000,725.000,-1,-1,2,0,2,0,2,0,0,0,0,2,2,2,2,0,0,2,2
9,-2771.230,-519.965,-277.468,-51.447,0.620108,0.780116,-0.082974,-0.783212,0.621701,-0.008165,0.045215,0.070049,0.996518,0,0.80000,-0.82550,48.000,-1.651,-1,375.000,-1,375.000,-1,300.000,300.000,325.000,300.000,-1,-1,-1,-1,700.000,725.000,-1,-1,2,0,2,0,2,0,0,0,0,2,2,2,2,0,0,2,2
10,-2741.486,-559.578,-275.156,-53.098,0.597379,0.797653,-0.082991,-0.800767,0.598928,-0.007529,0.043700,0.070954,0.996522,0,0.82559,-0.82550,49.535,-1.651,-1,375.000,-1,375.000,-1,300.000,300.000,325.000,325.000,-1,-1,-1,-1,675.000,725.000,-1,-1,2,0,2,0,2,0,0,0,0,2,2,2,2,0,0,2,2
11,-2712.895,-600.030,-272.864,-54.749,0.574140,0.814519,-0.083198,-0.817663,0.575656,-0.006858,0.042307,0.071965,0.996509,0,0.82559,-0.82550,49.535,-1.651,-1,375.000,-1,375.000,-1,300.000,300.000,325.000,325.000,-1,-1,-1,-1,675.000,725.000,-1,-1,2,0,2,0,2,0,0,0,0,2,2,2,2,0,0,2,2
12,-2685.482,-641.290,-270.611,-56.400,0.550414,0.830696,-0.083604,-0.833885,0.551903,-0.006207,0.040986,0.073133,0.996480,0,0.82559,-0.82550,49.535,-1.651,-1,375.000,-1,375.000,-1,300.000,325.000,325.000,325.000,-1,-1,-1,-1,675.000,725.000,-1,-1,2,0,2,0,2,0,0,0,0,2,2,2,2,0,0,2,2
13,-2659.268,-683.322,-268.424,-58.051,0.526222,0.846163,-0.084253,-0.849422,0.527684,-0.005671,0.039661,0.074550,0.996428,0,0.82559,-0.82550,49.535,-1.651,-1,375.000,-1,375.000,-1,300.000,325.000,325.000,325.000,-1,-1,-1,-1,675.000,725.000,-1,-1,2,0,2,0,2,0,0,0,0,2,2,2,2,0,0,2,2
14,-2634.277,-726.092,-266.308,-59.703,0.501588,0.860907,-0.085146,-0.864257,0.503023,-0.005228,0.038329,0.076210,0.996355,0,0.82559,-0.82550,49.535,-1.651,-1,375.000,-1,400.000,-1,300.000,325.000,325.000,325.000,-1,-1,-1,-1,675.000,725.000,-1,-1,2,0,2,0,2,0,0,0,0,2,2,2,2,0,0,2,2
15,-2610.527,-769.564,-264.346,-61.354,0.476520,0.874936,-0.086120,-0.878375,0.477952,-0.004478,0.037243,0.077779,0.996275,0,0.82559,-0.82550,49.535,-1.651,-1,375.000,-1,400.000,-1,300.000,325.000,325.000,325.000,-1,-1,-1,-1,675.000,725.000,-1,-1,2,0,2,0,2,0,0,0,0,2,2,2,2,0,0,2,2
16,-2588.040,-813.702,-262.499,-63.005,0.451046,0.888227,-0.087235,-0.891764,0.452486,-0.003628,0.036250,0.079430,0.996181,0,0.82559,-0.82550,49.535,-1.651,-1,375.000,-1,400.000,-1,325.000,325.000,325.000,325.000,-1,-1,-1,-1,675.000,725.000,-1,-1,2,0,2,0,2,0,0,0,0,2,2,2,2,0,0,2,2
17,-2566.762,-858.626,-260.898,-64.658,0.425164,0.900774,-0.088550,-0.904431,0.426610,-0.002841,0.035218,0.081296,0.996068,0,0.82846,-0.82653,49.708,-1.653,-1,375.000,-1,400.000,-1,325.000,325.000,325.000,325.000,-1,-1,-1,-1,675.000,725.000,-1,-1,2,0,2,0,2,0,0,0,0,2,2,2,2,0,0,2,2
18,-2546.711,-904.327,-259.343,-66.313,0.398907,0.912573,-0.089905,-0.916359,0.400351,-0.002139,0.034041,0.083239,0.995948,0,0.83173,-0.82755,49.904,-1.655,-1,375.000,-1,400.000,-1,325.000,325.000,325.000,325.000,-1,875.000,-1,-1,675.000,725.000,-1,-1,2,0,2,0,2,0,0,0,0,2,0,2,2,0,0,2,2
19,-2527.914,-950.774,-257.836,-67.970,0.372301,0.923609,-0.091318,-0.927535,0.373734,-0.001513,0.032731,0.085264,0.995821,0,0.83509,-0.82842,50.105,-1.657,-1,375.000,-1,400.000,-1,325.000,325.000,325.000,300.000,-1,925.000,650.000,-1,675.000,700.000,-1,-1,2,0,2,0,2,0,0,0,0,2,0,0,2,0,0,2,2
20,-2510.398,-997.938,-256.383,-69.628,0.345374,0.933867,-0.092783,-0.937944,0.346787,-0.000958,0.031281,0.087356,0.995686,0,0.83851,-0.82914,50.311,-1.658,-1,375.000,-1,400.000,-1,325.000,325.000,300.000,300.000,-1,975.000,675.000,-1,675.000,700.000,-1,-1,2,0,2,0,2,0,0,0,0,2,0,0,2,0,0,2,2
21,-2494.187,-1045.789,-254.992,-71.287,0.318156,0.943338,-0.094290,-0.947574,0.319537,-0.000469,0.029687,0.089496,0.995545,0,0.84201,-0.82970,50.521,-1.659,-1,375.000,-1,400.000,-1,325.000,325.000,300.000,300.000,-1,-1,700.000,-1,675.000,700.000,-1,-1,2,0,2,0,2,0,0,0,0,2,2,0,2,0,0,2,2
22,-2480.593,-1089.444,-253.787,-72.707,0.294669,0.950796,-0.095689,-0.955182,0.296020,-0.000082,0.028248,0.091424,0.995411,0,0.76201,-0.70970,45.721,-1.419,-1,375.000,-1,375.000,-1,325.000,325.000,300.000,300.000,-1,-1,725.000,-1,700.000,700.000,-1,-1,2,0,2,0,2,0,0,0,0,2,2,0,2,0,0,2,2
23,-2469.234,-1128.757,-252.747,-73.886,0.275020,0.956536,-0.096969,-0.961059,0.276343,0.000224,0.027011,0.093131,0.995287,0,0.68201,-0.58970,40.921,-1.179,-1,375.000,-1,375.000,-1,325.000,325.000,300.000,300.000,-1,-1,750.000,-1,700.000,675.000,-1,-1,2,0,2,0,2,0,0,0,0,2,2,0,2,0,0,2,2
24,-2459.777,-1163.619,-251.858,-74.825,0.259286,0.960803,-0.098123,-0.965450,0.260587,0.000465,0.026016,0.094612,0.995174,0,0.60201,-0.46970,36.121,-0.939,-1,375.000,-1,375.000,-1,325.000,325.000,300.000,300.000,-1,-1,775.000,-1,700.000,675.000,-1,1000.000,2,0,2,0,2,0,0,0,0,2,2,0,2,0,0,2,1
25,-2451.964,-1193.951,-251.103,-75.558,0.246968,0.963938,-0.099145,-0.968695,0.248254,0.000651,0.025240,0.095881,0.995073,0,0.52201,-0.36621,31.321,-0.732,-1,375.000,-1,375.000,-1,325.000,325.000,300.000,300.000,-1,-1,800.000,-1,700.000,675.000,-1,975.000,2,0,2,0,2,0,0,0,0,2,2,0,2,0,0,2,1
26,-2445.677,-1219.716,-250.484,-76.290,0.234624,0.966929,-0.100000,-0.971781,0.235883,0.000794,0.024356,0.096992,0.994987,0,0.44201,-0.36629,26.521,-0.733,-1,375.000,-1,375.000,-1,325.000,325.000,300.000,300.000,-1,-1,825.000,-1,700.000,675.000,-1,950.000,2,0,2,0,2,0,0,0,0,2,2,0,2,0,0,2,1
27,-2440.798,-1240.883,-249.996,-77.023,0.222258,0.969776,-0.100681,-0.974708,0.223482,0.000902,0.023375,0.097934,0.994918,0,0.36201,-0.36625,21.721,-0.732,-1,375.000,-1,375.000,-1,325.000,325.000,300.000,300.000,-1,-1,875.000,-1,700.000,675.000,-1,925.000,2,0,2,0,2,0,0,0,0,2,2,0,2,0,0,2,1
28,-2437.209,-1257.419,-249.614,-77.755,0.209882,0.972485,-0.101109,-0.977473,0.211056,0.000940,0.022254,0.098634,0.994875,0,0.28201,-0.36610,16.921,-0.732,-1,375.000,-1,375.000,-1,325.000,300.000,300.000,300.000,-1,-1,925.000,-1,700.000,675.000,-1,925.000,2,0,2,0,2,0,0,0,0,2,2,0,2,0,0,2,1
29,-2434.789,-1269.297,-249.357,-78.487,0.197490,0.975047,-0.101392,-0.980078,0.198609,0.000967,0.021080,0.099181,0.994846,0,0.20201,-0.36586,12.121,-0.732,-1,375.000,-1,375.000,-1,300.000,300.000,300.000,300.000,-1,-1,-1,-1,700.000,675.000,-1,925.000,2,0,2,0,2,0,0,0,0,2,2,2,2,0,0,2,1
30,-2433.419,-1276.489,-249.197,-79.218,0.185081,0.977470,-0.101472,-0.982521,0.186146,0.001050,0.019915,0.099504,0.994838,0,0.12201,-0.36553,7.321,-0.731,-1,375.000,-1,375.000,-1,300.000,300.000,300.000,300.000,-1,-1,-1,-1,700.000,675.000,-1,925.000,2,0,2,0,2,0,0,0,0,2,2,2,2,0,0,2,1
31,-2432.979,-1278.972,-249.158,-79.948,0.172667,0.979741,-0.101454,-0.984803,0.173670,0.001066,0.018664,0.099728,0.994840,0,0.04201,-0.36512,2.521,-0.730,-1,375.000,-1,375.000,-1,300.000,300.000,300.000,300.000,-1,-1,-1,-1,700.000,650.000,-1,950.000,2,0,2,0,2,0,0,0,0,2,2,2,2,0,0,2,1
32,-2431.763,-1286.191,-248.970,-80.438,0.164299,0.981182,-0.101433,-0.986246,0.165279,0.001274,0.018014,0.099828,0.994842,0,0.12201,-0.24512,7.321,-0.490,-1,375.000,-1,375.000,-1,300.000,300.000,300.000,300.000,-1,-1,-1,-1,700.000,650.000,-1,950.000,2,0,2,0,2,0,0,0,0,2,2,2,2,0,0,2,1
33,-2429.802,-1298.153,-248.634,-80.689,0.159995,0.981895,-0.101409,-0.986954,0.160992,0.001673,0.017969,0.099818,0.994843,0,0.20201,-0.12512,12.121,-0.250,-1,375.000,-1,375.000,-1,325.000,300.000,300.000,300.000,-1,-1,-1,-1,700.000,650.000,-1,950.000,2,0,2,0,2,0,0,0,0,2,2,2,2,0,0,2,1
34,-2427.067,-1314.851,-248.147,-80.699,0.159763,0.981935,-0.101392,-0.986981,0.160818,0.002268,0.018532,0.099710,0.994844,0,0.28201,-0.00512,16.921,-0.010,-1,375.000,-1,375.000,-1,325.000,300.000,300.000,300.000,-1,-1,-1,-1,725.000,675.000,-1,925.000,2,0,2,0,2,0,0,0,0,2,2,2,2,0,1,2,1
35,-2423.471,-1336.272,-247.500,-80.469,0.163603,0.981301,-0.101403,-0.986329,0.164757,0.003058,0.019708,0.099517,0.994841,0,0.36201,0.11488,21.721,0.230,-1,375.000,-1,375.000,-1,325.000,300.000,300.000,300.000,-1,-1,-1,-1,725.000,675.000,-1,900.000,2,0,2,0,2,0,0,0,0,2,2,2,2,0,1,2,1
36,-2418.873,-1362.390,-246.705,-80.016,0.171220,0.980003,-0.101381,-0.984997,0.172522,0.004149,0.021556,0.099150,0.994839,0,0.44201,0.22664,26.521,0.453,-1,375.000,-1,375.000,-1,325.000,300.000,300.000,300.000,-1,-1,850.000,-1,725.000,650.000,-1,875.000,2,0,2,0,2,0,0,0,0,2,2,0,2,0,1,2,1
37,-2413.199,-1393.193,-245.737,-79.564,0.178776,0.978645,-0.101455,-0.983604,0.180255,0.005532,0.023702,0.098803,0.994825,0,0.52201,0.22605,31.321,0.452,-1,375.000,1000.000,375.000,-1,325.000,325.000,300.000,300.000,-1,-1,750.000,-1,725.000,625.000,-1,850.000,2,0,1,0,2,0,0,0,0,2,2,0,2,1,1,2,1
38,-2406.377,-1428.663,-244.599,-79.113,0.186281,0.977232,-0.101577,-0.982152,0.187955,0.007084,0.026014,0.098444,0.994802,0,0.60201,0.22537,36.121,0.451,-1,375.000,1000.000,375.000,-1,325.000,325.000,300.000,325.000,-1,-1,700.000,-1,725.000,625.000,-1,800.000,2,0,1,0,2,0,0,0,0,2,2,0,2,1,1,2,1
39,-2398.333,-1468.785,-243.292,-78.664,0.193735,0.975765,-0.101727,-0.980641,0.195618,0.008767,0.028454,0.098060,0.994774,0,0.68201,0.22457,40.921,0.449,-1,375.000,975.000,375.000,-1,325.000,325.000,300.000,325.000,-1,825.000,650.000,-1,700.000,600.000,-1,775.000,2,0,1,0,2,0,0,0,0,2,0,0,2,1,1,2,1
40,-2388.997,-1513.542,-241.810,-78.217,0.201137,0.974248,-0.101907,-0.979073,0.203237,0.010551,0.030990,0.097652,0.994738,0,0.76201,0.22364,45.721,0.447,-1,400.000,950.000,375.000,-1,325.000,325.000,300.000,325.000,-1,750.000,600.000,-1,700.000,575.000,-1,725.000,2,0,1,0,2,0,0,0,0,2,0,0,2,1,1,2,1
41,-2378.296,-1562.916,-240.150,-77.771,0.208484,0.972680,-0.102115,-0.977449,0.210808,0.012399,0.033587,0.097227,0.994695,0,0.84201,0.22255,50.521,0.445,-1,400.000,950.000,375.000,-1,325.000,325.000,300.000,325.000,-1,700.000,575.000,-1,675.000,550.000,-1,675.000,2,0,1,0,2,0,0,0,0,2,0,0,2,1,1,2,1
42,-2366.259,-1616.453,-238.323,-77.329,0.215775,0.971065,-0.102346,-0.975772,0.218323,0.014256,0.036188,0.096790,0.994647,0,0.91456,0.22126,54.874,0.443,-1,400.000,925.000,375.000,-1,325.000,325.000,300.000,300.000,-1,625.000,550.000,-1,675.000,500.000,-1,600.000,2,0,1,1,2,0,0,0,0,2,0,0,2,1,1,2,1
43,-2353.761,-1670.114,-236.466,-76.889,0.223017,0.969402,-0.102585,-0.974049,0.225775,0.015959,0.038632,0.096364,0.994596,0,0.91828,0.21975,55.097,0.440,-1,400.000,900.000,350.000,750.000,325.000,325.000,275.000,300.000,-1,600.000,525.000,-1,675.000,475.000,-1,550.000,2,0,1,1,1,0,0,0,0,2,0,0,2,1,1,2,1
44,-2340.804,-1723.892,-234.578,-76.453,0.230206,0.967694,-0.102828,-0.972282,0.233157,0.017499,0.040909,0.095949,0.994545,0,0.92197,0.21808,55.318,0.436,-1,400.000,875.000,325.000,625.000,325.000,300.000,275.000,300.000,-1,550.000,525.000,-1,675.000,450.000,-1,475.000,2,1,1,1,1,1,1,0,0,2,0,0,2,1,1,2,1
45,-2327.388,-1777.783,-232.661,-76.021,0.237337,0.965944,-0.103069,-0.970475,0.240463,0.018867,0.043009,0.095548,0.994495,0,0.92560,0.21621,55.536,0.432,-1,375.000,850.000,300.000,525.000,300.000,275.000,275.000,300.000,-1,525.000,500.000,-1,675.000,400.000,-1,425.000,2,1,1,1,1,1,1,0,0,2,0,0,2,1,1,2,1
46,-2313.516,-1831.781,-230.714,-75.593,0.244402,0.964156,-0.103304,-0.968633,0.247686,0.020055,0.044923,0.095162,0.994448,0,0.92918,0.21413,55.751,0.428,-1,350.000,850.000,275.000,425.000,275.000,250.000,275.000,300.000,-1,525.000,500.000,-1,675.000,350.000,-1,375.000,2,1,1,1,1,1,1,0,0,2,0,0,2,1,1,2,1
47,-2299.192,-1885.877,-228.740,-75.169,0.251395,0.962332,-0.103527,-0.966760,0.254817,0.021054,0.046641,0.094793,0.994404,0,0.93269,0.21182,55.961,0.424,-1,350.000,925.000,250.000,350.000,275.000,225.000,275.000,300.000,-1,500.000,500.000,-1,975.000,325.000,-1,300.000,2,1,1,1,1,1,1,0,0,2,0,0,2,1,1,2,1
48,-2284.428,-1940.068,-224.592,-74.751,0.258384,0.961168,-0.096924,-0.964685,0.262035,0.026832,0.051187,0.086568,0.994930,0,0.93610,0.20923,56.166,0.418,-1,325.000,-1,225.000,300.000,250.000,225.000,275.000,300.000,-1,475.000,500.000,-1,950.000,300.000,-1,275.000,2,1,2,1,1,1,1,0,0,2,0,0,2,1,1,2,1
49,-2269.229,-1994.344,-217.888,-74.338,0.265219,0.960575,-0.083400,-0.962119,0.269322,0.042342,0.063134,0.069011,0.995616,0,0.93939,0.20635,56.363,0.413,-1,350.000,-1,225.000,325.000,250.000,200.000,275.000,350.000,-1,350.000,425.000,-1,950.000,275.000,-1,250.000,2,1,2,1,1,1,1,0,0,2,0,0,2,1,1,2,1
50,-2253.590,-2048.693,-210.842,-73.932,0.272313,0.959712,-0.069277,-0.959218,0.276434,0.059031,0.075804,0.050377,0.995849,0,0.94253,0.20312,56.552,0.406,-1,350.000,-1,225.000,325.000,250.000,200.000,275.000,375.000,-1,275.000,400.000,-1,950.000,275.000,-1,250.000,2,1,2,1,1,1,1,0,0,2,0,0,2,1,1,2,1
51,-2237.517,-2103.101,-202.156,-73.533,0.279003,0.958362,-0.060819,-0.955726,0.283287,0.079604,0.093519,0.035916,0.994969,0,0.94548,0.19948,56.729,0.399,-1,400.000,-1,225.000,350.000,275.000,225.000,275.000,425.000,775.000,225.000,325.000,-1,1000.000,300.000,-1,250.000,2,1,2,1,1,1,1,0,1,0,0,0,2,1,1,2,1
52,-327.984,5575.432,-66.454,69.173,0.353731,-0.932874,-0.067974,0.934901,0.354871,-0.005104,0.028884,-0.061743,0.997674,1,0.00000,0.00000,56.891,0.391,900.000,400.000,900.000,250.000,300.000,275.000,250.000,250.000,425.000,-1,625.000,525.000,-1,675.000,350.000,-1,275.000,0,1,1,1,1,1,1,0,0,2,0,0,2,1,1,2,1
53,-326.259,5579.911,-66.247,68.933,0.357572,-0.931336,-0.068960,0.933415,0.358759,-0.005247,0.029627,-0.062492,0.997606,0,0.08000,-0.12000,4.800,-0.240,900.000,400.000,900.000,250.000,300.000,275.000,250.000,250.000,425.000,-1,600.000,525.000,-1,675.000,350.000,-1,275.000,0,1,1,1,1,1,1,0,0,2,0,0,2,1,1,2,1
54,-322.754,5588.849,-65.795,68.580,0.363152,-0.929017,-0.071048,0.931208,0.364443,-0.005688,0.031177,-0.064094,0.997457,0,0.16000,-0.17619,9.600,-0.352,925.000,400.000,900.000,250.000,300.000,275.000,225.000,250.000,425.000,-1,550.000,500.000,-1,675.000,350.000,-1,275.000,0,1,1,1,1,1,1,0,0,2,0,0,2,1,1,2,1
55,-317.414,5602.222,-65.059,68.228,0.368618,-0.926600,-0.074390,0.928973,0.370090,-0.006571,0.033620,-0.066684,0.997208,0,0.24000,-0.17628,14.400,-0.353,925.000,375.000,875.000,250.000,300.000,275.000,225.000,250.000,425.000,-1,475.000,450.000,-1,650.000,325.000,-1,275.000,0,1,1,1,1,1,1,0,0,2,0,0,2,1,1,2,1
56,-310.184,5620.010,-64.025,67.875,0.373958,-0.924065,-0.079120,0.926707,0.375703,-0.007888,0.037015,-0.070372,0.996834,0,0.32000,-0.17670,19.200,-0.353,950.000,375.000,875.000,250.000,275.000,275.000,225.000,250.000,450.000,-1,325.000,400.000,-1,650.000,325.000,-1,250.000,0,1,1,1,1,1,1,0,0,2,0,0,2,1,1,2,1
57,-301.010,5642.188,-62.673,67.520,0.379146,-0.921387,-0.085412,0.924408,0.381282,-0.009636,0.041445,-0.075302,0.996299,0,0.40000,-0.17748,24.000,-0.355,950.000,375.000,875.000,250.000,275.000,275.000,225.000,250.000,475.000,-1,250.000,350.000,-1,625.000,325.000,-1,250.000,0,1,1,1,1,1,1,0,0,2,0,0,2,1,1,2,1
58,-289.836,5668.732,-60.979,67.162,0.384140,-0.918530,-0.093481,0.922077,0.386826,-0.011818,0.047016,-0.081657,0.995551,0,0.48000,-0.17864,28.800,-0.357,975.000,375.000,900.000,250.000,275.000,275.000,225.000,250.000,475.000,-1,200.000,300.000,-1,625.000,325.000,-1,250.000,0,1,1,1,1,1,1,0,0,2,0,0,2,1,1,2,1
59,-2295.759,327.967,-247.855,-17.187,0.953955,0.295479,-0.051588,-0.295543,0.955307,0.006552,0.051218,0.008996,0.998647,1,0.00000,0.00000,33.600,-0.360,550.000,400.000,-1,375.000,-1,325.000,300.000,300.000,300.000,-1,-1,-1,-1,750.000,700.000,725.000,-1,1,0,2,0,2,0,0,0,0,2,2,2,2,1,0,1,2
60,-2300.351,329.366,-248.101,-16.947,0.955189,0.291475,-0.051538,-0.291541,0.956537,0.006392,0.051161,0.008920,0.998651,0,-0.08000,0.12000,-4.800,0.240,575.000,400.000,-1,375.000,-1,325.000,300.000,300.000,300.000,-1,-1,-1,-1,750.000,700.000,725.000,-1,1,0,2,0,2,0,0,0,0,2,2,2,2,1,0,1,2
61,-2309.557,332.087,-248.594,-16.467,0.957606,0.283452,-0.051438,-0.283522,0.958946,0.006076,0.051049,0.008766,0.998658,0,-0.16000,0.24000,-9.600,0.480,575.000,400.000,-1,375.000,-1,325.000,300.000,300.000,300.000,-1,-1,-1,-1,725.000,700.000,700.000,-1,1,1,2,0,2,0,0,0,0,2,2,2,2,1,0,1,2
62,-2323.417,335.995,-249.332,-15.747,0.961105,0.271380,-0.051288,-0.271456,0.962434,0.005605,0.050882,0.008535,0.998668,0,-0.24000,0.36000,-14.400,0.720,575.000,400.000,-1,375.000,-1,325.000,325.000,300.000,300.000,-1,-1,-1,-1,700.000,700.000,700.000,-1,1,1,2,0,2,0,0,0,0,2,2,2,2,1,0,1,2
63,-2341.981,340.895,-250.318,-14.787,0.965533,0.255217,-0.051086,-0.255301,0.966849,0.004986,0.050665,0.008228,0.998682,0,-0.32000,0.48000,-19.200,0.960,600.000,400.000,-1,375.000,-1,325.000,325.000,300.000,300.000,-1,-1,-1,-1,675.000,700.000,675.000,-1,1,1,2,0,2,0,0,0,0,2,2,2,2,1,0,1,2
64,-2365.309,346.534,-251.549,-13.587,0.970686,0.234914,-0.050832,-0.235007,0.971984,0.004226,0.050400,0.007844,0.998698,0,-0.40000,0.60000,-24.000,1.200,625.000,400.000,-1,375.000,-1,325.000,325.000,300.000,300.000,-1,-1,-1,-1,675.000,700.000,675.000,-1,1,0,2,0,2,0,0,0,0,2,2,2,2,1,0,1,2
65,-2393.301,352.640,-253.016,-12.307,0.975712,0.213148,-0.050529,-0.213255,0.976991,0.003343,0.050078,0.007514,0.998717,0,-0.47750,0.63986,-28.650,1.280,650.000,400.000,-1,375.000,-1,325.000,325.000,300.000,300.000,-1,-1,-1,-1,650.000,700.000,700.000,-1,1,0,2,0,2,0,0,0,0,2,2,2,2,1,0,1,2
66,-2421.441,358.127,-254.484,-11.033,0.980232,0.191369,-0.050225,-0.191488,0.981492,0.002478,0.049770,0.007188,0.998735,0,-0.47783,0.63714,-28.670,1.274,675.000,400.000,-1,375.000,-1,325.000,325.000,300.000,300.000,-1,-1,-1,-1,650.000,700.000,700.000,-1,1,0,2,0,2,0,0,0,0,2,2,2,2,1,0,1,2
67,-2449.725,362.994,-255.952,-9.764,0.984250,0.169585,-0.049924,-0.169716,0.985492,0.001634,0.049476,0.006864,0.998752,0,-0.47833,0.63454,-28.700,1.269,700.000,400.000,-1,375.000,-1,325.000,325.000,300.000,300.000,-1,-1,-1,-1,650.000,700.000,725.000,-1,1,0,2,0,2,0,0,0,0,2,2,2,2,1,0,1,2
68,-2478.149,367.242,-257.422,-8.500,0.987771,0.147802,-0.049625,-0.147945,0.988995,0.000810,0.049199,0.006542,0.998768,0,-0.47898,0.63207,-28.739,1.264,725.000,400.000,-1,375.000,-1,325.000,325.000,300.000,300.000,-1,-1,-1,-1,650.000,700.000,750.000,-1,1,0,2,0,2,0,0,0,0,2,2,2,2,1,0,1,2
69,-2506.706,370.870,-258.894,-7.240,0.990799,0.126029,-0.049332,-0.126182,0.992007,0.000006,0.048938,0.006219,0.998782,0,-0.47978,0.62972,-28.787,1.259,775.000,400.000,-1,375.000,-1,325.000,325.000,300.000,300.000,-1,-1,-1,-1,675.000,700.000,775.000,-1,1,0,2,0,2,0,0,0,0,2,2,2,2,1,0,1,2
70,-2535.392,373.878,-260.369,-5.985,0.993339,0.104272,-0.049045,-0.104436,0.994531,-0.000778,0.048696,0.005895,0.998796,0,-0.48072,0.62749,-28.843,1.255,800.000,400.000,-1,375.000,-1,325.000,325.000,300.000,300.000,-1,-1,-1,-1,675.000,700.000,800.000,-1,1,0,2,0,2,0,0,0,0,2,2,2,2,1,0,1,2
71,-2564.200,376.264,-261.849,-4.735,0.995394,0.082539,-0.048766,-0.082712,0.996572,-0.001542,0.048472,0.005568,0.998809,0,-0.48178,0.62538,-28.907,1.251,850.000,400.000,-1,375.000,-1,325.000,325.000,300.000,300.000,-1,-1,-1,-1,700.000,700.000,825.000,-1,1,0,2,0,2,0,0,0,0,2,2,2,2,1,0,1,2
72,-2593.124,378.027,-263.333,-3.488,0.996969,0.060835,-0.048498,-0.061018,0.998134,-0.002285,0.048268,0.005237,0.998821,0,-0.48296,0.62339,-28.978,1.247,900.000,400.000,-1,375.000,-1,325.000,325.000,300.000,300.000,-1,-1,-1,-1,725.000,700.000,850.000,-1,1,0,2,0,2,0,0,0,0,2,2,2,2,1,0,1,2
73,-2622.157,379.165,-264.815,-2.245,0.998066,0.039168,-0.048265,-0.039357,0.999221,-0.002973,0.048111,0.004867,0.998830,0,-0.48426,0.62152,-29.056,1.243,950.000,400.000,-1,375.000,-1,325.000,325.000,300.000,300.000,-1,-1,-1,-1,750.000,700.000,875.000,-1,1,0,2,0,2,0,0,0,0,2,2,2,2,1,0,1,2
74,-2651.292,379.676,-266.758,-1.005,0.998610,0.017543,-0.049696,-0.017769,0.999834,-0.004102,0.049616,0.004980,0.998756,0,-0.48566,0.61977,-29.140,1.240,-1,400.000,-1,375.000,-1,325.000,325.000,300.000,300.000,-1,-1,-1,-1,775.000,700.000,925.000,-1,2,0,2,0,2,0,0,0,0,2,2,2,2,1,0,1,2
75,-2680.522,379.558,-268.950,0.231,0.998640,-0.004032,-0.051979,0.003814,0.999983,-0.004299,0.051996,0.004095,0.998639,0,-0.48716,0.61814,-29.230,1.236,-1,400.000,-1,375.000,-1,325.000,325.000,300.000,300.000,-1,-1,-1,-1,800.000,725.000,950.000,-1,2,0,2,0,2,0,0,0,0,2,2,2,2,1,0,1,2
76,-2709.837,378.809,-271.145,1.464,0.998198,-0.025554,-0.054293,0.025343,0.999668,-0.004568,0.054392,0.003184,0.998515,0,-0.48875,0.61662,-29.325,1.233,-1,400.000,-1,400.000,-1,325.000,325.000,300.000,300.000,-1,-1,-1,-1,825.000,725.000,1000.000,-1,2,0,2,0,2,0,0,0,0,2,2,2,2,1,0,1,2
77,-2739.229,377.425,-273.346,2.695,0.997287,-0.047014,-0.056635,0.046811,0.998892,-0.004907,0.056803,0.002243,0.998383,0,-0.49042,0.61522,-29.425,1.230,-1,400.000,-1,400.000,-1,325.000,325.000,300.000,300.000,-1,-1,-1,-1,825.000,750.000,-1,-1,2,0,2,0,2,0,0,0,0,2,2,2,2,0,0,2,2
78,-2768.690,375.405,-275.551,3.923,0.995911,-0.068408,-0.059003,0.068213,0.997657,-0.005316,0.059228,0.001269,0.998244,0,-0.49217,0.61393,-29.530,1.228,-1,400.000,-1,400.000,-1,325.000,325.000,300.000,300.000,-1,-1,-1,-1,850.000,750.000,-1,-1,2,0,2,0,2,0,0,0,0,2,2,2,2,0,0,2,2
79,-2798.210,372.745,-277.762,5.148,0.994072,-0.089730,-0.061395,0.089543,0.995966,-0.005793,0.061667,0.000261,0.998097,0,-0.49399,0.61275,-29.640,1.226,-1,425.000,-1,400.000,-1,325.000,325.000,275.000,300.000,-1,-1,-1,-1,850.000,775.000,-1,-1,2,0,2,0,2,0,0,0,0,2,2,2,2,0,0,2,2
80,-2822.907,370.091,-279.614,6.134,0.992252,-0.106847,-0.063407,0.106665,0.994275,-0.006250,0.063712,-0.000562,0.997968,0,-0.41399,0.49275,-24.840,0.986,-1,425.000,-1,400.000,-1,325.000,325.000,275.000,300.000,-1,-1,-1,-1,875.000,775.000,-1,-1,2,0,2,0,2,0,0,0,0,2,2,2,2,0,0,2,2
81,-2842.802,367.691,-281.107,6.879,0.990669,-0.119775,-0.065034,0.119595,0.992800,-0.006659,0.065363,-0.001181,0.997861,0,-0.33399,0.37275,-20.040,0.746,-1,425.000,-1,400.000,-1,325.000,325.000,275.000,275.000,-1,-1,-1,-1,875.000,800.000,-1,-1,2,0,2,0,2,0,0,0,0,2,2,2,2,0,0,2,2
82,-2857.916,365.732,-282.241,7.385,0.989489,-0.128529,-0.066271,0.128348,0.991705,-0.006996,0.066621,-0.001584,0.997777,0,-0.25399,0.25275,-15.240,0.506,-1,425.000,-1,400.000,-1,350.000,325.000,275.000,275.000,-1,-1,-1,-1,875.000,800.000,-1,-1,2,0,2,0,2,0,0,0,0,2,2,2,2,0,0,2,2
83,-2868.262,364.343,-283.019,7.650,0.988824,-0.133123,-0.067117,0.132937,0.991098,-0.007244,0.067484,-0.001760,0.997719,0,-0.17399,0.13275,-10.440,0.266,-1,425.000,-1,400.000,-1,350.000,325.000,275.000,275.000,-1,-1,-1,-1,900.000,800.000,-1,-1,2,0,2,0,2,0,0,0,0,2,2,2,2,0,0,2,2
84,-2873.851,363.589,-283.438,7.676,0.988734,-0.133564,-0.067570,0.133370,0.991039,-0.007393,0.067952,-0.001703,0.997687,0,-0.09399,0.01275,-5.640,0.026,-1,425.000,-1,400.000,-1,350.000,325.000,275.000,275.000,-1,-1,-1,-1,900.000,800.000,-1,-1,2,0,2,0,2,0,0,0,0,2,2,2,2,0,0,2,2
85,-2874.684,363.480,-283.500,7.461,0.989224,-0.129853,-0.067632,0.129648,0.991532,-0.007438,0.068025,-0.001410,0.997683,0,-0.01399,-0.10725,-0.840,-0.214,-1,425.000,-1,400.000,-1,350.000,325.000,275.000,275.000,-1,-1,-1,-1,900.000,800.000,-1,-1,2,0,2,0,2,0,0,0,0,2,2,2,2,0,0,2,2
86,-2870.755,363.979,-283.204,7.236,0.989751,-0.125948,-0.067308,0.125739,0.992036,-0.007357,0.067699,-0.001182,0.997705,0,0.06601,-0.11280,3.960,-0.226,-1,425.000,-1,400.000,-1,350.000,325.000,275.000,275.000,-1,-1,-1,-1,900.000,800.000,-1,-1,2,0,2,0,2,0,0,0,0,2,2,2,2,0,0,2,2
87,-2862.060,365.048,-282.551,7.010,0.990288,-0.122045,-0.066601,0.121840,0.992524,-0.007149,0.066975,-0.001035,0.997754,0,0.14601,-0.11268,8.760,-0.225,-1,425.000,-1,400.000,-1,350.000,325.000,275.000,275.000,-1,-1,-1,-1,875.000,800.000,-1,-1,2,0,2,0,2,0,0,0,0,2,2,2,2,0,0,2,2
88,-2848.595,366.650,-281.542,6.785,0.990833,-0.118147,-0.065509,0.117954,0.992996,-0.006817,0.065855,-0.000972,0.997829,0,0.22601,-0.11249,13.560,-0.225,-1,425.000,-1,400.000,-1,325.000,325.000,275.000,275.000,-1,-1,-1,-1,875.000,800.000,-1,-1,2,0,2,0,2,0,0,0,0,2,2,2,2,0,0,2,2
89,-2830.355,368.748,-280.176,6.561,0.991386,-0.114257,-0.064032,0.114084,0.993451,-0.006363,0.064340,-0.000997,0.997928,0,0.30601,-0.11221,18.360,-0.224,-1,425.000,-1,400.000,-1,325.000,325.000,275.000,300.000,-1,-1,-1,-1,875.000,775.000,-1,-1,2,0,2,0,2,0,0,0,0,2,2,2,2,0,0,2,2
90,-2807.337,371.304,-278.456,6.337,0.991943,-0.110378,-0.062171,0.110232,0.993889,-0.005787,0.062429,-0.001113,0.998049,0,0.38601,-0.11183,23.160,-0.224,-1,425.000,-1,400.000,-1,325.000,325.000,275.000,300.000,-1,-1,-1,-1,850.000,775.000,-1,-1,2,0,2,0,2,0,0,0,0,2,2,2,2,0,0,2,2
91,-2779.536,374.282,-276.382,6.114,0.992504,-0.106513,-0.059923,0.106400,0.994310,-0.005090,0.060125,-0.001324,0.998190,0,0.46601,-0.11136,27.960,-0.223,-1,400.000,-1,400.000,-1,325.000,325.000,275.000,300.000,-1,-1,-1,-1,850.000,775.000,-1,-1,2,0,2,0,2,0,0,0,0,2,2,2,2,0,0,2,2
92,-2746.949,377.646,-273.956,5.893,0.993065,-0.102667,-0.057289,0.102591,0.994714,-0.004273,0.057425,-0.001634,0.998348,0,0.54601,-0.11078,32.760,-0.222,-1,400.000,-1,400.000,-1,325.000,325.000,300.000,300.000,-1,-1,-1,-1,825.000,750.000,-1,-1,2,0,2,0,2,0,0,0,0,2,2,2,2,0,0,2,2
93,-2709.573,381.358,-271.179,5.673,0.993622,-0.098844,-0.054268,0.098809,0.995101,-0.003337,0.054332,-0.002047,0.998521,0,0.62601,-0.11008,37.560,-0.220,-1,400.000,-1,400.000,-1,325.000,325.000,300.000,300.000,-1,-1,-1,-1,825.000,750.000,-1,-1,2,0,2,0,2,0,0,0,0,2,2,2,2,0,0,2,2
94,-2668.600,385.270,-268.142,5.454,0.994168,-0.095049,-0.050954,0.095055,0.995469,-0.002313,0.050943,-0.002544,0.998698,0,0.68601,-0.10924,41.160,-0.218,-1,400.000,-1,400.000,-1,325.000,325.000,300.000,300.000,-1,-1,-1,-1,800.000,725.000,1000.000,-1,2,0,2,0,2,0,0,0,0,2,2,2,2,0,0,1,2
95,-2627.448,389.043,-265.445,5.238,0.994638,-0.091286,-0.048598,0.091265,0.995823,-0.002662,0.048638,-0.001788,0.998815,0,0.68874,-0.10828,41.325,-0.217,-1,400.000,-1,375.000,-1,325.000,325.000,300.000,300.000,-1,-1,-1,-1,775.000,725.000,925.000,-1,2,0,2,0,2,0,0,0,0,2,2,2,2,1,0,1,2
96,-2586.119,392.675,-263.157,5.023,0.995012,-0.087558,-0.047804,0.087537,0.996158,-0.002523,0.047841,-0.001674,0.998854,0,0.69147,-0.10724,41.488,-0.214,-1,400.000,-1,375.000,-1,325.000,325.000,300.000,300.000,-1,-1,-1,-1,750.000,725.000,875.000,-1,2,0,2,0,2,0,0,0,0,2,2,2,2,1,0,1,2
97,-2544.615,396.169,-261.066,4.811,0.995321,-0.083866,-0.047985,0.083883,0.996474,-0.001660,0.047955,-0.002373,0.998847,0,0.69418,-0.10614,41.651,-0.212,1000.000,400.000,-1,375.000,-1,325.000,325.000,300.000,300.000,-1,-1,-1,-1,700.000,725.000,850.000,-1,1,0,2,0,2,0,0,0,0,2,2,2,2,1,0,1,2
98,-2502.938,399.522,-258.974,4.601,0.995613,-0.080215,-0.048174,0.080270,0.996773,-0.000790,0.048082,-0.003080,0.998839,0,0.69687,-0.10496,41.812,-0.210,950.000,400.000,-1,375.000,-1,325.000,325.000,300.000,300.000,-1,-1,-1,-1,675.000,725.000,800.000,-1,1,0,2,0,2,0,0,0,0,2,2,2,2,1,0,1,2
99,-2461.090,402.738,-256.880,4.394,0.995888,-0.076605,-0.048370,0.076699,0.997054,0.000085,0.048221,-0.003795,0.998829,0,0.69953,-0.10371,41.972,-0.207,875.000,400.000,-1,375.000,-1,325.000,325.000,300.000,300.000,-1,-1,-1,-1,650.000,725.000,750.000,-1,1,0,2,0,2,0,0,0,0,2,2,2,2,1,0,1,2
100,-2419.072,405.815,-254.784,4.189,0.996145,-0.073042,-0.048574,0.073175,0.997319,0.000967,0.048373,-0.004518,0.998819,0,0.70217,-0.10237,42.130,-0.205,825.000,400.000,-1,375.000,-1,325.000,325.000,300.000,300.000,-1,-1,-1,-1,625.000,725.000,700.000,-1,1,0,2,0,2,0,0,0,0,2,2,2,2,1,0,1,2
101,-2376.888,408.755,-252.685,3.987,0.996387,-0.069527,-0.048784,0.069700,0.997566,0.001856,0.048536,-0.005249,0.998808,0,0.70478,-0.10094,42.287,-0.202,750.000,400.000,-1,375.000,-1,325.000,325.000,300.000,300.000,-1,-1,-1,-1,575.000,725.000,675.000,-1,1,0,2,0,2,0,0,0,0,2,2,2,2,1,0,1,2
102,-2334.539,411.559,-250.584,3.788,0.996611,-0.066064,-0.049001,0.066278,0.997797,0.002751,0.048712,-0.005989,0.998795,0,0.70735,-0.09942,42.441,-0.199,700.000,400.000,-1,375.000,-1,325.000,325.000,300.000,300.000,-1,-1,-1,-1,550.000,725.000,625.000,-1,1,0,2,0,2,0,0,0,0,2,2,2,2,1,0,1,2
103,-2292.029,414.228,-248.480,3.592,0.996820,-0.062657,-0.049226,0.062912,0.998012,0.003652,0.048899,-0.006737,0.998781,0,0.70989,-0.09781,42.593,-0.196,650.000,400.000,-1,375.000,-1,325.000,325.000,300.000,300.000,-1,-1,-1,-1,525.000,725.000,575.000,-1,1,1,2,0,2,0,0,0,0,2,2,2,2,1,0,1,2
104,-2249.362,416.763,-246.372,3.400,0.997014,-0.059309,-0.049456,0.059607,0.998212,0.004560,0.049097,-0.007494,0.998766,0,0.71237,-0.09608,42.742,-0.192,575.000,375.000,-1,375.000,-1,325.000,325.000,300.000,300.000,-1,-1,-1,-1,500.000,750.000,525.000,-1,1,1,2,0,2,1,1,0,0,2,2,2,2,1,0,1,2
105,-2206.541,419.165,-244.261,3.212,0.997192,-0.056025,-0.049693,0.056365,0.998395,0.005474,0.049306,-0.008260,0.998750,0,0.71481,-0.09424,42.889,-0.188,525.000,350.000,975.000,400.000,-1,325.000,325.000,300.000,300.000,-1,-1,-1,-1,475.000,750.000,475.000,-1,1,1,1,0,2,1,1,0,0,2,2,2,2,1,0,1,2
106,-2168.514,421.334,-242.395,3.263,0.997131,-0.056922,-0.049890,0.057305,0.998337,0.006280,0.049449,-0.009121,0.998735,0,0.63481,0.02576,38.089,0.052,475.000,350.000,950.000,400.000,-1,300.000,325.000,300.000,300.000,-1,-1,-1,-1,450.000,750.000,450.000,-1,1,1,1,0,2,1,1,0,0,2,2,2,2,1,0,1,2
107,-2135.290,423.398,-240.774,3.555,0.996821,-0.062000,-0.050043,0.062425,0.998025,0.006971,0.049512,-0.010073,0.998723,0,0.55481,0.14576,33.289,0.292,450.000,325.000,900.000,400.000,-1,300.000,300.000,300.000,300.000,-1,-1,-1,-1,425.000,750.000,425.000,-1,1,1,1,0,2,1,1,0,0,2,2,2,2,1,0,1,2
108,-2106.874,425.428,-239.398,4.086,0.996197,-0.071255,-0.050148,0.071721,0.997396,0.007546,0.049480,-0.011114,0.998713,0,0.47481,0.26576,28.489,0.532,425.000,300.000,875.000,400.000,-1,275.000,300.000,300.000,300.000,-1,-1,-1,-1,400.000,750.000,400.000,-1,1,1,1,0,2,1,1,0,0,2,2,2,2,1,0,1,2
109,-2083.267,427.394,-238.263,4.761,0.995284,-0.082995,-0.050212,0.083498,0.996476,0.008008,0.049371,-0.012163,0.998706,0,0.39481,0.33736,23.689,0.675,400.000,300.000,825.000,400.000,-1,275.000,300.000,300.000,300.000,-1,-1,-1,-1,400.000,750.000,375.000,-1,1,1,1,0,2,1,1,0,0,2,2,2,2,1,0,1,2
110,-2064.464,429.184,-237.366,5.436,0.994234,-0.094733,-0.050247,0.095268,0.995417,0.008365,0.049225,-0.013104,0.998702,0,0.31481,0.33766,18.889,0.675,375.000,300.000,800.000,400.000,-1,275.000,300.000,300.000,300.000,-1,-1,-1,-1,375.000,750.000,350.000,975.000,1,1,1,0,2,1,1,0,0,2,2,2,2,1,0,1,1
111,-2050.455,430.684,-236.704,6.112,0.993046,-0.106459,-0.050256,0.107021,0.994219,0.008621,0.049048,-0.013939,0.998699,0,0.23481,0.33771,14.089,0.675,375.000,275.000,775.000,400.000,-1,250.000,300.000,300.000,300.000,-1,-1,-1,-1,375.000,750.000,350.000,950.000,1,1,1,0,2,1,1,0,0,2,2,2,2,1,0,1,1
112,-2041.232,431.781,-236.274,6.787,0.991722,-0.118164,-0.050242,0.118747,0.992886,0.008780,0.048847,-0.014674,0.998698,0,0.15481,0.33753,9.289,0.675,375.000,275.000,725.000,400.000,-1,250.000,275.000,300.000,300.000,-1,-1,-1,-1,350.000,750.000,325.000,925.000,1,1,1,0,2,1,1,0,0,2,2,2,2,1,0,1,1
113,-2036.781,432.364,-236.074,7.461,0.990263,-0.129837,-0.050208,0.130437,0.991417,0.008848,0.048628,-0.015311,0.998700,0,0.07481,0.33710,4.489,0.674,375.000,275.000,700.000,400.000,-1,250.000,275.000,300.000,300.000,-1,-1,-1,-1,350.000,750.000,325.000,925.000,1,1,1,0,2,1,1,0,0,2,2,2,2,1,0,1,1
114,-2037.090,432.320,-236.100,8.134,0.988671,-0.141470,-0.050158,0.142082,0.989816,0.008829,0.048398,-0.015855,0.998702,0,-0.00519,0.33644,-0.311,0.673,375.000,275.000,675.000,400.000,-1,250.000,275.000,300.000,300.000,-1,-1,-1,-1,350.000,750.000,350.000,925.000,1,1,1,0,2,1,1,0,0,2,2,2,2,1,1,1,1
115,-2042.141,431.538,-236.352,8.805,0.986947,-0.153053,-0.050095,0.153672,0.988083,0.008727,0.048163,-0.016311,0.998706,0,-0.08519,0.33556,-5.111,0.671,375.000,275.000,675.000,375.000,-1,250.000,275.000,300.000,300.000,-1,-1,-1,-1,350.000,750.000,350.000,925.000,1,1,1,1,2,1,1,0,0,2,2,2,2,1,0,1,1
116,-2051.917,429.907,-236.828,9.474,0.985095,-0.164578,-0.050025,0.165200,0.986223,0.008545,0.047929,-0.016682,0.998711,0,-0.16519,0.33448,-9.911,0.669,400.000,275.000,675.000,375.000,-1,250.000,275.000,300.000,300.000,-1,-1,-1,-1,375.000,750.000,350.000,925.000,1,1,1,1,2,1,1,0,0,2,2,2,2,1,0,1,1
117,-2063.693,427.800,-237.397,10.140,0.983115,-0.176037,-0.049955,0.176661,0.984236,0.008335,0.047700,-0.017019,0.998717,0,-0.19938,0.33323,-11.963,0.666,425.000,300.000,675.000,375.000,-1,275.000,275.000,300.000,300.000,-1,-1,-1,-1,375.000,750.000,375.000,925.000,1,1,1,1,2,1,1,0,0,2,2,2,2,1,0,1,1
118,-2070.735,426.487,-237.738,10.567,0.981778,-0.183357,-0.049914,0.183983,0.982895,0.008211,0.047554,-0.017245,0.998720,0,-0.11938,0.21323,-7.163,0.426,450.000,300.000,650.000,375.000,-1,275.000,275.000,300.000,300.000,-1,-1,-1,-1,375.000,750.000,400.000,925.000,1,1,1,1,2,1,1,0,0,2,2,2,2,1,0,1,1
119,-2073.056,426.046,-237.852,10.753,0.981177,-0.186554,-0.049897,0.187181,0.982291,0.008170,0.047490,-0.017356,0.998721,0,-0.03938,0.09323,-2.363,0.186,450.000,300.000,650.000,375.000,-1,275.000,275.000,300.000,300.000,-1,-1,-1,-1,375.000,750.000,400.000,925.000,1,1,1,1,2,1,1,0,0,2,2,2,2,1,0,1,1
120,-2070.661,426.499,-237.737,10.700,0.981351,-0.185636,-0.049905,0.186264,0.982465,0.008211,0.047505,-0.017353,0.998720,0,0.04062,-0.02677,2.437,-0.054,450.000,300.000,650.000,375.000,-1,275.000,275.000,300.000,300.000,-1,-1,-1,-1,375.000,750.000,400.000,925.000,1,1,1,1,2,1,1,0,0,2,2,2,2,1,0,1,1
121,-2063.544,427.811,-237.396,10.450,0.982151,-0.181347,-0.049934,0.181977,0.983267,0.008334,0.047587,-0.017272,0.998718,0,0.12062,-0.12501,7.237,-0.250,425.000,300.000,650.000,375.000,-1,275.000,275.000,300.000,300.000,-1,-1,-1,-1,375.000,750.000,375.000,925.000,1,1,1,1,2,1,1,0,0,2,2,2,2,1,0,1,1
122,-2051.697,429.943,-236.831,10.201,0.982928,-0.177075,-0.049973,0.177710,0.984046,0.008538,0.047664,-0.017273,0.998714,0,0.20062,-0.12443,12.037,-0.249,425.000,275.000,650.000,375.000,-1,250.000,275.000,300.000,300.000,-1,-1,-1,-1,375.000,750.000,375.000,900.000,1,1,1,1,2,1,1,0,0,2,2,2,2,1,0,1,1
123,-2035.113,432.853,-236.044,9.954,0.983681,-0.172825,-0.050023,0.173470,0.984800,0.008825,0.047738,-0.017358,0.998709,0,0.28062,-0.12366,16.837,-0.247,400.000,275.000,650.000,375.000,-1,250.000,275.000,300.000,300.000,-1,-1,-1,-1,350.000,750.000,350.000,900.000,1,1,1,1,2,1,1,0,0,2,2,2,2,1,1,1,1
124,-2013.786,436.502,-235.028,9.708,0.984411,-0.168606,-0.050072,0.169266,0.985527,0.009222,0.047793,-0.017554,0.998703,0,0.36062,-0.12268,21.637,-0.245,350.000,275.000,625.000,375.000,-1,250.000,275.000,300.000,300.000,-1,-1,-1,-1,350.000,750.000,325.000,875.000,1,1,1,1,2,1,1,0,0,2,2,2,2,1,1,1,1
125,-1987.708,440.850,-233.800,9.465,0.985120,-0.164425,-0.050022,0.165102,0.986229,0.009692,0.047739,-0.017807,0.998701,0,0.44062,-0.12146,26.437,-0.243,325.000,250.000,600.000,375.000,-1,225.000,275.000,300.000,300.000,-1,-1,-1,-1,325.000,725.000,300.000,850.000,1,1,1,1,2,1,1,0,0,2,2,2,2,1,1,1,1
126,-1956.875,445.858,-232.378,9.225,0.985809,-0.160292,-0.049876,0.160985,0.986904,0.010174,0.047592,-0.018059,0.998704,0,0.52062,-0.11999,31.237,-0.240,275.000,225.000,575.000,350.000,-1,225.000,250.000,300.000,300.000,-1,-1,-1,-1,300.000,700.000,250.000,825.000,1,1,1,1,2,1,1,0,0,2,2,2,2,1,1,1,1
127,-1921.281,451.488,-230.721,8.989,0.986475,-0.156218,-0.049640,0.156925,0.987553,0.010672,0.047355,-0.018317,0.998710,0,0.60062,-0.11822,36.037,-0.236,250.000,225.000,550.000,350.000,975.000,200.000,250.000,300.000,300.000,-1,-1,-1,-1,275.000,675.000,225.000,775.000,1,1,1,1,1,1,1,0,0,2,2,2,2,1,1,1,1
128,-1880.918,457.705,-225.024,8.757,0.986570,-0.152239,-0.059186,0.152143,0.988339,-0.006160,0.059434,-0.002927,0.998228,0,0.68062,-0.11610,40.837,-0.232,225.000,225.000,550.000,375.000,950.000,200.000,250.000,325.000,275.000,-1,-1,-1,-1,275.000,650.000,200.000,750.000,1,1,1,1,1,1,1,0,0,2,2,2,2,1,1,1,1
129,-1835.784,464.479,-218.287,8.530,0.986391,-0.148301,-0.070989,0.146754,0.988816,-0.026573,0.074135,0.015793,0.997123,0,0.76062,-0.11358,45.637,-0.227,200.000,225.000,575.000,400.000,950.000,200.000,250.000,375.000,275.000,-1,500.000,400.000,-1,275.000,625.000,200.000,750.000,1,1,1,1,1,1,1,0,0,2,0,0,2,1,1,1,1
130,-1785.874,471.780,-210.730,8.308,0.985905,-0.144402,-0.084495,0.140584,0.988828,-0.049548,0.090706,0.036971,0.995191,0,0.84062,-0.11059,50.437,-0.221,200.000,225.000,575.000,425.000,925.000,200.000,275.000,450.000,250.000,-1,350.000,225.000,-1,275.000,625.000,175.000,725.000,1,1,1,1,1,1,1,0,0,2,0,0,2,1,1,1,1
131,-1731.874,479.483,-202.424,8.094,0.985050,-0.140546,-0.099616,0.133423,0.988224,-0.074916,0.108972,0.060505,0.992202,0,0.90903,-0.10701,54.542,-0.214,175.000,225.000,575.000,475.000,875.000,200.000,275.000,525.000,250.000,-1,275.000,125.000,600.000,275.000,600.000,175.000,700.000,1,1,1,1,1,1,1,0,0,2,0,0,0,1,1,1,1
132,-4919.489,3607.627,-217.391,5.853,0.993593,-0.101976,-0.048716,0.102160,0.994767,0.001290,0.048329,-0.006259,0.998812,1,0.00000,0.00000,54.669,-0.206,-1,375.000,-1,400.000,-1,300.000,325.000,350.000,350.000,-1,50.000,100.000,-1,675.000,825.000,-1,-1,2,0,2,0,2,0,0,0,0,2,0,0,2,0,0,2,2
133,-4914.712,3608.096,-217.169,5.613,0.994009,-0.097808,-0.048775,0.097983,0.995187,0.001206,0.048422,-0.005978,0.998809,0,0.08000,-0.12000,4.800,-0.240,-1,375.000,-1,400.000,-1,300.000,325.000,350.000,350.000,-1,75.000,100.000,-1,675.000,825.000,-1,-1,2,0,2,0,2,0,0,0,0,2,0,0,2,0,0,2,2
134,-4905.150,3608.955,-216.724,5.133,0.994789,-0.089468,-0.048884,0.089625,0.995975,0.001026,0.048595,-0.005402,0.998804,0,0.16000,-0.24000,9.600,-0.480,-1,375.000,-1,400.000,-1,300.000,325.000,350.000,350.000,-1,100.000,75.000,-1,675.000,825.000,-1,-1,2,0,2,0,2,0,0,0,0,2,0,0,2,0,0,2,2
