timestep,x_cm,y_cm,z_cm,yaw_deg,basis_xx,basis_xy,basis_xz,basis_yx,basis_yy,basis_yz,basis_zx,basis_zy,basis_zz,teleport_flag,throttle_cmd,steering_cmd,cmd_move_cm,cmd_turn_deg,lidar_cm_0,lidar_cm_1,lidar_cm_2,lidar_cm_3,lidar_cm_4,lidar_cm_5,lidar_cm_6,lidar_cm_7,lidar_cm_8,lidar_cm_9,lidar_cm_10,lidar_cm_11,lidar_cm_12,lidar_cm_13,lidar_cm_14,lidar_cm_15,lidar_cm_16,lidar_class_0,lidar_class_1,lidar_class_2,lidar_class_3,lidar_class_4,lidar_class_5,lidar_class_6,lidar_class_7,lidar_class_8,lidar_class_9,lidar_class_10,lidar_class_11,lidar_class_12,lidar_class_13,lidar_class_14,lidar_class_15,lidar_class_16
0,8201.029,-1635.412,-86.825,66.795,0.394478,-0.917997,0.040847,0.918842,0.393542,-0.029215,0.010745,0.049057,0.998738,1,0.08000,-0.12000,4.800,-0.240,-1,475.000,-1,425.000,-1,375.000,350.000,225.000,300.000,-1,350.000,275.000,-1,950.000,775.000,-1,-1,2,0,2,0,2,0,0,1,0,2,0,0,2,0,0,2,2
1,8204.886,-1626.621,-87.169,66.315,0.402119,-0.914724,0.039766,0.915533,0.401243,-0.028330,0.009958,0.047799,0.998807,0,0.16000,-0.24000,9.600,-0.480,-1,450.000,-1,425.000,-1,350.000,350.000,225.000,300.000,-1,375.000,300.000,-1,950.000,775.000,-1,-1,2,0,2,0,2,0,0,1,0,2,0,0,2,0,0,2,2
2,8210.809,-1613.495,-87.684,65.720,0.411558,-0.910581,0.038243,0.911341,0.410769,-0.026963,0.008843,0.045949,0.998905,0,0.24000,-0.29790,14.400,-0.596,-1,450.000,-1,425.000,-1,350.000,350.000,200.000,300.000,-1,375.000,300.000,-1,925.000,775.000,-1,-1,2,0,2,0,2,0,0,1,0,2,0,0,2,0,0,2,2
3,8218.883,-1596.076,-88.359,65.135,0.420761,-0.906442,0.036383,0.907141,0.420077,-0.025122,0.007488,0.043575,0.999022,0,0.32000,-0.29212,19.200,-0.584,-1,450.000,-1,400.000,-1,350.000,350.000,200.000,300.000,-1,375.000,325.000,-1,900.000,750.000,-1,-1,2,0,2,0,2,0,0,1,0,2,0,0,2,0,0,2,2
4,8229.196,-1574.404,-89.236,64.556,0.429831,-0.902266,0.034096,0.902891,0.429275,-0.022595,0.005750,0.040497,0.999163,0,0.40000,-0.28962,24.000,-0.579,-1,450.000,-1,400.000,-1,350.000,350.000,200.000,300.000,-1,400.000,350.000,-1,875.000,750.000,-1,-1,2,0,2,0,2,0,0,1,0,2,0,0,2,0,0,2,2
5,8241.831,-1548.524,-90.360,63.982,0.438757,-0.898061,0.031290,0.898599,0.438354,-0.019135,0.003468,0.036512,0.999327,0,0.48000,-0.28681,28.800,-0.574,-1,425.000,-1,400.000,-1,350.000,325.000,175.000,300.000,-1,425.000,375.000,-1,850.000,725.000,-1,-1,2,0,2,0,2,0,0,1,0,2,0,0,2,0,0,2,2
6,8256.870,-1518.477,-91.782,63.415,0.447543,-0.893828,0.027862,0.894263,0.447309,-0.014453,0.000456,0.031385,0.999507,0,0.56000,-0.28389,33.600,-0.568,-1,425.000,-1,400.000,-1,325.000,325.000,175.000,300.000,-1,475.000,450.000,-1,800.000,725.000,-1,-1,2,0,2,0,2,0,0,1,0,2,0,0,2,0,0,2,2
7,8274.394,-1484.309,-93.561,62.852,0.456203,-0.889560,0.023703,0.889869,0.456142,-0.008216,-0.003503,0.024841,0.999685,0,0.64000,-0.28110,38.400,-0.562,-1,400.000,-1,375.000,-1,325.000,325.000,150.000,325.000,-1,525.000,550.000,-1,750.000,700.000,-1,-1,2,0,2,0,2,0,0,1,0,2,0,0,2,0,0,2,2
8,8294.022,-1446.931,-93.743,62.295,0.464640,-0.885082,0.027186,0.885427,0.464775,-0.001502,-0.011306,0.024769,0.999629,0,0.70362,-0.27870,42.217,-0.557,-1,375.000,-1,375.000,-1,300.000,300.000,150.000,325.000,-1,925.000,950.000,-1,725.000,650.000,-1,-1,2,0,2,0,2,0,0,1,0,2,0,0,2,0,0,2,2
9,8313.366,-1410.940,-92.617,61.741,0.473009,-0.880421,0.033482,0.880930,0.473245,-0.000969,-0.014993,0.029954,0.999439,0,0.68101,-0.27704,40.860,-0.554,-1,375.000,-1,350.000,-1,300.000,300.000,150.000,300.000,-1,-1,-1,-1,700.000,625.000,-1,-1,2,0,2,0,2,0,0,1,0,2,2,2,2,0,0,2,2
10,8332.411,-1376.312,-91.674,61.188,0.481320,-0.875692,0.038659,0.876363,0.481651,-0.000853,-0.017874,0.034290,0.999252,0,0.65867,-0.27641,39.520,-0.553,-1,375.000,-1,350.000,-1,300.000,300.000,175.000,300.000,-1,-1,-1,-1,700.000,625.000,-1,-1,2,0,2,0,2,0,0,1,0,2,2,2,2,0,0,2,2
11,8351.149,-1343.007,-90.908,60.635,0.489617,-0.870888,0.042772,0.871708,0.490025,-0.001071,-0.020027,0.037809,0.999084,0,0.63689,-0.27673,38.214,-0.553,-1,375.000,-1,350.000,975.000,300.000,300.000,175.000,300.000,-1,-1,-1,-1,700.000,600.000,-1,975.000,2,0,2,0,0,0,0,1,0,2,2,2,2,0,0,2,0
12,8369.582,-1310.978,-90.315,60.079,0.497934,-0.866001,0.045871,0.866948,0.498397,-0.001536,-0.021532,0.040533,0.998946,0,0.61591,-0.27791,36.955,-0.556,-1,375.000,-1,350.000,925.000,300.000,300.000,175.000,300.000,-1,-1,-1,-1,700.000,600.000,-1,925.000,2,0,2,0,0,0,0,1,0,2,2,2,2,0,0,2,0
13,8387.717,-1280.164,-89.883,59.519,0.506299,-0.861020,0.048025,0.862066,0.506791,-0.002208,-0.022438,0.042519,0.998844,0,0.59590,-0.27986,35.754,-0.560,-1,375.000,-1,350.000,875.000,300.000,300.000,200.000,300.000,-1,-1,-1,-1,675.000,575.000,-1,875.000,2,0,2,0,0,0,0,1,1,2,2,2,2,0,0,2,0
14,8405.570,-1250.504,-89.602,58.954,0.514732,-0.855933,0.049295,0.857048,0.515227,-0.003050,-0.022787,0.043819,0.998780,0,0.57698,-0.28250,34.619,-0.565,-1,375.000,-1,350.000,850.000,300.000,300.000,200.000,300.000,-1,-1,-1,-1,675.000,575.000,-1,850.000,2,0,2,0,0,0,0,1,1,2,2,2,2,0,0,2,0
15,8423.160,-1221.931,-89.437,58.383,0.523249,-0.850729,0.049699,0.851878,0.523726,-0.003926,-0.022689,0.044392,0.998757,0,0.55922,-0.28575,33.553,-0.571,-1,375.000,-1,350.000,825.000,300.000,300.000,225.000,275.000,-1,-1,-1,-1,675.000,575.000,-1,850.000,2,0,2,0,0,0,0,1,1,2,2,2,2,0,0,2,0
16,8440.510,-1194.377,-89.389,57.804,0.531860,-0.845396,0.049304,0.846543,0.532299,-0.004842,-0.022151,0.044313,0.998772,0,0.54268,-0.28954,32.561,-0.579,-1,375.000,-1,350.000,825.000,300.000,300.000,225.000,275.000,-1,-1,-1,-1,675.000,575.000,-1,850.000,2,0,2,0,0,0,0,1,1,2,2,2,2,0,0,2,0
17,8457.643,-1167.776,-89.466,57.216,0.540574,-0.839916,0.048177,0.841030,0.540957,-0.005838,-0.021158,0.043674,0.998822,0,0.52736,-0.29382,31.641,-0.588,-1,375.000,-1,350.000,825.000,300.000,300.000,250.000,275.000,-1,-1,-1,-1,675.000,575.000,-1,850.000,2,0,2,0,0,0,0,1,1,2,2,2,2,0,0,2,0
18,8474.586,-1142.062,-89.649,56.619,0.549398,-0.834277,0.046297,0.835328,0.549708,-0.006894,-0.019698,0.042461,0.998904,0,0.51323,-0.29852,30.794,-0.597,-1,375.000,-1,350.000,850.000,300.000,300.000,275.000,275.000,550.000,-1,-1,-1,675.000,575.000,-1,850.000,2,0,2,0,0,0,0,1,1,1,2,2,2,0,0,2,0
19,8491.367,-1117.174,-89.934,56.012,0.558333,-0.828465,0.043701,0.829426,0.558559,-0.007984,-0.017795,0.040705,0.999013,0,0.50028,-0.30360,30.017,-0.607,-1,375.000,-1,350.000,900.000,300.000,300.000,275.000,275.000,450.000,-1,-1,-1,675.000,575.000,-1,875.000,2,0,2,0,0,0,0,1,1,1,2,2,2,0,0,2,0
20,8508.012,-1093.052,-90.307,55.394,0.567377,-0.822468,0.040374,0.823313,0.567515,-0.009086,-0.015440,0.038395,0.999143,0,0.48846,-0.30901,29.308,-0.618,-1,375.000,-1,350.000,950.000,300.000,300.000,300.000,275.000,400.000,-1,-1,-1,675.000,600.000,-1,925.000,2,0,2,0,0,0,0,1,1,1,2,2,2,0,0,2,0
21,8524.550,-1069.640,-90.784,54.764,0.576525,-0.816267,0.036419,0.816981,0.576576,-0.010168,-0.012698,0.035615,0.999285,0,0.47772,-0.31473,28.663,-0.629,-1,375.000,-1,350.000,-1,300.000,300.000,300.000,250.000,350.000,-1,-1,-1,675.000,600.000,-1,975.000,2,0,2,0,2,0,0,1,1,1,2,2,2,0,0,2,0
22,8541.008,-1046.887,-91.364,54.123,0.585771,-0.809850,0.031864,0.810420,0.585742,-0.011208,-0.009588,0.032388,0.999429,0,0.46802,-0.32072,28.081,-0.641,-1,375.000,-1,350.000,-1,300.000,300.000,300.000,250.000,325.000,-1,-1,-1,675.000,600.000,-1,-1,2,0,2,0,2,0,0,1,1,1,2,2,2,0,0,2,2
23,8557.412,-1024.745,-92.046,53.469,0.595106,-0.803203,0.026721,0.803624,0.595013,-0.012182,-0.006114,0.028723,0.999569,0,0.45928,-0.32696,27.557,-0.654,-1,375.000,-1,350.000,-1,300.000,300.000,325.000,250.000,325.000,-1,-1,-1,700.000,625.000,-1,-1,2,0,2,0,2,0,0,1,1,1,2,2,2,0,0,2,2
24,8573.790,-1003.168,-92.829,52.802,0.604524,-0.796310,0.020996,0.796584,0.604387,-0.013070,-0.002282,0.024626,0.999694,0,0.45148,-0.33343,27.089,-0.667,-1,375.000,-1,350.000,-1,300.000,300.000,325.000,250.000,300.000,1000.000,950.000,-1,700.000,625.000,-1,-1,2,0,2,0,2,0,0,1,1,1,0,0,2,0,0,2,2
25,8590.168,-982.115,-93.713,52.122,0.614013,-0.789159,0.014692,0.789293,0.613860,-0.013846,0.001908,0.020098,0.999796,0,0.44455,-0.34010,26.673,-0.680,-1,375.000,-1,375.000,-1,300.000,300.000,325.000,250.000,300.000,375.000,750.000,-1,700.000,650.000,-1,-1,2,0,2,0,2,0,0,1,1,1,1,0,2,0,0,2,2
26,8606.571,-961.549,-94.698,51.428,0.623562,-0.781735,0.007810,0.781747,0.623427,-0.014488,0.006456,0.015140,0.999865,0,0.43844,-0.34697,26.306,-0.694,-1,375.000,-1,375.000,-1,300.000,300.000,325.000,275.000,275.000,300.000,575.000,-1,700.000,675.000,-1,-1,2,0,2,0,2,0,0,1,1,1,1,0,2,0,0,2,2
27,8623.024,-941.433,-94.754,50.720,0.633179,-0.773985,0.005690,0.773964,0.633051,-0.015031,0.008032,0.013921,0.999871,0,0.43312,-0.35403,25.987,-0.708,-1,375.000,-1,375.000,-1,300.000,300.000,325.000,275.000,275.000,300.000,475.000,-1,700.000,675.000,-1,-1,2,0,2,0,2,0,0,0,1,1,1,1,2,0,0,2,2
28,8642.709,-917.762,-94.494,50.252,0.639484,-0.768790,0.004764,0.768752,0.639355,-0.015682,0.009011,0.013691,0.999866,0,0.51312,-0.23403,30.787,-0.468,-1,375.000,-1,375.000,-1,300.000,300.000,325.000,275.000,300.000,325.000,475.000,-1,700.000,675.000,-1,-1,2,0,2,0,2,0,0,0,1,1,1,1,2,0,0,2,2
29,8665.573,-890.492,-94.147,50.024,0.642542,-0.766241,0.003778,0.766183,0.642412,-0.016443,0.010172,0.013460,0.999858,0,0.59312,-0.11403,35.587,-0.228,-1,375.000,-1,375.000,-1,300.000,300.000,325.000,275.000,350.000,350.000,500.000,-1,700.000,675.000,-1,-1,2,0,2,0,2,0,0,0,1,1,1,1,2,0,0,2,2
30,8691.514,-859.537,-93.705,50.036,0.642384,-0.766378,0.002687,0.766296,0.642255,-0.017314,0.011543,0.013182,0.999846,0,0.67312,0.00597,40.387,0.012,-1,375.000,-1,375.000,-1,300.000,300.000,325.000,275.000,375.000,375.000,500.000,-1,700.000,675.000,-1,-1,2,0,2,0,2,0,0,0,1,1,1,0,2,0,0,2,2
31,8720.386,-824.776,-93.153,50.288,0.639009,-0.769198,0.001463,0.769087,0.638882,-0.018294,0.013137,0.012815,0.999832,0,0.75312,0.12597,45.187,0.252,-1,375.000,-1,375.000,-1,300.000,300.000,325.000,275.000,400.000,425.000,500.000,-1,700.000,675.000,-1,-1,2,0,2,0,2,0,0,0,1,1,1,0,2,0,0,2,2
32,8751.241,-786.972,-92.486,50.780,0.632378,-0.774660,0.000137,0.774516,0.632258,-0.019354,0.014907,0.012345,0.999813,0,0.81330,0.24597,48.798,0.492,-1,375.000,-1,375.000,-1,300.000,300.000,325.000,275.000,450.000,475.000,500.000,-1,700.000,675.000,-1,-1,2,0,2,0,2,0,0,0,1,1,1,0,2,0,0,2,2
33,8781.444,-748.985,-91.749,51.511,0.622425,-0.782679,-0.001186,0.782501,0.622315,-0.020412,0.016714,0.011777,0.999791,0,0.80884,0.36597,48.530,0.732,-1,375.000,-1,375.000,-1,300.000,300.000,325.000,300.000,475.000,475.000,500.000,-1,700.000,675.000,-1,-1,2,0,2,0,2,0,0,0,1,1,0,0,2,0,0,2,2
34,8810.857,-710.677,-90.937,52.483,0.609049,-0.793128,-0.002502,0.792915,0.608953,-0.021483,0.018562,0.011100,0.999766,0,0.80496,0.48597,48.298,0.972,-1,375.000,-1,375.000,-1,300.000,300.000,325.000,300.000,525.000,475.000,500.000,-1,700.000,675.000,-1,-1,2,0,2,0,2,0,0,0,1,1,0,0,2,0,0,2,2
35,8839.336,-671.915,-90.055,53.695,0.592124,-0.805838,-0.003814,0.805588,0.592047,-0.022541,0.020423,0.010275,0.999739,0,0.80166,0.60597,48.099,1.212,-1,375.000,-1,375.000,-1,300.000,300.000,325.000,325.000,550.000,475.000,500.000,-1,725.000,700.000,-1,-1,2,0,2,0,2,0,0,0,0,1,0,0,2,0,0,2,2
36,8866.730,-632.577,-88.866,55.147,0.571484,-0.820595,-0.005440,0.820329,0.571448,-0.022517,0.021585,0.008406,0.999732,0,0.79895,0.72597,47.937,1.452,-1,375.000,-1,375.000,-1,300.000,300.000,325.000,325.000,575.000,500.000,550.000,-1,725.000,700.000,-1,-1,2,0,2,0,2,0,0,0,0,1,0,0,2,0,0,2,2
37,8892.972,-592.609,-87.886,56.712,0.548840,-0.835900,-0.006712,0.835596,0.548831,-0.023730,0.023520,0.007416,0.999696,0,0.79688,0.78240,47.813,1.565,-1,375.000,-1,375.000,-1,300.000,300.000,325.000,325.000,625.000,500.000,550.000,975.000,725.000,700.000,-1,-1,2,0,2,0,2,0,0,0,0,1,0,0,1,0,0,2,2
38,8918.081,-552.011,-86.795,58.265,0.525963,-0.850469,-0.008018,0.850131,0.525988,-0.024779,0.025292,0.006217,0.999661,0,0.79558,0.77623,47.735,1.552,-1,375.000,-1,375.000,-1,300.000,300.000,325.000,325.000,650.000,500.000,550.000,750.000,725.000,700.000,-1,-1,2,0,2,0,2,0,0,0,0,1,0,0,1,0,0,2,2
39,8939.822,-514.988,-85.659,59.577,0.506311,-0.862301,-0.009315,0.861941,0.506374,-0.025371,0.026595,0.004817,0.999635,0,0.71558,0.65623,42.935,1.312,-1,375.000,-1,375.000,-1,325.000,300.000,325.000,325.000,675.000,500.000,575.000,725.000,725.000,700.000,-1,-1,2,0,2,0,2,0,0,0,0,1,0,0,1,0,0,2,2
40,8958.514,-481.748,-84.616,60.649,0.490050,-0.871632,-0.010439,0.871255,0.490148,-0.025878,0.027673,0.003586,0.999611,0,0.63558,0.53623,38.135,1.072,-1,375.000,-1,375.000,-1,325.000,300.000,325.000,325.000,700.000,525.000,600.000,700.000,725.000,700.000,-1,-1,2,0,2,0,2,0,0,0,0,1,0,0,1,0,0,2,2
41,8974.430,-452.458,-83.696,61.482,0.477307,-0.878664,-0.011320,0.878274,0.477434,-0.026291,0.028506,0.002607,0.999590,0,0.55558,0.41623,33.335,0.832,-1,375.000,-1,375.000,-1,325.000,300.000,325.000,325.000,725.000,525.000,600.000,700.000,750.000,700.000,-1,-1,2,0,2,0,2,0,0,0,0,1,0,0,1,0,0,2,2
42,8987.793,-427.246,-82.886,62.074,0.468171,-0.883555,-0.012074,0.883155,0.468324,-0.026636,0.029189,0.001807,0.999572,0,0.47558,0.29623,28.535,0.592,-1,400.000,-1,375.000,-1,325.000,300.000,325.000,325.000,750.000,525.000,625.000,700.000,750.000,700.000,-1,-1,2,0,2,0,2,0,0,0,0,1,0,0,1,0,0,2,2
43,8999.551,-404.731,-82.147,62.427,0.462706,-0.886420,-0.012744,0.886012,0.462880,-0.026940,0.029779,0.001174,0.999556,0,0.42333,0.17623,25.400,0.352,-1,400.000,-1,375.000,-1,325.000,300.000,325.000,325.000,750.000,550.000,625.000,700.000,750.000,725.000,-1,-1,2,0,2,0,2,0,0,0,0,1,0,0,1,0,0,2,2
44,9011.309,-382.105,-81.387,62.539,0.460944,-0.887328,-0.013417,0.886909,0.461139,-0.027245,0.030362,0.000659,0.999539,0,0.42498,0.05623,25.499,0.112,-1,400.000,-1,375.000,-1,325.000,300.000,325.000,325.000,775.000,550.000,625.000,725.000,750.000,725.000,-1,-1,2,0,2,0,2,0,0,0,0,1,0,0,1,0,0,2,2
45,9023.172,-359.402,-80.606,62.412,0.462899,-0.886299,-0.014091,0.885871,0.463113,-0.027553,0.030946,0.000271,0.999521,0,0.42693,-0.06377,25.616,-0.128,-1,400.000,-1,375.000,-1,325.000,300.000,325.000,325.000,800.000,550.000,650.000,725.000,750.000,725.000,-1,-1,2,0,2,0,2,0,0,0,0,1,0,0,1,0,0,2,2
46,9035.243,-336.657,-79.802,62.044,0.468556,-0.883310,-0.014767,0.882870,0.468789,-0.027866,0.031537,0.000019,0.999503,0,0.42916,-0.18377,25.749,-0.368,-1,400.000,-1,375.000,-1,325.000,300.000,325.000,325.000,825.000,550.000,650.000,750.000,750.000,725.000,-1,-1,2,0,2,0,2,0,0,0,0,1,0,0,1,0,0,2,2
47,9047.627,-313.908,-78.976,61.437,0.477879,-0.878290,-0.015445,0.877837,0.478129,-0.028186,0.032140,-0.000089,0.999483,0,0.43168,-0.30377,25.901,-0.608,-1,400.000,-1,375.000,-1,325.000,300.000,325.000,325.000,850.000,550.000,625.000,750.000,750.000,725.000,-1,-1,2,0,2,0,2,0,0,0,0,1,0,0,1,0,0,2,2
48,9060.400,-291.181,-78.129,60.664,0.489666,-0.871761,-0.016124,0.871295,0.489931,-0.028512,0.032756,-0.000087,0.999463,0,0.43451,-0.38639,26.071,-0.773,-1,400.000,-1,375.000,-1,325.000,300.000,325.000,325.000,875.000,550.000,625.000,775.000,750.000,725.000,-1,-1,2,0,2,0,2,0,0,0,0,1,0,0,1,0,0,2,2
49,9073.575,-268.467,-77.260,59.886,0.501444,-0.865027,-0.016803,0.864546,0.501726,-0.028842,0.033379,-0.000064,0.999443,0,0.43763,-0.38910,26.258,-0.778,-1,375.000,-1,375.000,-1,325.000,300.000,325.000,325.000,900.000,550.000,625.000,800.000,750.000,750.000,-1,-1,2,0,2,0,2,0,0,0,0,1,0,0,1,0,0,2,2
50,9087.162,-245.762,-76.370,59.102,0.513215,-0.858082,-0.017482,0.857586,0.513512,-0.029175,0.034011,-0.000019,0.999421,0,0.44100,-0.39191,26.460,-0.784,-1,375.000,-1,375.000,-1,325.000,300.000,325.000,325.000,925.000,550.000,625.000,800.000,750.000,750.000,-1,-1,2,0,2,0,2,0,0,0,0,1,0,0,1,0,0,2,2
51,9101.175,-223.062,-75.457,58.312,0.524976,-0.850924,-0.018160,0.850412,0.525290,-0.029511,0.034651,0.000049,0.999399,0,0.44461,-0.39484,26.677,-0.790,-1,375.000,-1,375.000,-1,325.000,300.000,325.000,325.000,975.000,550.000,625.000,825.000,750.000,750.000,-1,-1,2,0,2,0,2,0,0,0,0,1,0,0,1,0,0,2,2
52,9115.626,-200.365,-74.521,57.517,0.536726,-0.843546,-0.018835,0.843018,0.537056,-0.029850,0.035296,0.000143,0.999377,0,0.44845,-0.39787,26.907,-0.796,-1,375.000,-1,375.000,-1,325.000,300.000,325.000,325.000,-1,550.000,625.000,850.000,750.000,750.000,-1,-1,2,0,2,0,2,0,0,0,0,2,0,0,1,0,0,2,2
53,9130.527,-177.668,-73.565,56.714,0.548467,-0.835946,-0.019441,0.835401,0.548811,-0.030186,0.035904,0.000315,0.999355,0,0.45252,-0.40101,27.151,-0.802,-1,375.000,-1,375.000,-1,325.000,300.000,325.000,325.000,-1,550.000,625.000,875.000,750.000,750.000,-1,-1,2,0,2,0,2,0,0,0,0,2,0,0,1,0,0,2,2
54,9145.891,-154.970,-72.643,55.906,0.560204,-0.828118,-0.019771,0.827557,0.560553,-0.030507,0.036346,0.000728,0.999339,0,0.45682,-0.40427,27.409,-0.809,-1,375.000,-1,375.000,-1,325.000,300.000,325.000,325.000,-1,550.000,625.000,875.000,750.000,775.000,-1,-1,2,0,2,0,2,0,0,0,0,2,0,0,1,0,0,2,2
55,9161.731,-132.271,-71.699,55.091,0.571927,-0.820058,-0.020080,0.819479,0.572279,-0.030839,0.036781,0.001183,0.999323,0,0.46133,-0.40763,27.680,-0.815,-1,375.000,-1,400.000,-1,325.000,325.000,325.000,325.000,-1,550.000,625.000,900.000,750.000,775.000,-1,-1,2,0,2,0,2,0,0,0,0,2,0,0,1,0,0,2,2
56,9178.062,-109.571,-70.733,54.268,0.583634,-0.811761,-0.020367,0.811164,0.583987,-0.031185,0.037209,0.001680,0.999306,0,0.46607,-0.41110,27.964,-0.822,-1,375.000,-1,400.000,-1,325.000,325.000,325.000,325.000,-1,550.000,625.000,925.000,725.000,775.000,-1,-1,2,0,2,0,2,0,0,0,0,2,0,0,1,0,0,2,2
57,9194.897,-86.871,-69.748,53.439,0.595322,-0.803222,-0.020638,0.802607,0.595675,-0.031518,0.037610,0.002199,0.999290,0,0.47102,-0.41468,28.261,-0.829,-1,375.000,-1,400.000,-1,300.000,325.000,325.000,325.000,-1,575.000,625.000,925.000,750.000,775.000,-1,-1,2,0,2,0,2,0,0,0,0,2,0,0,1,0,0,2,2
58,9212.249,-64.173,-68.752,52.602,0.606987,-0.794437,-0.020902,0.793805,0.607341,-0.031799,0.037957,0.002710,0.999276,0,0.47618,-0.41837,28.571,-0.837,-1,375.000,-1,400.000,-1,300.000,325.000,325.000,325.000,-1,575.000,625.000,950.000,750.000,775.000,-1,-1,2,0,2,0,2,0,0,0,0,2,0,0,1,0,0,2,2
59,9230.133,-41.480,-67.733,51.758,0.618628,-0.785399,-0.021141,0.784751,0.618981,-0.032085,0.038285,0.003258,0.999262,0,0.48154,-0.42218,28.893,-0.844,-1,375.000,-1,400.000,-1,325.000,325.000,325.000,325.000,-1,600.000,625.000,975.000,750.000,775.000,-1,-1,2,0,2,0,2,0,0,0,0,2,0,0,1,0,0,2,2
60,9248.563,-18.797,-66.690,50.906,0.630242,-0.776105,-0.021354,0.775439,0.630592,-0.032376,0.038593,0.003846,0.999248,0,0.48711,-0.42609,29.226,-0.852,-1,375.000,-1,400.000,-1,325.000,325.000,325.000,325.000,-1,600.000,650.000,1000.000,750.000,775.000,-1,-1,2,0,2,0,2,0,0,0,0,2,0,0,1,0,0,2,2
61,9267.554,3.871,-65.621,50.046,0.641825,-0.766549,-0.021540,0.765865,0.642171,-0.032675,0.038879,0.004475,0.999234,0,0.49287,-0.43011,29.572,-0.860,-1,375.000,-1,400.000,-1,325.000,325.000,325.000,325.000,-1,600.000,650.000,-1,750.000,800.000,-1,-1,2,0,2,0,2,0,0,0,0,2,0,0,2,0,0,2,2
62,9287.119,26.520,-64.502,49.177,0.653378,-0.756724,-0.021570,0.756023,0.653713,-0.032986,0.039062,0.005245,0.999223,0,0.49882,-0.43423,29.929,-0.868,-1,375.000,-1,400.000,-1,325.000,325.000,325.000,325.000,-1,625.000,650.000,-1,750.000,800.000,-1,-1,2,0,2,0,2,0,0,0,0,2,0,0,2,0,0,2,2
63,9307.274,49.142,-63.355,48.300,0.664893,-0.746627,-0.021569,0.745908,0.665215,-0.033310,0.039218,0.006060,0.999212,0,0.50497,-0.43847,30.298,-0.877,-1,400.000,-1,400.000,-1,325.000,325.000,325.000,325.000,-1,650.000,675.000,-1,775.000,800.000,-1,-1,2,0,2,0,2,0,0,0,0,2,0,0,2,0,0,2,2
64,9328.033,71.729,-62.181,47.415,0.676365,-0.736252,-0.021536,0.735515,0.676672,-0.033649,0.039347,0.006919,0.999202,0,0.51129,-0.44282,30.677,-0.886,-1,400.000,-1,400.000,-1,325.000,325.000,325.000,325.000,-1,675.000,700.000,-1,775.000,800.000,-1,-1,2,0,2,0,2,0,0,0,0,2,0,0,2,0,0,2,2
65,9352.548,97.373,-60.827,46.289,0.690714,-0.722810,-0.021444,0.722048,0.690999,-0.034156,0.039506,0.008108,0.999186,0,0.59129,-0.56282,35.477,-1.126,-1,400.000,-1,400.000,-1,325.000,325.000,325.000,325.000,-1,700.000,700.000,-1,775.000,825.000,-1,-1,2,0,2,0,2,0,0,0,0,2,0,0,2,0,0,2,2
66,9381.067,125.816,-59.271,44.923,0.707765,-0.706127,-0.021288,0.705335,0.708020,-0.034783,0.039633,0.009603,0.999168,0,0.67129,-0.68282,40.277,-1.366,-1,400.000,-1,400.000,-1,325.000,325.000,325.000,325.000,-1,725.000,725.000,-1,775.000,825.000,-1,-1,2,0,2,0,2,0,0,0,0,2,0,0,2,0,0,2,2
67,9413.863,156.741,-57.509,43.318,0.727299,-0.685998,-0.021051,0.685171,0.727514,-0.035544,0.039698,0.011428,0.999146,0,0.75129,-0.80282,45.077,-1.606,-1,400.000,-1,400.000,-1,325.000,325.000,325.000,325.000,-1,750.000,750.000,-1,800.000,825.000,-1,-1,2,0,2,0,2,0,0,0,0,2,0,0,2,0,0,2,2
68,9451.235,189.773,-55.562,41.472,0.749046,-0.662194,-0.020724,0.661335,0.749211,-0.036307,0.039569,0.013490,0.999126,0,0.83129,-0.92282,49.877,-1.846,-1,400.000,-1,400.000,-1,325.000,325.000,325.000,300.000,-1,800.000,800.000,-1,800.000,850.000,-1,-1,2,0,2,0,2,0,0,0,0,2,0,0,2,0,0,2,2
69,9493.442,224.531,-53.722,39.472,0.771724,-0.635634,-0.020297,0.634806,0.771854,-0.035543,0.038259,0.014545,0.999162,0,0.91129,-1.00000,54.677,-2.000,-1,400.000,-1,400.000,-1,325.000,325.000,325.000,325.000,-1,900.000,875.000,-1,800.000,850.000,-1,-1,2,0,2,0,2,0,0,0,0,2,0,0,2,0,0,2,2
70,9537.049,257.958,-51.861,37.472,0.793465,-0.608299,-0.019656,0.607506,0.793554,-0.034781,0.036755,0.015656,0.999202,0,0.91575,-1.00000,54.945,-2.000,-1,400.000,-1,400.000,-1,325.000,325.000,325.000,325.000,-1,-1,975.000,-1,800.000,850.000,-1,-1,2,0,2,0,2,0,0,0,0,2,2,0,2,0,0,2,2
71,9581.949,289.952,-49.986,35.472,0.814241,-0.580223,-0.018799,0.579468,0.814284,-0.034040,0.035058,0.016824,0.999244,0,0.91888,-1.00000,55.133,-2.000,-1,400.000,-1,400.000,-1,325.000,325.000,300.000,325.000,-1,-1,-1,-1,800.000,850.000,-1,-1,2,0,2,0,2,0,0,0,0,2,2,2,2,0,0,2,2
72,9628.089,320.460,-48.132,33.472,0.834022,-0.551441,-0.017894,0.550727,0.834022,-0.033286,0.033279,0.017907,0.999286,0,0.92190,-1.00000,55.314,-2.000,-1,400.000,-1,400.000,-1,325.000,325.000,300.000,325.000,-1,-1,-1,-1,800.000,850.000,-1,-1,2,0,2,0,2,0,0,0,0,2,2,2,2,0,0,2,2
73,9675.415,349.430,-46.356,31.472,0.852788,-0.521985,-0.016864,0.521302,0.852737,-0.032926,0.031567,0.019288,0.999316,0,0.92482,-1.00000,55.489,-2.000,-1,400.000,-1,400.000,-1,325.000,325.000,300.000,325.000,-1,-1,-1,-1,800.000,850.000,-1,-1,2,0,2,0,2,0,0,0,0,2,2,2,2,0,0,2,2
74,9723.870,376.813,-44.653,29.472,0.870515,-0.491890,-0.015731,0.491232,0.870405,-0.032955,0.029902,0.020961,0.999333,0,0.92762,-1.00000,55.657,-2.000,-1,400.000,-1,400.000,-1,325.000,325.000,300.000,325.000,-1,-1,-1,-1,800.000,850.000,-1,-1,2,0,2,0,2,0,0,0,0,2,2,2,2,0,0,2,2
75,9773.394,402.564,-43.011,27.472,0.887184,-0.461194,-0.014304,0.460566,0.887004,-0.033202,0.028000,0.022869,0.999346,0,0.93031,-1.00000,55.819,-2.000,-1,400.000,-1,400.000,-1,325.000,325.000,300.000,300.000,-1,-1,-1,-1,825.000,825.000,-1,-1,2,0,2,0,2,0,0,0,0,2,2,2,2,0,0,2,2
76,9823.926,426.637,-41.536,25.472,0.902780,-0.429931,-0.012165,0.429343,0.902505,-0.033911,0.025558,0.025391,0.999351,0,0.93288,-1.00000,55.973,-2.000,-1,400.000,-1,400.000,-1,325.000,325.000,300.000,300.000,-1,-1,-1,-1,825.000,825.000,-1,-1,2,0,2,0,2,0,0,0,0,2,2,2,2,0,0,2,2
77,9876.896,449.647,-40.046,23.479,0.917218,-0.398262,-0.009902,0.397723,0.916843,-0.034864,0.022964,0.028039,0.999343,0,0.96253,-0.99632,57.752,-1.993,-1,400.000,-1,400.000,-1,325.000,325.000,300.000,300.000,-1,-1,-1,-1,825.000,825.000,-1,-1,2,0,2,0,2,0,0,0,0,2,2,2,2,0,0,2,2
78,9931.025,470.961,-38.724,21.492,0.930500,-0.366200,-0.008240,0.365706,0.930046,-0.035674,0.020728,0.030181,0.999330,0,0.96957,-0.99380,58.174,-1.988,-1,400.000,-1,400.000,-1,325.000,325.000,300.000,300.000,-1,-1,-1,-1,825.000,800.000,-1,-1,2,0,2,0,2,0,0,0,0,2,2,2,2,0,0,2,2
79,9986.244,490.527,-37.797,19.510,0.942608,-0.333820,-0.007344,0.333375,0.942131,-0.035374,0.018728,0.030895,0.999347,0,0.97638,-0.99064,58.583,-1.981,-1,400.000,-1,400.000,-1,325.000,325.000,300.000,300.000,-1,-1,-1,-1,775.000,800.000,1000.000,-1,2,0,2,0,2,0,0,0,0,2,2,2,2,1,0,1,2
80,10042.478,508.297,-37.045,17.537,0.953549,-0.301174,-0.006182,0.300796,0.953063,-0.034545,0.016296,0.031081,0.999384,0,0.98291,-0.98680,58.974,-1.974,-1,400.000,-1,400.000,-1,325.000,325.000,300.000,300.000,-1,-1,-1,-1,725.000,800.000,900.000,-1,2,0,2,0,2,0,0,0,0,2,2,2,2,1,0,1,2
81,10099.644,524.228,-36.350,15.572,0.963316,-0.268324,-0.004947,0.268013,0.962822,-0.033794,0.013830,0.031228,0.999417,0,0.98907,-0.98225,59.344,-1.965,925.000,400.000,-1,400.000,-1,325.000,325.000,300.000,300.000,-1,-1,-1,-1,700.000,775.000,825.000,-1,1,0,2,0,2,0,0,0,0,2,2,2,2,1,0,1,2
82,10157.653,538.281,-35.712,13.618,0.971907,-0.235339,-0.003646,0.235094,0.971408,-0.033127,0.011338,0.031339,0.999444,0,0.99479,-0.97698,59.687,-1.954,825.000,400.000,-1,400.000,-1,325.000,325.000,300.000,300.000,-1,-1,-1,-1,675.000,775.000,775.000,-1,1,0,2,0,2,0,0,0,0,2,2,2,2,1,0,1,2
83,10216.410,550.424,-35.132,11.676,0.979324,-0.202285,-0.002291,0.202106,0.978823,-0.032551,0.008827,0.031415,0.999467,0,0.99997,-0.97097,59.998,-1.942,725.000,400.000,-1,400.000,-1,325.000,325.000,300.000,300.000,-1,-1,-1,-1,675.000,775.000,725.000,-1,1,0,2,0,2,0,0,0,0,2,2,2,2,1,0,1,2
84,10275.544,560.583,-34.614,9.748,0.985576,-0.169232,-0.000898,0.169117,0.985074,-0.032073,0.006312,0.031458,0.999485,0,1.00000,-0.96420,60.000,-1.928,650.000,400.000,-1,400.000,-1,325.000,325.000,300.000,300.000,-1,-1,-1,-1,675.000,750.000,675.000,-1,1,0,2,0,2,0,0,0,0,2,2,2,2,1,0,1,2
85,10334.984,568.762,-34.157,7.835,0.990675,-0.136248,0.000523,0.136196,0.990175,-0.031695,0.003800,0.031471,0.999497,0,1.00000,-0.95669,60.000,-1.913,575.000,400.000,-1,400.000,-1,325.000,325.000,300.000,300.000,-1,-1,-1,-1,700.000,750.000,650.000,-1,1,0,2,0,2,0,0,0,0,2,2,2,2,1,0,1,2
86,10394.663,574.968,-33.760,5.938,0.994638,-0.103398,0.001962,0.103408,0.994143,-0.031421,0.001298,0.031455,0.999504,0,1.00000,-0.94843,60.000,-1.897,525.000,400.000,-1,400.000,-1,325.000,325.000,300.000,300.000,-1,-1,-1,-1,725.000,750.000,625.000,-1,1,0,2,0,2,0,0,0,0,2,2,2,2,1,0,1,2
87,10454.513,579.215,-33.422,4.059,0.997488,-0.070747,0.003408,0.070820,0.997000,-0.031250,-0.001187,0.031413,0.999506,0,1.00000,-0.93945,60.000,-1.879,475.000,375.000,-1,375.000,-1,325.000,325.000,300.000,300.000,-1,-1,-1,-1,725.000,725.000,625.000,-1,1,0,2,0,2,0,0,0,0,2,2,2,2,0,0,1,2
88,10514.469,581.518,-33.269,2.199,0.999256,-0.038359,0.004068,0.038468,0.998769,-0.031328,-0.002861,0.031462,0.999501,0,1.00000,-0.92975,60.000,-1.859,475.000,375.000,-1,375.000,-1,325.000,325.000,300.000,300.000,-1,-1,-1,-1,725.000,725.000,650.000,-1,1,0,2,0,2,0,0,0,0,2,2,2,2,0,0,1,2
89,10574.468,581.895,-33.177,0.361,0.999976,-0.006292,0.003066,0.006386,0.999479,-0.031636,-0.002865,0.031655,0.999495,0,1.00000,-0.91937,60.000,-1.839,450.000,375.000,-1,375.000,-1,325.000,325.000,300.000,300.000,-1,-1,-1,-1,700.000,725.000,700.000,-1,1,0,2,0,2,0,0,0,0,2,2,2,2,0,0,1,2
90,10634.448,580.371,-33.165,-1.456,0.999675,0.025397,0.002041,-0.025319,0.999170,-0.031902,-0.002849,0.031840,0.999489,0,1.00000,-0.90835,60.000,-1.817,475.000,375.000,-1,375.000,-1,325.000,325.000,300.000,300.000,-1,-1,-1,-1,700.000,725.000,800.000,-1,1,0,2,0,2,0,0,0,0,2,2,2,2,0,0,1,2
91,10694.352,576.970,-33.245,-3.250,0.998393,0.056656,0.001079,-0.056592,0.997879,-0.032177,-0.002900,0.032064,0.999482,0,1.00000,-0.89676,60.000,-1.794,500.000,375.000,-1,400.000,-1,325.000,325.000,300.000,300.000,-1,-1,-1,-1,700.000,750.000,950.000,-1,1,0,2,0,2,0,0,0,0,2,2,2,2,0,0,1,2
92,10754.122,571.721,-33.397,-5.019,0.996170,0.087439,0.000134,-0.087389,0.995647,-0.032392,-0.002965,0.032256,0.999475,0,1.00000,-0.88469,60.000,-1.769,525.000,375.000,-1,400.000,-1,325.000,325.000,300.000,300.000,-1,-1,-1,-1,700.000,750.000,-1,-1,1,0,2,0,2,0,0,1,0,2,2,2,2,0,0,2,2
93,10813.705,564.655,-33.622,-6.763,0.993048,0.117707,-0.000784,-0.117671,0.992519,-0.032550,-0.003053,0.032416,0.999470,0,1.00000,-0.87223,60.000,-1.744,600.000,375.000,-1,400.000,-1,325.000,325.000,275.000,300.000,-1,-1,-1,-1,700.000,750.000,-1,-1,1,0,2,0,2,0,0,1,0,2,2,2,2,0,0,2,2
94,10872.771,555.846,-33.916,-8.482,0.989071,0.147428,-0.001662,-0.147403,0.988537,-0.032654,-0.003172,0.032542,0.999465,0,0.99532,-0.85953,59.719,-1.719,675.000,375.000,-1,400.000,-1,325.000,325.000,275.000,300.000,-1,-1,-1,-1,700.000,750.000,-1,-1,1,0,2,0,2,0,0,1,0,2,2,2,2,0,0,2,2
95,10931.117,545.373,-34.278,-10.176,0.984284,0.176578,-0.002487,-0.176564,0.983746,-0.032711,-0.003329,0.032636,0.999462,0,0.98796,-0.84676,59.278,-1.694,775.000,375.000,-1,400.000,-1,325.000,325.000,250.000,300.000,-1,-1,-1,-1,675.000,750.000,-1,-1,1,0,2,0,2,0,0,1,0,2,2,2,2,0,0,2,2
96,10984.476,534.391,-34.665,-11.629,0.979489,0.201474,-0.003200,-0.201470,0.978948,-0.032728,-0.003461,0.032702,0.999459,0,0.90796,-0.72676,54.478,-1.454,875.000,375.000,-1,400.000,-1,325.000,325.000,275.000,300.000,-1,-1,-1,-1,675.000,775.000,-1,-1,1,0,2,0,2,0,0,1,0,2,2,2,2,0,0,2,2
97,11032.911,523.349,-35.058,-12.843,0.975002,0.222161,-0.003809,-0.222165,0.974460,-0.032723,-0.003558,0.032751,0.999457,0,0.82796,-0.60676,49.678,-1.214,1000.000,375.000,-1,400.000,-1,325.000,325.000,275.000,300.000,-1,-1,-1,-1,675.000,775.000,-1,-1,1,0,2,0,2,0,0,1,0,2,2,2,2,0,0,2,2
98,11076.490,512.632,-35.416,-13.817,0.971088,0.238685,-0.004271,-0.238694,0.970540,-0.032826,-0.003690,0.032896,0.999452,0,0.74796,-0.48676,44.878,-0.974,-1,375.000,-1,400.000,-1,300.000,325.000,275.000,300.000,-1,-1,-1,-1,675.000,775.000,-1,-1,2,0,2,0,2,0,0,1,0,2,2,2,2,0,0,2,2
99,11115.283,502.563,-35.535,-14.550,0.967954,0.251081,-0.004806,-0.251098,0.967371,-0.033804,-0.003839,0.033928,0.999417,0,0.66796,-0.36676,40.078,-0.734,-1,375.000,-1,400.000,-1,300.000,325.000,275.000,300.000,-1,-1,-1,-1,675.000,775.000,-1,-1,2,0,2,0,2,0,0,1,0,2,2,2,2,0,0,2,2
100,11149.352,493.408,-35.559,-15.044,0.965755,0.259393,-0.005680,-0.259430,0.965130,-0.034937,-0.003580,0.035215,0.999373,0,0.58796,-0.24676,35.278,-0.494,-1,375.000,-1,400.000,-1,300.000,325.000,300.000,300.000,-1,-1,-1,-1,700.000,775.000,-1,-1,2,0,2,0,2,0,0,1,0,2,2,2,2,0,0,2,2
101,11178.750,485.367,-35.594,-15.297,0.964597,0.263651,-0.006413,-0.263708,0.963935,-0.035880,-0.003278,0.036301,0.999336,0,0.50796,-0.12676,30.478,-0.254,-1,375.000,-1,400.000,-1,300.000,325.000,300.000,300.000,-1,-1,-1,-1,700.000,800.000,-1,-1,2,0,2,0,2,0,0,1,0,2,2,2,2,0,0,2,2
102,11203.516,478.587,-35.618,-15.311,0.964533,0.263870,-0.006967,-0.263945,0.963842,-0.036624,-0.002949,0.037164,0.999305,0,0.42796,-0.00676,25.678,-0.014,-1,375.000,-1,400.000,-1,300.000,325.000,300.000,300.000,-1,-1,-1,-1,700.000,800.000,-1,-1,2,0,2,0,2,0,0,1,0,2,2,2,2,0,0,2,2
103,11223.675,473.155,-35.624,-15.084,0.965567,0.260052,-0.007339,-0.260142,0.964854,-0.037178,-0.002587,0.037807,0.999282,0,0.34796,0.11324,20.878,0.226,-1,375.000,-1,400.000,-1,300.000,325.000,300.000,300.000,-1,-1,-1,-1,700.000,800.000,-1,-1,2,0,2,0,2,0,0,1,0,2,2,2,2,0,0,2,2
104,11239.232,469.097,-35.594,-14.618,0.967649,0.252184,-0.007673,-0.252293,0.966925,-0.037465,-0.002029,0.038189,0.999268,0,0.26796,0.23324,16.078,0.466,-1,375.000,-1,400.000,-1,325.000,325.000,300.000,300.000,-1,-1,-1,-1,700.000,800.000,-1,-1,2,0,2,0,2,0,0,1,0,2,2,2,2,0,0,2,2
105,11250.168,466.342,-35.561,-14.140,0.969715,0.244112,-0.007921,-0.244235,0.968986,-0.037624,-0.001509,0.038419,0.999261,0,0.18796,0.23885,11.278,0.478,-1,375.000,-1,400.000,-1,325.000,325.000,300.000,300.000,-1,-1,-1,-1,700.000,800.000,-1,-1,2,0,2,0,2,0,0,1,0,2,2,2,2,0,0,2,2
106,11256.462,464.812,-35.539,-13.662,0.971713,0.236026,-0.008061,-0.236161,0.970982,-0.037708,-0.001073,0.038545,0.999256,0,0.10796,0.23876,6.478,0.478,-1,375.000,-1,400.000,-1,325.000,325.000,300.000,300.000,-1,-1,-1,-1,700.000,800.000,-1,-1,2,0,2,0,2,0,0,1,0,2,2,2,2,0,0,2,2
107,11258.096,464.430,-35.531,-13.185,0.973645,0.227927,-0.008092,-0.228070,0.972914,-0.037715,-0.000724,0.038566,0.999256,0,0.02796,0.23871,1.678,0.477,-1,375.000,-1,400.000,-1,300.000,325.000,300.000,300.000,-1,-1,-1,-1,700.000,800.000,-1,-1,2,0,2,0,2,0,0,1,0,2,2,2,2,0,0,2,2
108,11255.050,465.117,-35.540,-12.708,0.975509,0.219814,-0.008012,-0.219959,0.974783,-0.037641,-0.000464,0.038482,0.999259,0,-0.05204,0.23870,-3.122,0.477,-1,375.000,-1,400.000,-1,300.000,325.000,300.000,300.000,-1,-1,-1,-1,700.000,800.000,-1,-1,2,0,2,0,2,0,0,1,0,2,2,2,2,0,0,2,2
109,11247.307,466.795,-35.570,-12.230,0.977307,0.211685,-0.007820,-0.211829,0.976588,-0.037484,-0.000297,0.038290,0.999267,0,-0.13204,0.23872,-7.922,0.477,-1,375.000,-1,400.000,-1,300.000,325.000,300.000,300.000,-1,-1,-1,-1,700.000,800.000,-1,-1,2,0,2,0,2,0,0,1,0,2,2,2,2,0,0,2,2
110,11234.851,469.386,-35.626,-11.753,0.979038,0.203541,-0.007513,-0.203680,0.978329,-0.037241,-0.000230,0.037990,0.999278,0,-0.21204,0.23874,-12.722,0.477,-1,375.000,-1,400.000,-1,300.000,325.000,300.000,300.000,-1,-1,-1,-1,700.000,800.000,-1,-1,2,0,2,0,2,0,0,1,0,2,2,2,2,0,0,2,2
111,11217.667,472.812,-35.713,-11.275,0.980701,0.195384,-0.007086,-0.195512,0.980007,-0.036909,-0.000268,0.037582,0.999294,0,-0.29204,0.23875,-17.522,0.478,-1,375.000,-1,400.000,-1,300.000,325.000,300.000,300.000,-1,-1,-1,-1,700.000,775.000,-1,-1,2,0,2,0,2,0,0,1,0,2,2,2,2,0,0,2,2
112,11195.740,476.994,-35.810,-10.798,0.982297,0.187216,-0.006592,-0.187331,0.981623,-0.036377,-0.000340,0.036968,0.999316,0,-0.37204,0.23871,-22.322,0.477,-1,375.000,-1,400.000,-1,300.000,325.000,300.000,300.000,-1,-1,-1,-1,675.000,775.000,-1,-1,2,0,2,0,2,0,0,1,0,2,2,2,2,0,0,2,2
113,11169.397,481.790,-35.888,-10.321,0.983823,0.179041,-0.005997,-0.179141,0.983182,-0.035533,-0.000466,0.036032,0.999351,0,-0.44626,0.23856,-26.776,0.477,975.000,375.000,-1,400.000,-1,300.000,325.000,300.000,300.000,-1,-1,-1,-1,675.000,775.000,-1,-1,1,0,2,0,2,0,0,1,0,2,2,2,2,0,0,2,2
114,11143.252,486.327,-35.957,-9.844,0.985280,0.170864,-0.005332,-0.170946,0.984672,-0.034613,-0.000664,0.035015,0.999387,0,-0.44226,0.23826,-26.535,0.477,925.000,375.000,-1,400.000,-1,300.000,325.000,275.000,300.000,-1,-1,-1,-1,675.000,775.000,-1,-1,1,0,2,0,2,0,0,1,0,2,2,2,2,0,0,2,2
115,11117.303,490.607,-36.039,-9.368,0.986666,0.162689,-0.004671,-0.162754,0.986092,-0.033681,-0.000873,0.033992,0.999422,0,-0.43833,0.23783,-26.300,0.476,875.000,375.000,-1,400.000,-1,300.000,325.000,275.000,300.000,-1,-1,-1,-1,675.000,775.000,-1,-1,1,0,2,0,2,0,0,1,0,2,2,2,2,0,0,2,2
116,11091.547,494.638,-35.984,-8.894,0.987980,0.154519,-0.004469,-0.154582,0.987419,-0.033280,-0.000730,0.033571,0.999436,0,-0.43449,0.23728,-26.069,0.475,850.000,375.000,-1,400.000,-1,300.000,325.000,275.000,300.000,-1,-1,-1,-1,675.000,775.000,-1,-1,1,0,2,0,2,0,0,1,0,2,2,2,2,0,0,2,2
117,11065.980,498.423,-35.849,-8.421,0.989223,0.146359,-0.004140,-0.146415,0.988664,-0.033265,-0.000776,0.033513,0.999438,0,-0.43076,0.23661,-25.846,0.473,800.000,375.000,-1,400.000,-1,300.000,325.000,275.000,300.000,-1,-1,-1,-1,675.000,775.000,-1,-1,1,0,2,0,2,0,0,1,0,2,2,2,2,0,0,2,2
118,11040.597,501.967,-35.725,-7.949,0.990395,0.138216,-0.003807,-0.138266,0.989837,-0.033248,-0.000827,0.033455,0.999440,0,-0.42715,0.23582,-25.629,0.472,775.000,375.000,-1,400.000,-1,300.000,325.000,275.000,300.000,-1,-1,-1,-1,675.000,775.000,-1,-1,1,0,2,0,2,0,0,1,0,2,2,2,2,0,0,2,2
119,11015.393,505.276,-35.610,-7.479,0.991496,0.130095,-0.003472,-0.130138,0.990939,-0.033227,-0.000882,0.033396,0.999442,0,-0.42367,0.23492,-25.420,0.470,750.000,375.000,-1,400.000,-1,325.000,325.000,275.000,300.000,-1,-1,-1,-1,675.000,750.000,-1,-1,1,0,2,0,2,0,0,1,0,2,2,2,2,0,0,2,2
120,10990.361,508.354,-35.505,-7.011,0.992525,0.121999,-0.003134,-0.122036,0.991970,-0.033202,-0.000942,0.033337,0.999444,0,-0.42034,0.23391,-25.220,0.468,725.000,375.000,-1,400.000,-1,325.000,325.000,275.000,300.000,-1,-1,-1,-1,675.000,750.000,-1,-1,1,0,2,0,2,0,0,1,0,2,2,2,2,0,0,2,2
121,10965.495,511.207,-35.409,-6.546,0.993484,0.113935,-0.002794,-0.113964,0.992931,-0.033174,-0.001006,0.033277,0.999446,0,-0.41715,0.23281,-25.029,0.466,700.000,375.000,-1,400.000,-1,325.000,325.000,275.000,300.000,-1,-1,-1,-1,675.000,750.000,-1,-1,1,0,2,0,2,0,0,1,0,2,2,2,2,0,0,2,2
122,10940.788,513.840,-35.322,-6.083,0.994373,0.105904,-0.002451,-0.105927,0.993821,-0.033143,-0.001074,0.033216,0.999448,0,-0.41412,0.23160,-24.847,0.463,700.000,375.000,-1,400.000,-1,325.000,325.000,275.000,300.000,-1,-1,-1,-1,675.000,750.000,-1,-1,1,0,2,0,2,0,0,1,0,2,2,2,2,0,0,2,2
123,10916.232,516.258,-35.244,-5.622,0.995193,0.097912,-0.002108,-0.097928,0.994643,-0.033108,-0.001145,0.033156,0.999450,0,-0.41125,0.23030,-24.675,0.461,675.000,375.000,-1,400.000,-1,325.000,325.000,275.000,300.000,-1,-1,-1,-1,675.000,750.000,-1,-1,1,0,2,0,2,0,0,1,0,2,2,2,2,0,0,2,2
124,10896.431,517.964,-35.190,-4.927,0.996308,0.085836,-0.001835,-0.085850,0.995758,-0.033090,-0.001013,0.033126,0.999451,0,-0.33125,0.34760,-19.875,0.695,650.000,375.000,-1,400.000,-1,325.000,325.000,275.000,300.000,-1,-1,-1,-1,675.000,750.000,-1,-1,1,0,2,0,2,0,0,1,0,2,2,2,2,0,0,2,2
125,10881.397,519.079,-35.155,-4.241,0.997264,0.073904,-0.001630,-0.073918,0.996716,-0.033078,-0.000820,0.033108,0.999451,0,-0.25125,0.34310,-15.075,0.686,625.000,375.000,-1,400.000,-1,325.000,325.000,275.000,300.000,-1,-1,-1,-1,675.000,750.000,-1,-1,1,0,2,0,2,0,0,1,0,2,2,2,2,0,0,2,2
126,10871.142,519.718,-35.136,-3.562,0.998069,0.062093,-0.001493,-0.062108,0.997521,-0.033073,-0.000564,0.033102,0.999452,0,-0.17125,0.33935,-10.275,0.679,600.000,375.000,-1,400.000,-1,325.000,325.000,275.000,300.000,-1,-1,-1,-1,675.000,750.000,-1,-1,1,0,2,0,2,0,0,1,0,2,2,2,2,0,0,2,2
127,10865.674,519.994,-35.127,-2.889,0.998729,0.050377,-0.001426,-0.050397,0.998181,-0.033076,-0.000243,0.033106,0.999452,0,-0.09125,0.33634,-5.475,0.673,575.000,375.000,-1,400.000,-1,325.000,325.000,275.000,300.000,-1,-1,-1,-1,675.000,750.000,-1,-1,1,0,2,0,2,0,0,1,0,2,2,2,2,0,0,2,2
128,10864.999,520.020,-35.124,-2.221,0.999249,0.038734,-0.001429,-0.038760,0.998701,-0.033089,0.000145,0.033120,0.999451,0,-0.01125,0.33408,-0.675,0.668,575.000,375.000,-1,400.000,-1,325.000,325.000,275.000,300.000,-1,-1,-1,-1,675.000,750.000,-1,-1,1,0,2,0,2,0,0,1,0,2,2,2,2,0,0,2,2
129,10869.123,519.908,-35.124,-1.556,0.999631,0.027138,-0.001502,-0.027173,0.999082,-0.033113,0.000602,0.033142,0.999450,0,0.06875,0.33256,4.125,0.665,550.000,375.000,-1,400.000,-1,325.000,325.000,275.000,300.000,-1,-1,-1,-1,675.000,750.000,-1,-1,1,0,2,0,2,0,0,1,0,2,2,2,2,0,0,2,2
130,10878.047,519.769,-35.121,-0.892,0.999877,0.015566,-0.001647,-0.015613,0.999328,-0.033149,0.001130,0.033170,0.999449,0,0.14875,0.33176,8.925,0.664,525.000,375.000,-1,400.000,-1,325.000,325.000,275.000,300.000,-1,-1,-1,-1,675.000,750.000,975.000,-1,1,0,2,0,2,0,0,1,0,2,2,2,2,0,0,1,2
131,10891.772,519.714,-35.111,-0.229,0.999990,0.003995,-0.001862,-0.004054,0.999441,-0.033197,0.001728,0.033204,0.999447,0,0.22875,0.33170,13.725,0.663,525.000,375.000,-1,400.000,-1,325.000,325.000,275.000,300.000,-1,-1,-1,-1,675.000,750.000,925.000,-1,1,0,2,0,2,0,0,1,0,2,2,2,2,0,0,1,2
132,10910.297,519.855,-35.089,0.436,0.999969,-0.007601,-0.002149,0.007525,0.999418,-0.033259,0.002400,0.033242,0.999444,0,0.30875,0.33238,18.525,0.665,500.000,375.000,-1,400.000,-1,325.000,325.000,275.000,300.000,-1,-1,-1,-1,675.000,725.000,875.000,-1,1,0,2,0,2,0,0,1,0,2,2,2,2,0,0,1,2
133,10933.617,520.304,-35.052,1.103,0.999812,-0.019245,-0.002508,0.019151,0.999261,-0.033337,0.003148,0.033282,0.999441,0,0.38875,0.33380,23.325,0.668,475.000,375.000,-1,375.000,-1,325.000,325.000,275.000,300.000,-1,-1,-1,-1,675.000,725.000,850.000,-1,1,0,2,0,2,0,0,1,0,2,2,2,2,0,0,1,2
134,10961.729,521.176,-34.995,1.775,0.999516,-0.030963,-0.002940,0.030847,0.998965,-0.033431,0.003972,0.033324,0.999437,0,0.46875,0.33598,28.125,0.672,475.000,375.000,-1,375.000,-1,325.000,325.000,275.000,300.000,-1,-1,-1,-1,675.000,725.000,800.000,-1,1,0,2,0,2,0,0,1,0,2,2,2,2,0,0,1,2
135,10994.624,522.585,-34.912,2.453,0.999079,-0.042779,-0.003447,0.042639,0.998527,-0.033542,0.004877,0.033364,0.999431,0,0.54875,0.33893,32.925,0.678,450.000,375.000,-1,375.000,-1,300.000,325.000,275.000,300.000,-1,-1,-1,-1,675.000,725.000,750.000,-1,1,0,2,0,2,0,0,1,0,2,2,2,2,0,0,1,2
136,11032.292,524.651,-34.800,3.138,0.998494,-0.054719,-0.004031,0.054553,0.997943,-0.033673,0.005865,0.033403,0.999425,0,0.62875,0.34267,37.725,0.685,425.000,375.000,-1,375.000,-1,300.000,325.000,275.000,300.000,-1,-1,-1,-1,675.000,725.000,725.000,-1,1,0,2,0,2,0,0,1,0,2,2,2,2,0,0,1,2
