timestep,x_cm,y_cm,z_cm,yaw_deg,basis_xx,basis_xy,basis_xz,basis_yx,basis_yy,basis_yz,basis_zx,basis_zy,basis_zz,teleport_flag,throttle_cmd,steering_cmd,cmd_move_cm,cmd_turn_deg,lidar_cm_0,lidar_cm_1,lidar_cm_2,lidar_cm_3,lidar_cm_4,lidar_cm_5,lidar_cm_6,lidar_cm_7,lidar_cm_8,lidar_cm_9,lidar_cm_10,lidar_cm_11,lidar_cm_12,lidar_cm_13,lidar_cm_14,lidar_cm_15,lidar_cm_16,lidar_class_0,lidar_class_1,lidar_class_2,lidar_class_3,lidar_class_4,lidar_class_5,lidar_class_6,lidar_class_7,lidar_class_8,lidar_class_9,lidar_class_10,lidar_class_11,lidar_class_12,lidar_class_13,lidar_class_14,lidar_class_15,lidar_class_16
0,-327.587,6892.076,82.921,85.460,0.079383,-0.996841,0.002535,0.995551,0.079150,-0.051124,0.050762,0.006583,0.998689,1,0.08000,-0.12000,4.800,-0.240,-1,400.000,-1,400.000,-1,325.000,325.000,325.000,300.000,-1,-1,-1,-1,825.000,925.000,-1,-1,2,0,2,0,2,0,0,0,0,2,2,2,2,0,0,2,2
1,-326.750,6901.640,83.411,84.997,0.087450,-0.996166,0.002547,0.994885,0.087207,-0.050971,0.050553,0.006991,0.998697,0,0.16000,-0.23164,9.600,-0.463,-1,400.000,-1,400.000,-1,325.000,325.000,325.000,300.000,-1,-1,-1,-1,825.000,925.000,-1,-1,2,0,2,0,2,0,0,0,0,2,2,2,2,0,0,2,2
2,-325.378,6915.974,84.142,84.534,0.095511,-0.995425,0.002565,0.994159,0.095259,-0.050733,0.050256,0.007396,0.998709,0,0.24000,-0.23164,14.400,-0.463,-1,400.000,-1,400.000,-1,325.000,325.000,325.000,300.000,-1,-1,-1,-1,825.000,925.000,-1,-1,2,0,2,0,2,0,0,0,0,2,2,2,2,0,0,2,2
3,-323.395,6935.072,85.113,84.070,0.103565,-0.994619,0.002598,0.993372,0.103304,-0.050411,0.049872,0.007801,0.998725,0,0.32000,-0.23164,19.200,-0.463,-1,400.000,-1,400.000,-1,325.000,325.000,325.000,300.000,-1,-1,-1,-1,825.000,950.000,-1,-1,2,0,2,0,2,0,0,0,0,2,2,2,2,0,0,2,2
4,-320.723,6958.922,86.325,83.607,0.111613,-0.993748,0.002652,0.992523,0.111342,-0.050006,0.049398,0.008213,0.998745,0,0.40000,-0.23164,24.000,-0.463,-1,400.000,-1,400.000,-1,325.000,325.000,325.000,300.000,-1,-1,-1,-1,825.000,950.000,-1,-1,2,0,2,0,2,0,0,0,0,2,2,2,2,0,0,2,2
5,-317.284,6987.516,87.777,83.144,0.119654,-0.992812,0.002737,0.991614,0.119373,-0.049515,0.048833,0.008639,0.998770,0,0.48000,-0.23164,28.800,-0.463,-1,400.000,-1,400.000,-1,325.000,325.000,325.000,300.000,-1,-1,-1,-1,850.000,950.000,-1,-1,2,0,2,0,2,0,0,0,0,2,2,2,2,0,0,2,2
6,-313.004,7020.842,89.467,82.681,0.127687,-0.991810,0.002863,0.990644,0.127396,-0.048939,0.048173,0.009086,0.998798,0,0.56000,-0.23164,33.600,-0.463,-1,400.000,-1,400.000,-1,325.000,325.000,325.000,300.000,-1,-1,-1,-1,850.000,975.000,-1,-1,2,0,2,0,2,0,0,0,0,2,2,2,2,0,0,2,2
7,-307.804,7058.889,91.396,82.217,0.135714,-0.990743,0.003042,0.989613,0.135411,-0.048274,0.047415,0.009562,0.998829,0,0.64000,-0.23164,38.400,-0.463,-1,400.000,-1,425.000,-1,325.000,325.000,325.000,300.000,-1,-1,-1,-1,850.000,975.000,-1,-1,2,0,2,0,2,0,0,0,0,2,2,2,2,0,0,2,2
8,-301.608,7101.642,93.564,81.754,0.143732,-0.989611,0.003286,0.988521,0.143416,-0.047519,0.046554,0.010078,0.998865,0,0.72000,-0.23164,43.200,-0.463,-1,400.000,-1,425.000,-1,325.000,325.000,325.000,300.000,-1,-1,-1,-1,850.000,1000.000,-1,-1,2,0,2,0,2,0,0,0,0,2,2,2,2,0,0,2,2
9,-294.340,7149.088,95.971,81.291,0.151743,-0.988413,0.003609,0.987368,0.151412,-0.046669,0.045582,0.010645,0.998904,0,0.80000,-0.23164,48.000,-0.463,-1,400.000,-1,425.000,-1,325.000,325.000,325.000,300.000,-1,-1,-1,-1,850.000,-1,-1,-1,2,0,2,0,2,0,0,0,0,2,2,2,2,0,2,2,2
10,-285.923,7201.213,98.446,80.827,0.159714,-0.987158,0.003359,0.986167,0.159399,-0.045458,0.044339,0.010572,0.998961,0,0.88000,-0.23164,52.800,-0.463,-1,400.000,-1,425.000,-1,325.000,350.000,325.000,325.000,-1,-1,-1,-1,850.000,-1,-1,-1,2,0,2,0,2,0,0,0,0,2,2,2,2,0,2,2,2
11,-276.841,7254.707,100.740,80.364,0.167650,-0.985843,0.002626,0.984921,0.167377,-0.043766,0.042707,0.009924,0.999038,0,0.90433,-0.23164,54.260,-0.463,-1,400.000,-1,425.000,-1,325.000,350.000,325.000,325.000,-1,-1,-1,-1,850.000,-1,-1,-1,2,0,2,0,2,0,0,0,0,2,2,2,2,0,2,2,2
12,-267.327,7308.126,102.448,79.901,0.175661,-0.984442,0.004099,0.983618,0.175340,-0.041842,0.040472,0.011382,0.999116,0,0.90433,-0.23164,54.260,-0.463,-1,400.000,-1,425.000,-1,325.000,350.000,325.000,325.000,-1,-1,-1,-1,850.000,-1,-1,-1,2,0,2,0,2,0,0,0,0,2,2,2,2,0,2,2,2
13,-257.381,7361.466,104.049,79.438,0.183665,-0.982971,0.005978,0.982257,0.183290,-0.039704,0.037932,0.013164,0.999194,0,0.90433,-0.23164,54.260,-0.463,-1,400.000,-1,425.000,-1,325.000,350.000,325.000,300.000,-1,-1,-1,-1,850.000,-1,-1,-1,2,0,2,0,2,0,0,0,0,2,2,2,2,0,2,2,2
14,-247.004,7414.724,105.622,78.974,0.191648,-0.981432,0.007924,0.980828,0.191227,-0.037538,0.035326,0.014966,0.999264,0,0.90433,-0.23164,54.260,-0.463,-1,400.000,-1,425.000,-1,325.000,350.000,325.000,300.000,-1,-1,-1,-1,850.000,-1,-1,-1,2,0,2,0,2,0,0,0,0,2,2,2,2,0,2,2,2
15,-236.197,7467.897,107.167,78.511,0.199609,-0.979825,0.009939,0.979331,0.199150,-0.035343,0.032651,0.016789,0.999326,0,0.90433,-0.23164,54.260,-0.463,-1,400.000,-1,425.000,-1,325.000,350.000,325.000,300.000,-1,-1,-1,-1,850.000,-1,-1,-1,2,0,2,0,2,0,0,0,0,2,2,2,2,0,2,2,2
16,-224.961,7520.980,108.681,78.048,0.207548,-0.978151,0.012025,0.977768,0.207059,-0.033119,0.029905,0.018632,0.999379,0,0.90433,-0.23164,54.260,-0.463,-1,400.000,-1,425.000,-1,325.000,350.000,325.000,300.000,-1,-1,-1,-1,825.000,-1,-1,-1,2,0,2,0,2,0,0,0,0,2,2,2,2,0,2,2,2
17,-213.296,7573.971,110.165,77.585,0.215462,-0.976409,0.014184,0.976136,0.214954,-0.030862,0.027085,0.020495,0.999423,0,0.90433,-0.23164,54.260,-0.463,-1,400.000,-1,425.000,-1,325.000,325.000,325.000,300.000,-1,-1,-1,-1,825.000,-1,-1,-1,2,0,2,0,2,0,0,0,0,2,2,2,2,0,2,2,2
18,-201.202,7626.865,111.616,77.121,0.223351,-0.974600,0.016416,0.974438,0.222832,-0.028573,0.024190,0.022379,0.999457,0,0.90433,-0.23164,54.260,-0.463,-1,400.000,-1,425.000,-1,325.000,325.000,325.000,300.000,-1,-1,-1,-1,825.000,-1,-1,-1,2,0,2,0,2,0,0,0,0,2,2,2,2,0,2,2,2
19,-188.681,7679.661,113.033,76.658,0.231213,-0.972723,0.018725,0.972672,0.230695,-0.026251,0.021216,0.024283,0.999480,0,0.90433,-0.23164,54.260,-0.463,-1,400.000,-1,425.000,-1,325.000,350.000,325.000,300.000,-1,-1,-1,-1,825.000,-1,-1,-1,2,0,2,0,2,0,0,0,0,2,2,2,2,0,2,2,2
20,-175.734,7732.353,114.415,76.195,0.239046,-0.970779,0.021110,0.970838,0.238541,-0.023895,0.018161,0.026207,0.999492,0,0.90433,-0.23164,54.260,-0.463,-1,400.000,-1,425.000,-1,325.000,350.000,325.000,300.000,-1,-1,-1,-1,825.000,-1,-1,-1,2,0,2,0,2,0,0,0,0,2,2,2,2,0,2,2,2
21,-162.362,7784.939,115.761,75.731,0.246849,-0.968767,0.023575,0.968937,0.246369,-0.021503,0.015023,0.028151,0.999491,0,0.90433,-0.23164,54.260,-0.463,-1,400.000,-1,425.000,-1,325.000,350.000,325.000,300.000,-1,-1,-1,-1,825.000,-1,-1,-1,2,0,2,0,2,0,0,0,0,2,2,2,2,0,2,2,2
22,-148.564,7837.415,116.730,75.268,0.254622,-0.966727,0.024619,0.966960,0.254190,-0.019372,0.012470,0.028739,0.999509,0,0.90433,-0.23164,54.260,-0.463,-1,400.000,-1,425.000,-1,325.000,350.000,325.000,300.000,-1,-1,-1,-1,825.000,-1,-1,-1,2,0,2,0,2,0,0,0,0,2,2,2,2,0,2,2,2
23,-134.342,7889.777,117.425,74.805,0.262347,-0.964650,0.024977,0.964930,0.262001,-0.016306,0.009186,0.028379,0.999555,0,0.90433,-0.23164,54.260,-0.463,-1,400.000,-1,425.000,-1,325.000,350.000,325.000,300.000,-1,-1,-1,-1,825.000,-1,-1,-1,2,0,2,0,2,0,0,0,0,2,2,2,2,0,2,2,2
24,-119.697,7942.023,117.843,74.342,0.270076,-0.962489,0.025982,0.962817,0.269789,-0.014032,0.006496,0.028806,0.999564,0,0.90433,-0.23164,54.260,-0.463,-1,400.000,-1,425.000,-1,325.000,350.000,300.000,300.000,-1,-1,-1,-1,825.000,-1,-1,-1,2,0,2,0,2,0,0,0,0,2,2,2,2,0,2,2,2
25,-104.631,7994.149,117.836,73.878,0.277795,-0.960225,0.028230,0.960632,0.277548,-0.012417,0.004088,0.030568,0.999524,0,0.90433,-0.23164,54.260,-0.463,-1,400.000,-1,425.000,-1,325.000,350.000,300.000,300.000,-1,-1,-1,-1,825.000,-1,-1,-1,2,0,2,0,2,0,0,0,0,2,2,2,2,0,2,2,2
26,-90.315,8041.492,117.727,73.175,0.289497,-0.956697,0.030377,0.957177,0.289298,-0.010865,0.001607,0.032222,0.999479,0,0.82433,-0.35164,49.460,-0.703,-1,400.000,-1,425.000,-1,325.000,350.000,300.000,300.000,-1,-1,-1,-1,825.000,-1,-1,-1,2,0,2,0,2,0,0,0,0,2,2,2,2,0,2,2,2
27,-75.647,8087.265,117.547,72.232,0.305134,-0.951756,0.032453,0.952309,0.304993,-0.009333,-0.001015,0.033754,0.999430,0,0.80109,-0.47164,48.065,-0.943,-1,400.000,-1,425.000,-1,325.000,350.000,300.000,300.000,-1,-1,-1,-1,825.000,-1,-1,-1,2,0,2,0,2,0,0,0,0,2,2,2,2,0,2,2,2
28,-60.109,8132.750,117.292,71.138,0.323156,-0.945714,0.034559,0.946338,0.323085,-0.007783,-0.003805,0.035220,0.999372,0,0.80109,-0.54676,48.065,-1.094,-1,400.000,-1,425.000,-1,325.000,350.000,300.000,300.000,-1,-1,-1,-1,825.000,-1,-1,-1,2,0,2,0,2,0,0,0,0,2,2,2,2,0,2,2,2
29,-43.705,8177.929,116.965,70.045,0.341048,-0.939328,0.036726,0.940022,0.341057,-0.006225,-0.006679,0.036646,0.999306,0,0.80109,-0.54676,48.065,-1.094,-1,400.000,-1,425.000,-1,325.000,325.000,300.000,300.000,-1,-1,-1,-1,825.000,-1,-1,-1,2,0,2,0,2,0,0,0,0,2,2,2,2,0,2,2,2
30,-26.442,8222.788,116.563,68.951,0.358804,-0.932600,0.038953,0.933363,0.358903,-0.004660,-0.009634,0.038030,0.999230,0,0.80109,-0.54676,48.065,-1.094,-1,400.000,-1,425.000,-1,325.000,325.000,300.000,300.000,-1,-1,-1,-1,825.000,-1,-1,-1,2,0,2,0,2,0,0,0,0,2,2,2,2,0,2,2,2
31,-8.326,8267.309,115.964,67.858,0.376396,-0.925516,0.041779,0.926367,0.376609,-0.002934,-0.013019,0.039807,0.999123,0,0.80109,-0.54676,48.065,-1.094,-1,400.000,-1,425.000,-1,325.000,325.000,300.000,300.000,-1,-1,-1,-1,800.000,-1,-1,-1,2,0,2,0,2,0,0,0,0,2,2,2,2,0,2,2,2
32,10.636,8311.476,115.195,66.764,0.393817,-0.918083,0.045073,0.919037,0.394171,-0.001119,-0.016740,0.041865,0.998983,0,0.80109,-0.54676,48.065,-1.094,-1,400.000,-1,425.000,-1,325.000,325.000,300.000,300.000,-1,-1,-1,-1,800.000,-1,-1,-1,2,0,2,0,2,0,0,0,0,2,2,2,2,0,2,2,2
33,30.438,8355.273,114.334,65.671,0.411071,-0.910314,0.048467,0.911372,0.411584,0.000665,-0.020553,0.043898,0.998825,0,0.80109,-0.54676,48.065,-1.094,-1,400.000,-1,425.000,-1,325.000,325.000,300.000,300.000,-1,-1,-1,-1,800.000,-1,-1,-1,2,0,2,0,2,0,0,0,0,2,2,2,2,0,2,2,2
34,51.072,8398.685,113.305,64.577,0.428171,-0.902224,0.051583,0.903373,0.428849,0.002322,-0.024216,0.045605,0.998666,0,0.80109,-0.54676,48.065,-1.094,-1,400.000,-1,425.000,-1,325.000,325.000,300.000,300.000,-1,-1,-1,-1,800.000,1000.000,-1,-1,2,0,2,0,2,0,0,0,0,2,2,2,2,0,0,2,2
35,72.531,8441.694,111.987,63.484,0.445147,-0.893838,0.053821,0.895040,0.445971,0.003742,-0.027347,0.046506,0.998544,0,0.80109,-0.54676,48.065,-1.094,-1,400.000,-1,425.000,-1,325.000,325.000,300.000,300.000,-1,-1,-1,-1,800.000,1000.000,-1,-1,2,0,2,0,2,0,0,0,0,2,2,2,2,0,0,2,2
36,94.807,8484.287,110.500,62.390,0.461952,-0.885140,0.055925,0.886376,0.462935,0.005366,-0.030639,0.047092,0.998421,0,0.80109,-0.54676,48.065,-1.094,-1,400.000,-1,425.000,-1,325.000,325.000,300.000,300.000,-1,-1,-1,-1,800.000,1000.000,-1,-1,2,0,2,0,2,0,0,0,0,2,2,2,2,0,0,2,2
37,117.892,8526.446,108.913,61.297,0.478577,-0.876121,0.058099,0.877388,0.479731,0.006963,-0.033972,0.047643,0.998287,0,0.80109,-0.54676,48.065,-1.094,-1,400.000,-1,425.000,-1,325.000,325.000,300.000,300.000,-1,-1,-1,-1,775.000,1000.000,-1,-1,2,0,2,0,2,0,0,0,0,2,2,2,2,0,0,2,2
38,141.777,8568.157,107.226,60.203,0.495019,-0.866784,0.060344,0.868080,0.496351,0.008516,-0.037333,0.048168,0.998141,0,0.80109,-0.54676,48.065,-1.094,-1,400.000,-1,425.000,-1,325.000,325.000,300.000,300.000,-1,-1,-1,-1,775.000,975.000,-1,-1,2,0,2,0,2,0,0,0,0,2,2,2,2,0,0,2,2
39,166.454,8609.405,105.405,59.109,0.511272,-0.857128,0.062709,0.858459,0.512788,0.009878,-0.040623,0.048783,0.997983,0,0.80109,-0.54676,48.065,-1.094,-1,400.000,-1,425.000,-1,325.000,325.000,300.000,300.000,-1,-1,-1,-1,800.000,975.000,-1,-1,2,0,2,0,2,0,0,0,0,2,2,2,2,0,0,2,2
40,191.914,8650.174,103.383,58.016,0.527334,-0.847146,0.065286,0.848537,0.529027,0.010748,-0.043643,0.049730,0.997809,0,0.80109,-0.54676,48.065,-1.094,-1,400.000,-1,425.000,-1,325.000,325.000,300.000,300.000,-1,-1,-1,-1,800.000,975.000,-1,-1,2,0,2,0,2,0,0,0,0,2,2,2,2,0,0,2,2
41,218.147,8690.450,101.258,56.922,0.543194,-0.836857,0.067899,0.838309,0.545073,0.011554,-0.046679,0.050644,0.997625,0,0.80109,-0.54676,48.065,-1.094,-1,400.000,-1,425.000,-1,325.000,325.000,300.000,300.000,-1,-1,-1,-1,800.000,950.000,-1,-1,2,0,2,0,2,0,0,0,0,2,2,2,2,0,0,2,2
42,245.144,8730.218,99.033,55.829,0.558848,-0.826266,0.070524,0.827779,0.560920,0.012292,-0.049715,0.051509,0.997434,0,0.80109,-0.54676,48.065,-1.094,-1,400.000,-1,425.000,-1,325.000,350.000,300.000,300.000,-1,-1,-1,-1,800.000,950.000,-1,-1,2,0,2,0,2,0,0,0,0,2,2,2,2,0,0,2,2
43,272.895,8769.463,96.724,54.735,0.574297,-0.815378,0.073083,0.816949,0.576564,0.012955,-0.052700,0.052265,0.997242,0,0.80109,-0.54676,48.065,-1.094,-1,400.000,-1,425.000,-1,325.000,350.000,300.000,300.000,-1,-1,-1,-1,800.000,925.000,-1,-1,2,0,2,0,2,0,0,0,0,2,2,2,2,0,0,2,2
44,301.390,8808.172,94.315,53.642,0.589531,-0.804197,0.075638,0.805825,0.591998,0.013547,-0.055672,0.052964,0.997043,0,0.80109,-0.54676,48.065,-1.094,-1,400.000,-1,425.000,-1,325.000,350.000,300.000,300.000,-1,-1,-1,-1,825.000,925.000,-1,-1,2,0,2,0,2,0,0,0,0,2,2,2,2,0,0,2,2
45,330.619,8846.330,91.783,52.548,0.604546,-0.792722,0.078211,0.794415,0.607215,0.013962,-0.058559,0.053692,0.996839,0,0.80109,-0.54676,48.065,-1.094,-1,400.000,-1,425.000,-1,325.000,350.000,300.000,300.000,-1,-1,-1,-1,825.000,925.000,-1,-1,2,0,2,0,2,0,0,0,0,2,2,2,2,0,0,2,2
46,360.570,8883.923,88.760,51.455,0.619333,-0.780969,0.080707,0.782709,0.622217,0.014557,-0.061586,0.054155,0.996632,0,0.80109,-0.54676,48.065,-1.094,-1,400.000,-1,425.000,-1,325.000,350.000,300.000,300.000,-1,-1,-1,-1,825.000,900.000,-1,-1,2,0,2,0,2,0,0,0,0,2,2,2,2,0,0,2,2
47,391.234,8920.938,85.498,50.361,0.633882,-0.768957,0.083057,0.770694,0.637012,0.015718,-0.064995,0.054048,0.996421,0,0.80109,-0.54676,48.065,-1.094,-1,400.000,-1,425.000,-1,325.000,350.000,300.000,300.000,-1,-1,-1,-1,800.000,875.000,-1,-1,2,0,2,0,2,0,0,0,0,2,2,2,2,0,0,2,2
48,422.599,8957.360,82.079,49.268,0.648217,-0.756673,0.085209,0.758391,0.651583,0.016825,-0.068251,0.053715,0.996221,0,0.80109,-0.54676,48.065,-1.094,-1,400.000,-1,425.000,-1,325.000,350.000,300.000,300.000,-1,-1,-1,-1,800.000,875.000,-1,-1,2,0,2,0,2,0,0,0,0,2,2,2,2,0,0,2,2
49,454.653,8993.177,78.543,48.174,0.662314,-0.744117,0.087354,0.745810,0.665919,0.017877,-0.071473,0.053309,0.996017,0,0.80109,-0.54676,48.065,-1.094,-1,400.000,-1,425.000,-1,325.000,325.000,300.000,300.000,-1,-1,-1,-1,800.000,850.000,-1,-1,2,0,2,0,2,0,0,0,0,2,2,2,2,0,0,2,2
50,487.385,9028.376,74.900,47.081,0.676164,-0.731289,0.089540,0.732955,0.680015,0.018868,-0.074687,0.052871,0.995805,0,0.80109,-0.54676,48.065,-1.094,-1,400.000,-1,425.000,-1,325.000,325.000,300.000,300.000,-1,-1,-1,-1,800.000,850.000,-1,-1,2,0,2,0,2,0,0,0,0,2,2,2,2,0,0,2,2
51,520.783,9062.944,71.151,45.987,0.689763,-0.718196,0.091763,0.719833,0.693865,0.019796,-0.077889,0.052400,0.995584,0,0.80109,-0.54676,48.065,-1.094,-1,400.000,-1,425.000,-1,325.000,325.000,300.000,300.000,-1,-1,-1,-1,775.000,825.000,-1,-1,2,0,2,0,2,0,0,0,0,2,2,2,2,0,0,2,2
52,554.834,9096.868,67.304,44.894,0.703106,-0.704841,0.094024,0.706450,0.707462,0.020627,-0.081057,0.051920,0.995356,0,0.80109,-0.54676,48.065,-1.094,-1,400.000,-1,400.000,-1,325.000,325.000,300.000,300.000,-1,-1,-1,-1,775.000,800.000,-1,-1,2,0,2,0,2,0,0,0,0,2,2,2,2,0,0,2,2
53,588.025,9128.965,63.560,44.040,0.713297,-0.694227,0.096209,0.695839,0.717886,0.021163,-0.083759,0.051851,0.995136,0,0.76951,-0.42676,46.171,-0.854,-1,400.000,-1,400.000,-1,325.000,325.000,300.000,300.000,-1,-1,-1,-1,750.000,800.000,-1,-1,2,0,2,0,2,0,0,0,0,2,2,2,2,0,0,2,2
54,621.558,9160.704,59.784,43.427,0.720464,-0.686490,0.098300,0.688130,0.725268,0.021533,-0.086076,0.052129,0.994924,0,0.76951,-0.30676,46.171,-0.614,-1,400.000,-1,400.000,-1,325.000,325.000,300.000,300.000,-1,-1,-1,-1,750.000,775.000,-1,-1,2,0,2,0,2,0,0,0,0,2,2,2,2,0,0,2,2
55,655.296,9192.224,55.969,43.053,0.724695,-0.681722,0.100358,0.683420,0.729701,0.021749,-0.088058,0.052826,0.994714,0,0.76951,-0.18676,46.171,-0.374,-1,400.000,-1,400.000,-1,325.000,325.000,300.000,300.000,-1,-1,-1,-1,750.000,775.000,-1,-1,2,0,2,0,2,0,0,0,0,2,2,2,2,0,0,2,2
56,689.108,9223.665,52.122,42.920,0.726048,-0.679979,0.102382,0.681767,0.731244,0.021828,-0.089709,0.053953,0.994506,0,0.76951,-0.06676,46.171,-0.134,-1,400.000,-1,400.000,-1,325.000,325.000,300.000,300.000,-1,-1,-1,-1,725.000,750.000,-1,-1,2,0,2,0,2,0,0,0,0,2,2,2,2,0,0,2,2
57,722.860,9255.170,48.254,43.026,0.724546,-0.681278,0.104371,0.683189,0.729916,0.021797,-0.091032,0.055512,0.994299,0,0.76951,0.05324,46.171,0.106,-1,400.000,-1,400.000,-1,325.000,325.000,300.000,300.000,-1,-1,-1,-1,725.000,750.000,-1,-1,2,0,2,0,2,0,0,0,0,2,2,2,2,0,0,2,2
58,756.422,9286.878,44.304,43.373,0.720222,-0.685620,0.105853,0.687643,0.725720,0.021848,-0.091799,0.057054,0.994142,0,0.76951,0.17324,46.171,0.346,-1,400.000,-1,400.000,-1,325.000,325.000,300.000,300.000,-1,-1,-1,-1,725.000,725.000,-1,-1,2,0,2,0,2,0,0,0,0,2,2,2,2,0,0,2,2
59,789.657,9318.927,40.151,43.959,0.713095,-0.692967,0.106266,0.695059,0.718617,0.021976,-0.091593,0.058190,0.994095,0,0.76951,0.29324,46.171,0.586,-1,375.000,-1,400.000,-1,325.000,325.000,300.000,300.000,-1,-1,-1,-1,725.000,725.000,-1,-1,2,0,2,0,2,0,0,0,0,2,2,2,2,0,0,2,2
60,822.426,9351.453,36.012,44.785,0.702951,-0.703195,0.106660,0.705386,0.708481,0.022023,-0.091053,0.059755,0.994052,0,0.76951,0.41324,46.171,0.826,-1,375.000,-1,375.000,-1,325.000,325.000,300.000,300.000,-1,-1,-1,-1,725.000,725.000,-1,-1,2,0,2,0,2,0,0,0,0,2,2,2,2,0,0,2,2
61,854.583,9384.583,31.897,45.852,0.689665,-0.716173,0.107046,0.718494,0.695186,0.021986,-0.090163,0.061749,0.994011,0,0.76951,0.53324,46.171,1.066,-1,375.000,-1,375.000,-1,325.000,325.000,300.000,300.000,-1,-1,-1,-1,700.000,700.000,-1,-1,2,0,2,0,2,0,0,0,0,2,2,2,2,0,0,2,2
62,886.039,9418.380,27.816,47.052,0.674442,-0.730469,0.107433,0.732942,0.679940,0.021861,-0.089017,0.063998,0.993972,0,0.76951,0.59993,46.171,1.200,-1,375.000,-1,375.000,-1,300.000,325.000,300.000,300.000,-1,-1,-1,-1,700.000,700.000,-1,-1,2,0,2,0,2,0,0,0,0,2,2,2,2,0,0,2,2
63,916.810,9452.860,23.884,48.252,0.658988,-0.744464,0.107277,0.747057,0.664406,0.021674,-0.087411,0.065859,0.993993,0,0.77024,0.60025,46.214,1.200,-1,375.000,-1,375.000,-1,300.000,300.000,300.000,300.000,-1,-1,-1,-1,700.000,700.000,-1,-1,2,0,2,0,2,0,0,0,0,2,2,2,2,0,0,2,2
64,947.052,9488.218,20.091,49.457,0.643265,-0.758198,0.106516,0.760877,0.648543,0.021391,-0.085298,0.067286,0.994081,0,0.77546,0.60243,46.528,1.205,-1,375.000,-1,375.000,-1,300.000,300.000,300.000,300.000,-1,-1,-1,-1,700.000,700.000,-1,-1,2,0,2,0,2,0,0,0,0,2,2,2,2,0,0,2,2
65,976.744,9524.454,16.324,50.666,0.627218,-0.771637,0.105706,0.774407,0.632340,0.020961,-0.083016,0.068713,0.994176,0,0.78080,0.60448,46.848,1.209,-1,375.000,-1,375.000,-1,300.000,300.000,300.000,300.000,-1,-1,-1,-1,700.000,700.000,-1,-1,2,0,2,0,2,0,0,0,0,2,2,2,2,0,0,2,2
66,1002.563,9557.640,13.034,52.115,0.607600,-0.787282,0.104921,0.790168,0.612550,0.020424,-0.080349,0.070495,0.994271,0,0.70080,0.72448,42.048,1.449,-1,375.000,-1,375.000,-1,300.000,300.000,300.000,300.000,-1,-1,-1,-1,700.000,700.000,-1,-1,2,0,2,0,2,0,0,0,0,2,2,2,2,0,0,2,2
67,1024.558,9587.700,10.227,53.804,0.584229,-0.804874,0.104178,0.807895,0.588992,0.019851,-0.077338,0.072568,0.994360,0,0.62080,0.84448,37.248,1.689,-1,375.000,-1,375.000,-1,300.000,300.000,300.000,300.000,-1,-1,-1,-1,700.000,700.000,-1,-1,2,0,2,0,2,0,0,0,0,2,2,2,2,0,0,2,2
68,1042.825,9614.516,7.862,55.733,0.556904,-0.824105,0.103486,0.827271,0.561470,0.019324,-0.074030,0.074849,0.994443,0,0.54080,0.96448,32.448,1.929,-1,375.000,-1,375.000,-1,300.000,300.000,300.000,300.000,-1,-1,-1,-1,700.000,700.000,1000.000,-1,2,0,2,0,2,0,0,0,0,2,2,2,2,0,0,1,2
69,1057.582,9637.895,5.918,57.733,0.527902,-0.843051,0.102879,0.846362,0.532275,0.018841,-0.070643,0.077127,0.994515,0,0.46080,1.00000,27.648,2.000,-1,375.000,-1,375.000,-1,325.000,325.000,300.000,300.000,-1,-1,-1,-1,700.000,700.000,975.000,-1,2,0,2,0,2,0,0,0,0,2,2,2,2,0,0,1,2
70,1069.095,9657.628,4.380,59.733,0.498252,-0.860963,0.102409,0.864415,0.502441,0.018417,-0.067311,0.079348,0.994572,0,0.38080,1.00000,22.848,2.000,-1,375.000,-1,375.000,-1,325.000,325.000,300.000,300.000,-1,-1,-1,-1,700.000,700.000,975.000,-1,2,0,2,0,2,0,0,0,0,2,2,2,2,0,0,1,2
71,1077.639,9673.524,3.210,61.733,0.467996,-0.877823,0.102011,0.881410,0.472007,0.018061,-0.064004,0.081461,0.994619,0,0.30080,1.00000,18.048,2.000,-1,375.000,-1,375.000,-1,325.000,325.000,300.000,300.000,-1,-1,-1,-1,725.000,700.000,975.000,-1,2,0,2,0,2,0,0,0,0,2,2,2,2,0,0,1,2
72,1083.499,9685.404,2.380,63.733,0.437171,-0.893613,0.101674,0.897326,0.441010,0.017782,-0.060729,0.083461,0.994659,0,0.22080,1.00000,13.248,2.000,-1,375.000,-1,375.000,-1,325.000,325.000,300.000,325.000,-1,-1,-1,-1,725.000,700.000,1000.000,-1,2,0,2,0,2,0,0,0,0,2,2,2,2,0,0,1,2
73,1086.968,9693.105,1.885,65.733,0.405818,-0.908307,0.101439,0.912149,0.409486,0.017482,-0.057417,0.085433,0.994688,0,0.14080,1.00000,8.448,2.000,-1,375.000,-1,375.000,-1,325.000,325.000,300.000,325.000,-1,-1,-1,-1,725.000,700.000,-1,-1,2,0,2,0,2,0,0,0,0,2,2,2,2,0,0,2,2
74,1088.347,9696.481,1.698,67.733,0.373966,-0.921889,0.101344,0.925859,0.377474,0.017259,-0.054166,0.087376,0.994702,0,0.06080,1.00000,3.648,2.000,-1,375.000,-1,375.000,-1,325.000,325.000,300.000,325.000,-1,-1,-1,-1,725.000,700.000,-1,-1,2,0,2,0,2,0,0,0,0,2,2,2,2,0,0,2,2
75,1087.945,9695.399,1.782,69.733,0.341656,-0.934345,0.101344,0.938442,0.345013,0.017137,-0.050977,0.089251,0.994704,0,-0.01920,1.00000,-1.152,2.000,-1,375.000,-1,375.000,-1,325.000,325.000,300.000,325.000,-1,-1,-1,-1,725.000,700.000,-1,-1,2,0,2,0,2,0,0,0,0,2,2,2,2,0,0,2,2
76,1089.100,9698.858,1.609,71.493,0.312901,-0.944368,0.101304,0.948572,0.316109,0.016920,-0.048002,0.090799,0.994712,0,0.06080,0.88000,3.648,1.760,-1,375.000,-1,375.000,-1,325.000,325.000,300.000,325.000,-1,-1,-1,-1,725.000,700.000,-1,-1,2,0,2,0,2,0,0,0,0,2,2,2,2,0,0,2,2
77,1091.566,9706.937,1.204,73.013,0.287851,-0.952310,0.101228,0.956605,0.290914,0.016603,-0.045260,0.092056,0.994725,0,0.14080,0.76000,8.448,1.520,-1,375.000,-1,375.000,-1,325.000,325.000,300.000,300.000,-1,-1,1000.000,-1,725.000,700.000,-1,-1,2,0,2,0,2,0,0,0,0,2,2,0,2,0,0,2,2
78,1095.151,9719.689,0.586,74.293,0.266620,-0.958482,0.101118,0.962852,0.269543,0.016183,-0.042767,0.093047,0.994743,0,0.22080,0.64000,13.248,1.280,-1,400.000,1000.000,375.000,-1,325.000,325.000,300.000,300.000,-1,-1,875.000,-1,750.000,700.000,-1,-1,2,0,1,0,2,0,0,0,0,2,2,0,2,0,0,2,2
79,1099.719,9737.149,-0.231,75.333,0.249296,-0.963149,0.100975,0.967579,0.252084,0.015656,-0.040533,0.093798,0.994766,0,0.30080,0.52000,18.048,1.040,-1,400.000,1000.000,375.000,-1,325.000,325.000,300.000,300.000,-1,-1,800.000,-1,750.000,700.000,-1,-1,2,0,1,0,2,0,0,0,0,2,2,0,2,0,0,2,2
80,1105.194,9759.330,-1.234,76.133,0.235939,-0.966524,0.100816,0.971002,0.238600,0.015030,-0.038582,0.094346,0.994792,0,0.38080,0.40000,22.848,0.800,-1,400.000,975.000,375.000,-1,325.000,325.000,300.000,300.000,-1,900.000,750.000,-1,750.000,700.000,-1,-1,2,0,1,0,2,0,0,0,0,2,0,0,2,1,0,2,2
81,1111.556,9786.236,-2.377,76.693,0.226572,-0.968761,0.100838,0.973289,0.229130,0.014401,-0.037056,0.094882,0.994799,0,0.46080,0.28000,27.648,0.560,-1,400.000,950.000,375.000,-1,325.000,325.000,300.000,300.000,-1,850.000,725.000,-1,750.000,700.000,-1,-1,2,0,1,0,2,0,0,0,0,2,0,0,2,1,0,2,2
82,1118.847,9817.853,-3.682,77.013,0.221242,-0.969984,0.100915,0.974561,0.223706,0.013654,-0.035820,0.095327,0.994801,0,0.54080,0.16000,32.448,0.320,-1,400.000,925.000,375.000,-1,325.000,325.000,300.000,300.000,-1,800.000,725.000,-1,750.000,700.000,-1,1000.000,2,0,1,0,2,0,0,0,0,2,0,0,2,1,0,2,1
