timestep,x_cm,y_cm,z_cm,yaw_deg,basis_xx,basis_xy,basis_xz,basis_yx,basis_yy,basis_yz,basis_zx,basis_zy,basis_zz,teleport_flag,throttle_cmd,steering_cmd,cmd_move_cm,cmd_turn_deg,lidar_cm_0,lidar_cm_1,lidar_cm_2,lidar_cm_3,lidar_cm_4,lidar_cm_5,lidar_cm_6,lidar_cm_7,lidar_cm_8,lidar_cm_9,lidar_cm_10,lidar_cm_11,lidar_cm_12,lidar_cm_13,lidar_cm_14,lidar_cm_15,lidar_cm_16,lidar_class_0,lidar_class_1,lidar_class_2,lidar_class_3,lidar_class_4,lidar_class_5,lidar_class_6,lidar_class_7,lidar_class_8,lidar_class_9,lidar_class_10,lidar_class_11,lidar_class_12,lidar_class_13,lidar_class_14,lidar_class_15,lidar_class_16
0,-5570.632,-8199.443,210.760,-3.467,0.998164,0.060468,0.003503,-0.060460,0.998167,-0.002550,-0.003651,0.002334,0.999991,1,0.08000,-0.12000,4.800,-0.240,-1,400.000,-1,375.000,-1,325.000,325.000,300.000,300.000,-1,-1,-1,-1,750.000,700.000,-1,-1,2,0,2,0,2,0,0,0,0,2,2,2,2,0,0,2,2
1,-5561.055,-8200.093,210.729,-3.885,0.997697,0.067748,0.003428,-0.067740,0.997700,-0.002409,-0.003584,0.002171,0.999991,0,0.16000,-0.20897,9.600,-0.418,-1,400.000,-1,375.000,-1,325.000,325.000,300.000,300.000,-1,-1,-1,-1,750.000,700.000,-1,-1,2,0,2,0,2,0,0,0,0,2,2,2,2,0,0,2,2
2,-5546.695,-8201.174,210.680,-4.303,0.997176,0.075027,0.003316,-0.075020,0.997180,-0.002200,-0.003472,0.001945,0.999992,0,0.24000,-0.20907,14.400,-0.418,-1,400.000,-1,375.000,-1,325.000,325.000,300.000,300.000,-1,-1,-1,-1,725.000,700.000,-1,-1,2,0,2,0,2,0,0,0,0,2,2,2,2,0,0,2,2
3,-5527.560,-8202.754,210.614,-4.721,0.996602,0.082307,0.003165,-0.082301,0.996606,-0.001922,-0.003313,0.001655,0.999993,0,0.32000,-0.20920,19.200,-0.418,-1,400.000,-1,375.000,-1,325.000,325.000,300.000,300.000,-1,-1,-1,-1,725.000,700.000,-1,-1,2,0,2,0,2,0,0,0,0,2,2,2,2,0,0,2,2
4,-5503.657,-8204.904,210.531,-5.140,0.995974,0.089588,0.002976,-0.089584,0.995978,-0.001574,-0.003105,0.001301,0.999994,0,0.40000,-0.20937,24.000,-0.419,-1,400.000,-1,375.000,-1,325.000,325.000,300.000,300.000,-1,-1,-1,-1,725.000,700.000,-1,-1,2,0,2,0,2,0,0,0,0,2,2,2,2,0,0,2,2
5,-5474.992,-8207.694,210.433,-5.559,0.995293,0.096871,0.002749,-0.096868,0.995297,-0.001153,-0.002847,0.000882,0.999996,0,0.48000,-0.20954,28.800,-0.419,-1,400.000,-1,375.000,-1,325.000,325.000,300.000,300.000,-1,-1,-1,-1,725.000,700.000,-1,-1,2,0,2,0,2,0,0,0,0,2,2,2,2,0,0,2,2
6,-5441.575,-8211.193,210.319,-5.978,0.994558,0.104153,0.002482,-0.104152,0.994561,-0.000659,-0.002537,0.000397,0.999997,0,0.56000,-0.20968,33.600,-0.419,-1,400.000,-1,375.000,-1,325.000,325.000,300.000,300.000,-1,-1,-1,-1,725.000,700.000,-1,-1,2,0,2,0,2,0,0,0,0,2,2,2,2,0,0,2,2
7,-5403.414,-8215.472,210.193,-6.398,0.993770,0.111432,0.002177,-0.111432,0.993772,-0.000089,-0.002173,-0.000154,0.999998,0,0.64000,-0.20976,38.400,-0.420,-1,400.000,-1,375.000,-1,325.000,325.000,300.000,300.000,-1,-1,-1,-1,725.000,700.000,-1,-1,2,0,2,0,2,0,0,0,0,2,2,2,2,0,0,2,2
8,-5360.520,-8220.600,210.056,-6.817,0.992928,0.118705,0.001833,-0.118706,0.992929,0.000560,-0.001753,-0.000773,0.999998,0,0.72000,-0.20973,43.200,-0.419,-1,375.000,-1,375.000,-1,325.000,325.000,300.000,300.000,-1,-1,-1,-1,725.000,700.000,-1,-1,2,0,2,0,2,0,0,0,0,2,2,2,2,0,0,2,2
9,-5312.902,-8226.647,209.909,-7.236,0.992034,0.125963,0.001451,-0.125965,0.992034,0.001290,-0.001277,-0.001462,0.999998,0,0.80000,-0.20952,48.000,-0.419,-1,375.000,-1,375.000,-1,325.000,325.000,300.000,300.000,-1,-1,-1,-1,725.000,700.000,-1,-1,2,0,2,0,2,0,0,0,0,2,2,2,2,0,0,2,2
10,-5260.572,-8233.680,209.855,-7.655,0.991089,0.133200,0.000926,-0.133201,0.991088,0.001714,-0.000689,-0.001822,0.999998,0,0.88000,-0.20908,52.800,-0.418,-1,375.000,-1,375.000,-1,325.000,300.000,300.000,300.000,-1,-1,-1,-1,725.000,700.000,-1,-1,2,0,2,0,2,0,0,0,0,2,2,2,2,0,0,2,2
11,-5205.405,-8241.503,209.986,-8.071,0.990094,0.140403,-0.000001,-0.140403,0.990093,0.001669,0.000235,-0.001652,0.999999,0,0.92865,-0.20833,55.719,-0.417,-1,375.000,-1,375.000,-1,325.000,300.000,300.000,300.000,-1,-1,-1,-1,725.000,700.000,-1,-1,2,0,2,0,2,0,0,0,0,2,2,2,2,0,0,2,2
12,-5147.071,-8250.210,210.303,-8.489,0.989043,0.147624,-0.001174,-0.147621,0.989041,0.002314,0.001503,-0.002116,0.999997,0,0.98301,-0.20905,58.981,-0.418,-1,375.000,-1,375.000,-1,325.000,325.000,300.000,300.000,-1,-1,-1,-1,725.000,700.000,-1,-1,2,0,2,0,2,0,0,0,0,2,2,2,2,0,0,2,2
13,-5088.988,-8259.323,210.625,-8.917,0.987911,0.155004,-0.002329,-0.154997,0.987910,0.002979,0.002763,-0.002582,0.999993,0,0.97990,-0.21389,58.794,-0.428,-1,375.000,-1,375.000,-1,325.000,325.000,300.000,300.000,-1,-1,-1,-1,725.000,700.000,-1,-1,2,0,2,0,2,0,0,0,0,2,2,2,2,0,0,2,2
14,-5031.183,-8268.841,210.954,-9.351,0.986706,0.162476,-0.003463,-0.162463,0.986708,0.003663,0.004012,-0.003052,0.999987,0,0.97638,-0.21681,58.583,-0.434,-1,400.000,-1,375.000,-1,325.000,325.000,300.000,300.000,-1,900.000,-1,-1,725.000,725.000,-1,-1,2,0,2,0,2,0,0,0,0,2,0,2,2,0,0,2,2
15,-4973.684,-8278.762,211.290,-9.789,0.985429,0.170027,-0.004575,-0.170007,0.985433,0.004366,0.005251,-0.003524,0.999980,0,0.97248,-0.21938,58.349,-0.439,-1,400.000,-1,375.000,-1,325.000,325.000,300.000,300.000,-1,850.000,950.000,-1,725.000,725.000,-1,-1,2,0,2,0,2,0,0,0,0,2,0,0,2,0,0,2,2
16,-4916.514,-8289.082,211.632,-10.233,0.984079,0.177644,-0.005663,-0.177616,0.984087,0.005087,0.006476,-0.004000,0.999971,0,0.96823,-0.22160,58.094,-0.443,-1,400.000,-1,375.000,-1,325.000,325.000,300.000,300.000,-1,825.000,900.000,-1,725.000,725.000,-1,-1,2,0,2,0,2,0,0,0,0,2,0,0,2,0,0,2,2
17,-4859.695,-8299.798,211.982,-10.680,0.982656,0.185314,-0.006725,-0.185277,0.982669,0.005825,0.007688,-0.004478,0.999960,0,0.96368,-0.22346,57.821,-0.447,-1,400.000,-1,375.000,-1,325.000,325.000,300.000,300.000,-1,775.000,875.000,-1,725.000,725.000,-1,-1,2,0,2,0,2,0,0,0,0,2,0,0,2,0,0,2,2
18,-4803.244,-8310.903,212.339,-11.129,0.981163,0.193024,-0.007760,-0.192976,0.981181,0.006581,0.008884,-0.004960,0.999948,0,0.95889,-0.22495,57.533,-0.450,-1,400.000,-1,375.000,-1,325.000,325.000,300.000,300.000,-1,750.000,825.000,-1,725.000,725.000,-1,-1,2,0,2,0,2,0,0,0,0,2,0,0,2,0,0,2,2
19,-4747.174,-8322.394,212.704,-11.582,0.979601,0.200761,-0.008766,-0.200700,0.979625,0.007354,0.010064,-0.005445,0.999935,0,0.95391,-0.22608,57.234,-0.452,-1,375.000,-1,375.000,-1,325.000,325.000,300.000,300.000,-1,725.000,800.000,-1,725.000,725.000,-1,-1,2,0,2,0,2,0,0,0,0,2,0,0,2,0,0,2,2
20,-4695.488,-8333.186,213.051,-11.794,0.978842,0.204386,-0.009679,-0.204313,0.978872,0.008064,0.011123,-0.005916,0.999921,0,0.88002,-0.10608,52.801,-0.212,-1,375.000,-1,375.000,-1,325.000,325.000,300.000,300.000,-1,725.000,775.000,-1,725.000,725.000,-1,-1,2,0,2,0,2,0,0,0,1,2,0,0,2,0,0,2,2
21,-4644.133,-8344.020,213.466,-11.913,0.978409,0.206414,-0.010430,-0.206331,0.978445,0.008486,0.011957,-0.006151,0.999910,0,0.87475,-0.05936,52.485,-0.119,-1,375.000,-1,375.000,-1,325.000,325.000,300.000,300.000,-1,725.000,775.000,-1,725.000,750.000,-1,-1,2,0,2,0,2,0,0,0,1,2,0,0,2,0,0,2,2
22,-4593.123,-8354.891,214.076,-12.031,0.977971,0.208441,-0.011200,-0.208358,0.978019,0.008135,0.012650,-0.005622,0.999904,0,0.86927,-0.05935,52.156,-0.119,-1,375.000,-1,375.000,-1,325.000,325.000,300.000,300.000,-1,750.000,800.000,-1,725.000,750.000,-1,-1,2,0,2,0,2,0,0,0,1,2,0,0,2,0,0,2,2
23,-4542.452,-8365.800,214.729,-12.149,0.977531,0.210455,-0.011887,-0.210372,0.977590,0.007857,0.013275,-0.005180,0.999898,0,0.86386,-0.05898,51.832,-0.118,-1,400.000,-1,375.000,-1,325.000,325.000,300.000,300.000,-1,750.000,800.000,-1,750.000,750.000,-1,-1,2,0,2,0,2,0,0,0,1,2,0,0,2,0,0,2,2
24,-4492.113,-8376.744,215.515,-12.266,0.977096,0.212443,-0.012314,-0.212355,0.977160,0.008037,0.013741,-0.005238,0.999892,0,0.85858,-0.05827,51.515,-0.117,-1,400.000,-1,375.000,-1,325.000,325.000,300.000,300.000,-1,775.000,850.000,-1,750.000,750.000,-1,-1,2,0,2,0,2,0,0,0,1,2,0,0,2,0,0,2,2
25,-4442.094,-8387.723,216.312,-12.380,0.976664,0.214394,-0.012761,-0.214301,0.976733,0.008276,0.014238,-0.005348,0.999884,0,0.85349,-0.05723,51.209,-0.114,-1,400.000,-1,400.000,-1,325.000,325.000,300.000,300.000,-1,800.000,875.000,-1,750.000,750.000,-1,-1,2,0,2,0,2,0,0,0,1,2,0,0,2,0,0,2,2
26,-4392.381,-8398.737,217.113,-12.492,0.976238,0.216299,-0.013232,-0.216200,0.976312,0.008485,0.014754,-0.005423,0.999876,0,0.84864,-0.05587,50.918,-0.112,-1,400.000,-1,400.000,-1,325.000,325.000,300.000,300.000,-1,825.000,900.000,-1,750.000,750.000,-1,-1,2,0,2,0,2,0,0,0,1,2,0,0,2,0,0,2,2
27,-4342.957,-8409.785,217.918,-12.600,0.975820,0.218145,-0.013721,-0.218042,0.975901,0.008669,0.015281,-0.005468,0.999868,0,0.84406,-0.05420,50.644,-0.108,-1,400.000,-1,400.000,-1,325.000,325.000,300.000,300.000,-1,850.000,900.000,-1,750.000,750.000,-1,-1,2,0,2,0,2,0,0,0,1,2,0,0,2,0,0,2,2
28,-4293.803,-8420.866,218.720,-12.705,0.975414,0.219925,-0.014197,-0.219815,0.975501,0.008853,0.015797,-0.005515,0.999860,0,0.83980,-0.05224,50.388,-0.104,-1,400.000,-1,400.000,-1,325.000,325.000,300.000,300.000,-1,875.000,925.000,-1,750.000,750.000,-1,-1,2,0,2,0,2,0,0,0,1,2,0,0,2,0,0,2,2
29,-4244.897,-8431.982,219.518,-12.805,0.975021,0.221626,-0.014662,-0.221512,0.975116,0.009037,0.016300,-0.005563,0.999852,0,0.83588,-0.04999,50.153,-0.100,-1,400.000,-1,400.000,-1,325.000,325.000,300.000,300.000,-1,900.000,950.000,-1,750.000,750.000,-1,-1,2,0,2,0,2,0,0,0,1,2,0,0,2,0,0,2,2
30,-4196.218,-8443.130,220.313,-12.900,0.974646,0.223242,-0.015116,-0.223122,0.974747,0.009220,0.016792,-0.005614,0.999843,0,0.83233,-0.04746,49.940,-0.095,-1,400.000,-1,400.000,-1,325.000,325.000,300.000,300.000,-1,900.000,950.000,-1,750.000,750.000,-1,-1,2,0,2,0,2,0,0,0,1,2,0,0,2,0,0,2,2
31,-4147.741,-8454.312,221.106,-12.989,0.974290,0.224762,-0.015558,-0.224636,0.974397,0.009404,0.017273,-0.005667,0.999835,0,0.82915,-0.04468,49.749,-0.089,-1,400.000,-1,400.000,-1,325.000,325.000,300.000,300.000,-1,925.000,975.000,-1,750.000,750.000,-1,-1,2,0,2,0,2,0,0,0,0,2,0,0,2,0,0,2,2
32,-4099.444,-8465.527,221.897,-13.072,0.973955,0.226178,-0.015989,-0.226047,0.974069,0.009586,0.017742,-0.005722,0.999826,0,0.82637,-0.04165,49.582,-0.083,-1,400.000,-1,400.000,-1,325.000,325.000,300.000,300.000,-1,950.000,975.000,-1,750.000,750.000,-1,-1,2,0,2,0,2,0,0,0,0,2,0,0,2,0,0,2,2
33,-4051.301,-8476.774,222.686,-13.149,0.973644,0.227483,-0.016409,-0.227347,0.973765,0.009768,0.018200,-0.005780,0.999818,0,0.82398,-0.03839,49.439,-0.077,-1,400.000,-1,400.000,-1,325.000,325.000,300.000,300.000,-1,950.000,1000.000,-1,750.000,750.000,-1,-1,2,0,2,0,2,0,0,0,0,2,0,0,2,0,0,2,2
34,-4003.289,-8488.052,223.491,-13.219,0.973360,0.228669,-0.016779,-0.228529,0.973487,0.009866,0.018590,-0.005768,0.999811,0,0.82198,-0.03489,49.319,-0.070,-1,400.000,-1,400.000,-1,325.000,325.000,300.000,300.000,-1,975.000,1000.000,-1,750.000,775.000,-1,-1,2,0,2,0,2,0,0,0,0,2,0,0,2,0,0,2,2
35,-3955.383,-8499.360,224.372,-13.281,0.973105,0.229729,-0.017049,-0.229592,0.973239,0.009620,0.018803,-0.005447,0.999808,0,0.82038,-0.03119,49.223,-0.062,-1,400.000,-1,400.000,-1,325.000,325.000,300.000,300.000,-1,-1,-1,-1,750.000,775.000,-1,-1,2,0,2,0,2,0,0,0,0,2,2,2,2,0,0,2,2
36,-3907.558,-8510.697,225.258,-13.336,0.972881,0.230656,-0.017341,-0.230522,0.973022,0.009356,0.019031,-0.005105,0.999806,0,0.81917,-0.02727,49.150,-0.055,-1,400.000,-1,400.000,-1,325.000,325.000,300.000,300.000,-1,-1,-1,-1,750.000,775.000,-1,-1,2,0,2,0,2,0,0,0,0,2,2,2,2,0,0,2,2
37,-3862.462,-8521.632,226.134,-13.630,0.971680,0.235655,-0.017473,-0.235525,0.971825,0.009215,0.019152,-0.004839,0.999805,0,0.77339,-0.14727,46.403,-0.295,-1,400.000,-1,400.000,-1,325.000,325.000,300.000,300.000,-1,-1,-1,-1,750.000,775.000,-1,-1,2,0,2,0,2,0,0,0,0,2,2,2,2,0,0,2,2
38,-3817.475,-8532.986,227.030,-14.165,0.969437,0.244712,-0.017565,-0.244584,0.969585,0.009143,0.019268,-0.004567,0.999804,0,0.77328,-0.26727,46.397,-0.535,-1,400.000,-1,400.000,-1,325.000,325.000,300.000,300.000,-1,-1,-1,-1,750.000,775.000,-1,-1,2,0,2,0,2,0,0,0,0,2,2,2,2,0,0,2,2
39,-3772.619,-8544.954,227.933,-14.940,0.966038,0.257797,-0.017650,-0.257672,0.966190,0.009069,0.019391,-0.004213,0.999803,0,0.77377,-0.38727,46.426,-0.775,-1,400.000,-1,400.000,-1,325.000,325.000,300.000,300.000,-1,-1,-1,-1,750.000,775.000,-1,-1,2,0,2,0,2,0,0,0,0,2,2,2,2,0,0,2,2
40,-3727.923,-8557.732,228.848,-15.954,0.961320,0.274864,-0.017714,-0.274744,0.961476,0.008969,0.019497,-0.003755,0.999803,0,0.77476,-0.50727,46.486,-1.015,-1,400.000,-1,400.000,-1,325.000,325.000,300.000,300.000,-1,-1,-1,-1,750.000,775.000,-1,-1,2,0,2,0,2,0,0,0,0,2,2,2,2,0,0,2,2
41,-3683.436,-8571.510,229.763,-17.209,0.955069,0.295850,-0.017770,-0.295734,0.955229,0.008876,0.019601,-0.003222,0.999803,0,0.77620,-0.62727,46.572,-1.255,-1,400.000,-1,400.000,-1,325.000,325.000,300.000,300.000,-1,-1,-1,-1,750.000,775.000,-1,-1,2,0,2,0,2,0,0,0,0,2,2,2,2,0,0,2,2
42,-3639.220,-8586.479,230.679,-18.703,0.947025,0.320664,-0.017817,-0.320554,0.947189,0.008793,0.019695,-0.002616,0.999803,0,0.77802,-0.74727,46.681,-1.495,-1,400.000,-1,400.000,-1,325.000,325.000,300.000,300.000,-1,-1,-1,-1,750.000,775.000,-1,-1,2,0,2,0,2,0,0,0,0,2,2,2,2,0,0,2,2
43,-3595.291,-8602.647,231.595,-20.206,0.938289,0.345392,-0.017851,-0.345288,0.938456,0.008716,0.019763,-0.002014,0.999803,0,0.78016,-0.75131,46.810,-1.503,-1,400.000,-1,400.000,-1,325.000,325.000,300.000,300.000,-1,-1,-1,-1,750.000,775.000,-1,-1,2,0,2,0,2,0,0,0,0,2,2,2,2,0,0,2,2
44,-3551.678,-8620.003,232.510,-21.700,0.928962,0.369743,-0.017873,-0.369644,0.929133,0.008644,0.019803,-0.001424,0.999803,0,0.78232,-0.74701,46.939,-1.494,-1,400.000,-1,400.000,-1,325.000,325.000,300.000,300.000,-1,-1,-1,-1,750.000,775.000,-1,-1,2,0,2,0,2,0,0,0,0,2,2,2,2,0,0,2,2
45,-3508.411,-8638.534,233.424,-23.185,0.919063,0.393704,-0.017882,-0.393612,0.919237,0.008578,0.019815,-0.000845,0.999803,0,0.78448,-0.74271,47.069,-1.485,-1,400.000,-1,400.000,-1,325.000,325.000,300.000,300.000,-1,-1,-1,-1,750.000,775.000,-1,-1,2,0,2,0,2,0,0,0,0,2,2,2,2,0,0,2,2
46,-3465.518,-8658.228,234.335,-24.662,0.908609,0.417264,-0.017877,-0.417178,0.908785,0.008516,0.019800,-0.000280,0.999804,0,0.78663,-0.73841,47.198,-1.477,-1,400.000,-1,400.000,-1,325.000,325.000,300.000,300.000,-1,-1,-1,-1,750.000,775.000,-1,-1,2,0,2,0,2,0,0,0,0,2,2,2,2,0,0,2,2
47,-3423.029,-8679.071,235.249,-26.130,0.897618,0.440413,-0.017851,-0.440332,0.897795,0.008422,0.019736,0.000300,0.999805,0,0.78877,-0.73411,47.326,-1.468,-1,400.000,-1,400.000,-1,325.000,325.000,300.000,300.000,-1,-1,-1,-1,775.000,775.000,-1,-1,2,0,2,0,2,0,0,0,0,2,2,2,2,0,0,2,2
48,-3380.971,-8701.048,236.173,-27.590,0.886107,0.463139,-0.017797,-0.463066,0.886285,0.008256,0.019597,0.000926,0.999808,0,0.79090,-0.72982,47.454,-1.460,-1,400.000,-1,400.000,-1,325.000,325.000,300.000,300.000,-1,-1,-1,-1,775.000,775.000,-1,-1,2,0,2,0,2,0,0,0,0,2,2,2,2,0,0,2,2
49,-3339.372,-8724.146,237.097,-29.041,0.874093,0.485434,-0.017773,-0.485369,0.874272,0.008081,0.019461,0.001563,0.999809,0,0.79302,-0.72553,47.581,-1.451,-1,400.000,-1,400.000,-1,325.000,325.000,300.000,300.000,-1,-1,-1,-1,775.000,775.000,-1,-1,2,0,2,0,2,0,0,0,0,2,2,2,2,0,0,2,2
50,-3298.259,-8748.348,238.016,-30.483,0.861594,0.507288,-0.017752,-0.507231,0.861774,0.007910,0.019311,0.002190,0.999811,0,0.79513,-0.72125,47.708,-1.442,-1,400.000,-1,400.000,-1,325.000,325.000,300.000,300.000,-1,-1,-1,-1,775.000,775.000,-1,-1,2,0,2,0,2,0,0,0,0,2,2,2,2,0,0,2,2
51,-3257.657,-8773.637,238.924,-31.917,0.848628,0.528693,-0.017709,-0.528644,0.848808,0.007753,0.019131,0.002783,0.999813,0,0.79722,-0.71697,47.833,-1.434,-1,400.000,-1,400.000,-1,325.000,325.000,300.000,300.000,-1,-1,-1,-1,775.000,775.000,-1,-1,2,0,2,0,2,0,0,0,0,2,2,2,2,0,0,2,2
52,-3217.593,-8799.997,239.819,-33.343,0.835213,0.549643,-0.017643,-0.549601,0.835393,0.007609,0.018921,0.003342,0.999815,0,0.79930,-0.71270,47.958,-1.425,-1,400.000,-1,400.000,-1,325.000,325.000,300.000,300.000,-1,-1,-1,-1,775.000,775.000,-1,-1,2,0,2,0,2,0,0,0,0,2,2,2,2,0,0,2,2
53,-3178.092,-8827.410,240.705,-34.760,0.821367,0.570131,-0.017529,-0.570095,0.821545,0.007484,0.018667,0.003846,0.999818,0,0.80136,-0.70844,48.082,-1.417,-1,400.000,-1,400.000,-1,325.000,325.000,300.000,300.000,-1,-1,-1,-1,775.000,775.000,-1,-1,2,0,2,0,2,0,0,0,0,2,2,2,2,0,0,2,2
54,-3139.177,-8855.858,241.583,-36.168,0.807107,0.590149,-0.017365,-0.590119,0.807283,0.007374,0.018370,0.004295,0.999822,0,0.80340,-0.70419,48.204,-1.408,-1,400.000,-1,400.000,-1,325.000,325.000,300.000,300.000,-1,-1,-1,-1,775.000,775.000,-1,-1,2,0,2,0,2,0,0,0,0,2,2,2,2,0,0,2,2
55,-3100.872,-8885.322,242.454,-37.568,0.792450,0.609694,-0.017188,-0.609669,0.792623,0.007269,0.018055,0.004719,0.999826,0,0.80543,-0.69994,48.326,-1.400,-1,400.000,-1,400.000,-1,325.000,325.000,300.000,300.000,-1,-1,-1,-1,775.000,775.000,-1,-1,2,0,2,0,2,0,0,0,0,2,2,2,2,0,0,2,2
56,-3063.201,-8915.783,243.318,-38.959,0.777413,0.628760,-0.017039,-0.628740,0.777583,0.007157,0.017750,0.005149,0.999829,0,0.80743,-0.69570,48.446,-1.391,-1,400.000,-1,400.000,-1,325.000,325.000,300.000,300.000,-1,-1,-1,-1,775.000,775.000,-1,-1,2,0,2,0,2,0,0,0,0,2,2,2,2,0,0,2,2
57,-3023.486,-8949.422,244.223,-40.265,0.762890,0.646308,-0.016860,-0.646294,0.763057,0.007023,0.017404,0.005539,0.999833,0,0.86746,-0.65264,52.048,-1.305,-1,400.000,-1,400.000,-1,325.000,325.000,300.000,300.000,-1,-1,-1,-1,775.000,775.000,-1,-1,2,0,2,0,2,0,0,0,0,2,2,2,2,0,0,2,2
58,-2984.237,-8984.229,245.110,-41.568,0.747990,0.663501,-0.016661,-0.663492,0.748152,0.006873,0.017025,0.005914,0.999838,0,0.87432,-0.65187,52.459,-1.304,-1,400.000,-1,400.000,-1,325.000,325.000,300.000,300.000,-1,-1,-1,-1,775.000,775.000,-1,-1,2,0,2,0,2,0,0,0,0,2,2,2,2,0,0,2,2
59,-2945.487,-9020.201,245.981,-42.870,0.732729,0.680322,-0.016443,-0.680317,0.732887,0.006719,0.016622,0.006263,0.999842,0,0.88122,-0.65076,52.873,-1.302,-1,400.000,-1,400.000,-1,325.000,325.000,300.000,300.000,-1,-1,-1,-1,775.000,775.000,-1,-1,2,0,2,0,2,0,0,0,0,2,2,2,2,0,0,2,2
60,-2907.263,-9057.330,246.835,-44.168,0.717127,0.696755,-0.016207,-0.696755,0.717279,0.006558,0.016194,0.006589,0.999847,0,0.88813,-0.64929,53.288,-1.299,-1,400.000,-1,400.000,-1,325.000,325.000,300.000,300.000,-1,-1,-1,-1,-1,775.000,-1,-1,2,0,2,0,2,0,0,0,0,2,2,2,2,2,0,2,2
61,-2869.598,-9095.610,247.682,-45.463,0.701202,0.712784,-0.015958,-0.712790,0.701349,0.006335,0.015708,0.006932,0.999853,0,0.89505,-0.64745,53.703,-1.295,-1,400.000,-1,400.000,-1,325.000,325.000,300.000,300.000,-1,-1,-1,-1,-1,775.000,-1,-1,2,0,2,0,2,0,0,0,0,2,2,2,2,2,0,2,2
62,-2832.520,-9135.030,248.528,-46.754,0.684977,0.728396,-0.015677,-0.728405,0.685119,0.006224,0.015274,0.007156,0.999858,0,0.90196,-0.64519,54.117,-1.290,-1,400.000,-1,400.000,-1,325.000,325.000,300.000,300.000,-1,-1,-1,-1,-1,775.000,-1,-1,2,0,2,0,2,0,0,0,0,2,2,2,2,2,0,2,2
63,-2796.060,-9175.577,249.361,-48.039,0.668474,0.743577,-0.015365,-0.743587,0.668611,0.006174,0.014864,0.007298,0.999863,0,0.90882,-0.64251,54.529,-1.285,-1,400.000,-1,400.000,-1,325.000,325.000,300.000,300.000,-1,-1,-1,-1,-1,775.000,-1,-1,2,1,2,0,2,0,0,0,0,2,2,2,2,2,0,2,2
64,-2757.332,-9220.261,250.235,-49.084,0.654807,0.755647,-0.015003,-0.755658,0.654938,0.006138,0.014464,0.007318,0.999869,0,0.98553,-0.52251,59.132,-1.045,-1,450.000,-1,400.000,-1,325.000,325.000,300.000,300.000,-1,-1,-1,-1,-1,775.000,-1,-1,2,1,2,0,2,1,0,0,0,2,2,2,2,2,0,2,2
65,-2718.953,-9265.819,251.085,-49.889,0.644132,0.764775,-0.014617,-0.764785,0.644257,0.006120,0.014097,0.007237,0.999874,0,0.99281,-0.40251,59.569,-0.805,-1,-1,-1,400.000,-1,325.000,325.000,300.000,300.000,-1,-1,-1,-1,-1,775.000,-1,-1,2,2,2,0,2,1,0,0,0,2,2,2,2,2,0,2,2
66,-2680.751,-9312.086,251.916,-50.454,0.636567,0.771092,-0.014153,-0.771100,0.636685,0.006046,0.013673,0.007065,0.999882,0,1.00000,-0.28251,60.000,-0.565,-1,-1,-1,400.000,-1,375.000,325.000,300.000,300.000,-1,-1,-1,-1,-1,-1,-1,-1,2,2,2,0,2,1,0,0,0,2,2,2,2,2,2,2,2
67,-2642.812,-9358.568,252.718,-50.779,0.632191,0.774693,-0.013643,-0.774699,0.632302,0.005968,0.013249,0.006796,0.999889,0,1.00000,-0.16251,60.000,-0.325,-1,-1,-1,400.000,-1,-1,325.000,300.000,300.000,-1,-1,-1,-1,-1,-1,-1,-1,2,2,2,0,2,2,0,0,0,2,2,2,2,2,2,2,2
68,-2605.012,-9405.164,253.493,-50.950,0.629888,0.776575,-0.013098,-0.776580,0.629991,0.005900,0.012833,0.006456,0.999897,0,1.00000,-0.08538,60.000,-0.171,-1,-1,-1,400.000,-1,-1,350.000,300.000,300.000,-1,-1,-1,-1,-1,-1,-1,-1,2,2,2,0,2,2,1,0,0,2,2,2,2,2,2,2,2
69,-2567.346,-9451.868,253.432,-51.114,0.627727,0.778390,-0.008256,-0.778373,0.627775,0.005862,0.009746,0.002747,0.999949,0,1.00000,-0.08207,60.000,-0.164,-1,-1,-1,375.000,-1,-1,-1,300.000,300.000,-1,-1,-1,-1,-1,-1,-1,-1,2,2,2,0,2,2,2,0,0,2,2,2,2,2,2,2,2
70,-2529.807,-9498.674,251.904,-51.271,0.625653,0.780090,0.004124,-0.780099,0.625629,0.005827,0.001965,-0.006862,0.999975,0,1.00000,-0.07842,60.000,-0.157,-1,-1,-1,450.000,-1,-1,-1,275.000,300.000,-1,-1,-1,-1,-1,-1,-1,-1,2,2,2,1,2,2,2,0,0,2,2,2,2,2,2,2,2
71,-2492.388,-9545.576,249.490,-51.419,0.623458,0.781574,0.021037,-0.781809,0.623491,0.005740,-0.008630,-0.020025,0.999762,0,1.00000,-0.07439,60.000,-0.149,-1,-1,-1,575.000,-1,-1,-1,250.000,325.000,-1,-1,-1,-1,-1,-1,-1,-1,2,2,2,1,2,2,2,0,0,2,2,2,2,2,2,2,2
72,-2455.079,-9592.567,246.194,-51.559,0.620921,0.782721,0.042482,-0.783564,0.621286,0.005582,-0.022024,-0.036753,0.999082,0,1.00000,-0.06991,60.000,-0.140,-1,-1,-1,650.000,-1,-1,-1,200.000,325.000,-1,-1,-1,-1,-1,-1,-1,-1,2,2,2,1,2,2,2,0,0,2,2,2,2,2,2,2,2
73,-2417.871,-9639.638,242.042,-51.689,0.617757,0.783375,0.068552,-0.785438,0.618917,0.005343,-0.038242,-0.057144,0.997633,0,1.00000,-0.06493,60.000,-0.130,-1,-1,-1,700.000,-1,-1,-1,175.000,350.000,-1,-1,-1,-1,-1,-1,-1,-1,2,2,2,1,2,2,2,0,0,2,2,2,2,2,2,2,2
74,-2380.750,-9686.779,237.031,-51.808,0.613621,0.783344,0.099203,-0.787526,0.616260,0.005034,-0.057191,-0.081214,0.995054,0,1.00000,-0.05935,60.000,-0.119,-1,-1,-1,725.000,-1,-1,-1,125.000,375.000,-1,-1,-1,-1,-1,-1,-1,-1,2,2,2,1,2,2,2,0,0,2,2,2,2,2,2,2,2
75,-8199.156,983.900,110.952,144.133,-0.810031,-0.585738,-0.027601,0.584120,-0.810139,0.049784,-0.051521,0.024204,0.998379,1,0.00000,0.00000,60.000,-0.106,-1,400.000,-1,400.000,-1,325.000,325.000,300.000,300.000,-1,-1,-1,-1,-1,775.000,-1,-1,2,1,2,0,2,0,0,0,0,2,2,2,2,2,0,2,2
76,-8203.034,986.728,110.707,143.893,-0.807569,-0.589128,-0.027573,0.587508,-0.807682,0.049845,-0.051636,0.024054,0.998376,0,0.08000,-0.12000,4.800,-0.240,-1,400.000,-1,400.000,-1,325.000,325.000,300.000,300.000,-1,-1,-1,-1,-1,775.000,-1,-1,2,1,2,0,2,0,0,0,0,2,2,2,2,2,0,2,2
77,-8210.742,992.451,110.215,143.413,-0.802603,-0.595878,-0.027516,0.594254,-0.802724,0.049967,-0.051862,0.023753,0.998372,0,0.16000,-0.24000,9.600,-0.480,-1,400.000,-1,400.000,-1,325.000,325.000,300.000,300.000,-1,-1,-1,-1,-1,775.000,-1,-1,2,1,2,0,2,0,0,0,0,2,2,2,2,2,0,2,2
78,-8222.195,1001.178,109.473,142.693,-0.795049,-0.605924,-0.027425,0.604295,-0.795181,0.050151,-0.052195,0.023300,0.998365,0,0.24000,-0.36000,14.400,-0.720,-1,400.000,-1,400.000,-1,325.000,325.000,300.000,300.000,-1,-1,-1,-1,-1,775.000,-1,-1,2,1,2,0,2,0,0,0,0,2,2,2,2,2,0,2,2
79,-8237.270,1013.070,108.426,141.733,-0.784771,-0.619174,-0.027550,0.617534,-0.784932,0.050335,-0.052791,0.022488,0.998352,0,0.32000,-0.48000,19.200,-0.960,-1,400.000,-1,400.000,-1,325.000,325.000,300.000,300.000,-1,-1,-1,-1,-1,775.000,-1,-1,2,1,2,0,2,0,0,0,0,2,2,2,2,2,0,2,2
80,-8255.798,1028.325,107.103,140.533,-0.771611,-0.635491,-0.027710,0.633839,-0.771810,0.050572,-0.053525,0.021458,0.998336,0,0.40000,-0.60000,24.000,-1.200,-1,425.000,-1,400.000,-1,325.000,325.000,300.000,300.000,-1,-1,-1,-1,-1,775.000,-1,-1,2,1,2,0,2,0,0,0,0,2,2,2,2,2,0,2,2
81,-8277.564,1047.185,105.494,139.093,-0.755372,-0.654703,-0.027894,0.653037,-0.755616,0.050855,-0.054372,0.020199,0.998316,0,0.48000,-0.72000,28.800,-1.440,-1,450.000,-1,400.000,-1,325.000,325.000,300.000,300.000,-1,-1,-1,-1,-1,775.000,-1,-1,2,1,2,0,2,0,0,0,0,2,2,2,2,2,0,2,2
82,-8302.314,1069.909,103.591,137.444,-0.736189,-0.676193,-0.028093,0.674513,-0.736486,0.051183,-0.055300,0.018731,0.998294,0,0.56000,-0.82443,33.600,-1.649,-1,475.000,-1,400.000,-1,325.000,325.000,300.000,300.000,-1,-1,-1,-1,-1,775.000,-1,-1,2,1,2,0,2,0,0,0,0,2,2,2,2,2,0,2,2
83,-8329.854,1096.670,101.394,135.823,-0.716729,-0.696778,-0.028285,0.695081,-0.717078,0.051583,-0.056224,0.017311,0.998268,0,0.64000,-0.81064,38.400,-1.621,-1,550.000,-1,400.000,-1,325.000,325.000,300.000,300.000,-1,-1,-1,-1,-1,775.000,-1,-1,2,1,2,0,2,0,0,0,0,2,2,2,2,2,0,2,2
84,-8359.989,1127.624,98.899,134.233,-0.697086,-0.716422,-0.028462,0.714706,-0.697485,0.052056,-0.057146,0.015946,0.998238,0,0.72000,-0.79499,43.200,-1.590,-1,725.000,-1,400.000,-1,325.000,325.000,300.000,300.000,-1,-1,-1,-1,-1,750.000,-1,-1,2,1,2,0,2,0,0,0,0,2,2,2,2,2,0,2,2
85,-8392.527,1162.912,96.101,132.678,-0.677363,-0.735092,-0.028619,0.733354,-0.677809,0.052605,-0.058068,0.014645,0.998205,0,0.80000,-0.77716,48.000,-1.554,-1,800.000,-1,400.000,-1,325.000,325.000,300.000,300.000,-1,-1,-1,-1,-1,750.000,-1,-1,2,1,2,0,2,1,0,0,0,2,2,2,2,2,0,2,2
86,-8427.419,1202.540,93.000,131.364,-0.660294,-0.750457,-0.028740,0.748691,-0.660779,0.053229,-0.058937,0.013629,0.998169,0,0.88000,-0.65716,52.800,-1.314,-1,750.000,-1,400.000,-1,350.000,325.000,300.000,300.000,-1,-1,-1,-1,-1,750.000,-1,-1,2,1,2,0,2,1,0,0,0,2,2,2,2,2,0,2,2
87,-8464.667,1246.477,88.641,130.290,-0.645790,-0.762756,-0.034043,0.760920,-0.646628,0.053603,-0.062899,0.008712,0.997982,0,0.96000,-0.53716,57.600,-1.074,-1,700.000,-1,375.000,-1,375.000,325.000,300.000,300.000,-1,-1,-1,-1,-1,725.000,-1,-1,2,1,2,0,2,1,0,0,0,2,2,2,2,2,1,2,2
88,-8502.797,1292.804,83.408,129.455,-0.633979,-0.772120,-0.043609,0.770251,-0.635476,0.053690,-0.069167,0.000449,0.997605,0,1.00000,-0.41716,60.000,-0.834,-1,650.000,-1,375.000,-1,375.000,300.000,275.000,325.000,-1,-1,-1,-1,-1,700.000,-1,-1,2,1,2,0,2,1,0,1,0,2,2,2,2,2,1,2,2
89,-8540.445,1339.524,77.750,128.861,-0.625035,-0.778637,-0.055278,0.776820,-0.627407,0.053957,-0.076695,-0.009216,0.997012,0,1.00000,-0.29716,60.000,-0.594,-1,600.000,-1,350.000,-1,375.000,300.000,275.000,325.000,-1,-1,-1,-1,-1,675.000,-1,-1,2,1,2,0,2,1,1,1,0,2,2,2,2,2,1,2,2
90,-8577.806,1386.475,71.677,128.507,-0.618974,-0.782375,-0.068999,0.780750,-0.622478,0.054322,-0.085451,-0.020247,0.996137,0,1.00000,-0.17716,60.000,-0.354,-1,550.000,-1,350.000,-1,350.000,275.000,250.000,325.000,-1,-1,-1,-1,-1,625.000,-1,-1,2,1,2,0,2,1,1,1,0,2,2,2,2,2,1,2,2
91,-8615.076,1433.498,65.115,128.392,-0.615764,-0.783350,-0.084835,0.782167,-0.620706,0.054217,-0.095128,-0.032970,0.994919,0,1.00000,-0.05716,60.000,-0.114,-1,500.000,-1,325.000,-1,325.000,275.000,250.000,350.000,-1,-1,-1,-1,-1,575.000,-1,-1,2,1,2,0,2,1,1,1,0,2,2,2,2,2,1,2,2
92,-8652.453,1480.438,58.114,128.518,-0.615344,-0.781540,-0.102701,0.781123,-0.622067,0.053657,-0.105822,-0.047205,0.993264,0,1.00000,0.06284,60.000,0.126,-1,450.000,-1,300.000,-1,300.000,275.000,250.000,350.000,-1,-1,-1,-1,-1,550.000,-1,900.000,2,1,2,1,2,1,1,1,0,2,2,2,2,2,1,2,0
93,-8690.132,1527.135,50.726,128.884,-0.617609,-0.776887,-0.122496,0.777640,-0.626504,0.052620,-0.117624,-0.062759,0.991073,0,1.00000,0.18284,60.000,0.366,-1,400.000,-1,300.000,-1,300.000,250.000,225.000,375.000,-1,-1,-1,-1,650.000,500.000,-1,725.000,2,1,2,1,2,1,1,1,0,2,2,2,2,1,1,2,0
94,-8728.221,1573.499,43.857,129.386,-0.621806,-0.770649,-0.139489,0.772698,-0.632712,0.051115,-0.127649,-0.075999,0.988903,0,1.00000,0.25135,60.000,0.503,-1,350.000,-1,275.000,925.000,275.000,250.000,225.000,375.000,-1,-1,-1,-1,575.000,450.000,-1,600.000,2,1,2,1,0,1,1,1,0,2,2,2,2,1,1,2,0
95,-8766.757,1619.489,38.982,129.954,-0.628418,-0.764051,-0.146005,0.766720,-0.640071,0.049497,-0.131272,-0.080840,0.988045,0,1.00000,0.28381,60.000,0.568,-1,350.000,-1,275.000,875.000,275.000,250.000,250.000,375.000,-1,-1,-1,-1,525.000,425.000,-1,575.000,2,1,2,1,0,1,1,1,0,2,2,2,2,1,0,2,0
96,-8805.802,1665.047,34.395,130.592,-0.636155,-0.756653,-0.150941,0.759845,-0.648353,0.047687,-0.133946,-0.084355,0.987392,0,1.00000,0.31911,60.000,0.638,-1,325.000,-1,275.000,825.000,250.000,225.000,275.000,400.000,-1,-1,-1,-1,500.000,425.000,-1,525.000,2,1,2,1,0,1,1,1,0,2,2,2,2,1,0,2,0
97,-8845.409,1710.117,29.630,131.307,-0.645055,-0.748471,-0.153929,0.751746,-0.657715,0.047834,-0.137044,-0.084860,0.986923,0,1.00000,0.35748,60.000,0.715,-1,325.000,-1,250.000,750.000,250.000,225.000,300.000,375.000,-1,-1,-1,-1,475.000,400.000,-1,475.000,2,1,2,1,0,1,1,1,0,2,2,2,2,1,0,2,0
98,-2951.699,-2951.695,295.429,-163.210,-0.955815,0.288847,-0.054639,-0.288862,-0.957339,-0.007797,-0.054560,0.008330,0.998476,1,0.00000,0.00000,60.000,0.798,-1,375.000,-1,400.000,-1,325.000,325.000,325.000,300.000,725.000,-1,-1,-1,-1,775.000,-1,-1,2,0,2,1,2,0,0,0,0,1,2,2,2,2,0,2,2
99,-2956.288,-2953.101,295.173,-162.970,-0.954596,0.292854,-0.054624,-0.292879,-0.956118,-0.007713,-0.054485,0.008635,0.998477,0,0.08000,0.12000,4.800,0.240,-1,375.000,-1,400.000,-1,325.000,325.000,325.000,300.000,725.000,-1,-1,-1,-1,775.000,-1,-1,2,0,2,1,2,0,0,0,0,1,2,2,2,2,0,2,2
100,-2965.443,-2955.989,294.661,-162.490,-0.952107,0.300852,-0.054592,-0.300899,-0.953626,-0.007545,-0.054330,0.009243,0.998480,0,0.16000,0.24000,9.600,0.480,-1,375.000,-1,400.000,-1,325.000,325.000,325.000,300.000,725.000,-1,-1,-1,-1,775.000,-1,-1,2,0,2,1,2,0,0,0,0,1,2,2,2,2,0,2,2
101,-2979.121,-2960.494,293.897,-161.770,-0.948249,0.312808,-0.054540,-0.312888,-0.949762,-0.007293,-0.054081,0.010149,0.998485,0,0.24000,0.36000,14.400,0.720,-1,375.000,-1,400.000,-1,325.000,325.000,325.000,300.000,750.000,-1,-1,-1,-1,825.000,-1,-1,2,0,2,1,2,0,0,0,0,1,2,2,2,2,1,2,2
102,-2997.254,-2966.805,292.886,-160.810,-0.942872,0.328673,-0.054463,-0.328795,-0.944376,-0.006957,-0.053720,0.011348,0.998492,0,0.32000,0.48000,19.200,0.960,-1,375.000,-1,400.000,-1,300.000,325.000,325.000,300.000,750.000,-1,-1,-1,-1,950.000,-1,-1,2,0,2,1,2,0,0,0,0,1,2,2,2,2,1,2,2
103,-3019.750,-2975.167,291.634,-159.610,-0.935779,0.348372,-0.054356,-0.348547,-0.937269,-0.006536,-0.053223,0.012829,0.998500,0,0.40000,0.60000,24.000,1.200,-1,375.000,-1,425.000,-1,300.000,325.000,325.000,300.000,775.000,-1,-1,-1,-1,-1,-1,-1,2,0,2,1,2,0,1,0,0,1,2,2,2,2,2,2,2
104,-3046.485,-2985.876,290.150,-158.170,-0.926726,0.371807,-0.054211,-0.372044,-0.928196,-0.006029,-0.052560,0.014582,0.998511,0,0.48000,0.72000,28.800,1.440,-1,375.000,-1,475.000,-1,300.000,350.000,325.000,300.000,800.000,-1,-1,-1,-1,-1,-1,-1,2,0,2,1,2,0,1,0,0,1,2,2,2,2,2,2,2
105,-3077.296,-2999.279,288.448,-156.490,-0.915425,0.398847,-0.054020,-0.399155,-0.916868,-0.005433,-0.051696,0.016589,0.998525,0,0.56000,0.84000,33.600,1.680,-1,375.000,-1,575.000,-1,300.000,450.000,325.000,300.000,825.000,-1,-1,-1,-1,-1,-1,-1,2,0,2,1,2,0,1,0,0,1,2,2,2,2,2,2,2
106,-3111.975,-3015.769,286.541,-154.570,-0.901548,0.429324,-0.053774,-0.429711,-0.902954,-0.004743,-0.050592,0.018831,0.998542,0,0.64000,0.96000,38.400,1.920,-1,-1,-1,-1,-1,-1,-1,325.000,300.000,850.000,-1,-1,-1,-1,-1,-1,-1,2,2,2,2,2,2,2,0,0,1,2,2,2,2,2,2,2
107,-3150.318,-3035.669,284.449,-152.570,-0.886028,0.460554,-0.053324,-0.461023,-0.887380,-0.003879,-0.049105,0.021146,0.998570,0,0.72000,1.00000,43.200,2.000,-1,-1,-1,-1,-1,-1,-1,325.000,300.000,900.000,-1,-1,-1,-1,-1,-1,-1,2,2,2,2,2,2,2,0,0,1,2,2,2,2,2,2,2
108,-3192.124,-3059.254,282.211,-150.572,-0.869456,0.491203,-0.052595,-0.491750,-0.870731,-0.002856,-0.047199,0.023380,0.998612,0,0.80000,0.99948,48.000,1.999,-1,-1,-1,-1,-1,-1,-1,325.000,325.000,925.000,-1,-1,-1,-1,-1,-1,-1,2,2,2,2,2,2,2,0,0,1,2,2,2,2,2,2,2
109,-3237.182,-3086.779,278.647,-148.582,-0.851621,0.521040,-0.057088,-0.521903,-0.853005,0.000248,-0.048567,0.030006,0.998369,0,0.88000,0.99465,52.800,1.989,-1,-1,-1,-1,-1,-1,-1,325.000,300.000,1000.000,-1,-1,-1,-1,-1,-1,-1,2,2,2,2,2,2,2,0,0,1,2,2,2,2,2,2,2
110,-3285.270,-3118.487,273.073,-146.604,-0.832277,0.549897,-0.070203,-0.551596,-0.834091,0.005935,-0.055292,0.043663,0.997515,0,0.96000,0.98907,57.600,1.978,-1,-1,-1,-1,-1,-1,-1,325.000,275.000,-1,-1,-1,-1,-1,-1,-1,-1,2,2,2,2,2,2,2,0,0,2,2,2,2,2,2,2,2
111,-3332.758,-3152.197,265.929,-144.639,-0.811244,0.577563,-0.091124,-0.580888,-0.813881,0.012894,-0.066717,0.063393,0.995756,0,0.97058,0.98255,58.235,1.965,-1,-1,-1,-1,-1,-1,-1,350.000,250.000,-1,-1,-1,-1,-1,-1,-1,-1,2,2,2,2,2,2,2,0,0,2,2,2,2,2,2,2,2
112,-3379.381,-3187.750,257.229,-142.689,-0.788103,0.603722,-0.120056,-0.609949,-0.792179,0.020375,-0.082805,0.089286,0.992558,0,0.97716,0.97504,58.630,1.950,-1,-1,-1,-1,-1,-1,-1,375.000,200.000,-1,-1,-1,-1,-1,-1,-1,-1,2,2,2,2,2,2,2,0,0,2,2,2,2,2,2,2,2
113,-3425.055,-3225.098,246.996,-140.756,-0.762230,0.627937,-0.157160,-0.638986,-0.768722,0.027649,-0.103450,0.121498,0.987186,0,0.98326,0.96643,58.995,1.933,-1,-1,-1,-1,-1,-1,-1,425.000,150.000,-1,-1,-1,-1,-1,-1,-1,-1,2,2,2,2,2,2,2,0,1,2,2,2,2,2,2,2,2
114,4919.490,-1639.829,325.915,64.185,0.434694,-0.899951,0.033601,0.900144,0.435340,0.014801,-0.027948,0.023812,0.999326,1,0.00000,0.00000,59.323,1.913,-1,400.000,-1,400.000,-1,325.000,325.000,300.000,300.000,-1,-1,-1,-1,750.000,750.000,-1,-1,2,0,2,0,2,0,0,0,0,2,2,2,2,0,0,2,2
115,4921.599,-1635.517,325.780,63.945,0.438460,-0.898122,0.033603,0.898312,0.439107,0.014814,-0.028060,0.023690,0.999325,0,0.08000,-0.12000,4.800,-0.240,-1,400.000,-1,400.000,-1,325.000,325.000,300.000,300.000,-1,-1,-1,-1,750.000,750.000,-1,-1,2,0,2,0,2,0,0,0,0,2,2,2,2,0,0,2,2
116,4925.886,-1626.927,325.509,63.474,0.445826,-0.894488,0.033605,0.894673,0.446476,0.014839,-0.028277,0.023450,0.999325,0,0.16000,-0.23542,9.600,-0.471,-1,400.000,-1,400.000,-1,325.000,325.000,300.000,300.000,-1,-1,-1,-1,750.000,750.000,-1,-1,2,0,2,0,2,0,0,0,0,2,2,2,2,0,0,2,2
117,4932.423,-1614.096,325.099,63.003,0.453162,-0.890794,0.033608,0.890973,0.453814,0.014866,-0.028494,0.023208,0.999325,0,0.24000,-0.23542,14.400,-0.471,-1,400.000,-1,400.000,-1,325.000,325.000,300.000,300.000,-1,-1,-1,-1,750.000,750.000,-1,-1,2,0,2,0,2,0,0,0,0,2,2,2,2,0,0,2,2
118,4941.279,-1597.061,324.548,62.533,0.460468,-0.887040,0.033608,0.887212,0.461121,0.014895,-0.028710,0.022959,0.999324,0,0.32000,-0.23542,19.200,-0.471,-1,400.000,-1,400.000,-1,325.000,325.000,300.000,300.000,-1,-1,-1,-1,750.000,750.000,-1,-1,2,0,2,0,2,0,0,0,0,2,2,2,2,0,0,2,2
119,4952.523,-1575.858,323.854,62.062,0.467742,-0.883226,0.033600,0.883391,0.468398,0.014930,-0.028925,0.022698,0.999324,0,0.40000,-0.23542,24.000,-0.471,-1,400.000,-1,400.000,-1,325.000,325.000,300.000,300.000,-1,-1,-1,-1,750.000,750.000,-1,-1,2,0,2,0,2,0,0,0,0,2,2,2,2,0,0,2,2
120,4966.225,-1550.526,323.015,61.591,0.474986,-0.879352,0.033579,0.879511,0.475643,0.014974,-0.029139,0.022420,0.999324,0,0.48000,-0.23542,28.800,-0.471,-1,400.000,-1,400.000,-1,325.000,325.000,300.000,300.000,-1,-1,-1,-1,750.000,750.000,-1,-1,2,0,2,0,2,0,0,0,0,2,2,2,2,0,0,2,2
121,4982.453,-1521.105,322.030,61.120,0.482198,-0.875420,0.033538,0.875570,0.482857,0.015031,-0.029353,0.022117,0.999324,0,0.56000,-0.23542,33.600,-0.471,-1,400.000,-1,400.000,-1,325.000,325.000,300.000,300.000,-1,-1,-1,-1,750.000,750.000,-1,-1,2,0,2,0,2,0,0,0,0,2,2,2,2,0,0,2,2
122,5001.275,-1487.634,320.905,60.649,0.489379,-0.871428,0.033483,0.871571,0.490038,0.015070,-0.029540,0.021808,0.999326,0,0.64000,-0.23542,38.400,-0.471,-1,400.000,-1,400.000,-1,325.000,325.000,300.000,300.000,-1,-1,-1,-1,750.000,725.000,-1,-1,2,0,2,0,2,0,0,0,0,2,2,2,2,0,0,2,2
123,5022.759,-1450.155,319.657,60.178,0.496528,-0.867377,0.033433,0.867515,0.497185,0.014989,-0.029623,0.021561,0.999329,0,0.72000,-0.23542,43.200,-0.471,-1,400.000,-1,400.000,-1,325.000,325.000,300.000,300.000,-1,-1,-1,-1,750.000,725.000,-1,-1,2,0,2,0,2,0,0,0,0,2,2,2,2,0,0,2,2
124,5046.572,-1409.391,318.291,59.708,0.503645,-0.863266,0.033351,0.863401,0.504299,0.014889,-0.029672,0.021296,0.999333,0,0.78682,-0.23542,47.209,-0.471,-1,400.000,-1,400.000,-1,325.000,325.000,300.000,300.000,-1,-1,-1,-1,750.000,725.000,-1,-1,2,0,2,0,2,0,0,0,0,2,2,2,2,0,0,2,2
125,5070.719,-1368.825,316.936,59.237,0.510730,-0.859097,0.033265,0.859230,0.511378,0.014712,-0.029650,0.021068,0.999338,0,0.78682,-0.23542,47.209,-0.471,-1,400.000,-1,400.000,-1,325.000,325.000,300.000,300.000,-1,-1,-1,-1,750.000,725.000,-1,-1,2,0,2,0,2,0,0,0,0,2,2,2,2,0,0,2,2
126,5095.198,-1328.459,315.584,58.766,0.517782,-0.854870,0.033154,0.855001,0.518424,0.014509,-0.029591,0.020834,0.999345,0,0.78682,-0.23542,47.209,-0.471,-1,400.000,-1,400.000,-1,325.000,325.000,300.000,300.000,-1,-1,-1,-1,750.000,725.000,-1,-1,2,0,2,0,2,0,0,0,0,2,2,2,2,0,0,2,2
127,5120.009,-1288.295,314.230,58.295,0.524800,-0.850586,0.033011,0.850714,0.525434,0.014298,-0.029507,0.020579,0.999353,0,0.78682,-0.23542,47.209,-0.471,-1,400.000,-1,375.000,-1,325.000,325.000,300.000,300.000,-1,-1,-1,-1,750.000,725.000,-1,-1,2,0,2,0,2,0,0,0,0,2,2,2,2,0,0,2,2
128,5145.149,-1248.337,312.874,57.824,0.531783,-0.846244,0.032835,0.846370,0.532409,0.014080,-0.029397,0.020303,0.999362,0,0.78682,-0.23542,47.209,-0.471,-1,400.000,-1,375.000,-1,325.000,325.000,300.000,300.000,-1,-1,-1,-1,750.000,725.000,-1,-1,2,0,2,0,2,0,0,0,0,2,2,2,2,0,0,2,2
129,5170.616,-1208.586,311.513,57.353,0.538732,-0.841845,0.032631,0.841969,0.539348,0.013839,-0.029250,0.020019,0.999372,0,0.78682,-0.23542,47.209,-0.471,-1,400.000,-1,375.000,-1,325.000,325.000,300.000,300.000,-1,-1,-1,-1,750.000,725.000,-1,-1,2,0,2,0,2,0,0,0,0,2,2,2,2,0,0,2,2
130,5196.409,-1169.046,310.152,56.883,0.545647,-0.837389,0.032382,0.837511,0.546252,0.013587,-0.029066,0.019706,0.999383,0,0.78682,-0.23542,47.209,-0.471,-1,400.000,-1,375.000,-1,325.000,325.000,300.000,300.000,-1,-1,-1,-1,750.000,725.000,-1,-1,2,0,2,0,2,0,0,0,0,2,2,2,2,0,0,2,2
131,5222.526,-1129.719,308.809,56.412,0.552529,-0.832879,0.032009,0.832996,0.553119,0.013324,-0.028802,0.019301,0.999399,0,0.78682,-0.23542,47.209,-0.471,-1,400.000,-1,375.000,-1,325.000,325.000,300.000,300.000,-1,-1,-1,-1,750.000,725.000,-1,-1,2,0,2,0,2,0,0,0,0,2,2,2,2,0,0,2,2
132,5248.966,-1090.609,307.476,55.941,0.559377,-0.828313,0.031550,0.828424,0.559950,0.013057,-0.028481,0.018833,0.999417,0,0.78682,-0.23542,47.209,-0.471,-1,400.000,-1,375.000,-1,325.000,325.000,300.000,300.000,-1,-1,-1,-1,750.000,725.000,-1,-1,2,0,2,0,2,0,0,0,0,2,2,2,2,0,0,2,2
133,5275.725,-1051.717,306.148,55.470,0.566189,-0.823691,0.031029,0.823795,0.566743,0.012789,-0.028120,0.018321,0.999437,0,0.78682,-0.23542,47.209,-0.471,-1,400.000,-1,375.000,-1,325.000,325.000,300.000,300.000,-1,-1,-1,-1,750.000,725.000,-1,-1,2,0,2,0,2,0,0,0,0,2,2,2,2,0,0,2,2
134,5302.804,-1013.046,304.821,54.999,0.572964,-0.819014,0.030464,0.819111,0.573498,0.012523,-0.027727,0.017778,0.999457,0,0.78682,-0.23542,47.209,-0.471,-1,400.000,-1,375.000,-1,325.000,325.000,300.000,300.000,-1,-1,-1,-1,750.000,725.000,-1,-1,2,0,2,0,2,0,0,0,0,2,2,2,2,0,0,2,2
135,5330.200,-974.599,303.502,54.528,0.579701,-0.814281,0.029889,0.814371,0.580215,0.012262,-0.027326,0.017233,0.999478,0,0.78682,-0.23542,47.209,-0.471,-1,400.000,-1,375.000,-1,325.000,325.000,300.000,300.000,-1,-1,-1,-1,750.000,725.000,-1,-1,2,0,2,0,2,0,0,0,0,2,2,2,2,0,0,2,2
136,5357.910,-936.378,302.218,54.057,0.586393,-0.809492,0.029439,0.809577,0.586891,0.012012,-0.027001,0.016789,0.999494,0,0.78682,-0.23542,47.209,-0.471,-1,400.000,-1,375.000,-1,325.000,325.000,300.000,300.000,-1,-1,-1,-1,750.000,725.000,-1,-1,2,0,2,0,2,0,0,0,0,2,2,2,2,0,0,2,2
137,5385.934,-898.386,300.943,53.587,0.593045,-0.804647,0.028981,0.804727,0.593528,0.011766,-0.026668,0.016344,0.999511,0,0.78682,-0.23542,47.209,-0.471,-1,400.000,-1,375.000,-1,325.000,325.000,300.000,300.000,-1,-1,-1,-1,750.000,725.000,-1,-1,2,0,2,0,2,0,0,0,0,2,2,2,2,0,0,2,2
138,5414.269,-860.626,299.689,53.116,0.599655,-0.799748,0.028578,0.799824,0.600124,0.011525,-0.026368,0.015946,0.999525,0,0.78682,-0.23542,47.209,-0.471,-1,400.000,-1,375.000,-1,325.000,325.000,300.000,300.000,-1,-1,-1,-1,725.000,725.000,-1,-1,2,0,2,0,2,0,0,0,0,2,2,2,2,0,0,2,2
139,5439.859,-826.808,298.577,52.885,0.602887,-0.797327,0.028230,0.797401,0.603344,0.011308,-0.026048,0.015693,0.999537,0,0.70682,-0.11542,42.409,-0.231,-1,400.000,-1,375.000,-1,325.000,325.000,300.000,300.000,-1,-1,-1,-1,725.000,725.000,-1,-1,2,0,2,0,2,0,0,0,0,2,2,2,2,0,0,2,2
140,5465.068,-793.483,297.493,52.894,0.602774,-0.797425,0.027878,0.797499,0.603218,0.011090,-0.025660,0.015548,0.999550,0,0.69642,0.00458,41.785,0.009,-1,400.000,-1,375.000,-1,325.000,325.000,300.000,300.000,-1,-1,-1,-1,725.000,725.000,-1,-1,2,0,2,0,2,0,0,0,0,2,2,2,2,0,0,2,2
