timestep,x_cm,y_cm,z_cm,yaw_deg,basis_xx,basis_xy,basis_xz,basis_yx,basis_yy,basis_yz,basis_zx,basis_zy,basis_zz,teleport_flag,throttle_cmd,steering_cmd,cmd_move_cm,cmd_turn_deg,lidar_cm_0,lidar_cm_1,lidar_cm_2,lidar_cm_3,lidar_cm_4,lidar_cm_5,lidar_cm_6,lidar_cm_7,lidar_cm_8,lidar_cm_9,lidar_cm_10,lidar_cm_11,lidar_cm_12,lidar_cm_13,lidar_cm_14,lidar_cm_15,lidar_cm_16,lidar_class_0,lidar_class_1,lidar_class_2,lidar_class_3,lidar_class_4,lidar_class_5,lidar_class_6,lidar_class_7,lidar_class_8,lidar_class_9,lidar_class_10,lidar_class_11,lidar_class_12,lidar_class_13,lidar_class_14,lidar_class_15,lidar_class_16
0,4923.840,-2953.728,-3.142,-25.260,0.904142,0.426190,-0.029842,-0.427133,0.903232,-0.041577,0.009235,0.050338,0.998690,1,0.08000,-0.10767,4.800,-0.215,-1,375.000,-1,375.000,-1,300.000,300.000,300.000,300.000,550.000,575.000,550.000,-1,675.000,675.000,-1,-1,2,0,2,0,2,0,0,0,0,1,0,0,2,0,0,2,2
1,4932.506,-2957.857,-3.054,-25.476,0.902516,0.429594,-0.030237,-0.430551,0.901623,-0.041259,0.009538,0.050255,0.998691,0,0.16000,-0.10801,9.600,-0.216,-1,375.000,-1,375.000,-1,300.000,300.000,300.000,300.000,575.000,575.000,550.000,-1,675.000,675.000,-1,-1,2,0,2,0,2,0,0,0,0,1,0,0,2,0,0,2,2
2,4945.483,-2964.101,-2.919,-25.694,0.900860,0.433014,-0.030824,-0.433993,0.899993,-0.040770,0.010087,0.050105,0.998693,0,0.24000,-0.10868,14.400,-0.217,-1,375.000,-1,375.000,-1,300.000,300.000,300.000,300.000,575.000,575.000,525.000,-1,675.000,675.000,-1,-1,2,0,2,0,2,0,0,0,0,1,0,0,2,0,0,2,2
3,4962.752,-2972.491,-2.738,-25.913,0.899167,0.436462,-0.031606,-0.437470,0.898338,-0.040108,0.010887,0.049890,0.998695,0,0.32000,-0.10970,19.200,-0.219,-1,375.000,-1,375.000,-1,300.000,300.000,300.000,300.000,600.000,550.000,525.000,-1,675.000,675.000,-1,-1,2,0,2,0,2,0,0,0,0,1,0,0,2,0,0,2,2
4,4984.299,-2983.063,-2.512,-26.135,0.897432,0.439948,-0.032586,-0.440992,0.896652,-0.039269,0.011942,0.049611,0.998697,0,0.40000,-0.11107,24.000,-0.222,-1,375.000,-1,375.000,-1,300.000,300.000,300.000,300.000,600.000,525.000,500.000,-1,675.000,675.000,-1,-1,2,0,2,0,2,0,0,0,0,1,0,0,2,0,0,2,2
5,5010.104,-2995.851,-2.242,-26.361,0.895646,0.443483,-0.033769,-0.444569,0.894928,-0.038249,0.013258,0.049270,0.998697,0,0.48000,-0.11280,28.800,-0.226,-1,375.000,-1,375.000,-1,300.000,300.000,300.000,300.000,625.000,500.000,500.000,-1,675.000,675.000,-1,-1,2,0,2,0,2,0,0,0,0,1,0,0,2,0,0,2,2
6,5040.150,-3010.891,-1.930,-26.591,0.893804,0.447077,-0.035162,-0.448212,0.893159,-0.037043,0.014844,0.048869,0.998695,0,0.56000,-0.11489,33.600,-0.230,-1,375.000,-1,375.000,-1,300.000,300.000,300.000,325.000,675.000,450.000,450.000,-1,675.000,675.000,-1,-1,2,0,2,0,2,0,0,0,0,1,0,0,2,0,0,2,2
7,5074.418,-3028.220,-1.576,-26.825,0.891896,0.450743,-0.036773,-0.451931,0.891340,-0.035646,0.016710,0.048411,0.998688,0,0.64000,-0.11736,38.400,-0.235,-1,375.000,-1,375.000,-1,300.000,300.000,300.000,325.000,700.000,425.000,425.000,-1,675.000,700.000,-1,-1,2,0,2,0,2,0,0,0,0,1,0,0,2,0,0,2,2
8,5112.887,-3047.876,-0.949,-27.066,0.889933,0.454470,-0.038428,-0.455729,0.889422,-0.035197,0.018183,0.048836,0.998641,0,0.72000,-0.12022,43.200,-0.240,-1,375.000,-1,375.000,-1,300.000,300.000,300.000,325.000,750.000,425.000,425.000,-1,675.000,700.000,-1,-1,2,0,2,0,2,0,0,0,0,1,0,0,2,0,0,2,2
9,5155.536,-3069.900,-0.129,-27.313,0.887887,0.458276,-0.040489,-0.459634,0.887412,-0.035169,0.019813,0.049836,0.998561,0,0.80000,-0.12347,48.000,-0.247,-1,375.000,-1,375.000,-1,300.000,300.000,300.000,325.000,825.000,425.000,425.000,-1,700.000,700.000,975.000,-1,2,0,2,0,2,0,0,0,0,1,0,0,2,0,0,1,2
10,5198.887,-3092.530,0.803,-27.567,0.885742,0.462175,-0.043078,-0.463666,0.885304,-0.035351,0.021798,0.051286,0.998446,0,0.81503,-0.12712,48.902,-0.254,-1,375.000,-1,375.000,-1,300.000,300.000,300.000,325.000,875.000,425.000,425.000,-1,700.000,700.000,925.000,-1,2,0,2,0,2,0,0,0,0,1,0,0,2,0,0,1,2
11,5242.256,-3115.422,1.756,-27.829,0.883506,0.466177,-0.045789,-0.467812,0.883112,-0.035575,0.023852,0.052851,0.998318,0,0.81733,-0.13088,49.040,-0.262,-1,375.000,-1,375.000,-1,300.000,300.000,300.000,300.000,950.000,425.000,400.000,-1,700.000,700.000,875.000,-1,2,0,2,0,2,0,0,0,0,1,0,0,2,1,0,1,2
12,5288.870,-3140.373,2.781,-28.161,0.880656,0.471242,-0.048737,-0.473040,0.880313,-0.035813,0.026027,0.054594,0.998169,0,0.88119,-0.16600,52.871,-0.332,-1,375.000,1000.000,375.000,-1,300.000,300.000,300.000,300.000,-1,425.000,400.000,-1,675.000,700.000,825.000,-1,2,0,1,0,2,0,0,0,0,2,0,0,2,1,0,1,2
13,5335.528,-3165.695,3.995,-28.490,0.877824,0.476270,-0.050909,-0.478183,0.877534,-0.035701,0.027671,0.055683,0.998065,0,0.88476,-0.16480,53.086,-0.330,-1,375.000,975.000,375.000,-1,325.000,325.000,300.000,300.000,-1,425.000,425.000,-1,650.000,700.000,775.000,-1,2,0,1,0,2,0,0,0,0,2,0,0,2,1,0,1,2
14,5382.226,-3191.386,5.516,-28.817,0.875042,0.481269,-0.051792,-0.483211,0.874802,-0.035042,0.028443,0.055689,0.998043,0,0.88831,-0.16347,53.299,-0.327,-1,375.000,925.000,375.000,-1,325.000,325.000,300.000,300.000,-1,475.000,450.000,-1,625.000,725.000,725.000,-1,2,0,1,0,2,0,0,0,0,2,0,0,2,1,0,1,2
15,5428.963,-3217.443,7.091,-29.141,0.872250,0.486213,-0.052694,-0.488180,0.872073,-0.034185,0.029331,0.055542,0.998025,0,0.89183,-0.16202,53.510,-0.324,875.000,375.000,875.000,375.000,-1,325.000,325.000,300.000,300.000,-1,500.000,475.000,-1,575.000,725.000,650.000,-1,1,0,1,0,2,0,0,0,0,2,0,0,2,1,0,1,2
16,5475.735,-3243.865,8.760,-29.462,0.869449,0.491102,-0.053643,-0.493083,0.869358,-0.032942,0.030457,0.055092,0.998017,0,0.89532,-0.16044,53.719,-0.321,750.000,375.000,825.000,375.000,-1,325.000,325.000,300.000,300.000,-1,525.000,500.000,-1,550.000,725.000,600.000,-1,1,0,1,0,2,0,0,0,0,2,0,0,2,1,0,1,2
17,5522.539,-3270.648,10.472,-29.780,0.866647,0.495925,-0.054594,-0.497916,0.866651,-0.031558,0.031663,0.054533,0.998010,0,0.89875,-0.15870,53.925,-0.317,650.000,375.000,775.000,375.000,-1,325.000,325.000,300.000,300.000,-1,550.000,550.000,-1,525.000,750.000,550.000,-1,1,0,1,0,2,0,0,0,0,2,0,0,2,1,1,1,2
18,5569.371,-3297.789,12.179,-30.093,0.863854,0.500675,-0.055511,-0.502673,0.863947,-0.030256,0.032810,0.054040,0.998000,0,0.90214,-0.15681,54.128,-0.314,575.000,375.000,750.000,375.000,-1,325.000,325.000,300.000,300.000,-1,575.000,575.000,-1,475.000,700.000,500.000,975.000,1,1,1,0,2,0,0,0,0,2,0,0,2,1,1,1,1
19,5616.228,-3325.282,13.882,-30.403,0.861072,0.505346,-0.056394,-0.507352,0.861250,-0.029038,0.033895,0.053615,0.997986,0,0.90545,-0.15473,54.327,-0.309,500.000,350.000,700.000,400.000,-1,325.000,325.000,300.000,300.000,-1,600.000,600.000,-1,450.000,650.000,450.000,925.000,1,1,1,0,2,0,0,0,0,2,0,0,2,1,1,1,1
20,5663.105,-3353.124,15.597,-30.708,0.858310,0.509930,-0.057234,-0.511946,0.858561,-0.027992,0.034865,0.053326,0.997968,0,0.90869,-0.15247,54.521,-0.305,425.000,325.000,650.000,400.000,-1,325.000,325.000,300.000,300.000,-1,625.000,625.000,-1,400.000,625.000,400.000,875.000,1,1,1,0,2,1,0,0,0,2,0,0,2,1,1,1,1
21,5709.997,-3381.308,17.365,-31.008,0.855576,0.514418,-0.058003,-0.516453,0.855879,-0.027334,0.035583,0.053342,0.997942,0,0.91183,-0.14999,54.710,-0.300,350.000,300.000,600.000,400.000,-1,300.000,325.000,300.000,300.000,-1,675.000,650.000,-1,375.000,575.000,325.000,800.000,1,1,1,0,2,1,0,0,0,2,0,0,2,1,1,1,1
22,5756.899,-3409.827,19.255,-31.302,0.852884,0.518794,-0.058664,-0.520869,0.853196,-0.027410,0.035831,0.053934,0.997901,0,0.91486,-0.14727,54.892,-0.295,300.000,275.000,550.000,400.000,-1,275.000,325.000,300.000,300.000,-1,700.000,700.000,-1,325.000,525.000,275.000,750.000,1,1,1,0,2,1,1,0,0,2,0,0,2,1,1,1,1
23,5803.804,-3438.672,21.137,-31.591,0.850226,0.523066,-0.059308,-0.525184,0.850543,-0.027562,0.036027,0.054582,0.997859,0,0.91775,-0.14429,55.065,-0.289,250.000,250.000,500.000,375.000,-1,250.000,300.000,300.000,300.000,-1,725.000,750.000,-1,275.000,500.000,225.000,675.000,1,1,1,1,2,1,1,0,0,2,0,0,2,1,1,1,1
24,5850.715,-3467.823,26.468,-31.873,0.846523,0.526759,-0.076971,-0.530239,0.847174,-0.033818,0.047394,0.069441,0.996460,0,0.92047,-0.14101,55.228,-0.282,225.000,225.000,475.000,350.000,-1,225.000,275.000,350.000,300.000,-1,525.000,450.000,-1,275.000,475.000,200.000,650.000,1,1,1,1,2,1,1,0,0,2,0,0,2,1,1,1,1
25,5897.620,-3497.269,33.181,-32.147,0.841944,0.529939,-0.101468,-0.535862,0.843242,-0.042363,0.063112,0.090040,0.993936,0,0.92300,-0.13740,55.380,-0.275,200.000,225.000,475.000,325.000,-1,225.000,250.000,400.000,275.000,-1,375.000,250.000,1000.000,250.000,450.000,200.000,625.000,1,1,1,1,2,1,1,1,0,2,0,0,0,1,1,1,1
26,5944.510,-3526.997,40.493,-32.414,0.836496,0.532593,-0.128913,-0.542020,0.838768,-0.051786,0.080547,0.113192,0.990303,0,0.92528,-0.13342,55.517,-0.267,200.000,200.000,475.000,325.000,-1,200.000,250.000,475.000,275.000,-1,300.000,150.000,750.000,250.000,425.000,175.000,600.000,1,1,1,1,2,1,1,0,0,2,0,0,0,1,1,1,1
27,5991.375,-3556.990,48.440,-32.672,0.829981,0.534607,-0.159144,-0.548845,0.833620,-0.062031,0.099503,0.138830,0.985305,0,0.92726,-0.12902,55.636,-0.258,200.000,200.000,475.000,300.000,-1,200.000,250.000,575.000,250.000,-1,250.000,100.000,525.000,250.000,425.000,175.000,625.000,1,1,1,1,2,1,1,0,0,2,0,0,0,1,1,1,1
28,6231.352,-4919.442,19.772,13.587,0.970220,-0.234287,-0.061507,0.228354,0.969375,-0.090371,0.080796,0.073635,0.994007,1,0.00000,0.00000,55.734,-0.248,200.000,250.000,-1,525.000,-1,250.000,350.000,475.000,250.000,-1,350.000,150.000,625.000,325.000,-1,200.000,-1,1,1,2,0,2,1,1,0,0,2,0,0,0,1,2,1,2
29,6236.013,-4918.293,20.216,13.827,0.969221,-0.238324,-0.061748,0.232233,0.968296,-0.092039,0.081726,0.074866,0.993839,0,0.08000,0.12000,4.800,0.240,200.000,250.000,-1,525.000,-1,250.000,350.000,475.000,250.000,-1,350.000,125.000,625.000,325.000,-1,200.000,-1,1,1,2,0,2,1,1,0,0,2,0,0,0,1,2,1,2
30,6245.314,-4915.918,21.112,14.307,0.967175,-0.246380,-0.062210,0.239963,0.966080,-0.095427,0.083611,0.077366,0.993491,0,0.16000,0.24000,9.600,0.480,200.000,250.000,-1,525.000,-1,250.000,350.000,500.000,250.000,-1,325.000,125.000,600.000,325.000,-1,200.000,-1,1,1,2,0,2,1,1,0,0,2,0,0,0,1,2,1,2
31,6259.220,-4912.179,22.479,15.027,0.963986,-0.258421,-0.062846,0.251492,0.962613,-0.100640,0.086504,0.081210,0.992936,0,0.24000,0.36000,14.400,0.720,200.000,250.000,-1,550.000,-1,250.000,325.000,500.000,250.000,-1,325.000,125.000,575.000,325.000,-1,200.000,-1,1,1,2,0,2,1,1,0,0,2,0,0,0,1,2,1,2
32,6277.676,-4906.884,24.344,15.987,0.959514,-0.274390,-0.063580,0.266731,0.957719,-0.107834,0.090480,0.086509,0.992134,0,0.32000,0.48000,19.200,0.960,200.000,250.000,-1,550.000,-1,250.000,325.000,525.000,250.000,-1,300.000,100.000,525.000,300.000,-1,175.000,-1,1,1,2,0,2,1,1,0,0,2,0,0,0,1,2,1,2
33,6300.601,-4899.781,26.742,17.187,0.953578,-0.294203,-0.064291,0.285556,0.951167,-0.117214,0.095636,0.093414,0.991024,0,0.40000,0.60000,24.000,1.200,175.000,225.000,-1,525.000,-1,225.000,300.000,550.000,250.000,-1,300.000,100.000,475.000,300.000,-1,175.000,-1,1,1,2,1,2,1,1,0,0,2,0,0,0,1,2,1,2
34,6327.923,-4890.676,29.764,18.400,0.947176,-0.313990,-0.065335,0.303995,0.943887,-0.129091,0.102202,0.102410,0.989478,0,0.48000,0.60642,28.800,1.213,175.000,225.000,-1,500.000,-1,225.000,300.000,600.000,250.000,-1,275.000,75.000,425.000,300.000,-1,175.000,-1,1,1,2,1,2,1,1,0,0,2,0,0,0,1,2,1,2
35,-327.939,-4919.425,-8.885,-8.422,0.984751,0.145189,-0.095845,-0.130366,0.980646,0.146078,0.115199,-0.131355,0.984619,1,0.00000,0.00000,33.600,1.214,-1,675.000,-1,250.000,125.000,475.000,275.000,225.000,500.000,325.000,75.000,275.000,-1,-1,300.000,-1,150.000,2,0,2,1,1,1,1,0,1,0,0,0,2,2,1,2,1
36,-323.193,-4920.145,-8.176,-8.662,0.984076,0.149251,-0.096530,-0.133992,0.979739,0.148855,0.116791,-0.133550,0.984136,0,0.08000,-0.12000,4.800,-0.240,-1,675.000,-1,250.000,125.000,475.000,275.000,225.000,500.000,325.000,75.000,275.000,-1,-1,300.000,-1,150.000,2,0,2,1,1,1,1,0,1,0,0,0,2,2,1,2,1
37,-313.712,-4921.666,-6.738,-9.142,0.982680,0.157357,-0.097873,-0.141193,0.977849,0.154519,0.120020,-0.138024,0.983130,0,0.16000,-0.24000,9.600,-0.480,-1,700.000,-1,250.000,125.000,475.000,275.000,225.000,525.000,300.000,75.000,275.000,-1,-1,300.000,-1,125.000,2,0,2,1,1,1,1,0,1,0,0,0,2,2,1,2,1
38,-299.521,-4924.124,-4.533,-9.862,0.980469,0.169463,-0.099815,-0.151863,0.974821,0.163286,0.124973,-0.144939,0.981516,0,0.24000,-0.36000,14.400,-0.720,-1,700.000,-1,250.000,125.000,450.000,275.000,225.000,525.000,275.000,50.000,275.000,-1,-1,300.000,-1,125.000,2,0,2,1,1,1,1,0,1,0,0,0,2,2,1,2,1
39,-280.647,-4927.664,-1.499,-10.657,0.977790,0.182700,-0.102699,-0.163014,0.970937,0.175236,0.131730,-0.154603,0.979155,0,0.32000,-0.39747,19.200,-0.795,-1,725.000,-1,225.000,125.000,450.000,250.000,225.000,525.000,250.000,50.000,250.000,-1,-1,275.000,-1,125.000,2,0,2,1,1,1,1,0,1,0,0,0,2,2,1,2,1
40,-257.116,-4932.413,2.435,-11.453,0.974830,0.195760,-0.106697,-0.173176,0.966267,0.190625,0.140414,-0.167350,0.975847,0,0.40000,-0.39806,24.000,-0.796,-1,775.000,-1,225.000,125.000,450.000,250.000,225.000,550.000,225.000,50.000,250.000,-1,-1,275.000,-1,125.000,2,0,2,1,1,1,1,0,1,0,0,0,2,2,1,2,1
41,-228.961,-4938.501,7.355,-12.251,0.971592,0.208591,-0.111799,-0.182088,0.960625,0.209866,0.151173,-0.183547,0.971317,0,0.48000,-0.39915,28.800,-0.798,-1,825.000,-1,225.000,125.000,450.000,250.000,200.000,550.000,175.000,25.000,225.000,-1,-1,275.000,-1,125.000,2,0,2,1,1,1,1,0,1,0,0,0,2,2,1,2,1
42,-328.107,-2951.183,84.201,26.472,0.888464,-0.433117,-0.151794,0.367784,0.869757,-0.329026,0.274531,0.236500,0.932041,1,0.00000,0.00000,33.600,-0.802,150.000,275.000,-1,550.000,-1,275.000,325.000,325.000,250.000,-1,200.000,75.000,175.000,400.000,-1,175.000,-1,1,1,2,1,2,1,1,1,1,2,0,0,0,1,2,1,2
43,-5576.440,-323.275,-246.329,101.903,-0.205807,-0.976504,-0.063905,0.978566,-0.205843,-0.006088,-0.007209,-0.063789,0.997937,1,0.08000,0.12000,4.800,0.240,-1,375.000,-1,400.000,-1,325.000,325.000,300.000,300.000,-1,600.000,500.000,-1,700.000,800.000,-1,-1,2,0,2,0,2,0,0,0,0,2,1,1,2,0,0,2,2
44,-5578.499,-313.898,-246.390,102.383,-0.213966,-0.974754,-0.063823,0.976811,-0.214018,-0.006096,-0.007717,-0.063648,0.997943,0,0.16000,0.24000,9.600,0.480,-1,375.000,-1,400.000,-1,325.000,325.000,300.000,300.000,-1,600.000,500.000,-1,700.000,800.000,-1,-1,2,0,2,0,2,0,0,0,0,2,1,1,2,0,0,2,2
45,-5581.763,-299.874,-246.491,103.103,-0.226177,-0.972001,-0.063703,0.974049,-0.226253,-0.006113,-0.008471,-0.063433,0.997950,0,0.24000,0.36000,14.400,0.720,-1,375.000,-1,400.000,-1,325.000,325.000,300.000,300.000,-1,600.000,525.000,-1,700.000,775.000,-1,-1,2,0,2,0,2,0,0,0,0,2,1,1,2,0,0,2,2
46,-5586.428,-281.249,-246.642,104.063,-0.242405,-0.968092,-0.063547,0.970129,-0.242511,-0.006148,-0.009460,-0.063139,0.997960,0,0.32000,0.48000,19.200,0.960,-1,375.000,-1,400.000,-1,325.000,325.000,300.000,300.000,-1,600.000,525.000,-1,700.000,775.000,-1,-1,2,0,2,0,2,0,0,0,0,2,1,1,2,0,0,2,2
47,-5592.746,-258.096,-246.857,105.263,-0.262595,-0.962824,-0.063358,0.964847,-0.262738,-0.006209,-0.010669,-0.062762,0.997972,0,0.40000,0.60000,24.000,1.200,-1,375.000,-1,400.000,-1,325.000,325.000,325.000,300.000,-1,600.000,550.000,-1,700.000,775.000,-1,-1,2,0,2,0,2,0,0,0,0,2,1,1,2,0,0,2,2
48,-5601.024,-230.512,-247.152,106.703,-0.286675,-0.955945,-0.063139,0.957952,-0.286860,-0.006311,-0.012079,-0.062293,0.997985,0,0.48000,0.72000,28.800,1.440,-1,375.000,-1,400.000,-1,325.000,325.000,325.000,300.000,-1,625.000,575.000,-1,700.000,775.000,-1,-1,2,0,2,0,2,0,0,0,0,2,1,1,2,0,0,2,2
49,-5611.608,-198.624,-247.545,108.362,-0.314197,-0.947273,-0.062889,0.949260,-0.314426,-0.006471,-0.013644,-0.061731,0.998000,0,0.56000,0.82950,33.600,1.659,-1,375.000,-1,400.000,-1,325.000,325.000,325.000,300.000,-1,625.000,625.000,-1,700.000,775.000,-1,-1,2,0,2,0,2,0,0,0,0,2,1,1,2,0,0,2,2
50,-5624.758,-162.546,-248.051,110.027,-0.341561,-0.937773,-0.062591,0.939738,-0.341829,-0.006709,-0.015104,-0.061111,0.998017,0,0.64000,0.83247,38.400,1.665,-1,375.000,-1,400.000,-1,325.000,325.000,325.000,325.000,-1,650.000,650.000,-1,700.000,775.000,-1,-1,2,0,2,0,2,0,0,0,0,2,1,1,2,0,0,2,2
51,-5640.730,-122.408,-248.681,111.699,-0.368757,-0.927440,-0.062239,0.929380,-0.369056,-0.007042,-0.016439,-0.060440,0.998036,0,0.72000,0.83586,43.200,1.672,-1,375.000,-1,400.000,-1,325.000,325.000,325.000,325.000,-1,700.000,700.000,-1,700.000,750.000,-1,-1,2,0,2,0,2,0,0,0,0,2,1,1,2,0,0,2,2
52,-5659.776,-78.349,-249.528,113.378,-0.395794,-0.916282,-0.061433,0.918175,-0.396102,-0.007594,-0.017375,-0.059412,0.998082,0,0.80000,0.83969,48.000,1.679,-1,375.000,-1,400.000,-1,325.000,325.000,325.000,325.000,-1,725.000,750.000,-1,700.000,750.000,-1,-1,2,0,2,0,2,0,0,0,0,2,1,1,2,0,0,2,2
53,-5681.937,-30.426,-250.556,114.818,-0.418711,-0.906106,-0.060433,0.907940,-0.419023,-0.008034,-0.018043,-0.058233,0.998140,0,0.88000,0.71969,52.800,1.439,-1,375.000,-1,400.000,-1,300.000,325.000,325.000,325.000,-1,775.000,800.000,-1,700.000,750.000,-1,-1,2,0,2,0,2,0,0,0,0,2,1,1,2,0,0,2,2
54,-5706.035,18.946,-251.657,116.017,-0.437623,-0.897195,-0.059397,0.898971,-0.437926,-0.008513,-0.018374,-0.057122,0.998198,0,0.91566,0.59969,54.939,1.199,-1,375.000,-1,400.000,-1,300.000,325.000,325.000,325.000,-1,825.000,875.000,-1,700.000,750.000,-1,-1,2,0,2,0,2,0,0,0,0,2,1,1,2,0,0,2,2
55,-5731.170,68.066,-252.765,117.101,-0.454553,-0.888803,-0.058401,0.890528,-0.454837,-0.009099,-0.018476,-0.056144,0.998252,0,0.91962,0.54170,55.177,1.083,-1,375.000,-1,400.000,-1,300.000,325.000,325.000,325.000,-1,875.000,925.000,-1,700.000,750.000,-1,-1,2,0,2,0,2,0,0,0,0,2,1,1,2,0,0,2,2
56,-5757.335,116.916,-253.840,118.174,-0.471169,-0.880175,-0.057368,0.881847,-0.471437,-0.009624,-0.018575,-0.055125,0.998307,0,0.92362,0.53680,55.417,1.074,-1,375.000,-1,375.000,-1,300.000,325.000,325.000,325.000,-1,925.000,975.000,-1,675.000,750.000,-1,-1,2,0,2,0,2,0,0,0,0,2,1,1,2,0,0,2,2
57,-5784.519,165.483,-254.895,119.238,-0.487473,-0.871318,-0.056338,0.872939,-0.487723,-0.010169,-0.018617,-0.054137,0.998360,0,0.92762,0.53188,55.657,1.064,-1,375.000,-1,375.000,-1,300.000,325.000,325.000,325.000,-1,975.000,-1,-1,675.000,750.000,-1,-1,2,0,2,0,2,0,0,0,0,2,1,2,2,0,0,2,2
58,-5812.714,213.750,-255.919,120.292,-0.503469,-0.862246,-0.055231,0.863815,-0.503693,-0.010805,-0.018502,-0.053149,0.998415,0,0.93164,0.52694,55.899,1.054,-1,375.000,-1,375.000,-1,300.000,300.000,325.000,325.000,-1,-1,975.000,-1,675.000,750.000,-1,-1,2,0,2,0,2,0,0,0,0,2,2,0,2,0,0,2,2
59,-5841.909,261.701,-256.914,121.336,-0.519153,-0.852969,-0.054065,0.854486,-0.519346,-0.011525,-0.018248,-0.052181,0.998471,0,0.93567,0.52199,56.140,1.044,-1,375.000,-1,375.000,-1,300.000,300.000,325.000,325.000,-1,950.000,875.000,-1,675.000,750.000,-1,-1,2,0,2,0,2,0,0,0,0,2,0,0,2,0,0,2,2
60,-5872.307,309.720,-257.889,122.336,-0.534024,-0.843815,-0.052865,0.845281,-0.534179,-0.012327,-0.017838,-0.051269,0.998526,0,0.94721,0.50003,56.833,1.000,-1,375.000,-1,375.000,-1,300.000,300.000,325.000,325.000,-1,875.000,800.000,-1,675.000,750.000,-1,-1,2,0,2,0,2,0,0,0,0,2,0,0,2,0,0,2,2
61,-5903.529,357.190,-258.837,123.335,-0.548712,-0.834412,-0.051690,0.835831,-0.548828,-0.013197,-0.017357,-0.050445,0.998576,0,0.94695,0.49932,56.817,0.999,-1,375.000,-1,375.000,-1,300.000,300.000,325.000,325.000,-1,800.000,725.000,-1,675.000,750.000,-1,-1,2,0,2,0,2,0,0,0,0,2,0,0,2,0,0,2,2
62,-5935.562,404.092,-259.756,124.332,-0.563221,-0.824760,-0.050535,0.826136,-0.563294,-0.014136,-0.016808,-0.049711,0.998622,0,0.94662,0.49884,56.797,0.998,-1,375.000,-1,375.000,-1,300.000,300.000,325.000,325.000,-1,750.000,675.000,-1,700.000,750.000,-1,-1,2,0,2,0,2,0,0,0,0,2,0,0,2,0,0,2,2
63,-5968.393,450.411,-260.653,125.329,-0.577553,-0.814859,-0.049363,0.816193,-0.577581,-0.015146,-0.016169,-0.049038,0.998666,0,0.94625,0.49858,56.775,0.997,-1,375.000,-1,375.000,-1,300.000,300.000,325.000,325.000,-1,700.000,650.000,-1,700.000,750.000,-1,-1,2,0,2,0,2,0,0,0,0,2,0,0,2,0,0,2,2
64,-6002.011,496.134,-261.577,126.327,-0.591722,-0.804716,-0.047931,0.805997,-0.591697,-0.016237,-0.015294,-0.048240,0.998719,0,0.94586,0.49855,56.752,0.997,-1,375.000,-1,375.000,-1,300.000,300.000,325.000,325.000,-1,650.000,625.000,-1,700.000,750.000,-1,-1,2,0,2,0,2,0,0,0,0,2,0,0,2,0,0,2,2
65,-6036.406,541.245,-262.455,127.324,-0.605714,-0.794319,-0.046567,0.795552,-0.605635,-0.017385,-0.014393,-0.047577,0.998764,0,0.94548,0.49875,56.729,0.997,-1,375.000,-1,400.000,-1,300.000,325.000,325.000,325.000,-1,625.000,600.000,-1,700.000,750.000,-1,-1,2,0,2,0,2,0,0,0,0,2,0,0,2,0,0,2,2
66,-6071.569,585.734,-263.314,128.322,-0.619529,-0.783669,-0.045241,0.784857,-0.619402,-0.018466,-0.013552,-0.046948,0.998805,0,0.94513,0.49916,56.708,0.998,-1,375.000,-1,400.000,-1,300.000,325.000,325.000,325.000,-1,600.000,575.000,-1,725.000,750.000,-1,-1,2,0,2,0,2,0,0,0,0,2,0,0,2,0,0,2,2
67,-6107.492,629.590,-264.244,129.322,-0.633159,-0.772778,-0.043870,0.773912,-0.633006,-0.019056,-0.013044,-0.046017,0.998855,0,0.94484,0.49980,56.690,1.000,-1,375.000,-1,400.000,-1,300.000,325.000,325.000,325.000,-1,600.000,575.000,-1,725.000,750.000,-1,-1,2,0,2,0,2,0,0,0,0,2,0,0,2,0,0,2,2
68,-6144.168,672.802,-265.134,130.323,-0.646616,-0.761626,-0.042580,0.762712,-0.646439,-0.019665,-0.012548,-0.045192,0.998900,0,0.94463,0.50067,56.678,1.001,-1,375.000,-1,400.000,-1,300.000,325.000,325.000,325.000,-1,575.000,550.000,-1,725.000,750.000,-1,-1,2,0,2,0,2,0,0,0,0,2,0,0,2,0,0,2,2
69,-6181.590,715.360,-265.984,131.327,-0.659901,-0.750212,-0.041371,0.751255,-0.659700,-0.020295,-0.012067,-0.044473,0.998938,0,0.94453,0.50174,56.672,1.003,-1,375.000,-1,400.000,-1,325.000,325.000,325.000,325.000,-1,575.000,550.000,-1,725.000,750.000,-1,-1,2,0,2,0,2,0,0,0,0,2,0,0,2,0,0,2,2
70,-6219.755,757.255,-266.826,132.333,-0.673010,-0.738539,-0.040209,0.739540,-0.672794,-0.020723,-0.011748,-0.043683,0.998976,0,0.94455,0.50304,56.673,1.006,-1,375.000,-1,400.000,-1,325.000,325.000,325.000,325.000,-1,600.000,550.000,-1,750.000,750.000,-1,-1,2,0,2,0,2,0,0,0,0,2,0,0,2,0,0,2,2
71,-6258.659,798.479,-267.631,133.342,-0.685942,-0.726605,-0.039099,0.727563,-0.685722,-0.020900,-0.011625,-0.042784,0.999017,0,0.94472,0.50454,56.683,1.009,-1,375.000,-1,400.000,-1,325.000,325.000,325.000,325.000,-1,600.000,575.000,-1,750.000,750.000,-1,-1,2,0,2,0,2,0,0,0,0,2,0,0,2,0,0,2,2
72,-6298.299,839.023,-268.386,134.354,-0.698701,-0.714400,-0.038082,0.715321,-0.698480,-0.021041,-0.011568,-0.041942,0.999053,0,0.94505,0.50624,56.703,1.012,-1,375.000,-1,400.000,-1,325.000,325.000,325.000,325.000,-1,625.000,600.000,-1,750.000,750.000,-1,-1,2,0,2,0,2,0,0,0,0,2,0,0,2,0,0,2,2
73,-6338.674,878.879,-269.100,135.371,-0.711285,-0.701920,-0.037168,0.702809,-0.711062,-0.021209,-0.011542,-0.041208,0.999084,0,0.94555,0.50814,56.733,1.016,-1,375.000,-1,400.000,-1,325.000,325.000,325.000,325.000,-1,650.000,625.000,-1,750.000,750.000,-1,-1,2,0,2,0,2,0,0,0,0,2,0,0,2,0,0,2,2
74,-6379.767,918.027,-269.773,136.389,-0.723672,-0.689186,-0.036358,0.690047,-0.723447,-0.021410,-0.011548,-0.040582,0.999109,0,0.94593,0.50933,56.756,1.019,-1,400.000,-1,400.000,-1,325.000,325.000,325.000,325.000,-1,675.000,650.000,-1,775.000,750.000,-1,-1,2,0,2,0,2,0,0,0,0,2,0,0,2,0,0,2,2
75,-6421.550,956.437,-270.407,137.408,-0.735828,-0.676229,-0.035651,0.677069,-0.735601,-0.021647,-0.011586,-0.040066,0.999130,0,0.94593,0.50933,56.756,1.019,-1,400.000,-1,400.000,-1,325.000,325.000,325.000,325.000,-1,700.000,675.000,-1,775.000,775.000,-1,-1,2,0,2,0,2,0,0,0,0,2,0,0,2,0,0,2,2
76,-6464.009,994.099,-271.082,138.427,-0.747737,-0.663047,-0.035475,0.663888,-0.747509,-0.021998,-0.011932,-0.040001,0.999128,0,0.94593,0.50933,56.756,1.019,-1,400.000,-1,400.000,-1,325.000,325.000,325.000,325.000,-1,725.000,725.000,-1,775.000,775.000,-1,-1,2,0,2,0,2,0,0,0,0,2,0,0,2,0,0,2,2
77,-6507.131,1031.000,-271.927,139.445,-0.759400,-0.649646,-0.035669,0.650505,-0.759170,-0.022461,-0.012487,-0.040260,0.999111,0,0.94593,0.50933,56.756,1.019,-1,400.000,-1,375.000,-1,325.000,325.000,325.000,325.000,-1,775.000,775.000,-1,775.000,775.000,-1,-1,2,0,2,0,2,0,0,0,0,2,0,0,2,0,0,2,2
78,-6550.902,1067.128,-272.810,140.464,-0.770828,-0.636043,-0.035680,0.636912,-0.770595,-0.022938,-0.012905,-0.040407,0.999100,0,0.94593,0.50933,56.756,1.019,-1,400.000,-1,375.000,-1,325.000,325.000,325.000,325.000,-1,800.000,800.000,-1,775.000,775.000,-1,-1,2,0,2,0,2,0,0,0,0,2,0,0,2,0,0,2,2
79,-6595.309,1102.472,-273.668,141.483,-0.782012,-0.622236,-0.035772,0.623121,-0.781773,-0.023479,-0.013356,-0.040651,0.999084,0,0.94593,0.50933,56.756,1.019,-1,400.000,-1,400.000,-1,325.000,325.000,325.000,325.000,-1,825.000,850.000,-1,775.000,775.000,-1,-1,2,0,2,0,2,0,0,0,0,2,0,0,2,0,0,2,2
80,-6640.337,1137.021,-274.510,142.501,-0.792947,-0.608232,-0.035897,0.609134,-0.792702,-0.024074,-0.013813,-0.040956,0.999065,0,0.94593,0.50933,56.756,1.019,-1,400.000,-1,400.000,-1,325.000,325.000,325.000,325.000,-1,875.000,900.000,-1,775.000,775.000,-1,-1,2,0,2,0,2,0,0,0,0,2,0,0,2,0,0,2,2
81,-6685.972,1170.765,-275.392,143.520,-0.803639,-0.594039,-0.035813,0.594950,-0.803384,-0.024661,-0.014122,-0.041126,0.999054,0,0.94593,0.50933,56.756,1.019,-1,400.000,-1,400.000,-1,325.000,325.000,325.000,325.000,-1,900.000,950.000,-1,800.000,800.000,-1,-1,2,0,2,0,2,0,0,0,0,2,0,0,2,0,0,2,2
82,-6732.199,1203.691,-276.252,144.539,-0.814074,-0.579657,-0.035795,0.580581,-0.813809,-0.025304,-0.014462,-0.041381,0.999039,0,0.94593,0.50933,56.756,1.019,-1,400.000,-1,400.000,-1,325.000,325.000,325.000,325.000,-1,950.000,975.000,-1,800.000,800.000,-1,-1,2,0,2,0,2,0,0,0,0,2,0,0,2,0,0,2,2
83,-6779.005,1235.791,-277.186,145.557,-0.824244,-0.565097,-0.035873,0.566033,-0.823986,-0.025558,-0.015116,-0.041371,0.999029,0,0.94593,0.50933,56.756,1.019,-1,400.000,-1,400.000,-1,325.000,325.000,325.000,325.000,-1,1000.000,-1,-1,800.000,800.000,-1,-1,2,0,2,0,2,0,0,0,0,2,0,2,2,0,0,2,2
84,-6826.374,1267.054,-278.297,146.576,-0.834137,-0.550374,-0.036112,0.551314,-0.833925,-0.024936,-0.016391,-0.040709,0.999037,0,0.94593,0.50933,56.756,1.019,-1,400.000,-1,400.000,-1,325.000,325.000,325.000,325.000,-1,-1,-1,-1,800.000,775.000,-1,-1,2,0,2,0,2,0,0,0,0,2,2,2,2,0,0,2,2
85,-6874.738,1297.470,-279.487,147.835,-0.845993,-0.531944,-0.036499,0.532887,-0.845846,-0.023995,-0.018109,-0.039749,0.999046,0,0.95222,0.62933,57.133,1.259,-1,400.000,-1,400.000,-1,325.000,325.000,325.000,325.000,-1,-1,-1,-1,800.000,775.000,-1,-1,2,0,2,0,2,0,0,0,0,2,2,2,2,0,0,2,2
86,-6924.070,1326.723,-280.685,149.333,-0.859579,-0.509659,-0.037028,0.510609,-0.859502,-0.023128,-0.020038,-0.038787,0.999047,0,0.95589,0.74933,57.353,1.499,-1,400.000,-1,400.000,-1,325.000,325.000,325.000,325.000,-1,-1,-1,-1,800.000,775.000,-1,-1,2,0,2,0,2,0,0,0,0,2,2,2,2,0,0,2,2
87,-6974.452,1354.568,-281.899,151.072,-0.874606,-0.483364,-0.037720,0.484326,-0.874602,-0.022365,-0.022180,-0.037830,0.999038,0,0.95942,0.86933,57.565,1.739,-1,400.000,-1,400.000,-1,325.000,325.000,325.000,325.000,-1,-1,-1,-1,800.000,775.000,-1,-1,2,0,2,0,2,0,0,0,0,2,2,2,2,0,0,2,2
88,-7025.945,1380.747,-283.176,153.051,-0.890732,-0.452892,-0.038549,0.453874,-0.890796,-0.021939,-0.024404,-0.037038,0.999016,0,0.96277,0.98933,57.766,1.979,-1,400.000,-1,400.000,-1,325.000,325.000,325.000,300.000,-1,-1,-1,-1,800.000,775.000,-1,-1,2,0,2,0,2,0,0,0,0,2,2,2,2,0,0,2,2
89,-7078.482,1405.207,-284.584,155.035,-0.905839,-0.421785,-0.039403,0.422802,-0.905950,-0.022198,-0.026334,-0.036768,0.998977,0,0.96586,0.99201,57.952,1.984,-1,400.000,-1,400.000,-1,325.000,325.000,325.000,300.000,-1,-1,-1,-1,825.000,775.000,-1,-1,2,0,2,0,2,0,0,0,0,2,2,2,2,0,0,2,2
90,-7131.987,1427.904,-286.082,157.013,-0.919826,-0.390254,-0.040270,0.391319,-0.919970,-0.022931,-0.028098,-0.036851,0.998926,0,0.96868,0.98928,58.121,1.979,-1,400.000,-1,400.000,975.000,325.000,325.000,325.000,300.000,-1,-1,-1,-1,825.000,800.000,-1,-1,2,0,2,0,1,0,0,0,0,2,2,2,2,0,0,2,2
91,-7186.382,1448.799,-287.727,158.986,-0.932655,-0.358350,-0.041712,0.359499,-0.932833,-0.024138,-0.030260,-0.037508,0.998838,0,0.97117,0.98619,58.270,1.972,-1,400.000,-1,400.000,925.000,325.000,325.000,300.000,325.000,-1,-1,-1,-1,800.000,800.000,-1,-1,2,0,2,0,1,0,0,0,0,2,2,2,2,0,0,2,2
92,-7241.582,1467.858,-289.425,160.951,-0.944333,-0.326135,-0.043265,0.327381,-0.944545,-0.025606,-0.032514,-0.038345,0.998735,0,0.97330,0.98276,58.398,1.966,-1,400.000,-1,400.000,900.000,325.000,325.000,300.000,325.000,-1,-1,-1,-1,800.000,800.000,-1,-1,2,0,2,0,1,0,0,0,0,2,2,2,2,0,0,2,2
93,-7297.501,1485.051,-291.306,162.909,-0.954882,-0.293668,-0.044261,0.294989,-0.955122,-0.026901,-0.034375,-0.038744,0.998658,0,0.97503,0.97899,58.502,1.958,-1,400.000,-1,400.000,875.000,325.000,325.000,300.000,325.000,-1,-1,-1,-1,800.000,800.000,-1,1000.000,2,0,2,0,1,0,0,0,0,2,2,2,2,0,1,2,1
94,-7354.046,1500.352,-293.681,164.859,-0.964285,-0.261013,-0.045026,0.262346,-0.964605,-0.026683,-0.036468,-0.037542,0.998629,0,0.97631,0.97490,58.579,1.950,-1,400.000,-1,400.000,875.000,325.000,325.000,300.000,325.000,-1,-1,-1,-1,800.000,725.000,-1,925.000,2,0,2,0,1,0,0,0,0,2,2,2,2,0,1,2,1
95,-7411.123,1513.740,-296.189,166.800,-0.972539,-0.228205,-0.045733,0.229536,-0.972945,-0.026287,-0.038497,-0.036062,0.998608,0,0.97712,0.97049,58.627,1.941,-1,400.000,-1,400.000,850.000,325.000,325.000,300.000,325.000,-1,-1,-1,-1,775.000,675.000,-1,850.000,2,0,2,0,1,0,0,0,0,2,2,2,2,0,1,2,1
96,-7467.847,1525.280,-298.690,168.501,-0.978846,-0.199233,-0.046554,0.200570,-0.979334,-0.026025,-0.040407,-0.034812,0.998577,0,0.96476,0.85049,57.886,1.701,-1,400.000,-1,400.000,800.000,325.000,325.000,300.000,300.000,-1,-1,-1,-1,775.000,625.000,-1,775.000,2,0,2,0,1,0,0,0,0,2,2,2,2,0,1,2,1
97,-7525.744,1535.529,-301.252,169.962,-0.983564,-0.174205,-0.047488,0.175555,-0.984130,-0.025879,-0.042227,-0.033791,0.998536,0,0.97995,0.73049,58.797,1.461,-1,400.000,-1,400.000,750.000,325.000,325.000,300.000,300.000,-1,-1,-1,-1,775.000,600.000,-1,700.000,2,0,2,0,1,0,0,0,0,2,2,2,2,0,1,2,1
98,-7584.038,1544.571,-303.839,171.183,-0.987004,-0.153199,-0.048504,0.154568,-0.987644,-0.025834,-0.043947,-0.032996,0.998489,0,0.98318,0.61049,58.991,1.221,-1,400.000,-1,400.000,675.000,325.000,325.000,300.000,300.000,-1,-1,-1,-1,775.000,550.000,-1,625.000,2,0,2,1,1,0,0,0,0,2,2,2,2,0,1,2,1
99,-7642.661,1552.640,-306.447,172.164,-0.989430,-0.136270,-0.049582,0.137665,-0.990141,-0.025872,-0.045567,-0.032424,0.998435,0,0.98626,0.49049,59.176,0.981,-1,400.000,-1,375.000,600.000,325.000,325.000,300.000,300.000,-1,-1,-1,-1,750.000,525.000,-1,575.000,2,0,2,1,1,0,1,0,0,2,2,2,2,0,1,2,1
100,-7701.558,1559.971,-309.070,172.905,-0.991054,-0.123456,-0.050708,0.124882,-0.991832,-0.025974,-0.047087,-0.032074,0.998376,0,0.98919,0.37049,59.351,0.741,-1,400.000,-1,350.000,525.000,325.000,300.000,300.000,300.000,-1,-1,-1,-1,750.000,500.000,-1,500.000,2,0,2,1,1,0,1,0,0,2,2,2,2,0,1,2,1
101,-7760.683,1566.806,-311.703,173.406,-0.992036,-0.114779,-0.051871,0.116242,-0.992877,-0.026120,-0.048503,-0.031942,0.998312,0,0.99198,0.25049,59.519,0.501,-1,400.000,-1,325.000,450.000,325.000,300.000,300.000,300.000,-1,-1,-1,-1,750.000,475.000,-1,450.000,2,0,2,1,1,0,1,0,0,2,2,2,2,0,1,2,1
102,-7819.997,1573.389,-314.342,173.667,-0.992486,-0.110255,-0.053062,0.111761,-0.993387,-0.026292,-0.049812,-0.032025,0.998245,0,0.99465,0.13049,59.679,0.261,-1,400.000,-1,325.000,400.000,325.000,300.000,300.000,300.000,-1,-1,-1,-1,750.000,450.000,-1,400.000,2,0,2,1,1,0,1,0,0,2,2,2,2,0,1,2,1
103,-7879.467,1579.967,-317.041,173.688,-0.992491,-0.109890,-0.053720,0.111441,-0.993410,-0.026783,-0.050423,-0.032569,0.998197,0,0.99721,0.01049,59.832,0.021,-1,375.000,-1,300.000,325.000,325.000,275.000,300.000,300.000,-1,-1,-1,-1,725.000,425.000,-1,325.000,2,0,2,1,1,0,1,0,0,2,2,2,2,0,1,2,1
104,-7939.072,1586.663,-318.343,173.588,-0.992527,-0.111601,-0.049349,0.113296,-0.993014,-0.032979,-0.045323,-0.038323,0.998237,0,0.99968,-0.05002,59.981,-0.100,-1,400.000,-1,300.000,300.000,325.000,275.000,300.000,325.000,-1,-1,-1,-1,750.000,400.000,-1,300.000,2,0,2,1,1,0,1,0,0,2,2,2,2,0,1,2,1
105,-7998.684,1593.470,-318.483,173.480,-0.992666,-0.113417,-0.041855,0.115234,-0.992367,-0.043924,-0.036554,-0.048425,0.998158,0,1.00000,-0.05381,60.000,-0.108,-1,425.000,-1,300.000,275.000,350.000,300.000,300.000,350.000,-1,-1,-1,-1,775.000,400.000,-1,275.000,2,0,2,1,1,0,1,0,0,2,2,2,2,0,1,2,1
106,-8053.694,1600.089,-318.463,173.132,-0.992241,-0.119371,-0.034759,0.121153,-0.991124,-0.054720,-0.027919,-0.058507,0.997897,0,0.92346,-0.17381,55.407,-0.348,-1,425.000,-1,300.000,250.000,350.000,300.000,300.000,375.000,-1,500.000,850.000,-1,825.000,400.000,-1,275.000,2,0,2,1,1,0,1,0,0,2,0,0,2,0,1,2,1
107,-8108.742,1607.285,-318.243,172.545,-0.991206,-0.129437,-0.027511,0.131014,-0.989148,-0.066496,-0.018606,-0.069516,0.997407,0,0.92527,-0.29381,55.516,-0.588,-1,450.000,-1,300.000,250.000,375.000,300.000,275.000,400.000,-1,225.000,450.000,-1,850.000,375.000,-1,250.000,2,0,2,1,1,0,1,0,0,2,0,0,2,0,1,2,1
108,-8163.786,1615.288,-317.764,171.717,-0.989433,-0.143579,-0.020164,0.144741,-0.986265,-0.079574,-0.008462,-0.081652,0.996625,0,0.92704,-0.41381,55.623,-0.828,-1,475.000,-1,275.000,225.000,400.000,300.000,275.000,450.000,-1,150.000,300.000,-1,900.000,375.000,-1,225.000,2,0,2,1,1,1,1,0,0,2,0,0,2,0,1,2,1
109,-8218.775,1624.330,-316.963,170.650,-0.986751,-0.161736,-0.012810,0.162221,-0.982239,-0.094293,0.002668,-0.095122,0.995462,0,0.92879,-0.53381,55.727,-1.068,-1,500.000,-1,275.000,200.000,400.000,275.000,275.000,475.000,850.000,125.000,250.000,-1,975.000,375.000,-1,225.000,2,0,2,1,1,1,1,0,1,0,0,0,2,0,1,2,1
110,-8273.648,1634.640,-315.779,169.342,-0.982943,-0.183823,-0.005604,0.183301,-0.976770,-0.111002,0.014931,-0.110136,0.993804,0,0.93052,-0.65381,55.831,-1.308,-1,525.000,-1,275.000,200.000,400.000,275.000,250.000,475.000,625.000,75.000,225.000,-1,-1,375.000,-1,200.000,2,0,2,1,1,1,1,0,1,0,0,0,2,2,1,2,1
111,-8328.326,1646.447,-314.150,167.794,-0.977762,-0.209713,0.001221,0.207777,-0.969494,-0.130042,0.028455,-0.126897,0.991508,0,0.93226,-0.77381,55.935,-1.548,-1,550.000,-1,250.000,175.000,400.000,275.000,250.000,475.000,500.000,50.000,200.000,-1,-1,-1,-1,175.000,2,0,2,1,1,1,1,0,1,0,0,0,2,2,2,2,1
112,-8382.713,1659.974,-312.020,166.007,-0.970935,-0.239232,0.007335,0.235388,-0.959985,-0.151725,0.043339,-0.145589,0.988396,0,0.93400,-0.89381,56.040,-1.788,-1,575.000,-1,250.000,175.000,400.000,275.000,250.000,475.000,400.000,50.000,200.000,-1,-1,-1,-1,175.000,2,0,2,1,1,1,1,0,1,0,0,0,2,2,2,2,1
113,-8436.699,1675.415,-309.338,164.007,-0.962306,-0.271688,0.012345,0.265362,-0.947907,-0.176228,0.059580,-0.166309,0.984272,0,0.93575,-1.00000,56.145,-2.000,-1,600.000,-1,300.000,150.000,425.000,325.000,225.000,475.000,325.000,25.000,175.000,-1,-1,-1,-1,150.000,2,1,2,1,1,1,1,0,1,0,0,0,2,2,2,2,1
114,-5575.467,-983.921,-244.754,120.854,-0.509106,-0.855735,-0.092347,0.859448,-0.511222,-0.000863,-0.046471,-0.079807,0.995727,1,0.00000,0.00000,56.249,-2.000,-1,375.000,-1,375.000,-1,300.000,300.000,300.000,350.000,600.000,100.000,50.000,-1,675.000,725.000,-1,-1,2,0,2,0,2,0,0,0,0,1,1,1,2,0,0,2,2
115,-5577.911,-979.790,-245.028,120.614,-0.505576,-0.857893,-0.091718,0.861565,-0.507647,-0.000870,-0.045814,-0.079460,0.995785,0,0.08000,-0.12000,4.800,-0.240,-1,375.000,-1,375.000,-1,300.000,300.000,300.000,350.000,600.000,100.000,50.000,-1,675.000,725.000,-1,-1,2,0,2,0,2,0,0,0,0,1,1,1,2,0,0,2,2
116,-5582.755,-971.501,-245.604,120.306,-0.501082,-0.860671,-0.090345,0.864250,-0.503061,-0.000990,-0.044597,-0.078577,0.995910,0,0.16000,-0.15407,9.600,-0.308,-1,375.000,-1,375.000,-1,300.000,300.000,300.000,350.000,625.000,125.000,50.000,-1,675.000,725.000,-1,-1,2,0,2,0,2,0,0,0,0,1,1,1,2,0,0,2,2
117,-5589.953,-959.029,-246.482,120.000,-0.496661,-0.863449,-0.088224,0.866885,-0.498507,-0.001273,-0.042882,-0.077112,0.996100,0,0.24000,-0.15325,14.400,-0.306,-1,375.000,-1,375.000,-1,300.000,325.000,300.000,350.000,625.000,125.000,50.000,-1,675.000,725.000,-1,-1,2,0,2,0,2,0,0,0,0,1,1,1,2,0,0,2,2
118,-5599.462,-942.350,-247.642,119.696,-0.492317,-0.866214,-0.085428,0.869464,-0.493994,-0.001721,-0.040710,-0.075124,0.996343,0,0.32000,-0.15201,19.200,-0.304,-1,375.000,-1,375.000,-1,300.000,325.000,300.000,350.000,675.000,150.000,75.000,-1,675.000,725.000,-1,-1,2,0,2,0,2,0,0,0,0,1,1,1,2,0,0,2,2
119,-5611.240,-921.438,-249.063,119.395,-0.488047,-0.868952,-0.082056,0.871984,-0.489530,-0.002335,-0.038140,-0.072691,0.996625,0,0.40000,-0.15036,24.000,-0.301,-1,375.000,-1,375.000,-1,300.000,325.000,300.000,325.000,700.000,150.000,75.000,-1,700.000,725.000,-1,-1,2,0,2,0,2,0,0,0,0,1,1,1,2,0,0,2,2
120,-5625.243,-896.271,-250.713,119.098,-0.483850,-0.871647,-0.078232,0.874441,-0.485122,-0.003108,-0.035243,-0.069913,0.996930,0,0.48000,-0.14829,28.800,-0.297,-1,375.000,-1,375.000,-1,325.000,325.000,300.000,325.000,750.000,175.000,75.000,-1,700.000,725.000,-1,-1,2,0,2,0,2,0,0,0,0,1,1,1,2,0,0,2,2
121,-5641.430,-866.828,-252.569,118.807,-0.479721,-0.874288,-0.074085,0.876833,-0.480779,-0.003988,-0.032131,-0.066873,0.997244,0,0.56000,-0.14582,33.600,-0.292,-1,375.000,-1,400.000,-1,325.000,325.000,300.000,325.000,800.000,175.000,100.000,-1,725.000,725.000,-1,-1,2,0,2,0,2,0,0,0,0,1,1,1,2,0,0,2,2
122,-5659.762,-833.086,-254.591,118.521,-0.475658,-0.876858,-0.069784,0.879155,-0.476510,-0.004957,-0.028906,-0.063709,0.997550,0,0.64000,-0.14292,38.400,-0.286,-1,400.000,-1,400.000,-1,325.000,325.000,300.000,300.000,875.000,200.000,100.000,-1,725.000,725.000,-1,-1,2,0,2,0,2,0,0,0,0,1,1,1,2,0,0,2,2
123,-5680.203,-795.028,-256.149,118.242,-0.471501,-0.879225,-0.068197,0.881442,-0.472261,-0.005527,-0.027348,-0.062718,0.997657,0,0.72000,-0.13962,43.200,-0.279,-1,400.000,-1,400.000,-1,325.000,325.000,300.000,300.000,975.000,225.000,150.000,-1,725.000,725.000,-1,-1,2,0,2,0,2,0,0,0,0,1,1,1,2,0,0,2,2
124,-5701.744,-754.465,-257.406,117.970,-0.467342,-0.881434,-0.068301,0.883670,-0.468074,-0.005844,-0.026819,-0.063087,0.997648,0,0.76546,-0.13589,45.928,-0.272,-1,400.000,-1,375.000,-1,325.000,325.000,300.000,300.000,-1,275.000,200.000,-1,725.000,725.000,-1,-1,2,0,2,0,2,0,0,0,0,2,1,1,2,0,0,2,2
125,-5723.183,-713.641,-258.652,117.706,-0.463296,-0.883558,-0.068421,0.885814,-0.463998,-0.006207,-0.026264,-0.063484,0.997637,0,0.76851,-0.13192,46.111,-0.264,-1,400.000,-1,375.000,-1,325.000,325.000,300.000,300.000,-1,325.000,225.000,-1,725.000,725.000,-1,-1,2,0,2,0,2,0,0,0,0,2,1,1,2,0,0,2,2
126,-5744.524,-672.558,-259.881,117.450,-0.459366,-0.885596,-0.068572,0.887876,-0.460035,-0.006644,-0.025661,-0.063935,0.997624,0,0.77159,-0.12794,46.295,-0.256,-1,375.000,-1,375.000,-1,325.000,325.000,300.000,300.000,-1,375.000,275.000,-1,700.000,725.000,-1,-1,2,0,2,0,2,0,0,0,0,2,1,1,2,0,0,2,2
127,-5765.773,-631.218,-261.094,117.202,-0.455554,-0.887549,-0.068749,0.889857,-0.456184,-0.007150,-0.025017,-0.064434,0.997608,0,0.77470,-0.12393,46.482,-0.248,-1,375.000,-1,375.000,-1,325.000,325.000,300.000,300.000,-1,425.000,325.000,-1,700.000,725.000,-1,-1,2,0,2,0,2,0,0,0,0,2,1,1,2,0,0,2,2
128,-5786.934,-589.621,-262.293,116.963,-0.451861,-0.889419,-0.068955,0.891757,-0.452449,-0.007722,-0.024330,-0.064981,0.997590,0,0.77783,-0.11991,46.670,-0.240,-1,375.000,-1,375.000,-1,325.000,325.000,300.000,300.000,-1,475.000,375.000,-1,700.000,725.000,-1,-1,2,0,2,0,2,0,0,0,0,2,1,1,2,0,0,2,2
129,-5808.011,-547.770,-263.415,116.731,-0.448280,-0.891222,-0.069058,0.893576,-0.448838,-0.008073,-0.023801,-0.065328,0.997580,0,0.78099,-0.11586,46.859,-0.232,-1,375.000,-1,375.000,-1,325.000,325.000,300.000,300.000,-1,525.000,400.000,-1,700.000,725.000,-1,-1,2,0,2,0,2,0,0,0,0,2,1,1,2,0,0,2,2
130,-5829.010,-505.665,-264.487,116.507,-0.444815,-0.892952,-0.069114,0.895318,-0.445350,-0.008330,-0.023341,-0.065584,0.997574,0,0.78417,-0.11180,47.050,-0.224,-1,375.000,-1,375.000,-1,300.000,325.000,300.000,300.000,-1,575.000,450.000,-1,700.000,725.000,-1,-1,2,0,2,0,2,0,0,0,0,2,1,1,2,0,0,2,2
131,-5849.936,-463.310,-265.428,116.292,-0.441507,-0.894630,-0.068619,0.896975,-0.441994,-0.008746,-0.022505,-0.065411,0.997605,0,0.78737,-0.10771,47.242,-0.215,-1,375.000,-1,375.000,-1,300.000,325.000,300.000,300.000,-1,600.000,500.000,-1,700.000,725.000,-1,-1,2,0,2,0,2,0,0,0,0,2,1,1,2,0,0,2,2
132,-5870.793,-420.705,-266.295,116.085,-0.438338,-0.896244,-0.067866,0.898554,-0.438766,-0.009262,-0.021476,-0.065041,0.997651,0,0.79060,-0.10361,47.436,-0.207,-1,375.000,-1,375.000,-1,300.000,325.000,300.000,300.000,-1,650.000,550.000,-1,700.000,725.000,-1,-1,2,0,2,0,2,0,0,0,0,2,1,1,2,0,0,2,2
