timestep,x_cm,y_cm,z_cm,yaw_deg,basis_xx,basis_xy,basis_xz,basis_yx,basis_yy,basis_yz,basis_zx,basis_zy,basis_zz,teleport_flag,throttle_cmd,steering_cmd,cmd_move_cm,cmd_turn_deg,lidar_cm_0,lidar_cm_1,lidar_cm_2,lidar_cm_3,lidar_cm_4,lidar_cm_5,lidar_cm_6,lidar_cm_7,lidar_cm_8,lidar_cm_9,lidar_cm_10,lidar_cm_11,lidar_cm_12,lidar_cm_13,lidar_cm_14,lidar_cm_15,lidar_cm_16,lidar_class_0,lidar_class_1,lidar_class_2,lidar_class_3,lidar_class_4,lidar_class_5,lidar_class_6,lidar_class_7,lidar_class_8,lidar_class_9,lidar_class_10,lidar_class_11,lidar_class_12,lidar_class_13,lidar_class_14,lidar_class_15,lidar_class_16
0,-9511.007,-5575.422,40.928,-72.154,0.307539,0.950884,0.035215,-0.951141,0.306135,0.040153,0.027400,-0.045843,0.998573,1,0.00000,0.00000,4.800,-0.240,-1,375.000,-1,375.000,-1,300.000,300.000,325.000,300.000,-1,425.000,475.000,-1,725.000,725.000,-1,-1,2,0,2,0,2,0,0,0,0,2,0,0,2,0,0,2,2
1,-9509.555,-5579.997,41.065,-72.394,0.303563,0.952162,0.035160,-0.952406,0.302151,0.040343,0.027790,-0.045734,0.998567,0,0.08000,-0.12000,4.800,-0.240,-1,375.000,-1,375.000,-1,300.000,300.000,325.000,300.000,-1,425.000,475.000,-1,725.000,725.000,-1,-1,2,0,2,0,2,0,0,0,0,2,0,0,2,0,0,2,2
2,-9506.709,-5589.165,41.340,-72.752,0.297627,0.954039,0.035053,-0.954258,0.296199,0.040723,0.028469,-0.045570,0.998555,0,0.16000,-0.17897,9.600,-0.358,-1,375.000,-1,375.000,-1,325.000,300.000,325.000,300.000,-1,425.000,475.000,-1,725.000,725.000,-1,-1,2,0,2,0,2,0,0,0,0,2,0,0,2,0,0,2,2
3,-9502.525,-5602.944,41.752,-73.109,0.291711,0.955870,0.034895,-0.956056,0.290261,0.041290,0.029340,-0.045406,0.998538,0,0.24000,-0.17821,14.400,-0.356,-1,375.000,-1,375.000,-1,325.000,300.000,325.000,300.000,-1,425.000,475.000,-1,725.000,725.000,-1,-1,2,0,2,0,2,0,0,0,0,2,0,0,2,0,0,2,2
4,-9497.060,-5621.350,42.305,-73.463,0.285828,0.957653,0.034688,-0.957798,0.284349,0.042047,0.030403,-0.045242,0.998513,0,0.32000,-0.17708,19.200,-0.354,-1,375.000,-1,375.000,-1,325.000,300.000,325.000,300.000,-1,450.000,475.000,-1,725.000,725.000,-1,-1,2,0,2,0,2,0,0,0,0,2,0,0,2,0,0,2,2
5,-9490.370,-5644.399,43.002,-73.814,0.279992,0.959385,0.034434,-0.959480,0.278477,0.042992,0.031657,-0.045076,0.998482,0,0.40000,-0.17557,24.000,-0.351,-1,375.000,-1,375.000,-1,325.000,325.000,325.000,300.000,-1,450.000,500.000,-1,725.000,725.000,-1,-1,2,0,2,0,2,0,0,0,0,2,0,0,2,0,0,2,2
6,-9482.510,-5672.106,43.844,-74.161,0.274214,0.961063,0.034135,-0.961099,0.272657,0.044128,0.033103,-0.044907,0.998443,0,0.48000,-0.17368,28.800,-0.347,-1,375.000,-1,375.000,-1,325.000,325.000,325.000,300.000,-1,475.000,500.000,-1,725.000,725.000,-1,-1,2,0,2,0,2,0,0,0,0,2,0,0,2,0,0,2,2
7,-9473.533,-5704.485,44.835,-74.504,0.268508,0.962684,0.033792,-0.962651,0.266903,0.045454,0.034739,-0.044734,0.998395,0,0.56000,-0.17142,33.600,-0.343,-1,375.000,-1,375.000,-1,325.000,325.000,325.000,300.000,-1,500.000,525.000,-1,750.000,725.000,-1,-1,2,0,2,0,2,0,0,0,0,2,0,0,2,0,0,2,2
8,-9463.492,-5741.549,45.977,-74.842,0.262888,0.964248,0.033406,-0.964133,0.261229,0.046971,0.036565,-0.044556,0.998338,0,0.64000,-0.16878,38.400,-0.338,-1,400.000,-1,375.000,-1,325.000,325.000,325.000,300.000,-1,475.000,500.000,-1,750.000,750.000,-1,-1,2,0,2,0,2,0,0,0,0,2,0,0,2,0,0,2,2
9,-9452.438,-5783.311,47.274,-75.173,0.257365,0.965751,0.032977,-0.965544,0.255648,0.048679,0.038581,-0.044369,0.998270,0,0.72000,-0.16576,43.200,-0.332,-1,400.000,-1,400.000,-1,325.000,325.000,325.000,300.000,-1,450.000,475.000,-1,750.000,750.000,-1,-1,2,0,2,0,2,0,0,0,0,2,0,0,2,0,0,2,2
10,-9441.137,-5827.001,48.662,-75.498,0.251952,0.967189,0.032635,-0.966888,0.250172,0.050421,0.040603,-0.044258,0.998195,0,0.75212,-0.16235,45.127,-0.325,-1,400.000,-1,400.000,-1,325.000,325.000,325.000,300.000,-1,400.000,425.000,-1,775.000,750.000,-1,-1,2,0,2,0,2,0,0,0,0,2,0,0,2,0,0,2,2
11,-9430.041,-5870.901,50.333,-75.815,0.246661,0.968524,0.033459,-0.968202,0.244798,0.051574,0.041760,-0.045117,0.998109,0,0.75468,-0.15879,45.281,-0.318,-1,400.000,-1,400.000,-1,325.000,325.000,300.000,300.000,-1,425.000,450.000,-1,775.000,775.000,-1,-1,2,0,2,0,2,0,0,0,0,2,0,0,2,0,0,2,2
12,-9419.145,-5915.012,51.996,-76.126,0.241480,0.969802,0.034214,-0.969460,0.239539,0.052616,0.042832,-0.045875,0.998029,0,0.75727,-0.15520,45.436,-0.310,-1,400.000,-1,400.000,-1,325.000,325.000,300.000,300.000,-1,425.000,450.000,-1,775.000,800.000,-1,-1,2,0,2,0,2,0,0,0,0,2,0,0,2,0,0,2,2
13,-9408.346,-5959.694,53.752,-76.412,0.236679,0.970965,0.034782,-0.970605,0.234679,0.053402,0.043689,-0.046398,0.997967,0,0.76614,-0.14331,45.968,-0.287,-1,400.000,-1,400.000,-1,325.000,325.000,300.000,300.000,-1,450.000,475.000,-1,775.000,800.000,-1,-1,2,0,2,0,2,0,0,0,0,2,0,0,2,0,0,2,2
14,-9397.749,-6004.503,55.726,-76.695,0.231878,0.972124,0.034738,-0.971762,0.229891,0.053194,0.043725,-0.046092,0.997980,0,0.76742,-0.14128,46.045,-0.283,-1,400.000,-1,400.000,-1,325.000,325.000,300.000,300.000,-1,500.000,525.000,-1,775.000,800.000,-1,-1,2,0,2,0,2,0,0,0,0,2,0,0,2,0,0,2,2
15,-9387.355,-6049.432,57.698,-76.973,0.227142,0.973241,0.034768,-0.972881,0.225167,0.052943,0.043698,-0.045851,0.997992,0,0.76859,-0.13920,46.116,-0.278,-1,400.000,-1,400.000,-1,325.000,325.000,300.000,300.000,-1,550.000,575.000,-1,775.000,800.000,-1,-1,2,0,2,0,2,0,0,0,0,2,0,0,2,0,0,2,2
16,-9377.161,-6094.472,59.682,-77.247,0.222474,0.974318,0.034790,-0.973960,0.220511,0.052689,0.043665,-0.045606,0.998005,0,0.76965,-0.13706,46.179,-0.274,-1,400.000,-1,400.000,-1,325.000,325.000,300.000,300.000,-1,600.000,625.000,-1,775.000,825.000,-1,-1,2,0,2,0,2,0,0,0,0,2,0,0,2,0,0,2,2
17,-9367.168,-6139.615,61.679,-77.517,0.217873,0.975356,0.034803,-0.975002,0.215923,0.052433,0.043626,-0.045357,0.998018,0,0.77059,-0.13488,46.236,-0.270,-1,400.000,-1,400.000,-1,325.000,325.000,300.000,300.000,-1,650.000,675.000,-1,800.000,825.000,-1,-1,2,0,2,0,2,0,0,0,0,2,0,0,2,0,0,2,2
18,-9357.373,-6184.851,63.687,-77.783,0.213344,0.976357,0.034808,-0.976005,0.211407,0.052173,0.043581,-0.045103,0.998031,0,0.77141,-0.13266,46.285,-0.265,-1,400.000,-1,400.000,-1,325.000,325.000,300.000,300.000,-1,700.000,725.000,-1,800.000,825.000,-1,-1,2,0,2,0,2,0,0,0,0,2,0,0,2,0,0,2,2
19,-9347.776,-6230.172,65.708,-78.043,0.208886,0.977320,0.034804,-0.976971,0.206963,0.051910,0.043530,-0.044846,0.998045,0,0.77211,-0.13040,46.326,-0.261,-1,400.000,-1,400.000,-1,325.000,325.000,300.000,300.000,-1,750.000,800.000,-1,800.000,825.000,-1,-1,2,0,2,0,2,0,0,0,0,2,0,0,2,0,0,2,2
20,-9338.374,-6275.570,67.740,-78.300,0.204503,0.978247,0.034793,-0.977900,0.202593,0.051646,0.043473,-0.044586,0.998059,0,0.77268,-0.12810,46.361,-0.256,-1,400.000,-1,400.000,-1,325.000,325.000,300.000,300.000,-1,825.000,850.000,-1,800.000,825.000,-1,-1,2,0,2,0,2,0,0,0,0,2,0,0,2,0,0,2,2
21,-9329.167,-6321.034,69.784,-78.551,0.200195,0.979139,0.034782,-0.978794,0.198299,0.051388,0.043419,-0.044332,0.998073,0,0.77312,-0.12578,46.387,-0.252,-1,400.000,-1,400.000,-1,325.000,325.000,300.000,300.000,-1,875.000,900.000,-1,800.000,850.000,-1,-1,2,0,2,0,2,0,0,0,0,2,0,0,2,0,0,2,2
22,-9320.152,-6366.556,71.840,-78.798,0.195963,0.979995,0.034768,-0.979652,0.194080,0.051133,0.043363,-0.044080,0.998086,0,0.77343,-0.12343,46.406,-0.247,-1,400.000,-1,400.000,-1,325.000,325.000,300.000,300.000,-1,925.000,950.000,-1,825.000,850.000,-1,-1,2,0,2,0,2,0,0,0,0,2,0,0,2,0,0,2,2
23,-9311.235,-6412.906,73.944,-79.111,0.190595,0.981054,0.034746,-0.980711,0.188727,0.050874,0.043352,-0.043772,0.998100,0,0.78666,-0.15648,47.200,-0.313,-1,400.000,-1,400.000,-1,325.000,325.000,300.000,300.000,-1,1000.000,-1,-1,825.000,850.000,-1,-1,2,0,2,0,2,0,0,0,0,2,0,2,2,0,1,2,2
24,-9302.540,-6459.486,76.067,-79.426,0.185186,0.982090,0.034717,-0.981747,0.183332,0.050613,0.043342,-0.043456,0.998115,0,0.78976,-0.15753,47.385,-0.315,-1,400.000,-1,400.000,-1,325.000,325.000,300.000,300.000,-1,-1,-1,-1,825.000,825.000,-1,-1,2,0,2,0,2,0,0,0,0,2,2,2,2,0,1,2,2
25,-9294.070,-6506.297,78.208,-79.743,0.179733,0.983104,0.034668,-0.982760,0.177895,0.050359,0.043341,-0.043122,0.998129,0,0.79285,-0.15860,47.571,-0.317,-1,400.000,-1,425.000,-1,325.000,325.000,300.000,300.000,-1,-1,-1,-1,825.000,800.000,-1,-1,2,0,2,0,2,0,0,0,0,2,2,2,2,0,1,2,2
26,-9285.247,-6557.920,80.359,-80.300,0.170099,0.984846,0.033840,-0.984485,0.168336,0.049522,0.043075,-0.041739,0.998200,0,0.87285,-0.27860,52.371,-0.557,-1,400.000,-1,425.000,-1,325.000,325.000,300.000,300.000,-1,-1,-1,-1,850.000,750.000,-1,-1,2,0,2,0,2,0,0,0,0,2,2,2,2,0,1,2,2
27,-9276.400,-6614.403,82.580,-81.098,0.156290,0.987167,0.032795,-0.986794,0.154628,0.048254,0.042564,-0.039904,0.998297,0,0.95285,-0.39860,57.171,-0.797,-1,400.000,-1,425.000,-1,325.000,325.000,300.000,300.000,-1,-1,-1,-1,850.000,725.000,-1,950.000,2,0,2,0,2,0,0,0,0,2,2,2,2,0,1,2,1
28,-9268.359,-6672.610,84.579,-82.135,0.138332,0.989831,0.033142,-0.989524,0.136738,0.046322,0.041319,-0.039203,0.998377,0,0.97932,-0.51860,58.759,-1.037,-1,400.000,-1,425.000,-1,325.000,325.000,300.000,300.000,-1,-1,-1,-1,850.000,675.000,-1,900.000,2,0,2,0,2,0,0,0,0,2,2,2,2,0,1,2,1
29,-9261.591,-6731.219,86.636,-83.412,0.116168,0.992667,0.033435,-0.992415,0.114645,0.044364,0.040206,-0.038336,0.998456,0,0.98331,-0.63860,58.999,-1.277,-1,400.000,-1,400.000,-1,325.000,325.000,300.000,300.000,-1,-1,-1,-1,850.000,650.000,-1,825.000,2,0,2,0,2,0,0,0,0,2,2,2,2,0,1,2,1
30,-9256.314,-6790.227,88.760,-84.890,0.090458,0.995332,0.033647,-0.995129,0.089007,0.042380,0.039187,-0.037317,0.998535,0,0.98740,-0.73898,59.244,-1.478,-1,400.000,-1,400.000,-1,325.000,325.000,300.000,300.000,-1,-1,-1,-1,875.000,600.000,-1,775.000,2,0,2,0,2,0,0,0,0,2,2,2,2,0,1,2,1
31,-9252.546,-6849.604,90.952,-86.369,0.064672,0.997336,0.033752,-0.997178,0.063296,0.040371,0.038127,-0.036267,0.998615,0,0.99160,-0.73931,59.496,-1.479,-1,400.000,-1,400.000,-1,325.000,325.000,300.000,300.000,-1,-1,-1,-1,875.000,575.000,-1,725.000,2,0,2,0,2,0,0,0,0,2,2,2,2,0,1,2,1
32,-9250.302,-6909.313,93.213,-87.848,0.038835,0.998675,0.033755,-0.998560,0.037534,0.038340,0.037022,-0.035195,0.998695,0,0.99585,-0.73951,59.751,-1.479,-1,400.000,-1,375.000,-1,325.000,325.000,300.000,300.000,-1,-1,-1,-1,875.000,525.000,-1,675.000,2,1,2,1,2,0,0,0,0,2,2,2,2,0,1,2,1
33,-9249.598,-6969.309,95.541,-89.327,0.012966,0.999349,0.033659,-0.999272,0.011743,0.036286,0.035867,-0.034105,0.998774,0,1.00000,-0.73957,60.000,-1.479,-1,375.000,-1,350.000,-1,325.000,325.000,300.000,300.000,-1,-1,-1,-1,825.000,500.000,-1,625.000,2,1,2,1,2,1,1,0,0,2,2,2,2,1,1,2,1
34,-9250.442,-7029.303,97.924,-90.806,-0.012909,0.999357,0.033457,-0.999315,-0.014055,0.034231,0.034679,-0.032992,0.998854,0,1.00000,-0.73950,60.000,-1.479,-1,375.000,-1,325.000,-1,300.000,300.000,300.000,300.000,-1,-1,-1,-1,750.000,450.000,-1,550.000,2,1,2,1,2,1,1,0,0,2,2,2,2,1,1,2,1
35,-9252.834,-7089.255,100.360,-92.284,-0.038770,0.998698,0.033149,-0.998688,-0.039838,0.032179,0.033458,-0.031858,0.998932,0,1.00000,-0.73927,60.000,-1.479,-1,350.000,1000.000,300.000,-1,275.000,275.000,300.000,300.000,-1,-1,-1,-1,675.000,425.000,-1,500.000,2,1,1,1,2,1,1,0,0,2,2,2,2,1,1,2,1
36,-9256.771,-7149.126,102.864,-93.762,-0.064588,0.997373,0.032806,-0.997391,-0.065582,0.030185,0.032257,-0.030770,0.999006,0,1.00000,-0.73889,60.000,-1.478,-1,325.000,875.000,275.000,-1,275.000,250.000,300.000,300.000,-1,-1,-1,-1,600.000,375.000,-1,450.000,2,1,1,1,2,1,1,0,0,2,2,2,2,1,1,2,1
37,-9262.249,-7208.875,105.435,-95.239,-0.090314,0.995386,0.032404,-0.995398,-0.091266,0.029212,0.032035,-0.029616,0.999048,0,1.00000,-0.73833,60.000,-1.477,-1,325.000,750.000,250.000,1000.000,250.000,225.000,300.000,300.000,-1,-1,-1,-1,550.000,350.000,975.000,400.000,2,1,1,1,1,1,1,0,0,2,2,2,2,1,1,1,1
38,-9269.265,-7268.465,109.594,-96.714,-0.115651,0.992690,0.034516,-0.992521,-0.116859,0.035299,0.039075,-0.030176,0.998781,0,1.00000,-0.73760,60.000,-1.475,-1,300.000,700.000,250.000,975.000,250.000,225.000,300.000,300.000,-1,-1,-1,-1,525.000,325.000,900.000,400.000,2,1,1,1,1,1,1,0,0,2,2,2,2,1,1,1,1
39,-9277.809,-7327.855,115.866,-98.187,-0.140290,0.989145,0.043717,-0.988695,-0.142313,0.047222,0.052931,-0.036597,0.997927,0,1.00000,-0.73667,60.000,-1.473,-1,300.000,775.000,250.000,975.000,250.000,225.000,325.000,325.000,-1,-1,-1,-1,525.000,350.000,850.000,550.000,2,1,1,1,1,1,1,0,0,2,2,2,2,1,1,1,1
40,-9287.875,-7387.006,122.220,-99.658,-0.164683,0.984994,0.051643,-0.984074,-0.167631,0.059151,0.066921,-0.041079,0.996912,0,1.00000,-0.73553,60.000,-1.471,-1,300.000,-1,225.000,950.000,225.000,200.000,325.000,350.000,-1,425.000,600.000,-1,525.000,375.000,825.000,725.000,2,1,2,1,1,1,1,0,0,2,0,0,2,1,1,1,1
41,-9299.455,-7445.881,128.659,-101.127,-0.188884,0.980278,0.058127,-0.978647,-0.192796,0.071268,0.081069,-0.043424,0.995762,0,1.00000,-0.73416,60.000,-1.468,1000.000,300.000,-1,250.000,925.000,225.000,200.000,325.000,375.000,-1,200.000,250.000,-1,500.000,400.000,775.000,725.000,1,1,2,1,1,1,1,0,0,2,0,0,2,1,1,1,1
42,-2951.712,2295.680,92.719,-91.462,-0.015664,0.999058,0.040477,-0.966468,-0.025505,0.255516,0.256308,-0.035118,0.965957,1,0.00000,0.00000,60.000,-1.465,-1,150.000,150.000,175.000,-1,100.000,125.000,550.000,525.000,575.000,75.000,75.000,600.000,225.000,250.000,-1,875.000,2,1,1,1,2,1,1,0,0,0,0,0,1,1,1,2,1
43,-1639.827,8199.154,-272.114,-68.801,0.361854,0.932002,0.020818,-0.932174,0.361486,0.019451,0.010603,-0.026444,0.999594,1,0.00000,0.00000,4.800,0.240,925.000,400.000,675.000,375.000,-1,325.000,325.000,300.000,300.000,-1,-1,-1,-1,575.000,600.000,725.000,-1,1,0,1,1,2,0,0,0,0,2,2,2,2,1,1,1,2
44,-1638.110,8194.671,-272.058,-69.041,0.357948,0.933508,0.020879,-0.933680,0.357579,0.019453,0.010693,-0.026457,0.999593,0,0.08000,-0.12000,4.800,-0.240,925.000,400.000,650.000,375.000,-1,325.000,325.000,300.000,300.000,-1,-1,-1,-1,575.000,600.000,725.000,-1,1,0,1,1,2,0,0,0,0,2,2,2,2,1,1,1,2
45,-1634.751,8185.678,-271.945,-69.521,0.350118,0.936470,0.021003,-0.936642,0.349746,0.019458,0.010876,-0.026485,0.999590,0,0.16000,-0.24000,9.600,-0.480,900.000,400.000,650.000,375.000,-1,325.000,325.000,300.000,300.000,-1,-1,-1,-1,575.000,600.000,700.000,-1,1,0,1,1,2,0,0,0,0,2,2,2,2,1,1,1,2
46,-1629.883,8172.126,-271.773,-70.241,0.338327,0.940790,0.021192,-0.940963,0.337950,0.019470,0.011156,-0.026528,0.999586,0,0.24000,-0.36000,14.400,-0.720,850.000,400.000,650.000,375.000,-1,325.000,325.000,300.000,300.000,-1,-1,-1,-1,550.000,625.000,675.000,-1,1,0,1,1,2,0,0,0,0,2,2,2,2,1,1,1,2
47,-1623.696,8153.950,-271.539,-71.201,0.322523,0.946319,0.021448,-0.946491,0.322140,0.019493,0.011538,-0.026588,0.999580,0,0.32000,-0.48000,19.200,-0.960,800.000,400.000,625.000,375.000,-1,325.000,325.000,300.000,300.000,-1,-1,-1,-1,525.000,625.000,625.000,-1,1,0,1,1,2,0,0,0,0,2,2,2,2,1,1,1,2
48,-1616.439,8131.073,-271.237,-72.401,0.302642,0.952855,0.021777,-0.953028,0.302250,0.019534,0.012031,-0.026666,0.999572,0,0.40000,-0.60000,24.000,-1.200,725.000,400.000,600.000,375.000,-1,325.000,325.000,300.000,300.000,-1,-1,-1,-1,500.000,650.000,600.000,-1,1,0,1,1,2,0,1,0,0,2,2,2,2,1,1,1,2
49,-1608.423,8103.411,-270.863,-73.838,0.278659,0.960134,0.022183,-0.960307,0.278256,0.019598,0.012644,-0.026763,0.999562,0,0.48000,-0.71860,28.800,-1.437,675.000,375.000,600.000,375.000,-1,325.000,300.000,300.000,300.000,-1,-1,-1,-1,450.000,700.000,550.000,-1,1,1,1,1,2,1,1,0,0,2,2,2,2,1,1,1,2
50,-1599.880,8070.915,-270.416,-75.271,0.254572,0.966788,0.022668,-0.966963,0.254157,0.019690,0.013275,-0.026931,0.999549,0,0.56000,-0.71650,33.600,-1.433,600.000,350.000,575.000,375.000,-1,300.000,300.000,300.000,300.000,-1,-1,-1,-1,425.000,700.000,500.000,-1,1,1,1,1,2,1,1,0,0,2,2,2,2,1,0,1,2
51,-1591.045,8033.545,-269.893,-76.699,0.230410,0.972816,0.023235,-0.972994,0.229979,0.019813,0.013931,-0.027172,0.999534,0,0.64000,-0.71413,38.400,-1.428,525.000,325.000,550.000,375.000,-1,275.000,275.000,300.000,300.000,-1,-1,-1,-1,375.000,700.000,450.000,-1,1,1,1,1,2,1,1,0,0,2,2,2,2,1,0,1,2
52,-1582.153,7991.270,-269.290,-78.122,0.206200,0.978218,0.023886,-0.978401,0.205751,0.019973,0.014623,-0.027489,0.999515,0,0.72000,-0.71141,43.200,-1.423,425.000,300.000,525.000,375.000,-1,250.000,275.000,300.000,300.000,-1,-1,-1,-1,350.000,700.000,375.000,-1,1,1,1,1,2,1,1,0,0,2,2,2,2,1,0,1,2
53,-1573.438,7944.068,-268.604,-79.539,0.181974,0.982995,0.024626,-0.983183,0.181503,0.020173,0.015360,-0.027883,0.999493,0,0.80000,-0.70828,48.000,-1.417,350.000,250.000,500.000,375.000,-1,225.000,275.000,300.000,300.000,-1,-1,-1,-1,300.000,700.000,325.000,-1,1,1,1,0,2,1,1,0,0,2,2,2,2,1,0,1,2
54,-1565.130,7891.926,-267.757,-80.948,0.157770,0.987141,0.025720,-0.987344,0.157269,0.020479,0.016171,-0.028625,0.999459,0,0.88000,-0.70466,52.800,-1.409,275.000,225.000,475.000,375.000,-1,200.000,250.000,300.000,300.000,-1,-1,-1,-1,275.000,700.000,250.000,-1,1,1,1,0,2,1,1,0,0,2,2,2,2,1,0,1,2
55,-1557.461,7834.838,-266.628,-82.349,0.133641,0.990649,0.027459,-0.990877,0.133083,0.021241,0.017388,-0.030047,0.999397,0,0.96000,-0.70044,57.600,-1.401,200.000,200.000,450.000,375.000,-1,175.000,250.000,300.000,300.000,-1,-1,-1,-1,225.000,700.000,175.000,-1,1,1,1,0,2,1,1,0,0,2,2,2,2,1,0,1,2
56,-1551.493,7782.345,-258.152,-83.510,0.112971,0.993591,-0.003937,-0.992688,0.113036,0.042344,0.042518,-0.000876,0.999095,0,0.88050,-0.58044,52.830,-1.161,175.000,200.000,525.000,425.000,-1,200.000,275.000,375.000,275.000,-1,425.000,350.000,-1,225.000,800.000,175.000,-1,1,1,1,0,2,1,1,0,0,2,0,0,2,1,0,1,2
57,-1546.344,7729.657,-249.052,-84.431,0.094686,0.994807,-0.037330,-0.993078,0.097007,0.066218,0.069495,0.030802,0.997107,0,0.88225,-0.46044,52.935,-0.921,175.000,200.000,1000.000,475.000,-1,200.000,300.000,475.000,275.000,-1,275.000,150.000,900.000,250.000,925.000,150.000,-1,1,1,1,0,2,1,1,0,0,2,0,0,0,1,0,1,2
58,-1541.798,7676.821,-240.053,-85.111,0.078883,0.994439,-0.069780,-0.992267,0.085054,0.090399,0.095831,0.062110,0.993458,0,0.88375,-0.34044,53.025,-0.681,150.000,200.000,-1,550.000,-1,225.000,325.000,600.000,250.000,-1,225.000,75.000,500.000,250.000,-1,150.000,-1,1,1,2,0,2,1,1,0,0,2,0,0,0,1,2,1,2
59,-1537.635,7623.876,-231.110,-85.552,0.065606,0.992636,-0.101832,-0.990412,0.077211,0.114551,0.121570,0.093340,0.988184,0,0.88502,-0.22044,53.101,-0.441,125.000,225.000,-1,600.000,-1,225.000,375.000,750.000,250.000,-1,200.000,50.000,325.000,275.000,-1,125.000,-1,1,1,2,0,2,1,1,0,0,2,0,0,0,1,2,1,2
60,2295.762,327.966,-20.730,91.459,-0.025707,-0.999549,0.015509,0.999542,-0.025453,0.016356,-0.015954,0.015922,0.999746,1,0.00000,0.00000,53.163,-0.201,-1,400.000,-1,400.000,-1,325.000,325.000,300.000,300.000,-1,-1,-1,-1,875.000,825.000,-1,-1,2,0,2,0,2,0,0,0,0,2,2,2,2,0,0,2,2
61,2295.619,332.764,-20.806,91.699,-0.029896,-0.999434,0.015440,0.999424,-0.029640,0.016549,-0.016082,0.015926,0.999744,0,0.08000,0.12000,4.800,0.240,-1,400.000,-1,400.000,-1,325.000,325.000,300.000,300.000,-1,-1,-1,-1,875.000,825.000,-1,-1,2,0,2,0,2,0,0,0,0,2,2,2,2,0,0,2,2
62,2295.255,342.357,-20.956,92.179,-0.038271,-0.999150,0.015297,0.999134,-0.038012,0.016935,-0.016339,0.015932,0.999740,0,0.16000,0.24000,9.600,0.480,-1,400.000,-1,400.000,-1,325.000,325.000,300.000,300.000,-1,-1,-1,-1,875.000,825.000,-1,-1,2,0,2,0,2,0,0,0,0,2,2,2,2,0,0,2,2
63,2294.526,356.739,-21.178,92.899,-0.050830,-0.998594,0.015066,0.998567,-0.050564,0.017514,-0.016728,0.015934,0.999733,0,0.24000,0.36000,14.400,0.720,-1,400.000,-1,400.000,-1,325.000,325.000,300.000,300.000,-1,-1,-1,-1,875.000,825.000,-1,-1,2,0,2,0,2,0,0,0,0,2,2,2,2,0,0,2,2
64,2293.234,375.895,-21.468,93.859,-0.067560,-0.997606,0.014728,0.997566,-0.067288,0.018286,-0.017251,0.015928,0.999724,0,0.32000,0.48000,19.200,0.960,-1,400.000,-1,400.000,-1,325.000,325.000,300.000,300.000,-1,-1,-1,-1,875.000,800.000,-1,-1,2,0,2,0,2,0,0,0,0,2,2,2,2,0,0,2,2
65,2291.118,399.802,-21.821,95.059,-0.088446,-0.995979,0.014261,0.995920,-0.088165,0.019248,-0.017914,0.015905,0.999713,0,0.40000,0.60000,24.000,1.200,-1,400.000,-1,400.000,-1,325.000,325.000,300.000,300.000,-1,-1,-1,-1,875.000,800.000,-1,-1,2,0,2,0,2,0,0,0,0,2,2,2,2,0,0,2,2
66,2287.858,428.417,-22.231,96.499,-0.113456,-0.993450,0.013632,0.993367,-0.113167,0.020396,-0.018720,0.015856,0.999699,0,0.48000,0.72000,28.800,1.440,-1,400.000,-1,400.000,-1,325.000,325.000,300.000,300.000,-1,-1,-1,-1,875.000,800.000,-1,-1,2,0,2,0,2,0,0,0,0,2,2,2,2,0,0,2,2
67,2283.091,461.677,-22.692,98.157,-0.142172,-0.989759,0.012809,0.989646,-0.141875,0.021722,-0.019682,0.015765,0.999682,0,0.56000,0.82934,33.600,1.659,-1,400.000,-1,400.000,-1,325.000,325.000,300.000,300.000,-1,-1,-1,-1,875.000,800.000,-1,-1,2,0,2,0,2,0,0,0,0,2,2,2,2,0,0,2,2
68,2276.871,497.628,-23.176,99.816,-0.170768,-0.985240,0.011827,0.985092,-0.170465,0.023146,-0.020788,0.015603,0.999662,0,0.60809,0.82934,36.485,1.659,-1,400.000,-1,400.000,-1,325.000,325.000,300.000,300.000,-1,-1,-1,-1,875.000,800.000,-1,-1,2,0,2,0,2,0,0,0,0,2,2,2,2,0,0,2,2
69,2269.612,533.384,-23.644,101.475,-0.199219,-0.979896,0.010742,0.979710,-0.198912,0.024541,-0.021910,0.015413,0.999641,0,0.60809,0.82934,36.485,1.659,-1,400.000,-1,400.000,-1,325.000,325.000,300.000,300.000,-1,-1,-1,-1,875.000,800.000,-1,-1,2,0,2,0,2,0,0,0,0,2,2,2,2,0,0,2,2
70,2261.322,568.916,-24.095,103.133,-0.227500,-0.973731,0.009557,0.973505,-0.227193,0.025900,-0.023049,0.015196,0.999619,0,0.60809,0.82934,36.485,1.659,-1,400.000,-1,400.000,-1,325.000,325.000,300.000,300.000,-1,-1,-1,-1,875.000,800.000,-1,-1,2,0,2,0,2,0,0,0,0,2,2,2,2,0,0,2,2
71,2252.007,604.192,-24.727,104.792,-0.255599,-0.966740,0.009119,0.966494,-0.255281,0.026846,-0.023625,0.015675,0.999598,0,0.60809,0.82934,36.485,1.659,-1,400.000,-1,400.000,-1,325.000,325.000,300.000,300.000,-1,-1,-1,-1,875.000,800.000,-1,-1,2,0,2,0,2,0,0,0,0,2,2,2,2,0,0,2,2
72,2241.675,639.184,-25.525,106.451,-0.283498,-0.958928,0.009264,0.958668,-0.283151,0.027934,-0.024163,0.016800,0.999567,0,0.60809,0.82934,36.485,1.659,-1,400.000,-1,400.000,-1,325.000,325.000,300.000,300.000,-1,-1,-1,-1,875.000,800.000,-1,-1,2,0,2,0,2,0,0,0,0,2,2,2,2,0,0,2,2
73,2230.334,673.862,-26.315,108.109,-0.311159,-0.950312,0.009341,0.950036,-0.310783,0.029079,-0.024731,0.017922,0.999533,0,0.60809,0.82934,36.485,1.659,-1,400.000,-1,400.000,-1,325.000,325.000,300.000,300.000,-1,-1,-1,-1,875.000,800.000,-1,-1,2,0,2,0,2,0,0,0,0,2,2,2,2,0,0,2,2
74,2217.994,708.197,-27.090,109.768,-0.338559,-0.940899,0.009330,0.940605,-0.338153,0.030249,-0.025307,0.019017,0.999499,0,0.60809,0.82934,36.485,1.659,-1,400.000,-1,400.000,-1,325.000,325.000,300.000,300.000,-1,-1,-1,-1,875.000,800.000,-1,-1,2,0,2,0,2,0,0,0,0,2,2,2,2,0,0,2,2
75,2204.665,742.160,-27.965,111.427,-0.365659,-0.930706,0.008931,0.930399,-0.365242,0.030920,-0.025516,0.019616,0.999482,0,0.60809,0.82934,36.485,1.659,-1,425.000,-1,400.000,-1,325.000,325.000,300.000,300.000,-1,-1,-1,-1,875.000,800.000,-1,-1,2,0,2,0,2,0,0,0,0,2,2,2,2,0,0,2,2
76,2190.359,775.724,-28.936,113.085,-0.392445,-0.919737,0.008347,0.919420,-0.392026,0.031350,-0.025561,0.019978,0.999474,0,0.60809,0.82934,36.485,1.659,-1,425.000,-1,400.000,-1,325.000,325.000,300.000,300.000,-1,-1,-1,-1,875.000,800.000,-1,-1,2,0,2,0,2,0,0,0,0,2,2,2,2,0,0,2,2
77,2175.087,808.860,-29.987,114.744,-0.418910,-0.907994,0.007811,0.907659,-0.418479,0.032120,-0.025896,0.020545,0.999453,0,0.60809,0.82934,36.485,1.659,-1,425.000,-1,400.000,-1,325.000,325.000,300.000,300.000,-1,-1,-1,-1,875.000,800.000,-1,-1,2,0,2,0,2,0,0,0,0,2,2,2,2,0,0,2,2
78,2156.883,845.915,-31.204,116.163,-0.441263,-0.897351,0.006916,0.896984,-0.440828,0.033016,-0.026578,0.020772,0.999431,0,0.68809,0.70934,41.285,1.419,-1,425.000,-1,400.000,-1,325.000,325.000,300.000,300.000,-1,-1,-1,-1,875.000,800.000,-1,-1,2,0,2,0,2,0,0,0,0,2,2,2,2,0,0,2,2
79,2136.193,885.930,-32.531,117.341,-0.459628,-0.888092,0.005855,0.887687,-0.459194,0.033969,-0.027479,0.020811,0.999406,0,0.75079,0.58934,45.047,1.179,-1,400.000,-1,400.000,-1,325.000,325.000,300.000,300.000,-1,-1,-1,-1,875.000,800.000,-1,-1,2,0,2,0,2,0,0,0,0,2,2,2,2,0,0,2,2
80,2114.851,925.600,-33.864,118.280,-0.474111,-0.880452,0.004735,0.880004,-0.473682,0.034904,-0.028489,0.020715,0.999379,0,0.75079,0.46934,45.047,0.939,-1,400.000,-1,400.000,-1,325.000,325.000,300.000,300.000,-1,-1,-1,-1,875.000,800.000,-1,-1,2,0,2,0,2,0,0,0,0,2,2,2,2,0,0,2,2
81,2093.026,965.008,-35.210,118.979,-0.484805,-0.874615,0.003563,0.874121,-0.484385,0.035824,-0.029606,0.020482,0.999352,0,0.75079,0.34934,45.047,0.699,-1,400.000,-1,400.000,-1,325.000,325.000,300.000,300.000,-1,-1,-1,-1,875.000,800.000,-1,-1,2,0,2,0,2,0,0,0,0,2,2,2,2,0,0,2,2
82,2070.887,1004.239,-36.573,119.438,-0.491780,-0.870716,0.002349,0.870173,-0.491375,0.036731,-0.030828,0.020107,0.999322,0,0.75079,0.22934,45.047,0.459,-1,400.000,-1,400.000,-1,325.000,325.000,300.000,300.000,-1,-1,-1,-1,850.000,800.000,-1,-1,2,0,2,0,2,0,0,0,0,2,2,2,2,0,0,2,2
83,2048.598,1043.386,-37.956,119.656,-0.495086,-0.868843,0.001101,0.868249,-0.494700,0.037628,-0.032148,0.019585,0.999291,0,0.75079,0.10934,45.047,0.219,-1,400.000,-1,400.000,-1,325.000,325.000,300.000,300.000,-1,-1,-1,-1,850.000,800.000,-1,-1,2,0,2,0,2,0,0,0,0,2,2,2,2,0,0,2,2
84,2026.323,1082.541,-39.378,119.635,-0.494743,-0.869040,-0.000234,0.868390,-0.494383,0.038532,-0.033602,0.018860,0.999257,0,0.75079,-0.01066,45.047,-0.021,-1,400.000,-1,400.000,-1,325.000,325.000,300.000,300.000,-1,-1,-1,-1,850.000,800.000,-1,-1,2,0,2,0,2,0,0,0,0,2,2,2,2,0,0,2,2
85,2004.228,1121.797,-40.845,119.374,-0.490747,-0.871301,-0.001675,0.870591,-0.490423,0.039454,-0.035198,0.017903,0.999220,0,0.75079,-0.13066,45.047,-0.261,-1,400.000,-1,400.000,-1,325.000,325.000,300.000,300.000,-1,-1,-1,-1,850.000,800.000,-1,-1,2,0,2,0,2,0,0,0,0,2,2,2,2,0,0,2,2
86,1982.311,1161.153,-42.381,119.112,-0.486740,-0.873542,-0.002944,0.872776,-0.486450,0.040354,-0.036683,0.017072,0.999181,0,0.75079,-0.13069,45.047,-0.261,-1,400.000,-1,400.000,-1,325.000,325.000,300.000,300.000,-1,-1,-1,-1,850.000,775.000,-1,-1,2,0,2,0,2,0,0,0,0,2,2,2,2,0,0,2,2
87,1960.575,1200.610,-43.996,118.851,-0.482727,-0.875762,-0.003997,0.874945,-0.482465,0.041224,-0.038030,0.016403,0.999142,0,0.75079,-0.13069,45.047,-0.261,-1,400.000,-1,400.000,-1,325.000,325.000,300.000,300.000,-1,-1,-1,-1,825.000,775.000,-1,-1,2,0,2,0,2,0,0,0,0,2,2,2,2,0,0,2,2
88,1939.018,1240.164,-45.640,118.589,-0.478701,-0.877963,-0.005055,0.877094,-0.478470,0.042093,-0.039374,0.015716,0.999101,0,0.75079,-0.13069,45.047,-0.261,-1,400.000,-1,400.000,-1,325.000,325.000,300.000,300.000,-1,-1,-1,-1,825.000,775.000,-1,-1,2,0,2,0,2,0,0,0,0,2,2,2,2,0,0,2,2
89,1917.643,1279.817,-47.342,118.328,-0.474668,-0.880145,-0.005947,0.879231,-0.474464,0.042864,-0.040548,0.015117,0.999063,0,0.75079,-0.13069,45.047,-0.261,-1,400.000,-1,400.000,-1,325.000,325.000,300.000,300.000,-1,-1,-1,-1,825.000,775.000,-1,-1,2,0,2,0,2,0,0,0,0,2,2,2,2,0,0,2,2
90,1896.448,1319.567,-49.120,118.067,-0.470629,-0.882306,-0.006629,0.881351,-0.470447,0.043593,-0.041581,0.014674,0.999027,0,0.75079,-0.13069,45.047,-0.261,-1,400.000,-1,400.000,-1,325.000,325.000,300.000,300.000,-1,-1,-1,-1,825.000,775.000,-1,-1,2,0,2,0,2,0,0,0,0,2,2,2,2,0,0,2,2
91,1875.435,1359.413,-50.927,117.805,-0.466579,-0.884449,-0.007311,0.883452,-0.466420,0.044318,-0.042607,0.014219,0.998991,0,0.75079,-0.13069,45.047,-0.261,-1,400.000,-1,400.000,-1,325.000,325.000,300.000,300.000,-1,-1,-1,-1,825.000,750.000,-1,-1,2,0,2,0,2,0,0,0,0,2,2,2,2,0,0,2,2
92,1854.604,1399.355,-52.780,117.544,-0.462517,-0.886574,-0.008025,0.885539,-0.462384,0.044966,-0.043577,0.013691,0.998956,0,0.75079,-0.13069,45.047,-0.261,-1,400.000,-1,400.000,-1,325.000,325.000,300.000,300.000,-1,-1,-1,-1,825.000,750.000,-1,-1,2,0,2,0,2,0,0,0,0,2,2,2,2,0,0,2,2
93,1833.955,1439.391,-54.736,117.282,-0.458433,-0.888684,-0.008898,0.887624,-0.458339,0.045259,-0.044299,0.012850,0.998936,0,0.75079,-0.13069,45.047,-0.261,-1,400.000,-1,400.000,-1,325.000,325.000,300.000,300.000,-1,-1,-1,-1,825.000,750.000,-1,-1,2,0,2,0,2,0,0,0,0,2,2,2,2,0,0,2,2
94,1813.490,1479.521,-56.717,117.021,-0.454339,-0.890775,-0.009750,0.889692,-0.454285,0.045541,-0.044996,0.012016,0.998915,0,0.75079,-0.13069,45.047,-0.261,-1,400.000,-1,400.000,-1,325.000,325.000,300.000,300.000,-1,-1,-1,-1,825.000,750.000,-1,-1,2,0,2,0,2,0,0,0,0,2,2,2,2,0,0,2,2
95,1793.207,1519.744,-58.700,116.760,-0.450240,-0.892846,-0.010464,0.891743,-0.450220,0.045786,-0.045591,0.011284,0.998896,0,0.75079,-0.13069,45.047,-0.261,-1,400.000,-1,400.000,-1,325.000,325.000,300.000,300.000,-1,-1,-1,-1,825.000,750.000,-1,-1,2,0,2,0,2,0,0,0,0,2,2,2,2,0,0,2,2
96,1775.401,1555.838,-60.493,116.258,-0.442378,-0.896760,-0.011089,0.895640,-0.442394,0.046004,-0.046160,0.010419,0.998880,0,0.67079,-0.25069,40.247,-0.501,-1,400.000,-1,400.000,-1,325.000,325.000,300.000,300.000,-1,-1,-1,-1,825.000,750.000,-1,-1,2,0,2,0,2,0,0,0,0,2,2,2,2,0,0,2,2
97,1758.072,1592.143,-62.307,115.517,-0.430701,-0.902419,-0.011704,0.901283,-0.430758,0.046218,-0.046749,0.009358,0.998863,0,0.67048,-0.37069,40.229,-0.741,-1,400.000,-1,400.000,-1,325.000,325.000,300.000,300.000,-1,-1,-1,-1,800.000,750.000,-1,-1,2,0,2,0,2,0,0,0,0,2,2,2,2,0,0,2,2
98,1741.366,1628.739,-64.159,114.535,-0.415138,-0.909675,-0.012344,0.908529,-0.415243,0.046355,-0.047294,0.008029,0.998849,0,0.67048,-0.49069,40.229,-0.981,-1,400.000,-1,400.000,-1,325.000,325.000,300.000,300.000,-1,-1,-1,-1,800.000,750.000,-1,-1,2,0,2,0,2,0,0,0,0,2,2,2,2,0,0,2,2
99,1725.309,1665.625,-66.051,113.525,-0.398983,-0.916866,-0.013025,0.915715,-0.399141,0.046404,-0.047745,0.006588,0.998838,0,0.67048,-0.50523,40.229,-1.010,-1,400.000,-1,400.000,-1,325.000,325.000,300.000,300.000,-1,-1,-1,-1,800.000,725.000,-1,-1,2,0,2,0,2,0,0,0,0,2,2,2,2,0,0,2,2
100,1709.904,1702.788,-67.966,112.515,-0.382702,-0.923770,-0.013710,0.922616,-0.382913,0.046442,-0.048151,0.005125,0.998827,0,0.67048,-0.50523,40.229,-1.010,-1,400.000,-1,375.000,-1,325.000,325.000,300.000,300.000,-1,-1,-1,-1,800.000,725.000,-1,-1,2,0,2,0,2,0,0,0,0,2,2,2,2,0,0,2,2
101,1695.158,1740.216,-69.902,111.504,-0.366301,-0.930385,-0.014399,0.929231,-0.366565,0.046468,-0.048511,0.003642,0.998816,0,0.67048,-0.50523,40.229,-1.010,-1,400.000,-1,375.000,-1,325.000,325.000,300.000,300.000,-1,-1,-1,-1,800.000,725.000,-1,-1,2,0,2,0,2,0,0,0,0,2,2,2,2,0,0,2,2
102,1681.073,1777.899,-71.857,110.494,-0.349784,-0.936709,-0.015092,0.935557,-0.350103,0.046484,-0.048826,0.002140,0.998805,0,0.67048,-0.50523,40.229,-1.010,-1,400.000,-1,375.000,-1,325.000,325.000,300.000,300.000,-1,-1,-1,-1,775.000,725.000,-1,-1,2,0,2,0,2,0,0,0,0,2,2,2,2,0,0,2,2
103,1667.656,1815.824,-73.831,109.483,-0.333157,-0.942739,-0.015789,0.941593,-0.333530,0.046488,-0.049093,0.000621,0.998794,0,0.67048,-0.50523,40.229,-1.010,-1,400.000,-1,375.000,-1,325.000,325.000,300.000,300.000,-1,-1,-1,-1,775.000,725.000,-1,-1,2,0,2,0,2,0,0,0,0,2,2,2,2,0,0,2,2
104,1654.909,1853.981,-75.820,108.473,-0.316425,-0.948474,-0.016490,0.947335,-0.316853,0.046482,-0.049312,-0.000914,0.998783,0,0.67048,-0.50523,40.229,-1.010,-1,400.000,-1,375.000,-1,325.000,325.000,300.000,300.000,-1,-1,-1,-1,775.000,725.000,-1,-1,2,0,2,0,2,0,0,0,0,2,2,2,2,0,0,2,2
105,1642.837,1892.355,-77.816,107.462,-0.299592,-0.953912,-0.017235,0.952782,-0.300077,0.046480,-0.049510,-0.002496,0.998771,0,0.67048,-0.50523,40.229,-1.010,-1,400.000,-1,375.000,-1,325.000,325.000,300.000,300.000,-1,-1,-1,-1,775.000,725.000,-1,-1,2,0,2,0,2,0,0,0,0,2,2,2,2,0,0,2,2
106,1631.444,1930.937,-79.785,106.452,-0.282659,-0.959050,-0.018098,0.957938,-0.283206,0.046350,-0.049577,-0.004235,0.998761,0,0.67048,-0.50523,40.229,-1.010,-1,400.000,-1,375.000,-1,325.000,325.000,300.000,300.000,-1,-1,-1,-1,775.000,725.000,-1,-1,2,0,2,0,2,0,0,0,0,2,2,2,2,0,0,2,2
107,1620.732,1969.714,-81.723,105.441,-0.265633,-0.963885,-0.019087,0.962804,-0.266247,0.046057,-0.049476,-0.006143,0.998756,0,0.67048,-0.50523,40.229,-1.010,-1,400.000,-1,375.000,-1,325.000,325.000,300.000,300.000,-1,-1,-1,-1,775.000,725.000,-1,-1,2,0,2,0,2,0,0,0,0,2,2,2,2,0,0,2,2
108,1610.706,2008.673,-83.669,104.431,-0.248523,-0.968418,-0.020093,0.967369,-0.249204,0.045764,-0.049326,-0.008064,0.998750,0,0.67048,-0.50523,40.229,-1.010,-1,400.000,-1,375.000,-1,325.000,325.000,300.000,300.000,-1,-1,-1,-1,750.000,725.000,-1,-1,2,0,2,0,2,0,0,0,0,2,2,2,2,0,0,2,2
109,1601.369,2047.804,-85.579,103.420,-0.231344,-0.972646,-0.020955,0.971629,-0.232083,0.045545,-0.049162,-0.009824,0.998742,0,0.67048,-0.50523,40.229,-1.010,-1,400.000,-1,375.000,-1,325.000,325.000,300.000,300.000,-1,-1,-1,-1,750.000,725.000,-1,-1,2,0,2,0,2,0,0,0,0,2,2,2,2,0,0,2,2
110,1592.724,2087.093,-87.371,102.410,-0.214124,-0.976575,-0.021266,0.975596,-0.214892,0.045089,-0.048603,-0.011093,0.998757,0,0.67048,-0.50523,40.229,-1.010,-1,400.000,-1,375.000,-1,325.000,325.000,300.000,300.000,-1,-1,-1,-1,750.000,725.000,-1,-1,2,0,2,0,2,0,0,0,0,2,2,2,2,0,0,2,2
111,1584.772,2126.528,-89.165,101.399,-0.196839,-0.980198,-0.021590,0.979260,-0.197634,0.044613,-0.047997,-0.012360,0.998771,0,0.67048,-0.50523,40.229,-1.010,-1,400.000,-1,375.000,-1,325.000,325.000,300.000,300.000,-1,-1,-1,-1,750.000,725.000,-1,-1,2,0,2,0,2,0,0,0,0,2,2,2,2,0,0,2,2
112,1577.517,2166.097,-90.959,100.389,-0.179494,-0.983515,-0.021926,0.982619,-0.180314,0.044118,-0.047344,-0.013626,0.998786,0,0.67048,-0.50523,40.229,-1.010,-1,400.000,-1,375.000,-1,325.000,325.000,300.000,300.000,-1,-1,-1,-1,750.000,725.000,-1,-1,2,0,2,0,2,0,0,0,0,2,2,2,2,0,0,2,2
113,1570.961,2205.788,-92.751,99.379,-0.162094,-0.986524,-0.022275,0.985672,-0.162939,0.043605,-0.046647,-0.014888,0.998800,0,0.67048,-0.50523,40.229,-1.010,-1,400.000,-1,375.000,-1,325.000,325.000,300.000,300.000,-1,-1,-1,-1,750.000,725.000,-1,-1,2,0,2,0,2,0,0,0,0,2,2,2,2,0,0,2,2
114,1565.106,2245.589,-94.539,98.368,-0.144646,-0.989225,-0.022638,0.988418,-0.145513,0.043076,-0.045906,-0.016145,0.998815,0,0.67048,-0.50523,40.229,-1.010,-1,400.000,-1,375.000,-1,325.000,325.000,300.000,300.000,-1,-1,-1,-1,750.000,725.000,-1,-1,2,0,2,0,2,0,0,0,0,2,2,2,2,0,0,2,2
115,1559.954,2285.486,-96.324,97.358,-0.127153,-0.991616,-0.023016,0.990856,-0.128043,0.042532,-0.045122,-0.017397,0.998830,0,0.67048,-0.50523,40.229,-1.010,-1,400.000,-1,375.000,-1,325.000,325.000,300.000,300.000,-1,-1,-1,-1,750.000,725.000,-1,-1,2,0,2,0,2,0,0,0,0,2,2,2,2,0,0,2,2
116,1555.507,2325.469,-98.103,96.347,-0.109623,-0.993698,-0.023408,0.992986,-0.110534,0.041974,-0.044297,-0.018643,0.998844,0,0.67048,-0.50523,40.229,-1.010,-1,400.000,-1,375.000,-1,325.000,325.000,325.000,300.000,-1,-1,-1,-1,750.000,725.000,-1,-1,2,0,2,0,2,0,0,0,0,2,2,2,2,0,0,2,2
117,1551.765,2365.523,-99.875,95.337,-0.092061,-0.995469,-0.023815,0.994806,-0.092990,0.041403,-0.043430,-0.019880,0.998859,0,0.67048,-0.50523,40.229,-1.010,-1,400.000,-1,375.000,-1,325.000,325.000,300.000,300.000,-1,-1,-1,-1,750.000,725.000,-1,-1,2,0,2,0,2,0,0,0,0,2,2,2,2,0,0,2,2
118,1548.730,2405.637,-101.638,94.326,-0.074472,-0.996928,-0.024237,0.996316,-0.075419,0.040822,-0.042525,-0.021108,0.998872,0,0.67048,-0.50523,40.229,-1.010,-1,400.000,-1,375.000,-1,325.000,325.000,300.000,300.000,-1,-1,-1,-1,750.000,725.000,-1,-1,2,0,2,0,2,0,0,0,0,2,2,2,2,0,0,2,2
119,1546.402,2445.799,-103.391,93.316,-0.056862,-0.998077,-0.024675,0.997516,-0.057825,0.040231,-0.041581,-0.022326,0.998886,0,0.67048,-0.50523,40.229,-1.010,-1,400.000,-1,375.000,-1,325.000,325.000,300.000,300.000,-1,-1,-1,-1,750.000,725.000,-1,-1,2,0,2,0,2,0,0,0,0,2,2,2,2,0,0,2,2
120,1544.784,2485.995,-105.133,92.305,-0.039237,-0.998914,-0.025127,0.998405,-0.040214,0.039632,-0.040600,-0.023532,0.998898,0,0.67048,-0.50523,40.229,-1.010,-1,400.000,-1,375.000,-1,325.000,325.000,300.000,300.000,-1,-1,-1,-1,750.000,725.000,-1,-1,2,0,2,0,2,0,0,0,0,2,2,2,2,0,0,2,2
121,1543.874,2526.214,-106.863,91.295,-0.021602,-0.999439,-0.025595,0.998983,-0.022591,0.039027,-0.039584,-0.024726,0.998910,0,0.67048,-0.50523,40.229,-1.010,-1,400.000,-1,375.000,-1,325.000,325.000,300.000,300.000,-1,950.000,-1,-1,750.000,725.000,-1,-1,2,0,2,0,2,0,0,0,0,2,0,2,2,0,0,2,2
122,1543.674,2566.442,-108.578,90.284,-0.003962,-0.999652,-0.026077,0.999249,-0.004962,0.038417,-0.038533,-0.025905,0.998921,0,0.67048,-0.50523,40.229,-1.010,-1,400.000,-1,375.000,-1,325.000,325.000,300.000,300.000,-1,875.000,-1,-1,750.000,725.000,-1,-1,2,0,2,0,2,0,0,0,0,2,0,2,2,0,0,2,2
123,1544.184,2606.668,-110.277,89.274,0.013677,-0.999553,-0.026574,0.999205,0.012667,0.037803,-0.037450,-0.027070,0.998932,0,0.67048,-0.50523,40.229,-1.010,-1,400.000,-1,375.000,-1,325.000,325.000,300.000,300.000,-1,825.000,975.000,-1,750.000,725.000,-1,-1,2,0,2,0,2,0,0,0,0,2,0,0,2,0,0,2,2
124,1545.402,2646.878,-111.733,88.263,0.031301,-0.999155,-0.026654,0.998838,0.030291,0.037486,-0.036647,-0.027796,0.998942,0,0.67048,-0.50523,40.229,-1.010,-1,400.000,-1,375.000,-1,325.000,325.000,300.000,300.000,-1,825.000,950.000,-1,750.000,725.000,-1,-1,2,0,2,0,2,0,0,0,0,2,0,0,2,0,0,2,2
125,1547.330,2687.061,-113.072,87.253,0.048914,-0.998445,-0.026754,0.998162,0.047906,0.037114,-0.035774,-0.028521,0.998953,0,0.67048,-0.50523,40.229,-1.010,-1,400.000,-1,375.000,-1,325.000,325.000,300.000,300.000,-1,850.000,950.000,-1,750.000,725.000,-1,-1,2,0,2,0,2,0,0,0,0,2,0,0,2,0,0,2,2
126,1549.966,2727.204,-114.393,86.243,0.066510,-0.997424,-0.026860,0.997176,0.065504,0.036737,-0.034883,-0.029228,0.998964,0,0.67048,-0.50523,40.229,-1.010,-1,400.000,-1,375.000,-1,325.000,325.000,300.000,300.000,-1,850.000,950.000,-1,750.000,750.000,-1,-1,2,0,2,0,2,0,0,0,0,2,0,0,2,0,0,2,2
127,1553.310,2767.293,-115.693,85.232,0.084085,-0.996094,-0.026971,0.995879,0.083082,0.036357,-0.033975,-0.029917,0.998975,0,0.67048,-0.50523,40.229,-1.010,-1,400.000,-1,375.000,-1,325.000,325.000,300.000,300.000,-1,850.000,925.000,-1,750.000,750.000,-1,-1,2,0,2,0,2,0,0,0,0,2,0,0,2,0,0,2,2
128,1558.031,2812.074,-117.120,83.982,0.105795,-0.994019,-0.027098,0.993844,0.104797,0.035930,-0.032875,-0.030733,0.998987,0,0.75048,-0.62523,45.029,-1.250,-1,400.000,-1,375.000,-1,325.000,325.000,300.000,300.000,-1,875.000,925.000,-1,750.000,750.000,-1,-1,2,0,2,0,2,0,0,0,0,2,0,0,2,0,0,2,2
129,1564.542,2861.476,-118.660,82.491,0.131605,-0.990928,-0.027245,0.990799,0.130613,0.035454,-0.031574,-0.031660,0.999000,0,0.83048,-0.74523,49.829,-1.490,-1,400.000,-1,400.000,-1,325.000,325.000,300.000,300.000,-1,875.000,925.000,-1,750.000,750.000,-1,-1,2,0,2,0,2,0,0,0,0,2,0,0,2,0,0,2,2
130,1572.743,2911.893,-120.190,80.761,0.161456,-0.986499,-0.027402,0.986421,0.160472,0.034964,-0.030095,-0.032675,0.999013,0,0.85132,-0.86523,51.079,-1.730,-1,400.000,-1,400.000,-1,325.000,325.000,300.000,300.000,-1,875.000,925.000,-1,750.000,750.000,-1,-1,2,0,2,0,2,0,0,0,0,2,0,0,2,0,0,2,2
131,1582.672,2961.998,-121.662,78.790,0.195265,-0.980363,-0.027571,0.980338,0.194290,0.034475,-0.028441,-0.033760,0.999025,0,0.85132,-0.98523,51.079,-1.970,-1,400.000,-1,400.000,-1,325.000,325.000,300.000,300.000,-1,875.000,925.000,-1,750.000,750.000,-1,-1,2,0,2,0,2,0,0,0,0,2,0,0,2,0,0,2,2
132,1594.345,3011.726,-123.073,76.790,0.229340,-0.972951,-0.027751,0.972979,0.228378,0.033985,-0.026728,-0.034795,0.999037,0,0.85132,-1.00000,51.079,-2.000,-1,400.000,-1,400.000,-1,325.000,325.000,300.000,300.000,-1,900.000,925.000,-1,750.000,750.000,-1,-1,2,0,2,0,2,0,0,0,0,2,0,0,2,0,0,2,2
133,1607.745,3061.017,-124.420,74.790,0.263134,-0.964355,-0.027942,0.964436,0.262185,0.033498,-0.024978,-0.035762,0.999048,0,0.85132,-1.00000,51.079,-2.000,-1,400.000,-1,400.000,-1,325.000,325.000,300.000,300.000,-1,900.000,925.000,-1,750.000,750.000,-1,-1,2,0,2,0,2,0,0,0,0,2,0,0,2,0,0,2,2
134,1622.858,3109.810,-125.702,72.790,0.296603,-0.954586,-0.028141,0.954719,0.295671,0.033015,-0.023195,-0.036659,0.999059,0,0.85132,-1.00000,51.079,-2.000,-1,400.000,-1,400.000,-1,325.000,325.000,300.000,300.000,-1,925.000,925.000,-1,750.000,750.000,-1,-1,2,0,2,0,2,0,0,0,0,2,0,0,2,0,0,2,2
135,1639.664,3158.045,-126.915,70.790,0.329709,-0.943657,-0.028347,0.943840,0.328796,0.032538,-0.021384,-0.037483,0.999068,0,0.85132,-1.00000,51.079,-2.000,-1,400.000,-1,400.000,-1,325.000,325.000,300.000,300.000,-1,925.000,925.000,-1,750.000,750.000,-1,-1,2,0,2,0,2,0,0,0,0,2,0,0,2,0,0,2,2
136,1658.144,3205.665,-127.966,68.790,0.362413,-0.931594,-0.028105,0.931806,0.361524,0.032210,-0.019846,-0.037862,0.999086,0,0.85132,-1.00000,51.079,-2.000,-1,400.000,-1,400.000,-1,325.000,325.000,300.000,300.000,-1,975.000,975.000,-1,750.000,775.000,-1,-1,2,0,2,0,2,0,0,0,0,2,0,0,2,0,0,2,2
