timestep,x_cm,y_cm,z_cm,yaw_deg,basis_xx,basis_xy,basis_xz,basis_yx,basis_yy,basis_yz,basis_zx,basis_zy,basis_zz,teleport_flag,throttle_cmd,steering_cmd,cmd_move_cm,cmd_turn_deg,lidar_cm_0,lidar_cm_1,lidar_cm_2,lidar_cm_3,lidar_cm_4,lidar_cm_5,lidar_cm_6,lidar_cm_7,lidar_cm_8,lidar_cm_9,lidar_cm_10,lidar_cm_11,lidar_cm_12,lidar_cm_13,lidar_cm_14,lidar_cm_15,lidar_cm_16,lidar_class_0,lidar_class_1,lidar_class_2,lidar_class_3,lidar_class_4,lidar_class_5,lidar_class_6,lidar_class_7,lidar_class_8,lidar_class_9,lidar_class_10,lidar_class_11,lidar_class_12,lidar_class_13,lidar_class_14,lidar_class_15,lidar_class_16
0,5571.498,-4922.255,-11.608,-145.324,-0.823092,0.567314,0.025973,-0.567534,-0.820028,-0.073887,-0.020619,-0.075556,0.996928,1,0.08000,-0.12000,4.800,-0.240,-1,375.000,-1,375.000,-1,300.000,300.000,300.000,300.000,-1,775.000,950.000,-1,675.000,650.000,-1,-1,2,0,2,0,2,0,0,0,0,2,0,0,2,0,0,2,2
1,5563.566,-4927.663,-11.773,-145.719,-0.826970,0.561641,0.026073,-0.561895,-0.823927,-0.073606,-0.019858,-0.075521,0.996946,0,0.16000,-0.19775,9.600,-0.396,-1,375.000,-1,375.000,-1,300.000,300.000,300.000,300.000,-1,775.000,925.000,-1,675.000,650.000,-1,-1,2,0,2,0,2,0,0,0,0,2,0,0,2,0,0,2,2
2,5551.611,-4935.691,-12.026,-146.116,-0.830821,0.555922,0.026221,-0.556216,-0.827808,-0.073196,-0.018986,-0.075397,0.996973,0,0.24000,-0.19857,14.400,-0.397,-1,375.000,-1,375.000,-1,300.000,300.000,300.000,300.000,-1,750.000,900.000,-1,675.000,650.000,-1,-1,2,0,2,0,2,0,0,0,0,2,0,0,2,0,0,2,2
3,5535.597,-4946.283,-12.353,-146.516,-0.834655,0.550137,0.026472,-0.550481,-0.831679,-0.072671,-0.017963,-0.075227,0.997005,0,0.32000,-0.19997,19.200,-0.400,-1,375.000,-1,375.000,-1,300.000,300.000,300.000,300.000,-1,750.000,875.000,-1,675.000,650.000,-1,-1,2,0,2,0,2,0,0,0,0,2,0,0,2,0,0,2,2
4,5515.487,-4959.382,-12.706,-146.920,-0.838479,0.544262,0.027034,-0.544679,-0.835540,-0.072095,-0.016651,-0.075175,0.997031,0,0.40000,-0.20198,24.000,-0.404,-1,375.000,-1,375.000,-1,300.000,300.000,300.000,300.000,-1,725.000,850.000,-1,675.000,650.000,-1,-1,2,0,2,0,2,0,0,0,0,2,0,0,2,0,0,2,2
5,5491.243,-4974.929,-13.120,-147.329,-0.842306,0.538285,0.027737,-0.538786,-0.839411,-0.071411,-0.015157,-0.075094,0.997061,0,0.48000,-0.20458,28.800,-0.409,-1,375.000,-1,375.000,-1,325.000,300.000,300.000,300.000,-1,725.000,825.000,-1,675.000,650.000,-1,-1,2,0,2,0,2,0,0,0,0,2,0,0,2,0,0,2,2
6,5462.828,-4992.860,-13.591,-147.745,-0.846144,0.532188,0.028587,-0.532784,-0.843300,-0.070614,-0.013473,-0.074980,0.997094,0,0.56000,-0.20777,33.600,-0.416,-1,375.000,-1,375.000,-1,325.000,325.000,300.000,300.000,-1,700.000,800.000,-1,675.000,650.000,-1,-1,2,0,2,0,2,0,0,0,0,2,0,0,2,0,0,2,2
7,5430.203,-5013.113,-14.103,-148.168,-0.850001,0.525950,0.029583,-0.526652,-0.847213,-0.069770,-0.011632,-0.074885,0.997124,0,0.64000,-0.21155,38.400,-0.423,-1,375.000,-1,375.000,-1,325.000,300.000,300.000,300.000,-1,700.000,775.000,-1,650.000,625.000,-1,-1,2,0,2,0,2,0,0,0,0,2,0,0,2,0,0,2,2
8,5393.329,-5035.621,-14.482,-148.600,-0.853904,0.519528,0.030632,-0.520332,-0.851118,-0.069661,-0.010120,-0.075423,0.997100,0,0.72000,-0.21591,43.200,-0.432,-1,375.000,-1,375.000,-1,325.000,300.000,300.000,300.000,-1,725.000,775.000,-1,650.000,625.000,-1,-1,2,0,2,0,2,0,0,0,0,2,0,0,2,0,0,2,2
9,5355.956,-5058.041,-14.846,-149.041,-0.857843,0.512933,0.031709,-0.513841,-0.855061,-0.069554,-0.008563,-0.075960,0.997074,0,0.72637,-0.22076,43.582,-0.442,-1,375.000,-1,375.000,-1,300.000,300.000,300.000,300.000,-1,725.000,800.000,-1,650.000,625.000,-1,-1,2,0,2,0,2,0,0,0,0,2,0,0,2,0,0,2,2
10,5318.404,-5080.170,-15.142,-149.491,-0.861792,0.506185,0.033034,-0.507216,-0.859009,-0.069537,-0.006822,-0.076682,0.997032,0,0.72644,-0.22462,43.586,-0.449,-1,375.000,-1,350.000,-1,300.000,300.000,300.000,300.000,-1,725.000,800.000,-1,625.000,625.000,-1,-1,2,0,2,0,2,0,0,0,0,2,0,0,2,0,0,2,2
11,5280.680,-5101.998,-15.119,-149.947,-0.865721,0.499252,0.035702,-0.500509,-0.862893,-0.070040,-0.004161,-0.078505,0.996905,0,0.72640,-0.22834,43.584,-0.457,1000.000,375.000,-1,350.000,-1,300.000,300.000,300.000,300.000,-1,675.000,700.000,-1,625.000,625.000,-1,-1,0,0,2,0,2,0,0,0,0,2,0,0,2,0,0,2,2
12,5242.788,-5123.515,-15.070,-150.411,-0.869647,0.492178,0.038410,-0.493672,-0.866779,-0.070587,-0.001449,-0.080347,0.996766,0,0.72624,-0.23189,43.575,-0.464,975.000,375.000,-1,350.000,-1,300.000,300.000,300.000,300.000,-1,625.000,650.000,-1,625.000,625.000,-1,-1,0,0,2,0,2,0,0,0,0,2,0,0,2,0,0,2,2
13,5204.735,-5144.713,-14.995,-150.882,-0.873563,0.484969,0.041155,-0.486710,-0.870659,-0.071178,0.001313,-0.082209,0.996614,0,0.72598,-0.23529,43.559,-0.471,950.000,375.000,-1,350.000,-1,300.000,300.000,300.000,300.000,-1,575.000,600.000,-1,625.000,625.000,1000.000,-1,0,0,2,0,2,0,0,0,0,2,0,0,2,0,0,0,2
14,5166.525,-5165.583,-14.893,-151.359,-0.877463,0.477628,0.043936,-0.479627,-0.874529,-0.071817,0.004122,-0.084090,0.996450,0,0.72562,-0.23852,43.537,-0.477,925.000,375.000,-1,350.000,-1,300.000,300.000,300.000,300.000,-1,525.000,575.000,-1,600.000,650.000,975.000,-1,0,0,2,0,2,0,0,0,0,2,0,0,2,0,0,0,2
15,5128.165,-5186.115,-14.516,-151.842,-0.881377,0.470199,0.045682,-0.472371,-0.878458,-0.071955,0.006296,-0.084998,0.996361,0,0.72515,-0.24159,43.509,-0.483,900.000,350.000,-1,350.000,-1,300.000,300.000,300.000,300.000,-1,525.000,575.000,-1,600.000,625.000,950.000,-1,0,0,2,0,2,0,0,0,0,2,0,0,2,0,0,0,2
16,5089.661,-5206.304,-13.959,-152.331,-0.885252,0.462673,0.047558,-0.465025,-0.882415,-0.071376,0.008942,-0.085302,0.996315,0,0.72459,-0.24449,43.475,-0.489,875.000,350.000,-1,350.000,-1,300.000,300.000,300.000,300.000,-1,525.000,550.000,-1,600.000,625.000,950.000,-1,0,0,2,0,2,0,0,0,0,2,0,0,2,0,0,0,2
17,5051.018,-5226.140,-13.010,-152.825,-0.889051,0.455086,0.049853,-0.457630,-0.886463,-0.068975,0.012804,-0.084136,0.996372,0,0.72393,-0.24722,43.436,-0.494,900.000,350.000,-1,375.000,-1,300.000,300.000,300.000,300.000,-1,500.000,525.000,-1,600.000,650.000,975.000,-1,0,0,2,0,2,0,0,0,0,2,0,0,2,0,0,0,2
18,5012.244,-5245.618,-11.944,-153.325,-0.892804,0.447397,0.052310,-0.450124,-0.890510,-0.066175,0.016976,-0.082628,0.996436,0,0.72319,-0.24978,43.391,-0.500,900.000,350.000,-1,375.000,-1,300.000,300.000,300.000,300.000,-1,475.000,500.000,-1,625.000,650.000,975.000,-1,0,0,2,0,2,0,0,0,0,2,0,0,2,0,0,0,2
19,4973.344,-5264.731,-10.844,-153.829,-0.896519,0.439596,0.054847,-0.442497,-0.894526,-0.063397,0.021193,-0.081106,0.996480,0,0.72236,-0.25217,43.342,-0.504,925.000,350.000,-1,375.000,-1,300.000,300.000,300.000,300.000,-1,450.000,475.000,-1,625.000,650.000,1000.000,-1,0,0,2,0,2,0,0,0,0,2,0,0,2,0,0,0,2
20,4934.325,-5283.476,-9.678,-154.338,-0.900194,0.431685,0.057430,-0.434750,-0.898498,-0.060782,0.025362,-0.079683,0.996498,0,0.72145,-0.25438,43.287,-0.509,925.000,375.000,-1,375.000,-1,300.000,300.000,300.000,300.000,-1,425.000,475.000,-1,625.000,650.000,1000.000,-1,0,0,2,0,2,0,0,0,0,2,0,0,2,0,0,0,2
21,4895.193,-5301.845,-8.373,-154.851,-0.903833,0.423661,0.059970,-0.426883,-0.902401,-0.058678,0.029258,-0.078636,0.996474,0,0.72047,-0.25642,43.228,-0.513,950.000,375.000,-1,375.000,-1,300.000,300.000,300.000,300.000,-1,425.000,450.000,-1,625.000,650.000,1000.000,-1,0,0,2,0,2,0,0,0,0,2,0,0,2,0,0,0,2
22,4851.620,-5322.048,-6.898,-155.124,-0.905627,0.419394,0.062840,-0.422773,-0.904483,-0.056335,0.033211,-0.077585,0.996432,0,0.80047,-0.13642,48.028,-0.273,950.000,375.000,-1,375.000,-1,300.000,325.000,300.000,300.000,-1,375.000,400.000,-1,625.000,675.000,-1,-1,0,0,2,0,2,0,0,0,0,2,0,0,2,0,0,2,2
23,4806.409,-5342.978,-5.356,-155.156,-0.905638,0.418908,0.065845,-0.422433,-0.904793,-0.053861,0.037014,-0.076593,0.996375,0,0.83034,-0.01642,49.821,-0.033,950.000,375.000,-1,375.000,-1,300.000,325.000,300.000,300.000,-1,350.000,350.000,-1,625.000,675.000,-1,-1,0,0,2,0,2,0,0,0,0,2,0,0,2,0,0,2,2
24,4761.394,-5364.016,-3.819,-154.949,-0.903882,0.422206,0.068844,-0.425858,-0.903334,-0.051311,0.040526,-0.075697,0.996307,0,0.82815,0.10358,49.689,0.207,950.000,375.000,-1,375.000,-1,300.000,325.000,300.000,300.000,-1,300.000,300.000,-1,650.000,675.000,-1,-1,0,0,2,0,2,0,0,0,0,2,0,0,2,0,0,2,2
25,4716.687,-5385.338,-2.121,-154.502,-0.900344,0.429247,0.071610,-0.433029,-0.900021,-0.049479,0.043212,-0.075557,0.996205,0,0.82551,0.22358,49.530,0.447,950.000,375.000,-1,375.000,-1,300.000,325.000,300.000,300.000,-1,300.000,300.000,-1,650.000,675.000,-1,-1,0,0,2,0,2,0,0,0,0,2,0,0,2,0,0,2,2
26,4672.405,-5407.113,-0.179,-153.815,-0.894951,0.439978,0.074042,-0.443911,-0.894742,-0.048778,0.044787,-0.076522,0.996061,0,0.82245,0.34358,49.347,0.687,950.000,375.000,-1,375.000,-1,300.000,325.000,300.000,300.000,-1,300.000,300.000,-1,650.000,700.000,-1,-1,0,0,2,0,2,0,0,0,0,2,0,0,2,0,0,2,2
27,4628.664,-5429.509,1.877,-152.888,-0.887488,0.454340,0.077071,-0.458483,-0.887391,-0.048279,0.046457,-0.078182,0.995856,0,0.81901,0.46358,49.141,0.927,925.000,375.000,-1,375.000,-1,300.000,325.000,300.000,300.000,-1,300.000,300.000,-1,650.000,700.000,-1,-1,0,0,2,0,2,0,0,0,0,2,0,0,2,0,0,2,2
28,4585.588,-5452.685,3.922,-151.721,-0.877806,0.472248,0.080234,-0.476615,-0.877817,-0.047710,0.047899,-0.080121,0.995634,0,0.81526,0.58358,48.915,1.167,925.000,375.000,-1,375.000,-1,300.000,325.000,300.000,300.000,-1,300.000,300.000,-1,650.000,700.000,-1,-1,0,0,2,0,2,0,0,0,0,2,0,0,2,0,0,2,2
29,4543.233,-5476.671,5.905,-150.479,-0.867113,0.491079,0.083404,-0.495670,-0.867238,-0.046994,0.049253,-0.082091,0.995407,0,0.81126,0.62079,48.675,1.242,900.000,375.000,-1,375.000,-1,300.000,300.000,300.000,300.000,-1,300.000,300.000,-1,650.000,700.000,1000.000,-1,0,0,2,0,2,0,0,0,0,2,0,0,2,0,0,0,2
30,4501.612,-5501.451,7.873,-149.234,-0.855988,0.509733,0.086349,-0.514526,-0.856237,-0.046045,0.050464,-0.083843,0.995200,0,0.80734,0.62255,48.440,1.245,900.000,375.000,-1,375.000,-1,300.000,300.000,300.000,300.000,-1,300.000,325.000,-1,650.000,700.000,1000.000,-1,0,0,2,0,2,0,0,0,0,2,0,0,2,0,0,0,2
31,4460.726,-5527.015,10.241,-147.984,-0.844586,0.528294,0.087064,-0.533059,-0.844924,-0.044179,0.050222,-0.083723,0.995223,0,0.80367,0.62493,48.220,1.250,875.000,375.000,-1,375.000,-1,300.000,300.000,300.000,300.000,-1,325.000,350.000,-1,625.000,700.000,975.000,-1,0,0,2,0,2,0,0,0,0,2,0,0,2,0,0,0,2
32,4420.578,-5553.358,12.600,-146.728,-0.832746,0.546700,0.087485,-0.551409,-0.833167,-0.042194,0.049822,-0.083377,0.995272,0,0.80033,0.62790,48.020,1.256,875.000,350.000,-1,375.000,-1,300.000,300.000,300.000,300.000,-1,350.000,375.000,-1,625.000,700.000,975.000,-1,0,0,2,0,2,0,0,0,0,2,0,0,2,0,0,0,2
33,4381.167,-5580.480,14.900,-145.465,-0.820437,0.564948,0.087846,-0.569597,-0.820941,-0.040181,0.049416,-0.083003,0.995323,0,0.79738,0.63145,47.843,1.263,875.000,350.000,-1,375.000,-1,300.000,300.000,300.000,300.000,-1,400.000,400.000,-1,625.000,700.000,950.000,-1,0,0,2,0,2,0,0,0,0,2,0,0,2,0,0,0,2
34,4342.490,-5608.380,17.470,-144.194,-0.807550,0.583025,0.089134,-0.587676,-0.808213,-0.037808,0.049996,-0.082914,0.995302,0,0.79485,0.63556,47.691,1.271,875.000,350.000,-1,375.000,-1,300.000,300.000,300.000,300.000,-1,425.000,425.000,-1,625.000,700.000,975.000,-1,0,0,2,0,2,0,0,0,0,2,0,0,2,0,0,0,2
35,4304.544,-5637.064,20.104,-142.914,-0.794124,0.600926,0.090850,-0.605618,-0.794965,-0.035450,0.050920,-0.083172,0.995233,0,0.79280,0.64022,47.568,1.280,900.000,375.000,-1,375.000,-1,300.000,300.000,300.000,300.000,-1,425.000,400.000,-1,625.000,700.000,975.000,-1,0,0,2,0,2,0,0,0,0,2,0,0,2,0,0,0,2
36,4267.327,-5666.538,22.680,-141.623,-0.780189,0.618669,0.092487,-0.623394,-0.781210,-0.033025,0.051820,-0.083422,0.995166,0,0.79125,0.64540,47.475,1.291,900.000,375.000,-1,375.000,-1,300.000,300.000,300.000,300.000,-1,450.000,375.000,-1,625.000,700.000,1000.000,-1,0,0,2,0,2,0,0,0,0,2,0,0,2,0,0,0,2
37,4230.835,-5696.812,25.196,-140.321,-0.765730,0.636250,0.094041,-0.641000,-0.766933,-0.030536,0.052695,-0.083663,0.995100,0,0.79025,0.65109,47.415,1.302,925.000,375.000,-1,375.000,-1,300.000,300.000,300.000,300.000,-1,425.000,375.000,-1,625.000,700.000,-1,-1,0,0,2,0,2,0,0,0,0,2,0,0,2,0,0,2,2
38,4195.068,-5727.897,27.655,-139.006,-0.750734,0.653664,0.095508,-0.658431,-0.752121,-0.027985,0.053541,-0.083895,0.995035,0,0.78980,0.65727,47.388,1.315,925.000,375.000,-1,375.000,-1,300.000,300.000,300.000,300.000,-1,400.000,350.000,-1,625.000,725.000,-1,-1,0,0,2,0,2,0,0,0,0,2,0,0,2,0,0,2,2
39,4160.026,-5759.808,30.191,-137.678,-0.735208,0.670877,0.096923,-0.675691,-0.736726,-0.026010,0.053956,-0.084613,0.994952,0,0.78993,0.66393,47.396,1.328,925.000,350.000,-1,375.000,-1,300.000,300.000,300.000,300.000,-1,400.000,350.000,-1,625.000,725.000,-1,-1,0,0,2,0,2,0,0,0,0,2,0,0,2,0,0,2,2
40,4125.709,-5792.561,32.723,-136.336,-0.719124,0.687894,0.098293,-0.692766,-0.720755,-0.024235,0.054174,-0.085523,0.994862,0,0.79065,0.67104,47.439,1.342,900.000,350.000,-1,375.000,-1,300.000,300.000,300.000,300.000,-1,400.000,350.000,-1,625.000,725.000,-1,-1,0,0,2,0,2,0,0,0,0,2,0,0,2,0,0,2,2
41,4092.867,-5825.135,35.322,-135.234,-0.705564,0.701632,0.099456,-0.706491,-0.707393,-0.021562,0.055226,-0.085479,0.994808,0,0.77095,0.55104,46.257,1.102,925.000,350.000,-1,375.000,-1,300.000,300.000,300.000,300.000,-1,400.000,350.000,-1,625.000,725.000,-1,-1,0,0,2,0,2,0,0,0,0,2,0,0,2,0,0,2,2
42,4060.437,-5858.282,38.123,-134.372,-0.694690,0.712270,0.100385,-0.717019,-0.696828,-0.017701,0.057344,-0.084275,0.994791,0,0.77288,0.43104,46.373,0.862,950.000,350.000,-1,400.000,-1,300.000,325.000,300.000,300.000,-1,400.000,350.000,-1,625.000,725.000,-1,-1,0,0,2,0,2,0,0,0,0,2,0,0,2,0,0,2,2
43,4028.263,-5891.889,40.913,-133.750,-0.686679,0.719878,0.101229,-0.724499,-0.689136,-0.013876,0.059772,-0.082869,0.994766,0,0.77542,0.31104,46.525,0.622,1000.000,375.000,-1,400.000,-1,300.000,325.000,300.000,300.000,-1,400.000,350.000,-1,650.000,750.000,-1,-1,0,0,2,0,2,0,0,0,0,2,0,0,2,0,0,2,2
44,3996.236,-5925.887,43.658,-133.287,-0.680626,0.725524,0.101805,-0.729982,-0.683392,-0.010089,0.062253,-0.081183,0.994753,0,0.77846,0.23146,46.707,0.463,-1,375.000,-1,400.000,-1,300.000,325.000,300.000,300.000,-1,400.000,350.000,-1,650.000,750.000,-1,-1,2,0,2,0,2,0,0,0,0,2,0,0,2,0,0,2,2
45,3964.355,-5960.304,46.337,-132.807,-0.674348,0.731335,0.102004,-0.735595,-0.677391,-0.006346,0.064455,-0.079313,0.994764,0,0.78191,0.24005,46.914,0.480,-1,375.000,-1,400.000,-1,300.000,325.000,300.000,300.000,-1,400.000,350.000,-1,650.000,750.000,-1,-1,2,0,2,0,2,0,0,0,0,2,0,0,2,0,0,2,2
46,3932.622,-5995.165,49.180,-132.309,-0.667821,0.737262,0.102271,-0.741380,-0.671076,-0.003422,0.066109,-0.078107,0.994751,0,0.78568,0.24889,47.141,0.498,-1,375.000,-1,400.000,-1,300.000,325.000,300.000,300.000,-1,400.000,350.000,-1,675.000,775.000,-1,-1,2,0,2,0,2,0,0,0,0,2,0,0,2,0,0,2,2
47,3901.041,-6030.494,52.172,-131.793,-0.661030,0.743310,0.102615,-0.747340,-0.664441,-0.001243,0.067258,-0.077510,0.994720,0,0.78978,0.25797,47.387,0.516,-1,375.000,-1,400.000,-1,300.000,325.000,300.000,300.000,-1,425.000,375.000,-1,675.000,775.000,-1,-1,2,0,2,0,2,0,0,0,0,2,0,0,2,0,0,2,2
48,3869.616,-6066.316,55.166,-131.259,-0.653943,0.749508,0.102935,-0.753451,-0.657503,0.000872,0.068334,-0.076986,0.994688,0,0.79420,0.26731,47.652,0.535,-1,375.000,-1,400.000,-1,300.000,325.000,300.000,300.000,-1,450.000,400.000,-1,675.000,775.000,-1,-1,2,0,2,0,2,0,0,0,0,2,0,0,2,0,0,2,2
49,3838.359,-6102.646,58.213,-130.706,-0.646587,0.755859,0.102965,-0.759697,-0.650270,0.002934,0.069173,-0.076325,0.994681,0,0.79877,0.27657,47.926,0.553,-1,375.000,-1,400.000,-1,300.000,325.000,300.000,300.000,-1,475.000,425.000,-1,675.000,800.000,-1,-1,2,0,2,0,2,0,0,0,0,2,0,0,2,0,0,2,2
50,3807.455,-6139.277,61.329,-130.152,-0.639222,0.762157,0.102531,-0.765859,-0.642990,0.004927,0.069682,-0.075374,0.994718,0,0.79877,0.27657,47.926,0.553,-1,375.000,-1,400.000,-1,300.000,325.000,300.000,300.000,-1,500.000,425.000,-1,700.000,800.000,-1,-1,2,0,2,0,2,0,0,0,0,2,0,0,2,0,0,2,2
51,3776.906,-6176.205,64.695,-129.599,-0.631665,0.768323,0.103341,-0.771991,-0.635597,0.006809,0.070914,-0.075478,0.994623,0,0.79877,0.27657,47.926,0.553,-1,375.000,-1,400.000,-1,325.000,325.000,300.000,300.000,-1,500.000,450.000,-1,700.000,825.000,-1,-1,2,0,2,0,2,0,0,0,0,2,0,0,2,0,0,2,2
52,3746.715,-6213.426,68.034,-129.046,-0.624056,0.774415,0.104094,-0.778049,-0.628144,0.008626,0.072066,-0.075608,0.994530,0,0.79877,0.27657,47.926,0.553,-1,375.000,-1,400.000,-1,325.000,325.000,300.000,300.000,-1,500.000,450.000,-1,700.000,850.000,-1,-1,2,0,2,0,2,0,0,0,0,2,0,0,2,0,0,2,2
53,3716.885,-6250.937,71.332,-128.493,-0.616400,0.780436,0.104738,-0.784032,-0.620633,0.010377,0.073103,-0.075721,0.994446,0,0.79877,0.27657,47.926,0.553,-1,375.000,-1,400.000,-1,325.000,325.000,300.000,300.000,-1,500.000,425.000,-1,725.000,875.000,-1,-1,2,0,2,0,2,0,0,0,0,2,0,0,2,0,0,2,2
54,3687.419,-6288.734,74.589,-127.940,-0.608700,0.786385,0.105273,-0.789940,-0.613066,0.012062,0.074025,-0.075817,0.994370,0,0.79877,0.27657,47.926,0.553,-1,375.000,-1,400.000,-1,325.000,325.000,300.000,300.000,-1,475.000,400.000,-1,725.000,900.000,-1,-1,2,0,2,0,2,0,0,0,0,2,0,0,2,0,0,2,2
55,3658.318,-6326.814,77.869,-127.387,-0.600991,0.792278,0.105385,-0.795763,-0.605453,0.013671,0.074637,-0.075645,0.994338,0,0.79877,0.27657,47.926,0.553,-1,375.000,-1,425.000,-1,325.000,325.000,300.000,325.000,-1,475.000,400.000,-1,725.000,925.000,-1,-1,2,0,2,0,2,0,0,0,0,2,0,0,2,0,0,2,2
56,3629.586,-6365.172,81.457,-126.834,-0.593439,0.798181,0.103620,-0.801466,-0.597848,0.015151,0.074042,-0.074057,0.994502,0,0.79877,0.27657,47.926,0.553,-1,375.000,-1,425.000,-1,325.000,325.000,300.000,325.000,-1,525.000,425.000,-1,750.000,925.000,-1,-1,2,0,2,0,2,0,0,0,0,2,0,0,2,0,0,2,2
57,3601.226,-6403.805,84.934,-126.281,-0.585831,0.804019,0.101758,-0.807089,-0.590191,0.016771,0.073541,-0.072303,0.994668,0,0.79877,0.27657,47.926,0.553,-1,375.000,-1,425.000,-1,325.000,325.000,300.000,300.000,-1,575.000,475.000,-1,750.000,950.000,-1,-1,2,0,2,0,2,0,0,0,0,2,0,0,2,0,0,2,2
58,3573.239,-6442.711,88.267,-125.727,-0.578170,0.809788,0.099812,-0.812635,-0.582480,0.018470,0.073095,-0.070431,0.994835,0,0.79877,0.27657,47.926,0.553,-1,400.000,-1,425.000,-1,325.000,325.000,300.000,300.000,-1,600.000,475.000,-1,750.000,975.000,-1,-1,2,0,2,0,2,0,0,0,0,2,0,0,2,0,0,2,2
59,3545.560,-6481.985,91.526,-125.174,-0.570462,0.815472,0.097867,-0.818118,-0.574705,0.019930,0.072497,-0.068698,0.995000,0,0.80080,0.27656,48.048,0.553,-1,400.000,-1,425.000,-1,325.000,325.000,300.000,300.000,-1,625.000,500.000,-1,775.000,975.000,-1,-1,2,0,2,0,2,0,0,0,0,2,0,0,2,0,0,2,2
60,3518.143,-6521.695,94.823,-124.621,-0.562702,0.821094,0.095768,-0.823510,-0.566887,0.021687,0.072096,-0.066663,0.995167,0,0.80427,0.27648,48.256,0.553,-1,400.000,-1,425.000,-1,325.000,325.000,300.000,300.000,-1,675.000,525.000,-1,775.000,1000.000,-1,-1,2,0,2,0,2,0,0,0,0,2,0,0,2,0,0,2,2
61,3490.992,-6561.841,98.068,-124.069,-0.554898,0.826631,0.093646,-0.828832,-0.559013,0.023287,0.071599,-0.064695,0.995333,0,0.80775,0.27634,48.465,0.553,-1,400.000,-1,425.000,-1,325.000,325.000,300.000,300.000,-1,700.000,550.000,-1,800.000,1000.000,-1,-1,2,0,2,0,2,0,0,0,0,2,0,0,2,0,0,2,2
62,3464.115,-6602.421,101.260,-123.516,-0.547053,0.832082,0.091505,-0.834081,-0.551087,0.024730,0.071004,-0.062794,0.995498,0,0.81124,0.27611,48.674,0.552,-1,400.000,-1,425.000,-1,325.000,325.000,300.000,300.000,-1,725.000,575.000,-1,825.000,-1,-1,-1,2,0,2,0,2,0,0,0,0,2,0,0,2,0,2,2,2
63,3440.087,-6639.131,104.130,-123.204,-0.542650,0.835160,0.089656,-0.836999,-0.546602,0.025676,0.070449,-0.061109,0.995642,0,0.73124,0.15611,43.874,0.312,-1,400.000,-1,425.000,-1,325.000,325.000,300.000,300.000,-1,775.000,600.000,-1,825.000,-1,-1,-1,2,0,2,0,2,0,0,0,0,2,0,0,2,0,2,2,2
64,3417.541,-6673.845,107.002,-123.004,-0.539868,0.837112,0.088237,-0.838888,-0.543704,0.025534,0.069350,-0.060236,0.995772,0,0.68988,0.10026,41.393,0.201,-1,400.000,-1,425.000,-1,325.000,325.000,300.000,300.000,-1,850.000,675.000,-1,850.000,-1,-1,-1,2,0,2,0,2,0,0,0,0,2,0,0,2,0,2,2,2
65,3395.019,-6708.786,109.832,-122.804,-0.537086,0.839049,0.086811,-0.840765,-0.540807,0.025349,0.068217,-0.059373,0.995902,0,0.69286,0.10000,41.572,0.200,-1,400.000,-1,425.000,-1,325.000,325.000,300.000,300.000,-1,925.000,750.000,-1,850.000,-1,-1,-1,2,0,2,0,2,0,0,0,0,2,0,0,2,0,2,2,2
66,3372.522,-6743.957,112.621,-122.604,-0.534306,0.840968,0.085378,-0.842627,-0.537911,0.025122,0.067053,-0.058519,0.996032,0,0.69584,0.09970,41.751,0.199,-1,400.000,-1,425.000,-1,325.000,325.000,300.000,300.000,-1,1000.000,825.000,-1,875.000,-1,-1,-1,2,0,2,0,2,0,0,0,0,2,0,0,2,0,2,2,2
67,3350.051,-6779.358,115.378,-122.406,-0.531525,0.842868,0.083986,-0.844476,-0.535016,0.024856,0.065884,-0.057712,0.996157,0,0.69884,0.09936,41.930,0.199,-1,400.000,-1,425.000,-1,325.000,325.000,300.000,300.000,-1,-1,900.000,-1,875.000,-1,-1,-1,2,0,2,0,2,0,0,0,0,2,2,0,2,0,2,2,2
68,3327.607,-6814.988,118.054,-122.208,-0.528766,0.844758,0.082407,-0.846308,-0.532129,0.024526,0.064570,-0.056773,0.996297,0,0.70184,0.09900,42.110,0.198,-1,400.000,-1,425.000,-1,325.000,350.000,300.000,300.000,-1,-1,1000.000,-1,875.000,-1,-1,-1,2,0,2,0,2,0,0,0,0,2,2,0,2,0,2,2,2
69,3305.189,-6850.848,120.569,-122.010,-0.526063,0.846649,0.080266,-0.848118,-0.529259,0.024088,0.062876,-0.055403,0.996482,0,0.70485,0.09859,42.291,0.197,-1,400.000,-1,425.000,-1,325.000,350.000,300.000,300.000,-1,-1,-1,-1,900.000,-1,-1,-1,2,0,2,0,2,0,0,0,0,2,2,2,2,0,2,2,2
70,3282.799,-6886.938,123.030,-121.814,-0.523369,0.848523,0.078069,-0.849912,-0.526396,0.023595,0.061116,-0.054003,0.996669,0,0.70787,0.09814,42.472,0.196,-1,400.000,-1,450.000,-1,325.000,350.000,300.000,300.000,-1,-1,-1,-1,900.000,-1,-1,-1,2,0,2,0,2,0,0,0,0,2,2,2,2,0,2,2,2
71,3260.437,-6923.260,125.437,-121.619,-0.520683,0.850377,0.075817,-0.851689,-0.523541,0.023045,0.059290,-0.052573,0.996855,0,0.71089,0.09765,42.653,0.195,-1,400.000,-1,450.000,-1,325.000,350.000,300.000,300.000,-1,-1,-1,-1,900.000,-1,-1,-1,2,0,2,0,2,0,0,0,0,2,2,2,2,0,2,2,2
72,3238.103,-6959.812,127.789,-121.425,-0.518007,0.852212,0.073510,-0.853448,-0.520694,0.022439,0.057399,-0.051113,0.997042,0,0.71392,0.09712,42.835,0.194,-1,400.000,-1,450.000,-1,325.000,350.000,300.000,300.000,-1,-1,-1,-1,900.000,-1,-1,-1,2,0,2,0,2,0,0,0,0,2,2,2,2,0,2,2,2
73,3215.799,-6996.595,130.086,-121.232,-0.515343,0.854026,0.071148,-0.855189,-0.517859,0.021775,0.055441,-0.049624,0.997228,0,0.71696,0.09654,43.018,0.193,-1,400.000,-1,450.000,-1,325.000,350.000,300.000,300.000,-1,-1,-1,-1,-1,-1,-1,-1,2,0,2,0,2,0,0,0,0,2,2,2,2,2,2,2,2
74,3193.523,-7033.608,132.288,-121.040,-0.512674,0.855812,0.068932,-0.856912,-0.515031,0.021078,0.053542,-0.048263,0.997399,0,0.72000,0.09590,43.200,0.192,-1,425.000,-1,450.000,-1,325.000,350.000,275.000,300.000,-1,-1,-1,-1,-1,-1,-1,-1,2,0,2,0,2,1,1,0,0,2,2,2,2,2,2,2,2
75,3171.277,-7070.853,134.498,-120.849,-0.510045,0.857586,0.066337,-0.858612,-0.512224,0.020280,0.051371,-0.046614,0.997591,0,0.72304,0.09522,43.383,0.190,-1,425.000,-1,-1,-1,350.000,350.000,275.000,300.000,-1,-1,-1,-1,-1,-1,-1,-1,2,0,2,2,2,1,1,0,0,2,2,2,2,2,2,2,2
76,3149.061,-7108.327,136.640,-120.660,-0.507425,0.859335,0.063743,-0.860292,-0.509432,0.019428,0.049168,-0.044979,0.997777,0,0.72609,0.09447,43.565,0.189,-1,425.000,-1,-1,-1,375.000,400.000,275.000,300.000,-1,-1,-1,-1,-1,-1,-1,-1,2,0,2,2,2,1,1,0,0,2,2,2,2,2,2,2,2
77,3126.875,-7146.032,138.591,-120.473,-0.504822,0.861038,0.061385,-0.861969,-0.506644,0.017914,0.046525,-0.043868,0.997953,0,0.72913,0.09366,43.748,0.187,-1,425.000,-1,-1,-1,400.000,500.000,275.000,300.000,-1,-1,-1,-1,-1,-1,-1,-1,2,0,2,2,2,1,1,0,0,2,2,2,2,2,2,2,2
78,3104.719,-7183.966,140.364,-120.287,-0.502236,0.862699,0.059238,-0.863636,-0.503867,0.015815,0.043492,-0.043217,0.998119,0,0.73218,0.09278,43.931,0.186,-1,425.000,-1,-1,-1,450.000,-1,275.000,300.000,-1,-1,-1,-1,-1,-1,-1,-1,2,1,2,2,2,1,2,0,0,2,2,2,2,2,2,2,2
79,3082.594,-7222.128,142.070,-120.104,-0.499667,0.864334,0.057098,-0.865274,-0.501113,0.013678,0.040435,-0.042571,0.998275,0,0.73522,0.09183,44.113,0.184,-1,475.000,-1,-1,-1,-1,-1,275.000,300.000,-1,-1,-1,-1,-1,-1,-1,-1,2,1,2,2,2,2,2,0,0,2,2,2,2,2,2,2,2
80,3060.499,-7260.519,143.710,-119.922,-0.497116,0.865941,0.054965,-0.866880,-0.498385,0.011503,0.037354,-0.041930,0.998422,0,0.73825,0.09080,44.295,0.182,-1,525.000,-1,-1,-1,-1,-1,275.000,300.000,-1,-1,-1,-1,-1,-1,-1,-1,2,1,2,2,2,2,2,0,0,2,2,2,2,2,2,2,2
81,3038.434,-7299.135,145.287,-119.743,-0.494588,0.867520,0.052847,-0.868453,-0.495685,0.009269,0.034236,-0.041311,0.998560,0,0.74127,0.08967,44.476,0.179,-1,625.000,-1,-1,-1,-1,-1,275.000,300.000,-1,-1,-1,-1,-1,-1,-1,-1,2,1,2,2,2,2,2,0,0,2,2,2,2,2,2,2,2
82,3016.399,-7337.977,146.799,-119.566,-0.492084,0.869067,0.050741,-0.869992,-0.493016,0.006986,0.031088,-0.040706,0.998687,0,0.74428,0.08845,44.657,0.177,-1,700.000,-1,-1,-1,-1,-1,275.000,300.000,-1,-1,-1,-1,-1,-1,-1,-1,2,1,2,2,2,2,2,0,0,2,2,2,2,2,2,2,2
83,2994.395,-7377.042,148.143,-119.392,-0.489604,0.870597,0.048468,-0.871488,-0.490390,0.005098,0.028207,-0.039744,0.998812,0,0.74728,0.08713,44.837,0.174,-1,775.000,-1,-1,-1,-1,-1,275.000,300.000,-1,-1,-1,-1,-1,-1,-1,-1,2,1,2,2,2,2,2,0,0,2,2,2,2,2,2,2,2
84,2972.417,-7416.327,146.120,-119.220,-0.487739,0.872442,0.030913,-0.872844,-0.487998,0.000975,0.015936,-0.026507,0.999522,0,0.75025,0.08568,45.015,0.171,-1,775.000,-1,-1,-1,-1,-1,300.000,275.000,-1,-1,-1,-1,-1,-1,-1,-1,2,1,2,2,2,2,2,0,0,2,2,2,2,2,2,2,2
85,2950.470,-7455.830,143.332,-119.052,-0.485590,0.874129,0.010105,-0.874185,-0.485578,-0.003771,0.001611,-0.010665,0.999942,0,0.75319,0.08410,45.191,0.168,-1,775.000,-1,-1,-1,-1,-1,300.000,250.000,-1,-1,-1,-1,-1,-1,-1,-1,2,1,2,2,2,2,2,0,0,2,2,2,2,2,2,2,2
86,2928.553,-7495.551,140.045,-118.887,-0.482959,0.875551,-0.012716,-0.875531,-0.483078,-0.008946,-0.013976,0.006813,0.999879,0,0.75609,0.08237,45.365,0.165,-1,775.000,-1,-1,-1,-1,-1,325.000,200.000,-1,-1,-1,-1,-1,-1,-1,-1,2,1,2,2,2,2,2,0,0,2,2,2,2,2,2,2,2
87,2904.632,-7539.647,135.705,-118.483,-0.475807,0.878608,-0.040698,-0.878928,-0.476701,-0.015557,-0.033069,0.028368,0.999050,0,0.83609,0.20237,50.165,0.405,-1,750.000,-1,-1,-1,-1,-1,350.000,175.000,-1,-1,-1,-1,-1,-1,-1,-1,2,1,2,2,2,2,2,0,0,2,2,2,2,2,2,2,2
88,2878.970,-7588.257,130.144,-117.838,-0.463530,0.882953,-0.074394,-0.884311,-0.466275,-0.024119,-0.055984,0.054607,0.996937,0,0.91609,0.32237,54.965,0.645,-1,700.000,-1,-1,-1,950.000,-1,375.000,125.000,-1,-1,-1,-1,-1,-1,-1,-1,2,1,2,2,2,1,2,0,0,2,2,2,2,2,2,2,2
89,3607.640,983.903,160.384,-68.708,0.363937,0.930528,-0.040828,-0.931240,0.362645,-0.035789,-0.018496,0.051046,0.998525,1,0.00000,0.00000,59.765,0.885,-1,400.000,-1,400.000,-1,325.000,325.000,300.000,300.000,-1,450.000,475.000,700.000,775.000,675.000,-1,-1,2,0,2,0,2,0,0,0,0,2,1,1,1,0,0,2,2
90,3609.402,979.438,160.289,-68.468,0.367827,0.928999,-0.040806,-0.929715,0.366538,-0.035780,-0.018283,0.051099,0.998526,0,0.08000,0.12000,4.800,0.240,-1,400.000,-1,400.000,-1,325.000,325.000,300.000,300.000,-1,450.000,475.000,700.000,775.000,675.000,-1,-1,2,0,2,0,2,0,0,0,0,2,1,1,1,0,0,2,2
91,3612.984,970.531,160.103,-68.093,0.373891,0.926577,-0.040761,-0.927299,0.372608,-0.035774,-0.017960,0.051173,0.998528,0,0.16000,0.18747,9.600,0.375,-1,400.000,-1,400.000,-1,325.000,325.000,300.000,300.000,-1,475.000,475.000,700.000,775.000,675.000,-1,-1,2,0,2,0,2,0,0,0,0,2,1,1,1,0,0,2,2
92,3618.444,957.207,159.831,-67.717,0.379960,0.924108,-0.040689,-0.924834,0.378683,-0.035783,-0.017659,0.051227,0.998531,0,0.24000,0.18811,14.400,0.376,-1,400.000,-1,375.000,-1,325.000,325.000,300.000,300.000,-1,475.000,500.000,725.000,775.000,675.000,-1,-1,2,0,2,0,2,0,0,0,0,2,1,1,1,0,0,2,2
93,3625.841,939.489,159.473,-67.339,0.386045,0.921587,-0.040585,-0.922316,0.384774,-0.035809,-0.017385,0.051256,0.998534,0,0.32000,0.18908,19.200,0.378,-1,400.000,-1,375.000,-1,325.000,325.000,300.000,300.000,-1,500.000,525.000,725.000,775.000,675.000,-1,-1,2,0,2,0,2,0,0,0,0,2,1,1,1,0,0,2,2
94,3635.235,917.404,159.033,-66.958,0.392156,0.919009,-0.040442,-0.919739,0.390890,-0.035852,-0.017140,0.051256,0.998538,0,0.40000,0.19039,24.000,0.381,-1,400.000,-1,375.000,-1,325.000,325.000,300.000,300.000,-1,525.000,550.000,750.000,775.000,675.000,-1,-1,2,0,2,0,2,0,0,0,0,2,1,1,1,0,0,2,2
95,3646.685,890.978,158.508,-66.574,0.398304,0.916370,-0.040249,-0.917097,0.397043,-0.035913,-0.016929,0.051216,0.998544,0,0.48000,0.19205,28.800,0.384,-1,400.000,-1,375.000,-1,325.000,325.000,300.000,300.000,-1,550.000,575.000,775.000,775.000,675.000,-1,-1,2,0,2,0,2,0,0,0,0,2,1,1,1,0,0,2,2
96,3660.252,860.239,157.901,-66.186,0.404500,0.913663,-0.039994,-0.914385,0.403243,-0.035992,-0.016758,0.051129,0.998551,0,0.56000,0.19407,33.600,0.388,-1,400.000,-1,375.000,-1,325.000,325.000,300.000,300.000,-1,575.000,600.000,825.000,775.000,675.000,-1,-1,2,0,2,0,2,0,0,0,0,2,1,1,1,0,0,2,2
97,3675.997,825.215,157.209,-65.793,0.410753,0.910883,-0.039662,-0.911595,0.409503,-0.036089,-0.016631,0.050979,0.998561,0,0.64000,0.19646,38.400,0.393,-1,400.000,-1,375.000,-1,325.000,325.000,300.000,300.000,-1,625.000,650.000,875.000,775.000,675.000,-1,-1,2,0,2,0,2,0,0,0,0,2,1,1,1,0,0,2,2
98,3693.984,785.938,156.445,-65.394,0.417078,0.908026,-0.039174,-0.908719,0.415834,-0.036216,-0.016595,0.050703,0.998576,0,0.72000,0.19924,43.200,0.398,-1,400.000,-1,375.000,975.000,325.000,325.000,300.000,300.000,-1,675.000,700.000,925.000,775.000,650.000,-1,-1,2,0,2,0,0,0,0,0,0,2,1,1,1,0,0,2,2
99,3714.277,742.439,155.615,-64.990,0.423491,0.905086,-0.038394,-0.905743,0.422248,-0.036541,-0.016861,0.050250,0.998594,0,0.80000,0.20241,48.000,0.405,-1,400.000,-1,375.000,950.000,325.000,300.000,300.000,300.000,-1,725.000,750.000,975.000,775.000,650.000,-1,-1,2,0,2,0,0,0,0,0,0,2,1,1,1,0,0,2,2
100,3736.477,695.730,155.026,-64.578,0.429944,0.902103,-0.036841,-0.902709,0.428781,-0.035542,-0.016266,0.048538,0.998689,0,0.86194,0.20598,51.716,0.412,-1,400.000,-1,375.000,925.000,325.000,300.000,300.000,300.000,-1,775.000,800.000,-1,750.000,650.000,-1,-1,2,0,2,0,0,0,0,0,0,2,1,1,2,0,0,2,2
101,3759.078,649.064,154.576,-64.158,0.436476,0.899038,-0.034927,-0.899587,0.435427,-0.033863,-0.015235,0.046200,0.998816,0,0.86419,0.20989,51.851,0.420,-1,400.000,-1,375.000,925.000,325.000,300.000,300.000,300.000,-1,825.000,850.000,-1,775.000,650.000,-1,-1,2,0,2,0,0,0,0,0,0,2,1,1,2,0,0,2,2
102,3782.090,602.438,154.092,-63.730,0.443117,0.895856,-0.033018,-0.896350,0.442173,-0.032247,-0.014289,0.043885,0.998934,0,0.86659,0.21386,51.995,0.428,-1,400.000,-1,375.000,925.000,325.000,300.000,300.000,300.000,-1,875.000,925.000,-1,775.000,650.000,-1,-1,2,0,2,0,0,0,0,0,0,2,1,1,2,0,0,2,2
103,3805.524,555.853,153.576,-63.294,0.449866,0.892554,-0.031120,-0.892995,0.449017,-0.030712,-0.013439,0.041606,0.999044,0,0.86912,0.21789,52.147,0.436,-1,400.000,-1,375.000,925.000,325.000,300.000,300.000,300.000,-1,925.000,975.000,-1,775.000,650.000,-1,-1,2,0,2,0,0,0,0,0,0,2,1,1,2,0,0,2,2
104,3830.552,507.297,153.002,-62.731,0.458576,0.888176,-0.029161,-0.888566,0.457820,-0.029178,-0.012564,0.039292,0.999149,0,0.91044,0.28185,54.626,0.564,-1,400.000,-1,375.000,925.000,325.000,300.000,300.000,300.000,-1,975.000,-1,-1,775.000,650.000,-1,-1,2,0,2,0,0,0,0,0,0,2,1,2,2,0,0,2,2
105,3856.083,458.950,152.633,-62.162,0.467320,0.883629,-0.028478,-0.884020,0.466642,-0.027461,-0.010976,0.038008,0.999217,0,0.91125,0.28453,54.675,0.569,-1,400.000,-1,375.000,925.000,325.000,300.000,300.000,300.000,-1,-1,-1,-1,775.000,650.000,-1,-1,2,0,2,0,0,0,0,0,0,2,2,2,2,0,0,2,2
106,3882.118,410.824,152.349,-61.587,0.476100,0.878931,-0.028459,-0.879345,0.475491,-0.025712,-0.009066,0.037267,0.999264,0,0.91195,0.28725,54.717,0.574,-1,400.000,-1,375.000,925.000,325.000,325.000,300.000,300.000,-1,-1,-1,-1,775.000,650.000,-1,-1,2,0,2,0,0,0,0,0,0,2,2,2,2,0,0,2,2
107,3908.657,362.934,152.049,-61.007,0.484918,0.874092,-0.028582,-0.874530,0.484375,-0.024042,-0.007170,0.036654,0.999302,0,0.91253,0.29000,54.752,0.580,-1,400.000,-1,375.000,950.000,325.000,325.000,300.000,300.000,-1,-1,-1,-1,800.000,650.000,-1,-1,2,0,2,0,0,0,0,0,0,2,2,2,2,0,0,2,2
108,3935.697,315.293,151.700,-60.422,0.493777,0.869115,-0.028687,-0.869572,0.493294,-0.022481,-0.005387,0.036046,0.999336,0,0.91300,0.29280,54.780,0.586,1000.000,400.000,-1,375.000,975.000,325.000,325.000,300.000,300.000,-1,-1,-1,-1,800.000,675.000,-1,-1,1,0,2,0,0,0,0,0,0,2,2,2,2,0,0,2,2
109,3963.237,267.916,151.302,-59.830,0.502674,0.863997,-0.028771,-0.864468,0.502248,-0.021031,-0.003721,0.035443,0.999365,0,0.91334,0.29563,54.800,0.591,950.000,400.000,-1,375.000,975.000,325.000,325.000,300.000,300.000,-1,-1,-1,-1,800.000,675.000,-1,-1,1,0,2,0,0,0,0,0,0,2,2,2,2,0,0,2,2
110,3991.277,220.817,150.842,-59.233,0.511607,0.858734,-0.028882,-0.859217,0.511232,-0.019684,-0.002138,0.034887,0.999389,0,0.91356,0.29849,54.814,0.597,900.000,400.000,-1,375.000,975.000,325.000,325.000,300.000,275.000,-1,-1,-1,-1,800.000,675.000,-1,-1,1,0,2,0,0,0,0,0,0,2,2,2,2,0,0,2,2
111,4019.812,174.011,150.388,-58.631,0.520580,0.853331,-0.028701,-0.853813,0.520252,-0.018483,-0.000841,0.034127,0.999417,0,0.91365,0.30139,54.819,0.603,850.000,400.000,-1,375.000,1000.000,325.000,325.000,300.000,275.000,-1,-1,-1,-1,825.000,675.000,-1,-1,1,0,2,0,0,0,0,0,0,2,2,2,2,0,0,2,2
112,4048.842,127.513,150.316,-58.022,0.529620,0.847822,-0.026461,-0.848234,0.529328,-0.017624,-0.000935,0.031779,0.999494,0,0.91360,0.30431,54.816,0.609,800.000,400.000,-1,375.000,-1,325.000,325.000,300.000,275.000,-1,-1,-1,-1,825.000,675.000,-1,-1,1,0,2,0,2,0,0,0,0,2,2,2,2,1,0,2,2
113,4078.363,81.338,150.163,-57.407,0.538689,0.842154,-0.024312,-0.842504,0.538427,-0.016813,-0.001069,0.029540,0.999563,0,0.91342,0.30725,54.805,0.615,750.000,400.000,-1,375.000,-1,325.000,325.000,300.000,275.000,-1,-1,-1,-1,800.000,675.000,-1,-1,1,0,2,0,2,0,0,0,0,2,2,2,2,1,0,2,2
114,4108.371,35.502,150.350,-56.787,0.547754,0.836360,-0.021628,-0.836640,0.547571,-0.014147,0.000011,0.025844,0.999666,0,0.91310,0.31021,54.786,0.620,700.000,400.000,-1,375.000,-1,325.000,325.000,300.000,275.000,-1,-1,-1,-1,775.000,675.000,-1,-1,1,0,2,0,2,0,0,0,0,2,2,2,2,1,0,2,2
115,4138.863,-9.981,150.478,-56.161,0.556846,0.830397,-0.019041,-0.830615,0.556730,-0.011411,0.001125,0.022170,0.999754,0,0.91264,0.31318,54.758,0.626,650.000,400.000,-1,375.000,-1,325.000,325.000,300.000,300.000,-1,-1,-1,-1,750.000,700.000,-1,-1,1,0,2,0,2,0,0,0,0,2,2,2,2,1,0,2,2
116,4170.465,-56.094,150.510,-55.575,0.565291,0.824725,-0.016546,-0.824889,0.565228,-0.008705,0.002173,0.018569,0.999825,0,0.93170,0.29275,55.902,0.585,625.000,400.000,-1,375.000,-1,325.000,325.000,275.000,300.000,-1,-1,-1,-1,725.000,700.000,-1,-1,1,0,2,0,2,0,0,0,0,2,2,2,2,1,0,2,2
117,4202.593,-101.949,150.548,-54.983,0.573778,0.818886,-0.014348,-0.819006,0.573746,-0.006621,0.002810,0.015550,0.999875,0,0.93317,0.29590,55.990,0.592,575.000,400.000,-1,375.000,-1,325.000,325.000,275.000,300.000,-1,-1,-1,-1,725.000,725.000,-1,-1,1,0,2,0,2,0,0,0,0,2,2,2,2,1,0,2,2
118,4235.243,-147.530,150.754,-54.385,0.582308,0.812870,-0.012662,-0.812965,0.582282,-0.005991,0.002503,0.013783,0.999902,0,0.93448,0.29919,56.069,0.598,550.000,400.000,-1,375.000,-1,325.000,325.000,275.000,275.000,-1,-1,-1,-1,700.000,725.000,-1,-1,1,0,2,0,2,0,0,0,0,2,2,2,2,1,0,2,2
119,4265.359,-189.022,150.888,-54.026,0.587390,0.809226,-0.011212,-0.809302,0.587366,-0.005678,0.001991,0.012409,0.999921,0,0.85448,0.17919,51.269,0.358,500.000,400.000,-1,375.000,-1,325.000,325.000,275.000,275.000,-1,-1,-1,-1,700.000,725.000,-1,-1,1,0,2,0,2,0,0,0,0,2,2,2,2,1,0,2,2
120,4292.733,-226.572,151.006,-53.908,0.589066,0.808024,-0.009900,-0.808083,0.589046,-0.005166,0.001657,0.011043,0.999938,0,0.77448,0.05919,46.469,0.118,500.000,400.000,-1,375.000,-1,325.000,325.000,275.000,275.000,-1,-1,-1,-1,700.000,725.000,-1,-1,1,0,2,0,2,0,0,0,0,2,2,2,2,1,0,2,2
121,4317.208,-260.296,151.277,-54.030,0.587347,0.809276,-0.009837,-0.809333,0.587332,-0.004644,0.002019,0.010689,0.999941,0,0.69448,-0.06081,41.669,-0.122,475.000,400.000,-1,375.000,-1,325.000,325.000,275.000,275.000,-1,-1,-1,-1,700.000,725.000,-1,-1,1,0,2,0,2,0,0,0,0,2,2,2,2,1,0,2,2
122,4338.761,-290.208,151.461,-54.226,0.584567,0.811287,-0.009763,-0.811342,0.584556,-0.004203,0.002297,0.010378,0.999944,0,0.61448,-0.09820,36.869,-0.196,475.000,400.000,-1,400.000,-1,325.000,325.000,275.000,275.000,-1,-1,-1,-1,750.000,725.000,-1,-1,1,0,2,0,2,0,0,0,0,2,2,2,2,1,0,2,2
123,4357.422,-316.289,151.576,-54.416,0.581876,0.813220,-0.009679,-0.813274,0.581869,-0.003829,0.002519,0.010100,0.999946,0,0.53448,-0.09486,32.069,-0.190,450.000,400.000,-1,400.000,-1,325.000,325.000,275.000,275.000,-1,-1,-1,-1,800.000,725.000,-1,-1,1,0,2,0,2,0,0,0,0,2,2,2,2,1,0,2,2
124,4373.218,-338.516,151.641,-54.600,0.579264,0.815083,-0.009594,-0.815135,0.579260,-0.003516,0.002691,0.009857,0.999948,0,0.45448,-0.09185,27.269,-0.184,450.000,400.000,-1,400.000,-1,325.000,325.000,275.000,275.000,-1,-1,-1,-1,800.000,750.000,-1,-1,1,1,2,0,2,0,0,0,0,2,2,2,2,0,0,2,2
125,4386.177,-356.872,151.673,-54.778,0.576723,0.816885,-0.009511,-0.816935,0.576720,-0.003261,0.002821,0.009651,0.999949,0,0.37448,-0.08920,22.469,-0.178,450.000,400.000,-1,400.000,-1,325.000,325.000,300.000,275.000,-1,-1,-1,-1,825.000,750.000,-1,-1,1,1,2,0,2,0,0,0,0,2,2,2,2,0,0,2,2
126,4396.324,-371.337,151.685,-54.952,0.574240,0.818632,-0.009437,-0.818682,0.574239,-0.003061,0.002913,0.009484,0.999951,0,0.29448,-0.08694,17.669,-0.174,475.000,400.000,-1,400.000,-1,325.000,325.000,300.000,275.000,-1,-1,-1,-1,825.000,750.000,-1,-1,1,1,2,0,2,0,0,0,0,2,2,2,2,0,0,2,2
127,4403.682,-381.894,151.688,-55.122,0.571805,0.820336,-0.009376,-0.820384,0.571806,-0.002914,0.002970,0.009358,0.999952,0,0.21448,-0.08510,12.869,-0.170,475.000,400.000,-1,400.000,-1,325.000,325.000,300.000,275.000,-1,-1,-1,-1,825.000,750.000,-1,-1,1,1,2,0,2,0,0,0,0,2,2,2,2,0,0,2,2
128,4413.682,-396.461,151.690,-55.532,0.565917,0.824410,-0.009268,-0.824456,0.565919,-0.002703,0.003017,0.009171,0.999953,0,0.29448,-0.20510,17.669,-0.410,475.000,400.000,-1,400.000,-1,325.000,325.000,300.000,275.000,-1,-1,-1,-1,825.000,750.000,-1,-1,1,1,2,0,2,0,0,0,0,2,2,2,2,0,0,2,2
129,4426.187,-415.129,151.681,-56.182,0.556525,0.830781,-0.009099,-0.830825,0.556529,-0.002413,0.003059,0.008903,0.999956,0,0.37448,-0.32510,22.469,-0.650,525.000,400.000,-1,400.000,-1,325.000,325.000,300.000,275.000,-1,-1,-1,-1,825.000,750.000,-1,-1,1,1,2,0,2,0,0,0,0,2,2,2,2,0,0,2,2
130,4441.010,-438.017,151.645,-57.073,0.543551,0.839330,-0.008846,-0.839371,0.543556,-0.002025,0.003109,0.008526,0.999959,0,0.45448,-0.44510,27.269,-0.890,-1,400.000,-1,400.000,-1,325.000,325.000,300.000,275.000,-1,-1,-1,-1,825.000,750.000,-1,-1,2,1,2,0,2,0,0,1,0,2,2,2,2,0,0,2,2
131,4457.957,-465.242,151.561,-58.097,0.528454,0.848919,-0.008495,-0.848956,0.528461,-0.001525,0.003195,0.008018,0.999963,0,0.53448,-0.51234,32.069,-1.025,-1,400.000,-1,400.000,-1,325.000,325.000,300.000,275.000,-1,1000.000,-1,-1,825.000,750.000,-1,-1,2,1,2,0,2,0,0,1,0,2,0,2,2,0,0,2,2
132,4476.884,-496.882,151.602,-59.113,0.513329,0.858162,-0.007113,-0.858187,0.513335,-0.001038,0.002761,0.006637,0.999974,0,0.61448,-0.50785,36.869,-1.016,-1,425.000,-1,375.000,-1,325.000,325.000,275.000,275.000,-1,975.000,-1,-1,825.000,750.000,-1,-1,2,0,2,0,2,0,0,1,0,2,0,2,2,0,0,2,2
133,4497.643,-533.012,151.642,-60.119,0.498195,0.867049,-0.005192,-0.867062,0.498199,-0.000530,0.002128,0.004766,0.999986,0,0.69448,-0.50285,41.669,-1.006,-1,425.000,-1,375.000,-1,325.000,325.000,250.000,275.000,-1,1000.000,-1,-1,825.000,725.000,-1,-1,2,0,2,0,2,0,0,1,0,2,0,2,2,0,0,2,2
134,4520.089,-573.700,151.609,-61.116,0.483036,0.875596,-0.002954,-0.875600,0.483038,0.000021,0.001445,0.002576,0.999996,0,0.77448,-0.49861,46.469,-0.997,-1,400.000,-1,375.000,-1,325.000,325.000,250.000,275.000,-1,1000.000,-1,-1,825.000,725.000,-1,-1,2,0,2,0,2,0,0,1,0,2,0,2,2,0,0,2,2
135,4543.087,-617.155,152.085,-62.111,0.467759,0.883852,-0.002683,-0.883852,0.467764,0.001604,0.002673,0.001621,0.999995,0,0.81943,-0.49740,49.166,-0.995,-1,425.000,-1,400.000,-1,325.000,325.000,225.000,275.000,-1,950.000,-1,-1,850.000,750.000,-1,-1,2,0,2,0,2,0,0,1,0,2,0,2,2,0,0,2,2
136,4565.203,-660.753,152.455,-63.103,0.452376,0.891825,-0.002006,-0.891819,0.452381,0.003316,0.003865,0.000289,0.999992,0,0.81478,-0.49638,48.887,-0.993,-1,425.000,-1,400.000,-1,350.000,325.000,225.000,275.000,-1,925.000,-1,-1,875.000,750.000,-1,-1,2,0,2,0,2,0,0,1,0,2,0,2,2,0,0,2,2
