timestep,x_cm,y_cm,z_cm,yaw_deg,basis_xx,basis_xy,basis_xz,basis_yx,basis_yy,basis_yz,basis_zx,basis_zy,basis_zz,teleport_flag,throttle_cmd,steering_cmd,cmd_move_cm,cmd_turn_deg,lidar_cm_0,lidar_cm_1,lidar_cm_2,lidar_cm_3,lidar_cm_4,lidar_cm_5,lidar_cm_6,lidar_cm_7,lidar_cm_8,lidar_cm_9,lidar_cm_10,lidar_cm_11,lidar_cm_12,lidar_cm_13,lidar_cm_14,lidar_cm_15,lidar_cm_16,lidar_class_0,lidar_class_1,lidar_class_2,lidar_class_3,lidar_class_4,lidar_class_5,lidar_class_6,lidar_class_7,lidar_class_8,lidar_class_9,lidar_class_10,lidar_class_11,lidar_class_12,lidar_class_13,lidar_class_14,lidar_class_15,lidar_class_16
0,1635.254,4920.946,144.514,161.904,-0.950860,-0.309440,0.010568,0.307113,-0.946944,-0.094752,0.039328,-0.086850,0.995445,1,0.08000,0.12000,4.800,0.240,-1,375.000,-1,450.000,-1,325.000,325.000,350.000,325.000,-1,-1,0.000,-1,825.000,-1,-1,-1,2,0,2,0,2,0,0,0,0,2,2,0,2,0,2,2,2
1,1626.105,4923.852,144.773,162.384,-0.953409,-0.301504,0.010364,0.299254,-0.949527,-0.094047,0.038196,-0.086564,0.995514,0,0.16000,0.24000,9.600,0.480,-1,375.000,-1,450.000,-1,325.000,325.000,350.000,325.000,-1,-1,0.000,-1,825.000,-1,-1,-1,2,0,2,0,2,0,0,0,0,2,2,0,2,0,2,2,2
2,1612.327,4928.037,145.152,163.104,-0.957108,-0.289558,0.010000,0.287426,-0.953274,-0.093034,0.036471,-0.086170,0.995613,0,0.24000,0.36000,14.400,0.720,-1,375.000,-1,450.000,-1,325.000,325.000,350.000,325.000,-1,-1,0.000,-1,850.000,-1,-1,-1,2,0,2,0,2,0,0,0,0,2,2,0,2,0,2,2,2
3,1593.866,4933.308,145.643,164.064,-0.961810,-0.273557,0.009415,0.271584,-0.958030,-0.091768,0.034124,-0.085707,0.995736,0,0.32000,0.48000,19.200,0.960,-1,375.000,-1,450.000,-1,300.000,325.000,350.000,325.000,-1,-1,0.000,-1,850.000,-1,-1,-1,2,0,2,0,2,0,0,0,0,2,2,0,2,0,2,2,2
4,1570.665,4939.446,146.245,165.181,-0.966947,-0.254832,0.008552,0.253053,-0.963226,-0.090328,0.031256,-0.085178,0.995875,0,0.40000,0.55876,24.000,1.118,-1,375.000,-1,450.000,-1,300.000,325.000,350.000,325.000,-1,-1,0.000,-1,850.000,-1,-1,-1,2,0,2,0,2,0,0,0,0,2,2,0,2,0,2,2,2
5,1542.685,4946.267,146.966,166.299,-0.971722,-0.236011,0.007381,0.234448,-0.968066,-0.088787,0.028100,-0.084545,0.996023,0,0.48000,0.55876,28.800,1.118,-1,375.000,-1,450.000,-1,300.000,325.000,375.000,300.000,-1,-1,0.000,-1,850.000,-1,-1,-1,2,0,2,0,2,0,0,0,0,2,2,0,2,0,2,2,2
6,1509.893,4953.587,147.795,167.416,-0.976132,-0.217099,0.005861,0.215776,-0.972542,-0.087197,0.024631,-0.083851,0.996174,0,0.56000,0.55876,33.600,1.118,-1,375.000,-1,450.000,-1,300.000,325.000,375.000,325.000,-1,-1,0.000,-1,875.000,-1,-1,-1,2,0,2,0,2,0,0,0,0,2,2,0,2,0,2,2,2
7,1472.261,4961.220,148.721,168.534,-0.980174,-0.198102,0.003955,0.197044,-0.976649,-0.085614,0.020823,-0.083137,0.996321,0,0.64000,0.55876,38.400,1.118,-1,375.000,-1,425.000,-1,300.000,325.000,375.000,325.000,-1,-1,0.000,-1,875.000,-1,-1,-1,2,0,2,0,2,0,0,0,0,2,2,0,2,0,2,2,2
8,1429.764,4968.980,149.732,169.651,-0.983843,-0.179027,0.001633,0.178258,-0.980383,-0.084099,0.016657,-0.082449,0.996456,0,0.72000,0.55876,43.200,1.118,-1,375.000,-1,425.000,-1,300.000,325.000,375.000,325.000,-1,-1,0.000,-1,875.000,1000.000,-1,-1,2,0,2,0,2,0,0,0,0,2,2,0,2,0,0,2,2
9,1382.387,4976.680,150.818,170.769,-0.987136,-0.159880,-0.001130,0.159425,-0.983739,-0.082713,0.012112,-0.081829,0.996573,0,0.80000,0.55876,48.000,1.118,-1,375.000,-1,425.000,-1,300.000,325.000,375.000,325.000,-1,-1,0.000,-1,875.000,975.000,-1,-1,2,0,2,0,2,0,0,0,0,2,2,0,2,0,0,2,2
10,1332.856,4983.740,151.729,171.886,-0.990049,-0.140661,-0.004276,0.140534,-0.986649,-0.082305,0.007358,-0.082086,0.996598,0,0.83386,0.55876,50.032,1.118,-1,375.000,-1,425.000,-1,300.000,325.000,375.000,325.000,-1,-1,0.000,-1,875.000,975.000,-1,-1,2,0,2,0,2,0,0,0,0,2,2,0,2,0,0,2,2
11,1283.198,4989.831,152.136,173.004,-0.992574,-0.121378,-0.007952,0.121619,-0.989097,-0.083040,0.002214,-0.083391,0.996514,0,0.83386,0.55876,50.032,1.118,-1,375.000,-1,425.000,-1,300.000,325.000,375.000,350.000,-1,-1,-1,-1,875.000,950.000,-1,-1,2,0,2,0,2,0,0,0,0,2,2,2,2,0,0,2,2
12,1233.430,4994.956,151.693,174.121,-0.994728,-0.102076,-0.009819,0.102538,-0.991385,-0.081493,-0.001416,-0.082070,0.996626,0,0.83386,0.55876,50.032,1.118,-1,375.000,-1,425.000,-1,300.000,325.000,375.000,350.000,-1,-1,-1,-1,875.000,925.000,-1,-1,2,0,2,0,2,0,0,0,0,2,2,2,2,0,0,2,2
13,1183.571,4999.110,151.132,175.239,-0.996503,-0.082730,-0.011742,0.083408,-0.993290,-0.080109,-0.005036,-0.080808,0.996717,0,0.83386,0.55876,50.032,1.118,-1,375.000,-1,425.000,-1,300.000,325.000,375.000,350.000,-1,0.000,-1,-1,900.000,900.000,-1,-1,2,0,2,0,2,0,0,0,0,2,0,2,2,0,0,2,2
14,1133.641,5002.289,150.472,176.356,-0.997898,-0.063348,-0.013674,0.064234,-0.994806,-0.078959,-0.008601,-0.079672,0.996784,0,0.83386,0.55876,50.032,1.118,-1,375.000,-1,400.000,-1,300.000,325.000,375.000,350.000,-1,0.000,-1,-1,900.000,900.000,-1,-1,2,0,2,0,2,0,0,0,0,2,0,2,2,0,0,2,2
15,1083.659,5004.495,149.714,177.474,-0.998912,-0.043938,-0.015611,0.045027,-0.995932,-0.078046,-0.012118,-0.078664,0.996828,0,0.83386,0.55876,50.032,1.118,-1,375.000,-1,400.000,-1,300.000,325.000,375.000,350.000,-1,0.000,-1,-1,900.000,875.000,-1,-1,2,0,2,0,2,0,0,0,0,2,0,2,2,0,0,2,2
16,1033.643,5005.725,148.860,178.591,-0.999546,-0.024508,-0.017549,0.025796,-0.996669,-0.077371,-0.015595,-0.077788,0.996848,0,0.83386,0.55876,50.032,1.118,-1,375.000,-1,400.000,-1,300.000,325.000,350.000,350.000,-1,0.000,-1,-1,900.000,850.000,-1,-1,2,0,2,0,2,0,0,0,0,2,0,2,2,0,0,2,2
17,983.612,5005.979,147.911,179.709,-0.999797,-0.005065,-0.019485,0.006551,-0.997014,-0.076938,-0.019037,-0.077050,0.996845,0,0.83386,0.55876,50.032,1.118,-1,375.000,-1,400.000,-1,300.000,300.000,375.000,350.000,-1,0.000,-1,-1,925.000,850.000,-1,-1,2,0,2,0,2,0,0,0,0,2,0,2,2,0,0,2,2
18,933.586,5005.258,146.869,180.826,-0.999667,0.014381,-0.021412,-0.012698,-0.996969,-0.076751,-0.022451,-0.076453,0.996820,0,0.83386,0.55876,50.032,1.118,-1,400.000,-1,400.000,-1,300.000,300.000,375.000,350.000,-1,0.000,-1,-1,925.000,850.000,-1,-1,2,0,2,0,2,0,0,0,0,2,0,2,2,0,0,2,2
19,883.584,5003.560,145.735,181.944,-0.999156,0.033823,-0.023328,-0.031941,-0.996534,-0.076811,-0.025845,-0.076001,0.996773,0,0.83386,0.55876,50.032,1.118,-1,400.000,-1,400.000,-1,300.000,300.000,375.000,350.000,-1,0.000,-1,-1,925.000,825.000,-1,-1,2,0,2,0,2,0,0,0,0,2,0,2,2,0,0,2,2
20,833.624,5000.888,144.511,183.061,-0.998262,0.053254,-0.025226,-0.051169,-0.995708,-0.077123,-0.029225,-0.075698,0.996702,0,0.83386,0.55876,50.032,1.118,-1,400.000,-1,400.000,-1,300.000,300.000,375.000,350.000,-1,0.000,-1,-1,925.000,825.000,-1,-1,2,0,2,0,2,0,0,0,0,2,0,2,2,0,0,2,2
21,783.725,4997.241,143.200,184.179,-0.996988,0.072664,-0.027102,-0.070370,-0.994491,-0.077689,-0.032598,-0.075548,0.996609,0,0.83386,0.55876,50.032,1.118,-1,400.000,-1,400.000,-1,300.000,300.000,375.000,350.000,-1,0.000,-1,-1,925.000,825.000,-1,-1,2,0,2,0,2,0,0,0,0,2,0,2,2,0,0,2,2
22,733.908,4992.622,141.801,185.296,-0.995334,0.092045,-0.028951,-0.089535,-0.992884,-0.078514,-0.035972,-0.075556,0.996493,0,0.83386,0.55876,50.032,1.118,-1,400.000,-1,400.000,-1,300.000,300.000,375.000,350.000,-1,0.000,-1,-1,925.000,825.000,-1,-1,2,0,2,0,2,0,0,0,0,2,0,2,2,0,0,2,2
23,684.190,4987.033,140.294,186.414,-0.993302,0.111391,-0.030704,-0.108664,-0.990894,-0.079503,-0.039280,-0.075634,0.996362,0,0.83386,0.55876,50.032,1.118,-1,400.000,-1,400.000,-1,300.000,300.000,375.000,350.000,-1,0.000,-1,-1,925.000,825.000,-1,-1,2,0,2,0,2,0,0,0,0,2,0,2,2,0,0,2,2
24,634.590,4980.475,138.373,187.531,-0.990878,0.130705,-0.032812,-0.127770,-0.988606,-0.079581,-0.042840,-0.074662,0.996288,0,0.83386,0.55876,50.032,1.118,-1,425.000,-1,400.000,-1,325.000,300.000,375.000,350.000,-1,0.000,-1,-1,925.000,800.000,-1,-1,2,0,2,0,2,0,0,0,0,2,0,2,2,0,0,2,2
25,585.128,4972.950,135.917,188.649,-0.988107,0.149953,-0.034037,-0.146802,-0.985813,-0.081371,-0.045756,-0.075406,0.996103,0,0.83386,0.55876,50.032,1.118,-1,425.000,-1,375.000,-1,325.000,300.000,375.000,350.000,-1,0.000,-1,-1,925.000,825.000,-1,-1,2,0,2,0,2,0,0,0,0,2,0,2,2,0,0,2,2
26,535.822,4964.461,133.267,189.767,-0.984961,0.169134,-0.035302,-0.165728,-0.982607,-0.083771,-0.048857,-0.076660,0.995860,0,0.83386,0.55876,50.032,1.118,-1,425.000,-1,375.000,-1,325.000,300.000,375.000,350.000,-1,0.000,-1,-1,925.000,825.000,-1,-1,2,0,2,0,2,0,0,0,0,2,0,2,2,0,0,2,2
27,486.691,4955.012,130.530,190.884,-0.981444,0.188247,-0.036485,-0.184573,-0.979021,-0.086319,-0.051968,-0.077983,0.995599,0,0.83386,0.55876,50.032,1.118,-1,425.000,-1,375.000,-1,325.000,300.000,375.000,350.000,-1,0.000,-1,-1,900.000,825.000,-1,-1,2,0,2,0,2,0,0,0,0,2,0,2,2,0,0,2,2
28,437.753,4944.606,127.702,192.002,-0.977559,0.207282,-0.037579,-0.203330,-0.975057,-0.089000,-0.055090,-0.079361,0.995322,0,0.83386,0.55876,50.032,1.118,-1,425.000,-1,375.000,-1,325.000,300.000,350.000,350.000,-1,0.000,-1,-1,900.000,825.000,-1,-1,2,0,2,0,2,0,0,0,0,2,0,2,2,0,0,2,2
29,384.406,4931.935,124.493,193.359,-0.972351,0.230297,-0.038683,-0.226020,-0.969760,-0.092090,-0.058721,-0.080800,0.994999,0,0.91386,0.67876,54.832,1.358,-1,425.000,-1,375.000,-1,325.000,300.000,350.000,350.000,-1,0.000,-1,-1,900.000,825.000,-1,-1,2,0,2,0,2,0,0,0,0,2,0,2,2,0,0,2,2
30,330.070,4917.513,121.074,194.862,-0.965962,0.255621,-0.039685,-0.250990,-0.963275,-0.095420,-0.062619,-0.082211,0.994646,0,0.93697,0.75140,56.218,1.503,-1,425.000,-1,375.000,-1,325.000,300.000,350.000,350.000,-1,0.000,-1,-1,875.000,825.000,-1,-1,2,0,2,0,2,0,0,0,0,2,0,2,2,0,0,2,2
31,276.131,4901.672,117.522,196.365,-0.958921,0.280762,-0.040532,-0.275762,-0.956124,-0.098900,-0.066521,-0.083660,0.994272,0,0.93697,0.75140,56.218,1.503,-1,425.000,-1,375.000,-1,325.000,325.000,350.000,350.000,-1,0.000,-1,-1,875.000,825.000,-1,-1,2,0,2,0,2,0,0,0,0,2,0,2,2,0,0,2,2
32,222.627,4884.421,113.835,197.867,-0.951235,0.305702,-0.041220,-0.300322,-0.948314,-0.102507,-0.070426,-0.085128,0.993878,0,0.93697,0.75140,56.218,1.503,-1,425.000,-1,400.000,-1,325.000,325.000,350.000,350.000,-1,0.000,-1,-1,850.000,850.000,-1,-1,2,0,2,0,2,0,0,0,0,2,0,2,2,0,0,2,2
33,169.592,4865.772,110.013,199.370,-0.942908,0.330425,-0.041747,-0.324651,-0.939851,-0.106214,-0.074332,-0.086597,0.993467,0,0.93697,0.75140,56.218,1.503,-1,425.000,-1,400.000,-1,325.000,325.000,350.000,350.000,-1,0.000,-1,-1,850.000,850.000,-1,-1,2,0,2,0,2,0,0,0,0,2,0,2,2,0,0,2,2
34,117.066,4845.740,106.055,200.873,-0.933950,0.354915,-0.042111,-0.348736,-0.930743,-0.109999,-0.078235,-0.088048,0.993039,0,0.93697,0.75140,56.218,1.503,-1,425.000,-1,400.000,-1,325.000,325.000,325.000,350.000,-1,0.000,-1,-1,825.000,850.000,-1,-1,2,0,2,0,2,0,0,0,0,2,0,2,2,0,0,2,2
35,65.082,4824.337,101.694,202.376,-0.924367,0.379187,-0.041992,-0.372720,-0.921079,-0.112669,-0.081401,-0.088496,0.992745,0,0.93697,0.75140,56.218,1.503,-1,425.000,-1,400.000,-1,325.000,325.000,325.000,350.000,-1,0.000,-1,-1,825.000,875.000,-1,-1,2,0,2,0,2,0,0,0,0,2,0,2,2,0,0,2,2
36,13.676,4801.582,96.485,203.879,-0.913980,0.403292,-0.044689,-0.396413,-0.910997,-0.113763,-0.086591,-0.086262,0.992502,0,0.93697,0.75140,56.218,1.503,-1,400.000,-1,400.000,-1,325.000,325.000,325.000,350.000,-1,0.000,-1,-1,800.000,850.000,-1,-1,2,0,2,0,2,0,0,0,0,2,0,2,2,0,0,2,2
37,-37.116,4777.487,91.063,205.381,-0.902930,0.427139,-0.047638,-0.419840,-0.900306,-0.114818,-0.091932,-0.083672,0.992244,0,0.93697,0.75140,56.218,1.503,-1,400.000,-1,400.000,-1,325.000,325.000,325.000,325.000,-1,25.000,-1,-1,775.000,825.000,-1,-1,2,0,2,0,2,0,0,0,0,2,0,2,2,0,0,2,2
38,-87.258,4752.067,85.536,206.884,-0.891274,0.450690,-0.050093,-0.442993,-0.888965,-0.116183,-0.096894,-0.081359,0.991964,0,0.93697,0.75140,56.218,1.503,-1,400.000,-1,400.000,-1,325.000,325.000,325.000,325.000,-1,100.000,-1,-1,750.000,800.000,-1,-1,2,0,2,0,2,0,0,0,0,2,0,2,2,0,0,2,2
39,-136.716,4725.341,79.787,208.387,-0.879070,0.473909,-0.051452,-0.465857,-0.876950,-0.118051,-0.101066,-0.079806,0.991674,0,0.93697,0.75140,56.218,1.503,-1,400.000,-1,400.000,-1,325.000,325.000,325.000,325.000,-1,-1,0.000,-1,725.000,775.000,-1,-1,2,0,2,0,2,0,0,0,0,2,2,0,2,0,0,2,2
40,-185.642,4697.225,73.957,209.885,-0.866321,0.496725,-0.052457,-0.488332,-0.864361,-0.120049,-0.104973,-0.078384,0.991381,0,0.94050,0.74890,56.430,1.498,-1,400.000,-1,400.000,-1,325.000,325.000,325.000,325.000,-1,-1,-1,-1,725.000,775.000,-1,-1,2,0,2,0,2,0,0,0,0,2,2,2,2,0,0,2,2
41,-234.066,4667.697,68.029,211.375,-0.853074,0.519081,-0.053104,-0.510356,-0.851237,-0.122198,-0.108635,-0.077142,0.991084,0,0.94529,0.74492,56.717,1.490,-1,375.000,-1,400.000,-1,325.000,325.000,325.000,325.000,-1,-1,-1,-1,700.000,750.000,-1,-1,2,0,2,0,2,0,0,0,0,2,2,2,2,0,0,2,2
42,-281.930,4636.785,61.975,212.856,-0.839360,0.540947,-0.053399,-0.531882,-0.837597,-0.124636,-0.112148,-0.076212,0.990765,0,0.94964,0.74051,56.978,1.481,-1,375.000,-1,375.000,-1,300.000,300.000,325.000,325.000,-1,-1,-1,-1,675.000,725.000,-1,-1,2,0,2,0,2,0,0,0,0,2,2,2,2,0,0,2,2
43,-329.175,4604.523,55.866,214.327,-0.825204,0.562314,-0.053298,-0.552941,-0.823485,-0.126996,-0.115302,-0.075327,0.990470,0,0.95350,0.73570,57.210,1.471,-1,375.000,-1,375.000,-1,300.000,300.000,325.000,325.000,-1,-1,-1,-1,675.000,725.000,-1,-1,2,0,2,0,2,0,0,0,0,2,2,2,2,0,0,2,2
44,-375.745,4570.951,49.718,215.788,-0.810634,0.583167,-0.052809,-0.573530,-0.808935,-0.129180,-0.118053,-0.074430,0.990214,0,0.95684,0.73051,57.410,1.461,-1,375.000,-1,375.000,-1,300.000,300.000,325.000,325.000,-1,-1,-1,-1,650.000,725.000,-1,-1,2,0,2,0,2,0,0,0,0,2,2,2,2,0,0,2,2
45,-421.584,4536.110,43.541,217.238,-0.795676,0.603490,-0.051949,-0.593637,-0.793975,-0.131147,-0.120392,-0.073511,0.990001,0,0.95962,0.72495,57.577,1.450,950.000,375.000,-1,375.000,-1,300.000,300.000,325.000,325.000,-1,-1,-1,-1,650.000,700.000,975.000,-1,0,0,2,0,2,0,0,0,0,2,2,2,2,0,0,0,2
46,-466.637,4500.051,36.637,218.676,-0.780265,0.623385,-0.050765,-0.613761,-0.778776,-0.129635,-0.120347,-0.069992,0.990261,0,0.96180,0.71906,57.708,1.438,925.000,375.000,-1,375.000,-1,300.000,300.000,325.000,325.000,-1,-1,-1,-1,650.000,675.000,925.000,-1,0,0,2,0,2,0,0,0,0,2,2,2,2,0,0,0,2
47,-510.850,4462.823,29.624,220.102,-0.764488,0.642740,-0.049433,-0.633443,-0.763228,-0.127411,-0.119621,-0.066091,0.990617,0,0.96335,0.71288,57.801,1.426,925.000,375.000,-1,375.000,-1,300.000,300.000,325.000,325.000,-1,-1,-1,-1,650.000,675.000,900.000,-1,0,0,2,0,2,0,0,0,0,2,2,2,2,0,0,0,2
48,-554.174,4424.479,22.683,221.515,-0.748392,0.661520,-0.047965,-0.652550,-0.747325,-0.125238,-0.118692,-0.062427,0.990967,0,0.96427,0.70644,57.856,1.413,900.000,375.000,-1,375.000,-1,300.000,300.000,325.000,325.000,-1,-1,-1,-1,650.000,675.000,875.000,-1,0,0,2,0,2,0,0,0,0,2,2,2,2,0,0,0,2
49,-593.174,4388.510,16.375,222.688,-0.734685,0.676804,-0.046634,-0.668131,-0.733763,-0.123258,-0.117640,-0.059398,0.991278,0,0.88427,0.58644,53.056,1.173,875.000,375.000,-1,375.000,-1,300.000,300.000,325.000,325.000,-1,-1,-1,-1,625.000,650.000,850.000,-1,0,0,2,0,2,0,0,0,0,2,2,2,2,0,0,0,2
50,-631.515,4351.975,10.123,223.621,-0.723560,0.688764,-0.045442,-0.680382,-0.722755,-0.121266,-0.116367,-0.056825,0.991579,0,0.88269,0.46644,52.961,0.933,850.000,375.000,-1,375.000,-1,300.000,300.000,325.000,325.000,-1,525.000,-1,-1,625.000,650.000,825.000,-1,0,0,2,0,2,0,0,0,0,2,0,2,2,0,0,0,2
51,-669.389,4315.001,3.976,224.313,-0.715189,0.697532,-0.044201,-0.689443,-0.714453,-0.119271,-0.114775,-0.054828,0.991877,0,0.88217,0.34644,52.930,0.693,825.000,375.000,-1,375.000,-1,300.000,300.000,350.000,325.000,-1,500.000,450.000,-1,600.000,650.000,800.000,975.000,0,0,2,0,2,0,0,0,0,2,0,0,2,0,0,0,0
52,-706.938,4277.760,-2.010,224.766,-0.709702,0.703206,-0.042703,-0.695421,-0.708967,-0.117279,-0.112747,-0.053537,0.992180,0,0.88143,0.22644,52.886,0.453,800.000,350.000,-1,375.000,-1,300.000,300.000,350.000,325.000,-1,450.000,425.000,-1,600.000,625.000,775.000,925.000,0,0,2,0,2,0,0,0,0,2,0,0,2,0,0,0,0
53,-744.310,4240.416,-7.835,224.979,-0.707162,0.705861,-0.041017,-0.698391,-0.706375,-0.115259,-0.110330,-0.052861,0.992488,0,0.88055,0.10644,52.833,0.213,775.000,350.000,-1,350.000,1000.000,300.000,300.000,350.000,325.000,-1,425.000,375.000,-1,575.000,625.000,750.000,900.000,0,0,2,0,0,0,0,0,0,2,0,0,2,0,0,0,0
54,-781.659,4203.130,-13.563,224.952,-0.707629,0.705520,-0.038772,-0.698391,-0.706702,-0.113236,-0.107290,-0.053051,0.992811,0,0.87959,-0.01356,52.776,-0.027,750.000,350.000,-1,350.000,975.000,300.000,300.000,350.000,325.000,-1,400.000,350.000,-1,575.000,625.000,725.000,875.000,0,0,2,0,0,0,0,0,0,2,0,0,2,0,0,0,0
55,-819.077,4165.997,-19.121,224.781,-0.709878,0.703388,-0.036321,-0.696613,-0.708781,-0.111171,-0.103940,-0.053616,0.993137,0,0.87862,-0.08543,52.717,-0.171,725.000,350.000,-1,350.000,950.000,300.000,300.000,350.000,325.000,-1,350.000,350.000,-1,550.000,625.000,700.000,850.000,0,0,2,0,0,0,0,0,0,2,0,0,2,0,0,0,0
56,-856.564,4129.023,-24.475,224.605,-0.712180,0.701181,-0.033830,-0.694763,-0.710923,-0.109056,-0.100519,-0.054164,0.993460,0,0.87757,-0.08821,52.654,-0.176,700.000,350.000,-1,350.000,925.000,300.000,300.000,350.000,325.000,-1,350.000,350.000,-1,550.000,600.000,675.000,825.000,0,0,2,0,0,0,0,0,0,2,0,0,2,0,0,0,0
57,-894.115,4092.221,-29.623,224.423,-0.714529,0.698905,-0.031298,-0.692844,-0.713120,-0.106893,-0.097028,-0.054693,0.993778,0,0.87630,-0.09077,52.578,-0.182,675.000,350.000,-1,350.000,875.000,300.000,300.000,350.000,350.000,-1,325.000,325.000,-1,550.000,600.000,650.000,800.000,0,0,2,0,0,0,0,0,0,2,0,0,2,0,0,0,0
58,-931.721,4055.603,-34.566,224.237,-0.716919,0.696564,-0.028727,-0.690862,-0.715368,-0.104683,-0.093469,-0.055203,0.994091,0,0.87484,-0.09310,52.490,-0.186,650.000,325.000,-1,350.000,850.000,300.000,300.000,350.000,350.000,-1,325.000,325.000,-1,525.000,575.000,625.000,775.000,0,0,2,0,0,0,0,0,0,2,0,0,2,0,0,0,0
59,-969.379,4019.180,-39.121,224.047,-0.719311,0.694193,-0.026211,-0.688929,-0.717689,-0.101487,-0.089262,-0.054943,0.994492,0,0.87318,-0.09520,52.391,-0.190,650.000,325.000,-1,350.000,825.000,300.000,300.000,325.000,350.000,-1,300.000,300.000,-1,525.000,575.000,625.000,750.000,0,0,2,0,0,0,0,0,0,2,0,0,2,0,0,0,0
60,-1007.081,3982.962,-42.975,223.852,-0.721652,0.691844,-0.023892,-0.687213,-0.720126,-0.095688,-0.083406,-0.052634,0.995125,0,0.87136,-0.09706,52.281,-0.194,675.000,325.000,-1,350.000,800.000,300.000,300.000,325.000,350.000,-1,275.000,275.000,-1,525.000,575.000,650.000,725.000,0,0,2,0,0,0,0,0,0,2,0,0,2,0,0,0,0
61,-1041.296,3950.042,-46.330,223.898,-0.721087,0.692504,-0.021722,-0.688406,-0.719659,-0.090488,-0.078296,-0.050296,0.995661,0,0.79136,0.02294,47.481,0.046,675.000,325.000,-1,375.000,775.000,300.000,300.000,325.000,350.000,-1,275.000,250.000,-1,550.000,550.000,675.000,700.000,0,0,2,0,0,0,0,0,0,2,0,0,2,0,0,0,0
62,-1071.925,3920.319,-49.288,224.143,-0.718104,0.695655,-0.019766,-0.692020,-0.716785,-0.085601,-0.073717,-0.047792,0.996133,0,0.71136,0.12228,42.681,0.245,675.000,325.000,-1,375.000,750.000,275.000,300.000,325.000,350.000,-1,250.000,225.000,-1,550.000,550.000,675.000,700.000,0,0,2,0,0,0,0,0,0,2,0,0,2,0,0,0,0
63,-1099.034,3893.789,-51.842,224.386,-0.715131,0.698758,-0.018008,-0.695514,-0.713905,-0.081246,-0.069628,-0.045577,0.996531,0,0.63218,0.12139,37.931,0.243,675.000,325.000,-1,350.000,750.000,275.000,300.000,325.000,350.000,-1,250.000,200.000,-1,550.000,550.000,700.000,675.000,0,0,2,0,0,0,0,0,0,2,0,0,2,0,0,0,0
64,-1125.934,3867.239,-54.311,224.627,-0.712160,0.701829,-0.016234,-0.698952,-0.711020,-0.076921,-0.065528,-0.043434,0.996905,0,0.62995,0.12078,37.797,0.242,675.000,325.000,-1,350.000,725.000,275.000,300.000,325.000,350.000,-1,225.000,200.000,-1,550.000,525.000,700.000,650.000,0,0,2,0,0,0,0,0,0,2,0,0,2,0,0,0,0
65,-1152.626,3840.673,-56.674,224.868,-0.709190,0.704869,-0.014430,-0.702331,-0.708125,-0.072734,-0.061487,-0.041448,0.997247,0,0.62767,0.12035,37.660,0.241,675.000,350.000,-1,350.000,700.000,300.000,300.000,325.000,350.000,-1,225.000,175.000,-1,550.000,525.000,700.000,650.000,0,0,2,0,0,0,0,0,0,2,0,0,2,0,0,0,0
66,-1179.108,3814.092,-58.935,225.108,-0.706216,0.707885,-0.012600,-0.705659,-0.705217,-0.068664,-0.057492,-0.039600,0.997560,0,0.62536,0.12009,37.522,0.240,675.000,350.000,-1,350.000,675.000,300.000,300.000,325.000,350.000,-1,225.000,175.000,-1,550.000,525.000,700.000,625.000,0,0,2,0,0,0,0,0,0,2,0,0,2,0,0,0,0
67,-1205.381,3787.500,-61.097,225.348,-0.703232,0.710880,-0.010744,-0.708942,-0.702293,-0.064700,-0.053539,-0.037883,0.997847,0,0.62305,0.11999,37.383,0.240,700.000,350.000,-1,325.000,650.000,300.000,300.000,325.000,325.000,-1,200.000,175.000,-1,575.000,525.000,700.000,600.000,0,0,2,0,0,0,0,0,0,2,0,0,2,0,0,0,0
68,-1231.446,3760.896,-63.162,225.588,-0.700233,0.713859,-0.008860,-0.712187,-0.699348,-0.060841,-0.049629,-0.036293,0.998108,0,0.62074,0.12007,37.244,0.240,700.000,350.000,-1,325.000,625.000,300.000,275.000,325.000,325.000,-1,200.000,150.000,-1,575.000,500.000,725.000,575.000,0,0,2,0,0,0,0,0,0,2,0,0,2,0,0,0,0
69,-1257.302,3734.282,-64.730,225.829,-0.697272,0.716789,-0.005050,-0.715420,-0.696343,-0.057270,-0.044567,-0.036320,0.998346,0,0.61845,0.12032,37.107,0.241,700.000,350.000,-1,325.000,625.000,300.000,275.000,325.000,325.000,-1,200.000,150.000,-1,575.000,500.000,725.000,575.000,0,0,2,0,0,0,0,0,0,2,0,0,2,0,0,0,0
70,-1282.952,3707.655,-66.080,226.070,-0.694284,0.719701,-0.000629,-0.718634,-0.693301,-0.053839,-0.039185,-0.036928,0.998549,0,0.61620,0.12073,36.972,0.241,725.000,350.000,-1,325.000,625.000,300.000,275.000,300.000,325.000,-1,175.000,150.000,-1,575.000,500.000,750.000,575.000,0,0,2,0,0,0,0,0,0,2,0,0,2,0,0,0,0
71,-1308.398,3681.015,-67.334,226.313,-0.691245,0.722610,0.003831,-0.721828,-0.690229,-0.050489,-0.033840,-0.037666,0.998717,0,0.61401,0.12130,36.840,0.243,725.000,350.000,-1,325.000,625.000,300.000,275.000,300.000,325.000,-1,175.000,150.000,-1,575.000,500.000,775.000,575.000,0,0,2,0,0,0,0,0,0,2,0,0,2,0,0,0,0
72,-1333.642,3654.360,-68.290,226.557,-0.688161,0.725499,0.009293,-0.725021,-0.687101,-0.047299,-0.027930,-0.039287,0.998838,0,0.61188,0.12204,36.713,0.244,750.000,350.000,-1,325.000,650.000,300.000,275.000,300.000,325.000,-1,150.000,125.000,-1,575.000,500.000,775.000,600.000,0,0,2,0,1,0,0,0,0,2,0,0,2,0,0,0,0
73,-1358.687,3627.686,-69.093,226.803,-0.685005,0.728383,0.015081,-0.728210,-0.683927,-0.044199,-0.021880,-0.041259,0.998909,0,0.60982,0.12293,36.589,0.246,775.000,350.000,-1,325.000,625.000,300.000,275.000,300.000,325.000,-1,150.000,125.000,-1,575.000,525.000,775.000,600.000,0,0,2,0,1,0,0,0,0,2,0,0,2,0,0,0,0
74,-1386.372,3597.875,-69.897,227.117,-0.680911,0.732051,0.021482,-0.732207,-0.679859,-0.040793,-0.015258,-0.043506,0.998937,0,0.67806,0.15705,40.684,0.314,800.000,350.000,-1,325.000,625.000,300.000,275.000,300.000,325.000,-1,150.000,125.000,-1,575.000,525.000,800.000,625.000,0,0,2,0,1,0,0,0,0,2,0,0,2,0,0,0,0
75,-1413.941,3567.871,-70.599,227.421,-0.676874,0.735573,0.027805,-0.736047,-0.675895,-0.037439,-0.008746,-0.045807,0.998912,0,0.67912,0.15205,40.747,0.304,825.000,350.000,-1,325.000,600.000,300.000,275.000,300.000,325.000,-1,125.000,125.000,-1,575.000,525.000,800.000,650.000,0,0,2,0,1,0,0,0,0,2,0,0,2,0,0,0,1
76,-1441.388,3537.691,-70.924,227.715,-0.672929,0.738987,0.032636,-0.739700,-0.672075,-0.034053,-0.003231,-0.047056,0.998887,0,0.67991,0.14690,40.794,0.294,850.000,350.000,-1,325.000,575.000,300.000,275.000,300.000,325.000,-1,125.000,125.000,-1,575.000,525.000,825.000,625.000,0,0,2,0,1,0,0,0,0,2,0,0,2,0,0,0,1
77,-1468.707,3507.353,-70.923,227.998,-0.669103,0.742285,0.036239,-0.743168,-0.668401,-0.030679,0.001450,-0.047459,0.998872,0,0.68042,0.14160,40.825,0.283,900.000,350.000,-1,325.000,550.000,300.000,275.000,300.000,325.000,-1,150.000,150.000,-1,575.000,525.000,825.000,600.000,0,0,2,0,1,0,0,0,0,2,0,0,2,0,0,0,1
78,-1495.890,3476.876,-70.842,228.270,-0.665385,0.745434,0.039882,-0.746475,-0.664848,-0.027406,0.006087,-0.048007,0.998828,0,0.68065,0.13616,40.839,0.272,925.000,350.000,-1,325.000,525.000,300.000,275.000,300.000,325.000,-1,150.000,150.000,-1,575.000,525.000,850.000,575.000,0,0,2,0,1,0,0,0,0,2,0,0,2,0,0,0,1
79,-1522.932,3446.277,-70.680,228.532,-0.661779,0.748432,0.043568,-0.749623,-0.661422,-0.024235,0.010678,-0.048698,0.998756,0,0.68059,0.13058,40.835,0.261,950.000,350.000,-1,325.000,500.000,300.000,275.000,300.000,325.000,-1,150.000,150.000,-1,575.000,525.000,875.000,550.000,0,0,2,0,1,0,0,0,0,2,0,0,2,0,0,0,1
80,-1549.825,3415.577,-70.438,228.781,-0.658290,0.751277,0.047296,-0.752610,-0.658126,-0.021170,0.015222,-0.049531,0.998657,0,0.68023,0.12487,40.814,0.250,975.000,350.000,-1,325.000,475.000,300.000,275.000,300.000,325.000,-1,175.000,175.000,-1,575.000,525.000,900.000,525.000,0,0,2,0,1,0,0,0,0,2,0,0,2,0,0,0,1
81,-1576.565,3384.795,-70.115,229.019,-0.654923,0.753969,0.051068,-0.755439,-0.654966,-0.018211,0.019717,-0.050506,0.998529,0,0.67956,0.11906,40.774,0.238,1000.000,350.000,1000.000,325.000,450.000,275.000,275.000,300.000,325.000,-1,175.000,175.000,-1,575.000,525.000,925.000,500.000,0,0,1,0,1,0,0,0,0,2,0,0,2,0,0,0,1
82,-1603.145,3353.953,-69.483,229.246,-0.651656,0.756543,0.054662,-0.758106,-0.651978,-0.014178,0.024912,-0.050679,0.998404,0,0.67859,0.11314,40.715,0.226,-1,350.000,975.000,325.000,425.000,275.000,275.000,300.000,325.000,-1,175.000,200.000,-1,575.000,525.000,1000.000,475.000,2,0,1,0,1,0,0,0,0,2,0,0,2,0,1,0,1
83,-1629.560,3323.070,-68.669,229.460,-0.648509,0.758980,0.058189,-0.760600,-0.649148,-0.009725,0.030392,-0.050565,0.998258,0,0.67730,0.10713,40.638,0.214,-1,350.000,975.000,325.000,400.000,275.000,275.000,300.000,300.000,-1,200.000,200.000,-1,600.000,500.000,-1,450.000,2,0,1,0,1,0,0,0,0,2,0,0,2,0,1,2,1
84,-1655.804,3292.168,-67.331,229.662,-0.645456,0.761334,0.061295,-0.762887,-0.646525,-0.003085,0.037280,-0.048752,0.998115,0,0.67571,0.10105,40.543,0.202,-1,350.000,950.000,325.000,400.000,300.000,275.000,300.000,300.000,-1,200.000,200.000,-1,600.000,500.000,-1,425.000,2,0,1,0,1,0,0,0,0,2,0,0,2,0,1,2,1
85,-1681.873,3261.265,-65.369,229.852,-0.642575,0.763480,0.064774,-0.765019,-0.644006,0.001603,0.042938,-0.048524,0.997899,0,0.67382,0.09492,40.429,0.190,-1,350.000,950.000,325.000,375.000,300.000,275.000,300.000,300.000,-1,200.000,200.000,-1,625.000,475.000,-1,400.000,2,0,1,0,1,0,0,0,0,2,0,0,2,0,1,2,1
86,-1709.460,3228.217,-63.126,230.146,-0.638256,0.766757,0.068647,-0.768301,-0.640062,0.005816,0.048398,-0.049030,0.997624,0,0.71747,0.14708,43.048,0.294,-1,375.000,950.000,350.000,350.000,300.000,300.000,300.000,300.000,-1,200.000,225.000,-1,650.000,475.000,-1,400.000,2,0,1,0,1,0,0,0,0,2,0,0,2,0,1,2,1
87,-1736.953,3194.951,-60.713,230.428,-0.634062,0.769857,0.072699,-0.771434,-0.636241,0.009308,0.053420,-0.050181,0.997310,0,0.71927,0.14112,43.156,0.282,-1,375.000,925.000,350.000,325.000,300.000,300.000,300.000,300.000,-1,200.000,250.000,-1,675.000,450.000,-1,375.000,2,0,1,0,1,0,0,0,0,2,0,0,2,0,1,2,1
88,-1764.344,3161.487,-58.010,230.698,-0.630010,0.772754,0.077058,-0.774444,-0.632537,0.011523,0.057646,-0.052418,0.996960,0,0.72072,0.13484,43.243,0.270,-1,375.000,925.000,350.000,300.000,300.000,300.000,300.000,300.000,1000.000,200.000,250.000,-1,675.000,450.000,-1,350.000,2,0,1,1,1,0,0,0,0,0,0,0,2,0,1,2,1
89,-1791.625,3127.852,-55.260,230.954,-0.626095,0.775476,0.081500,-0.777295,-0.628990,0.013572,0.061788,-0.054852,0.996581,0,0.72180,0.12824,43.308,0.256,-1,375.000,925.000,350.000,275.000,300.000,300.000,300.000,300.000,950.000,200.000,275.000,-1,700.000,425.000,-1,325.000,2,0,1,1,1,0,0,0,0,0,0,0,2,0,1,2,1
90,-1818.788,3094.069,-52.464,231.197,-0.622325,0.778017,0.086027,-0.779985,-0.625608,0.015453,0.065841,-0.057483,0.996173,0,0.72246,0.12130,43.348,0.243,-1,375.000,925.000,325.000,250.000,300.000,300.000,300.000,300.000,925.000,225.000,300.000,-1,725.000,400.000,-1,300.000,2,0,1,1,1,0,0,0,0,0,0,0,2,0,1,2,1
91,-1845.825,3060.169,-49.624,231.425,-0.618713,0.780371,0.090638,-0.782510,-0.622402,0.017162,0.069806,-0.060306,0.995736,0,0.72268,0.11403,43.361,0.228,-1,375.000,950.000,325.000,225.000,325.000,300.000,300.000,300.000,900.000,225.000,300.000,-1,750.000,400.000,-1,275.000,2,0,1,1,1,0,0,0,0,0,0,0,2,0,1,2,1
92,-1875.546,3022.271,-46.547,231.893,-0.611776,0.785273,0.095275,-0.787612,-0.615883,0.018829,0.073464,-0.063521,0.995273,0,0.80268,0.23403,48.161,0.468,-1,400.000,975.000,300.000,200.000,325.000,300.000,300.000,300.000,875.000,225.000,325.000,-1,775.000,375.000,-1,250.000,2,0,1,1,1,0,1,0,1,0,0,0,2,0,1,2,1
93,-1907.085,2981.222,-42.877,232.462,-0.603173,0.791082,0.101842,-0.793780,-0.607862,0.020439,0.078075,-0.068512,0.994591,0,0.86277,0.28418,51.766,0.568,-1,400.000,-1,275.000,175.000,325.000,300.000,275.000,275.000,825.000,250.000,325.000,-1,800.000,375.000,-1,225.000,2,0,2,1,1,0,1,0,1,0,0,0,2,0,1,2,1
94,-1938.136,2939.987,-36.241,233.008,-0.593021,0.795857,0.122216,-0.800032,-0.599546,0.022232,0.090967,-0.084593,0.992254,0,0.86026,0.27326,51.616,0.547,-1,425.000,-1,300.000,200.000,350.000,300.000,275.000,275.000,700.000,225.000,325.000,-1,850.000,375.000,-1,225.000,2,0,2,1,1,0,1,0,1,0,0,0,2,1,1,2,1
95,-1968.684,2898.637,-29.618,233.532,-0.582737,0.800099,0.142334,-0.806051,-0.591356,0.024080,0.103436,-0.100696,0.989526,0,0.85679,0.26183,51.407,0.524,-1,450.000,-1,300.000,200.000,375.000,300.000,275.000,275.000,600.000,200.000,325.000,-1,900.000,375.000,-1,225.000,2,0,2,1,1,1,1,0,1,0,0,0,2,1,1,2,1
96,-1998.710,2857.237,-23.013,234.032,-0.572366,0.803802,0.162171,-0.811829,-0.583319,0.025956,0.115461,-0.116799,0.986421,0,0.85232,0.24994,51.139,0.500,-1,475.000,-1,300.000,200.000,375.000,300.000,275.000,250.000,525.000,175.000,250.000,-1,950.000,375.000,-1,225.000,2,0,2,1,1,1,1,0,1,0,0,0,2,1,1,2,1
97,-2028.199,2815.857,-16.069,234.507,-0.562300,0.807119,0.179939,-0.817284,-0.575566,0.027742,0.125958,-0.131461,0.983287,0,0.84683,0.23763,50.810,0.475,-1,525.000,-1,300.000,200.000,375.000,300.000,250.000,250.000,475.000,125.000,225.000,-1,-1,375.000,-1,225.000,2,0,2,1,1,1,1,0,1,0,0,0,2,2,1,2,1
98,-2057.139,2774.566,-8.827,234.957,-0.552630,0.810087,0.195853,-0.822408,-0.568139,0.029383,0.135074,-0.144833,0.980193,0,0.84033,0.22498,50.420,0.450,-1,525.000,-1,300.000,200.000,375.000,300.000,250.000,250.000,425.000,125.000,225.000,-1,-1,400.000,-1,225.000,2,1,2,1,1,1,1,0,1,0,0,0,2,2,1,2,1
99,-2085.517,2733.430,-1.269,235.381,-0.543483,0.812762,0.209867,-0.827185,-0.561084,0.030815,0.142798,-0.156851,0.977244,0,0.83288,0.21210,49.973,0.424,-1,550.000,-1,300.000,200.000,375.000,300.000,250.000,250.000,375.000,100.000,225.000,-1,-1,400.000,-1,225.000,2,1,2,1,1,1,1,0,1,0,0,0,2,2,1,2,1
100,-2113.326,2692.511,6.151,235.779,-0.534499,0.814947,0.223990,-0.831725,-0.554271,0.031899,0.150147,-0.169248,0.974069,0,0.82453,0.19908,49.472,0.398,-1,550.000,-1,300.000,175.000,375.000,300.000,250.000,250.000,350.000,100.000,225.000,-1,-1,425.000,-1,225.000,2,1,2,1,1,1,1,0,1,0,0,0,2,2,1,2,1
101,-2140.548,2651.858,13.428,236.169,-0.525437,0.816816,0.238176,-0.836204,-0.547443,0.032695,0.157093,-0.181985,0.970672,0,0.81540,0.19509,48.924,0.390,-1,550.000,-1,300.000,175.000,375.000,300.000,225.000,225.000,325.000,100.000,225.000,-1,-1,450.000,-1,225.000,2,1,2,1,1,1,1,0,1,0,0,0,2,2,1,2,1
102,-2167.169,2611.512,20.586,236.555,-0.516251,0.818417,0.252347,-0.840643,-0.540560,0.033370,0.163720,-0.194907,0.967061,0,0.80557,0.19303,48.334,0.386,-1,550.000,-1,300.000,175.000,400.000,300.000,225.000,225.000,300.000,75.000,225.000,-1,-1,500.000,-1,200.000,2,1,2,1,1,1,1,0,1,0,0,0,2,2,1,2,1
103,-7543.302,8199.133,340.418,104.100,-0.241561,-0.963768,-0.113138,0.970212,-0.242074,-0.009383,-0.018345,-0.112034,0.993535,1,0.00000,0.00000,53.134,0.601,775.000,350.000,-1,400.000,-1,300.000,325.000,325.000,325.000,-1,-1,-1,-1,625.000,875.000,975.000,-1,0,0,2,0,2,0,0,0,0,2,2,2,2,0,0,0,2
104,-7544.451,8203.793,340.331,103.860,-0.237552,-0.964799,-0.112841,0.971210,-0.238041,-0.009310,-0.017879,-0.111804,0.993569,0,0.08000,-0.12000,4.800,-0.240,775.000,350.000,-1,400.000,-1,300.000,325.000,325.000,325.000,-1,-1,-1,-1,625.000,875.000,975.000,-1,0,0,2,0,2,0,0,0,0,2,2,2,2,0,0,0,2
105,-7546.672,8213.134,340.167,103.380,-0.229520,-0.966810,-0.112243,0.973156,-0.229963,-0.009162,-0.016954,-0.111333,0.993639,0,0.16000,-0.24000,9.600,-0.480,775.000,350.000,-1,400.000,-1,300.000,325.000,325.000,325.000,-1,-1,-1,-1,650.000,875.000,975.000,-1,0,0,2,0,2,0,0,0,0,2,2,2,2,0,0,0,2
106,-7549.827,8227.185,339.943,102.660,-0.217439,-0.969703,-0.111337,0.975950,-0.217813,-0.008934,-0.015587,-0.110602,0.993743,0,0.24000,-0.36000,14.400,-0.720,775.000,350.000,-1,400.000,-1,300.000,325.000,325.000,325.000,-1,-1,-1,-1,650.000,875.000,1000.000,-1,0,0,2,0,2,0,0,0,0,2,2,2,2,0,0,0,2
107,-7553.718,8245.987,339.685,101.700,-0.201271,-0.973327,-0.110113,0.979438,-0.201559,-0.008622,-0.013802,-0.109584,0.993882,0,0.32000,-0.48000,19.200,-0.960,800.000,350.000,-1,400.000,-1,300.000,325.000,325.000,325.000,-1,-1,-1,-1,650.000,875.000,1000.000,-1,0,0,2,0,2,0,0,0,0,2,2,2,2,0,0,0,2
108,-7558.090,8269.588,339.421,100.500,-0.180970,-0.977479,-0.108559,0.983420,-0.181158,-0.008217,-0.011635,-0.108246,0.994056,0,0.40000,-0.60000,24.000,-1.200,800.000,350.000,-1,425.000,-1,300.000,325.000,325.000,325.000,-1,-1,-1,-1,650.000,900.000,-1,-1,0,0,2,0,2,0,0,0,0,2,2,2,2,0,0,2,2
109,-7562.622,8298.031,339.189,99.060,-0.156488,-0.981904,-0.106662,0.987638,-0.156565,-0.007704,-0.009135,-0.106549,0.994266,0,0.48000,-0.72000,28.800,-1.440,825.000,350.000,-1,425.000,-1,300.000,325.000,325.000,325.000,-1,-1,-1,-1,650.000,900.000,-1,-1,0,0,2,0,2,0,0,0,0,2,2,2,2,0,0,2,2
110,-7566.934,8331.355,339.027,97.380,-0.127776,-0.986292,-0.104408,0.991783,-0.127740,-0.007065,-0.006369,-0.104453,0.994509,0,0.56000,-0.84000,33.600,-1.680,850.000,375.000,-1,425.000,-1,300.000,325.000,325.000,325.000,-1,-1,-1,-1,650.000,925.000,-1,-1,0,0,2,0,2,0,0,0,0,2,2,2,2,0,0,2,2
111,-7570.584,8369.583,338.975,95.460,-0.094794,-0.990280,-0.101782,0.995491,-0.094648,-0.006270,-0.003424,-0.101917,0.994787,0,0.64000,-0.96000,38.400,-1.920,875.000,375.000,-1,425.000,-1,300.000,325.000,325.000,325.000,-1,-1,-1,-1,675.000,925.000,-1,-1,0,0,2,0,2,0,0,0,0,2,2,2,2,0,0,2,2
112,-7573.187,8412.707,339.076,93.460,-0.060276,-0.993280,-0.098800,0.998181,-0.060048,-0.005281,-0.000687,-0.098939,0.995093,0,0.72000,-1.00000,43.200,-2.000,900.000,375.000,-1,425.000,-1,300.000,325.000,300.000,325.000,-1,-1,-1,-1,675.000,925.000,-1,-1,0,0,2,0,2,0,0,0,0,2,2,2,2,0,0,2,2
113,-7574.405,8460.694,339.356,91.460,-0.025627,-0.995103,-0.095458,0.999670,-0.025355,-0.004055,0.001615,-0.095531,0.995425,0,0.80000,-1.00000,48.000,-2.000,950.000,375.000,-1,425.000,-1,325.000,325.000,300.000,325.000,-1,-1,-1,-1,675.000,925.000,-1,-1,0,0,2,0,2,0,0,0,0,2,2,2,2,0,0,2,2
114,-7573.902,8513.493,339.830,89.460,0.009119,-0.995742,-0.091734,0.999953,0.009392,-0.002545,0.003395,-0.091706,0.995780,0,0.88000,-1.00000,52.800,-2.000,-1,375.000,-1,425.000,-1,325.000,325.000,300.000,325.000,-1,-1,-1,-1,675.000,925.000,-1,-1,2,0,2,0,2,0,0,0,0,2,2,2,2,0,0,2,2
115,-7571.473,8568.127,339.900,87.460,0.043854,-0.995171,-0.087816,0.999024,0.044153,-0.001470,0.005340,-0.087666,0.996136,0,0.91142,-1.00000,54.685,-2.000,-1,375.000,-1,425.000,-1,325.000,325.000,300.000,325.000,-1,-1,-1,-1,700.000,925.000,-1,-1,2,0,2,0,2,0,0,0,0,2,2,2,2,0,0,2,2
116,-7567.138,8622.662,340.038,85.460,0.078576,-0.993372,-0.083896,0.996884,0.078885,-0.000375,0.006991,-0.083605,0.996474,0,0.91177,-1.00000,54.706,-2.000,-1,375.000,-1,425.000,-1,325.000,325.000,300.000,325.000,-1,-1,-1,-1,700.000,900.000,-1,-1,2,0,2,0,2,0,0,0,0,2,2,2,2,0,0,2,2
117,-7560.901,8677.024,340.326,83.460,0.113246,-0.990351,-0.079880,0.993533,0.113544,0.000824,0.008254,-0.079457,0.996804,0,0.91195,-1.00000,54.717,-2.000,-1,375.000,-1,425.000,-1,325.000,325.000,300.000,300.000,-1,-1,-1,-1,725.000,900.000,-1,-1,2,0,2,0,2,0,0,0,0,2,2,2,2,0,0,2,2
118,-7552.770,8731.137,340.743,81.460,0.147817,-0.986107,-0.075783,0.988972,0.148086,0.002096,0.009155,-0.075258,0.997122,0,0.91198,-1.00000,54.719,-2.000,-1,375.000,-1,425.000,-1,325.000,325.000,275.000,300.000,-1,-1,-1,-1,725.000,875.000,-1,-1,2,0,2,0,2,0,0,0,0,2,2,2,2,0,0,2,2
119,-7542.758,8784.924,341.266,79.460,0.182240,-0.980642,-0.071626,0.983206,0.182467,0.003413,0.009722,-0.071045,0.997426,0,0.91182,-1.00000,54.709,-2.000,-1,375.000,-1,425.000,-1,325.000,325.000,275.000,300.000,-1,-1,-1,-1,725.000,875.000,-1,-1,2,0,2,0,2,0,0,0,0,2,2,2,2,0,0,2,2
120,-7530.880,8838.308,341.874,77.460,0.216464,-0.973959,-0.067429,0.976239,0.216642,0.004748,0.009984,-0.066855,0.997713,0,0.91149,-1.00000,54.689,-2.000,-1,375.000,-1,425.000,-1,325.000,325.000,275.000,300.000,-1,-1,-1,-1,725.000,850.000,-1,-1,2,0,2,0,2,0,0,0,0,2,2,2,2,0,0,2,2
121,-7517.154,8891.216,342.543,75.460,0.250444,-0.966065,-0.063220,0.968080,0.250568,0.006076,0.009971,-0.062723,0.997981,0,0.91096,-1.00000,54.658,-2.000,-1,375.000,-1,425.000,-1,325.000,325.000,275.000,300.000,-1,-1,-1,-1,725.000,825.000,-1,-1,2,0,2,0,2,0,0,0,0,2,2,2,2,0,0,2,2
122,-7501.603,8943.570,343.254,73.460,0.284130,-0.956967,-0.059025,0.958736,0.284201,0.007375,0.009717,-0.058685,0.998229,0,0.91025,-1.00000,54.615,-2.000,-1,375.000,-1,425.000,-1,325.000,325.000,300.000,300.000,-1,-1,-1,-1,725.000,825.000,-1,-1,2,0,2,0,2,0,0,0,0,2,2,2,2,0,0,2,2
123,-7484.251,8995.298,343.986,71.460,0.317478,-0.946676,-0.054876,0.948220,0.317496,0.008627,0.009256,-0.054773,0.998456,0,0.90933,-1.00000,54.560,-2.000,-1,375.000,-1,425.000,-1,325.000,325.000,300.000,300.000,-1,-1,-1,-1,725.000,825.000,-1,-1,2,0,2,0,2,0,0,0,0,2,2,2,2,0,0,2,2
124,-7465.129,9046.327,344.718,69.460,0.350442,-0.935205,-0.050802,0.936545,0.350411,0.009815,0.008622,-0.051018,0.998660,0,0.90822,-1.00000,54.493,-2.000,-1,375.000,-1,400.000,-1,325.000,325.000,300.000,300.000,-1,-1,-1,-1,725.000,800.000,-1,-1,2,0,2,0,2,0,0,0,0,2,2,2,2,0,0,2,2
125,-7444.268,9096.584,345.228,67.460,0.382941,-0.922533,-0.047847,0.923733,0.382888,0.010638,0.008506,-0.048272,0.998798,0,0.90690,-1.00000,54.414,-2.000,-1,375.000,-1,400.000,-1,325.000,325.000,300.000,300.000,-1,-1,-1,-1,725.000,800.000,-1,-1,2,0,2,0,2,0,0,0,0,2,2,2,2,0,0,2,2
126,-7423.660,9141.717,345.685,65.460,0.414954,-0.908713,-0.045325,0.909800,0.414898,0.011076,0.008740,-0.045833,0.998911,0,0.82690,-1.00000,49.614,-2.000,-1,375.000,-1,400.000,-1,325.000,325.000,300.000,300.000,-1,-1,-1,-1,700.000,800.000,-1,-1,2,0,2,0,2,0,0,0,0,2,2,2,2,0,0,2,2
127,-7403.635,9181.808,346.126,63.460,0.446456,-0.893771,-0.043023,0.894760,0.446405,0.011308,0.009099,-0.043544,0.999010,0,0.74690,-1.00000,44.814,-2.000,-1,375.000,-1,400.000,-1,325.000,325.000,300.000,300.000,-1,-1,-1,-1,700.000,800.000,-1,-1,2,0,2,0,2,0,0,0,0,2,2,2,2,0,0,2,2
128,-7384.516,9216.960,346.563,61.460,0.477406,-0.877728,-0.040941,0.878630,0.477370,0.011296,0.009629,-0.041365,0.999098,0,0.66690,-1.00000,40.014,-2.000,-1,375.000,-1,400.000,-1,325.000,325.000,300.000,300.000,-1,-1,-1,-1,700.000,800.000,-1,-1,2,0,2,0,2,0,0,0,0,2,2,2,2,0,0,2,2
129,-7364.836,9250.312,347.026,59.460,0.507774,-0.860610,-0.038933,0.861430,0.507756,0.011070,0.010241,-0.039159,0.999181,0,0.64542,-1.00000,38.725,-2.000,-1,375.000,-1,400.000,-1,300.000,325.000,300.000,300.000,-1,-1,-1,-1,700.000,800.000,-1,-1,2,0,2,0,2,0,0,0,0,2,2,2,2,0,0,2,2
130,-7343.956,9283.035,347.577,57.460,0.537526,-0.842433,-0.037030,0.843178,0.537525,0.010843,0.010770,-0.037052,0.999255,0,0.64694,-1.00000,38.816,-2.000,-1,375.000,-1,400.000,-1,300.000,325.000,300.000,300.000,-1,-1,-1,-1,700.000,800.000,-1,-1,2,0,2,0,2,0,0,0,1,2,2,2,2,0,0,2,2
131,-7321.897,9315.080,348.175,55.460,0.566625,-0.823224,-0.035194,0.823898,0.566642,0.010461,0.011331,-0.034924,0.999326,0,0.64840,-1.00000,38.904,-2.000,-1,375.000,-1,400.000,-1,300.000,325.000,300.000,275.000,-1,-1,-1,-1,700.000,800.000,-1,-1,2,0,2,0,2,0,0,0,1,2,2,2,2,0,0,2,2
132,-7298.684,9346.404,348.810,53.460,0.595032,-0.803006,-0.033439,0.803613,0.595070,0.009886,0.011960,-0.032754,0.999392,0,0.64980,-1.00000,38.988,-2.000,-1,375.000,-1,400.000,-1,300.000,300.000,300.000,275.000,-1,-1,-1,-1,675.000,800.000,-1,-1,2,0,2,0,2,0,0,0,1,2,2,2,2,0,0,2,2
133,-7274.341,9376.962,349.437,51.460,0.622719,-0.781807,-0.031607,0.782345,0.622778,0.009123,0.012551,-0.030409,0.999459,0,0.65113,-1.00000,39.068,-2.000,-1,375.000,-1,400.000,-1,300.000,325.000,300.000,275.000,-1,-1,-1,-1,675.000,825.000,-1,-1,2,0,2,0,2,0,0,0,1,2,2,2,2,0,0,2,2
