timestep,x_cm,y_cm,z_cm,yaw_deg,basis_xx,basis_xy,basis_xz,basis_yx,basis_yy,basis_yz,basis_zx,basis_zy,basis_zz,teleport_flag,throttle_cmd,steering_cmd,cmd_move_cm,cmd_turn_deg,lidar_cm_0,lidar_cm_1,lidar_cm_2,lidar_cm_3,lidar_cm_4,lidar_cm_5,lidar_cm_6,lidar_cm_7,lidar_cm_8,lidar_cm_9,lidar_cm_10,lidar_cm_11,lidar_cm_12,lidar_cm_13,lidar_cm_14,lidar_cm_15,lidar_cm_16,lidar_class_0,lidar_class_1,lidar_class_2,lidar_class_3,lidar_class_4,lidar_class_5,lidar_class_6,lidar_class_7,lidar_class_8,lidar_class_9,lidar_class_10,lidar_class_11,lidar_class_12,lidar_class_13,lidar_class_14,lidar_class_15,lidar_class_16
0,6230.217,2291.099,-297.086,-103.785,-0.238805,0.970962,-0.014335,-0.970609,-0.238213,0.034232,0.029824,0.022088,0.999311,1,0.08000,-0.12000,4.800,-0.240,275.000,550.000,-1,475.000,-1,425.000,400.000,250.000,250.000,-1,400.000,375.000,-1,-1,925.000,-1,-1,1,1,2,0,2,0,0,1,0,2,1,1,2,2,0,2,2
1,6227.851,2281.795,-297.153,-104.265,-0.246911,0.968942,-0.013650,-0.968587,-0.246342,0.033975,0.029557,0.021610,0.999329,0,0.16000,-0.24000,9.600,-0.480,275.000,550.000,-1,475.000,-1,425.000,400.000,225.000,250.000,-1,425.000,375.000,-1,-1,925.000,-1,-1,1,1,2,0,2,0,0,1,0,2,1,1,2,2,0,2,2
2,6224.127,2267.885,-297.297,-104.985,-0.259029,0.965789,-0.012466,-0.965434,-0.258503,0.033369,0.029005,0.020679,0.999365,0,0.24000,-0.36000,14.400,-0.720,275.000,575.000,-1,450.000,-1,425.000,400.000,225.000,250.000,-1,425.000,400.000,-1,-1,925.000,-1,-1,1,1,2,0,2,0,0,1,0,2,1,1,2,2,0,2,2
3,6218.852,2249.423,-297.572,-105.945,-0.275112,0.961354,-0.010607,-0.961005,-0.274657,0.032140,0.027984,0.019035,0.999427,0,0.32000,-0.48000,19.200,-0.960,300.000,600.000,-1,450.000,-1,425.000,400.000,200.000,250.000,-1,450.000,425.000,-1,-1,900.000,-1,-1,1,1,2,0,2,0,0,1,0,2,1,1,2,2,0,2,2
4,6211.866,2226.463,-297.958,-106.922,-0.291398,0.956566,-0.008309,-0.956235,-0.291036,0.030201,0.026471,0.016746,0.999509,0,0.40000,-0.48893,24.000,-0.978,-1,600.000,-1,450.000,-1,425.000,400.000,200.000,250.000,-1,475.000,450.000,-1,-1,875.000,-1,-1,2,0,2,0,2,0,0,1,0,2,1,1,2,2,0,2,2
5,6203.018,2199.056,-298.496,-107.891,-0.307427,0.951556,-0.005468,-0.951261,-0.307175,0.027304,0.024302,0.013595,0.999612,0,0.48000,-0.48420,28.800,-0.968,-1,575.000,-1,450.000,-1,425.000,375.000,175.000,250.000,700.000,525.000,475.000,-1,-1,875.000,-1,-1,2,0,2,0,2,0,0,1,0,1,1,1,2,2,0,2,2
6,6192.162,2167.258,-299.249,-108.848,-0.323179,0.946336,-0.001920,-0.946099,-0.323051,0.023128,0.021266,0.009291,0.999731,0,0.56000,-0.47879,33.600,-0.958,-1,550.000,-1,450.000,-1,400.000,375.000,175.000,250.000,650.000,550.000,525.000,-1,-1,850.000,-1,-1,2,0,2,0,2,0,0,1,0,1,1,1,2,2,0,2,2
7,6179.154,2131.128,-300.290,-109.799,-0.338735,0.940878,0.002513,-0.940726,-0.338726,0.017288,0.017117,0.003492,0.999847,0,0.64000,-0.47552,38.400,-0.951,-1,550.000,-1,425.000,-1,400.000,375.000,150.000,250.000,625.000,600.000,550.000,-1,-1,825.000,-1,-1,2,0,2,0,2,0,0,1,0,1,1,1,2,2,0,2,2
8,6163.849,2090.731,-301.648,-110.749,-0.354202,0.935137,0.007748,-0.935100,-0.354265,0.009243,0.011388,-0.003971,0.999927,0,0.72000,-0.47457,43.200,-0.949,-1,500.000,-1,425.000,-1,375.000,350.000,150.000,250.000,600.000,650.000,625.000,-1,-1,775.000,-1,-1,2,0,2,0,2,0,0,1,0,1,1,1,2,2,0,2,2
9,6147.585,2049.851,-301.696,-111.696,-0.369687,0.929140,0.005567,-0.929156,-0.369675,-0.003198,-0.000914,-0.006355,0.999979,0,0.73328,-0.47373,43.997,-0.947,-1,475.000,-1,400.000,1000.000,350.000,350.000,150.000,250.000,625.000,750.000,700.000,-1,-1,725.000,-1,-1,2,0,2,0,0,0,0,1,0,1,1,1,2,2,0,2,2
10,6130.797,2009.601,-302.732,-112.642,-0.385114,0.922849,0.006109,-0.922745,-0.384944,-0.018985,-0.015168,-0.012948,0.999801,0,0.72684,-0.47313,43.610,-0.946,-1,425.000,-1,375.000,800.000,325.000,325.000,125.000,275.000,625.000,825.000,775.000,-1,875.000,650.000,-1,-1,2,0,2,0,0,0,0,1,0,1,1,1,2,0,0,2,2
11,6113.507,1969.996,-303.849,-113.588,-0.400515,0.916264,0.007003,-0.915852,-0.400075,-0.033981,-0.028334,-0.020024,0.999398,0,0.72023,-0.47280,43.214,-0.946,-1,400.000,-1,350.000,650.000,325.000,300.000,125.000,275.000,625.000,925.000,875.000,-1,775.000,600.000,-1,800.000,2,0,2,0,0,0,0,1,0,1,1,1,2,0,0,2,0
12,6095.728,1931.046,-302.607,-114.533,-0.415521,0.909580,0.002482,-0.909009,-0.415160,-0.036679,-0.032333,-0.017497,0.999324,0,0.71358,-0.47274,42.815,-0.945,-1,400.000,-1,350.000,600.000,300.000,300.000,125.000,275.000,650.000,1000.000,950.000,-1,750.000,575.000,-1,725.000,2,0,2,0,0,0,0,1,0,1,1,1,2,0,0,2,0
13,6077.479,1892.752,-301.608,-115.479,-0.430415,0.902631,-0.001069,-0.901940,-0.430131,-0.038619,-0.035319,-0.015658,0.999253,0,0.70700,-0.47293,42.420,-0.946,-1,400.000,-1,325.000,550.000,300.000,300.000,150.000,275.000,625.000,-1,-1,-1,750.000,550.000,-1,650.000,2,0,2,0,0,0,0,1,0,1,2,2,2,0,0,2,0
14,6058.771,1855.109,-300.984,-116.426,-0.445203,0.895422,-0.003834,-0.894669,-0.444997,-0.039310,-0.036905,-0.014071,0.999220,0,0.70059,-0.47337,42.035,-0.947,-1,400.000,-1,325.000,500.000,300.000,275.000,150.000,275.000,600.000,-1,-1,-1,725.000,550.000,-1,600.000,2,0,2,0,0,0,0,1,0,1,2,2,2,0,0,2,0
15,6039.613,1818.108,-300.565,-117.374,-0.459921,0.887944,-0.005380,-0.887164,-0.459756,-0.039551,-0.037592,-0.013417,0.999203,0,0.69445,-0.47405,41.667,-0.948,-1,400.000,-1,325.000,475.000,300.000,275.000,175.000,275.000,575.000,-1,-1,-1,725.000,525.000,-1,575.000,2,0,2,0,0,0,0,1,0,1,2,2,2,0,0,2,0
16,6020.008,1781.735,-300.391,-118.324,-0.474571,0.880198,-0.005825,-0.879419,-0.474413,-0.039425,-0.037466,-0.013587,0.999206,0,0.68866,-0.47495,41.320,-0.950,-1,375.000,-1,325.000,475.000,300.000,275.000,200.000,275.000,375.000,-1,-1,-1,700.000,525.000,-1,550.000,2,0,2,0,0,0,0,1,0,1,2,2,2,0,0,2,0
17,5999.960,1745.974,-300.422,-119.276,-0.489164,0.872178,-0.004904,-0.871433,-0.488965,-0.038949,-0.036368,-0.014779,0.999229,0,0.68329,-0.47607,40.997,-0.952,-1,375.000,-1,325.000,450.000,300.000,275.000,225.000,275.000,300.000,-1,-1,-1,700.000,525.000,-1,550.000,2,0,2,0,0,0,0,1,0,1,2,2,2,0,0,2,0
18,5979.468,1710.807,-300.660,-120.231,-0.503694,0.863878,-0.002556,-0.863202,-0.503413,-0.038184,-0.034273,-0.017027,0.999267,0,0.67837,-0.47739,40.702,-0.955,-1,375.000,-1,325.000,475.000,300.000,275.000,250.000,275.000,275.000,-1,-1,-1,700.000,525.000,-1,550.000,2,0,2,0,0,0,0,1,0,1,2,2,2,0,0,2,0
19,5958.529,1676.215,-301.113,-121.189,-0.518149,0.855289,0.001261,-0.854722,-0.517751,-0.037197,-0.031162,-0.020351,0.999307,0,0.67393,-0.47890,40.436,-0.958,-1,375.000,-1,325.000,475.000,300.000,275.000,275.000,275.000,250.000,-1,-1,-1,700.000,525.000,-1,550.000,2,0,2,0,0,0,0,1,0,1,2,2,2,0,0,2,0
20,5939.695,1645.963,-301.588,-121.906,-0.528915,0.848648,0.006831,-0.848241,-0.528370,-0.036225,-0.027133,-0.024955,0.999320,0,0.59393,-0.35890,35.636,-0.718,-1,375.000,-1,325.000,500.000,300.000,275.000,275.000,275.000,225.000,-1,-1,-1,700.000,525.000,-1,600.000,2,0,2,0,0,0,0,1,0,1,2,2,2,0,0,2,0
21,5923.181,1619.922,-302.153,-122.384,-0.536035,0.844096,0.012997,-0.843884,-0.535355,-0.035422,-0.022941,-0.029955,0.999288,0,0.51393,-0.23890,30.836,-0.478,-1,375.000,-1,325.000,550.000,300.000,300.000,300.000,275.000,225.000,-1,-1,-1,700.000,550.000,-1,650.000,2,0,2,0,0,0,0,1,0,1,2,2,2,0,0,2,0
22,5909.063,1598.047,-302.715,-122.843,-0.542796,0.839655,0.018753,-0.839651,-0.542019,-0.034679,-0.018954,-0.034570,0.999223,0,0.43393,-0.22949,26.036,-0.459,-1,375.000,-1,325.000,600.000,300.000,300.000,300.000,275.000,225.000,-1,-1,-1,700.000,550.000,-1,700.000,2,0,2,0,0,0,0,1,0,1,2,2,2,0,0,2,0
23,5897.404,1580.298,-303.217,-123.305,-0.549524,0.835139,0.023768,-0.835336,-0.548686,-0.034019,-0.015369,-0.038549,0.999139,0,0.35393,-0.23081,21.236,-0.462,-1,375.000,-1,325.000,650.000,300.000,300.000,300.000,275.000,225.000,-1,-1,-1,700.000,575.000,-1,750.000,2,0,2,0,0,0,0,1,0,1,2,2,2,0,0,2,0
24,5888.269,1566.635,-303.618,-123.769,-0.556228,0.830565,0.027793,-0.830938,-0.555358,-0.033463,-0.012358,-0.041707,0.999053,0,0.27393,-0.23192,16.436,-0.464,-1,375.000,-1,350.000,700.000,300.000,300.000,300.000,275.000,200.000,-1,-1,-1,700.000,575.000,-1,800.000,2,0,2,0,1,0,0,1,0,1,2,2,2,0,0,2,0
25,5881.724,1557.014,-303.883,-124.234,-0.562916,0.825947,0.030619,-0.826453,-0.562037,-0.033018,-0.010062,-0.043891,0.998986,0,0.19393,-0.23281,11.636,-0.466,-1,375.000,-1,350.000,700.000,300.000,300.000,325.000,275.000,200.000,-1,-1,-1,700.000,575.000,-1,825.000,2,0,2,0,1,0,0,1,0,1,2,2,2,0,0,2,1
26,5877.833,1551.394,-303.989,-124.701,-0.569595,0.821299,0.032081,-0.821881,-0.568722,-0.032677,-0.008593,-0.044979,0.998951,0,0.11393,-0.23346,6.836,-0.467,-1,375.000,-1,350.000,700.000,300.000,300.000,325.000,275.000,225.000,-1,-1,-1,700.000,575.000,-1,825.000,2,0,2,0,1,0,0,1,0,1,2,2,2,0,0,2,1
27,5876.660,1549.730,-303.917,-125.169,-0.576266,0.816633,0.032058,-0.817223,-0.575409,-0.032423,-0.008032,-0.044883,0.998960,0,0.03393,-0.23385,2.036,-0.468,-1,375.000,-1,350.000,700.000,300.000,300.000,325.000,275.000,225.000,-1,-1,-1,700.000,575.000,-1,825.000,2,0,2,0,1,0,0,1,0,1,2,2,2,0,0,2,1
28,5878.270,1551.977,-303.662,-125.637,-0.582924,0.811955,0.030476,-0.812483,-0.582094,-0.032229,-0.008429,-0.043548,0.999016,0,-0.04607,-0.23396,-2.764,-0.468,-1,375.000,-1,350.000,700.000,300.000,300.000,325.000,275.000,225.000,-1,-1,-1,700.000,575.000,-1,800.000,2,0,2,0,1,0,0,1,0,1,2,2,2,0,0,2,1
29,5882.726,1558.089,-303.224,-126.105,-0.589556,0.807266,0.027305,-0.807668,-0.588765,-0.032057,-0.009802,-0.040953,0.999113,0,-0.12607,-0.23380,-7.564,-0.468,-1,375.000,-1,325.000,675.000,300.000,300.000,325.000,275.000,225.000,-1,-1,-1,700.000,575.000,-1,775.000,2,0,2,0,0,0,0,1,0,1,2,2,2,0,0,2,0
30,5890.091,1568.020,-302.615,-126.571,-0.596140,0.802563,0.022566,-0.802789,-0.595411,-0.031868,-0.012140,-0.037114,0.999237,0,-0.20607,-0.23336,-12.364,-0.467,-1,375.000,-1,325.000,625.000,300.000,300.000,325.000,275.000,225.000,-1,-1,-1,700.000,550.000,-1,725.000,2,0,2,0,0,0,0,1,0,1,2,2,2,0,0,2,0
31,5900.428,1581.722,-301.854,-127.037,-0.602647,0.797841,0.016328,-0.797860,-0.602014,-0.031614,-0.015393,-0.032079,0.999367,0,-0.28607,-0.23264,-17.164,-0.465,-1,375.000,-1,325.000,575.000,300.000,275.000,325.000,275.000,200.000,-1,-1,-1,700.000,550.000,-1,650.000,2,0,2,0,0,0,0,1,0,1,2,2,2,0,0,2,0
32,5913.797,1599.149,-300.971,-127.500,-0.609044,0.793088,0.008709,-0.792897,-0.608554,-0.031248,-0.019482,-0.025937,0.999474,0,-0.36607,-0.23165,-21.964,-0.463,-1,375.000,-1,325.000,525.000,300.000,275.000,325.000,275.000,200.000,-1,-1,-1,675.000,525.000,-1,575.000,2,0,2,0,0,0,0,1,0,1,2,2,2,0,0,2,0
33,5930.258,1620.252,-300.006,-127.961,-0.615298,0.788295,-0.000117,-0.787920,-0.615010,-0.030722,-0.024290,-0.018811,0.999528,0,-0.44607,-0.23038,-26.764,-0.461,-1,375.000,-1,325.000,450.000,300.000,275.000,325.000,275.000,200.000,-1,-1,-1,675.000,525.000,-1,525.000,2,0,2,0,0,0,0,1,0,1,2,2,2,0,0,2,0
34,5949.870,1644.983,-299.007,-128.418,-0.621377,0.783449,-0.009924,-0.782950,-0.621361,-0.029991,-0.029663,-0.010865,0.999501,0,-0.52607,-0.22886,-31.564,-0.458,-1,375.000,-1,300.000,400.000,300.000,275.000,325.000,275.000,225.000,-1,-1,-1,675.000,500.000,-1,475.000,2,0,2,0,0,0,0,1,0,1,2,2,2,0,0,2,0
35,5971.446,1671.750,-298.061,-128.872,-0.627279,0.778542,-0.019856,-0.778005,-0.627587,-0.029037,-0.035068,-0.002766,0.999381,0,-0.57300,-0.22710,-34.380,-0.454,-1,375.000,-1,300.000,350.000,300.000,275.000,325.000,250.000,225.000,-1,-1,-1,675.000,475.000,-1,425.000,2,0,2,0,0,0,0,1,0,1,2,2,2,0,0,2,0
36,5993.207,1698.317,-297.051,-129.323,-0.633075,0.773580,-0.028100,-0.773087,-0.633686,-0.027906,-0.039394,0.004057,0.999216,0,-0.57237,-0.22523,-34.342,-0.450,-1,375.000,-1,300.000,325.000,300.000,275.000,325.000,250.000,225.000,-1,-1,-1,675.000,475.000,-1,375.000,2,0,2,0,0,0,0,1,0,1,2,2,2,0,0,2,0
37,6015.144,1724.674,-296.178,-129.770,-0.638763,0.768580,-0.035601,-0.768188,-0.639670,-0.026618,-0.043231,0.010346,0.999012,0,-0.57153,-0.22342,-34.292,-0.447,-1,375.000,-1,300.000,325.000,300.000,275.000,325.000,250.000,225.000,-1,-1,-1,675.000,450.000,-1,350.000,2,0,2,0,0,0,0,1,0,1,2,2,2,0,0,2,0
38,6037.243,1750.813,-295.465,-130.213,-0.644353,0.763548,-0.042468,-0.763304,-0.645548,-0.025188,-0.046647,0.016186,0.998780,0,-0.57049,-0.22166,-34.229,-0.443,-1,375.000,-1,300.000,300.000,300.000,275.000,300.000,250.000,225.000,-1,-1,-1,650.000,450.000,-1,350.000,2,0,2,0,0,0,0,1,0,1,2,2,2,0,0,2,0
39,6059.494,1776.724,-294.907,-130.653,-0.649862,0.758492,-0.048680,-0.758430,-0.651326,-0.023633,-0.049632,0.021562,0.998535,0,-0.56923,-0.21997,-34.154,-0.440,-1,375.000,-1,300.000,275.000,300.000,275.000,300.000,250.000,225.000,-1,-1,-1,650.000,450.000,-1,325.000,2,0,2,0,0,0,0,1,0,1,2,2,2,0,0,2,0
40,6081.883,1802.397,-294.496,-131.090,-0.655305,0.753417,-0.054198,-0.753561,-0.657011,-0.021972,-0.052163,0.026443,0.998288,0,-0.56775,-0.21835,-34.065,-0.437,-1,375.000,-1,300.000,275.000,300.000,250.000,275.000,250.000,250.000,-1,-1,-1,650.000,450.000,-1,325.000,2,0,2,0,0,0,0,1,0,1,2,2,2,0,0,2,0
41,6101.193,1824.386,-294.333,-131.286,-0.657654,0.751085,-0.057989,-0.751389,-0.659530,-0.020858,-0.053911,0.029855,0.998099,0,-0.48775,-0.09835,-29.265,-0.197,-1,375.000,-1,300.000,275.000,300.000,250.000,250.000,250.000,250.000,-1,-1,-1,675.000,450.000,-1,300.000,2,0,2,0,0,0,0,1,0,1,2,2,2,0,0,2,0
42,6117.395,1842.717,-294.274,-131.472,-0.659911,0.748882,-0.060774,-0.749321,-0.661909,-0.019850,-0.055092,0.032440,0.997954,0,-0.40775,-0.09291,-24.465,-0.186,-1,375.000,-1,300.000,275.000,300.000,250.000,250.000,250.000,250.000,-1,-1,-1,675.000,450.000,-1,300.000,2,0,2,0,0,0,0,1,0,1,2,2,2,0,0,2,0
43,6130.466,1857.409,-294.270,-131.656,-0.662183,0.746705,-0.062807,-0.747257,-0.664265,-0.018944,-0.055867,0.034389,0.997846,0,-0.32775,-0.09191,-19.665,-0.184,-1,375.000,-1,275.000,275.000,300.000,250.000,225.000,225.000,250.000,-1,-1,-1,675.000,450.000,-1,300.000,2,0,2,0,0,0,0,1,0,1,2,2,2,0,0,2,0
44,6140.381,1868.483,-294.281,-131.838,-0.664464,0.744550,-0.064280,-0.745192,-0.666603,-0.018148,-0.056361,0.035843,0.997767,0,-0.24775,-0.09114,-14.865,-0.182,-1,375.000,-1,275.000,275.000,300.000,250.000,225.000,225.000,275.000,-1,-1,-1,675.000,425.000,-1,300.000,2,0,2,0,0,0,0,1,0,1,2,2,2,0,0,2,0
45,6147.118,1875.960,-294.280,-132.020,-0.666752,0.742411,-0.065330,-0.743122,-0.668928,-0.017467,-0.056669,0.036903,0.997711,0,-0.16775,-0.09057,-10.065,-0.181,-1,375.000,-1,275.000,275.000,300.000,250.000,225.000,225.000,275.000,-1,-1,-1,675.000,425.000,-1,300.000,2,0,2,0,0,0,0,1,0,1,2,2,2,0,0,2,0
46,6150.655,1879.860,-294.246,-132.200,-0.669046,0.740281,-0.066046,-0.741044,-0.671244,-0.016905,-0.056847,0.037633,0.997673,0,-0.08775,-0.09020,-5.265,-0.180,-1,375.000,-1,275.000,275.000,300.000,250.000,200.000,225.000,275.000,-1,-1,-1,675.000,425.000,-1,300.000,2,0,2,0,0,0,0,1,0,1,2,2,2,0,0,2,0
47,6150.968,1880.203,-294.172,-132.380,-0.671348,0.738156,-0.066464,-0.738953,-0.673556,-0.016464,-0.056921,0.038060,0.997653,0,-0.00775,-0.09001,-0.465,-0.180,-1,375.000,-1,275.000,275.000,300.000,250.000,200.000,225.000,275.000,-1,-1,-1,675.000,425.000,-1,300.000,2,0,2,0,0,0,0,1,0,1,2,2,2,0,0,2,0
48,6148.036,1877.010,-294.059,-132.560,-0.673664,0.736033,-0.066569,-0.736846,-0.675868,-0.016148,-0.056877,0.038172,0.997651,0,0.07225,-0.08999,4.335,-0.180,-1,375.000,-1,275.000,275.000,300.000,250.000,225.000,225.000,275.000,-1,-1,-1,675.000,425.000,-1,300.000,2,0,2,0,0,0,0,1,0,1,2,2,2,0,0,2,0
49,6141.836,1870.301,-293.917,-132.740,-0.676004,0.733910,-0.066294,-0.734716,-0.678187,-0.015960,-0.056673,0.037918,0.997672,0,0.15225,-0.09015,9.135,-0.180,-1,375.000,-1,275.000,250.000,300.000,250.000,225.000,225.000,250.000,-1,-1,-1,675.000,425.000,-1,300.000,2,0,2,0,0,0,0,1,0,1,2,2,2,0,0,2,0
50,6132.346,1860.096,-293.768,-132.921,-0.678380,0.731784,-0.065521,-0.732556,-0.680521,-0.015903,-0.056226,0.037209,0.997724,0,0.23225,-0.09050,13.935,-0.181,-1,375.000,-1,275.000,250.000,300.000,250.000,250.000,225.000,250.000,-1,-1,-1,675.000,425.000,-1,300.000,2,0,2,0,0,0,0,1,0,1,2,2,2,0,0,2,0
51,6119.544,1846.417,-293.642,-133.103,-0.680810,0.729652,-0.064079,-0.730360,-0.682875,-0.015986,-0.055422,0.035917,0.997817,0,0.31225,-0.09104,18.735,-0.182,-1,375.000,-1,275.000,250.000,300.000,250.000,250.000,225.000,250.000,-1,-1,-1,650.000,425.000,-1,300.000,2,0,2,0,0,0,0,1,0,1,2,2,2,0,0,2,0
52,6103.407,1829.286,-293.581,-133.287,-0.683311,0.727511,-0.061745,-0.728119,-0.685259,-0.016216,-0.054109,0.033877,0.997960,0,0.39225,-0.09181,23.535,-0.184,-1,375.000,-1,275.000,275.000,300.000,250.000,275.000,250.000,250.000,-1,-1,-1,650.000,425.000,-1,300.000,2,0,2,0,0,0,0,1,0,1,2,2,2,0,0,2,0
53,6083.911,1808.724,-293.635,-133.473,-0.685903,0.725358,-0.058247,-0.725825,-0.687679,-0.016609,-0.052103,0.030885,0.998164,0,0.47225,-0.09282,28.335,-0.186,-1,375.000,-1,300.000,275.000,300.000,250.000,300.000,250.000,225.000,-1,-1,-1,650.000,425.000,-1,300.000,2,0,2,0,0,0,0,1,0,1,2,2,2,0,0,2,0
54,6067.592,1791.765,-293.682,-133.898,-0.691480,0.720280,-0.055240,-0.720658,-0.693098,-0.016366,-0.050075,0.028493,0.998339,0,0.39225,-0.21282,23.535,-0.426,-1,375.000,-1,300.000,275.000,300.000,250.000,325.000,250.000,225.000,-1,-1,-1,650.000,425.000,-1,300.000,2,0,2,0,0,0,0,1,0,1,2,2,2,0,0,2,0
55,6054.446,1778.417,-293.682,-134.564,-0.699967,0.712212,-0.052914,-0.712549,-0.701451,-0.015506,-0.048160,0.026850,0.998479,0,0.31225,-0.33282,18.735,-0.666,-1,375.000,-1,300.000,275.000,300.000,250.000,325.000,250.000,225.000,-1,-1,-1,650.000,425.000,-1,300.000,2,0,2,0,0,0,0,1,0,1,2,2,2,0,0,2,0
56,6044.512,1768.645,-293.602,-135.470,-0.711255,0.701050,-0.051435,-0.701395,-0.712634,-0.014027,-0.046488,0.026100,0.998578,0,0.23225,-0.45282,13.935,-0.906,-1,375.000,-1,300.000,275.000,300.000,250.000,350.000,250.000,225.000,-1,-1,-1,650.000,425.000,-1,300.000,2,0,2,0,0,0,0,1,0,1,2,2,2,0,0,2,0
57,6037.873,1762.370,-293.416,-136.615,-0.725195,0.686656,-0.050948,-0.687060,-0.726503,-0.011891,-0.045179,0.026381,0.998631,0,0.15225,-0.57282,9.135,-1.146,-1,375.000,-1,300.000,275.000,300.000,250.000,375.000,250.000,225.000,-1,-1,-1,650.000,425.000,-1,300.000,2,0,2,0,0,0,0,1,0,1,2,2,2,0,0,2,0
58,6034.654,1759.465,-293.120,-137.943,-0.740921,0.669614,-0.051510,-0.670125,-0.742192,-0.009157,-0.044362,0.027733,0.998631,0,0.07225,-0.66385,4.335,-1.328,-1,375.000,-1,275.000,275.000,300.000,250.000,375.000,250.000,225.000,-1,-1,-1,650.000,425.000,-1,300.000,2,0,2,0,0,0,0,1,0,1,2,2,2,0,0,2,0
59,6035.007,1759.768,-292.743,-139.271,-0.756199,0.652188,-0.053057,-0.652848,-0.757464,-0.006133,-0.044189,0.030001,0.998573,0,-0.00775,-0.66410,-0.465,-1.328,-1,375.000,-1,275.000,275.000,300.000,250.000,400.000,250.000,200.000,1000.000,-1,-1,650.000,425.000,-1,300.000,2,0,2,0,0,0,0,1,0,1,1,2,2,0,0,2,0
60,6039.075,1763.109,-292.267,-140.599,-0.771002,0.634389,-0.055740,-0.635257,-0.772296,-0.002718,-0.044773,0.033314,0.998442,0,-0.08775,-0.66407,-5.265,-1.328,-1,375.000,-1,275.000,250.000,300.000,250.000,425.000,250.000,200.000,925.000,-1,-1,650.000,425.000,-1,275.000,2,0,2,0,0,0,0,1,0,1,1,2,2,0,0,2,0
61,6046.999,1769.315,-291.682,-141.927,-0.785304,0.616229,-0.059658,-0.617384,-0.786661,0.001194,-0.046195,0.037770,0.998218,0,-0.16775,-0.66376,-10.065,-1.328,-1,375.000,-1,275.000,250.000,275.000,250.000,425.000,250.000,200.000,900.000,-1,-1,625.000,425.000,-1,275.000,2,0,2,0,0,0,0,1,0,1,1,2,2,0,0,2,0
62,6058.911,1778.206,-290.986,-143.253,-0.799078,0.597718,-0.064862,-0.599267,-0.800529,0.005717,-0.048506,0.043438,0.997878,0,-0.24775,-0.66314,-14.865,-1.326,-1,375.000,-1,275.000,250.000,275.000,250.000,450.000,225.000,200.000,850.000,-1,-1,625.000,400.000,-1,275.000,2,0,2,0,0,0,0,1,0,1,1,2,2,0,0,2,0
63,6074.937,1789.601,-290.183,-144.577,-0.812294,0.578867,-0.071356,-0.580949,-0.813866,0.010960,-0.051729,0.050357,0.997391,0,-0.32775,-0.66222,-19.665,-1.324,-1,375.000,-1,275.000,225.000,275.000,250.000,475.000,225.000,200.000,800.000,1000.000,-1,625.000,400.000,-1,250.000,2,0,2,0,0,0,0,1,0,1,1,1,2,0,0,2,0
64,6095.196,1803.314,-289.287,-145.899,-0.824921,0.559686,-0.079101,-0.562481,-0.826635,0.017028,-0.055858,0.058539,0.996721,0,-0.40775,-0.66099,-24.465,-1.322,-1,375.000,-1,275.000,200.000,275.000,250.000,475.000,225.000,200.000,775.000,925.000,-1,625.000,400.000,-1,225.000,2,0,2,0,0,0,0,1,0,1,1,1,2,0,0,2,0
65,6119.800,1819.156,-287.401,-147.218,-0.836810,0.540311,-0.088398,-0.543794,-0.838988,0.019664,-0.063540,0.064525,0.995891,0,-0.48775,-0.65946,-29.265,-1.319,-1,375.000,-1,275.000,200.000,275.000,250.000,500.000,225.000,200.000,725.000,900.000,-1,600.000,375.000,-1,225.000,2,0,2,0,0,0,0,1,0,1,1,1,2,0,0,2,0
66,6146.310,1835.377,-285.262,-148.534,-0.848057,0.520717,-0.098251,-0.524953,-0.850853,0.021743,-0.072275,0.070017,0.994924,0,-0.51802,-0.65763,-31.081,-1.315,-1,350.000,975.000,250.000,175.000,275.000,250.000,500.000,225.000,200.000,700.000,850.000,-1,600.000,375.000,-1,200.000,2,0,0,0,0,0,0,1,0,1,1,1,2,0,0,2,0
67,6173.220,1851.008,-283.289,-149.845,-0.858750,0.500888,-0.107983,-0.506011,-0.862168,0.024894,-0.080631,0.076019,0.993841,0,-0.51870,-0.65569,-31.122,-1.311,-1,350.000,925.000,250.000,175.000,275.000,225.000,525.000,225.000,200.000,650.000,825.000,-1,575.000,375.000,-1,175.000,2,0,0,0,0,0,0,1,0,1,1,1,2,0,0,2,0
68,6200.510,1866.036,-281.467,-151.153,-0.868894,0.480835,-0.117566,-0.486996,-0.872921,0.029065,-0.088650,0.082508,0.992640,0,-0.51928,-0.65376,-31.157,-1.308,-1,350.000,875.000,250.000,150.000,275.000,225.000,550.000,225.000,200.000,600.000,775.000,-1,575.000,350.000,975.000,175.000,2,0,0,0,0,0,0,1,0,1,1,1,2,0,0,0,0
69,6228.159,1880.452,-279.777,-152.456,-0.878493,0.460572,-0.126975,-0.467932,-0.883102,0.034200,-0.096380,0.089460,0.991316,0,-0.51974,-0.65184,-31.184,-1.304,-1,350.000,825.000,250.000,150.000,275.000,225.000,575.000,225.000,200.000,550.000,725.000,-1,550.000,350.000,950.000,150.000,2,0,0,0,0,0,0,1,0,1,1,1,2,0,0,0,0
70,6256.146,1894.245,-278.203,-153.756,-0.887553,0.440115,-0.136192,-0.448844,-0.892703,0.040246,-0.103866,0.096849,0.989865,0,-0.52007,-0.64994,-31.204,-1.300,-1,350.000,800.000,225.000,125.000,250.000,225.000,625.000,225.000,200.000,525.000,675.000,-1,550.000,350.000,925.000,150.000,2,0,0,0,0,0,0,1,0,1,1,1,2,0,0,0,0
71,6284.448,1907.405,-276.726,-155.052,-0.896078,0.419477,-0.145205,-0.429755,-0.901714,0.047144,-0.111157,0.104647,0.988278,0,-0.52024,-0.64806,-31.215,-1.296,-1,350.000,775.000,225.000,125.000,250.000,225.000,800.000,225.000,200.000,475.000,625.000,-1,550.000,325.000,900.000,125.000,2,0,0,0,0,0,0,0,0,1,1,1,2,0,0,0,0
72,4263.548,5575.401,-382.735,-140.904,-0.762216,0.628767,0.153879,-0.632834,-0.773809,0.027222,0.136189,-0.076631,0.987715,1,0.00000,0.00000,-31.215,-1.292,-1,475.000,-1,525.000,-1,400.000,425.000,225.000,300.000,-1,-1,-1,-1,975.000,800.000,-1,-1,2,0,2,1,2,0,0,1,0,2,2,2,2,1,1,2,2
73,-4920.526,-1644.518,469.955,-102.461,-0.215897,0.976384,-0.007889,-0.976337,-0.215769,0.014496,0.012452,0.010832,0.999864,1,0.08000,-0.12000,4.800,-0.240,-1,375.000,-1,425.000,700.000,325.000,325.000,300.000,300.000,-1,-1,-1,-1,800.000,1000.000,-1,-1,2,0,2,0,1,0,0,0,0,2,2,2,2,0,1,2,2
74,-4922.676,-1653.874,470.081,-102.941,-0.224073,0.974535,-0.008522,-0.974498,-0.223939,0.014285,0.012013,0.011506,0.999862,0,0.16000,-0.24000,9.600,-0.480,-1,375.000,-1,425.000,675.000,325.000,325.000,300.000,300.000,-1,-1,-1,-1,825.000,975.000,-1,-1,2,0,2,0,1,0,0,0,0,2,2,2,2,0,1,2,2
75,-4926.030,-1667.878,470.268,-103.470,-0.233063,0.972416,-0.009452,-0.972395,-0.232922,0.013964,0.011377,0.012445,0.999858,0,0.24000,-0.26442,14.400,-0.529,-1,375.000,-1,425.000,675.000,325.000,325.000,300.000,300.000,-1,-1,-1,-1,825.000,950.000,-1,1000.000,2,0,2,0,1,0,0,0,0,2,2,2,2,0,1,2,1
76,-4930.675,-1686.508,470.512,-104.000,-0.242049,0.970205,-0.010679,-0.970207,-0.241901,0.013536,0.010549,0.013637,0.999851,0,0.32000,-0.26492,19.200,-0.530,-1,375.000,-1,425.000,650.000,325.000,325.000,300.000,300.000,-1,-1,-1,-1,825.000,925.000,-1,950.000,2,0,2,0,1,0,0,0,0,2,2,2,2,0,1,2,1
77,-4936.697,-1709.740,470.806,-104.532,-0.251042,0.967899,-0.012217,-0.967929,-0.250885,0.013011,0.009528,0.015092,0.999841,0,0.40000,-0.26577,24.000,-0.532,-1,375.000,-1,425.000,625.000,325.000,325.000,300.000,300.000,-1,-1,-1,-1,825.000,900.000,-1,925.000,2,0,2,0,1,0,0,0,0,2,2,2,2,0,1,2,1
78,-4944.182,-1737.550,471.142,-105.066,-0.260050,0.965493,-0.014080,-0.965559,-0.259887,0.012401,0.008314,0.016820,0.999824,0,0.48000,-0.26696,28.800,-0.534,-1,400.000,-1,425.000,600.000,325.000,325.000,300.000,300.000,-1,-1,-1,-1,825.000,875.000,-1,875.000,2,0,2,0,1,0,0,0,0,2,2,2,2,0,1,2,1
79,-4953.219,-1769.912,471.508,-105.603,-0.269082,0.962980,-0.016283,-0.963093,-0.268915,0.011721,0.006908,0.018836,0.999799,0,0.56000,-0.26852,33.600,-0.537,-1,400.000,-1,425.000,600.000,325.000,325.000,300.000,300.000,-1,-1,-1,-1,825.000,850.000,-1,850.000,2,0,2,0,1,0,0,0,0,2,2,2,2,0,1,2,1
80,-4963.895,-1806.798,471.892,-106.143,-0.278147,0.960353,-0.018847,-0.960524,-0.277981,0.010990,0.005315,0.021160,0.999762,0,0.64000,-0.27045,38.400,-0.541,-1,400.000,-1,425.000,575.000,325.000,350.000,300.000,300.000,-1,-1,-1,-1,825.000,825.000,-1,800.000,2,0,2,0,1,0,0,0,0,2,2,2,2,0,1,2,1
81,-4976.301,-1848.179,472.278,-106.689,-0.287256,0.957606,-0.021791,-0.957847,-0.287096,0.010231,0.003541,0.023811,0.999710,0,0.72000,-0.27278,43.200,-0.546,-1,400.000,-1,425.000,525.000,325.000,350.000,325.000,300.000,-1,-1,-1,-1,850.000,800.000,-1,750.000,2,0,2,0,1,0,0,0,0,2,2,2,2,0,1,2,1
82,-4990.526,-1894.022,472.512,-107.240,-0.296427,0.954741,-0.024487,-0.955053,-0.296275,0.009727,0.002031,0.026270,0.999653,0,0.80000,-0.27554,48.000,-0.551,-1,400.000,-1,450.000,500.000,325.000,350.000,325.000,300.000,-1,-1,-1,-1,875.000,775.000,-1,700.000,2,0,2,0,1,0,0,0,0,2,2,2,2,0,1,2,1
83,-5006.665,-1944.295,472.317,-107.798,-0.305650,0.951782,-0.026266,-0.952144,-0.305540,0.008182,-0.000238,0.027510,0.999621,0,0.88000,-0.27876,52.800,-0.558,-1,400.000,-1,450.000,475.000,325.000,350.000,325.000,300.000,-1,-1,-1,-1,900.000,750.000,-1,650.000,2,0,2,0,1,0,0,0,0,2,2,2,2,0,1,2,1
84,-5024.810,-1998.963,471.941,-108.363,-0.314945,0.948692,-0.028176,-0.949105,-0.314900,0.006133,-0.003054,0.028674,0.999584,0,0.96000,-0.28247,57.600,-0.565,-1,400.000,-1,450.000,450.000,325.000,350.000,300.000,300.000,-1,-1,-1,-1,900.000,700.000,-1,600.000,2,0,2,0,1,0,0,0,0,2,2,2,2,0,1,2,1
85,-5044.280,-2055.716,471.410,-108.936,-0.324336,0.945449,-0.030544,-0.945923,-0.324363,0.004223,-0.005915,0.030262,0.999525,0,1.00000,-0.28670,60.000,-0.573,-1,400.000,-1,450.000,400.000,350.000,350.000,300.000,300.000,-1,-1,-1,-1,925.000,675.000,-1,550.000,2,0,2,0,1,0,0,0,0,2,2,2,2,0,1,2,1
86,-5064.327,-2112.268,470.675,-109.519,-0.333823,0.942037,-0.033602,-0.942593,-0.333936,0.002359,-0.008999,0.032461,0.999433,0,1.00000,-0.29129,60.000,-0.583,-1,400.000,-1,425.000,375.000,350.000,350.000,300.000,300.000,-1,-1,-1,-1,925.000,625.000,-1,500.000,2,0,2,0,1,0,0,0,0,2,2,2,2,0,1,2,1
87,-5083.117,-2164.172,469.704,-109.902,-0.339985,0.939740,-0.036031,-0.940347,-0.340216,-0.000296,-0.012536,0.033781,0.999351,0,0.92000,-0.19166,55.200,-0.383,-1,400.000,-1,425.000,350.000,325.000,350.000,300.000,300.000,-1,-1,-1,-1,925.000,600.000,-1,450.000,2,0,2,0,1,0,0,0,1,2,2,2,2,0,1,2,1
88,-5100.598,-2211.443,468.758,-110.295,-0.346284,0.937347,-0.038316,-0.937997,-0.346634,-0.002690,-0.015803,0.035008,0.999262,0,0.84000,-0.19633,50.400,-0.393,-1,400.000,-1,425.000,300.000,325.000,350.000,325.000,275.000,-1,-1,-1,-1,925.000,575.000,-1,425.000,2,0,2,0,1,0,0,0,1,2,2,2,2,0,1,2,1
89,-5116.713,-2254.101,467.861,-110.696,-0.352709,0.934858,-0.040464,-0.935545,-0.353175,-0.004794,-0.018772,0.036165,0.999169,0,0.76000,-0.20064,45.600,-0.401,-1,400.000,-1,425.000,275.000,325.000,350.000,325.000,275.000,-1,-1,-1,-1,925.000,525.000,-1,375.000,2,0,2,0,1,0,0,0,1,2,2,2,2,0,1,2,1
90,-5133.001,-2296.301,466.932,-111.105,-0.359235,0.932271,-0.042678,-0.932995,-0.359825,-0.006814,-0.021709,0.037370,0.999066,0,0.75391,-0.20455,45.234,-0.409,-1,400.000,-1,425.000,250.000,325.000,325.000,325.000,250.000,-1,-1,-1,-1,900.000,500.000,-1,350.000,2,0,2,1,1,0,0,0,1,2,2,2,2,0,1,2,1
91,-5149.556,-2338.282,465.966,-111.522,-0.365859,0.929583,-0.044968,-0.930344,-0.366582,-0.008761,-0.024629,0.038631,0.998950,0,0.75212,-0.20847,45.127,-0.417,-1,400.000,-1,400.000,225.000,325.000,325.000,325.000,250.000,-1,-1,-1,-1,900.000,475.000,-1,300.000,2,0,2,1,1,0,0,0,1,2,2,2,2,0,1,2,1
92,-5166.376,-2380.030,464.963,-111.945,-0.372547,0.926805,-0.047336,-0.927605,-0.373412,-0.010631,-0.027528,0.039948,0.998822,0,0.75014,-0.21137,45.008,-0.423,-1,400.000,-1,375.000,200.000,325.000,325.000,325.000,225.000,-1,-1,-1,-1,900.000,450.000,-1,275.000,2,0,2,1,1,0,0,0,1,2,2,2,2,0,1,2,1
93,-5183.456,-2421.531,463.922,-112.370,-0.379245,0.923956,-0.049778,-0.924797,-0.380259,-0.012420,-0.030405,0.041325,0.998683,0,0.74798,-0.21264,44.879,-0.425,-1,425.000,-1,350.000,175.000,325.000,325.000,325.000,225.000,-1,-1,-1,-1,900.000,425.000,-1,225.000,2,0,2,1,1,0,0,0,1,2,2,2,2,0,1,2,1
94,-5200.790,-2462.775,462.845,-112.797,-0.385948,0.921037,-0.052296,-0.921921,-0.387120,-0.014126,-0.033255,0.042761,0.998532,0,0.74563,-0.21379,44.738,-0.428,-1,425.000,-1,350.000,150.000,325.000,325.000,325.000,200.000,-1,-1,-1,-1,900.000,400.000,-1,200.000,2,0,2,1,1,0,0,0,1,2,2,2,2,0,1,2,1
95,-5218.375,-2503.749,461.584,-113.227,-0.392695,0.918072,-0.054161,-0.918979,-0.394000,-0.015545,-0.035611,0.043668,0.998411,0,0.74313,-0.21480,44.588,-0.430,-1,425.000,-1,325.000,125.000,325.000,325.000,325.000,200.000,-1,-1,-1,-1,900.000,400.000,-1,175.000,2,0,2,1,1,0,0,0,1,2,2,2,2,0,1,2,1
96,-5236.206,-2544.441,463.487,-113.658,-0.400344,0.915502,-0.039752,-0.915955,-0.401086,-0.012524,-0.027410,0.031397,0.999131,0,0.74047,-0.21568,44.428,-0.431,-1,450.000,-1,325.000,125.000,350.000,350.000,300.000,200.000,-1,-1,-1,-1,975.000,400.000,-1,150.000,2,0,2,1,1,0,0,0,1,2,2,2,2,0,1,2,1
97,-5254.276,-2584.845,465.946,-114.091,-0.407894,0.912797,-0.020607,-0.912862,-0.408147,-0.009900,-0.017448,0.014773,0.999739,0,0.73769,-0.21643,44.261,-0.433,-1,475.000,-1,325.000,125.000,375.000,375.000,300.000,200.000,-1,-1,-1,-1,-1,425.000,-1,150.000,2,0,2,1,1,0,1,0,1,2,2,2,2,2,1,2,1
98,-5272.578,-2624.955,468.440,-114.525,-0.415099,0.909776,-0.001101,-0.909748,-0.415095,-0.007387,-0.007177,-0.002065,0.999972,0,0.73480,-0.21703,44.088,-0.434,-1,500.000,-1,325.000,100.000,400.000,375.000,275.000,200.000,-1,-1,-1,-1,-1,450.000,-1,150.000,2,0,2,1,1,0,1,0,1,2,2,2,2,2,1,2,1
99,-5292.332,-2667.537,471.075,-114.890,-0.420804,0.906938,0.019701,-0.907143,-0.420796,-0.004753,0.003980,-0.019872,0.999795,0,0.78235,-0.18238,46.941,-0.365,-1,525.000,-1,325.000,100.000,450.000,375.000,275.000,175.000,-1,150.000,-1,-1,-1,575.000,-1,125.000,2,0,2,1,1,0,1,0,1,2,0,2,2,2,1,2,1
100,-5312.355,-2709.977,473.592,-115.264,-0.426172,0.903689,0.041527,-0.904500,-0.426470,-0.001826,0.016060,-0.038339,0.999136,0,0.78210,-0.18677,46.926,-0.374,-1,575.000,-1,350.000,100.000,475.000,400.000,250.000,175.000,-1,100.000,400.000,-1,-1,-1,-1,125.000,2,0,2,1,1,0,1,0,1,2,0,0,2,2,2,2,1
101,-5332.642,-2752.253,476.059,-115.646,-0.431145,0.900001,0.064125,-0.901822,-0.432106,0.001242,0.028827,-0.057294,0.997941,0,0.78152,-0.19140,46.891,-0.383,-1,600.000,-1,400.000,100.000,500.000,450.000,250.000,175.000,650.000,50.000,275.000,-1,-1,-1,-1,125.000,2,0,2,1,1,1,1,0,1,0,0,0,2,2,2,2,1
102,-5353.195,-2794.340,477.176,-116.039,-0.436256,0.896215,0.080501,-0.899035,-0.437868,0.002668,0.037640,-0.071209,0.996751,0,0.78060,-0.19627,46.836,-0.393,-1,650.000,-1,475.000,75.000,525.000,475.000,225.000,175.000,475.000,50.000,225.000,-1,-1,-1,-1,125.000,2,0,2,1,1,1,1,0,1,0,0,0,2,2,2,2,1
103,-5374.010,-2836.210,477.212,-116.442,-0.441715,0.892442,0.091847,-0.896110,-0.443824,0.002849,0.043307,-0.081046,0.995769,0,0.77929,-0.20140,46.757,-0.403,-1,675.000,-1,1000.000,75.000,575.000,600.000,225.000,175.000,400.000,25.000,225.000,-1,-1,-1,-1,150.000,2,0,2,0,1,0,1,0,1,0,0,0,2,2,2,2,1
104,-5395.080,-2877.836,476.726,-116.855,-0.447443,0.888617,0.100768,-0.893050,-0.449951,0.002430,0.047500,-0.088904,0.994907,0,0.77758,-0.20678,46.655,-0.414,-1,675.000,-1,-1,75.000,600.000,650.000,225.000,150.000,350.000,25.000,225.000,-1,-1,-1,-1,-1,2,0,2,2,1,0,0,0,1,0,0,0,2,2,2,2,2
105,-5416.400,-2919.190,475.717,-117.280,-0.453511,0.884777,0.107230,-0.889835,-0.456280,0.001460,0.050218,-0.094755,0.994233,0,0.77543,-0.21242,46.526,-0.425,-1,700.000,-1,-1,75.000,625.000,675.000,225.000,125.000,325.000,25.000,225.000,-1,-1,-1,-1,-1,2,0,2,2,1,0,0,0,1,0,0,0,2,2,2,2,2
106,6231.382,-8855.112,73.603,-130.397,-0.649907,0.759889,0.013785,-0.757904,-0.646645,-0.086207,-0.056594,-0.066474,0.996182,1,0.00000,0.00000,46.370,-0.437,-1,400.000,-1,375.000,-1,325.000,325.000,-1,300.000,725.000,425.000,475.000,-1,725.000,725.000,-1,-1,2,0,2,0,2,0,0,2,0,1,0,0,2,0,0,2,2
107,6228.286,-8858.780,73.286,-130.157,-0.646716,0.762605,0.013849,-0.760619,-0.643469,-0.086058,-0.056717,-0.066189,0.996194,0,0.08000,0.12000,4.800,0.240,-1,400.000,-1,375.000,-1,325.000,325.000,-1,300.000,725.000,425.000,475.000,-1,725.000,725.000,-1,-1,2,0,2,0,2,0,0,2,0,1,0,0,2,0,0,2,2
108,6222.157,-8866.168,72.648,-129.677,-0.640300,0.767998,0.013969,-0.766010,-0.637082,-0.085765,-0.056967,-0.065616,0.996217,0,0.16000,0.24000,9.600,0.480,-1,400.000,-1,375.000,-1,325.000,325.000,-1,300.000,725.000,425.000,475.000,-1,725.000,725.000,-1,-1,2,0,2,0,2,0,0,2,0,1,0,0,2,0,0,2,2
109,6213.103,-8877.365,71.742,-128.957,-0.630603,0.775976,0.014193,-0.773970,-0.627407,-0.085619,-0.057534,-0.064977,0.996227,0,0.24000,0.36000,14.400,0.720,-1,400.000,-1,375.000,-1,325.000,325.000,-1,300.000,725.000,425.000,500.000,-1,725.000,725.000,-1,-1,2,0,2,0,2,0,0,2,0,1,0,0,2,0,0,2,2
110,6201.260,-8892.477,70.587,-128.085,-0.618746,0.785456,0.014555,-0.783418,-0.615551,-0.085747,-0.058391,-0.064458,0.996211,0,0.32000,0.43580,19.200,0.872,-1,400.000,-1,375.000,-1,325.000,325.000,-1,300.000,725.000,450.000,525.000,-1,725.000,725.000,-1,-1,2,0,2,0,2,0,0,2,0,1,0,0,2,0,0,2,2
111,6186.745,-8911.590,69.122,-127.213,-0.606745,0.794755,0.015010,-0.792689,-0.603546,-0.085892,-0.059204,-0.064013,0.996191,0,0.40000,0.43594,24.000,0.872,-1,400.000,-1,400.000,-1,325.000,325.000,-1,300.000,750.000,475.000,550.000,-1,725.000,725.000,-1,-1,2,0,2,0,2,0,0,2,0,1,0,0,2,0,0,2,2
112,6169.678,-8934.788,67.341,-126.341,-0.594603,0.803869,0.015543,-0.801778,-0.591392,-0.086070,-0.059997,-0.063639,0.996168,0,0.48000,0.43609,28.800,0.872,-1,400.000,-1,400.000,-1,325.000,325.000,-1,300.000,750.000,500.000,975.000,-1,725.000,725.000,-1,-1,2,0,2,0,2,0,0,2,0,1,0,1,2,0,0,2,2
113,6150.182,-8962.153,65.102,-125.469,-0.582343,0.812769,0.016820,-0.810698,-0.579075,-0.086261,-0.060370,-0.063869,0.996131,0,0.56000,0.43624,33.600,0.872,-1,400.000,-1,400.000,-1,325.000,325.000,-1,300.000,800.000,500.000,-1,-1,700.000,725.000,-1,-1,2,0,2,0,2,0,0,2,0,1,0,2,2,0,0,2,2
114,6128.382,-8993.764,61.664,-124.596,-0.570064,0.821289,0.022604,-0.819552,-0.566487,-0.086185,-0.057978,-0.067657,0.996023,0,0.64000,0.43635,38.400,0.873,-1,400.000,-1,400.000,-1,325.000,325.000,-1,300.000,800.000,375.000,500.000,-1,700.000,725.000,-1,-1,2,0,2,0,2,0,0,2,0,1,0,0,2,0,0,2,2
115,6104.402,-9029.696,57.902,-123.723,-0.557635,0.829603,0.028326,-0.828214,-0.553763,-0.086064,-0.055714,-0.071452,0.995887,0,0.72000,0.43641,43.200,0.873,-1,375.000,-1,400.000,-1,325.000,325.000,-1,300.000,825.000,275.000,425.000,-1,700.000,750.000,-1,-1,2,0,2,0,2,0,0,2,0,1,0,0,2,0,0,2,2
116,6078.368,-9070.021,53.877,-122.851,-0.545060,0.837723,0.033621,-0.836667,-0.540923,-0.085969,-0.053832,-0.074987,0.995730,0,0.80000,0.43635,48.000,0.873,-1,375.000,-1,400.000,-1,325.000,325.000,-1,300.000,850.000,200.000,350.000,-1,700.000,750.000,-1,-1,2,0,2,0,2,0,0,2,0,1,0,0,2,0,0,2,2
117,6051.307,-9113.367,49.939,-121.978,-0.532303,0.845714,0.037695,-0.844942,-0.528015,-0.085286,-0.052224,-0.077248,0.995643,0,0.85167,0.43615,51.100,0.872,-1,375.000,-1,400.000,-1,325.000,325.000,-1,300.000,900.000,150.000,325.000,-1,700.000,750.000,-1,-1,2,0,2,0,2,0,0,2,0,1,0,0,2,0,0,2,2
118,6025.021,-9156.932,46.393,-121.107,-0.519371,0.853610,0.040044,-0.853018,-0.515068,-0.084056,-0.051126,-0.077814,0.995656,0,0.84804,0.43575,50.882,0.872,-1,375.000,-1,400.000,-1,325.000,325.000,-1,300.000,950.000,125.000,300.000,-1,700.000,750.000,-1,-1,2,0,2,0,2,0,0,2,0,1,0,0,2,0,0,2,2
119,5999.504,-9200.710,43.088,-120.236,-0.506325,0.861369,0.040958,-0.860834,-0.502062,-0.083057,-0.050979,-0.077312,0.995703,0,0.84454,0.43519,50.672,0.870,-1,375.000,-1,400.000,-1,325.000,325.000,-1,300.000,1000.000,125.000,300.000,-1,700.000,750.000,-1,-1,2,0,2,0,2,0,0,2,0,1,1,0,2,0,0,2,2
120,5976.841,-9240.592,40.271,-119.606,-0.496792,0.866913,0.040744,-0.866348,-0.492595,-0.082409,-0.051371,-0.076239,0.995765,0,0.76454,0.31519,45.872,0.630,-1,375.000,-1,400.000,-1,325.000,325.000,-1,300.000,-1,175.000,325.000,-1,700.000,750.000,-1,-1,2,0,2,0,2,0,0,2,0,2,0,0,2,0,0,2,2
121,5956.792,-9276.438,37.800,-119.216,-0.490818,0.870363,0.039582,-0.869720,-0.486741,-0.081667,-0.051813,-0.074509,0.995873,0,0.68454,0.19519,41.072,0.390,-1,375.000,-1,400.000,-1,325.000,325.000,-1,300.000,-1,200.000,375.000,-1,675.000,725.000,-1,-1,2,0,2,0,2,0,0,2,0,2,1,0,2,0,0,2,2
122,5938.925,-9308.787,35.696,-118.910,-0.486086,0.873090,0.037862,-0.872341,-0.482161,-0.080883,-0.052362,-0.072345,0.996004,0,0.61592,0.15307,36.955,0.306,-1,375.000,-1,400.000,-1,325.000,325.000,-1,300.000,-1,250.000,400.000,-1,675.000,725.000,-1,-1,2,0,2,0,2,0,0,2,0,2,0,0,2,0,0,2,2
123,5921.302,-9341.099,33.782,-118.605,-0.481357,0.875800,0.035642,-0.874909,-0.477604,-0.080177,-0.053196,-0.069778,0.996143,0,0.61342,0.15217,36.805,0.304,-1,375.000,1000.000,400.000,-1,325.000,325.000,-1,300.000,-1,300.000,450.000,-1,675.000,725.000,-1,-1,2,0,1,0,2,0,0,2,0,2,0,0,2,0,0,2,2
124,5903.916,-9373.380,32.301,-118.303,-0.476650,0.878432,0.034094,-0.877460,-0.473043,-0.079340,-0.053567,-0.067733,0.996264,0,0.61108,0.15118,36.665,0.302,-1,375.000,950.000,400.000,-1,325.000,325.000,-1,300.000,-1,350.000,500.000,-1,675.000,725.000,-1,-1,2,0,1,0,2,0,0,2,0,2,0,0,2,0,0,2,2
125,5886.760,-9405.636,30.968,-118.003,-0.471948,0.881049,0.031900,-0.879952,-0.468514,-0.078613,-0.054317,-0.065172,0.996395,0,0.60892,0.15010,36.535,0.300,-1,375.000,925.000,375.000,-1,325.000,325.000,-1,300.000,-1,450.000,600.000,-1,675.000,700.000,-1,975.000,2,0,1,0,2,0,0,2,0,2,0,0,2,0,0,2,1
126,5869.828,-9437.875,29.760,-117.705,-0.467250,0.883650,0.028995,-0.882382,-0.464020,-0.078022,-0.055490,-0.062040,0.996530,0,0.60692,0.14894,36.415,0.298,-1,375.000,900.000,375.000,-1,325.000,325.000,-1,300.000,-1,550.000,700.000,-1,675.000,700.000,-1,925.000,2,0,1,0,2,0,0,2,0,2,0,0,2,0,0,2,1
127,5853.112,-9470.104,28.676,-117.409,-0.462553,0.886228,0.025393,-0.884752,-0.459560,-0.077573,-0.057078,-0.058348,0.996663,0,0.60510,0.14769,36.306,0.295,-1,375.000,850.000,375.000,-1,325.000,325.000,-1,300.000,-1,700.000,825.000,-1,675.000,675.000,-1,875.000,2,0,1,0,2,0,0,2,0,2,0,0,2,0,1,2,1
128,5836.607,-9502.331,27.189,-117.117,-0.457926,0.888673,0.023763,-0.887137,-0.455082,-0.076737,-0.057380,-0.056221,0.996768,0,0.60346,0.14637,36.208,0.293,-1,375.000,825.000,375.000,-1,325.000,325.000,-1,300.000,-1,750.000,875.000,-1,675.000,650.000,-1,825.000,2,0,1,0,2,0,0,2,0,2,0,0,2,0,1,2,1
129,5820.306,-9534.563,25.189,-116.827,-0.453391,0.890971,0.024647,-0.889548,-0.450583,-0.075368,-0.056045,-0.056095,0.996851,0,0.60199,0.14497,36.119,0.290,-1,375.000,800.000,375.000,-1,325.000,325.000,-1,300.000,-1,725.000,850.000,-1,675.000,625.000,-1,775.000,2,0,1,0,2,0,0,2,0,2,0,0,2,0,1,2,1
130,5804.202,-9566.806,23.173,-116.540,-0.448889,0.893223,0.025533,-0.891913,-0.446117,-0.073961,-0.054673,-0.055974,0.996934,0,0.60069,0.14350,36.041,0.287,-1,375.000,750.000,375.000,-1,325.000,325.000,-1,300.000,-1,700.000,825.000,-1,675.000,575.000,-1,725.000,2,0,1,0,2,0,0,2,0,2,0,0,2,0,1,2,1
131,5786.462,-9602.397,20.927,-116.493,-0.448118,0.893580,0.026555,-0.892410,-0.445380,-0.072392,-0.052861,-0.056138,0.997023,0,0.66280,0.02350,39.768,0.047,-1,375.000,725.000,375.000,950.000,325.000,325.000,-1,300.000,-1,675.000,775.000,-1,675.000,550.000,-1,675.000,2,0,1,0,1,0,0,2,0,2,0,0,2,0,1,2,1
