step_idx	elapsed_s	sensor_idx	sensor_label	raw_cm	mask_hit	sensor_world_x_cm	sensor_world_y_cm	sensor_cell_x	sensor_cell_y	rover_x_cm	rover_y_cm	rover_heading_deg
0	0.000	0	front_left_wheel_hub_yaw_p30	0.000	0	-1246.129	-1056.655	98	100	-950.000	-870.020	167.800
1	0.352	0	front_left_wheel_hub_yaw_p30	0.000	0	-1246.129	-1056.655	98	100	-950.000	-870.020	167.800
2	0.633	0	front_left_wheel_hub_yaw_p30	0.000	0	-1246.129	-1056.655	98	100	-950.000	-870.020	167.800
3	0.913	0	front_left_wheel_hub_yaw_p30	0.000	0	-1246.129	-1056.655	98	100	-950.000	-870.020	167.800
4	1.200	0	front_left_wheel_hub_yaw_p30	0.000	0	-1246.129	-1056.655	98	100	-950.000	-870.020	167.800
5	1.480	0	front_left_wheel_hub_yaw_p30	0.000	0	-1246.129	-1056.655	98	100	-950.000	-870.020	167.800
6	1.788	0	front_left_wheel_hub_yaw_p30	0.000	0	-1246.129	-1056.655	98	100	-950.000	-870.020	167.800
7	2.065	0	front_left_wheel_hub_yaw_p30	0.000	0	-1246.129	-1056.655	98	100	-950.000	-870.020	167.800
8	2.358	0	front_left_wheel_hub_yaw_p30	0.000	0	-1255.485	-1057.688	97	100	-960.010	-870.020	168.000
9	2.632	0	front_left_wheel_hub_yaw_p30	0.000	0	-1255.485	-1057.688	97	100	-960.010	-870.020	168.000
10	2.914	0	front_left_wheel_hub_yaw_p30	0.000	0	-1255.485	-1057.688	97	100	-960.010	-870.020	168.000
11	3.184	0	front_left_wheel_hub_yaw_p30	0.000	0	-1253.504	-1060.772	97	100	-960.010	-870.020	168.600
12	3.454	0	front_left_wheel_hub_yaw_p30	0.000	0	-1253.504	-1060.772	97	100	-960.010	-870.020	168.600
13	3.738	0	front_left_wheel_hub_yaw_p30	0.000	0	-1253.504	-1060.772	97	100	-960.010	-870.020	168.600
14	4.022	0	front_left_wheel_hub_yaw_p30	0.000	0	-1253.504	-1060.772	97	100	-960.010	-870.020	168.600
15	4.298	0	front_left_wheel_hub_yaw_p30	0.000	0	-1260.481	-1065.358	97	100	-970.020	-870.020	169.500
16	4.567	0	front_left_wheel_hub_yaw_p30	0.000	0	-1260.481	-1065.358	97	100	-970.020	-870.020	169.500
17	4.887	0	front_left_wheel_hub_yaw_p30	0.000	0	-1260.481	-1065.358	97	100	-970.020	-870.020	169.500
18	5.158	0	front_left_wheel_hub_yaw_p30	0.000	0	-1265.984	-1071.898	97	99	-980.029	-870.020	170.800
19	5.438	0	front_left_wheel_hub_yaw_p30	0.000	0	-1265.984	-1071.898	97	99	-980.029	-870.020	170.800
20	5.711	0	front_left_wheel_hub_yaw_p30	0.000	0	-1265.984	-1071.898	97	99	-980.029	-870.020	170.800
21	5.983	0	front_left_wheel_hub_yaw_p30	0.000	0	-1265.984	-1071.898	97	99	-980.029	-870.020	170.800
22	6.251	0	front_left_wheel_hub_yaw_p30	0.000	1	-1270.563	-1079.314	97	99	-989.990	-870.020	172.300
23	6.563	0	front_left_wheel_hub_yaw_p30	0.000	1	-1270.563	-1079.314	97	99	-989.990	-870.020	172.300
24	6.841	0	front_left_wheel_hub_yaw_p30	0.000	1	-1270.563	-1079.314	97	99	-989.990	-870.020	172.300
25	7.112	0	front_left_wheel_hub_yaw_p30	0.000	1	-1270.563	-1079.314	97	99	-989.990	-870.020	172.300
26	7.399	0	front_left_wheel_hub_yaw_p30	0.000	1	-1273.860	-1088.024	97	99	-1000.000	-870.020	174.100
27	7.676	0	front_left_wheel_hub_yaw_p30	0.000	1	-1273.860	-1088.024	97	99	-1000.000	-870.020	174.100
28	7.962	0	front_left_wheel_hub_yaw_p30	0.000	1	-1273.860	-1088.024	97	99	-1000.000	-870.020	174.100
29	8.234	0	front_left_wheel_hub_yaw_p30	0.000	1	-1293.499	-1088.501	97	99	-1020.020	-870.020	174.200
30	8.520	0	front_left_wheel_hub_yaw_p30	0.000	1	-1293.499	-1088.501	97	99	-1020.020	-870.020	174.200
31	8.837	0	front_left_wheel_hub_yaw_p30	0.000	1	-1293.499	-1088.501	97	99	-1020.020	-870.020	174.200
32	9.126	0	front_left_wheel_hub_yaw_p30	0.000	1	-1307.280	-1083.695	96	99	-1030.029	-870.020	173.200
33	9.443	0	front_left_wheel_hub_yaw_p30	0.000	1	-1307.280	-1083.695	96	99	-1030.029	-870.020	173.200
34	9.715	0	front_left_wheel_hub_yaw_p30	0.000	1	-1307.280	-1083.695	96	99	-1030.029	-870.020	173.200
35	9.989	0	front_left_wheel_hub_yaw_p30	0.000	1	-1307.280	-1083.695	96	99	-1030.029	-870.020	173.200
36	10.257	0	front_left_wheel_hub_yaw_p30	0.000	1	-1310.602	-1079.314	96	99	-1030.029	-870.020	172.300
37	10.534	0	front_left_wheel_hub_yaw_p30	0.000	1	-1310.602	-1079.314	96	99	-1030.029	-870.020	172.300
38	10.801	0	front_left_wheel_hub_yaw_p30	0.000	1	-1310.602	-1079.314	96	99	-1030.029	-870.020	172.300
39	11.074	0	front_left_wheel_hub_yaw_p30	0.000	1	-1310.602	-1079.314	96	99	-1030.029	-870.020	172.300
40	11.356	0	front_left_wheel_hub_yaw_p30	0.000	1	-1322.378	-1076.857	96	99	-1039.990	-870.020	171.800
41	11.635	0	front_left_wheel_hub_yaw_p30	0.000	1	-1322.378	-1076.857	96	99	-1039.990	-870.020	171.800
42	11.908	0	front_left_wheel_hub_yaw_p30	0.000	1	-1322.378	-1076.857	96	99	-1039.990	-870.020	171.800
43	12.267	0	front_left_wheel_hub_yaw_p30	0.000	1	-1323.099	-1065.812	96	100	-1039.990	-859.961	171.600
44	12.538	0	front_left_wheel_hub_yaw_p30	0.000	1	-1323.099	-1065.812	96	100	-1039.990	-859.961	171.600
45	12.810	0	front_left_wheel_hub_yaw_p30	0.000	1	-1323.099	-1065.812	96	100	-1039.990	-859.961	171.600
46	13.077	0	front_left_wheel_hub_yaw_p30	0.000	1	-1323.099	-1065.812	96	100	-1039.990	-859.961	171.600
47	13.350	0	front_left_wheel_hub_yaw_p30	0.000	1	-1322.017	-1077.350	96	99	-1039.990	-870.020	171.900
48	13.624	0	front_left_wheel_hub_yaw_p30	0.000	1	-1322.017	-1077.350	96	99	-1039.990	-870.020	171.900
49	13.897	0	front_left_wheel_hub_yaw_p30	0.000	1	-1322.017	-1077.350	96	99	-1039.990	-870.020	171.900
50	14.168	0	front_left_wheel_hub_yaw_p30	0.000	1	-1322.017	-1077.350	96	99	-1039.990	-870.020	171.900
51	14.445	0	front_left_wheel_hub_yaw_p30	0.000	1	-1310.236	-1079.803	96	99	-1030.029	-870.020	172.400
52	14.719	0	front_left_wheel_hub_yaw_p30	0.000	1	-1310.236	-1079.803	96	99	-1030.029	-870.020	172.400
53	14.995	0	front_left_wheel_hub_yaw_p30	0.000	1	-1310.236	-1079.803	96	99	-1030.029	-870.020	172.400
54	15.271	0	front_left_wheel_hub_yaw_p30	0.000	1	-1306.906	-1084.179	96	99	-1030.029	-870.020	173.300
55	15.544	0	front_left_wheel_hub_yaw_p30	0.000	1	-1306.906	-1084.179	96	99	-1030.029	-870.020	173.300
56	15.829	0	front_left_wheel_hub_yaw_p30	0.000	1	-1306.906	-1084.179	96	99	-1030.029	-870.020	173.300
57	16.162	0	front_left_wheel_hub_yaw_p30	0.000	1	-1293.499	-1088.501	97	99	-1020.020	-870.020	174.200
58	16.527	0	front_left_wheel_hub_yaw_p30	0.000	1	-1293.499	-1088.501	97	99	-1020.020	-870.020	174.200
59	16.834	0	front_left_wheel_hub_yaw_p30	0.000	1	-1293.499	-1088.501	97	99	-1020.020	-870.020	174.200
60	17.117	0	front_left_wheel_hub_yaw_p30	0.000	1	-1280.023	-1102.731	97	99	-1010.010	-879.980	175.100
61	17.537	0	front_left_wheel_hub_yaw_p30	0.000	1	-1280.023	-1102.731	97	99	-1010.010	-879.980	175.100
62	17.822	0	front_left_wheel_hub_yaw_p30	0.000	1	-1280.023	-1102.731	97	99	-1010.010	-879.980	175.100
63	18.094	0	front_left_wheel_hub_yaw_p30	0.000	1	-1280.023	-1102.731	97	99	-1010.010	-879.980	175.100
64	18.370	0	front_left_wheel_hub_yaw_p30	0.000	1	-1262.321	-1099.891	97	99	-989.990	-879.980	174.500
65	18.722	0	front_left_wheel_hub_yaw_p30	0.000	1	-1262.321	-1099.891	97	99	-989.990	-879.980	174.500
66	19.063	0	front_left_wheel_hub_yaw_p30	0.000	1	-1262.321	-1099.891	97	99	-989.990	-879.980	174.500
67	19.341	0	front_left_wheel_hub_yaw_p30	0.000	1	-1259.134	-1081.267	97	99	-980.029	-870.020	172.700
68	19.611	0	front_left_wheel_hub_yaw_p30	0.000	1	-1259.134	-1081.267	97	99	-980.029	-870.020	172.700
69	19.881	0	front_left_wheel_hub_yaw_p30	0.000	1	-1259.134	-1081.267	97	99	-980.029	-870.020	172.700
70	20.152	0	front_left_wheel_hub_yaw_p30	0.000	0	-1247.018	-1070.398	98	99	-960.010	-870.020	170.500
71	20.527	0	front_left_wheel_hub_yaw_p30	0.000	0	-1247.018	-1070.398	98	99	-960.010	-870.020	170.500
72	20.857	0	front_left_wheel_hub_yaw_p30	0.000	0	-1247.018	-1070.398	98	99	-960.010	-870.020	170.500
73	21.135	0	front_left_wheel_hub_yaw_p30	0.000	0	-1247.018	-1070.398	98	99	-960.010	-870.020	170.500
74	21.411	0	front_left_wheel_hub_yaw_p30	0.000	0	-1245.147	-1058.203	98	100	-950.000	-870.020	168.100
75	21.752	0	front_left_wheel_hub_yaw_p30	0.000	0	-1245.147	-1058.203	98	100	-950.000	-870.020	168.100
76	22.075	0	front_left_wheel_hub_yaw_p30	0.000	0	-1245.147	-1058.203	98	100	-950.000	-870.020	168.100
77	22.375	0	front_left_wheel_hub_yaw_p30	0.000	0	-1224.518	-1059.232	98	100	-930.029	-870.020	168.300
78	22.648	0	front_left_wheel_hub_yaw_p30	0.000	0	-1224.518	-1059.232	98	100	-930.029	-870.020	168.300
79	22.985	0	front_left_wheel_hub_yaw_p30	0.000	0	-1224.518	-1059.232	98	100	-930.029	-870.020	168.300
80	23.281	0	front_left_wheel_hub_yaw_p30	0.000	0	-1224.187	-1059.746	98	100	-930.029	-870.020	168.400
81	23.575	0	front_left_wheel_hub_yaw_p30	0.000	0	-1224.187	-1059.746	98	100	-930.029	-870.020	168.400
82	23.854	0	front_left_wheel_hub_yaw_p30	0.000	0	-1224.187	-1059.746	98	100	-930.029	-870.020	168.400
83	24.125	0	front_left_wheel_hub_yaw_p30	0.000	1	-1214.177	-1059.746	98	100	-920.020	-870.020	168.400
84	24.402	0	front_left_wheel_hub_yaw_p30	0.000	1	-1214.177	-1059.746	98	100	-920.020	-870.020	168.400
85	24.762	0	front_left_wheel_hub_yaw_p30	0.000	1	-1214.177	-1059.746	98	100	-920.020	-870.020	168.400
86	25.037	0	front_left_wheel_hub_yaw_p30	0.000	1	-1214.177	-1059.746	98	100	-920.020	-870.020	168.400
87	25.315	0	front_left_wheel_hub_yaw_p30	0.000	1	-1213.846	-1060.259	98	100	-920.020	-870.020	168.500
88	25.591	0	front_left_wheel_hub_yaw_p30	0.000	1	-1213.846	-1060.259	98	100	-920.020	-870.020	168.500
89	25.865	0	front_left_wheel_hub_yaw_p30	0.000	1	-1213.846	-1060.259	98	100	-920.020	-870.020	168.500
90	26.141	0	front_left_wheel_hub_yaw_p30	0.000	1	-1213.846	-1060.259	98	100	-920.020	-870.020	168.500
91	26.451	0	front_left_wheel_hub_yaw_p30	0.000	1	-1213.846	-1060.259	98	100	-920.020	-870.020	168.500
92	26.762	0	front_left_wheel_hub_yaw_p30	0.000	1	-1213.846	-1060.259	98	100	-920.020	-870.020	168.500
93	27.038	0	front_left_wheel_hub_yaw_p30	0.000	1	-1213.846	-1060.259	98	100	-920.020	-870.020	168.500
94	27.313	0	front_left_wheel_hub_yaw_p30	0.000	1	-1213.846	-1060.259	98	100	-920.020	-870.020	168.500
95	27.602	0	front_left_wheel_hub_yaw_p30	0.000	1	-1213.846	-1060.259	98	100	-920.020	-870.020	168.500
96	27.924	0	front_left_wheel_hub_yaw_p30	0.000	1	-1213.846	-1060.259	98	100	-920.020	-870.020	168.500
97	28.210	0	front_left_wheel_hub_yaw_p30	0.000	1	-1213.846	-1060.259	98	100	-920.020	-870.020	168.500
98	28.485	0	front_left_wheel_hub_yaw_p30	0.000	1	-1213.846	-1060.259	98	100	-920.020	-870.020	168.500
99	28.781	0	front_left_wheel_hub_yaw_p30	0.000	1	-1213.846	-1060.259	98	100	-920.020	-870.020	168.500
100	29.055	0	front_left_wheel_hub_yaw_p30	0.000	1	-1213.846	-1060.259	98	100	-920.020	-870.020	168.500
101	29.344	0	front_left_wheel_hub_yaw_p30	0.000	1	-1213.846	-1060.259	98	100	-920.020	-870.020	168.500
102	29.622	0	front_left_wheel_hub_yaw_p30	0.000	1	-1213.846	-1060.259	98	100	-920.020	-870.020	168.500
103	29.898	0	front_left_wheel_hub_yaw_p30	0.000	1	-1213.846	-1060.259	98	100	-920.020	-870.020	168.500
104	30.173	0	front_left_wheel_hub_yaw_p30	0.000	1	-1213.846	-1060.259	98	100	-920.020	-870.020	168.500
105	30.445	0	front_left_wheel_hub_yaw_p30	0.000	1	-1213.846	-1060.259	98	100	-920.020	-870.020	168.500
106	30.714	0	front_left_wheel_hub_yaw_p30	0.000	1	-1213.846	-1060.259	98	100	-920.020	-870.020	168.500
107	30.984	0	front_left_wheel_hub_yaw_p30	0.000	1	-1213.846	-1060.259	98	100	-920.020	-870.020	168.500
108	31.255	0	front_left_wheel_hub_yaw_p30	0.000	1	-1213.846	-1060.259	98	100	-920.020	-870.020	168.500
109	31.721	0	front_left_wheel_hub_yaw_p30	0.000	1	-1213.846	-1060.259	98	100	-920.020	-870.020	168.500
110	32.048	0	front_left_wheel_hub_yaw_p30	0.000	1	-1213.846	-1060.259	98	100	-920.020	-870.020	168.500
111	32.391	0	front_left_wheel_hub_yaw_p30	0.000	1	-1203.836	-1060.259	98	100	-910.010	-870.020	168.500
112	32.669	0	front_left_wheel_hub_yaw_p30	0.000	1	-1203.836	-1060.259	98	100	-910.010	-870.020	168.500
113	32.946	0	front_left_wheel_hub_yaw_p30	0.000	1	-1203.836	-1060.259	98	100	-910.010	-870.020	168.500
114	33.235	0	front_left_wheel_hub_yaw_p30	0.000	1	-1193.826	-1070.220	99	99	-900.000	-879.980	168.500
115	33.510	0	front_left_wheel_hub_yaw_p30	0.000	1	-1193.826	-1070.220	99	99	-900.000	-879.980	168.500
116	33.781	0	front_left_wheel_hub_yaw_p30	0.000	1	-1193.826	-1070.220	99	99	-900.000	-879.980	168.500
117	34.055	0	front_left_wheel_hub_yaw_p30	0.000	1	-1193.826	-1070.220	99	99	-900.000	-879.980	168.500
118	34.330	0	front_left_wheel_hub_yaw_p30	0.000	1	-1173.523	-1070.733	99	99	-880.029	-879.980	168.600
119	34.639	0	front_left_wheel_hub_yaw_p30	0.000	1	-1173.523	-1070.733	99	99	-880.029	-879.980	168.600
120	34.951	0	front_left_wheel_hub_yaw_p30	0.000	1	-1173.523	-1070.733	99	99	-880.029	-879.980	168.600
121	35.271	0	front_left_wheel_hub_yaw_p30	0.000	1	-1132.816	-1081.717	100	99	-839.990	-889.942	168.800
122	35.638	0	front_left_wheel_hub_yaw_p30	0.000	1	-1132.816	-1081.717	100	99	-839.990	-889.942	168.800
123	35.923	0	front_left_wheel_hub_yaw_p30	0.000	1	-1132.816	-1081.717	100	99	-839.990	-889.942	168.800
124	36.197	0	front_left_wheel_hub_yaw_p30	0.000	1	-1132.816	-1081.717	100	99	-839.990	-889.942	168.800
125	36.487	0	front_left_wheel_hub_yaw_p30	0.000	1	-1080.792	-1094.831	101	99	-789.990	-900.000	169.400
126	36.763	0	front_left_wheel_hub_yaw_p30	0.000	1	-1080.792	-1094.831	101	99	-789.990	-900.000	169.400
127	37.052	0	front_left_wheel_hub_yaw_p30	0.000	1	-1080.792	-1094.831	101	99	-789.990	-900.000	169.400
128	37.342	0	front_left_wheel_hub_yaw_p30	0.000	1	-1032.145	-1102.757	102	99	-739.990	-909.961	169.000
129	37.659	0	front_left_wheel_hub_yaw_p30	0.000	1	-1032.145	-1102.757	102	99	-739.990	-909.961	169.000
130	37.942	0	front_left_wheel_hub_yaw_p30	0.000	1	-1032.145	-1102.757	102	99	-739.990	-909.961	169.000
131	38.217	0	front_left_wheel_hub_yaw_p30	0.000	0	-965.822	-1107.172	103	99	-670.020	-920.020	167.900
132	38.491	0	front_left_wheel_hub_yaw_p30	0.000	0	-965.822	-1107.172	103	99	-670.020	-920.020	167.900
133	38.772	0	front_left_wheel_hub_yaw_p30	0.000	0	-965.822	-1107.172	103	99	-670.020	-920.020	167.900
134	39.081	0	front_left_wheel_hub_yaw_p30	0.000	0	-965.822	-1107.172	103	99	-670.020	-920.020	167.900
135	39.372	0	front_left_wheel_hub_yaw_p30	0.000	0	-899.657	-1110.897	105	99	-600.000	-929.980	166.700
136	44.656	0	front_left_wheel_hub_yaw_p30	0.000	0	-690.172	-1142.266	109	98	-380.029	-979.980	163.200
137	44.999	0	front_left_wheel_hub_yaw_p30	0.000	0	-690.172	-1142.266	109	98	-380.029	-979.980	163.200
138	45.310	0	front_left_wheel_hub_yaw_p30	0.000	0	-690.172	-1142.266	109	98	-380.029	-979.980	163.200
139	45.624	0	front_left_wheel_hub_yaw_p30	0.000	1	-690.172	-1142.266	109	98	-380.029	-979.980	163.200
140	45.956	0	front_left_wheel_hub_yaw_p30	0.000	1	-690.172	-1142.266	109	98	-380.029	-979.980	163.200
141	46.239	0	front_left_wheel_hub_yaw_p30	0.000	1	-690.455	-1141.724	109	98	-380.029	-979.980	163.100
142	46.549	0	front_left_wheel_hub_yaw_p30	0.000	1	-690.455	-1141.724	109	98	-380.029	-979.980	163.100
143	46.830	0	front_left_wheel_hub_yaw_p30	0.000	1	-690.455	-1141.724	109	98	-380.029	-979.980	163.100
144	47.253	0	front_left_wheel_hub_yaw_p30	0.000	0	-689.888	-1142.807	109	98	-380.029	-979.980	163.300
145	47.595	0	front_left_wheel_hub_yaw_p30	0.000	0	-689.888	-1142.807	109	98	-380.029	-979.980	163.300
146	47.869	0	front_left_wheel_hub_yaw_p30	0.000	0	-689.888	-1142.807	109	98	-380.029	-979.980	163.300
147	48.143	0	front_left_wheel_hub_yaw_p30	0.000	0	-688.456	-1145.505	109	98	-380.029	-979.980	163.800
148	48.418	0	front_left_wheel_hub_yaw_p30	0.000	0	-688.456	-1145.505	109	98	-380.029	-979.980	163.800
149	48.728	0	front_left_wheel_hub_yaw_p30	0.000	0	-688.456	-1145.505	109	98	-380.029	-979.980	163.800
150	49.004	0	front_left_wheel_hub_yaw_p30	0.000	0	-688.456	-1145.505	109	98	-380.029	-979.980	163.800
151	49.282	0	front_left_wheel_hub_yaw_p30	0.000	0	-676.105	-1149.795	109	98	-370.020	-979.980	164.600
152	49.588	0	front_left_wheel_hub_yaw_p30	0.000	0	-676.105	-1149.795	109	98	-370.020	-979.980	164.600
153	49.872	0	front_left_wheel_hub_yaw_p30	0.000	0	-676.105	-1149.795	109	98	-370.020	-979.980	164.600
154	50.149	0	front_left_wheel_hub_yaw_p30	0.000	0	-672.788	-1165.601	109	98	-370.020	-989.942	165.700
155	50.449	0	front_left_wheel_hub_yaw_p30	0.000	0	-672.788	-1165.601	109	98	-370.020	-989.942	165.700
156	50.722	0	front_left_wheel_hub_yaw_p30	0.000	0	-672.788	-1165.601	109	98	-370.020	-989.942	165.700
157	50.993	0	front_left_wheel_hub_yaw_p30	0.000	0	-672.788	-1165.601	109	98	-370.020	-989.942	165.700
158	51.267	0	front_left_wheel_hub_yaw_p30	0.000	0	-657.756	-1173.986	109	97	-360.010	-989.942	167.300
159	51.568	0	front_left_wheel_hub_yaw_p30	0.000	0	-657.756	-1173.986	109	97	-360.010	-989.942	167.300
160	51.851	0	front_left_wheel_hub_yaw_p30	0.000	0	-657.756	-1173.986	109	97	-360.010	-989.942	167.300
161	52.173	0	front_left_wheel_hub_yaw_p30	0.000	0	-631.808	-1193.306	110	97	-339.990	-1000.000	169.100
162	52.507	0	front_left_wheel_hub_yaw_p30	0.000	0	-631.808	-1193.306	110	97	-339.990	-1000.000	169.100
163	52.831	0	front_left_wheel_hub_yaw_p30	0.000	0	-631.808	-1193.306	110	97	-339.990	-1000.000	169.100
164	53.114	0	front_left_wheel_hub_yaw_p30	0.000	1	-615.631	-1212.338	110	97	-330.029	-1009.961	170.900
165	53.435	0	front_left_wheel_hub_yaw_p30	0.000	1	-615.631	-1212.338	110	97	-330.029	-1009.961	170.900
166	53.751	0	front_left_wheel_hub_yaw_p30	0.000	1	-615.631	-1212.338	110	97	-330.029	-1009.961	170.900
167	54.031	0	front_left_wheel_hub_yaw_p30	0.000	1	-615.631	-1212.338	110	97	-330.029	-1009.961	170.900
168	54.304	0	front_left_wheel_hub_yaw_p30	0.000	1	-586.138	-1235.144	111	96	-310.010	-1020.020	173.500
169	54.655	0	front_left_wheel_hub_yaw_p30	0.000	1	-586.138	-1235.144	111	96	-310.010	-1020.020	173.500
170	55.000	0	front_left_wheel_hub_yaw_p30	0.000	1	-586.138	-1235.144	111	96	-310.010	-1020.020	173.500
171	55.400	0	front_left_wheel_hub_yaw_p30	0.000	1	-556.472	-1256.945	111	96	-289.990	-1029.980	176.000
172	55.833	0	front_left_wheel_hub_yaw_p30	0.000	1	-556.472	-1256.945	111	96	-289.990	-1029.980	176.000
173	56.225	0	front_left_wheel_hub_yaw_p30	0.000	0	-525.514	-1269.246	112	96	-270.020	-1029.980	178.700
174	56.504	0	front_left_wheel_hub_yaw_p30	0.000	0	-525.514	-1269.246	112	96	-270.020	-1029.980	178.700
175	56.788	0	front_left_wheel_hub_yaw_p30	0.000	0	-525.514	-1269.246	112	96	-270.020	-1029.980	178.700
176	57.074	0	front_left_wheel_hub_yaw_p30	0.000	0	-525.514	-1269.246	112	96	-270.020	-1029.980	178.700
177	57.363	0	front_left_wheel_hub_yaw_p30	0.000	0	-494.377	-1290.550	113	95	-250.000	-1039.942	-178.700
178	57.649	0	front_left_wheel_hub_yaw_p30	0.000	0	-494.377	-1290.550	113	95	-250.000	-1039.942	-178.700
179	57.931	0	front_left_wheel_hub_yaw_p30	0.000	0	-494.377	-1290.550	113	95	-250.000	-1039.942	-178.700
180	58.206	0	front_left_wheel_hub_yaw_p30	0.000	0	-494.377	-1290.550	113	95	-250.000	-1039.942	-178.700
187	60.190	0	front_left_wheel_hub_yaw_p30	0.000	0	-366.156	-1349.885	115	94	-170.020	-1059.961	-168.500
188	60.465	0	front_left_wheel_hub_yaw_p30	0.000	0	-366.156	-1349.885	115	94	-170.020	-1059.961	-168.500
189	60.778	0	front_left_wheel_hub_yaw_p30	0.000	0	-366.156	-1349.885	115	94	-170.020	-1059.961	-168.500
190	61.059	0	front_left_wheel_hub_yaw_p30	0.000	0	-366.156	-1349.885	115	94	-170.020	-1059.961	-168.500
191	61.393	0	front_left_wheel_hub_yaw_p30	0.000	0	-342.069	-1352.595	116	94	-150.000	-1059.961	-167.700
192	61.682	0	front_left_wheel_hub_yaw_p30	0.000	0	-342.069	-1352.595	116	94	-150.000	-1059.961	-167.700
193	62.037	0	front_left_wheel_hub_yaw_p30	0.000	0	-342.069	-1352.595	116	94	-150.000	-1059.961	-167.700
197	63.241	0	front_left_wheel_hub_yaw_p30	0.000	0	-322.995	-1317.723	116	95	-110.010	-1039.942	-171.900
198	63.550	0	front_left_wheel_hub_yaw_p30	0.000	0	-322.995	-1317.723	116	95	-110.010	-1039.942	-171.900
199	63.834	0	front_left_wheel_hub_yaw_p30	0.000	0	-322.995	-1317.723	116	95	-110.010	-1039.942	-171.900
200	64.146	0	front_left_wheel_hub_yaw_p30	0.000	0	-313.011	-1299.770	116	95	-89.990	-1029.980	-174.000
201	64.520	0	front_left_wheel_hub_yaw_p30	0.000	0	-313.011	-1299.770	116	95	-89.990	-1029.980	-174.000
202	64.830	0	front_left_wheel_hub_yaw_p30	0.000	0	-313.011	-1299.770	116	95	-89.990	-1029.980	-174.000
203	65.114	0	front_left_wheel_hub_yaw_p30	0.000	0	-313.011	-1299.770	116	95	-89.990	-1029.980	-174.000
204	65.397	0	front_left_wheel_hub_yaw_p30	0.000	0	-311.415	-1292.632	116	95	-80.029	-1029.980	-175.800
205	65.670	0	front_left_wheel_hub_yaw_p30	0.000	0	-311.415	-1292.632	116	95	-80.029	-1029.980	-175.800
206	65.944	0	front_left_wheel_hub_yaw_p30	0.000	0	-311.415	-1292.632	116	95	-80.029	-1029.980	-175.800
207	66.226	0	front_left_wheel_hub_yaw_p30	0.000	0	-306.855	-1277.768	116	95	-70.020	-1020.020	-177.000
208	66.500	0	front_left_wheel_hub_yaw_p30	0.000	0	-306.855	-1277.768	116	95	-70.020	-1020.020	-177.000
209	66.774	0	front_left_wheel_hub_yaw_p30	0.000	0	-306.855	-1277.768	116	95	-70.020	-1020.020	-177.000
210	67.053	0	front_left_wheel_hub_yaw_p30	0.000	0	-306.855	-1277.768	116	95	-70.020	-1020.020	-177.000
211	67.327	0	front_left_wheel_hub_yaw_p30	0.000	0	-301.307	-1273.595	116	95	-60.010	-1020.020	-178.000
212	67.601	0	front_left_wheel_hub_yaw_p30	0.000	0	-301.307	-1273.595	116	95	-60.010	-1020.020	-178.000
213	67.879	0	front_left_wheel_hub_yaw_p30	0.000	0	-301.307	-1273.595	116	95	-60.010	-1020.020	-178.000
214	68.156	0	front_left_wheel_hub_yaw_p30	0.000	0	-303.511	-1271.480	116	95	-60.010	-1020.020	-178.500
215	68.429	0	front_left_wheel_hub_yaw_p30	0.000	0	-303.511	-1271.480	116	95	-60.010	-1020.020	-178.500
216	68.703	0	front_left_wheel_hub_yaw_p30	0.000	0	-303.511	-1271.480	116	95	-60.010	-1020.020	-178.500
217	69.020	0	front_left_wheel_hub_yaw_p30	0.000	0	-303.511	-1271.480	116	95	-60.010	-1020.020	-178.500
218	69.333	0	front_left_wheel_hub_yaw_p30	0.000	0	-304.387	-1270.628	116	95	-60.010	-1020.020	-178.700
219	69.648	0	front_left_wheel_hub_yaw_p30	0.000	0	-304.387	-1270.628	116	95	-60.010	-1020.020	-178.700
220	69.942	0	front_left_wheel_hub_yaw_p30	0.000	0	-304.387	-1270.628	116	95	-60.010	-1020.020	-178.700
221	70.276	0	front_left_wheel_hub_yaw_p30	0.000	0	-303.949	-1271.054	116	95	-60.010	-1020.020	-178.600
222	70.562	0	front_left_wheel_hub_yaw_p30	0.000	0	-303.949	-1271.054	116	95	-60.010	-1020.020	-178.600
223	70.837	0	front_left_wheel_hub_yaw_p30	0.000	0	-303.949	-1271.054	116	95	-60.010	-1020.020	-178.600
224	71.131	0	front_left_wheel_hub_yaw_p30	0.000	0	-301.307	-1273.595	116	95	-60.010	-1020.020	-178.000
225	71.407	0	front_left_wheel_hub_yaw_p30	0.000	0	-301.307	-1273.595	116	95	-60.010	-1020.020	-178.000
226	71.682	0	front_left_wheel_hub_yaw_p30	0.000	0	-301.307	-1273.595	116	95	-60.010	-1020.020	-178.000
227	71.957	0	front_left_wheel_hub_yaw_p30	0.000	0	-301.307	-1273.595	116	95	-60.010	-1020.020	-178.000
228	72.230	0	front_left_wheel_hub_yaw_p30	0.000	0	-307.753	-1276.939	116	95	-70.020	-1020.020	-177.200
229	72.507	0	front_left_wheel_hub_yaw_p30	0.000	0	-307.753	-1276.939	116	95	-70.020	-1020.020	-177.200
230	72.842	0	front_left_wheel_hub_yaw_p30	0.000	0	-307.753	-1276.939	116	95	-70.020	-1020.020	-177.200
231	73.186	0	front_left_wheel_hub_yaw_p30	0.000	0	-312.330	-1281.862	116	95	-80.029	-1020.020	-176.000
232	73.496	0	front_left_wheel_hub_yaw_p30	0.000	0	-312.330	-1281.862	116	95	-80.029	-1020.020	-176.000
233	73.795	0	front_left_wheel_hub_yaw_p30	0.000	0	-312.330	-1281.862	116	95	-80.029	-1020.020	-176.000
234	74.118	0	front_left_wheel_hub_yaw_p30	0.000	0	-312.330	-1281.862	116	95	-80.029	-1020.020	-176.000
238	75.233	0	front_left_wheel_hub_yaw_p30	0.000	0	-318.279	-1303.622	116	95	-100.000	-1029.980	-173.000
239	75.513	0	front_left_wheel_hub_yaw_p30	0.000	0	-318.279	-1303.622	116	95	-100.000	-1029.980	-173.000
240	75.821	0	front_left_wheel_hub_yaw_p30	0.000	0	-318.279	-1303.622	116	95	-100.000	-1029.980	-173.000
241	76.151	0	front_left_wheel_hub_yaw_p30	0.000	0	-318.279	-1303.622	116	95	-100.000	-1029.980	-173.000
248	78.203	0	front_left_wheel_hub_yaw_p30	0.000	0	-335.898	-1356.553	116	94	-150.000	-1059.961	-166.500
249	78.479	0	front_left_wheel_hub_yaw_p30	0.000	0	-335.898	-1356.553	116	94	-150.000	-1059.961	-166.500
250	78.755	0	front_left_wheel_hub_yaw_p30	0.000	0	-335.898	-1356.553	116	94	-150.000	-1059.961	-166.500
251	79.053	0	front_left_wheel_hub_yaw_p30	0.000	0	-335.898	-1356.553	116	94	-150.000	-1059.961	-166.500
252	79.329	0	front_left_wheel_hub_yaw_p30	0.000	0	-331.730	-1375.039	116	93	-160.010	-1070.020	-163.800
253	79.638	0	front_left_wheel_hub_yaw_p30	0.000	0	-331.730	-1375.039	116	93	-160.010	-1070.020	-163.800
254	79.921	0	front_left_wheel_hub_yaw_p30	0.000	0	-331.730	-1375.039	116	93	-160.010	-1070.020	-163.800
255	80.201	0	front_left_wheel_hub_yaw_p30	0.000	0	-336.098	-1393.297	116	93	-180.029	-1079.980	-160.900
256	80.475	0	front_left_wheel_hub_yaw_p30	0.000	0	-336.098	-1393.297	116	93	-180.029	-1079.980	-160.900
257	80.765	0	front_left_wheel_hub_yaw_p30	0.000	0	-336.098	-1393.297	116	93	-180.029	-1079.980	-160.900
258	81.058	0	front_left_wheel_hub_yaw_p30	0.000	0	-336.098	-1393.297	116	93	-180.029	-1079.980	-160.900
259	81.344	0	front_left_wheel_hub_yaw_p30	0.000	0	-339.457	-1421.056	116	92	-200.000	-1100.000	-157.900
260	81.626	0	front_left_wheel_hub_yaw_p30	0.000	0	-339.457	-1421.056	116	92	-200.000	-1100.000	-157.900
261	81.972	0	front_left_wheel_hub_yaw_p30	0.000	0	-339.457	-1421.056	116	92	-200.000	-1100.000	-157.900
262	82.251	0	front_left_wheel_hub_yaw_p30	0.000	1	-340.191	-1448.781	116	92	-220.020	-1120.020	-154.500
263	82.558	0	front_left_wheel_hub_yaw_p30	0.000	1	-340.191	-1448.781	116	92	-220.020	-1120.020	-154.500
264	82.838	0	front_left_wheel_hub_yaw_p30	0.000	1	-340.191	-1448.781	116	92	-220.020	-1120.020	-154.500
265	83.114	0	front_left_wheel_hub_yaw_p30	0.000	1	-366.722	-1459.982	115	92	-250.000	-1129.980	-153.900
266	83.432	0	front_left_wheel_hub_yaw_p30	0.000	1	-366.722	-1459.982	115	92	-250.000	-1129.980	-153.900
267	83.739	0	front_left_wheel_hub_yaw_p30	0.000	1	-366.722	-1459.982	115	92	-250.000	-1129.980	-153.900
268	84.041	0	front_left_wheel_hub_yaw_p30	0.000	1	-366.722	-1459.982	115	92	-250.000	-1129.980	-153.900
269	84.312	0	front_left_wheel_hub_yaw_p30	0.000	1	-398.755	-1465.444	115	92	-270.020	-1139.942	-156.000
270	84.587	0	front_left_wheel_hub_yaw_p30	0.000	1	-398.755	-1465.444	115	92	-270.020	-1139.942	-156.000
271	84.867	0	front_left_wheel_hub_yaw_p30	0.000	1	-398.755	-1465.444	115	92	-270.020	-1139.942	-156.000
272	85.239	0	front_left_wheel_hub_yaw_p30	0.000	1	-432.244	-1459.768	114	92	-289.990	-1139.942	-158.400
273	85.526	0	front_left_wheel_hub_yaw_p30	0.000	1	-432.244	-1459.768	114	92	-289.990	-1139.942	-158.400
274	85.836	0	front_left_wheel_hub_yaw_p30	0.000	1	-432.244	-1459.768	114	92	-289.990	-1139.942	-158.400
275	86.126	0	front_left_wheel_hub_yaw_p30	0.000	1	-452.779	-1454.876	113	92	-300.000	-1139.942	-160.300
276	86.408	0	front_left_wheel_hub_yaw_p30	0.000	1	-452.779	-1454.876	113	92	-300.000	-1139.942	-160.300
277	86.697	0	front_left_wheel_hub_yaw_p30	0.000	1	-452.779	-1454.876	113	92	-300.000	-1139.942	-160.300
278	86.991	0	front_left_wheel_hub_yaw_p30	0.000	1	-452.779	-1454.876	113	92	-300.000	-1139.942	-160.300
279	87.277	0	front_left_wheel_hub_yaw_p30	0.000	1	-481.533	-1450.487	113	92	-320.020	-1139.942	-161.900
280	87.615	0	front_left_wheel_hub_yaw_p30	0.000	1	-481.533	-1450.487	113	92	-320.020	-1139.942	-161.900
281	87.935	0	front_left_wheel_hub_yaw_p30	0.000	1	-481.533	-1450.487	113	92	-320.020	-1139.942	-161.900
282	88.268	0	front_left_wheel_hub_yaw_p30	0.000	1	-499.082	-1446.448	113	92	-330.029	-1139.942	-163.300
283	88.569	0	front_left_wheel_hub_yaw_p30	0.000	1	-499.082	-1446.448	113	92	-330.029	-1139.942	-163.300
284	88.893	0	front_left_wheel_hub_yaw_p30	0.000	1	-499.082	-1446.448	113	92	-330.029	-1139.942	-163.300
285	89.171	0	front_left_wheel_hub_yaw_p30	0.000	1	-515.424	-1442.841	112	92	-339.990	-1139.942	-164.500
286	89.460	0	front_left_wheel_hub_yaw_p30	0.000	1	-515.424	-1442.841	112	92	-339.990	-1139.942	-164.500
287	89.735	0	front_left_wheel_hub_yaw_p30	0.000	1	-515.424	-1442.841	112	92	-339.990	-1139.942	-164.500
288	90.035	0	front_left_wheel_hub_yaw_p30	0.000	1	-515.424	-1442.841	112	92	-339.990	-1139.942	-164.500
289	90.311	0	front_left_wheel_hub_yaw_p30	0.000	0	-529.122	-1440.675	112	92	-350.000	-1139.942	-165.200
290	90.585	0	front_left_wheel_hub_yaw_p30	0.000	0	-529.122	-1440.675	112	92	-350.000	-1139.942	-165.200
291	90.867	0	front_left_wheel_hub_yaw_p30	0.000	0	-529.122	-1440.675	112	92	-350.000	-1139.942	-165.200
292	91.142	0	front_left_wheel_hub_yaw_p30	0.000	0	-529.122	-1440.675	112	92	-350.000	-1139.942	-165.200
293	91.476	0	front_left_wheel_hub_yaw_p30	0.000	0	-531.217	-1439.417	112	92	-350.000	-1139.942	-165.600
294	91.755	0	front_left_wheel_hub_yaw_p30	0.000	0	-531.217	-1439.417	112	92	-350.000	-1139.942	-165.600
295	92.036	0	front_left_wheel_hub_yaw_p30	0.000	0	-531.217	-1439.417	112	92	-350.000	-1139.942	-165.600
296	92.366	0	front_left_wheel_hub_yaw_p30	0.000	0	-531.739	-1439.100	112	92	-350.000	-1139.942	-165.700
297	92.675	0	front_left_wheel_hub_yaw_p30	0.000	0	-531.739	-1439.100	112	92	-350.000	-1139.942	-165.700
298	93.033	0	front_left_wheel_hub_yaw_p30	0.000	0	-531.739	-1439.100	112	92	-350.000	-1139.942	-165.700
299	93.347	0	front_left_wheel_hub_yaw_p30	0.000	0	-530.694	-1439.733	112	92	-350.000	-1139.942	-165.500
300	93.664	0	front_left_wheel_hub_yaw_p30	0.000	0	-530.694	-1439.733	112	92	-350.000	-1139.942	-165.500
301	93.980	0	front_left_wheel_hub_yaw_p30	0.000	0	-530.694	-1439.733	112	92	-350.000	-1139.942	-165.500
302	94.260	0	front_left_wheel_hub_yaw_p30	0.000	1	-517.535	-1441.608	112	92	-339.990	-1139.942	-164.900
303	94.540	0	front_left_wheel_hub_yaw_p30	0.000	1	-517.535	-1441.608	112	92	-339.990	-1139.942	-164.900
304	94.817	0	front_left_wheel_hub_yaw_p30	0.000	1	-517.535	-1441.608	112	92	-339.990	-1139.942	-164.900
305	95.091	0	front_left_wheel_hub_yaw_p30	0.000	1	-517.535	-1441.608	112	92	-339.990	-1139.942	-164.900
306	95.370	0	front_left_wheel_hub_yaw_p30	0.000	0	-513.306	-1444.058	112	92	-339.990	-1139.942	-164.100
307	95.644	0	front_left_wheel_hub_yaw_p30	0.000	0	-513.306	-1444.058	112	92	-339.990	-1139.942	-164.100
308	95.917	0	front_left_wheel_hub_yaw_p30	0.000	0	-513.306	-1444.058	112	92	-339.990	-1139.942	-164.100
309	96.191	0	front_left_wheel_hub_yaw_p30	0.000	0	-513.306	-1444.058	112	92	-339.990	-1139.942	-164.100
310	96.483	0	front_left_wheel_hub_yaw_p30	0.000	0	-496.938	-1447.621	113	92	-330.029	-1139.942	-162.900
311	96.758	0	front_left_wheel_hub_yaw_p30	0.000	0	-496.938	-1447.621	113	92	-330.029	-1139.942	-162.900
312	97.033	0	front_left_wheel_hub_yaw_p30	0.000	0	-496.938	-1447.621	113	92	-330.029	-1139.942	-162.900
313	97.314	0	front_left_wheel_hub_yaw_p30	0.000	0	-479.905	-1451.328	113	92	-320.020	-1139.942	-161.600
314	97.586	0	front_left_wheel_hub_yaw_p30	0.000	0	-479.905	-1451.328	113	92	-320.020	-1139.942	-161.600
315	97.884	0	front_left_wheel_hub_yaw_p30	0.000	0	-479.905	-1451.328	113	92	-320.020	-1139.942	-161.600
316	98.197	0	front_left_wheel_hub_yaw_p30	0.000	0	-479.905	-1451.328	113	92	-320.020	-1139.942	-161.600
317	98.494	0	front_left_wheel_hub_yaw_p30	0.000	0	-450.577	-1455.934	113	92	-300.000	-1139.942	-159.900
318	98.803	0	front_left_wheel_hub_yaw_p30	0.000	0	-450.577	-1455.934	113	92	-300.000	-1139.942	-159.900
319	99.098	0	front_left_wheel_hub_yaw_p30	0.000	0	-450.577	-1455.934	113	92	-300.000	-1139.942	-159.900
320	99.383	0	front_left_wheel_hub_yaw_p30	0.000	0	-428.887	-1461.240	114	92	-289.990	-1139.942	-157.800
321	99.661	0	front_left_wheel_hub_yaw_p30	0.000	0	-428.887	-1461.240	114	92	-289.990	-1139.942	-157.800
322	99.936	0	front_left_wheel_hub_yaw_p30	0.000	0	-428.887	-1461.240	114	92	-289.990	-1139.942	-157.800
323	100.245	0	front_left_wheel_hub_yaw_p30	0.000	0	-428.887	-1461.240	114	92	-289.990	-1139.942	-157.800
324	100.517	0	front_left_wheel_hub_yaw_p30	0.000	1	-396.480	-1466.335	115	92	-270.020	-1139.942	-155.600
325	100.815	0	front_left_wheel_hub_yaw_p30	0.000	1	-396.480	-1466.335	115	92	-270.020	-1139.942	-155.600
326	101.098	0	front_left_wheel_hub_yaw_p30	0.000	1	-396.480	-1466.335	115	92	-270.020	-1139.942	-155.600
333	103.118	0	front_left_wheel_hub_yaw_p30	0.000	0	-292.192	-1470.232	117	91	-210.010	-1129.980	-148.000
334	103.420	0	front_left_wheel_hub_yaw_p30	0.000	1	-292.192	-1470.232	117	91	-210.010	-1129.980	-148.000
335	103.726	0	front_left_wheel_hub_yaw_p30	0.000	1	-292.192	-1470.232	117	91	-210.010	-1129.980	-148.000
336	104.051	0	front_left_wheel_hub_yaw_p30	0.000	1	-292.192	-1470.232	117	91	-210.010	-1129.980	-148.000
337	104.350	0	front_left_wheel_hub_yaw_p30	0.000	0	-254.252	-1464.106	117	92	-189.990	-1120.020	-145.000
338	104.632	0	front_left_wheel_hub_yaw_p30	0.000	0	-254.252	-1464.106	117	92	-189.990	-1120.020	-145.000
339	104.914	0	front_left_wheel_hub_yaw_p30	0.000	0	-254.252	-1464.106	117	92	-189.990	-1120.020	-145.000
340	105.198	0	front_left_wheel_hub_yaw_p30	0.000	0	-232.479	-1454.379	118	92	-170.020	-1109.961	-144.700
341	105.491	0	front_left_wheel_hub_yaw_p30	0.000	0	-232.479	-1454.379	118	92	-170.020	-1109.961	-144.700
342	105.781	0	front_left_wheel_hub_yaw_p30	0.000	0	-232.479	-1454.379	118	92	-170.020	-1109.961	-144.700
343	106.130	0	front_left_wheel_hub_yaw_p30	0.000	0	-232.479	-1454.379	118	92	-170.020	-1109.961	-144.700
344	106.428	0	front_left_wheel_hub_yaw_p30	0.000	0	-223.247	-1442.286	118	92	-150.000	-1100.000	-146.500
345	106.708	0	front_left_wheel_hub_yaw_p30	0.000	0	-223.247	-1442.286	118	92	-150.000	-1100.000	-146.500
346	107.026	0	front_left_wheel_hub_yaw_p30	0.000	0	-223.247	-1442.286	118	92	-150.000	-1100.000	-146.500
353	109.284	0	front_left_wheel_hub_yaw_p30	0.000	0	-230.491	-1405.329	118	93	-130.029	-1070.020	-151.100
354	109.630	0	front_left_wheel_hub_yaw_p30	0.000	1	-230.491	-1405.329	118	93	-130.029	-1070.020	-151.100
355	109.980	0	front_left_wheel_hub_yaw_p30	0.000	1	-230.491	-1405.329	118	93	-130.029	-1070.020	-151.100
356	110.286	0	front_left_wheel_hub_yaw_p30	0.000	1	-226.318	-1393.466	118	93	-120.020	-1059.961	-152.100
357	110.576	0	front_left_wheel_hub_yaw_p30	0.000	1	-226.318	-1393.466	118	93	-120.020	-1059.961	-152.100
358	110.853	0	front_left_wheel_hub_yaw_p30	0.000	1	-226.318	-1393.466	118	93	-120.020	-1059.961	-152.100
363	112.354	0	front_left_wheel_hub_yaw_p30	0.000	1	-230.385	-1392.142	118	93	-120.020	-1059.961	-152.800
364	112.633	0	front_left_wheel_hub_yaw_p30	0.000	1	-230.385	-1392.142	118	93	-120.020	-1059.961	-152.800
365	112.912	0	front_left_wheel_hub_yaw_p30	0.000	1	-230.385	-1392.142	118	93	-120.020	-1059.961	-152.800
366	113.189	0	front_left_wheel_hub_yaw_p30	0.000	1	-229.805	-1392.335	118	93	-120.020	-1059.961	-152.700
367	113.467	0	front_left_wheel_hub_yaw_p30	0.000	1	-229.805	-1392.335	118	93	-120.020	-1059.961	-152.700
368	113.744	0	front_left_wheel_hub_yaw_p30	0.000	1	-229.805	-1392.335	118	93	-120.020	-1059.961	-152.700
369	114.021	0	front_left_wheel_hub_yaw_p30	0.000	1	-229.805	-1392.335	118	93	-120.020	-1059.961	-152.700
370	114.298	0	front_left_wheel_hub_yaw_p30	0.000	1	-226.900	-1393.280	118	93	-120.020	-1059.961	-152.200
371	114.574	0	front_left_wheel_hub_yaw_p30	0.000	1	-226.900	-1393.280	118	93	-120.020	-1059.961	-152.200
372	114.860	0	front_left_wheel_hub_yaw_p30	0.000	1	-226.900	-1393.280	118	93	-120.020	-1059.961	-152.200
377	116.356	0	front_left_wheel_hub_yaw_p30	0.000	0	-226.387	-1406.531	118	93	-130.029	-1070.020	-150.400
378	116.671	0	front_left_wheel_hub_yaw_p30	0.000	0	-226.387	-1406.531	118	93	-130.029	-1070.020	-150.400
379	116.990	0	front_left_wheel_hub_yaw_p30	0.000	0	-226.387	-1406.531	118	93	-130.029	-1070.020	-150.400
380	117.298	0	front_left_wheel_hub_yaw_p30	0.000	1	-229.280	-1418.436	118	93	-139.990	-1079.980	-149.200
381	117.594	0	front_left_wheel_hub_yaw_p30	0.000	1	-229.280	-1418.436	118	93	-139.990	-1079.980	-149.200
382	117.957	0	front_left_wheel_hub_yaw_p30	0.000	1	-229.280	-1418.436	118	93	-139.990	-1079.980	-149.200
383	118.233	0	front_left_wheel_hub_yaw_p30	0.000	1	-230.399	-1430.619	118	92	-150.000	-1089.942	-147.700
384	118.556	0	front_left_wheel_hub_yaw_p30	0.000	1	-230.399	-1430.619	118	92	-150.000	-1089.942	-147.700
385	118.878	0	front_left_wheel_hub_yaw_p30	0.000	1	-230.399	-1430.619	118	92	-150.000	-1089.942	-147.700
386	119.177	0	front_left_wheel_hub_yaw_p30	0.000	1	-228.470	-1443.276	118	92	-160.010	-1100.000	-145.700
387	119.498	0	front_left_wheel_hub_yaw_p30	0.000	1	-228.470	-1443.276	118	92	-160.010	-1100.000	-145.700
388	119.803	0	front_left_wheel_hub_yaw_p30	0.000	1	-228.470	-1443.276	118	92	-160.010	-1100.000	-145.700
389	120.082	0	front_left_wheel_hub_yaw_p30	0.000	1	-228.470	-1443.276	118	92	-160.010	-1100.000	-145.700
390	120.364	0	front_left_wheel_hub_yaw_p30	0.000	1	-227.061	-1455.318	118	92	-170.020	-1109.961	-143.800
391	120.637	0	front_left_wheel_hub_yaw_p30	0.000	1	-227.061	-1455.318	118	92	-170.020	-1109.961	-143.800
392	120.911	0	front_left_wheel_hub_yaw_p30	0.000	1	-227.061	-1455.318	118	92	-170.020	-1109.961	-143.800
393	121.220	0	front_left_wheel_hub_yaw_p30	0.000	1	-227.061	-1455.318	118	92	-170.020	-1109.961	-143.800
394	121.504	0	front_left_wheel_hub_yaw_p30	0.000	1	-220.132	-1477.711	118	91	-180.029	-1129.980	-141.000
395	121.782	0	front_left_wheel_hub_yaw_p30	0.000	1	-220.132	-1477.711	118	91	-180.029	-1129.980	-141.000
396	122.155	0	front_left_wheel_hub_yaw_p30	0.000	1	-220.132	-1477.711	118	91	-180.029	-1129.980	-141.000
397	122.438	0	front_left_wheel_hub_yaw_p30	0.000	1	-213.668	-1499.234	118	91	-189.990	-1150.000	-138.300
398	122.712	0	front_left_wheel_hub_yaw_p30	0.000	1	-213.668	-1499.234	118	91	-189.990	-1150.000	-138.300
399	122.990	0	front_left_wheel_hub_yaw_p30	0.000	1	-213.668	-1499.234	118	91	-189.990	-1150.000	-138.300
400	123.331	0	front_left_wheel_hub_yaw_p30	0.000	1	-204.757	-1520.023	118	90	-200.000	-1170.020	-135.200
401	123.620	0	front_left_wheel_hub_yaw_p30	0.000	1	-204.757	-1520.023	118	90	-200.000	-1170.020	-135.200
402	123.898	0	front_left_wheel_hub_yaw_p30	0.000	1	-204.757	-1520.023	118	90	-200.000	-1170.020	-135.200
403	124.188	0	front_left_wheel_hub_yaw_p30	0.000	1	-204.757	-1520.023	118	90	-200.000	-1170.020	-135.200
404	124.464	0	front_left_wheel_hub_yaw_p30	0.000	1	-203.401	-1549.641	118	90	-220.020	-1200.000	-131.700
405	124.790	0	front_left_wheel_hub_yaw_p30	0.000	1	-203.401	-1549.641	118	90	-220.020	-1200.000	-131.700
406	125.105	0	front_left_wheel_hub_yaw_p30	0.000	1	-203.401	-1549.641	118	90	-220.020	-1200.000	-131.700
407	125.423	0	front_left_wheel_hub_yaw_p30	0.000	1	-193.311	-1568.124	119	90	-230.029	-1220.020	-128.400
408	125.765	0	front_left_wheel_hub_yaw_p30	0.000	1	-193.311	-1568.124	119	90	-230.029	-1220.020	-128.400
409	126.090	0	front_left_wheel_hub_yaw_p30	0.000	1	-193.311	-1568.124	119	90	-230.029	-1220.020	-128.400
410	126.384	0	front_left_wheel_hub_yaw_p30	0.000	1	-177.275	-1604.333	119	89	-239.990	-1259.961	-124.100
411	126.701	0	front_left_wheel_hub_yaw_p30	0.000	1	-177.275	-1604.333	119	89	-239.990	-1259.961	-124.100
412	126.994	0	front_left_wheel_hub_yaw_p30	0.000	1	-177.275	-1604.333	119	89	-239.990	-1259.961	-124.100
413	127.288	0	front_left_wheel_hub_yaw_p30	0.000	1	-161.050	-1628.487	119	88	-250.000	-1289.942	-119.700
414	127.605	0	front_left_wheel_hub_yaw_p30	0.000	1	-161.050	-1628.487	119	88	-250.000	-1289.942	-119.700
415	127.899	0	front_left_wheel_hub_yaw_p30	0.000	1	-161.050	-1628.487	119	88	-250.000	-1289.942	-119.700
416	128.179	0	front_left_wheel_hub_yaw_p30	0.000	1	-146.504	-1661.102	120	88	-260.010	-1329.980	-115.500
417	128.452	0	front_left_wheel_hub_yaw_p30	0.000	1	-146.504	-1661.102	120	88	-260.010	-1329.980	-115.500
418	128.728	0	front_left_wheel_hub_yaw_p30	0.000	1	-146.504	-1661.102	120	88	-260.010	-1329.980	-115.500
419	129.004	0	front_left_wheel_hub_yaw_p30	0.000	1	-146.504	-1661.102	120	88	-260.010	-1329.980	-115.500
420	129.278	0	front_left_wheel_hub_yaw_p30	0.000	0	-139.340	-1704.708	120	87	-270.020	-1379.980	-112.500
421	129.551	0	front_left_wheel_hub_yaw_p30	0.000	1	-139.340	-1704.708	120	87	-270.020	-1379.980	-112.500
422	129.830	0	front_left_wheel_hub_yaw_p30	0.000	1	-139.340	-1704.708	120	87	-270.020	-1379.980	-112.500
423	130.149	0	front_left_wheel_hub_yaw_p30	0.000	1	-136.423	-1749.202	120	86	-280.029	-1429.980	-110.200
424	130.443	0	front_left_wheel_hub_yaw_p30	0.000	1	-136.423	-1749.202	120	86	-280.029	-1429.980	-110.200
425	130.726	0	front_left_wheel_hub_yaw_p30	0.000	1	-136.423	-1749.202	120	86	-280.029	-1429.980	-110.200
426	131.003	0	front_left_wheel_hub_yaw_p30	0.000	1	-136.423	-1749.202	120	86	-280.029	-1429.980	-110.200
427	131.279	0	front_left_wheel_hub_yaw_p30	0.000	0	-149.188	-1805.823	120	85	-300.000	-1489.942	-108.900
428	131.556	0	front_left_wheel_hub_yaw_p30	0.000	1	-149.188	-1805.823	120	85	-300.000	-1489.942	-108.900
429	131.833	0	front_left_wheel_hub_yaw_p30	0.000	1	-149.188	-1805.823	120	85	-300.000	-1489.942	-108.900
430	132.115	0	front_left_wheel_hub_yaw_p30	0.000	1	-149.188	-1805.823	120	85	-300.000	-1489.942	-108.900
431	132.412	0	front_left_wheel_hub_yaw_p30	0.000	1	-165.908	-1864.285	119	84	-320.020	-1550.000	-108.300
432	132.697	0	front_left_wheel_hub_yaw_p30	0.000	1	-165.908	-1864.285	119	84	-320.020	-1550.000	-108.300
433	133.026	0	front_left_wheel_hub_yaw_p30	0.000	1	-165.908	-1864.285	119	84	-320.020	-1550.000	-108.300
434	133.303	0	front_left_wheel_hub_yaw_p30	0.000	1	-184.236	-1923.434	119	82	-339.990	-1609.961	-108.000
435	133.579	0	front_left_wheel_hub_yaw_p30	0.000	1	-184.236	-1923.434	119	82	-339.990	-1609.961	-108.000
436	133.881	0	front_left_wheel_hub_yaw_p30	0.000	1	-184.236	-1923.434	119	82	-339.990	-1609.961	-108.000
437	134.156	0	front_left_wheel_hub_yaw_p30	0.000	1	-184.236	-1923.434	119	82	-339.990	-1609.961	-108.000
438	134.441	0	front_left_wheel_hub_yaw_p30	0.000	1	-204.255	-2003.415	118	81	-360.010	-1689.942	-108.000
439	134.730	0	front_left_wheel_hub_yaw_p30	0.000	1	-204.255	-2003.415	118	81	-360.010	-1689.942	-108.000
440	135.010	0	front_left_wheel_hub_yaw_p30	0.000	1	-204.255	-2003.415	118	81	-360.010	-1689.942	-108.000
441	135.328	0	front_left_wheel_hub_yaw_p30	0.000	1	-234.236	-2083.493	118	79	-389.990	-1770.020	-108.000
442	135.613	0	front_left_wheel_hub_yaw_p30	0.000	1	-234.236	-2083.493	118	79	-389.990	-1770.020	-108.000
443	135.897	0	front_left_wheel_hub_yaw_p30	0.000	1	-234.236	-2083.493	118	79	-389.990	-1770.020	-108.000
444	136.169	0	front_left_wheel_hub_yaw_p30	0.000	0	-275.300	-2168.718	117	78	-420.020	-1850.000	-110.000
445	136.544	0	front_left_wheel_hub_yaw_p30	0.000	1	-275.300	-2168.718	117	78	-420.020	-1850.000	-110.000
446	136.874	0	front_left_wheel_hub_yaw_p30	0.000	1	-275.300	-2168.718	117	78	-420.020	-1850.000	-110.000
447	137.148	0	front_left_wheel_hub_yaw_p30	0.000	0	-364.055	-2253.631	115	76	-470.020	-1920.020	-116.800
448	137.543	0	front_left_wheel_hub_yaw_p30	0.000	0	-364.055	-2253.631	115	76	-470.020	-1920.020	-116.800
449	137.939	0	front_left_wheel_hub_yaw_p30	0.000	0	-364.055	-2253.631	115	76	-470.020	-1920.020	-116.800
450	138.255	0	front_left_wheel_hub_yaw_p30	0.000	0	-481.790	-2326.676	113	74	-530.029	-1979.980	-126.500
451	138.613	0	front_left_wheel_hub_yaw_p30	0.000	0	-481.790	-2326.676	113	74	-530.029	-1979.980	-126.500
452	138.897	0	front_left_wheel_hub_yaw_p30	0.000	0	-481.790	-2326.676	113	74	-530.029	-1979.980	-126.500
453	139.176	0	front_left_wheel_hub_yaw_p30	0.000	0	-481.790	-2326.676	113	74	-530.029	-1979.980	-126.500
454	139.471	0	front_left_wheel_hub_yaw_p30	0.000	0	-611.476	-2379.828	110	73	-600.000	-2029.980	-136.300
455	139.747	0	front_left_wheel_hub_yaw_p30	0.000	1	-611.476	-2379.828	110	73	-600.000	-2029.980	-136.300
456	140.025	0	front_left_wheel_hub_yaw_p30	0.000	1	-611.476	-2379.828	110	73	-600.000	-2029.980	-136.300
457	140.298	0	front_left_wheel_hub_yaw_p30	0.000	0	-727.664	-2415.276	108	73	-670.020	-2070.020	-143.900
458	140.637	0	front_left_wheel_hub_yaw_p30	0.000	0	-727.664	-2415.276	108	73	-670.020	-2070.020	-143.900
459	140.965	0	front_left_wheel_hub_yaw_p30	0.000	0	-727.664	-2415.276	108	73	-670.020	-2070.020	-143.900
460	141.243	0	front_left_wheel_hub_yaw_p30	0.000	0	-849.890	-2448.261	106	72	-760.010	-2109.961	-149.300
461	141.584	0	front_left_wheel_hub_yaw_p30	0.000	0	-849.890	-2448.261	106	72	-760.010	-2109.961	-149.300
462	141.888	0	front_left_wheel_hub_yaw_p30	0.000	0	-849.890	-2448.261	106	72	-760.010	-2109.961	-149.300
463	142.184	0	front_left_wheel_hub_yaw_p30	0.000	0	-916.954	-2489.071	104	71	-830.029	-2150.000	-148.800
464	142.479	0	front_left_wheel_hub_yaw_p30	0.000	0	-916.954	-2489.071	104	71	-830.029	-2150.000	-148.800
465	142.848	0	front_left_wheel_hub_yaw_p30	0.000	0	-916.954	-2489.071	104	71	-830.029	-2150.000	-148.800
466	143.161	0	front_left_wheel_hub_yaw_p30	0.000	0	-916.954	-2489.071	104	71	-830.029	-2150.000	-148.800
467	143.453	0	front_left_wheel_hub_yaw_p30	0.000	1	-980.267	-2552.873	103	70	-910.010	-2209.961	-146.000
468	143.829	0	front_left_wheel_hub_yaw_p30	0.000	1	-980.267	-2552.873	103	70	-910.010	-2209.961	-146.000
469	144.145	0	front_left_wheel_hub_yaw_p30	0.000	1	-980.267	-2552.873	103	70	-910.010	-2209.961	-146.000
470	144.463	0	front_left_wheel_hub_yaw_p30	0.000	1	-1029.826	-2616.495	102	69	-980.029	-2270.020	-142.600
471	144.747	0	front_left_wheel_hub_yaw_p30	0.000	1	-1029.826	-2616.495	102	69	-980.029	-2270.020	-142.600
472	145.025	0	front_left_wheel_hub_yaw_p30	0.000	1	-1029.826	-2616.495	102	69	-980.029	-2270.020	-142.600
473	145.299	0	front_left_wheel_hub_yaw_p30	0.000	1	-1064.887	-2679.130	101	67	-1039.990	-2329.980	-138.500
474	145.589	0	front_left_wheel_hub_yaw_p30	0.000	1	-1064.887	-2679.130	101	67	-1039.990	-2329.980	-138.500
475	145.891	0	front_left_wheel_hub_yaw_p30	0.000	1	-1064.887	-2679.130	101	67	-1039.990	-2329.980	-138.500
476	146.169	0	front_left_wheel_hub_yaw_p30	0.000	1	-1080.331	-2759.444	101	66	-1100.000	-2409.961	-131.200
477	146.535	0	front_left_wheel_hub_yaw_p30	0.000	1	-1080.331	-2759.444	101	66	-1100.000	-2409.961	-131.200
478	146.870	0	front_left_wheel_hub_yaw_p30	0.000	1	-1080.331	-2759.444	101	66	-1100.000	-2409.961	-131.200
479	147.145	0	front_left_wheel_hub_yaw_p30	0.000	1	-1094.511	-2845.610	101	64	-1150.000	-2500.000	-125.300
480	147.552	0	front_left_wheel_hub_yaw_p30	0.000	1	-1094.511	-2845.610	101	64	-1150.000	-2500.000	-125.300
481	147.916	0	front_left_wheel_hub_yaw_p30	0.000	1	-1094.511	-2845.610	101	64	-1150.000	-2500.000	-125.300
482	148.223	0	front_left_wheel_hub_yaw_p30	0.000	1	-1124.708	-2921.823	100	62	-1200.000	-2579.980	-122.000
483	148.574	0	front_left_wheel_hub_yaw_p30	0.000	1	-1124.708	-2921.823	100	62	-1200.000	-2579.980	-122.000
484	148.958	0	front_left_wheel_hub_yaw_p30	0.000	1	-1124.708	-2921.823	100	62	-1200.000	-2579.980	-122.000
485	149.355	0	front_left_wheel_hub_yaw_p30	0.000	1	-1174.112	-3011.730	99	61	-1250.000	-2670.020	-121.900
486	149.659	0	front_left_wheel_hub_yaw_p30	0.000	1	-1174.112	-3011.730	99	61	-1250.000	-2670.020	-121.900
487	149.978	0	front_left_wheel_hub_yaw_p30	0.000	1	-1174.112	-3011.730	99	61	-1250.000	-2670.020	-121.900
488	150.304	0	front_left_wheel_hub_yaw_p30	0.000	1	-1237.106	-3102.321	98	59	-1310.010	-2759.961	-122.400
489	150.641	0	front_left_wheel_hub_yaw_p30	0.000	1	-1237.106	-3102.321	98	59	-1310.010	-2759.961	-122.400
490	150.953	0	front_left_wheel_hub_yaw_p30	0.000	1	-1237.106	-3102.321	98	59	-1310.010	-2759.961	-122.400
491	151.253	0	front_left_wheel_hub_yaw_p30	0.000	1	-1291.893	-3173.325	97	57	-1360.010	-2829.980	-123.200
492	151.575	0	front_left_wheel_hub_yaw_p30	0.000	1	-1291.893	-3173.325	97	57	-1360.010	-2829.980	-123.200
493	151.851	0	front_left_wheel_hub_yaw_p30	0.000	1	-1291.893	-3173.325	97	57	-1360.010	-2829.980	-123.200
494	152.130	0	front_left_wheel_hub_yaw_p30	0.000	1	-1291.893	-3173.325	97	57	-1360.010	-2829.980	-123.200
495	152.422	0	front_left_wheel_hub_yaw_p30	0.000	0	-1361.771	-3236.637	95	56	-1410.010	-2889.942	-126.500
496	152.712	0	front_left_wheel_hub_yaw_p30	0.000	1	-1361.771	-3236.637	95	56	-1410.010	-2889.942	-126.500
497	152.985	0	front_left_wheel_hub_yaw_p30	0.000	1	-1361.771	-3236.637	95	56	-1410.010	-2889.942	-126.500
498	153.261	0	front_left_wheel_hub_yaw_p30	0.000	0	-1433.302	-3308.066	94	55	-1470.020	-2959.961	-128.400
499	153.529	0	front_left_wheel_hub_yaw_p30	0.000	1	-1433.302	-3308.066	94	55	-1470.020	-2959.961	-128.400
500	153.832	0	front_left_wheel_hub_yaw_p30	0.000	1	-1433.302	-3308.066	94	55	-1470.020	-2959.961	-128.400
501	154.117	0	front_left_wheel_hub_yaw_p30	0.000	1	-1433.302	-3308.066	94	55	-1470.020	-2959.961	-128.400
502	154.414	0	front_left_wheel_hub_yaw_p30	0.000	0	-1469.966	-3376.419	93	53	-1520.020	-3029.980	-126.200
503	154.724	0	front_left_wheel_hub_yaw_p30	0.000	1	-1469.966	-3376.419	93	53	-1520.020	-3029.980	-126.200
504	155.056	0	front_left_wheel_hub_yaw_p30	0.000	1	-1469.966	-3376.419	93	53	-1520.020	-3029.980	-126.200
505	155.367	0	front_left_wheel_hub_yaw_p30	0.000	1	-1479.358	-3460.637	93	52	-1560.010	-3120.020	-121.100
506	155.668	0	front_left_wheel_hub_yaw_p30	0.000	1	-1479.358	-3460.637	93	52	-1560.010	-3120.020	-121.100
507	155.947	0	front_left_wheel_hub_yaw_p30	0.000	1	-1479.358	-3460.637	93	52	-1560.010	-3120.020	-121.100
508	156.251	0	front_left_wheel_hub_yaw_p30	0.000	0	-1477.063	-3531.319	93	50	-1589.990	-3200.000	-115.600
509	156.535	0	front_left_wheel_hub_yaw_p30	0.000	1	-1477.063	-3531.319	93	50	-1589.990	-3200.000	-115.600
510	156.814	0	front_left_wheel_hub_yaw_p30	0.000	1	-1477.063	-3531.319	93	50	-1589.990	-3200.000	-115.600
511	157.097	0	front_left_wheel_hub_yaw_p30	0.000	1	-1477.063	-3531.319	93	50	-1589.990	-3200.000	-115.600
512	157.421	0	front_left_wheel_hub_yaw_p30	0.000	1	-1454.803	-3603.686	93	49	-1610.010	-3289.942	-108.100
513	157.696	0	front_left_wheel_hub_yaw_p30	0.000	1	-1454.803	-3603.686	93	49	-1610.010	-3289.942	-108.100
514	157.997	0	front_left_wheel_hub_yaw_p30	0.000	1	-1454.803	-3603.686	93	49	-1610.010	-3289.942	-108.100
515	158.271	0	front_left_wheel_hub_yaw_p30	0.000	1	-1440.817	-3684.430	94	47	-1630.029	-3389.942	-101.700
516	158.545	0	front_left_wheel_hub_yaw_p30	0.000	1	-1440.817	-3684.430	94	47	-1630.029	-3389.942	-101.700
517	158.837	0	front_left_wheel_hub_yaw_p30	0.000	1	-1440.817	-3684.430	94	47	-1630.029	-3389.942	-101.700
518	159.139	0	front_left_wheel_hub_yaw_p30	0.000	1	-1440.817	-3684.430	94	47	-1630.029	-3389.942	-101.700
519	159.422	0	front_left_wheel_hub_yaw_p30	0.000	1	-1435.624	-3784.182	94	45	-1639.990	-3500.000	-98.700
520	159.738	0	front_left_wheel_hub_yaw_p30	0.000	1	-1435.624	-3784.182	94	45	-1639.990	-3500.000	-98.700
521	160.026	0	front_left_wheel_hub_yaw_p30	0.000	1	-1435.624	-3784.182	94	45	-1639.990	-3500.000	-98.700
522	160.314	0	front_left_wheel_hub_yaw_p30	0.000	1	-1436.809	-3867.564	94	44	-1650.000	-3589.942	-96.900
523	160.660	0	front_left_wheel_hub_yaw_p30	0.000	1	-1436.809	-3867.564	94	44	-1650.000	-3589.942	-96.900
524	160.961	0	front_left_wheel_hub_yaw_p30	0.000	1	-1436.809	-3867.564	94	44	-1650.000	-3589.942	-96.900
525	161.265	0	front_left_wheel_hub_yaw_p30	0.000	1	-1446.819	-3967.564	94	42	-1660.010	-3689.942	-96.900
526	161.572	0	front_left_wheel_hub_yaw_p30	0.000	1	-1446.819	-3967.564	94	42	-1660.010	-3689.942	-96.900
527	161.889	0	front_left_wheel_hub_yaw_p30	0.000	1	-1446.819	-3967.564	94	42	-1660.010	-3689.942	-96.900
532	163.405	0	front_left_wheel_hub_yaw_p30	0.000	0	-1583.877	-4176.520	91	37	-1710.010	-3850.000	-113.300
533	163.680	0	front_left_wheel_hub_yaw_p30	0.000	0	-1583.877	-4176.520	91	37	-1710.010	-3850.000	-113.300
534	163.969	0	front_left_wheel_hub_yaw_p30	0.000	0	-1583.877	-4176.520	91	37	-1710.010	-3850.000	-113.300
535	164.303	0	front_left_wheel_hub_yaw_p30	0.000	0	-1682.333	-4281.250	89	35	-1760.010	-3939.942	-121.600
536	164.621	0	front_left_wheel_hub_yaw_p30	0.000	0	-1682.333	-4281.250	89	35	-1760.010	-3939.942	-121.600
537	164.946	0	front_left_wheel_hub_yaw_p30	0.000	0	-1682.333	-4281.250	89	35	-1760.010	-3939.942	-121.600
545	167.324	0	front_left_wheel_hub_yaw_p30	0.000	0	-1878.067	-4430.011	85	32	-1880.029	-4079.980	-134.100
546	167.629	0	front_left_wheel_hub_yaw_p30	0.000	0	-1878.067	-4430.011	85	32	-1880.029	-4079.980	-134.100
547	167.949	0	front_left_wheel_hub_yaw_p30	0.000	0	-1878.067	-4430.011	85	32	-1880.029	-4079.980	-134.100
548	168.242	0	front_left_wheel_hub_yaw_p30	0.000	0	-1878.067	-4430.011	85	32	-1880.029	-4079.980	-134.100
549	168.522	0	front_left_wheel_hub_yaw_p30	0.000	0	-1923.927	-4449.759	84	32	-1910.010	-4100.000	-136.700
550	168.800	0	front_left_wheel_hub_yaw_p30	0.000	0	-1923.927	-4449.759	84	32	-1910.010	-4100.000	-136.700
551	169.175	0	front_left_wheel_hub_yaw_p30	0.000	0	-1964.665	-4458.279	83	32	-1930.029	-4109.961	-140.100
552	169.459	0	front_left_wheel_hub_yaw_p30	0.000	0	-1964.665	-4458.279	83	32	-1930.029	-4109.961	-140.100
553	169.777	0	front_left_wheel_hub_yaw_p30	0.000	0	-1964.665	-4458.279	83	32	-1930.029	-4109.961	-140.100
554	170.055	0	front_left_wheel_hub_yaw_p30	0.000	0	-1964.665	-4458.279	83	32	-1930.029	-4109.961	-140.100
555	170.331	0	front_left_wheel_hub_yaw_p30	0.000	0	-2002.214	-4466.139	82	32	-1950.000	-4120.020	-143.000
556	170.623	0	front_left_wheel_hub_yaw_p30	0.000	0	-2002.214	-4466.139	82	32	-1950.000	-4120.020	-143.000
557	170.899	0	front_left_wheel_hub_yaw_p30	0.000	0	-2002.214	-4466.139	82	32	-1950.000	-4120.020	-143.000
558	171.170	0	front_left_wheel_hub_yaw_p30	0.000	0	-2002.214	-4466.139	82	32	-1950.000	-4120.020	-143.000
559	171.442	0	front_left_wheel_hub_yaw_p30	0.000	0	-2034.882	-4473.954	82	31	-1970.020	-4129.980	-145.100
560	171.712	0	front_left_wheel_hub_yaw_p30	0.000	0	-2034.882	-4473.954	82	31	-1970.020	-4129.980	-145.100
561	172.057	0	front_left_wheel_hub_yaw_p30	0.000	0	-2034.882	-4473.954	82	31	-1970.020	-4129.980	-145.100
562	172.369	0	front_left_wheel_hub_yaw_p30	0.000	0	-2068.009	-4471.211	81	31	-1989.990	-4129.980	-147.300
563	172.643	0	front_left_wheel_hub_yaw_p30	0.000	0	-2068.009	-4471.211	81	31	-1989.990	-4129.980	-147.300
564	172.925	0	front_left_wheel_hub_yaw_p30	0.000	0	-2068.009	-4471.211	81	31	-1989.990	-4129.980	-147.300
565	173.204	0	front_left_wheel_hub_yaw_p30	0.000	0	-2068.009	-4471.211	81	31	-1989.990	-4129.980	-147.300
566	173.566	0	front_left_wheel_hub_yaw_p30	0.000	0	-2098.708	-4468.592	81	32	-2010.010	-4129.980	-149.100
567	173.843	0	front_left_wheel_hub_yaw_p30	0.000	0	-2098.708	-4468.592	81	32	-2010.010	-4129.980	-149.100
568	174.130	0	front_left_wheel_hub_yaw_p30	0.000	0	-2116.378	-4476.453	80	31	-2020.020	-4139.942	-150.400
569	174.406	0	front_left_wheel_hub_yaw_p30	0.000	0	-2116.378	-4476.453	80	31	-2020.020	-4139.942	-150.400
570	174.683	0	front_left_wheel_hub_yaw_p30	0.000	0	-2116.378	-4476.453	80	31	-2020.020	-4139.942	-150.400
571	174.964	0	front_left_wheel_hub_yaw_p30	0.000	0	-2116.378	-4476.453	80	31	-2020.020	-4139.942	-150.400
572	175.249	0	front_left_wheel_hub_yaw_p30	0.000	0	-2132.830	-4474.541	80	31	-2030.029	-4139.942	-151.500
573	175.528	0	front_left_wheel_hub_yaw_p30	0.000	0	-2132.830	-4474.541	80	31	-2030.029	-4139.942	-151.500
574	175.802	0	front_left_wheel_hub_yaw_p30	0.000	0	-2132.830	-4474.541	80	31	-2030.029	-4139.942	-151.500
575	176.077	0	front_left_wheel_hub_yaw_p30	0.000	0	-2132.830	-4474.541	80	31	-2030.029	-4139.942	-151.500
576	176.358	0	front_left_wheel_hub_yaw_p30	0.000	0	-2148.034	-4472.885	80	31	-2039.990	-4139.942	-152.400
577	176.631	0	front_left_wheel_hub_yaw_p30	0.000	0	-2148.034	-4472.885	80	31	-2039.990	-4139.942	-152.400
578	176.902	0	front_left_wheel_hub_yaw_p30	0.000	0	-2148.034	-4472.885	80	31	-2039.990	-4139.942	-152.400
579	177.174	0	front_left_wheel_hub_yaw_p30	0.000	0	-2151.514	-4471.736	79	31	-2039.990	-4139.942	-153.000
580	177.446	0	front_left_wheel_hub_yaw_p30	0.000	0	-2151.514	-4471.736	79	31	-2039.990	-4139.942	-153.000
581	177.721	0	front_left_wheel_hub_yaw_p30	0.000	0	-2151.514	-4471.736	79	31	-2039.990	-4139.942	-153.000
582	177.997	0	front_left_wheel_hub_yaw_p30	0.000	0	-2151.514	-4471.736	79	31	-2039.990	-4139.942	-153.000
583	178.268	0	front_left_wheel_hub_yaw_p30	0.000	0	-2152.672	-4471.344	79	31	-2039.990	-4139.942	-153.200
584	178.549	0	front_left_wheel_hub_yaw_p30	0.000	0	-2152.672	-4471.344	79	31	-2039.990	-4139.942	-153.200
585	178.828	0	front_left_wheel_hub_yaw_p30	0.000	0	-2152.672	-4471.344	79	31	-2039.990	-4139.942	-153.200
586	179.107	0	front_left_wheel_hub_yaw_p30	0.000	0	-2152.672	-4471.344	79	31	-2039.990	-4139.942	-153.200
587	179.387	0	front_left_wheel_hub_yaw_p30	0.000	0	-2152.672	-4471.344	79	31	-2039.990	-4139.942	-153.200
588	179.663	0	front_left_wheel_hub_yaw_p30	0.000	0	-2152.672	-4471.344	79	31	-2039.990	-4139.942	-153.200
589	179.981	0	front_left_wheel_hub_yaw_p30	0.000	0	-2152.672	-4471.344	79	31	-2039.990	-4139.942	-153.200
590	180.259	0	front_left_wheel_hub_yaw_p30	0.000	0	-2150.935	-4471.930	79	31	-2039.990	-4139.942	-152.900
591	180.535	0	front_left_wheel_hub_yaw_p30	0.000	0	-2150.935	-4471.930	79	31	-2039.990	-4139.942	-152.900
592	180.812	0	front_left_wheel_hub_yaw_p30	0.000	0	-2150.935	-4471.930	79	31	-2039.990	-4139.942	-152.900
593	181.084	0	front_left_wheel_hub_yaw_p30	0.000	0	-2150.935	-4471.930	79	31	-2039.990	-4139.942	-152.900
594	181.397	0	front_left_wheel_hub_yaw_p30	0.000	0	-2148.614	-4472.696	80	31	-2039.990	-4139.942	-152.500
595	181.671	0	front_left_wheel_hub_yaw_p30	0.000	0	-2148.614	-4472.696	80	31	-2039.990	-4139.942	-152.500
596	182.015	0	front_left_wheel_hub_yaw_p30	0.000	0	-2148.614	-4472.696	80	31	-2039.990	-4139.942	-152.500
597	182.362	0	front_left_wheel_hub_yaw_p30	0.000	0	-2139.814	-4472.315	80	31	-2030.029	-4139.942	-152.700
598	182.681	0	front_left_wheel_hub_yaw_p30	0.000	0	-2139.814	-4472.315	80	31	-2030.029	-4139.942	-152.700
599	182.966	0	front_left_wheel_hub_yaw_p30	0.000	0	-2139.814	-4472.315	80	31	-2030.029	-4139.942	-152.700
600	183.249	0	front_left_wheel_hub_yaw_p30	0.000	0	-2135.589	-4460.387	80	32	-2020.020	-4129.980	-153.700
601	183.531	0	front_left_wheel_hub_yaw_p30	0.000	0	-2135.589	-4460.387	80	32	-2020.020	-4129.980	-153.700
602	183.812	0	front_left_wheel_hub_yaw_p30	0.000	0	-2135.589	-4460.387	80	32	-2020.020	-4129.980	-153.700
603	184.112	0	front_left_wheel_hub_yaw_p30	0.000	0	-2143.055	-4447.720	80	32	-2020.020	-4120.020	-155.000
604	184.417	0	front_left_wheel_hub_yaw_p30	0.000	0	-2143.055	-4447.720	80	32	-2020.020	-4120.020	-155.000
605	184.750	0	front_left_wheel_hub_yaw_p30	0.000	0	-2143.055	-4447.720	80	32	-2020.020	-4120.020	-155.000
606	185.045	0	front_left_wheel_hub_yaw_p30	0.000	0	-2143.055	-4447.720	80	32	-2020.020	-4120.020	-155.000
607	185.337	0	front_left_wheel_hub_yaw_p30	0.000	0	-2141.015	-4444.616	80	32	-2010.010	-4120.020	-156.400
608	185.612	0	front_left_wheel_hub_yaw_p30	0.000	0	-2141.015	-4444.616	80	32	-2010.010	-4120.020	-156.400
609	185.883	0	front_left_wheel_hub_yaw_p30	0.000	0	-2141.015	-4444.616	80	32	-2010.010	-4120.020	-156.400
610	186.187	0	front_left_wheel_hub_yaw_p30	0.000	0	-2141.695	-4430.035	80	32	-2000.000	-4109.961	-158.300
611	186.458	0	front_left_wheel_hub_yaw_p30	0.000	0	-2141.695	-4430.035	80	32	-2000.000	-4109.961	-158.300
612	186.743	0	front_left_wheel_hub_yaw_p30	0.000	0	-2141.695	-4430.035	80	32	-2000.000	-4109.961	-158.300
613	187.028	0	front_left_wheel_hub_yaw_p30	0.000	0	-2141.695	-4430.035	80	32	-2000.000	-4109.961	-158.300
614	187.303	0	front_left_wheel_hub_yaw_p30	0.000	0	-2141.669	-4415.466	80	33	-1989.990	-4100.000	-160.100
615	187.577	0	front_left_wheel_hub_yaw_p30	0.000	0	-2141.669	-4415.466	80	33	-1989.990	-4100.000	-160.100
616	187.853	0	front_left_wheel_hub_yaw_p30	0.000	0	-2141.669	-4415.466	80	33	-1989.990	-4100.000	-160.100
617	188.190	0	front_left_wheel_hub_yaw_p30	0.000	0	-2134.776	-4398.779	80	33	-1970.020	-4089.942	-162.500
618	188.464	0	front_left_wheel_hub_yaw_p30	0.000	0	-2134.776	-4398.779	80	33	-1970.020	-4089.942	-162.500
619	188.775	0	front_left_wheel_hub_yaw_p30	0.000	0	-2134.776	-4398.779	80	33	-1970.020	-4089.942	-162.500
620	189.051	0	front_left_wheel_hub_yaw_p30	0.000	0	-2134.776	-4398.779	80	33	-1970.020	-4089.942	-162.500
621	189.332	0	front_left_wheel_hub_yaw_p30	0.000	0	-2135.972	-4382.573	80	33	-1960.010	-4079.980	-164.600
622	189.606	0	front_left_wheel_hub_yaw_p30	0.000	0	-2135.972	-4382.573	80	33	-1960.010	-4079.980	-164.600
623	189.924	0	front_left_wheel_hub_yaw_p30	0.000	0	-2135.972	-4382.573	80	33	-1960.010	-4079.980	-164.600
624	190.211	0	front_left_wheel_hub_yaw_p30	0.000	0	-2135.972	-4382.573	80	33	-1960.010	-4079.980	-164.600
625	190.486	0	front_left_wheel_hub_yaw_p30	0.000	0	-2131.036	-4353.263	80	34	-1939.990	-4059.961	-167.500
626	190.788	0	front_left_wheel_hub_yaw_p30	0.000	0	-2131.036	-4353.263	80	34	-1939.990	-4059.961	-167.500
627	191.066	0	front_left_wheel_hub_yaw_p30	0.000	0	-2131.036	-4353.263	80	34	-1939.990	-4059.961	-167.500
628	191.368	0	front_left_wheel_hub_yaw_p30	0.000	0	-2124.174	-4334.334	80	34	-1920.020	-4050.000	-170.100
629	191.736	0	front_left_wheel_hub_yaw_p30	0.000	0	-2124.174	-4334.334	80	34	-1920.020	-4050.000	-170.100
630	192.049	0	front_left_wheel_hub_yaw_p30	0.000	0	-2124.174	-4334.334	80	34	-1920.020	-4050.000	-170.100
631	192.376	0	front_left_wheel_hub_yaw_p30	0.000	0	-2110.648	-4311.667	80	35	-1889.990	-4039.942	-173.500
632	192.648	0	front_left_wheel_hub_yaw_p30	0.000	0	-2110.648	-4311.667	80	35	-1889.990	-4039.942	-173.500
633	192.921	0	front_left_wheel_hub_yaw_p30	0.000	0	-2110.648	-4311.667	80	35	-1889.990	-4039.942	-173.500
634	193.213	0	front_left_wheel_hub_yaw_p30	0.000	0	-2105.049	-4289.376	80	35	-1870.020	-4029.980	-176.600
635	193.487	0	front_left_wheel_hub_yaw_p30	0.000	0	-2105.049	-4289.376	80	35	-1870.020	-4029.980	-176.600
636	193.763	0	front_left_wheel_hub_yaw_p30	0.000	0	-2105.049	-4289.376	80	35	-1870.020	-4029.980	-176.600
637	194.033	0	front_left_wheel_hub_yaw_p30	0.000	0	-2105.049	-4289.376	80	35	-1870.020	-4029.980	-176.600
638	194.308	0	front_left_wheel_hub_yaw_p30	0.000	0	-2090.844	-4264.145	81	36	-1839.990	-4020.020	179.800
639	194.581	0	front_left_wheel_hub_yaw_p30	0.000	0	-2090.844	-4264.145	81	36	-1839.990	-4020.020	179.800
640	194.855	0	front_left_wheel_hub_yaw_p30	0.000	0	-2090.844	-4264.145	81	36	-1839.990	-4020.020	179.800
641	195.201	0	front_left_wheel_hub_yaw_p30	0.000	0	-2090.844	-4264.145	81	36	-1839.990	-4020.020	179.800
642	195.492	0	front_left_wheel_hub_yaw_p30	0.000	0	-2078.853	-4234.122	81	36	-1810.010	-4009.961	175.400
643	195.804	0	front_left_wheel_hub_yaw_p30	0.000	0	-2078.853	-4234.122	81	36	-1810.010	-4009.961	175.400
644	196.107	0	front_left_wheel_hub_yaw_p30	0.000	0	-2078.853	-4234.122	81	36	-1810.010	-4009.961	175.400
645	196.393	0	front_left_wheel_hub_yaw_p30	0.000	0	-2064.212	-4214.327	81	37	-1780.029	-4009.961	171.300
646	196.693	0	front_left_wheel_hub_yaw_p30	0.000	0	-2064.212	-4214.327	81	37	-1780.029	-4009.961	171.300
647	196.969	0	front_left_wheel_hub_yaw_p30	0.000	0	-2064.212	-4214.327	81	37	-1780.029	-4009.961	171.300
648	197.244	0	front_left_wheel_hub_yaw_p30	0.000	0	-2064.212	-4214.327	81	37	-1780.029	-4009.961	171.300
649	197.529	0	front_left_wheel_hub_yaw_p30	0.000	0	-2038.696	-4182.483	82	37	-1739.990	-4000.000	167.000
650	197.802	0	front_left_wheel_hub_yaw_p30	0.000	0	-2038.696	-4182.483	82	37	-1739.990	-4000.000	167.000
651	198.096	0	front_left_wheel_hub_yaw_p30	0.000	0	-2038.696	-4182.483	82	37	-1739.990	-4000.000	167.000
652	198.403	0	front_left_wheel_hub_yaw_p30	0.000	0	-2013.997	-4183.502	82	37	-1710.010	-4009.961	165.300
653	198.706	0	front_left_wheel_hub_yaw_p30	0.000	0	-2013.997	-4183.502	82	37	-1710.010	-4009.961	165.300
654	199.009	0	front_left_wheel_hub_yaw_p30	0.000	0	-2013.997	-4183.502	82	37	-1710.010	-4009.961	165.300
655	199.313	0	front_left_wheel_hub_yaw_p30	0.000	0	-1977.775	-4204.064	83	37	-1680.029	-4020.020	167.300
656	199.587	0	front_left_wheel_hub_yaw_p30	0.000	0	-1977.775	-4204.064	83	37	-1680.029	-4020.020	167.300
657	199.861	0	front_left_wheel_hub_yaw_p30	0.000	0	-1977.775	-4204.064	83	37	-1680.029	-4020.020	167.300
658	200.142	0	front_left_wheel_hub_yaw_p30	0.000	0	-1977.775	-4204.064	83	37	-1680.029	-4020.020	167.300
659	200.457	0	front_left_wheel_hub_yaw_p30	0.000	0	-1947.367	-4229.857	84	36	-1660.010	-4029.980	170.400
660	200.741	0	front_left_wheel_hub_yaw_p30	0.000	0	-1947.367	-4229.857	84	36	-1660.010	-4029.980	170.400
661	201.065	0	front_left_wheel_hub_yaw_p30	0.000	0	-1947.367	-4229.857	84	36	-1660.010	-4029.980	170.400
662	201.377	0	front_left_wheel_hub_yaw_p30	0.000	0	-1907.280	-4253.617	84	36	-1630.029	-4039.942	173.200
663	201.698	0	front_left_wheel_hub_yaw_p30	0.000	0	-1907.280	-4253.617	84	36	-1630.029	-4039.942	173.200
664	201.981	0	front_left_wheel_hub_yaw_p30	0.000	0	-1907.280	-4253.617	84	36	-1630.029	-4039.942	173.200
665	202.313	0	front_left_wheel_hub_yaw_p30	0.000	0	-1876.095	-4277.429	85	35	-1610.010	-4050.000	176.100
666	202.590	0	front_left_wheel_hub_yaw_p30	0.000	0	-1876.095	-4277.429	85	35	-1610.010	-4050.000	176.100
667	202.869	0	front_left_wheel_hub_yaw_p30	0.000	0	-1876.095	-4277.429	85	35	-1610.010	-4050.000	176.100
668	203.203	0	front_left_wheel_hub_yaw_p30	0.000	0	-1876.095	-4277.429	85	35	-1610.010	-4050.000	176.100
669	203.486	0	front_left_wheel_hub_yaw_p30	0.000	0	-1831.734	-4303.210	86	35	-1580.029	-4059.961	179.600
670	203.769	0	front_left_wheel_hub_yaw_p30	0.000	0	-1831.734	-4303.210	86	35	-1580.029	-4059.961	179.600
671	204.102	0	front_left_wheel_hub_yaw_p30	0.000	0	-1831.734	-4303.210	86	35	-1580.029	-4059.961	179.600
672	204.382	0	front_left_wheel_hub_yaw_p30	0.000	0	-1796.395	-4328.181	87	34	-1560.010	-4070.020	-176.900
673	204.658	0	front_left_wheel_hub_yaw_p30	0.000	0	-1796.395	-4328.181	87	34	-1560.010	-4070.020	-176.900
674	204.938	0	front_left_wheel_hub_yaw_p30	0.000	0	-1796.395	-4328.181	87	34	-1560.010	-4070.020	-176.900
675	205.219	0	front_left_wheel_hub_yaw_p30	0.000	0	-1750.687	-4351.706	87	34	-1530.029	-4079.980	-173.500
676	205.500	0	front_left_wheel_hub_yaw_p30	0.000	0	-1750.687	-4351.706	87	34	-1530.029	-4079.980	-173.500
677	205.777	0	front_left_wheel_hub_yaw_p30	0.000	0	-1750.687	-4351.706	87	34	-1530.029	-4079.980	-173.500
678	206.105	0	front_left_wheel_hub_yaw_p30	0.000	0	-1750.687	-4351.706	87	34	-1530.029	-4079.980	-173.500
695	211.240	0	front_left_wheel_hub_yaw_p30	0.000	0	-1658.293	-4296.739	89	35	-1410.010	-4050.000	-179.600
696	211.522	0	front_left_wheel_hub_yaw_p30	0.000	0	-1658.293	-4296.739	89	35	-1410.010	-4050.000	-179.600
697	211.806	0	front_left_wheel_hub_yaw_p30	0.000	0	-1658.293	-4296.739	89	35	-1410.010	-4050.000	-179.600
698	212.084	0	front_left_wheel_hub_yaw_p30	0.000	0	-1658.293	-4296.739	89	35	-1410.010	-4050.000	-179.600
699	212.437	0	front_left_wheel_hub_yaw_p30	0.000	0	-1652.552	-4292.369	89	35	-1400.000	-4050.000	179.400
700	212.766	0	front_left_wheel_hub_yaw_p30	0.000	0	-1652.552	-4292.369	89	35	-1400.000	-4050.000	179.400
701	213.139	0	front_left_wheel_hub_yaw_p30	0.000	0	-1652.552	-4292.369	89	35	-1400.000	-4050.000	179.400
702	213.449	0	front_left_wheel_hub_yaw_p30	0.000	0	-1655.076	-4289.711	89	35	-1400.000	-4050.000	178.800
703	213.731	0	front_left_wheel_hub_yaw_p30	0.000	0	-1655.076	-4289.711	89	35	-1400.000	-4050.000	178.800
704	214.034	0	front_left_wheel_hub_yaw_p30	0.000	0	-1655.076	-4289.711	89	35	-1400.000	-4050.000	178.800
705	214.341	0	front_left_wheel_hub_yaw_p30	0.000	0	-1656.328	-4288.372	89	35	-1400.000	-4050.000	178.500
706	214.662	0	front_left_wheel_hub_yaw_p30	0.000	0	-1656.328	-4288.372	89	35	-1400.000	-4050.000	178.500
707	214.965	0	front_left_wheel_hub_yaw_p30	0.000	0	-1656.328	-4288.372	89	35	-1400.000	-4050.000	178.500
708	215.243	0	front_left_wheel_hub_yaw_p30	0.000	0	-1655.911	-4288.819	89	35	-1400.000	-4050.000	178.600
709	215.557	0	front_left_wheel_hub_yaw_p30	0.000	0	-1655.911	-4288.819	89	35	-1400.000	-4050.000	178.600
710	215.834	0	front_left_wheel_hub_yaw_p30	0.000	0	-1655.911	-4288.819	89	35	-1400.000	-4050.000	178.600
711	216.119	0	front_left_wheel_hub_yaw_p30	0.000	0	-1653.817	-4291.043	89	35	-1400.000	-4050.000	179.100
712	216.419	0	front_left_wheel_hub_yaw_p30	0.000	0	-1653.817	-4291.043	89	35	-1400.000	-4050.000	179.100
713	216.709	0	front_left_wheel_hub_yaw_p30	0.000	0	-1653.817	-4291.043	89	35	-1400.000	-4050.000	179.100
714	216.982	0	front_left_wheel_hub_yaw_p30	0.000	0	-1653.817	-4291.043	89	35	-1400.000	-4050.000	179.100
722	219.257	0	front_left_wheel_hub_yaw_p30	0.000	0	-1668.658	-4316.050	89	35	-1430.029	-4059.961	-177.400
723	219.553	0	front_left_wheel_hub_yaw_p30	0.000	0	-1668.658	-4316.050	89	35	-1430.029	-4059.961	-177.400
724	219.857	0	front_left_wheel_hub_yaw_p30	0.000	0	-1668.658	-4316.050	89	35	-1430.029	-4059.961	-177.400
725	220.201	0	front_left_wheel_hub_yaw_p30	0.000	0	-1671.376	-4322.613	89	34	-1439.990	-4059.961	-175.800
726	220.474	0	front_left_wheel_hub_yaw_p30	0.000	0	-1671.376	-4322.613	89	34	-1439.990	-4059.961	-175.800
727	220.750	0	front_left_wheel_hub_yaw_p30	0.000	0	-1671.376	-4322.613	89	34	-1439.990	-4059.961	-175.800
728	221.120	0	front_left_wheel_hub_yaw_p30	0.000	0	-1671.376	-4322.613	89	34	-1439.990	-4059.961	-175.800
731	222.189	0	front_left_wheel_hub_yaw_p30	0.000	0	-1679.595	-4360.343	89	34	-1470.020	-4079.980	-171.200
732	222.482	0	front_left_wheel_hub_yaw_p30	0.000	0	-1679.595	-4360.343	89	34	-1470.020	-4079.980	-171.200
733	222.785	0	front_left_wheel_hub_yaw_p30	0.000	0	-1679.595	-4360.343	89	34	-1470.020	-4079.980	-171.200
734	223.088	0	front_left_wheel_hub_yaw_p30	0.000	0	-1679.595	-4360.343	89	34	-1470.020	-4079.980	-171.200
741	225.326	0	front_left_wheel_hub_yaw_p30	0.000	0	-1695.324	-4418.510	89	33	-1530.029	-4109.961	-162.600
742	225.640	0	front_left_wheel_hub_yaw_p30	0.000	0	-1695.324	-4418.510	89	33	-1530.029	-4109.961	-162.600
743	225.916	0	front_left_wheel_hub_yaw_p30	0.000	0	-1695.324	-4418.510	89	33	-1530.029	-4109.961	-162.600
744	226.191	0	front_left_wheel_hub_yaw_p30	0.000	0	-1697.814	-4447.275	89	32	-1550.000	-4129.980	-159.400
745	226.468	0	front_left_wheel_hub_yaw_p30	0.000	0	-1697.814	-4447.275	89	32	-1550.000	-4129.980	-159.400
746	226.742	0	front_left_wheel_hub_yaw_p30	0.000	0	-1697.814	-4447.275	89	32	-1550.000	-4129.980	-159.400
747	227.017	0	front_left_wheel_hub_yaw_p30	0.000	0	-1697.814	-4447.275	89	32	-1550.000	-4129.980	-159.400
748	227.294	0	front_left_wheel_hub_yaw_p30	0.000	0	-1704.779	-4477.051	88	31	-1580.029	-4150.000	-155.300
749	227.568	0	front_left_wheel_hub_yaw_p30	0.000	0	-1704.779	-4477.051	88	31	-1580.029	-4150.000	-155.300
750	227.847	0	front_left_wheel_hub_yaw_p30	0.000	0	-1704.779	-4477.051	88	31	-1580.029	-4150.000	-155.300
751	228.177	0	front_left_wheel_hub_yaw_p30	0.000	0	-1704.779	-4477.051	88	31	-1580.029	-4150.000	-155.300
769	233.323	0	front_left_wheel_hub_yaw_p30	0.000	0	-1720.737	-4689.854	88	27	-1730.029	-4339.942	-132.900
770	233.595	0	front_left_wheel_hub_yaw_p30	0.000	0	-1720.737	-4689.854	88	27	-1730.029	-4339.942	-132.900
771	233.911	0	front_left_wheel_hub_yaw_p30	0.000	0	-1720.737	-4689.854	88	27	-1730.029	-4339.942	-132.900
772	234.195	0	front_left_wheel_hub_yaw_p30	0.000	0	-1760.865	-4699.867	87	27	-1750.000	-4350.000	-136.200
773	234.503	0	front_left_wheel_hub_yaw_p30	0.000	0	-1760.865	-4699.867	87	27	-1750.000	-4350.000	-136.200
774	234.814	0	front_left_wheel_hub_yaw_p30	0.000	0	-1760.865	-4699.867	87	27	-1750.000	-4350.000	-136.200
775	235.158	0	front_left_wheel_hub_yaw_p30	0.000	0	-1760.865	-4699.867	87	27	-1750.000	-4350.000	-136.200
776	235.493	0	front_left_wheel_hub_yaw_p30	0.000	0	-1809.190	-4718.839	86	27	-1780.029	-4370.020	-139.200
777	235.799	0	front_left_wheel_hub_yaw_p30	0.000	0	-1809.190	-4718.839	86	27	-1780.029	-4370.020	-139.200
778	236.109	0	front_left_wheel_hub_yaw_p30	0.000	0	-1809.190	-4718.839	86	27	-1780.029	-4370.020	-139.200
779	236.392	0	front_left_wheel_hub_yaw_p30	0.000	0	-1844.348	-4717.235	86	27	-1800.000	-4370.020	-141.700
780	236.666	0	front_left_wheel_hub_yaw_p30	0.000	0	-1844.348	-4717.235	86	27	-1800.000	-4370.020	-141.700
781	237.015	0	front_left_wheel_hub_yaw_p30	0.000	0	-1844.348	-4717.235	86	27	-1800.000	-4370.020	-141.700
785	238.200	0	front_left_wheel_hub_yaw_p30	0.000	0	-1897.891	-4723.375	85	26	-1830.029	-4379.980	-145.600
786	238.491	0	front_left_wheel_hub_yaw_p30	0.000	0	-1897.891	-4723.375	85	26	-1830.029	-4379.980	-145.600
787	238.783	0	front_left_wheel_hub_yaw_p30	0.000	0	-1897.891	-4723.375	85	26	-1830.029	-4379.980	-145.600
788	239.091	0	front_left_wheel_hub_yaw_p30	0.000	0	-1897.891	-4723.375	85	26	-1830.029	-4379.980	-145.600
789	239.392	0	front_left_wheel_hub_yaw_p30	0.000	0	-1918.009	-4731.172	84	26	-1839.990	-4389.942	-147.300
790	239.675	0	front_left_wheel_hub_yaw_p30	0.000	0	-1918.009	-4731.172	84	26	-1839.990	-4389.942	-147.300
791	240.012	0	front_left_wheel_hub_yaw_p30	0.000	0	-1918.009	-4731.172	84	26	-1839.990	-4389.942	-147.300
802	243.432	0	front_left_wheel_hub_yaw_p30	0.000	0	-1954.016	-4727.118	83	26	-1860.010	-4389.942	-150.000
803	243.733	0	front_left_wheel_hub_yaw_p30	0.000	0	-1954.016	-4727.118	83	26	-1860.010	-4389.942	-150.000
804	244.064	0	front_left_wheel_hub_yaw_p30	0.000	0	-1954.016	-4727.118	83	26	-1860.010	-4389.942	-150.000
805	244.397	0	front_left_wheel_hub_yaw_p30	0.000	0	-1953.428	-4727.281	83	26	-1860.010	-4389.942	-149.900
806	244.733	0	front_left_wheel_hub_yaw_p30	0.000	0	-1953.428	-4727.281	83	26	-1860.010	-4389.942	-149.900
807	245.047	0	front_left_wheel_hub_yaw_p30	0.000	0	-1953.428	-4727.281	83	26	-1860.010	-4389.942	-149.900
808	245.361	0	front_left_wheel_hub_yaw_p30	0.000	0	-1951.070	-4727.925	83	26	-1860.010	-4389.942	-149.500
809	245.633	0	front_left_wheel_hub_yaw_p30	0.000	0	-1951.070	-4727.925	83	26	-1860.010	-4389.942	-149.500
810	245.906	0	front_left_wheel_hub_yaw_p30	0.000	0	-1951.070	-4727.925	83	26	-1860.010	-4389.942	-149.500
815	247.320	0	front_left_wheel_hub_yaw_p30	0.000	0	-1931.588	-4730.336	84	26	-1850.000	-4389.942	-147.900
816	247.596	0	front_left_wheel_hub_yaw_p30	0.000	0	-1931.588	-4730.336	84	26	-1850.000	-4389.942	-147.900
817	247.872	0	front_left_wheel_hub_yaw_p30	0.000	0	-1931.588	-4730.336	84	26	-1850.000	-4389.942	-147.900
818	248.147	0	front_left_wheel_hub_yaw_p30	0.000	0	-1913.834	-4732.099	84	26	-1839.990	-4389.942	-146.600
819	248.420	0	front_left_wheel_hub_yaw_p30	0.000	0	-1913.834	-4732.099	84	26	-1839.990	-4389.942	-146.600
820	248.712	0	front_left_wheel_hub_yaw_p30	0.000	0	-1913.834	-4732.099	84	26	-1839.990	-4389.942	-146.600
821	249.011	0	front_left_wheel_hub_yaw_p30	0.000	0	-1913.834	-4732.099	84	26	-1839.990	-4389.942	-146.600
836	253.286	0	front_left_wheel_hub_yaw_p30	0.000	0	-1774.538	-4709.695	87	27	-1760.010	-4359.961	-136.800
837	253.562	0	front_left_wheel_hub_yaw_p30	0.000	0	-1774.538	-4709.695	87	27	-1760.010	-4359.961	-136.800
838	253.837	0	front_left_wheel_hub_yaw_p30	0.000	0	-1774.538	-4709.695	87	27	-1760.010	-4359.961	-136.800
839	254.115	0	front_left_wheel_hub_yaw_p30	0.000	0	-1774.538	-4709.695	87	27	-1760.010	-4359.961	-136.800
840	254.396	0	front_left_wheel_hub_yaw_p30	0.000	0	-1737.417	-4700.026	88	27	-1739.990	-4350.000	-134.000
841	254.718	0	front_left_wheel_hub_yaw_p30	0.000	0	-1737.417	-4700.026	88	27	-1739.990	-4350.000	-134.000
842	255.072	0	front_left_wheel_hub_yaw_p30	0.000	0	-1737.417	-4700.026	88	27	-1739.990	-4350.000	-134.000
846	256.277	0	front_left_wheel_hub_yaw_p30	0.000	0	-1662.067	-4677.955	89	27	-1700.000	-4329.980	-128.200
847	256.571	0	front_left_wheel_hub_yaw_p30	0.000	0	-1662.067	-4677.955	89	27	-1700.000	-4329.980	-128.200
848	256.890	0	front_left_wheel_hub_yaw_p30	0.000	0	-1662.067	-4677.955	89	27	-1700.000	-4329.980	-128.200
860	260.366	0	front_left_wheel_hub_yaw_p30	0.000	0	-1501.327	-4589.259	92	29	-1620.020	-4259.961	-114.600
861	260.654	0	front_left_wheel_hub_yaw_p30	0.000	0	-1501.327	-4589.259	92	29	-1620.020	-4259.961	-114.600
862	260.939	0	front_left_wheel_hub_yaw_p30	0.000	0	-1501.327	-4589.259	92	29	-1620.020	-4259.961	-114.600
863	261.221	0	front_left_wheel_hub_yaw_p30	0.000	0	-1460.304	-4550.932	93	30	-1600.000	-4229.980	-110.900
864	261.502	0	front_left_wheel_hub_yaw_p30	0.000	0	-1460.304	-4550.932	93	30	-1600.000	-4229.980	-110.900
865	261.790	0	front_left_wheel_hub_yaw_p30	0.000	0	-1460.304	-4550.932	93	30	-1600.000	-4229.980	-110.900
866	262.068	0	front_left_wheel_hub_yaw_p30	0.000	0	-1460.304	-4550.932	93	30	-1600.000	-4229.980	-110.900
870	263.209	0	front_left_wheel_hub_yaw_p30	0.000	0	-1424.188	-4498.191	94	31	-1570.020	-4179.980	-109.800
871	263.486	0	front_left_wheel_hub_yaw_p30	0.000	0	-1424.188	-4498.191	94	31	-1570.020	-4179.980	-109.800
872	263.771	0	front_left_wheel_hub_yaw_p30	0.000	0	-1424.188	-4498.191	94	31	-1570.020	-4179.980	-109.800
873	264.073	0	front_left_wheel_hub_yaw_p30	0.000	0	-1424.188	-4498.191	94	31	-1570.020	-4179.980	-109.800
887	268.308	0	front_left_wheel_hub_yaw_p30	0.000	0	-1427.066	-4443.827	94	32	-1560.010	-4120.020	-112.100
888	268.584	0	front_left_wheel_hub_yaw_p30	0.000	0	-1427.066	-4443.827	94	32	-1560.010	-4120.020	-112.100
889	268.860	0	front_left_wheel_hub_yaw_p30	0.000	0	-1427.066	-4443.827	94	32	-1560.010	-4120.020	-112.100
890	269.140	0	front_left_wheel_hub_yaw_p30	0.000	0	-1427.632	-4434.000	94	32	-1560.010	-4109.961	-112.200
891	269.438	0	front_left_wheel_hub_yaw_p30	0.000	0	-1427.632	-4434.000	94	32	-1560.010	-4109.961	-112.200
892	269.745	0	front_left_wheel_hub_yaw_p30	0.000	0	-1427.632	-4434.000	94	32	-1560.010	-4109.961	-112.200
893	270.026	0	front_left_wheel_hub_yaw_p30	0.000	0	-1427.632	-4434.000	94	32	-1560.010	-4109.961	-112.200
894	270.303	0	front_left_wheel_hub_yaw_p30	0.000	0	-1427.066	-4443.827	94	32	-1560.010	-4120.020	-112.100
895	270.578	0	front_left_wheel_hub_yaw_p30	0.000	0	-1427.066	-4443.827	94	32	-1560.010	-4120.020	-112.100
896	270.850	0	front_left_wheel_hub_yaw_p30	0.000	0	-1427.066	-4443.827	94	32	-1560.010	-4120.020	-112.100
897	271.124	0	front_left_wheel_hub_yaw_p30	0.000	0	-1427.066	-4443.827	94	32	-1560.010	-4120.020	-112.100
901	272.296	0	front_left_wheel_hub_yaw_p30	0.000	0	-1422.558	-4461.861	94	32	-1560.010	-4139.942	-111.300
902	272.605	0	front_left_wheel_hub_yaw_p30	0.000	0	-1422.558	-4461.861	94	32	-1560.010	-4139.942	-111.300
903	272.936	0	front_left_wheel_hub_yaw_p30	0.000	0	-1422.558	-4461.861	94	32	-1560.010	-4139.942	-111.300
904	273.216	0	front_left_wheel_hub_yaw_p30	0.000	0	-1422.558	-4461.861	94	32	-1560.010	-4139.942	-111.300
914	276.164	0	front_left_wheel_hub_yaw_p30	0.000	0	-1434.783	-4533.764	94	30	-1589.990	-4220.020	-108.100
915	276.436	0	front_left_wheel_hub_yaw_p30	0.000	0	-1434.783	-4533.764	94	30	-1589.990	-4220.020	-108.100
916	276.732	0	front_left_wheel_hub_yaw_p30	0.000	0	-1434.783	-4533.764	94	30	-1589.990	-4220.020	-108.100
917	277.010	0	front_left_wheel_hub_yaw_p30	0.000	0	-1434.783	-4533.764	94	30	-1589.990	-4220.020	-108.100
918	277.283	0	front_left_wheel_hub_yaw_p30	0.000	0	-1428.788	-4560.707	94	30	-1589.990	-4250.000	-107.000
919	277.556	0	front_left_wheel_hub_yaw_p30	0.000	0	-1428.788	-4560.707	94	30	-1589.990	-4250.000	-107.000
920	277.866	0	front_left_wheel_hub_yaw_p30	0.000	0	-1428.788	-4560.707	94	30	-1589.990	-4250.000	-107.000
921	278.179	0	front_left_wheel_hub_yaw_p30	0.000	0	-1431.255	-4596.618	94	29	-1600.000	-4289.942	-105.600
922	278.465	0	front_left_wheel_hub_yaw_p30	0.000	0	-1431.255	-4596.618	94	29	-1600.000	-4289.942	-105.600
923	278.798	0	front_left_wheel_hub_yaw_p30	0.000	0	-1431.255	-4596.618	94	29	-1600.000	-4289.942	-105.600
924	279.075	0	front_left_wheel_hub_yaw_p30	0.000	0	-1431.255	-4596.618	94	29	-1600.000	-4289.942	-105.600
925	279.377	0	front_left_wheel_hub_yaw_p30	0.000	0	-1433.823	-4642.403	94	28	-1610.010	-4339.942	-104.200
926	279.649	0	front_left_wheel_hub_yaw_p30	0.000	0	-1433.823	-4642.403	94	28	-1610.010	-4339.942	-104.200
927	279.921	0	front_left_wheel_hub_yaw_p30	0.000	0	-1433.823	-4642.403	94	28	-1610.010	-4339.942	-104.200
932	281.328	0	front_left_wheel_hub_yaw_p30	0.000	0	-1428.244	-4732.768	94	26	-1620.020	-4439.942	-101.200
933	281.606	0	front_left_wheel_hub_yaw_p30	0.000	0	-1428.244	-4732.768	94	26	-1620.020	-4439.942	-101.200
934	281.923	0	front_left_wheel_hub_yaw_p30	0.000	0	-1428.244	-4732.768	94	26	-1620.020	-4439.942	-101.200
935	282.262	0	front_left_wheel_hub_yaw_p30	0.000	0	-1431.157	-4777.995	94	25	-1630.029	-4489.942	-99.800
936	282.600	0	front_left_wheel_hub_yaw_p30	0.000	0	-1431.157	-4777.995	94	25	-1630.029	-4489.942	-99.800
937	282.893	0	front_left_wheel_hub_yaw_p30	0.000	0	-1431.157	-4777.995	94	25	-1630.029	-4489.942	-99.800
938	283.204	0	front_left_wheel_hub_yaw_p30	0.000	0	-1424.673	-4823.409	94	24	-1630.029	-4539.942	-98.500
939	283.477	0	front_left_wheel_hub_yaw_p30	0.000	0	-1424.673	-4823.409	94	24	-1630.029	-4539.942	-98.500
940	283.784	0	front_left_wheel_hub_yaw_p30	0.000	0	-1424.673	-4823.409	94	24	-1630.029	-4539.942	-98.500
941	284.090	0	front_left_wheel_hub_yaw_p30	0.000	0	-1424.673	-4823.409	94	24	-1630.029	-4539.942	-98.500
942	284.392	0	front_left_wheel_hub_yaw_p30	0.000	0	-1430.696	-4880.573	94	23	-1639.990	-4600.000	-97.700
943	284.674	0	front_left_wheel_hub_yaw_p30	0.000	0	-1430.696	-4880.573	94	23	-1639.990	-4600.000	-97.700
944	284.988	0	front_left_wheel_hub_yaw_p30	0.000	0	-1430.696	-4880.573	94	23	-1639.990	-4600.000	-97.700
945	285.258	0	front_left_wheel_hub_yaw_p30	0.000	0	-1438.752	-4949.124	94	22	-1650.000	-4670.020	-97.300
946	285.556	0	front_left_wheel_hub_yaw_p30	0.000	0	-1438.752	-4949.124	94	22	-1650.000	-4670.020	-97.300
947	285.829	0	front_left_wheel_hub_yaw_p30	0.000	0	-1438.752	-4949.124	94	22	-1650.000	-4670.020	-97.300
948	286.136	0	front_left_wheel_hub_yaw_p30	0.000	0	-1438.752	-4949.124	94	22	-1650.000	-4670.020	-97.300
949	286.422	0	front_left_wheel_hub_yaw_p30	0.000	0	-1439.240	-5009.453	94	21	-1650.000	-4729.980	-97.400
950	286.707	0	front_left_wheel_hub_yaw_p30	0.000	0	-1439.240	-5009.453	94	21	-1650.000	-4729.980	-97.400
951	287.094	0	front_left_wheel_hub_yaw_p30	0.000	0	-1439.240	-5009.453	94	21	-1650.000	-4729.980	-97.400
952	287.377	0	front_left_wheel_hub_yaw_p30	0.000	0	-1450.715	-5080.573	93	19	-1660.010	-4800.000	-97.700
953	287.653	0	front_left_wheel_hub_yaw_p30	0.000	0	-1450.715	-5080.573	93	19	-1660.010	-4800.000	-97.700
954	287.928	0	front_left_wheel_hub_yaw_p30	0.000	0	-1450.715	-5080.573	93	19	-1660.010	-4800.000	-97.700
955	288.204	0	front_left_wheel_hub_yaw_p30	0.000	0	-1450.715	-5080.573	93	19	-1660.010	-4800.000	-97.700
956	288.485	0	front_left_wheel_hub_yaw_p30	0.000	0	-1481.660	-5158.420	93	18	-1680.029	-4870.020	-99.900
957	288.754	0	front_left_wheel_hub_yaw_p30	0.000	0	-1481.660	-5158.420	93	18	-1680.029	-4870.020	-99.900
958	289.035	0	front_left_wheel_hub_yaw_p30	0.000	0	-1481.660	-5158.420	93	18	-1680.029	-4870.020	-99.900
959	289.310	0	front_left_wheel_hub_yaw_p30	0.000	0	-1543.410	-5247.788	92	16	-1710.010	-4939.942	-106.000
960	289.588	0	front_left_wheel_hub_yaw_p30	0.000	0	-1543.410	-5247.788	92	16	-1710.010	-4939.942	-106.000
961	289.899	0	front_left_wheel_hub_yaw_p30	0.000	0	-1543.410	-5247.788	92	16	-1710.010	-4939.942	-106.000
962	290.196	0	front_left_wheel_hub_yaw_p30	0.000	1	-1644.195	-5340.282	90	14	-1760.010	-5009.961	-115.100
963	290.482	0	front_left_wheel_hub_yaw_p30	0.000	0	-1644.195	-5340.282	90	14	-1760.010	-5009.961	-115.100
964	290.816	0	front_left_wheel_hub_yaw_p30	0.000	0	-1644.195	-5340.282	90	14	-1760.010	-5009.961	-115.100
965	291.091	0	front_left_wheel_hub_yaw_p30	0.000	0	-1644.195	-5340.282	90	14	-1760.010	-5009.961	-115.100
966	291.416	0	front_left_wheel_hub_yaw_p30	0.000	1	-1747.896	-5414.500	88	13	-1810.010	-5070.020	-124.200
967	291.704	0	front_left_wheel_hub_yaw_p30	0.000	1	-1747.896	-5414.500	88	13	-1810.010	-5070.020	-124.200
968	291.990	0	front_left_wheel_hub_yaw_p30	0.000	1	-1747.896	-5414.500	88	13	-1810.010	-5070.020	-124.200
969	292.305	0	front_left_wheel_hub_yaw_p30	0.000	1	-1842.781	-5469.631	86	12	-1860.010	-5120.020	-131.600
970	292.620	0	front_left_wheel_hub_yaw_p30	0.000	1	-1842.781	-5469.631	86	12	-1860.010	-5120.020	-131.600
971	292.933	0	front_left_wheel_hub_yaw_p30	0.000	1	-1842.781	-5469.631	86	12	-1860.010	-5120.020	-131.600
972	293.268	0	front_left_wheel_hub_yaw_p30	0.000	1	-1965.273	-5508.218	83	11	-1930.029	-5159.961	-140.200
973	293.547	0	front_left_wheel_hub_yaw_p30	0.000	1	-1965.273	-5508.218	83	11	-1930.029	-5159.961	-140.200
974	293.849	0	front_left_wheel_hub_yaw_p30	0.000	1	-1965.273	-5508.218	83	11	-1930.029	-5159.961	-140.200
975	294.148	0	front_left_wheel_hub_yaw_p30	0.000	1	-2038.276	-5535.097	82	10	-1980.029	-5189.942	-144.000
976	294.485	0	front_left_wheel_hub_yaw_p30	0.000	1	-2038.276	-5535.097	82	10	-1980.029	-5189.942	-144.000
977	294.790	0	front_left_wheel_hub_yaw_p30	0.000	1	-2038.276	-5535.097	82	10	-1980.029	-5189.942	-144.000
978	295.070	0	front_left_wheel_hub_yaw_p30	0.000	1	-2038.276	-5535.097	82	10	-1980.029	-5189.942	-144.000
979	295.363	0	front_left_wheel_hub_yaw_p30	0.000	1	-2085.262	-5575.631	81	9	-2030.029	-5229.980	-143.500
980	295.654	0	front_left_wheel_hub_yaw_p30	0.000	1	-2085.262	-5575.631	81	9	-2030.029	-5229.980	-143.500
981	295.931	0	front_left_wheel_hub_yaw_p30	0.000	1	-2085.262	-5575.631	81	9	-2030.029	-5229.980	-143.500
982	296.212	0	front_left_wheel_hub_yaw_p30	0.000	1	-2085.262	-5575.631	81	9	-2030.029	-5229.980	-143.500
983	296.491	0	front_left_wheel_hub_yaw_p30	0.000	1	-2084.636	-5598.318	81	9	-2050.000	-5250.000	-140.100
984	296.778	0	front_left_wheel_hub_yaw_p30	0.000	1	-2084.636	-5598.318	81	9	-2050.000	-5250.000	-140.100
985	297.049	0	front_left_wheel_hub_yaw_p30	0.000	1	-2084.636	-5598.318	81	9	-2050.000	-5250.000	-140.100
986	297.324	0	front_left_wheel_hub_yaw_p30	0.000	1	-2094.917	-5629.130	81	8	-2070.020	-5279.980	-138.500
987	297.608	0	front_left_wheel_hub_yaw_p30	0.000	1	-2094.917	-5629.130	81	8	-2070.020	-5279.980	-138.500
988	297.882	0	front_left_wheel_hub_yaw_p30	0.000	1	-2094.917	-5629.130	81	8	-2070.020	-5279.980	-138.500
989	298.159	0	front_left_wheel_hub_yaw_p30	0.000	1	-2117.580	-5659.555	80	8	-2100.000	-5309.961	-137.300
990	298.447	0	front_left_wheel_hub_yaw_p30	0.000	1	-2117.580	-5659.555	80	8	-2100.000	-5309.961	-137.300
991	298.769	0	front_left_wheel_hub_yaw_p30	0.000	1	-2117.580	-5659.555	80	8	-2100.000	-5309.961	-137.300
992	299.045	0	front_left_wheel_hub_yaw_p30	0.000	1	-2117.580	-5659.555	80	8	-2100.000	-5309.961	-137.300
993	299.315	0	front_left_wheel_hub_yaw_p30	0.000	1	-2125.388	-5689.936	80	7	-2120.020	-5339.942	-135.300
994	299.604	0	front_left_wheel_hub_yaw_p30	0.000	1	-2125.388	-5689.936	80	7	-2120.020	-5339.942	-135.300
995	299.876	0	front_left_wheel_hub_yaw_p30	0.000	1	-2125.388	-5689.936	80	7	-2120.020	-5339.942	-135.300
996	300.147	0	front_left_wheel_hub_yaw_p30	0.000	1	-2125.388	-5689.936	80	7	-2120.020	-5339.942	-135.300
997	300.423	0	front_left_wheel_hub_yaw_p30	0.000	1	-2150.106	-5729.876	79	6	-2160.010	-5379.980	-132.800
998	300.697	0	front_left_wheel_hub_yaw_p30	0.000	1	-2150.106	-5729.876	79	6	-2160.010	-5379.980	-132.800
999	300.990	0	front_left_wheel_hub_yaw_p30	0.000	1	-2150.106	-5729.876	79	6	-2160.010	-5379.980	-132.800
1000	301.308	0	front_left_wheel_hub_yaw_p30	0.000	1	-2159.962	-5778.726	79	5	-2189.990	-5429.980	-129.500
1001	301.762	0	front_left_wheel_hub_yaw_p30	0.000	1	-2159.962	-5778.726	79	5	-2189.990	-5429.980	-129.500
1002	302.096	0	front_left_wheel_hub_yaw_p30	0.000	1	-2159.962	-5778.726	79	5	-2189.990	-5429.980	-129.500
1003	302.396	0	front_left_wheel_hub_yaw_p30	0.000	1	-2156.331	-5815.915	79	5	-2210.010	-5470.020	-125.600
1004	302.706	0	front_left_wheel_hub_yaw_p30	0.000	1	-2156.331	-5815.915	79	5	-2210.010	-5470.020	-125.600
1005	302.987	0	front_left_wheel_hub_yaw_p30	0.000	1	-2156.331	-5815.915	79	5	-2210.010	-5470.020	-125.600
1006	303.347	0	front_left_wheel_hub_yaw_p30	0.000	1	-2135.773	-5867.087	80	4	-2230.029	-5529.980	-118.800
1007	303.625	0	front_left_wheel_hub_yaw_p30	0.000	1	-2135.773	-5867.087	80	4	-2230.029	-5529.980	-118.800
1008	303.910	0	front_left_wheel_hub_yaw_p30	0.000	1	-2135.773	-5867.087	80	4	-2230.029	-5529.980	-118.800
1009	304.188	0	front_left_wheel_hub_yaw_p30	0.000	1	-2131.307	-5909.278	80	3	-2250.000	-5579.980	-114.600
1010	304.474	0	front_left_wheel_hub_yaw_p30	0.000	1	-2131.307	-5909.278	80	3	-2250.000	-5579.980	-114.600
1011	304.791	0	front_left_wheel_hub_yaw_p30	0.000	1	-2131.307	-5909.278	80	3	-2250.000	-5579.980	-114.600
1012	305.078	0	front_left_wheel_hub_yaw_p30	0.000	1	-2131.307	-5909.278	80	3	-2250.000	-5579.980	-114.600
1013	305.397	0	front_left_wheel_hub_yaw_p30	0.000	1	-2158.828	-5941.867	79	2	-2270.020	-5609.961	-115.900
1014	305.688	0	front_left_wheel_hub_yaw_p30	0.000	1	-2158.828	-5941.867	79	2	-2270.020	-5609.961	-115.900
1015	306.038	0	front_left_wheel_hub_yaw_p30	0.000	1	-2158.828	-5941.867	79	2	-2270.020	-5609.961	-115.900
1016	306.398	0	front_left_wheel_hub_yaw_p30	0.000	1	-2199.269	-5968.055	79	2	-2289.990	-5629.980	-119.400
1017	306.888	0	front_left_wheel_hub_yaw_p30	0.000	1	-2199.269	-5968.055	79	2	-2289.990	-5629.980	-119.400
1018	307.180	0	front_left_wheel_hub_yaw_p30	0.000	1	-2199.269	-5968.055	79	2	-2289.990	-5629.980	-119.400
1019	307.515	0	front_left_wheel_hub_yaw_p30	0.000	1	-2237.704	-5992.486	78	1	-2310.010	-5650.000	-122.500
1020	307.807	0	front_left_wheel_hub_yaw_p30	0.000	1	-2237.704	-5992.486	78	1	-2310.010	-5650.000	-122.500
1021	308.126	0	front_left_wheel_hub_yaw_p30	0.000	1	-2237.704	-5992.486	78	1	-2310.010	-5650.000	-122.500
1022	308.502	0	front_left_wheel_hub_yaw_p30	0.000	1	-2251.304	-6013.244	77	1	-2320.020	-5670.020	-123.100
1023	308.780	0	front_left_wheel_hub_yaw_p30	0.000	1	-2251.304	-6013.244	77	1	-2320.020	-5670.020	-123.100
1024	309.062	0	front_left_wheel_hub_yaw_p30	0.000	1	-2251.304	-6013.244	77	1	-2320.020	-5670.020	-123.100
1025	309.338	0	front_left_wheel_hub_yaw_p30	0.000	1	-2245.222	-6039.607	78	17	-2330.029	-5700.000	-120.400
1026	309.647	0	front_left_wheel_hub_yaw_p30	0.000	1	-2245.222	-6039.607	78	17	-2330.029	-5700.000	-120.400
1027	309.918	0	front_left_wheel_hub_yaw_p30	0.000	1	-2245.222	-6039.607	78	17	-2330.029	-5700.000	-120.400
1028	310.193	0	front_left_wheel_hub_yaw_p30	0.000	1	-2234.026	-6063.592	78	16	-2339.990	-5729.980	-116.800
1029	310.486	0	front_left_wheel_hub_yaw_p30	0.000	1	-2234.026	-6063.592	78	16	-2339.990	-5729.980	-116.800
1030	310.759	0	front_left_wheel_hub_yaw_p30	0.000	1	-2234.026	-6063.592	78	16	-2339.990	-5729.980	-116.800
1031	311.035	0	front_left_wheel_hub_yaw_p30	0.000	1	-2234.026	-6063.592	78	16	-2339.990	-5729.980	-116.800
1032	311.339	0	front_left_wheel_hub_yaw_p30	0.000	0	-2231.307	-6089.259	78	16	-2350.000	-5759.961	-114.600
1033	311.643	0	front_left_wheel_hub_yaw_p30	0.000	0	-2231.307	-6089.259	78	16	-2350.000	-5759.961	-114.600
1034	311.924	0	front_left_wheel_hub_yaw_p30	0.000	0	-2231.307	-6089.259	78	16	-2350.000	-5759.961	-114.600
1035	312.235	0	front_left_wheel_hub_yaw_p30	0.000	0	-2241.317	-6119.239	78	15	-2360.010	-5789.942	-114.600
1036	312.557	0	front_left_wheel_hub_yaw_p30	0.000	0	-2241.317	-6119.239	78	15	-2360.010	-5789.942	-114.600
1037	312.893	0	front_left_wheel_hub_yaw_p30	0.000	0	-2241.317	-6119.239	78	15	-2360.010	-5789.942	-114.600
1038	313.203	0	front_left_wheel_hub_yaw_p30	0.000	0	-2241.317	-6119.239	78	15	-2360.010	-5789.942	-114.600
1039	313.576	0	front_left_wheel_hub_yaw_p30	0.000	0	-2258.468	-6158.230	77	14	-2380.029	-5829.980	-114.100
1040	313.899	0	front_left_wheel_hub_yaw_p30	0.000	0	-2258.468	-6158.230	77	14	-2380.029	-5829.980	-114.100
1041	314.203	0	front_left_wheel_hub_yaw_p30	0.000	0	-2244.159	-6188.231	78	14	-2389.990	-5870.020	-109.800
1042	314.482	0	front_left_wheel_hub_yaw_p30	0.000	0	-2244.159	-6188.231	78	14	-2389.990	-5870.020	-109.800
1043	314.771	0	front_left_wheel_hub_yaw_p30	0.000	0	-2244.159	-6188.231	78	14	-2389.990	-5870.020	-109.800
1044	315.048	0	front_left_wheel_hub_yaw_p30	0.000	0	-2244.159	-6188.231	78	14	-2389.990	-5870.020	-109.800
1045	315.323	0	front_left_wheel_hub_yaw_p30	0.000	0	-2222.853	-6227.575	78	13	-2389.990	-5920.020	-105.900
1046	315.609	0	front_left_wheel_hub_yaw_p30	0.000	1	-2222.853	-6227.575	78	13	-2389.990	-5920.020	-105.900
1047	315.942	0	front_left_wheel_hub_yaw_p30	0.000	1	-2222.853	-6227.575	78	13	-2389.990	-5920.020	-105.900
1048	316.217	0	front_left_wheel_hub_yaw_p30	0.000	0	-2244.245	-6263.473	78	12	-2400.000	-5950.000	-108.000
1049	316.525	0	front_left_wheel_hub_yaw_p30	0.000	0	-2244.245	-6263.473	78	12	-2400.000	-5950.000	-108.000
1050	316.798	0	front_left_wheel_hub_yaw_p30	0.000	0	-2244.245	-6263.473	78	12	-2400.000	-5950.000	-108.000
1051	317.092	0	front_left_wheel_hub_yaw_p30	0.000	0	-2244.245	-6263.473	78	12	-2400.000	-5950.000	-108.000
1052	317.393	0	front_left_wheel_hub_yaw_p30	0.000	0	-2282.006	-6291.699	77	12	-2420.020	-5970.020	-111.200
1053	317.681	0	front_left_wheel_hub_yaw_p30	0.000	0	-2282.006	-6291.699	77	12	-2420.020	-5970.020	-111.200
1054	318.035	0	front_left_wheel_hub_yaw_p30	0.000	0	-2282.006	-6291.699	77	12	-2420.020	-5970.020	-111.200
1055	318.350	0	front_left_wheel_hub_yaw_p30	0.000	0	-2307.895	-6317.978	76	11	-2430.029	-5989.942	-114.000
1056	318.661	0	front_left_wheel_hub_yaw_p30	0.000	0	-2307.895	-6317.978	76	11	-2430.029	-5989.942	-114.000
1057	318.949	0	front_left_wheel_hub_yaw_p30	0.000	0	-2307.895	-6317.978	76	11	-2430.029	-5989.942	-114.000
1058	319.252	0	front_left_wheel_hub_yaw_p30	0.000	0	-2341.129	-6332.674	76	11	-2450.000	-6000.000	-116.300
1059	319.529	0	front_left_wheel_hub_yaw_p30	0.000	0	-2341.129	-6332.674	76	11	-2450.000	-6000.000	-116.300
1060	319.804	0	front_left_wheel_hub_yaw_p30	0.000	0	-2341.129	-6332.674	76	11	-2450.000	-6000.000	-116.300
1061	320.120	0	front_left_wheel_hub_yaw_p30	0.000	0	-2362.815	-6346.232	75	11	-2460.010	-6009.961	-118.300
1062	320.416	0	front_left_wheel_hub_yaw_p30	0.000	0	-2362.815	-6346.232	75	11	-2460.010	-6009.961	-118.300
1063	320.701	0	front_left_wheel_hub_yaw_p30	0.000	0	-2362.815	-6346.232	75	11	-2460.010	-6009.961	-118.300
1064	320.971	0	front_left_wheel_hub_yaw_p30	0.000	0	-2362.815	-6346.232	75	11	-2460.010	-6009.961	-118.300
1065	321.245	0	front_left_wheel_hub_yaw_p30	0.000	0	-2382.843	-6359.026	75	10	-2470.020	-6020.020	-120.000
1066	321.554	0	front_left_wheel_hub_yaw_p30	0.000	0	-2382.843	-6359.026	75	10	-2470.020	-6020.020	-120.000
1067	321.829	0	front_left_wheel_hub_yaw_p30	0.000	0	-2382.843	-6359.026	75	10	-2470.020	-6020.020	-120.000
1068	322.109	0	front_left_wheel_hub_yaw_p30	0.000	0	-2382.843	-6359.026	75	10	-2470.020	-6020.020	-120.000
1069	322.390	0	front_left_wheel_hub_yaw_p30	0.000	0	-2400.567	-6370.877	74	10	-2480.029	-6029.980	-121.300
1070	322.696	0	front_left_wheel_hub_yaw_p30	0.000	0	-2400.567	-6370.877	74	10	-2480.029	-6029.980	-121.300
1071	322.972	0	front_left_wheel_hub_yaw_p30	0.000	0	-2400.567	-6370.877	74	10	-2480.029	-6029.980	-121.300
1072	323.276	0	front_left_wheel_hub_yaw_p30	0.000	0	-2404.737	-6381.784	74	10	-2480.029	-6039.942	-122.000
1073	323.559	0	front_left_wheel_hub_yaw_p30	0.000	0	-2404.737	-6381.784	74	10	-2480.029	-6039.942	-122.000
1074	323.831	0	front_left_wheel_hub_yaw_p30	0.000	0	-2404.737	-6381.784	74	10	-2480.029	-6039.942	-122.000
1075	324.106	0	front_left_wheel_hub_yaw_p30	0.000	0	-2417.087	-6382.301	74	10	-2489.990	-6039.942	-122.400
1076	324.417	0	front_left_wheel_hub_yaw_p30	0.000	0	-2417.087	-6382.301	74	10	-2489.990	-6039.942	-122.400
1077	324.733	0	front_left_wheel_hub_yaw_p30	0.000	0	-2417.087	-6382.301	74	10	-2489.990	-6039.942	-122.400
1078	325.014	0	front_left_wheel_hub_yaw_p30	0.000	0	-2417.087	-6382.301	74	10	-2489.990	-6039.942	-122.400
1079	325.349	0	front_left_wheel_hub_yaw_p30	0.000	0	-2417.087	-6382.301	74	10	-2489.990	-6039.942	-122.400
1080	325.625	0	front_left_wheel_hub_yaw_p30	0.000	0	-2417.087	-6382.301	74	10	-2489.990	-6039.942	-122.400
1081	325.901	0	front_left_wheel_hub_yaw_p30	0.000	0	-2417.087	-6382.301	74	10	-2489.990	-6039.942	-122.400
1082	326.174	0	front_left_wheel_hub_yaw_p30	0.000	0	-2405.334	-6381.915	74	10	-2480.029	-6039.942	-122.100
1083	326.461	0	front_left_wheel_hub_yaw_p30	0.000	0	-2405.334	-6381.915	74	10	-2480.029	-6039.942	-122.100
1084	326.741	0	front_left_wheel_hub_yaw_p30	0.000	0	-2405.334	-6381.915	74	10	-2480.029	-6039.942	-122.100
1085	327.046	0	front_left_wheel_hub_yaw_p30	0.000	0	-2405.334	-6381.915	74	10	-2480.029	-6039.942	-122.100
1086	327.319	0	front_left_wheel_hub_yaw_p30	0.000	0	-2399.972	-6370.738	75	10	-2480.029	-6029.980	-121.200
1087	327.594	0	front_left_wheel_hub_yaw_p30	0.000	0	-2399.972	-6370.738	75	10	-2480.029	-6029.980	-121.200
1088	327.870	0	front_left_wheel_hub_yaw_p30	0.000	0	-2399.972	-6370.738	75	10	-2480.029	-6029.980	-121.200
1089	328.146	0	front_left_wheel_hub_yaw_p30	0.000	0	-2399.972	-6370.738	75	10	-2480.029	-6029.980	-121.200
1090	328.443	0	front_left_wheel_hub_yaw_p30	0.000	0	-2384.027	-6369.289	75	10	-2470.020	-6029.980	-120.200
