step_idx	elapsed_s	sensor_idx	sensor_label	raw_cm	mask_hit	sensor_world_x_cm	sensor_world_y_cm	sensor_cell_x	sensor_cell_y	rover_x_cm	rover_y_cm	rover_heading_deg
0	0.000	0	front_left_wheel_hub_yaw_p30	0.000	0	545.436	930.408	108	99	300.000	1179.980	-89.900
1	0.372	0	front_left_wheel_hub_yaw_p30	0.000	0	545.436	930.408	108	99	300.000	1179.980	-89.900
5	1.469	0	front_left_wheel_hub_yaw_p30	0.000	0	545.436	930.408	108	99	300.000	1179.980	-89.900
6	1.745	0	front_left_wheel_hub_yaw_p30	0.000	0	545.436	930.408	108	99	300.000	1179.980	-89.900
7	2.016	0	front_left_wheel_hub_yaw_p30	0.000	0	545.436	930.408	108	99	300.000	1179.980	-89.900
8	2.289	0	front_left_wheel_hub_yaw_p30	0.000	0	545.436	930.408	108	99	300.000	1179.980	-89.900
9	2.569	0	front_left_wheel_hub_yaw_p30	0.000	0	544.126	929.127	108	98	300.000	1179.980	-90.200
10	2.843	0	front_left_wheel_hub_yaw_p30	0.000	0	544.126	929.127	108	98	300.000	1179.980	-90.200
11	3.140	0	front_left_wheel_hub_yaw_p30	0.000	0	544.126	929.127	108	98	300.000	1179.980	-90.200
12	3.409	0	front_left_wheel_hub_yaw_p30	0.000	0	544.126	929.127	108	98	300.000	1179.980	-90.200
19	5.374	0	front_left_wheel_hub_yaw_p30	0.000	0	519.732	895.968	108	98	289.990	1160.058	-93.400
20	5.689	0	front_left_wheel_hub_yaw_p30	0.000	0	519.732	895.968	108	98	289.990	1160.058	-93.400
21	5.976	0	front_left_wheel_hub_yaw_p30	0.000	0	519.732	895.968	108	98	289.990	1160.058	-93.400
22	6.278	0	front_left_wheel_hub_yaw_p30	0.000	0	519.732	895.968	108	98	289.990	1160.058	-93.400
23	6.593	0	front_left_wheel_hub_yaw_p30	0.000	0	512.269	869.637	108	97	289.990	1140.039	-95.000
24	6.866	0	front_left_wheel_hub_yaw_p30	0.000	0	512.269	869.637	108	97	289.990	1140.039	-95.000
25	7.143	0	front_left_wheel_hub_yaw_p30	0.000	0	512.269	869.637	108	97	289.990	1140.039	-95.000
37	10.532	0	front_left_wheel_hub_yaw_p30	0.000	0	424.071	776.296	106	95	250.000	1079.980	-104.600
38	10.809	0	front_left_wheel_hub_yaw_p30	0.000	0	424.071	776.296	106	95	250.000	1079.980	-104.600
39	11.075	0	front_left_wheel_hub_yaw_p30	0.000	0	424.071	776.296	106	95	250.000	1079.980	-104.600
40	11.343	0	front_left_wheel_hub_yaw_p30	0.000	0	424.071	776.296	106	95	250.000	1079.980	-104.600
41	11.629	0	front_left_wheel_hub_yaw_p30	0.000	0	396.292	736.799	105	95	239.990	1050.000	-107.900
42	11.903	0	front_left_wheel_hub_yaw_p30	0.000	0	396.292	736.799	105	95	239.990	1050.000	-107.900
43	12.174	0	front_left_wheel_hub_yaw_p30	0.000	0	396.292	736.799	105	95	239.990	1050.000	-107.900
59	16.633	0	front_left_wheel_hub_yaw_p30	0.000	0	197.498	576.557	101	91	129.980	920.020	-123.300
60	16.904	0	front_left_wheel_hub_yaw_p30	0.000	0	197.498	576.557	101	91	129.980	920.020	-123.300
61	17.184	0	front_left_wheel_hub_yaw_p30	0.000	0	197.498	576.557	101	91	129.980	920.020	-123.300
62	17.453	0	front_left_wheel_hub_yaw_p30	0.000	0	154.283	534.179	101	91	100.000	879.980	-125.500
63	17.722	0	front_left_wheel_hub_yaw_p30	0.000	0	154.283	534.179	101	91	100.000	879.980	-125.500
64	17.990	0	front_left_wheel_hub_yaw_p30	0.000	0	154.283	534.179	101	91	100.000	879.980	-125.500
65	18.261	0	front_left_wheel_hub_yaw_p30	0.000	0	154.283	534.179	101	91	100.000	879.980	-125.500
73	20.457	0	front_left_wheel_hub_yaw_p30	0.000	0	3.308	400.742	98	88	-20.020	750.000	-130.600
74	20.766	0	front_left_wheel_hub_yaw_p30	0.000	0	3.308	400.742	98	88	-20.020	750.000	-130.600
75	21.079	0	front_left_wheel_hub_yaw_p30	0.000	0	3.308	400.742	98	88	-20.020	750.000	-130.600
76	21.350	0	front_left_wheel_hub_yaw_p30	0.000	0	3.308	400.742	98	88	-20.020	750.000	-130.600
83	23.437	0	front_left_wheel_hub_yaw_p30	0.000	0	-38.638	379.947	97	87	-39.990	729.980	-134.200
84	23.777	0	front_left_wheel_hub_yaw_p30	0.000	0	-38.638	379.947	97	87	-39.990	729.980	-134.200
85	24.046	0	front_left_wheel_hub_yaw_p30	0.000	0	-38.638	379.947	97	87	-39.990	729.980	-134.200
86	24.322	0	front_left_wheel_hub_yaw_p30	0.000	0	-38.638	379.947	97	87	-39.990	729.980	-134.200
87	24.592	0	front_left_wheel_hub_yaw_p30	0.000	0	-23.180	390.070	97	88	-30.029	740.039	-133.300
88	24.861	0	front_left_wheel_hub_yaw_p30	0.000	0	-23.180	390.070	97	88	-30.029	740.039	-133.300
89	25.133	0	front_left_wheel_hub_yaw_p30	0.000	0	-23.180	390.070	97	88	-30.029	740.039	-133.300
90	25.409	0	front_left_wheel_hub_yaw_p30	0.000	0	-0.960	400.483	97	88	-20.020	750.000	-131.300
91	25.688	0	front_left_wheel_hub_yaw_p30	0.000	0	-0.960	400.483	97	88	-20.020	750.000	-131.300
92	26.009	0	front_left_wheel_hub_yaw_p30	0.000	0	-0.960	400.483	97	88	-20.020	750.000	-131.300
93	26.289	0	front_left_wheel_hub_yaw_p30	0.000	0	-0.960	400.483	97	88	-20.020	750.000	-131.300
94	26.558	0	front_left_wheel_hub_yaw_p30	0.000	0	34.895	411.766	98	88	0.000	760.058	-128.700
95	26.898	0	front_left_wheel_hub_yaw_p30	0.000	0	34.895	411.766	98	88	0.000	760.058	-128.700
96	27.226	0	front_left_wheel_hub_yaw_p30	0.000	0	34.895	411.766	98	88	0.000	760.058	-128.700
97	27.500	0	front_left_wheel_hub_yaw_p30	0.000	0	71.234	433.719	99	89	19.971	779.980	-126.000
98	27.828	0	front_left_wheel_hub_yaw_p30	0.000	0	71.234	433.719	99	89	19.971	779.980	-126.000
99	28.097	0	front_left_wheel_hub_yaw_p30	0.000	0	71.234	433.719	99	89	19.971	779.980	-126.000
111	31.404	0	front_left_wheel_hub_yaw_p30	0.000	0	48.731	530.590	98	91	69.971	879.980	-137.900
112	31.683	0	front_left_wheel_hub_yaw_p30	0.000	0	48.731	530.590	98	91	69.971	879.980	-137.900
113	31.960	0	front_left_wheel_hub_yaw_p30	0.000	0	48.731	530.590	98	91	69.971	879.980	-137.900
114	32.234	0	front_left_wheel_hub_yaw_p30	0.000	0	48.731	530.590	98	91	69.971	879.980	-137.900
115	32.546	0	front_left_wheel_hub_yaw_p30	0.000	0	41.403	563.411	98	91	89.990	910.058	-142.400
116	32.856	0	front_left_wheel_hub_yaw_p30	0.000	0	41.403	563.411	98	91	89.990	910.058	-142.400
117	33.130	0	front_left_wheel_hub_yaw_p30	0.000	0	41.403	563.411	98	91	89.990	910.058	-142.400
118	33.403	0	front_left_wheel_hub_yaw_p30	0.000	0	41.403	563.411	98	91	89.990	910.058	-142.400
119	33.696	0	front_left_wheel_hub_yaw_p30	0.000	0	36.166	597.881	98	92	110.010	940.039	-146.600
120	34.018	0	front_left_wheel_hub_yaw_p30	0.000	0	36.166	597.881	98	92	110.010	940.039	-146.600
121	34.331	0	front_left_wheel_hub_yaw_p30	0.000	0	36.166	597.881	98	92	110.010	940.039	-146.600
122	34.689	0	front_left_wheel_hub_yaw_p30	0.000	0	58.997	619.522	99	92	139.990	960.058	-147.800
123	34.959	0	front_left_wheel_hub_yaw_p30	0.000	0	58.997	619.522	99	92	139.990	960.058	-147.800
124	35.235	0	front_left_wheel_hub_yaw_p30	0.000	0	58.997	619.522	99	92	139.990	960.058	-147.800
125	35.507	0	front_left_wheel_hub_yaw_p30	0.000	0	105.108	626.046	100	92	169.971	970.020	-145.100
126	35.784	0	front_left_wheel_hub_yaw_p30	0.000	0	105.108	626.046	100	92	169.971	970.020	-145.100
127	36.069	0	front_left_wheel_hub_yaw_p30	0.000	0	105.108	626.046	100	92	169.971	970.020	-145.100
128	36.339	0	front_left_wheel_hub_yaw_p30	0.000	0	105.108	626.046	100	92	169.971	970.020	-145.100
129	36.610	0	front_left_wheel_hub_yaw_p30	0.000	0	144.430	632.922	100	93	189.990	979.980	-141.900
130	36.886	0	front_left_wheel_hub_yaw_p30	0.000	0	144.430	632.922	100	93	189.990	979.980	-141.900
131	37.164	0	front_left_wheel_hub_yaw_p30	0.000	0	144.430	632.922	100	93	189.990	979.980	-141.900
132	37.469	0	front_left_wheel_hub_yaw_p30	0.000	0	144.430	632.922	100	93	189.990	979.980	-141.900
133	37.750	0	front_left_wheel_hub_yaw_p30	0.000	0	180.849	641.220	101	93	210.010	990.039	-139.200
134	38.021	0	front_left_wheel_hub_yaw_p30	0.000	0	180.849	641.220	101	93	210.010	990.039	-139.200
135	38.298	0	front_left_wheel_hub_yaw_p30	0.000	0	180.849	641.220	101	93	210.010	990.039	-139.200
136	38.572	0	front_left_wheel_hub_yaw_p30	0.000	0	215.452	650.266	102	93	229.980	1000.000	-136.800
137	38.848	0	front_left_wheel_hub_yaw_p30	0.000	0	215.452	650.266	102	93	229.980	1000.000	-136.800
138	39.125	0	front_left_wheel_hub_yaw_p30	0.000	0	215.452	650.266	102	93	229.980	1000.000	-136.800
139	39.397	0	front_left_wheel_hub_yaw_p30	0.000	0	247.686	660.030	102	93	250.000	1010.058	-134.800
140	39.688	0	front_left_wheel_hub_yaw_p30	0.000	0	247.686	660.030	102	93	250.000	1010.058	-134.800
141	39.959	0	front_left_wheel_hub_yaw_p30	0.000	0	247.686	660.030	102	93	250.000	1010.058	-134.800
142	40.235	0	front_left_wheel_hub_yaw_p30	0.000	0	247.686	660.030	102	93	250.000	1010.058	-134.800
143	40.510	0	front_left_wheel_hub_yaw_p30	0.000	0	267.470	660.102	103	93	260.010	1010.058	-133.200
144	40.781	0	front_left_wheel_hub_yaw_p30	0.000	0	267.470	660.102	103	93	260.010	1010.058	-133.200
145	41.058	0	front_left_wheel_hub_yaw_p30	0.000	0	267.470	660.102	103	93	260.010	1010.058	-133.200
146	41.330	0	front_left_wheel_hub_yaw_p30	0.000	0	267.470	660.102	103	93	260.010	1010.058	-133.200
147	41.614	0	front_left_wheel_hub_yaw_p30	0.000	0	284.759	670.296	103	93	269.971	1020.020	-132.000
148	41.901	0	front_left_wheel_hub_yaw_p30	0.000	0	284.759	670.296	103	93	269.971	1020.020	-132.000
149	42.174	0	front_left_wheel_hub_yaw_p30	0.000	0	284.759	670.296	103	93	269.971	1020.020	-132.000
161	45.615	0	front_left_wheel_hub_yaw_p30	0.000	0	285.979	670.350	103	93	269.971	1020.020	-131.800
162	45.891	0	front_left_wheel_hub_yaw_p30	0.000	0	285.979	670.350	103	93	269.971	1020.020	-131.800
163	46.165	0	front_left_wheel_hub_yaw_p30	0.000	0	285.979	670.350	103	93	269.971	1020.020	-131.800
164	46.437	0	front_left_wheel_hub_yaw_p30	0.000	0	270.524	660.181	103	93	260.010	1010.058	-132.700
165	46.710	0	front_left_wheel_hub_yaw_p30	0.000	0	270.524	660.181	103	93	260.010	1010.058	-132.700
166	46.982	0	front_left_wheel_hub_yaw_p30	0.000	0	270.524	660.181	103	93	260.010	1010.058	-132.700
167	47.256	0	front_left_wheel_hub_yaw_p30	0.000	0	270.524	660.181	103	93	260.010	1010.058	-132.700
168	47.530	0	front_left_wheel_hub_yaw_p30	0.000	0	261.973	660.028	103	93	260.010	1010.058	-134.100
169	47.803	0	front_left_wheel_hub_yaw_p30	0.000	0	261.973	660.028	103	93	260.010	1010.058	-134.100
170	48.075	0	front_left_wheel_hub_yaw_p30	0.000	0	261.973	660.028	103	93	260.010	1010.058	-134.100
171	48.369	0	front_left_wheel_hub_yaw_p30	0.000	0	232.179	650.051	102	93	239.990	1000.000	-135.700
172	48.653	0	front_left_wheel_hub_yaw_p30	0.000	0	232.179	650.051	102	93	239.990	1000.000	-135.700
173	48.941	0	front_left_wheel_hub_yaw_p30	0.000	0	232.179	650.051	102	93	239.990	1000.000	-135.700
174	49.231	0	front_left_wheel_hub_yaw_p30	0.000	0	232.179	650.051	102	93	239.990	1000.000	-135.700
175	49.505	0	front_left_wheel_hub_yaw_p30	0.000	0	232.179	650.051	102	93	239.990	1000.000	-135.700
176	49.791	0	front_left_wheel_hub_yaw_p30	0.000	0	209.961	650.537	102	93	229.980	1000.000	-137.700
177	50.083	0	front_left_wheel_hub_yaw_p30	0.000	0	209.961	650.537	102	93	229.980	1000.000	-137.700
178	50.364	0	front_left_wheel_hub_yaw_p30	0.000	0	209.961	650.537	102	93	229.980	1000.000	-137.700
179	50.665	0	front_left_wheel_hub_yaw_p30	0.000	0	177.806	641.488	101	93	210.010	990.039	-139.700
180	50.936	0	front_left_wheel_hub_yaw_p30	0.000	0	177.806	641.488	101	93	210.010	990.039	-139.700
181	51.213	0	front_left_wheel_hub_yaw_p30	0.000	0	177.806	641.488	101	93	210.010	990.039	-139.700
182	51.491	0	front_left_wheel_hub_yaw_p30	0.000	0	153.229	633.084	101	93	200.000	979.980	-142.100
183	51.766	0	front_left_wheel_hub_yaw_p30	0.000	0	153.229	633.084	101	93	200.000	979.980	-142.100
184	52.042	0	front_left_wheel_hub_yaw_p30	0.000	0	153.229	633.084	101	93	200.000	979.980	-142.100
185	52.313	0	front_left_wheel_hub_yaw_p30	0.000	0	153.229	633.084	101	93	200.000	979.980	-142.100
186	52.588	0	front_left_wheel_hub_yaw_p30	0.000	0	116.920	635.672	100	93	179.980	979.980	-144.800
187	52.860	0	front_left_wheel_hub_yaw_p30	0.000	0	116.920	635.672	100	93	179.980	979.980	-144.800
188	53.134	0	front_left_wheel_hub_yaw_p30	0.000	0	116.920	635.672	100	93	179.980	979.980	-144.800
189	53.405	0	front_left_wheel_hub_yaw_p30	0.000	0	69.601	629.342	99	92	150.000	970.020	-147.700
190	53.719	0	front_left_wheel_hub_yaw_p30	0.000	0	69.601	629.342	99	92	150.000	970.020	-147.700
191	54.032	0	front_left_wheel_hub_yaw_p30	0.000	0	69.601	629.342	99	92	150.000	970.020	-147.700
192	54.304	0	front_left_wheel_hub_yaw_p30	0.000	0	69.601	629.342	99	92	150.000	970.020	-147.700
193	54.604	0	front_left_wheel_hub_yaw_p30	0.000	0	31.276	624.228	98	92	129.980	960.058	-150.800
194	54.877	0	front_left_wheel_hub_yaw_p30	0.000	0	31.276	624.228	98	92	129.980	960.058	-150.800
195	55.153	0	front_left_wheel_hub_yaw_p30	0.000	0	31.276	624.228	98	92	129.980	960.058	-150.800
196	55.425	0	front_left_wheel_hub_yaw_p30	0.000	0	31.276	624.228	98	92	129.980	960.058	-150.800
197	55.745	0	front_left_wheel_hub_yaw_p30	0.000	0	-17.298	630.261	97	93	100.000	960.058	-154.000
198	56.018	0	front_left_wheel_hub_yaw_p30	0.000	0	-17.298	630.261	97	93	100.000	960.058	-154.000
199	56.299	0	front_left_wheel_hub_yaw_p30	0.000	0	-17.298	630.261	97	93	100.000	960.058	-154.000
200	56.580	0	front_left_wheel_hub_yaw_p30	0.000	0	-55.544	637.323	96	93	79.980	960.058	-157.200
201	56.852	0	front_left_wheel_hub_yaw_p30	0.000	0	-55.544	637.323	96	93	79.980	960.058	-157.200
202	57.131	0	front_left_wheel_hub_yaw_p30	0.000	0	-55.544	637.323	96	93	79.980	960.058	-157.200
203	57.411	0	front_left_wheel_hub_yaw_p30	0.000	0	-55.544	637.323	96	93	79.980	960.058	-157.200
204	57.729	0	front_left_wheel_hub_yaw_p30	0.000	0	-102.229	634.800	95	93	50.000	950.000	-160.200
205	58.003	0	front_left_wheel_hub_yaw_p30	0.000	0	-102.229	634.800	95	93	50.000	950.000	-160.200
206	58.311	0	front_left_wheel_hub_yaw_p30	0.000	0	-102.229	634.800	95	93	50.000	950.000	-160.200
207	58.586	0	front_left_wheel_hub_yaw_p30	0.000	0	-157.435	642.612	94	93	10.010	950.000	-163.000
208	58.874	0	front_left_wheel_hub_yaw_p30	0.000	0	-157.435	642.612	94	93	10.010	950.000	-163.000
209	59.154	0	front_left_wheel_hub_yaw_p30	0.000	0	-157.435	642.612	94	93	10.010	950.000	-163.000
210	59.427	0	front_left_wheel_hub_yaw_p30	0.000	0	-157.435	642.612	94	93	10.010	950.000	-163.000
211	59.718	0	front_left_wheel_hub_yaw_p30	0.000	0	-199.666	639.619	94	93	-20.020	940.039	-165.300
212	60.028	0	front_left_wheel_hub_yaw_p30	0.000	0	-199.666	639.619	94	93	-20.020	940.039	-165.300
213	60.324	0	front_left_wheel_hub_yaw_p30	0.000	0	-199.666	639.619	94	93	-20.020	940.039	-165.300
214	60.611	0	front_left_wheel_hub_yaw_p30	0.000	0	-250.544	646.404	92	93	-60.010	940.039	-167.400
215	60.904	0	front_left_wheel_hub_yaw_p30	0.000	0	-250.544	646.404	92	93	-60.010	940.039	-167.400
216	61.188	0	front_left_wheel_hub_yaw_p30	0.000	0	-250.544	646.404	92	93	-60.010	940.039	-167.400
217	61.463	0	front_left_wheel_hub_yaw_p30	0.000	0	-300.666	653.232	91	93	-100.000	940.039	-169.400
218	61.739	0	front_left_wheel_hub_yaw_p30	0.000	0	-300.666	653.232	91	93	-100.000	940.039	-169.400
219	62.011	0	front_left_wheel_hub_yaw_p30	0.000	0	-300.666	653.232	91	93	-100.000	940.039	-169.400
220	62.284	0	front_left_wheel_hub_yaw_p30	0.000	0	-300.666	653.232	91	93	-100.000	940.039	-169.400
221	62.580	0	front_left_wheel_hub_yaw_p30	0.000	0	-350.543	650.351	90	93	-139.990	929.980	-171.400
222	62.866	0	front_left_wheel_hub_yaw_p30	0.000	0	-350.543	650.351	90	93	-139.990	929.980	-171.400
223	63.144	0	front_left_wheel_hub_yaw_p30	0.000	0	-350.543	650.351	90	93	-139.990	929.980	-171.400
224	63.419	0	front_left_wheel_hub_yaw_p30	0.000	0	-407.791	655.959	89	93	-189.990	929.980	-172.900
225	63.696	0	front_left_wheel_hub_yaw_p30	0.000	0	-407.791	655.959	89	93	-189.990	929.980	-172.900
226	63.970	0	front_left_wheel_hub_yaw_p30	0.000	0	-407.791	655.959	89	93	-189.990	929.980	-172.900
227	64.251	0	front_left_wheel_hub_yaw_p30	0.000	0	-407.791	655.959	89	93	-189.990	929.980	-172.900
228	64.537	0	front_left_wheel_hub_yaw_p30	0.000	0	-475.834	662.541	88	93	-250.000	929.980	-174.600
229	64.893	0	front_left_wheel_hub_yaw_p30	0.000	0	-475.834	662.541	88	93	-250.000	929.980	-174.600
230	65.196	0	front_left_wheel_hub_yaw_p30	0.000	0	-475.834	662.541	88	93	-250.000	929.980	-174.600
231	65.473	0	front_left_wheel_hub_yaw_p30	0.000	0	-518.612	654.959	87	93	-289.990	920.020	-175.200
232	65.937	0	front_left_wheel_hub_yaw_p30	0.000	0	-518.612	654.959	87	93	-289.990	920.020	-175.200
233	66.244	0	front_left_wheel_hub_yaw_p30	0.000	0	-518.612	654.959	87	93	-289.990	920.020	-175.200
234	66.527	0	front_left_wheel_hub_yaw_p30	0.000	0	-574.431	651.401	86	93	-350.000	920.020	-174.300
235	66.815	0	front_left_wheel_hub_yaw_p30	0.000	0	-574.431	651.401	86	93	-350.000	920.020	-174.300
236	67.094	0	front_left_wheel_hub_yaw_p30	0.000	0	-574.431	651.401	86	93	-350.000	920.020	-174.300
237	67.375	0	front_left_wheel_hub_yaw_p30	0.000	0	-574.431	651.401	86	93	-350.000	920.020	-174.300
238	67.662	0	front_left_wheel_hub_yaw_p30	0.000	0	-645.040	660.624	85	93	-410.010	920.020	-176.600
239	67.952	0	front_left_wheel_hub_yaw_p30	0.000	0	-645.040	660.624	85	93	-410.010	920.020	-176.600
240	68.243	0	front_left_wheel_hub_yaw_p30	0.000	0	-645.040	660.624	85	93	-410.010	920.020	-176.600
241	68.563	0	front_left_wheel_hub_yaw_p30	0.000	0	-724.677	689.825	83	94	-470.020	929.980	178.900
242	68.871	0	front_left_wheel_hub_yaw_p30	0.000	0	-724.677	689.825	83	94	-470.020	929.980	178.900
243	69.150	0	front_left_wheel_hub_yaw_p30	0.000	0	-724.677	689.825	83	94	-470.020	929.980	178.900
244	69.472	0	front_left_wheel_hub_yaw_p30	0.000	0	-724.677	689.825	83	94	-470.020	929.980	178.900
245	69.762	0	front_left_wheel_hub_yaw_p30	0.000	0	-759.221	694.758	82	94	-500.000	929.980	177.800
246	70.036	0	front_left_wheel_hub_yaw_p30	0.000	0	-759.221	694.758	82	94	-500.000	929.980	177.800
247	70.312	0	front_left_wheel_hub_yaw_p30	0.000	0	-759.221	694.758	82	94	-500.000	929.980	177.800
248	70.593	0	front_left_wheel_hub_yaw_p30	0.000	0	-776.584	671.553	82	93	-530.029	920.020	-179.200
249	70.927	0	front_left_wheel_hub_yaw_p30	0.000	0	-776.584	671.553	82	93	-530.029	920.020	-179.200
250	71.263	0	front_left_wheel_hub_yaw_p30	0.000	0	-776.584	671.553	82	93	-530.029	920.020	-179.200
251	71.597	0	front_left_wheel_hub_yaw_p30	0.000	1	-803.072	668.135	81	93	-560.010	920.020	-178.400
252	71.909	0	front_left_wheel_hub_yaw_p30	0.000	1	-803.072	668.135	81	93	-560.010	920.020	-178.400
253	72.191	0	front_left_wheel_hub_yaw_p30	0.000	1	-803.072	668.135	81	93	-560.010	920.020	-178.400
254	72.494	0	front_left_wheel_hub_yaw_p30	0.000	1	-802.632	667.711	81	93	-560.010	920.020	-178.300
255	72.846	0	front_left_wheel_hub_yaw_p30	0.000	1	-802.632	667.711	81	93	-560.010	920.020	-178.300
256	73.122	0	front_left_wheel_hub_yaw_p30	0.000	1	-802.632	667.711	81	93	-560.010	920.020	-178.300
257	73.398	0	front_left_wheel_hub_yaw_p30	0.000	1	-803.072	668.135	81	93	-560.010	920.020	-178.400
258	73.675	0	front_left_wheel_hub_yaw_p30	0.000	1	-803.072	668.135	81	93	-560.010	920.020	-178.400
259	73.959	0	front_left_wheel_hub_yaw_p30	0.000	1	-803.072	668.135	81	93	-560.010	920.020	-178.400
260	74.278	0	front_left_wheel_hub_yaw_p30	0.000	1	-803.072	668.135	81	93	-560.010	920.020	-178.400
261	74.587	0	front_left_wheel_hub_yaw_p30	0.000	1	-794.814	669.838	82	93	-550.000	920.020	-178.800
262	74.907	0	front_left_wheel_hub_yaw_p30	0.000	1	-794.814	669.838	82	93	-550.000	920.020	-178.800
263	75.218	0	front_left_wheel_hub_yaw_p30	0.000	1	-794.814	669.838	82	93	-550.000	920.020	-178.800
264	75.496	0	front_left_wheel_hub_yaw_p30	0.000	1	-798.284	673.280	82	93	-550.000	920.020	-179.600
265	75.776	0	front_left_wheel_hub_yaw_p30	0.000	1	-798.284	673.280	82	93	-550.000	920.020	-179.600
266	76.077	0	front_left_wheel_hub_yaw_p30	0.000	1	-798.284	673.280	82	93	-550.000	920.020	-179.600
267	76.360	0	front_left_wheel_hub_yaw_p30	0.000	1	-798.284	673.280	82	93	-550.000	920.020	-179.600
268	76.639	0	front_left_wheel_hub_yaw_p30	0.000	1	-792.542	677.651	82	93	-539.990	920.020	179.400
269	76.964	0	front_left_wheel_hub_yaw_p30	0.000	1	-792.542	677.651	82	93	-539.990	920.020	179.400
270	77.274	0	front_left_wheel_hub_yaw_p30	0.000	1	-792.542	677.651	82	93	-539.990	920.020	179.400
271	77.554	0	front_left_wheel_hub_yaw_p30	0.000	1	-787.602	692.954	82	94	-530.029	929.980	178.200
272	77.836	0	front_left_wheel_hub_yaw_p30	0.000	1	-787.602	692.954	82	94	-530.029	929.980	178.200
273	78.126	0	front_left_wheel_hub_yaw_p30	0.000	1	-787.602	692.954	82	94	-530.029	929.980	178.200
274	78.421	0	front_left_wheel_hub_yaw_p30	0.000	1	-784.109	700.238	82	94	-520.020	929.980	176.600
275	78.696	0	front_left_wheel_hub_yaw_p30	0.000	1	-784.109	700.238	82	94	-520.020	929.980	176.600
276	78.969	0	front_left_wheel_hub_yaw_p30	0.000	1	-784.109	700.238	82	94	-520.020	929.980	176.600
277	79.239	0	front_left_wheel_hub_yaw_p30	0.000	1	-784.109	700.238	82	94	-520.020	929.980	176.600
278	79.516	0	front_left_wheel_hub_yaw_p30	0.000	1	-780.799	708.174	82	94	-510.010	929.980	174.900
279	79.803	0	front_left_wheel_hub_yaw_p30	0.000	1	-780.799	708.174	82	94	-510.010	929.980	174.900
280	80.086	0	front_left_wheel_hub_yaw_p30	0.000	1	-780.799	708.174	82	94	-510.010	929.980	174.900
281	80.361	0	front_left_wheel_hub_yaw_p30	0.000	1	-780.799	708.174	82	94	-510.010	929.980	174.900
282	80.641	0	front_left_wheel_hub_yaw_p30	0.000	1	-769.463	729.278	82	94	-489.990	940.039	172.600
283	80.924	0	front_left_wheel_hub_yaw_p30	0.000	1	-769.463	729.278	82	94	-489.990	940.039	172.600
284	81.200	0	front_left_wheel_hub_yaw_p30	0.000	1	-769.463	729.278	82	94	-489.990	940.039	172.600
285	81.476	0	front_left_wheel_hub_yaw_p30	0.000	1	-757.028	739.661	82	95	-470.020	940.039	170.500
286	81.829	0	front_left_wheel_hub_yaw_p30	0.000	1	-757.028	739.661	82	95	-470.020	940.039	170.500
287	82.116	0	front_left_wheel_hub_yaw_p30	0.000	1	-757.028	739.661	82	95	-470.020	940.039	170.500
288	82.393	0	front_left_wheel_hub_yaw_p30	0.000	0	-745.475	752.371	83	95	-450.000	940.039	168.000
289	82.719	0	front_left_wheel_hub_yaw_p30	0.000	0	-745.475	752.371	83	95	-450.000	940.039	168.000
290	82.996	0	front_left_wheel_hub_yaw_p30	0.000	0	-745.475	752.371	83	95	-450.000	940.039	168.000
291	83.305	0	front_left_wheel_hub_yaw_p30	0.000	0	-745.475	752.371	83	95	-450.000	940.039	168.000
292	83.611	0	front_left_wheel_hub_yaw_p30	0.000	1	-734.319	776.990	83	95	-430.029	950.000	165.200
293	83.891	0	front_left_wheel_hub_yaw_p30	0.000	1	-734.319	776.990	83	95	-430.029	950.000	165.200
294	84.170	0	front_left_wheel_hub_yaw_p30	0.000	1	-734.319	776.990	83	95	-430.029	950.000	165.200
295	84.446	0	front_left_wheel_hub_yaw_p30	0.000	1	-713.201	793.698	83	96	-400.000	950.000	162.100
296	84.716	0	front_left_wheel_hub_yaw_p30	0.000	1	-713.201	793.698	83	96	-400.000	950.000	162.100
297	84.994	0	front_left_wheel_hub_yaw_p30	0.000	1	-713.201	793.698	83	96	-400.000	950.000	162.100
298	85.266	0	front_left_wheel_hub_yaw_p30	0.000	1	-713.201	793.698	83	96	-400.000	950.000	162.100
299	85.569	0	front_left_wheel_hub_yaw_p30	0.000	0	-702.188	813.110	83	96	-380.029	950.000	158.600
300	85.844	0	front_left_wheel_hub_yaw_p30	0.000	0	-702.188	813.110	83	96	-380.029	950.000	158.600
301	86.141	0	front_left_wheel_hub_yaw_p30	0.000	0	-702.188	813.110	83	96	-380.029	950.000	158.600
302	86.420	0	front_left_wheel_hub_yaw_p30	0.000	0	-702.188	813.110	83	96	-380.029	950.000	158.600
303	86.700	0	front_left_wheel_hub_yaw_p30	0.000	0	-671.112	826.533	84	96	-339.990	940.039	154.500
304	86.988	0	front_left_wheel_hub_yaw_p30	0.000	0	-671.112	826.533	84	96	-339.990	940.039	154.500
305	87.265	0	front_left_wheel_hub_yaw_p30	0.000	0	-671.112	826.533	84	96	-339.990	940.039	154.500
306	87.539	0	front_left_wheel_hub_yaw_p30	0.000	0	-648.555	851.089	85	97	-310.010	940.039	150.300
307	87.818	0	front_left_wheel_hub_yaw_p30	0.000	0	-648.555	851.089	85	97	-310.010	940.039	150.300
308	88.099	0	front_left_wheel_hub_yaw_p30	0.000	0	-648.555	851.089	85	97	-310.010	940.039	150.300
309	88.379	0	front_left_wheel_hub_yaw_p30	0.000	0	-648.555	851.089	85	97	-310.010	940.039	150.300
310	88.659	0	front_left_wheel_hub_yaw_p30	0.000	0	-605.716	875.094	85	97	-260.010	929.980	144.600
311	88.943	0	front_left_wheel_hub_yaw_p30	0.000	0	-605.716	875.094	85	97	-260.010	929.980	144.600
312	89.233	0	front_left_wheel_hub_yaw_p30	0.000	0	-605.716	875.094	85	97	-260.010	929.980	144.600
313	89.519	0	front_left_wheel_hub_yaw_p30	0.000	0	-578.441	876.380	86	97	-230.029	910.058	141.100
314	89.807	0	front_left_wheel_hub_yaw_p30	0.000	0	-578.441	876.380	86	97	-230.029	910.058	141.100
315	90.088	0	front_left_wheel_hub_yaw_p30	0.000	0	-578.441	876.380	86	97	-230.029	910.058	141.100
316	90.365	0	front_left_wheel_hub_yaw_p30	0.000	0	-546.944	843.616	87	97	-200.000	890.039	143.200
317	90.708	0	front_left_wheel_hub_yaw_p30	0.000	0	-546.944	843.616	87	97	-200.000	890.039	143.200
318	91.036	0	front_left_wheel_hub_yaw_p30	0.000	0	-546.944	843.616	87	97	-200.000	890.039	143.200
319	91.317	0	front_left_wheel_hub_yaw_p30	0.000	0	-546.944	843.616	87	97	-200.000	890.039	143.200
320	91.594	0	front_left_wheel_hub_yaw_p30	0.000	0	-523.373	791.942	87	96	-180.029	860.058	146.800
321	91.868	0	front_left_wheel_hub_yaw_p30	0.000	0	-523.373	791.942	87	96	-180.029	860.058	146.800
322	92.149	0	front_left_wheel_hub_yaw_p30	0.000	0	-523.373	791.942	87	96	-180.029	860.058	146.800
323	92.428	0	front_left_wheel_hub_yaw_p30	0.000	0	-498.555	751.089	88	95	-160.010	840.039	150.300
324	92.702	0	front_left_wheel_hub_yaw_p30	0.000	0	-498.555	751.089	88	95	-160.010	840.039	150.300
325	92.979	0	front_left_wheel_hub_yaw_p30	0.000	0	-498.555	751.089	88	95	-160.010	840.039	150.300
326	93.332	0	front_left_wheel_hub_yaw_p30	0.000	0	-498.555	751.089	88	95	-160.010	840.039	150.300
327	93.608	0	front_left_wheel_hub_yaw_p30	0.000	0	-483.979	715.221	88	94	-150.000	820.020	153.000
328	93.881	0	front_left_wheel_hub_yaw_p30	0.000	0	-483.979	715.221	88	94	-150.000	820.020	153.000
329	94.152	0	front_left_wheel_hub_yaw_p30	0.000	0	-483.979	715.221	88	94	-150.000	820.020	153.000
330	94.423	0	front_left_wheel_hub_yaw_p30	0.000	0	-469.700	692.516	88	94	-139.990	810.058	155.200
331	94.700	0	front_left_wheel_hub_yaw_p30	0.000	0	-469.700	692.516	88	94	-139.990	810.058	155.200
332	94.989	0	front_left_wheel_hub_yaw_p30	0.000	0	-469.700	692.516	88	94	-139.990	810.058	155.200
333	95.267	0	front_left_wheel_hub_yaw_p30	0.000	0	-469.700	692.516	88	94	-139.990	810.058	155.200
334	95.544	0	front_left_wheel_hub_yaw_p30	0.000	0	-456.329	673.297	88	93	-130.029	800.000	156.800
335	95.868	0	front_left_wheel_hub_yaw_p30	0.000	0	-456.329	673.297	88	93	-130.029	800.000	156.800
336	96.147	0	front_left_wheel_hub_yaw_p30	0.000	0	-456.329	673.297	88	93	-130.029	800.000	156.800
337	96.437	0	front_left_wheel_hub_yaw_p30	0.000	0	-456.329	673.297	88	93	-130.029	800.000	156.800
338	96.712	0	front_left_wheel_hub_yaw_p30	0.000	0	-443.594	666.492	89	93	-120.020	800.000	158.000
339	97.000	0	front_left_wheel_hub_yaw_p30	0.000	0	-443.594	666.492	89	93	-120.020	800.000	158.000
340	97.274	0	front_left_wheel_hub_yaw_p30	0.000	0	-443.594	666.492	89	93	-120.020	800.000	158.000
341	97.586	0	front_left_wheel_hub_yaw_p30	0.000	0	-431.929	652.588	89	93	-110.010	790.039	158.700
342	97.876	0	front_left_wheel_hub_yaw_p30	0.000	0	-431.929	652.588	89	93	-110.010	790.039	158.700
343	98.160	0	front_left_wheel_hub_yaw_p30	0.000	0	-431.929	652.588	89	93	-110.010	790.039	158.700
344	98.439	0	front_left_wheel_hub_yaw_p30	0.000	0	-431.205	650.904	89	93	-110.010	790.039	159.000
345	98.712	0	front_left_wheel_hub_yaw_p30	0.000	0	-431.205	650.904	89	93	-110.010	790.039	159.000
346	98.990	0	front_left_wheel_hub_yaw_p30	0.000	0	-431.205	650.904	89	93	-110.010	790.039	159.000
347	99.279	0	front_left_wheel_hub_yaw_p30	0.000	0	-431.205	650.904	89	93	-110.010	790.039	159.000
348	99.561	0	front_left_wheel_hub_yaw_p30	0.000	0	-431.689	652.026	89	93	-110.010	790.039	158.800
349	99.842	0	front_left_wheel_hub_yaw_p30	0.000	0	-431.689	652.026	89	93	-110.010	790.039	158.800
350	100.116	0	front_left_wheel_hub_yaw_p30	0.000	0	-431.689	652.026	89	93	-110.010	790.039	158.800
351	100.413	0	front_left_wheel_hub_yaw_p30	0.000	0	-443.126	655.402	89	93	-120.020	790.039	158.200
352	100.707	0	front_left_wheel_hub_yaw_p30	0.000	0	-443.126	655.402	89	93	-120.020	790.039	158.200
353	100.990	0	front_left_wheel_hub_yaw_p30	0.000	0	-443.126	655.402	89	93	-120.020	790.039	158.200
354	101.265	0	front_left_wheel_hub_yaw_p30	0.000	0	-443.126	655.402	89	93	-120.020	790.039	158.200
355	101.576	0	front_left_wheel_hub_yaw_p30	0.000	0	-445.201	670.455	89	93	-120.020	800.000	157.300
356	101.856	0	front_left_wheel_hub_yaw_p30	0.000	0	-445.201	670.455	89	93	-120.020	800.000	157.300
357	102.134	0	front_left_wheel_hub_yaw_p30	0.000	0	-445.201	670.455	89	93	-120.020	800.000	157.300
358	102.410	0	front_left_wheel_hub_yaw_p30	0.000	0	-458.279	688.497	88	94	-130.029	810.058	155.900
359	102.692	0	front_left_wheel_hub_yaw_p30	0.000	0	-458.279	688.497	88	94	-130.029	810.058	155.900
360	102.966	0	front_left_wheel_hub_yaw_p30	0.000	0	-458.279	688.497	88	94	-130.029	810.058	155.900
361	103.300	0	front_left_wheel_hub_yaw_p30	0.000	0	-458.279	688.497	88	94	-130.029	810.058	155.900
362	103.644	0	front_left_wheel_hub_yaw_p30	0.000	0	-472.090	709.408	88	94	-139.990	820.020	154.000
363	103.931	0	front_left_wheel_hub_yaw_p30	0.000	0	-472.090	709.408	88	94	-139.990	820.020	154.000
364	104.210	0	front_left_wheel_hub_yaw_p30	0.000	0	-472.090	709.408	88	94	-139.990	820.020	154.000
365	104.484	0	front_left_wheel_hub_yaw_p30	0.000	0	-485.930	731.612	88	95	-150.000	829.980	151.900
366	104.761	0	front_left_wheel_hub_yaw_p30	0.000	0	-485.930	731.612	88	95	-150.000	829.980	151.900
367	105.036	0	front_left_wheel_hub_yaw_p30	0.000	0	-485.930	731.612	88	95	-150.000	829.980	151.900
368	105.309	0	front_left_wheel_hub_yaw_p30	0.000	0	-485.930	731.612	88	95	-150.000	829.980	151.900
369	105.585	0	front_left_wheel_hub_yaw_p30	0.000	0	-509.920	756.418	87	95	-170.020	840.039	149.400
370	105.872	0	front_left_wheel_hub_yaw_p30	0.000	0	-509.920	756.418	87	95	-170.020	840.039	149.400
371	106.156	0	front_left_wheel_hub_yaw_p30	0.000	0	-509.920	756.418	87	95	-170.020	840.039	149.400
372	106.443	0	front_left_wheel_hub_yaw_p30	0.000	0	-523.492	792.542	87	96	-180.029	860.058	146.700
373	106.727	0	front_left_wheel_hub_yaw_p30	0.000	0	-523.492	792.542	87	96	-180.029	860.058	146.700
374	107.006	0	front_left_wheel_hub_yaw_p30	0.000	0	-523.492	792.542	87	96	-180.029	860.058	146.700
375	107.280	0	front_left_wheel_hub_yaw_p30	0.000	0	-523.492	792.542	87	96	-180.029	860.058	146.700
376	107.558	0	front_left_wheel_hub_yaw_p30	0.000	0	-546.611	831.136	87	97	-200.000	879.980	143.600
377	107.834	0	front_left_wheel_hub_yaw_p30	0.000	0	-546.611	831.136	87	97	-200.000	879.980	143.600
378	108.110	0	front_left_wheel_hub_yaw_p30	0.000	0	-546.611	831.136	87	97	-200.000	879.980	143.600
379	108.404	0	front_left_wheel_hub_yaw_p30	0.000	0	-558.956	872.407	86	97	-210.010	900.000	140.100
380	108.678	0	front_left_wheel_hub_yaw_p30	0.000	0	-558.956	872.407	86	97	-210.010	900.000	140.100
381	108.997	0	front_left_wheel_hub_yaw_p30	0.000	0	-558.956	872.407	86	97	-210.010	900.000	140.100
382	109.274	0	front_left_wheel_hub_yaw_p30	0.000	0	-558.956	872.407	86	97	-210.010	900.000	140.100
383	109.556	0	front_left_wheel_hub_yaw_p30	0.000	0	-580.051	926.796	86	98	-230.029	929.980	136.100
384	109.833	0	front_left_wheel_hub_yaw_p30	0.000	0	-580.051	926.796	86	98	-230.029	929.980	136.100
385	110.123	0	front_left_wheel_hub_yaw_p30	0.000	0	-580.051	926.796	86	98	-230.029	929.980	136.100
386	110.404	0	front_left_wheel_hub_yaw_p30	0.000	0	-599.192	994.307	86	100	-250.000	970.020	131.600
387	110.683	0	front_left_wheel_hub_yaw_p30	0.000	0	-599.192	994.307	86	100	-250.000	970.020	131.600
388	110.959	0	front_left_wheel_hub_yaw_p30	0.000	0	-599.192	994.307	86	100	-250.000	970.020	131.600
389	111.231	0	front_left_wheel_hub_yaw_p30	0.000	0	-599.192	994.307	86	100	-250.000	970.020	131.600
390	111.528	0	front_left_wheel_hub_yaw_p30	0.000	0	-605.660	1055.233	85	101	-260.010	1000.000	126.500
391	111.804	0	front_left_wheel_hub_yaw_p30	0.000	0	-605.660	1055.233	85	101	-260.010	1000.000	126.500
392	112.127	0	front_left_wheel_hub_yaw_p30	0.000	0	-605.660	1055.233	85	101	-260.010	1000.000	126.500
393	112.413	0	front_left_wheel_hub_yaw_p30	0.000	0	-605.660	1055.233	85	101	-260.010	1000.000	126.500
394	112.699	0	front_left_wheel_hub_yaw_p30	0.000	0	-618.641	1138.699	85	103	-280.029	1050.000	120.900
395	113.009	0	front_left_wheel_hub_yaw_p30	0.000	0	-618.641	1138.699	85	103	-280.029	1050.000	120.900
396	113.287	0	front_left_wheel_hub_yaw_p30	0.000	0	-618.641	1138.699	85	103	-280.029	1050.000	120.900
397	113.579	0	front_left_wheel_hub_yaw_p30	0.000	0	-627.654	1172.220	85	103	-289.990	1079.980	120.300
398	113.869	0	front_left_wheel_hub_yaw_p30	0.000	0	-627.654	1172.220	85	103	-289.990	1079.980	120.300
399	114.220	0	front_left_wheel_hub_yaw_p30	0.000	0	-627.654	1172.220	85	103	-289.990	1079.980	120.300
403	115.447	0	front_left_wheel_hub_yaw_p30	0.000	0	-686.887	1176.752	84	103	-339.990	1129.980	127.900
404	115.726	0	front_left_wheel_hub_yaw_p30	0.000	0	-686.887	1176.752	84	103	-339.990	1129.980	127.900
405	116.023	0	front_left_wheel_hub_yaw_p30	0.000	0	-686.887	1176.752	84	103	-339.990	1129.980	127.900
406	116.303	0	front_left_wheel_hub_yaw_p30	0.000	0	-686.887	1176.752	84	103	-339.990	1129.980	127.900
407	116.598	0	front_left_wheel_hub_yaw_p30	0.000	0	-718.889	1168.591	83	103	-370.020	1140.039	130.900
408	116.873	0	front_left_wheel_hub_yaw_p30	0.000	0	-718.889	1168.591	83	103	-370.020	1140.039	130.900
409	117.153	0	front_left_wheel_hub_yaw_p30	0.000	0	-718.889	1168.591	83	103	-370.020	1140.039	130.900
410	117.432	0	front_left_wheel_hub_yaw_p30	0.000	0	-729.653	1166.969	83	103	-380.029	1150.000	132.800
411	117.708	0	front_left_wheel_hub_yaw_p30	0.000	0	-729.653	1166.969	83	103	-380.029	1150.000	132.800
412	117.991	0	front_left_wheel_hub_yaw_p30	0.000	0	-729.653	1166.969	83	103	-380.029	1150.000	132.800
413	118.311	0	front_left_wheel_hub_yaw_p30	0.000	0	-729.653	1166.969	83	103	-380.029	1150.000	132.800
414	118.596	0	front_left_wheel_hub_yaw_p30	0.000	0	-739.939	1167.870	83	103	-389.990	1160.058	134.300
415	118.871	0	front_left_wheel_hub_yaw_p30	0.000	0	-739.939	1167.870	83	103	-389.990	1160.058	134.300
416	119.144	0	front_left_wheel_hub_yaw_p30	0.000	0	-739.939	1167.870	83	103	-389.990	1160.058	134.300
417	119.416	0	front_left_wheel_hub_yaw_p30	0.000	0	-739.939	1167.870	83	103	-389.990	1160.058	134.300
418	119.693	0	front_left_wheel_hub_yaw_p30	0.000	0	-750.032	1161.761	82	103	-400.000	1160.058	135.300
419	119.972	0	front_left_wheel_hub_yaw_p30	0.000	0	-750.032	1161.761	82	103	-400.000	1160.058	135.300
420	120.249	0	front_left_wheel_hub_yaw_p30	0.000	0	-750.032	1161.761	82	103	-400.000	1160.058	135.300
421	120.558	0	front_left_wheel_hub_yaw_p30	0.000	0	-750.035	1159.318	82	103	-400.000	1160.058	135.700
422	120.852	0	front_left_wheel_hub_yaw_p30	0.000	0	-750.035	1159.318	82	103	-400.000	1160.058	135.700
423	121.132	0	front_left_wheel_hub_yaw_p30	0.000	0	-750.035	1159.318	82	103	-400.000	1160.058	135.700
424	121.412	0	front_left_wheel_hub_yaw_p30	0.000	0	-750.035	1159.318	82	103	-400.000	1160.058	135.700
425	121.698	0	front_left_wheel_hub_yaw_p30	0.000	0	-750.036	1159.928	82	103	-400.000	1160.058	135.600
426	121.976	0	front_left_wheel_hub_yaw_p30	0.000	0	-750.036	1159.928	82	103	-400.000	1160.058	135.600
427	122.264	0	front_left_wheel_hub_yaw_p30	0.000	0	-750.036	1159.928	82	103	-400.000	1160.058	135.600
428	122.541	0	front_left_wheel_hub_yaw_p30	0.000	0	-750.003	1164.816	82	103	-400.000	1160.058	134.800
429	122.827	0	front_left_wheel_hub_yaw_p30	0.000	0	-750.003	1164.816	82	103	-400.000	1160.058	134.800
430	123.104	0	front_left_wheel_hub_yaw_p30	0.000	0	-750.003	1164.816	82	103	-400.000	1160.058	134.800
431	123.456	0	front_left_wheel_hub_yaw_p30	0.000	0	-750.003	1164.816	82	103	-400.000	1160.058	134.800
432	123.765	0	front_left_wheel_hub_yaw_p30	0.000	0	-739.817	1162.086	83	103	-389.990	1150.000	133.600
433	124.046	0	front_left_wheel_hub_yaw_p30	0.000	0	-739.817	1162.086	83	103	-389.990	1150.000	133.600
434	124.323	0	front_left_wheel_hub_yaw_p30	0.000	0	-739.817	1162.086	83	103	-389.990	1150.000	133.600
435	124.601	0	front_left_wheel_hub_yaw_p30	0.000	0	-719.294	1173.069	83	103	-370.020	1150.000	131.800
436	124.879	0	front_left_wheel_hub_yaw_p30	0.000	1	-719.294	1173.069	83	103	-370.020	1150.000	131.800
437	125.178	0	front_left_wheel_hub_yaw_p30	0.000	1	-719.294	1173.069	83	103	-370.020	1150.000	131.800
438	125.454	0	front_left_wheel_hub_yaw_p30	0.000	0	-708.205	1175.891	83	103	-360.010	1140.039	129.700
439	125.731	0	front_left_wheel_hub_yaw_p30	0.000	0	-708.205	1175.891	83	103	-360.010	1140.039	129.700
440	126.009	0	front_left_wheel_hub_yaw_p30	0.000	0	-708.205	1175.891	83	103	-360.010	1140.039	129.700
441	126.333	0	front_left_wheel_hub_yaw_p30	0.000	0	-708.205	1175.891	83	103	-360.010	1140.039	129.700
442	126.620	0	front_left_wheel_hub_yaw_p30	0.000	0	-686.290	1180.986	84	104	-339.990	1129.980	127.200
443	126.930	0	front_left_wheel_hub_yaw_p30	0.000	0	-686.290	1180.986	84	104	-339.990	1129.980	127.200
444	127.210	0	front_left_wheel_hub_yaw_p30	0.000	0	-686.290	1180.986	84	104	-339.990	1129.980	127.200
449	128.633	0	front_left_wheel_hub_yaw_p30	0.000	0	-638.456	1189.289	85	104	-300.000	1100.000	120.800
450	128.915	0	front_left_wheel_hub_yaw_p30	0.000	0	-638.456	1189.289	85	104	-300.000	1100.000	120.800
451	129.220	0	front_left_wheel_hub_yaw_p30	0.000	0	-638.456	1189.289	85	104	-300.000	1100.000	120.800
452	129.515	0	front_left_wheel_hub_yaw_p30	0.000	0	-611.037	1183.857	85	104	-280.029	1070.020	116.600
453	129.805	0	front_left_wheel_hub_yaw_p30	0.000	0	-611.037	1183.857	85	104	-280.029	1070.020	116.600
454	130.089	0	front_left_wheel_hub_yaw_p30	0.000	0	-611.037	1183.857	85	104	-280.029	1070.020	116.600
455	130.367	0	front_left_wheel_hub_yaw_p30	0.000	0	-571.298	1188.897	86	104	-250.000	1050.000	112.200
456	130.660	0	front_left_wheel_hub_yaw_p30	0.000	0	-571.298	1188.897	86	104	-250.000	1050.000	112.200
457	130.941	0	front_left_wheel_hub_yaw_p30	0.000	0	-571.298	1188.897	86	104	-250.000	1050.000	112.200
458	131.220	0	front_left_wheel_hub_yaw_p30	0.000	0	-571.298	1188.897	86	104	-250.000	1050.000	112.200
459	131.505	0	front_left_wheel_hub_yaw_p30	0.000	0	-537.124	1178.040	87	103	-230.029	1010.058	106.900
460	131.796	0	front_left_wheel_hub_yaw_p30	0.000	0	-537.124	1178.040	87	103	-230.029	1010.058	106.900
461	132.130	0	front_left_wheel_hub_yaw_p30	0.000	0	-537.124	1178.040	87	103	-230.029	1010.058	106.900
462	132.414	0	front_left_wheel_hub_yaw_p30	0.000	0	-537.124	1178.040	87	103	-230.029	1010.058	106.900
463	132.733	0	front_left_wheel_hub_yaw_p30	0.000	0	-490.265	1175.610	88	103	-200.000	979.980	101.600
464	133.026	0	front_left_wheel_hub_yaw_p30	0.000	0	-490.265	1175.610	88	103	-200.000	979.980	101.600
465	133.304	0	front_left_wheel_hub_yaw_p30	0.000	0	-490.265	1175.610	88	103	-200.000	979.980	101.600
466	133.631	0	front_left_wheel_hub_yaw_p30	0.000	0	-446.679	1156.747	89	103	-180.029	929.980	95.200
467	133.945	0	front_left_wheel_hub_yaw_p30	0.000	0	-446.679	1156.747	89	103	-180.029	929.980	95.200
468	134.273	0	front_left_wheel_hub_yaw_p30	0.000	0	-446.679	1156.747	89	103	-180.029	929.980	95.200
469	134.569	0	front_left_wheel_hub_yaw_p30	0.000	0	-435.080	1108.603	89	102	-170.020	879.980	94.800
470	134.854	0	front_left_wheel_hub_yaw_p30	0.000	0	-435.080	1108.603	89	102	-170.020	879.980	94.800
471	135.154	0	front_left_wheel_hub_yaw_p30	0.000	0	-435.080	1108.603	89	102	-170.020	879.980	94.800
472	135.473	0	front_left_wheel_hub_yaw_p30	0.000	0	-462.210	1057.121	88	101	-180.029	850.000	99.300
473	135.765	0	front_left_wheel_hub_yaw_p30	0.000	0	-462.210	1057.121	88	101	-180.029	850.000	99.300
474	136.058	0	front_left_wheel_hub_yaw_p30	0.000	0	-462.210	1057.121	88	101	-180.029	850.000	99.300
475	136.332	0	front_left_wheel_hub_yaw_p30	0.000	0	-462.210	1057.121	88	101	-180.029	850.000	99.300
476	136.612	0	front_left_wheel_hub_yaw_p30	0.000	0	-462.210	1047.160	88	101	-180.029	840.039	99.300
477	136.902	0	front_left_wheel_hub_yaw_p30	0.000	0	-462.210	1047.160	88	101	-180.029	840.039	99.300
478	137.180	0	front_left_wheel_hub_yaw_p30	0.000	0	-462.210	1047.160	88	101	-180.029	840.039	99.300
479	137.460	0	front_left_wheel_hub_yaw_p30	0.000	0	-457.438	1063.470	88	101	-180.029	850.000	98.000
480	137.741	0	front_left_wheel_hub_yaw_p30	0.000	0	-457.438	1063.470	88	101	-180.029	850.000	98.000
481	138.058	0	front_left_wheel_hub_yaw_p30	0.000	0	-457.438	1063.470	88	101	-180.029	850.000	98.000
482	138.338	0	front_left_wheel_hub_yaw_p30	0.000	0	-457.438	1063.470	88	101	-180.029	850.000	98.000
483	138.620	0	front_left_wheel_hub_yaw_p30	0.000	0	-439.809	1083.080	89	102	-170.020	860.058	96.000
484	138.898	0	front_left_wheel_hub_yaw_p30	0.000	0	-439.809	1083.080	89	102	-170.020	860.058	96.000
485	139.174	0	front_left_wheel_hub_yaw_p30	0.000	0	-439.809	1083.080	89	102	-170.020	860.058	96.000
486	139.451	0	front_left_wheel_hub_yaw_p30	0.000	0	-428.593	1125.973	89	102	-170.020	890.039	93.200
487	139.727	0	front_left_wheel_hub_yaw_p30	0.000	0	-428.593	1125.973	89	102	-170.020	890.039	93.200
488	140.004	0	front_left_wheel_hub_yaw_p30	0.000	0	-428.593	1125.973	89	102	-170.020	890.039	93.200
489	140.279	0	front_left_wheel_hub_yaw_p30	0.000	0	-428.593	1125.973	89	102	-170.020	890.039	93.200
496	142.387	0	front_left_wheel_hub_yaw_p30	0.000	0	-347.813	1251.684	91	105	-139.990	970.020	82.000
497	142.703	0	front_left_wheel_hub_yaw_p30	0.000	0	-347.813	1251.684	91	105	-139.990	970.020	82.000
498	142.977	0	front_left_wheel_hub_yaw_p30	0.000	0	-347.813	1251.684	91	105	-139.990	970.020	82.000
499	143.258	0	front_left_wheel_hub_yaw_p30	0.000	0	-347.813	1251.684	91	105	-139.990	970.020	82.000
500	143.534	0	front_left_wheel_hub_yaw_p30	0.000	0	-303.023	1308.445	91	106	-120.020	1010.058	77.100
501	143.809	0	front_left_wheel_hub_yaw_p30	0.000	0	-303.023	1308.445	91	106	-120.020	1010.058	77.100
502	144.094	0	front_left_wheel_hub_yaw_p30	0.000	0	-303.023	1308.445	91	106	-120.020	1010.058	77.100
503	144.376	0	front_left_wheel_hub_yaw_p30	0.000	0	-303.023	1308.445	91	106	-120.020	1010.058	77.100
504	144.679	0	front_left_wheel_hub_yaw_p30	0.000	0	-255.755	1353.512	92	107	-100.000	1040.039	72.000
505	144.964	0	front_left_wheel_hub_yaw_p30	0.000	0	-255.755	1353.512	92	107	-100.000	1040.039	72.000
506	145.246	0	front_left_wheel_hub_yaw_p30	0.000	0	-255.755	1353.512	92	107	-100.000	1040.039	72.000
507	145.578	0	front_left_wheel_hub_yaw_p30	0.000	0	-195.012	1406.939	94	108	-70.020	1079.980	66.500
508	145.910	0	front_left_wheel_hub_yaw_p30	0.000	0	-195.012	1406.939	94	108	-70.020	1079.980	66.500
509	146.186	0	front_left_wheel_hub_yaw_p30	0.000	0	-195.012	1406.939	94	108	-70.020	1079.980	66.500
510	146.466	0	front_left_wheel_hub_yaw_p30	0.000	0	-126.050	1456.628	95	109	-30.029	1120.020	61.500
511	146.755	0	front_left_wheel_hub_yaw_p30	0.000	0	-126.050	1456.628	95	109	-30.029	1120.020	61.500
512	147.088	0	front_left_wheel_hub_yaw_p30	0.000	0	-126.050	1456.628	95	109	-30.029	1120.020	61.500
513	147.419	0	front_left_wheel_hub_yaw_p30	0.000	0	-132.947	1491.378	95	110	-20.020	1160.058	64.400
514	147.721	0	front_left_wheel_hub_yaw_p30	0.000	0	-132.947	1491.378	95	110	-20.020	1160.058	64.400
515	148.013	0	front_left_wheel_hub_yaw_p30	0.000	0	-132.947	1491.378	95	110	-20.020	1160.058	64.400
516	148.335	0	front_left_wheel_hub_yaw_p30	0.000	0	-132.947	1491.378	95	110	-20.020	1160.058	64.400
517	148.614	0	front_left_wheel_hub_yaw_p30	0.000	0	-147.461	1521.919	95	110	-10.010	1200.000	68.700
518	148.896	0	front_left_wheel_hub_yaw_p30	0.000	0	-147.461	1521.919	95	110	-10.010	1200.000	68.700
519	149.171	0	front_left_wheel_hub_yaw_p30	0.000	0	-147.461	1521.919	95	110	-10.010	1200.000	68.700
523	150.369	0	front_left_wheel_hub_yaw_p30	0.000	0	-181.424	1555.192	94	111	-10.010	1250.000	74.900
524	150.702	0	front_left_wheel_hub_yaw_p30	0.000	0	-181.424	1555.192	94	111	-10.010	1250.000	74.900
525	151.026	0	front_left_wheel_hub_yaw_p30	0.000	0	-181.424	1555.192	94	111	-10.010	1250.000	74.900
526	151.364	0	front_left_wheel_hub_yaw_p30	0.000	0	-201.459	1559.399	93	111	-20.020	1260.058	76.800
527	151.678	0	front_left_wheel_hub_yaw_p30	0.000	0	-201.459	1559.399	93	111	-20.020	1260.058	76.800
528	151.999	0	front_left_wheel_hub_yaw_p30	0.000	0	-201.459	1559.399	93	111	-20.020	1260.058	76.800
529	152.279	0	front_left_wheel_hub_yaw_p30	0.000	0	-201.459	1559.399	93	111	-20.020	1260.058	76.800
533	153.589	0	front_left_wheel_hub_yaw_p30	0.000	0	-208.718	1574.799	93	111	-20.020	1279.980	78.200
534	153.878	0	front_left_wheel_hub_yaw_p30	0.000	0	-208.718	1574.799	93	111	-20.020	1279.980	78.200
535	154.156	0	front_left_wheel_hub_yaw_p30	0.000	0	-208.718	1574.799	93	111	-20.020	1279.980	78.200
543	156.526	0	front_left_wheel_hub_yaw_p30	0.000	0	-181.424	1555.192	94	111	-10.010	1250.000	74.900
544	156.822	0	front_left_wheel_hub_yaw_p30	0.000	0	-181.424	1555.192	94	111	-10.010	1250.000	74.900
545	157.106	0	front_left_wheel_hub_yaw_p30	0.000	0	-181.424	1555.192	94	111	-10.010	1250.000	74.900
546	157.390	0	front_left_wheel_hub_yaw_p30	0.000	0	-168.494	1542.083	94	111	-10.010	1229.980	72.500
547	157.713	0	front_left_wheel_hub_yaw_p30	0.000	0	-168.494	1542.083	94	111	-10.010	1229.980	72.500
548	157.995	0	front_left_wheel_hub_yaw_p30	0.000	0	-168.494	1542.083	94	111	-10.010	1229.980	72.500
549	158.309	0	front_left_wheel_hub_yaw_p30	0.000	0	-168.494	1542.083	94	111	-10.010	1229.980	72.500
550	158.642	0	front_left_wheel_hub_yaw_p30	0.000	0	-154.173	1529.029	94	110	-10.010	1210.058	69.900
551	158.955	0	front_left_wheel_hub_yaw_p30	0.000	0	-154.173	1529.029	94	110	-10.010	1210.058	69.900
552	159.279	0	front_left_wheel_hub_yaw_p30	0.000	0	-154.173	1529.029	94	110	-10.010	1210.058	69.900
553	159.602	0	front_left_wheel_hub_yaw_p30	0.000	0	-145.012	1506.939	95	110	-20.020	1179.980	66.500
554	159.889	0	front_left_wheel_hub_yaw_p30	0.000	0	-145.012	1506.939	95	110	-20.020	1179.980	66.500
555	160.169	0	front_left_wheel_hub_yaw_p30	0.000	0	-145.012	1506.939	95	110	-20.020	1179.980	66.500
556	160.502	0	front_left_wheel_hub_yaw_p30	0.000	0	-123.068	1484.523	95	110	-20.020	1150.000	62.700
557	160.857	0	front_left_wheel_hub_yaw_p30	0.000	0	-123.068	1484.523	95	110	-20.020	1150.000	62.700
558	161.199	0	front_left_wheel_hub_yaw_p30	0.000	0	-123.068	1484.523	95	110	-20.020	1150.000	62.700
559	161.523	0	front_left_wheel_hub_yaw_p30	0.000	0	-100.672	1460.637	95	109	-20.020	1120.020	58.900
560	161.861	0	front_left_wheel_hub_yaw_p30	0.000	0	-100.672	1460.637	95	109	-20.020	1120.020	58.900
561	162.158	0	front_left_wheel_hub_yaw_p30	0.000	0	-100.672	1460.637	95	109	-20.020	1120.020	58.900
562	162.473	0	front_left_wheel_hub_yaw_p30	0.000	0	-84.312	1435.840	96	109	-30.029	1090.039	54.500
563	162.797	0	front_left_wheel_hub_yaw_p30	0.000	0	-84.312	1435.840	96	109	-30.029	1090.039	54.500
564	163.092	0	front_left_wheel_hub_yaw_p30	0.000	0	-84.312	1435.840	96	109	-30.029	1090.039	54.500
565	163.375	0	front_left_wheel_hub_yaw_p30	0.000	0	-84.312	1435.840	96	109	-30.029	1090.039	54.500
569	164.644	0	front_left_wheel_hub_yaw_p30	0.000	0	-49.145	1359.926	97	107	-60.010	1010.058	43.800
570	164.928	0	front_left_wheel_hub_yaw_p30	0.000	0	-49.145	1359.926	97	107	-60.010	1010.058	43.800
571	165.239	0	front_left_wheel_hub_yaw_p30	0.000	0	-49.145	1359.926	97	107	-60.010	1010.058	43.800
572	165.538	0	front_left_wheel_hub_yaw_p30	0.000	0	-64.484	1319.125	96	106	-89.990	970.020	41.400
573	165.850	0	front_left_wheel_hub_yaw_p30	0.000	0	-64.484	1319.125	96	106	-89.990	970.020	41.400
574	166.143	0	front_left_wheel_hub_yaw_p30	0.000	0	-64.484	1319.125	96	106	-89.990	970.020	41.400
575	166.423	0	front_left_wheel_hub_yaw_p30	0.000	0	-114.040	1310.043	95	106	-120.020	960.058	44.600
576	166.700	0	front_left_wheel_hub_yaw_p30	0.000	0	-114.040	1310.043	95	106	-120.020	960.058	44.600
577	167.007	0	front_left_wheel_hub_yaw_p30	0.000	0	-114.040	1310.043	95	106	-120.020	960.058	44.600
578	167.284	0	front_left_wheel_hub_yaw_p30	0.000	0	-114.040	1310.043	95	106	-120.020	960.058	44.600
585	169.644	0	front_left_wheel_hub_yaw_p30	0.000	0	-226.453	1266.963	93	105	-180.029	920.020	53.200
586	169.965	0	front_left_wheel_hub_yaw_p30	0.000	0	-226.453	1266.963	93	105	-180.029	920.020	53.200
587	170.315	0	front_left_wheel_hub_yaw_p30	0.000	0	-226.453	1266.963	93	105	-180.029	920.020	53.200
588	170.681	0	front_left_wheel_hub_yaw_p30	0.000	0	-245.480	1255.668	93	105	-189.990	910.058	54.700
589	170.966	0	front_left_wheel_hub_yaw_p30	0.000	0	-245.480	1255.668	93	105	-189.990	910.058	54.700
590	171.256	0	front_left_wheel_hub_yaw_p30	0.000	0	-245.480	1255.668	93	105	-189.990	910.058	54.700
591	171.666	0	front_left_wheel_hub_yaw_p30	0.000	0	-260.309	1254.860	92	105	-200.000	910.058	55.500
592	171.948	0	front_left_wheel_hub_yaw_p30	0.000	0	-260.309	1254.860	92	105	-200.000	910.058	55.500
593	172.298	0	front_left_wheel_hub_yaw_p30	0.000	0	-260.309	1254.860	92	105	-200.000	910.058	55.500
594	172.659	0	front_left_wheel_hub_yaw_p30	0.000	0	-259.707	1254.964	92	105	-200.000	910.058	55.400
595	172.937	0	front_left_wheel_hub_yaw_p30	0.000	0	-259.707	1254.964	92	105	-200.000	910.058	55.400
596	173.212	0	front_left_wheel_hub_yaw_p30	0.000	0	-259.707	1254.964	92	105	-200.000	910.058	55.400
597	173.496	0	front_left_wheel_hub_yaw_p30	0.000	0	-244.273	1255.860	93	105	-189.990	910.058	54.500
598	173.840	0	front_left_wheel_hub_yaw_p30	0.000	0	-244.273	1255.860	93	105	-189.990	910.058	54.500
599	174.127	0	front_left_wheel_hub_yaw_p30	0.000	0	-244.273	1255.860	93	105	-189.990	910.058	54.500
604	175.600	0	front_left_wheel_hub_yaw_p30	0.000	0	-200.048	1278.726	93	105	-170.020	929.980	50.500
605	175.889	0	front_left_wheel_hub_yaw_p30	0.000	0	-200.048	1278.726	93	105	-170.020	929.980	50.500
606	176.173	0	front_left_wheel_hub_yaw_p30	0.000	0	-200.048	1278.726	93	105	-170.020	929.980	50.500
607	176.483	0	front_left_wheel_hub_yaw_p30	0.000	0	-164.177	1289.787	94	106	-150.000	940.039	47.900
608	176.829	0	front_left_wheel_hub_yaw_p30	0.000	0	-164.177	1289.787	94	106	-150.000	940.039	47.900
609	177.137	0	front_left_wheel_hub_yaw_p30	0.000	0	-164.177	1289.787	94	106	-150.000	940.039	47.900
610	177.425	0	front_left_wheel_hub_yaw_p30	0.000	0	-164.177	1289.787	94	106	-150.000	940.039	47.900
611	177.748	0	front_left_wheel_hub_yaw_p30	0.000	0	-124.661	1310.053	95	106	-130.029	960.058	44.700
612	178.031	0	front_left_wheel_hub_yaw_p30	0.000	0	-124.661	1310.053	95	106	-130.029	960.058	44.700
613	178.369	0	front_left_wheel_hub_yaw_p30	0.000	0	-124.661	1310.053	95	106	-130.029	960.058	44.700
620	180.725	0	front_left_wheel_hub_yaw_p30	0.000	0	49.775	1330.856	98	107	-30.029	990.039	32.400
621	181.092	0	front_left_wheel_hub_yaw_p30	0.000	0	49.775	1330.856	98	107	-30.029	990.039	32.400
622	181.449	0	front_left_wheel_hub_yaw_p30	0.000	0	106.299	1333.505	100	107	0.000	1000.000	27.900
623	181.780	0	front_left_wheel_hub_yaw_p30	0.000	0	106.299	1333.505	100	107	0.000	1000.000	27.900
624	182.147	0	front_left_wheel_hub_yaw_p30	0.000	0	106.299	1333.505	100	107	0.000	1000.000	27.900
625	182.488	0	front_left_wheel_hub_yaw_p30	0.000	0	185.524	1332.794	101	107	50.000	1010.058	22.800
626	182.846	0	front_left_wheel_hub_yaw_p30	0.000	0	185.524	1332.794	101	107	50.000	1010.058	22.800
627	183.132	0	front_left_wheel_hub_yaw_p30	0.000	0	185.524	1332.794	101	107	50.000	1010.058	22.800
628	183.427	0	front_left_wheel_hub_yaw_p30	0.000	0	256.361	1318.029	103	106	89.990	1010.058	17.200
629	183.709	0	front_left_wheel_hub_yaw_p30	0.000	0	256.361	1318.029	103	106	89.990	1010.058	17.200
630	184.025	0	front_left_wheel_hub_yaw_p30	0.000	0	256.361	1318.029	103	106	89.990	1010.058	17.200
631	184.360	0	front_left_wheel_hub_yaw_p30	0.000	0	256.361	1318.029	103	106	89.990	1010.058	17.200
632	184.646	0	front_left_wheel_hub_yaw_p30	0.000	0	337.642	1298.951	104	106	139.990	1010.058	11.200
633	184.950	0	front_left_wheel_hub_yaw_p30	0.000	0	337.642	1298.951	104	106	139.990	1010.058	11.200
634	185.254	0	front_left_wheel_hub_yaw_p30	0.000	0	337.642	1298.951	104	106	139.990	1010.058	11.200
635	185.543	0	front_left_wheel_hub_yaw_p30	0.000	0	414.421	1268.618	106	105	189.990	1000.000	5.700
636	185.872	0	front_left_wheel_hub_yaw_p30	0.000	0	414.421	1268.618	106	105	189.990	1000.000	5.700
637	186.209	0	front_left_wheel_hub_yaw_p30	0.000	0	414.421	1268.618	106	105	189.990	1000.000	5.700
638	186.491	0	front_left_wheel_hub_yaw_p30	0.000	0	460.907	1263.055	107	105	229.980	1000.000	4.300
639	186.830	0	front_left_wheel_hub_yaw_p30	0.000	0	460.907	1263.055	107	105	229.980	1000.000	4.300
640	187.116	0	front_left_wheel_hub_yaw_p30	0.000	0	460.907	1263.055	107	105	229.980	1000.000	4.300
641	187.483	0	front_left_wheel_hub_yaw_p30	0.000	0	481.011	1289.320	107	106	269.971	1010.058	8.500
642	187.779	0	front_left_wheel_hub_yaw_p30	0.000	0	481.011	1289.320	107	106	269.971	1010.058	8.500
643	188.123	0	front_left_wheel_hub_yaw_p30	0.000	0	481.011	1289.320	107	106	269.971	1010.058	8.500
644	188.414	0	front_left_wheel_hub_yaw_p30	0.000	0	481.011	1289.320	107	106	269.971	1010.058	8.500
645	188.700	0	front_left_wheel_hub_yaw_p30	0.000	0	493.089	1321.942	107	106	300.000	1029.980	12.100
646	189.033	0	front_left_wheel_hub_yaw_p30	0.000	0	493.089	1321.942	107	106	300.000	1029.980	12.100
647	189.314	0	front_left_wheel_hub_yaw_p30	0.000	0	493.089	1321.942	107	106	300.000	1029.980	12.100
648	189.600	0	front_left_wheel_hub_yaw_p30	0.000	0	496.461	1342.324	107	107	319.971	1040.039	15.300
649	189.884	0	front_left_wheel_hub_yaw_p30	0.000	0	496.461	1342.324	107	107	319.971	1040.039	15.300
650	190.170	0	front_left_wheel_hub_yaw_p30	0.000	0	496.461	1342.324	107	107	319.971	1040.039	15.300
651	190.566	0	front_left_wheel_hub_yaw_p30	0.000	0	502.586	1359.980	108	107	339.990	1050.000	17.900
652	190.874	0	front_left_wheel_hub_yaw_p30	0.000	0	502.586	1359.980	108	107	339.990	1050.000	17.900
653	191.168	0	front_left_wheel_hub_yaw_p30	0.000	0	502.586	1359.980	108	107	339.990	1050.000	17.900
654	191.472	0	front_left_wheel_hub_yaw_p30	0.000	0	503.878	1374.457	108	107	350.000	1060.058	19.500
655	191.784	0	front_left_wheel_hub_yaw_p30	0.000	0	503.878	1374.457	108	107	350.000	1060.058	19.500
656	192.070	0	front_left_wheel_hub_yaw_p30	0.000	0	503.878	1374.457	108	107	350.000	1060.058	19.500
657	192.377	0	front_left_wheel_hub_yaw_p30	0.000	0	503.878	1374.457	108	107	350.000	1060.058	19.500
658	192.694	0	front_left_wheel_hub_yaw_p30	0.000	0	506.715	1387.829	108	108	360.010	1070.020	20.800
659	192.969	0	front_left_wheel_hub_yaw_p30	0.000	0	506.715	1387.829	108	108	360.010	1070.020	20.800
660	193.269	0	front_left_wheel_hub_yaw_p30	0.000	0	506.715	1387.829	108	108	360.010	1070.020	20.800
661	193.564	0	front_left_wheel_hub_yaw_p30	0.000	0	502.821	1389.597	108	108	360.010	1070.020	21.500
662	193.869	0	front_left_wheel_hub_yaw_p30	0.000	0	502.821	1389.597	108	108	360.010	1070.020	21.500
663	194.210	0	front_left_wheel_hub_yaw_p30	0.000	0	502.821	1389.597	108	108	360.010	1070.020	21.500
664	194.514	0	front_left_wheel_hub_yaw_p30	0.000	0	503.379	1389.347	108	108	360.010	1070.020	21.400
665	194.818	0	front_left_wheel_hub_yaw_p30	0.000	0	503.379	1389.347	108	108	360.010	1070.020	21.400
666	195.098	0	front_left_wheel_hub_yaw_p30	0.000	0	503.379	1389.347	108	108	360.010	1070.020	21.400
667	195.433	0	front_left_wheel_hub_yaw_p30	0.000	0	506.715	1387.829	108	108	360.010	1070.020	20.800
668	195.714	0	front_left_wheel_hub_yaw_p30	0.000	0	506.715	1387.829	108	108	360.010	1070.020	20.800
669	196.028	0	front_left_wheel_hub_yaw_p30	0.000	0	506.715	1387.829	108	108	360.010	1070.020	20.800
670	196.320	0	front_left_wheel_hub_yaw_p30	0.000	0	506.715	1387.829	108	108	360.010	1070.020	20.800
671	196.648	0	front_left_wheel_hub_yaw_p30	0.000	0	503.329	1374.725	108	107	350.000	1060.058	19.600
672	196.989	0	front_left_wheel_hub_yaw_p30	0.000	0	503.329	1374.725	108	107	350.000	1060.058	19.600
673	197.273	0	front_left_wheel_hub_yaw_p30	0.000	0	503.329	1374.725	108	107	350.000	1060.058	19.600
674	197.551	0	front_left_wheel_hub_yaw_p30	0.000	0	503.127	1359.695	108	107	339.990	1050.000	17.800
675	197.842	0	front_left_wheel_hub_yaw_p30	0.000	0	503.127	1359.695	108	107	339.990	1050.000	17.800
676	198.124	0	front_left_wheel_hub_yaw_p30	0.000	0	503.127	1359.695	108	107	339.990	1050.000	17.800
