step_idx	elapsed_s	stuck_x_cm	stuck_y_cm	stuck_z_cm	hist_x_cm	hist_y_cm	hist_z_cm	hist_heading_deg	dist_from_stuck_cm	contact_side	contact_min_lidar_cm	bumper_sample_idx	bumper_lateral_offset_cm	obstacle_x_cm	obstacle_y_cm	obstacle_cell_x	obstacle_cell_y	placed
225	69.377	179.980	510.058	79.999	139.990	550.000	79.999	-94.800	56.520	front	0.000	0	-160.000	-37.230	351.634	97	87	1
225	69.377	179.980	510.058	79.999	139.990	550.000	79.999	-94.800	56.520	front	0.000	1	-106.667	15.916	347.171	98	87	1
225	69.377	179.980	510.058	79.999	139.990	550.000	79.999	-94.800	56.520	front	0.000	2	-53.333	69.062	342.708	99	87	1
225	69.377	179.980	510.058	79.999	139.990	550.000	79.999	-94.800	56.520	front	0.000	3	0.000	122.209	338.245	100	87	1
225	69.377	179.980	510.058	79.999	139.990	550.000	79.999	-94.800	56.520	front	0.000	4	53.333	175.355	333.782	101	87	1
225	69.377	179.980	510.058	79.999	139.990	550.000	79.999	-94.800	56.520	front	0.000	5	106.667	228.501	329.320	102	86	1
225	69.377	179.980	510.058	79.999	139.990	550.000	79.999	-94.800	56.520	front	0.000	6	160.000	281.648	324.857	103	86	1
225	69.377	179.980	510.058	79.999	139.990	550.000	79.999	-94.800	56.520	front	0.000	0	-160.000	-37.230	351.634	97	87	0
225	69.377	179.980	510.058	79.999	139.990	550.000	79.999	-94.800	56.520	front	0.000	1	-106.667	15.916	347.171	98	87	0
225	69.377	179.980	510.058	79.999	139.990	550.000	79.999	-94.800	56.520	front	0.000	2	-53.333	69.062	342.708	99	87	0
225	69.377	179.980	510.058	79.999	139.990	550.000	79.999	-94.800	56.520	front	0.000	3	0.000	122.209	338.245	100	87	0
225	69.377	179.980	510.058	79.999	139.990	550.000	79.999	-94.800	56.520	front	0.000	4	53.333	175.355	333.782	101	87	0
225	69.377	179.980	510.058	79.999	139.990	550.000	79.999	-94.800	56.520	front	0.000	5	106.667	228.501	329.320	102	86	0
225	69.377	179.980	510.058	79.999	139.990	550.000	79.999	-94.800	56.520	front	0.000	6	160.000	281.648	324.857	103	86	0
225	69.377	179.980	510.058	79.999	139.990	550.000	79.999	-94.800	56.520	front	0.000	0	-160.000	-37.230	351.634	97	87	0
225	69.377	179.980	510.058	79.999	139.990	550.000	79.999	-94.800	56.520	front	0.000	1	-106.667	15.916	347.171	98	87	0
225	69.377	179.980	510.058	79.999	139.990	550.000	79.999	-94.800	56.520	front	0.000	2	-53.333	69.062	342.708	99	87	0
225	69.377	179.980	510.058	79.999	139.990	550.000	79.999	-94.800	56.520	front	0.000	3	0.000	122.209	338.245	100	87	0
225	69.377	179.980	510.058	79.999	139.990	550.000	79.999	-94.800	56.520	front	0.000	4	53.333	175.355	333.782	101	87	0
225	69.377	179.980	510.058	79.999	139.990	550.000	79.999	-94.800	56.520	front	0.000	5	106.667	228.501	329.320	102	86	0
225	69.377	179.980	510.058	79.999	139.990	550.000	79.999	-94.800	56.520	front	0.000	6	160.000	281.648	324.857	103	86	0
225	69.377	179.980	510.058	79.999	160.010	529.980	79.999	-95.300	28.208	front	0.000	0	-160.000	-18.935	333.168	97	87	0
225	69.377	179.980	510.058	79.999	160.010	529.980	79.999	-95.300	28.208	front	0.000	1	-106.667	34.170	328.242	98	86	1
225	69.377	179.980	510.058	79.999	160.010	529.980	79.999	-95.300	28.208	front	0.000	2	-53.333	87.276	323.315	99	86	1
225	69.377	179.980	510.058	79.999	160.010	529.980	79.999	-95.300	28.208	front	0.000	3	0.000	140.381	318.389	100	86	1
225	69.377	179.980	510.058	79.999	160.010	529.980	79.999	-95.300	28.208	front	0.000	4	53.333	193.486	313.462	101	86	1
225	69.377	179.980	510.058	79.999	160.010	529.980	79.999	-95.300	28.208	front	0.000	5	106.667	246.592	308.536	102	86	0
225	69.377	179.980	510.058	79.999	160.010	529.980	79.999	-95.300	28.208	front	0.000	6	160.000	299.697	303.610	103	86	0
225	69.377	179.980	510.058	79.999	160.010	529.980	79.999	-95.300	28.208	front	0.000	0	-160.000	-18.935	333.168	97	87	0
225	69.377	179.980	510.058	79.999	160.010	529.980	79.999	-95.300	28.208	front	0.000	1	-106.667	34.170	328.242	98	86	0
225	69.377	179.980	510.058	79.999	160.010	529.980	79.999	-95.300	28.208	front	0.000	2	-53.333	87.276	323.315	99	86	0
225	69.377	179.980	510.058	79.999	160.010	529.980	79.999	-95.300	28.208	front	0.000	3	0.000	140.381	318.389	100	86	0
225	69.377	179.980	510.058	79.999	160.010	529.980	79.999	-95.300	28.208	front	0.000	4	53.333	193.486	313.462	101	86	0
225	69.377	179.980	510.058	79.999	160.010	529.980	79.999	-95.300	28.208	front	0.000	5	106.667	246.592	308.536	102	86	0
225	69.377	179.980	510.058	79.999	160.010	529.980	79.999	-95.300	28.208	front	0.000	6	160.000	299.697	303.610	103	86	0
225	69.377	179.980	510.058	79.999	160.010	529.980	79.999	-95.300	28.208	front	0.000	0	-160.000	-18.935	333.168	97	87	0
225	69.377	179.980	510.058	79.999	160.010	529.980	79.999	-95.300	28.208	front	0.000	1	-106.667	34.170	328.242	98	86	0
225	69.377	179.980	510.058	79.999	160.010	529.980	79.999	-95.300	28.208	front	0.000	2	-53.333	87.276	323.315	99	86	0
225	69.377	179.980	510.058	79.999	160.010	529.980	79.999	-95.300	28.208	front	0.000	3	0.000	140.381	318.389	100	86	0
225	69.377	179.980	510.058	79.999	160.010	529.980	79.999	-95.300	28.208	front	0.000	4	53.333	193.486	313.462	101	86	0
225	69.377	179.980	510.058	79.999	160.010	529.980	79.999	-95.300	28.208	front	0.000	5	106.667	246.592	308.536	102	86	0
225	69.377	179.980	510.058	79.999	160.010	529.980	79.999	-95.300	28.208	front	0.000	6	160.000	299.697	303.610	103	86	0
225	69.377	179.980	510.058	79.999	169.971	520.020	79.999	-98.700	14.122	front	0.000	0	-160.000	-20.331	334.166	97	87	0
225	69.377	179.980	510.058	79.999	169.971	520.020	79.999	-98.700	14.122	front	0.000	1	-106.667	32.388	326.099	98	86	0
225	69.377	179.980	510.058	79.999	169.971	520.020	79.999	-98.700	14.122	front	0.000	2	-53.333	85.108	318.032	99	86	0
225	69.377	179.980	510.058	79.999	169.971	520.020	79.999	-98.700	14.122	front	0.000	3	0.000	137.828	309.965	100	86	0
225	69.377	179.980	510.058	79.999	169.971	520.020	79.999	-98.700	14.122	front	0.000	4	53.333	190.547	301.897	101	86	0
225	69.377	179.980	510.058	79.999	169.971	520.020	79.999	-98.700	14.122	front	0.000	5	106.667	243.267	293.830	102	86	0
225	69.377	179.980	510.058	79.999	169.971	520.020	79.999	-98.700	14.122	front	0.000	6	160.000	295.987	285.763	103	86	0
225	69.377	179.980	510.058	79.999	169.971	520.020	79.999	-98.700	14.122	front	0.000	0	-160.000	-20.331	334.166	97	87	0
225	69.377	179.980	510.058	79.999	169.971	520.020	79.999	-98.700	14.122	front	0.000	1	-106.667	32.388	326.099	98	86	0
225	69.377	179.980	510.058	79.999	169.971	520.020	79.999	-98.700	14.122	front	0.000	2	-53.333	85.108	318.032	99	86	0
225	69.377	179.980	510.058	79.999	169.971	520.020	79.999	-98.700	14.122	front	0.000	3	0.000	137.828	309.965	100	86	0
225	69.377	179.980	510.058	79.999	169.971	520.020	79.999	-98.700	14.122	front	0.000	4	53.333	190.547	301.897	101	86	0
225	69.377	179.980	510.058	79.999	169.971	520.020	79.999	-98.700	14.122	front	0.000	5	106.667	243.267	293.830	102	86	0
225	69.377	179.980	510.058	79.999	169.971	520.020	79.999	-98.700	14.122	front	0.000	6	160.000	295.987	285.763	103	86	0
225	69.377	179.980	510.058	79.999	169.971	520.020	79.999	-98.700	14.122	front	0.000	0	-160.000	-20.331	334.166	97	87	0
225	69.377	179.980	510.058	79.999	169.971	520.020	79.999	-98.700	14.122	front	0.000	1	-106.667	32.388	326.099	98	86	0
225	69.377	179.980	510.058	79.999	169.971	520.020	79.999	-98.700	14.122	front	0.000	2	-53.333	85.108	318.032	99	86	0
225	69.377	179.980	510.058	79.999	169.971	520.020	79.999	-98.700	14.122	front	0.000	3	0.000	137.828	309.965	100	86	0
225	69.377	179.980	510.058	79.999	169.971	520.020	79.999	-98.700	14.122	front	0.000	4	53.333	190.547	301.897	101	86	0
225	69.377	179.980	510.058	79.999	169.971	520.020	79.999	-98.700	14.122	front	0.000	5	106.667	243.267	293.830	102	86	0
225	69.377	179.980	510.058	79.999	169.971	520.020	79.999	-98.700	14.122	front	0.000	6	160.000	295.987	285.763	103	86	0
225	69.377	179.980	510.058	79.999	169.971	520.020	70.001	-99.000	17.302	front	0.000	0	-160.000	-21.302	335.165	97	87	0
225	69.377	179.980	510.058	79.999	169.971	520.020	70.001	-99.000	17.302	front	0.000	1	-106.667	31.375	326.822	98	86	0
225	69.377	179.980	510.058	79.999	169.971	520.020	70.001	-99.000	17.302	front	0.000	2	-53.333	84.052	318.479	99	86	0
225	69.377	179.980	510.058	79.999	169.971	520.020	70.001	-99.000	17.302	front	0.000	3	0.000	136.728	310.136	100	86	0
225	69.377	179.980	510.058	79.999	169.971	520.020	70.001	-99.000	17.302	front	0.000	4	53.333	189.405	301.793	101	86	0
225	69.377	179.980	510.058	79.999	169.971	520.020	70.001	-99.000	17.302	front	0.000	5	106.667	242.082	293.449	102	86	0
225	69.377	179.980	510.058	79.999	169.971	520.020	70.001	-99.000	17.302	front	0.000	6	160.000	294.759	285.106	103	86	0
225	69.377	179.980	510.058	79.999	169.971	520.020	70.001	-99.000	17.302	front	0.000	0	-160.000	-21.302	335.165	97	87	0
225	69.377	179.980	510.058	79.999	169.971	520.020	70.001	-99.000	17.302	front	0.000	1	-106.667	31.375	326.822	98	86	0
225	69.377	179.980	510.058	79.999	169.971	520.020	70.001	-99.000	17.302	front	0.000	2	-53.333	84.052	318.479	99	86	0
225	69.377	179.980	510.058	79.999	169.971	520.020	70.001	-99.000	17.302	front	0.000	3	0.000	136.728	310.136	100	86	0
225	69.377	179.980	510.058	79.999	169.971	520.020	70.001	-99.000	17.302	front	0.000	4	53.333	189.405	301.793	101	86	0
225	69.377	179.980	510.058	79.999	169.971	520.020	70.001	-99.000	17.302	front	0.000	5	106.667	242.082	293.449	102	86	0
225	69.377	179.980	510.058	79.999	169.971	520.020	70.001	-99.000	17.302	front	0.000	6	160.000	294.759	285.106	103	86	0
225	69.377	179.980	510.058	79.999	169.971	520.020	70.001	-99.000	17.302	front	0.000	0	-160.000	-21.302	335.165	97	87	0
225	69.377	179.980	510.058	79.999	169.971	520.020	70.001	-99.000	17.302	front	0.000	1	-106.667	31.375	326.822	98	86	0
225	69.377	179.980	510.058	79.999	169.971	520.020	70.001	-99.000	17.302	front	0.000	2	-53.333	84.052	318.479	99	86	0
225	69.377	179.980	510.058	79.999	169.971	520.020	70.001	-99.000	17.302	front	0.000	3	0.000	136.728	310.136	100	86	0
225	69.377	179.980	510.058	79.999	169.971	520.020	70.001	-99.000	17.302	front	0.000	4	53.333	189.405	301.793	101	86	0
225	69.377	179.980	510.058	79.999	169.971	520.020	70.001	-99.000	17.302	front	0.000	5	106.667	242.082	293.449	102	86	0
225	69.377	179.980	510.058	79.999	169.971	520.020	70.001	-99.000	17.302	front	0.000	6	160.000	294.759	285.106	103	86	0
225	69.377	179.980	510.058	79.999	169.971	520.020	70.001	-99.000	17.302	front	0.000	0	-160.000	-21.302	335.165	97	87	0
225	69.377	179.980	510.058	79.999	169.971	520.020	70.001	-99.000	17.302	front	0.000	1	-106.667	31.375	326.822	98	86	0
225	69.377	179.980	510.058	79.999	169.971	520.020	70.001	-99.000	17.302	front	0.000	2	-53.333	84.052	318.479	99	86	0
225	69.377	179.980	510.058	79.999	169.971	520.020	70.001	-99.000	17.302	front	0.000	3	0.000	136.728	310.136	100	86	0
225	69.377	179.980	510.058	79.999	169.971	520.020	70.001	-99.000	17.302	front	0.000	4	53.333	189.405	301.793	101	86	0
225	69.377	179.980	510.058	79.999	169.971	520.020	70.001	-99.000	17.302	front	0.000	5	106.667	242.082	293.449	102	86	0
225	69.377	179.980	510.058	79.999	169.971	520.020	70.001	-99.000	17.302	front	0.000	6	160.000	294.759	285.106	103	86	0
225	69.377	179.980	510.058	79.999	169.971	520.020	79.999	-99.100	14.122	front	0.000	0	-160.000	-21.624	335.499	97	87	0
225	69.377	179.980	510.058	79.999	169.971	520.020	79.999	-99.100	14.122	front	0.000	1	-106.667	31.038	327.064	98	86	0
225	69.377	179.980	510.058	79.999	169.971	520.020	79.999	-99.100	14.122	front	0.000	2	-53.333	83.700	318.629	99	86	0
225	69.377	179.980	510.058	79.999	169.971	520.020	79.999	-99.100	14.122	front	0.000	3	0.000	136.362	310.194	100	86	0
225	69.377	179.980	510.058	79.999	169.971	520.020	79.999	-99.100	14.122	front	0.000	4	53.333	189.024	301.759	101	86	0
225	69.377	179.980	510.058	79.999	169.971	520.020	79.999	-99.100	14.122	front	0.000	5	106.667	241.686	293.324	102	86	0
225	69.377	179.980	510.058	79.999	169.971	520.020	79.999	-99.100	14.122	front	0.000	6	160.000	294.348	284.889	103	86	0
225	69.377	179.980	510.058	79.999	169.971	520.020	79.999	-99.100	14.122	front	0.000	0	-160.000	-21.624	335.499	97	87	0
225	69.377	179.980	510.058	79.999	169.971	520.020	79.999	-99.100	14.122	front	0.000	1	-106.667	31.038	327.064	98	86	0
225	69.377	179.980	510.058	79.999	169.971	520.020	79.999	-99.100	14.122	front	0.000	2	-53.333	83.700	318.629	99	86	0
225	69.377	179.980	510.058	79.999	169.971	520.020	79.999	-99.100	14.122	front	0.000	3	0.000	136.362	310.194	100	86	0
225	69.377	179.980	510.058	79.999	169.971	520.020	79.999	-99.100	14.122	front	0.000	4	53.333	189.024	301.759	101	86	0
225	69.377	179.980	510.058	79.999	169.971	520.020	79.999	-99.100	14.122	front	0.000	5	106.667	241.686	293.324	102	86	0
225	69.377	179.980	510.058	79.999	169.971	520.020	79.999	-99.100	14.122	front	0.000	6	160.000	294.348	284.889	103	86	0
225	69.377	179.980	510.058	79.999	169.971	520.020	79.999	-99.100	14.122	front	0.000	0	-160.000	-21.624	335.499	97	87	0
225	69.377	179.980	510.058	79.999	169.971	520.020	79.999	-99.100	14.122	front	0.000	1	-106.667	31.038	327.064	98	86	0
225	69.377	179.980	510.058	79.999	169.971	520.020	79.999	-99.100	14.122	front	0.000	2	-53.333	83.700	318.629	99	86	0
225	69.377	179.980	510.058	79.999	169.971	520.020	79.999	-99.100	14.122	front	0.000	3	0.000	136.362	310.194	100	86	0
225	69.377	179.980	510.058	79.999	169.971	520.020	79.999	-99.100	14.122	front	0.000	4	53.333	189.024	301.759	101	86	0
225	69.377	179.980	510.058	79.999	169.971	520.020	79.999	-99.100	14.122	front	0.000	5	106.667	241.686	293.324	102	86	0
225	69.377	179.980	510.058	79.999	169.971	520.020	79.999	-99.100	14.122	front	0.000	6	160.000	294.348	284.889	103	86	0
225	69.377	179.980	510.058	79.999	169.971	520.020	79.999	-99.300	14.122	front	0.000	0	-160.000	-22.267	336.169	97	87	0
225	69.377	179.980	510.058	79.999	169.971	520.020	79.999	-99.300	14.122	front	0.000	1	-106.667	30.365	327.550	98	86	0
225	69.377	179.980	510.058	79.999	169.971	520.020	79.999	-99.300	14.122	front	0.000	2	-53.333	82.998	318.932	99	86	0
225	69.377	179.980	510.058	79.999	169.971	520.020	79.999	-99.300	14.122	front	0.000	3	0.000	135.630	310.313	100	86	0
225	69.377	179.980	510.058	79.999	169.971	520.020	79.999	-99.300	14.122	front	0.000	4	53.333	188.262	301.694	101	86	0
225	69.377	179.980	510.058	79.999	169.971	520.020	79.999	-99.300	14.122	front	0.000	5	106.667	240.894	293.075	102	86	0
225	69.377	179.980	510.058	79.999	169.971	520.020	79.999	-99.300	14.122	front	0.000	6	160.000	293.527	284.456	103	86	0
225	69.377	179.980	510.058	79.999	169.971	520.020	79.999	-99.300	14.122	front	0.000	0	-160.000	-22.267	336.169	97	87	0
225	69.377	179.980	510.058	79.999	169.971	520.020	79.999	-99.300	14.122	front	0.000	1	-106.667	30.365	327.550	98	86	0
225	69.377	179.980	510.058	79.999	169.971	520.020	79.999	-99.300	14.122	front	0.000	2	-53.333	82.998	318.932	99	86	0
225	69.377	179.980	510.058	79.999	169.971	520.020	79.999	-99.300	14.122	front	0.000	3	0.000	135.630	310.313	100	86	0
225	69.377	179.980	510.058	79.999	169.971	520.020	79.999	-99.300	14.122	front	0.000	4	53.333	188.262	301.694	101	86	0
225	69.377	179.980	510.058	79.999	169.971	520.020	79.999	-99.300	14.122	front	0.000	5	106.667	240.894	293.075	102	86	0
225	69.377	179.980	510.058	79.999	169.971	520.020	79.999	-99.300	14.122	front	0.000	6	160.000	293.527	284.456	103	86	0
225	69.377	179.980	510.058	79.999	169.971	520.020	79.999	-99.300	14.122	front	0.000	0	-160.000	-22.267	336.169	97	87	0
225	69.377	179.980	510.058	79.999	169.971	520.020	79.999	-99.300	14.122	front	0.000	1	-106.667	30.365	327.550	98	86	0
225	69.377	179.980	510.058	79.999	169.971	520.020	79.999	-99.300	14.122	front	0.000	2	-53.333	82.998	318.932	99	86	0
225	69.377	179.980	510.058	79.999	169.971	520.020	79.999	-99.300	14.122	front	0.000	3	0.000	135.630	310.313	100	86	0
225	69.377	179.980	510.058	79.999	169.971	520.020	79.999	-99.300	14.122	front	0.000	4	53.333	188.262	301.694	101	86	0
225	69.377	179.980	510.058	79.999	169.971	520.020	79.999	-99.300	14.122	front	0.000	5	106.667	240.894	293.075	102	86	0
225	69.377	179.980	510.058	79.999	169.971	520.020	79.999	-99.300	14.122	front	0.000	6	160.000	293.527	284.456	103	86	0
225	69.377	179.980	510.058	79.999	169.971	520.020	79.999	-99.300	14.122	front	0.000	0	-160.000	-22.267	336.169	97	87	0
225	69.377	179.980	510.058	79.999	169.971	520.020	79.999	-99.300	14.122	front	0.000	1	-106.667	30.365	327.550	98	86	0
225	69.377	179.980	510.058	79.999	169.971	520.020	79.999	-99.300	14.122	front	0.000	2	-53.333	82.998	318.932	99	86	0
225	69.377	179.980	510.058	79.999	169.971	520.020	79.999	-99.300	14.122	front	0.000	3	0.000	135.630	310.313	100	86	0
225	69.377	179.980	510.058	79.999	169.971	520.020	79.999	-99.300	14.122	front	0.000	4	53.333	188.262	301.694	101	86	0
225	69.377	179.980	510.058	79.999	169.971	520.020	79.999	-99.300	14.122	front	0.000	5	106.667	240.894	293.075	102	86	0
225	69.377	179.980	510.058	79.999	169.971	520.020	79.999	-99.300	14.122	front	0.000	6	160.000	293.527	284.456	103	86	0
225	69.377	179.980	510.058	79.999	169.971	520.020	79.999	-99.400	14.122	front	0.000	0	-160.000	-22.588	336.505	97	87	0
225	69.377	179.980	510.058	79.999	169.971	520.020	79.999	-99.400	14.122	front	0.000	1	-106.667	30.030	327.794	98	86	0
225	69.377	179.980	510.058	79.999	169.971	520.020	79.999	-99.400	14.122	front	0.000	2	-53.333	82.647	319.084	99	86	0
225	69.377	179.980	510.058	79.999	169.971	520.020	79.999	-99.400	14.122	front	0.000	3	0.000	135.264	310.373	100	86	0
225	69.377	179.980	510.058	79.999	169.971	520.020	79.999	-99.400	14.122	front	0.000	4	53.333	187.881	301.662	101	86	0
225	69.377	179.980	510.058	79.999	169.971	520.020	79.999	-99.400	14.122	front	0.000	5	106.667	240.498	292.951	102	86	0
225	69.377	179.980	510.058	79.999	169.971	520.020	79.999	-99.400	14.122	front	0.000	6	160.000	293.115	284.241	103	86	0
225	69.377	179.980	510.058	79.999	169.971	520.020	79.999	-99.400	14.122	front	0.000	0	-160.000	-22.588	336.505	97	87	0
225	69.377	179.980	510.058	79.999	169.971	520.020	79.999	-99.400	14.122	front	0.000	1	-106.667	30.030	327.794	98	86	0
225	69.377	179.980	510.058	79.999	169.971	520.020	79.999	-99.400	14.122	front	0.000	2	-53.333	82.647	319.084	99	86	0
225	69.377	179.980	510.058	79.999	169.971	520.020	79.999	-99.400	14.122	front	0.000	3	0.000	135.264	310.373	100	86	0
225	69.377	179.980	510.058	79.999	169.971	520.020	79.999	-99.400	14.122	front	0.000	4	53.333	187.881	301.662	101	86	0
225	69.377	179.980	510.058	79.999	169.971	520.020	79.999	-99.400	14.122	front	0.000	5	106.667	240.498	292.951	102	86	0
225	69.377	179.980	510.058	79.999	169.971	520.020	79.999	-99.400	14.122	front	0.000	6	160.000	293.115	284.241	103	86	0
225	69.377	179.980	510.058	79.999	169.971	520.020	79.999	-99.400	14.122	front	0.000	0	-160.000	-22.588	336.505	97	87	0
225	69.377	179.980	510.058	79.999	169.971	520.020	79.999	-99.400	14.122	front	0.000	1	-106.667	30.030	327.794	98	86	0
225	69.377	179.980	510.058	79.999	169.971	520.020	79.999	-99.400	14.122	front	0.000	2	-53.333	82.647	319.084	99	86	0
225	69.377	179.980	510.058	79.999	169.971	520.020	79.999	-99.400	14.122	front	0.000	3	0.000	135.264	310.373	100	86	0
225	69.377	179.980	510.058	79.999	169.971	520.020	79.999	-99.400	14.122	front	0.000	4	53.333	187.881	301.662	101	86	0
225	69.377	179.980	510.058	79.999	169.971	520.020	79.999	-99.400	14.122	front	0.000	5	106.667	240.498	292.951	102	86	0
225	69.377	179.980	510.058	79.999	169.971	520.020	79.999	-99.400	14.122	front	0.000	6	160.000	293.115	284.241	103	86	0
225	69.377	179.980	510.058	79.999	179.980	520.020	79.999	-99.500	9.961	front	0.000	0	-160.000	-12.898	336.841	97	87	0
225	69.377	179.980	510.058	79.999	179.980	520.020	79.999	-99.500	9.961	front	0.000	1	-106.667	39.704	328.039	98	86	0
225	69.377	179.980	510.058	79.999	179.980	520.020	79.999	-99.500	9.961	front	0.000	2	-53.333	92.306	319.236	99	86	0
225	69.377	179.980	510.058	79.999	179.980	520.020	79.999	-99.500	9.961	front	0.000	3	0.000	144.908	310.434	100	86	0
225	69.377	179.980	510.058	79.999	179.980	520.020	79.999	-99.500	9.961	front	0.000	4	53.333	197.510	301.631	101	86	0
225	69.377	179.980	510.058	79.999	179.980	520.020	79.999	-99.500	9.961	front	0.000	5	106.667	250.112	292.829	103	86	0
225	69.377	179.980	510.058	79.999	179.980	520.020	79.999	-99.500	9.961	front	0.000	6	160.000	302.714	284.026	104	86	1
225	69.377	179.980	510.058	79.999	179.980	520.020	79.999	-99.500	9.961	front	0.000	0	-160.000	-12.898	336.841	97	87	0
225	69.377	179.980	510.058	79.999	179.980	520.020	79.999	-99.500	9.961	front	0.000	1	-106.667	39.704	328.039	98	86	0
225	69.377	179.980	510.058	79.999	179.980	520.020	79.999	-99.500	9.961	front	0.000	2	-53.333	92.306	319.236	99	86	0
225	69.377	179.980	510.058	79.999	179.980	520.020	79.999	-99.500	9.961	front	0.000	3	0.000	144.908	310.434	100	86	0
225	69.377	179.980	510.058	79.999	179.980	520.020	79.999	-99.500	9.961	front	0.000	4	53.333	197.510	301.631	101	86	0
225	69.377	179.980	510.058	79.999	179.980	520.020	79.999	-99.500	9.961	front	0.000	5	106.667	250.112	292.829	103	86	0
225	69.377	179.980	510.058	79.999	179.980	520.020	79.999	-99.500	9.961	front	0.000	6	160.000	302.714	284.026	104	86	0
225	69.377	179.980	510.058	79.999	179.980	520.020	79.999	-99.500	9.961	front	0.000	0	-160.000	-12.898	336.841	97	87	0
225	69.377	179.980	510.058	79.999	179.980	520.020	79.999	-99.500	9.961	front	0.000	1	-106.667	39.704	328.039	98	86	0
225	69.377	179.980	510.058	79.999	179.980	520.020	79.999	-99.500	9.961	front	0.000	2	-53.333	92.306	319.236	99	86	0
225	69.377	179.980	510.058	79.999	179.980	520.020	79.999	-99.500	9.961	front	0.000	3	0.000	144.908	310.434	100	86	0
225	69.377	179.980	510.058	79.999	179.980	520.020	79.999	-99.500	9.961	front	0.000	4	53.333	197.510	301.631	101	86	0
225	69.377	179.980	510.058	79.999	179.980	520.020	79.999	-99.500	9.961	front	0.000	5	106.667	250.112	292.829	103	86	0
225	69.377	179.980	510.058	79.999	179.980	520.020	79.999	-99.500	9.961	front	0.000	6	160.000	302.714	284.026	104	86	0
225	69.377	179.980	510.058	79.999	179.980	520.020	79.999	-99.600	9.961	front	0.000	0	-160.000	-13.217	337.178	97	87	0
225	69.377	179.980	510.058	79.999	179.980	520.020	79.999	-99.600	9.961	front	0.000	1	-106.667	39.369	328.284	98	86	0
225	69.377	179.980	510.058	79.999	179.980	520.020	79.999	-99.600	9.961	front	0.000	2	-53.333	91.956	319.390	99	86	0
225	69.377	179.980	510.058	79.999	179.980	520.020	79.999	-99.600	9.961	front	0.000	3	0.000	144.542	310.495	100	86	0
225	69.377	179.980	510.058	79.999	179.980	520.020	79.999	-99.600	9.961	front	0.000	4	53.333	197.129	301.601	101	86	0
225	69.377	179.980	510.058	79.999	179.980	520.020	79.999	-99.600	9.961	front	0.000	5	106.667	249.715	292.707	102	86	0
225	69.377	179.980	510.058	79.999	179.980	520.020	79.999	-99.600	9.961	front	0.000	6	160.000	302.301	283.812	104	86	0
225	69.377	179.980	510.058	79.999	179.980	520.020	79.999	-99.600	9.961	front	0.000	0	-160.000	-13.217	337.178	97	87	0
225	69.377	179.980	510.058	79.999	179.980	520.020	79.999	-99.600	9.961	front	0.000	1	-106.667	39.369	328.284	98	86	0
225	69.377	179.980	510.058	79.999	179.980	520.020	79.999	-99.600	9.961	front	0.000	2	-53.333	91.956	319.390	99	86	0
225	69.377	179.980	510.058	79.999	179.980	520.020	79.999	-99.600	9.961	front	0.000	3	0.000	144.542	310.495	100	86	0
225	69.377	179.980	510.058	79.999	179.980	520.020	79.999	-99.600	9.961	front	0.000	4	53.333	197.129	301.601	101	86	0
225	69.377	179.980	510.058	79.999	179.980	520.020	79.999	-99.600	9.961	front	0.000	5	106.667	249.715	292.707	102	86	0
225	69.377	179.980	510.058	79.999	179.980	520.020	79.999	-99.600	9.961	front	0.000	6	160.000	302.301	283.812	104	86	0
225	69.377	179.980	510.058	79.999	179.980	520.020	79.999	-99.600	9.961	front	0.000	0	-160.000	-13.217	337.178	97	87	0
225	69.377	179.980	510.058	79.999	179.980	520.020	79.999	-99.600	9.961	front	0.000	1	-106.667	39.369	328.284	98	86	0
225	69.377	179.980	510.058	79.999	179.980	520.020	79.999	-99.600	9.961	front	0.000	2	-53.333	91.956	319.390	99	86	0
225	69.377	179.980	510.058	79.999	179.980	520.020	79.999	-99.600	9.961	front	0.000	3	0.000	144.542	310.495	100	86	0
225	69.377	179.980	510.058	79.999	179.980	520.020	79.999	-99.600	9.961	front	0.000	4	53.333	197.129	301.601	101	86	0
225	69.377	179.980	510.058	79.999	179.980	520.020	79.999	-99.600	9.961	front	0.000	5	106.667	249.715	292.707	102	86	0
225	69.377	179.980	510.058	79.999	179.980	520.020	79.999	-99.600	9.961	front	0.000	6	160.000	302.301	283.812	104	86	0
225	69.377	179.980	510.058	79.999	179.980	520.020	79.999	-99.700	9.961	front	0.000	0	-160.000	-13.536	337.516	97	87	0
225	69.377	179.980	510.058	79.999	179.980	520.020	79.999	-99.700	9.961	front	0.000	1	-106.667	39.035	328.530	98	86	0
225	69.377	179.980	510.058	79.999	179.980	520.020	79.999	-99.700	9.961	front	0.000	2	-53.333	91.606	319.544	99	86	0
225	69.377	179.980	510.058	79.999	179.980	520.020	79.999	-99.700	9.961	front	0.000	3	0.000	144.177	310.558	100	86	0
225	69.377	179.980	510.058	79.999	179.980	520.020	79.999	-99.700	9.961	front	0.000	4	53.333	196.747	301.571	101	86	0
225	69.377	179.980	510.058	79.999	179.980	520.020	79.999	-99.700	9.961	front	0.000	5	106.667	249.318	292.585	102	86	0
225	69.377	179.980	510.058	79.999	179.980	520.020	79.999	-99.700	9.961	front	0.000	6	160.000	301.889	283.599	104	86	0
225	69.377	179.980	510.058	79.999	179.980	520.020	79.999	-99.700	9.961	front	0.000	0	-160.000	-13.536	337.516	97	87	0
225	69.377	179.980	510.058	79.999	179.980	520.020	79.999	-99.700	9.961	front	0.000	1	-106.667	39.035	328.530	98	86	0
225	69.377	179.980	510.058	79.999	179.980	520.020	79.999	-99.700	9.961	front	0.000	2	-53.333	91.606	319.544	99	86	0
225	69.377	179.980	510.058	79.999	179.980	520.020	79.999	-99.700	9.961	front	0.000	3	0.000	144.177	310.558	100	86	0
225	69.377	179.980	510.058	79.999	179.980	520.020	79.999	-99.700	9.961	front	0.000	4	53.333	196.747	301.571	101	86	0
225	69.377	179.980	510.058	79.999	179.980	520.020	79.999	-99.700	9.961	front	0.000	5	106.667	249.318	292.585	102	86	0
225	69.377	179.980	510.058	79.999	179.980	520.020	79.999	-99.700	9.961	front	0.000	6	160.000	301.889	283.599	104	86	0
225	69.377	179.980	510.058	79.999	179.980	520.020	79.999	-99.700	9.961	front	0.000	0	-160.000	-13.536	337.516	97	87	0
225	69.377	179.980	510.058	79.999	179.980	520.020	79.999	-99.700	9.961	front	0.000	1	-106.667	39.035	328.530	98	86	0
225	69.377	179.980	510.058	79.999	179.980	520.020	79.999	-99.700	9.961	front	0.000	2	-53.333	91.606	319.544	99	86	0
225	69.377	179.980	510.058	79.999	179.980	520.020	79.999	-99.700	9.961	front	0.000	3	0.000	144.177	310.558	100	86	0
225	69.377	179.980	510.058	79.999	179.980	520.020	79.999	-99.700	9.961	front	0.000	4	53.333	196.747	301.571	101	86	0
225	69.377	179.980	510.058	79.999	179.980	520.020	79.999	-99.700	9.961	front	0.000	5	106.667	249.318	292.585	102	86	0
225	69.377	179.980	510.058	79.999	179.980	520.020	79.999	-99.700	9.961	front	0.000	6	160.000	301.889	283.599	104	86	0
225	69.377	179.980	510.058	79.999	179.980	520.020	79.999	-99.700	9.961	front	0.000	0	-160.000	-13.536	337.516	97	87	0
225	69.377	179.980	510.058	79.999	179.980	520.020	79.999	-99.700	9.961	front	0.000	1	-106.667	39.035	328.530	98	86	0
225	69.377	179.980	510.058	79.999	179.980	520.020	79.999	-99.700	9.961	front	0.000	2	-53.333	91.606	319.544	99	86	0
225	69.377	179.980	510.058	79.999	179.980	520.020	79.999	-99.700	9.961	front	0.000	3	0.000	144.177	310.558	100	86	0
225	69.377	179.980	510.058	79.999	179.980	520.020	79.999	-99.700	9.961	front	0.000	4	53.333	196.747	301.571	101	86	0
225	69.377	179.980	510.058	79.999	179.980	520.020	79.999	-99.700	9.961	front	0.000	5	106.667	249.318	292.585	102	86	0
225	69.377	179.980	510.058	79.999	179.980	520.020	79.999	-99.700	9.961	front	0.000	6	160.000	301.889	283.599	104	86	0
225	69.377	179.980	510.058	79.999	179.980	520.020	79.999	-99.800	9.961	front	0.000	0	-160.000	-13.854	337.854	97	87	0
225	69.377	179.980	510.058	79.999	179.980	520.020	79.999	-99.800	9.961	front	0.000	1	-106.667	38.701	328.776	98	86	0
225	69.377	179.980	510.058	79.999	179.980	520.020	79.999	-99.800	9.961	front	0.000	2	-53.333	91.256	319.698	99	86	0
225	69.377	179.980	510.058	79.999	179.980	520.020	79.999	-99.800	9.961	front	0.000	3	0.000	143.811	310.620	100	86	0
225	69.377	179.980	510.058	79.999	179.980	520.020	79.999	-99.800	9.961	front	0.000	4	53.333	196.366	301.542	101	86	0
225	69.377	179.980	510.058	79.999	179.980	520.020	79.999	-99.800	9.961	front	0.000	5	106.667	248.921	292.465	102	86	0
225	69.377	179.980	510.058	79.999	179.980	520.020	79.999	-99.800	9.961	front	0.000	6	160.000	301.476	283.387	104	86	0
225	69.377	179.980	510.058	79.999	179.980	520.020	79.999	-99.800	9.961	front	0.000	0	-160.000	-13.854	337.854	97	87	0
225	69.377	179.980	510.058	79.999	179.980	520.020	79.999	-99.800	9.961	front	0.000	1	-106.667	38.701	328.776	98	86	0
225	69.377	179.980	510.058	79.999	179.980	520.020	79.999	-99.800	9.961	front	0.000	2	-53.333	91.256	319.698	99	86	0
225	69.377	179.980	510.058	79.999	179.980	520.020	79.999	-99.800	9.961	front	0.000	3	0.000	143.811	310.620	100	86	0
225	69.377	179.980	510.058	79.999	179.980	520.020	79.999	-99.800	9.961	front	0.000	4	53.333	196.366	301.542	101	86	0
225	69.377	179.980	510.058	79.999	179.980	520.020	79.999	-99.800	9.961	front	0.000	5	106.667	248.921	292.465	102	86	0
225	69.377	179.980	510.058	79.999	179.980	520.020	79.999	-99.800	9.961	front	0.000	6	160.000	301.476	283.387	104	86	0
225	69.377	179.980	510.058	79.999	179.980	520.020	79.999	-99.800	9.961	front	0.000	0	-160.000	-13.854	337.854	97	87	0
225	69.377	179.980	510.058	79.999	179.980	520.020	79.999	-99.800	9.961	front	0.000	1	-106.667	38.701	328.776	98	86	0
225	69.377	179.980	510.058	79.999	179.980	520.020	79.999	-99.800	9.961	front	0.000	2	-53.333	91.256	319.698	99	86	0
225	69.377	179.980	510.058	79.999	179.980	520.020	79.999	-99.800	9.961	front	0.000	3	0.000	143.811	310.620	100	86	0
225	69.377	179.980	510.058	79.999	179.980	520.020	79.999	-99.800	9.961	front	0.000	4	53.333	196.366	301.542	101	86	0
225	69.377	179.980	510.058	79.999	179.980	520.020	79.999	-99.800	9.961	front	0.000	5	106.667	248.921	292.465	102	86	0
225	69.377	179.980	510.058	79.999	179.980	520.020	79.999	-99.800	9.961	front	0.000	6	160.000	301.476	283.387	104	86	0
225	69.377	179.980	510.058	79.999	179.980	520.020	79.999	-99.900	9.961	front	0.000	0	-160.000	-14.172	338.192	97	87	0
225	69.377	179.980	510.058	79.999	179.980	520.020	79.999	-99.900	9.961	front	0.000	1	-106.667	38.367	329.023	98	86	0
225	69.377	179.980	510.058	79.999	179.980	520.020	79.999	-99.900	9.961	front	0.000	2	-53.333	90.906	319.853	99	86	0
225	69.377	179.980	510.058	79.999	179.980	520.020	79.999	-99.900	9.961	front	0.000	3	0.000	143.446	310.684	100	86	0
225	69.377	179.980	510.058	79.999	179.980	520.020	79.999	-99.900	9.961	front	0.000	4	53.333	195.985	301.514	101	86	0
225	69.377	179.980	510.058	79.999	179.980	520.020	79.999	-99.900	9.961	front	0.000	5	106.667	248.524	292.345	102	86	0
225	69.377	179.980	510.058	79.999	179.980	520.020	79.999	-99.900	9.961	front	0.000	6	160.000	301.063	283.175	104	86	0
225	69.377	179.980	510.058	79.999	179.980	520.020	79.999	-99.900	9.961	front	0.000	0	-160.000	-14.172	338.192	97	87	0
225	69.377	179.980	510.058	79.999	179.980	520.020	79.999	-99.900	9.961	front	0.000	1	-106.667	38.367	329.023	98	86	0
225	69.377	179.980	510.058	79.999	179.980	520.020	79.999	-99.900	9.961	front	0.000	2	-53.333	90.906	319.853	99	86	0
225	69.377	179.980	510.058	79.999	179.980	520.020	79.999	-99.900	9.961	front	0.000	3	0.000	143.446	310.684	100	86	0
225	69.377	179.980	510.058	79.999	179.980	520.020	79.999	-99.900	9.961	front	0.000	4	53.333	195.985	301.514	101	86	0
225	69.377	179.980	510.058	79.999	179.980	520.020	79.999	-99.900	9.961	front	0.000	5	106.667	248.524	292.345	102	86	0
225	69.377	179.980	510.058	79.999	179.980	520.020	79.999	-99.900	9.961	front	0.000	6	160.000	301.063	283.175	104	86	0
225	69.377	179.980	510.058	79.999	179.980	520.020	79.999	-99.900	9.961	front	0.000	0	-160.000	-14.172	338.192	97	87	0
225	69.377	179.980	510.058	79.999	179.980	520.020	79.999	-99.900	9.961	front	0.000	1	-106.667	38.367	329.023	98	86	0
225	69.377	179.980	510.058	79.999	179.980	520.020	79.999	-99.900	9.961	front	0.000	2	-53.333	90.906	319.853	99	86	0
225	69.377	179.980	510.058	79.999	179.980	520.020	79.999	-99.900	9.961	front	0.000	3	0.000	143.446	310.684	100	86	0
225	69.377	179.980	510.058	79.999	179.980	520.020	79.999	-99.900	9.961	front	0.000	4	53.333	195.985	301.514	101	86	0
225	69.377	179.980	510.058	79.999	179.980	520.020	79.999	-99.900	9.961	front	0.000	5	106.667	248.524	292.345	102	86	0
225	69.377	179.980	510.058	79.999	179.980	520.020	79.999	-99.900	9.961	front	0.000	6	160.000	301.063	283.175	104	86	0
225	69.377	179.980	510.058	79.999	179.980	520.020	79.999	-100.000	9.961	front	0.000	0	-160.000	-14.489	338.532	97	87	0
225	69.377	179.980	510.058	79.999	179.980	520.020	79.999	-100.000	9.961	front	0.000	1	-106.667	38.034	329.270	98	86	0
225	69.377	179.980	510.058	79.999	179.980	520.020	79.999	-100.000	9.961	front	0.000	2	-53.333	90.557	320.009	99	86	0
225	69.377	179.980	510.058	79.999	179.980	520.020	79.999	-100.000	9.961	front	0.000	3	0.000	143.080	310.748	100	86	0
225	69.377	179.980	510.058	79.999	179.980	520.020	79.999	-100.000	9.961	front	0.000	4	53.333	195.603	301.487	101	86	0
225	69.377	179.980	510.058	79.999	179.980	520.020	79.999	-100.000	9.961	front	0.000	5	106.667	248.126	292.225	102	86	0
225	69.377	179.980	510.058	79.999	179.980	520.020	79.999	-100.000	9.961	front	0.000	6	160.000	300.650	282.964	104	86	0
225	69.377	179.980	510.058	79.999	179.980	520.020	79.999	-100.000	9.961	front	0.000	0	-160.000	-14.489	338.532	97	87	0
225	69.377	179.980	510.058	79.999	179.980	520.020	79.999	-100.000	9.961	front	0.000	1	-106.667	38.034	329.270	98	86	0
225	69.377	179.980	510.058	79.999	179.980	520.020	79.999	-100.000	9.961	front	0.000	2	-53.333	90.557	320.009	99	86	0
225	69.377	179.980	510.058	79.999	179.980	520.020	79.999	-100.000	9.961	front	0.000	3	0.000	143.080	310.748	100	86	0
225	69.377	179.980	510.058	79.999	179.980	520.020	79.999	-100.000	9.961	front	0.000	4	53.333	195.603	301.487	101	86	0
225	69.377	179.980	510.058	79.999	179.980	520.020	79.999	-100.000	9.961	front	0.000	5	106.667	248.126	292.225	102	86	0
225	69.377	179.980	510.058	79.999	179.980	520.020	79.999	-100.000	9.961	front	0.000	6	160.000	300.650	282.964	104	86	0
225	69.377	179.980	510.058	79.999	179.980	520.020	79.999	-100.000	9.961	front	0.000	0	-160.000	-14.489	338.532	97	87	0
225	69.377	179.980	510.058	79.999	179.980	520.020	79.999	-100.000	9.961	front	0.000	1	-106.667	38.034	329.270	98	86	0
225	69.377	179.980	510.058	79.999	179.980	520.020	79.999	-100.000	9.961	front	0.000	2	-53.333	90.557	320.009	99	86	0
225	69.377	179.980	510.058	79.999	179.980	520.020	79.999	-100.000	9.961	front	0.000	3	0.000	143.080	310.748	100	86	0
225	69.377	179.980	510.058	79.999	179.980	520.020	79.999	-100.000	9.961	front	0.000	4	53.333	195.603	301.487	101	86	0
225	69.377	179.980	510.058	79.999	179.980	520.020	79.999	-100.000	9.961	front	0.000	5	106.667	248.126	292.225	102	86	0
225	69.377	179.980	510.058	79.999	179.980	520.020	79.999	-100.000	9.961	front	0.000	6	160.000	300.650	282.964	104	86	0
225	69.377	179.980	510.058	79.999	179.980	520.020	79.999	-100.000	9.961	front	0.000	0	-160.000	-14.489	338.532	97	87	0
225	69.377	179.980	510.058	79.999	179.980	520.020	79.999	-100.000	9.961	front	0.000	1	-106.667	38.034	329.270	98	86	0
225	69.377	179.980	510.058	79.999	179.980	520.020	79.999	-100.000	9.961	front	0.000	2	-53.333	90.557	320.009	99	86	0
225	69.377	179.980	510.058	79.999	179.980	520.020	79.999	-100.000	9.961	front	0.000	3	0.000	143.080	310.748	100	86	0
225	69.377	179.980	510.058	79.999	179.980	520.020	79.999	-100.000	9.961	front	0.000	4	53.333	195.603	301.487	101	86	0
225	69.377	179.980	510.058	79.999	179.980	520.020	79.999	-100.000	9.961	front	0.000	5	106.667	248.126	292.225	102	86	0
225	69.377	179.980	510.058	79.999	179.980	520.020	79.999	-100.000	9.961	front	0.000	6	160.000	300.650	282.964	104	86	0
225	69.377	179.980	510.058	79.999	179.980	510.058	79.999	-100.100	0.000	front	0.000	0	-160.000	-14.805	328.910	97	86	1
225	69.377	179.980	510.058	79.999	179.980	510.058	79.999	-100.100	0.000	front	0.000	1	-106.667	37.701	319.557	98	86	0
225	69.377	179.980	510.058	79.999	179.980	510.058	79.999	-100.100	0.000	front	0.000	2	-53.333	90.208	310.204	99	86	0
225	69.377	179.980	510.058	79.999	179.980	510.058	79.999	-100.100	0.000	front	0.000	3	0.000	142.715	300.852	100	86	0
225	69.377	179.980	510.058	79.999	179.980	510.058	79.999	-100.100	0.000	front	0.000	4	53.333	195.222	291.499	101	86	0
225	69.377	179.980	510.058	79.999	179.980	510.058	79.999	-100.100	0.000	front	0.000	5	106.667	247.729	282.146	102	86	0
225	69.377	179.980	510.058	79.999	179.980	510.058	79.999	-100.100	0.000	front	0.000	6	160.000	300.236	272.793	104	85	1
225	69.377	179.980	510.058	79.999	179.980	510.058	79.999	-100.100	0.000	front	0.000	0	-160.000	-14.805	328.910	97	86	0
225	69.377	179.980	510.058	79.999	179.980	510.058	79.999	-100.100	0.000	front	0.000	1	-106.667	37.701	319.557	98	86	0
225	69.377	179.980	510.058	79.999	179.980	510.058	79.999	-100.100	0.000	front	0.000	2	-53.333	90.208	310.204	99	86	0
225	69.377	179.980	510.058	79.999	179.980	510.058	79.999	-100.100	0.000	front	0.000	3	0.000	142.715	300.852	100	86	0
225	69.377	179.980	510.058	79.999	179.980	510.058	79.999	-100.100	0.000	front	0.000	4	53.333	195.222	291.499	101	86	0
225	69.377	179.980	510.058	79.999	179.980	510.058	79.999	-100.100	0.000	front	0.000	5	106.667	247.729	282.146	102	86	0
225	69.377	179.980	510.058	79.999	179.980	510.058	79.999	-100.100	0.000	front	0.000	6	160.000	300.236	272.793	104	85	0
225	69.377	179.980	510.058	79.999	179.980	510.058	79.999	-100.100	0.000	front	0.000	0	-160.000	-14.805	328.910	97	86	0
225	69.377	179.980	510.058	79.999	179.980	510.058	79.999	-100.100	0.000	front	0.000	1	-106.667	37.701	319.557	98	86	0
225	69.377	179.980	510.058	79.999	179.980	510.058	79.999	-100.100	0.000	front	0.000	2	-53.333	90.208	310.204	99	86	0
225	69.377	179.980	510.058	79.999	179.980	510.058	79.999	-100.100	0.000	front	0.000	3	0.000	142.715	300.852	100	86	0
225	69.377	179.980	510.058	79.999	179.980	510.058	79.999	-100.100	0.000	front	0.000	4	53.333	195.222	291.499	101	86	0
225	69.377	179.980	510.058	79.999	179.980	510.058	79.999	-100.100	0.000	front	0.000	5	106.667	247.729	282.146	102	86	0
225	69.377	179.980	510.058	79.999	179.980	510.058	79.999	-100.100	0.000	front	0.000	6	160.000	300.236	272.793	104	85	0
225	69.377	179.980	510.058	79.999	179.980	510.058	79.999	-100.200	0.000	front	0.000	0	-160.000	-15.121	329.250	97	86	0
225	69.377	179.980	510.058	79.999	179.980	510.058	79.999	-100.200	0.000	front	0.000	1	-106.667	37.369	319.806	98	86	0
225	69.377	179.980	510.058	79.999	179.980	510.058	79.999	-100.200	0.000	front	0.000	2	-53.333	89.860	310.361	99	86	0
225	69.377	179.980	510.058	79.999	179.980	510.058	79.999	-100.200	0.000	front	0.000	3	0.000	142.350	300.917	100	86	0
225	69.377	179.980	510.058	79.999	179.980	510.058	79.999	-100.200	0.000	front	0.000	4	53.333	194.840	291.472	101	86	0
225	69.377	179.980	510.058	79.999	179.980	510.058	79.999	-100.200	0.000	front	0.000	5	106.667	247.331	282.028	102	86	0
225	69.377	179.980	510.058	79.999	179.980	510.058	79.999	-100.200	0.000	front	0.000	6	160.000	299.821	272.583	103	85	1
225	69.377	179.980	510.058	79.999	179.980	510.058	79.999	-100.200	0.000	front	0.000	0	-160.000	-15.121	329.250	97	86	0
225	69.377	179.980	510.058	79.999	179.980	510.058	79.999	-100.200	0.000	front	0.000	1	-106.667	37.369	319.806	98	86	0
225	69.377	179.980	510.058	79.999	179.980	510.058	79.999	-100.200	0.000	front	0.000	2	-53.333	89.860	310.361	99	86	0
225	69.377	179.980	510.058	79.999	179.980	510.058	79.999	-100.200	0.000	front	0.000	3	0.000	142.350	300.917	100	86	0
225	69.377	179.980	510.058	79.999	179.980	510.058	79.999	-100.200	0.000	front	0.000	4	53.333	194.840	291.472	101	86	0
225	69.377	179.980	510.058	79.999	179.980	510.058	79.999	-100.200	0.000	front	0.000	5	106.667	247.331	282.028	102	86	0
225	69.377	179.980	510.058	79.999	179.980	510.058	79.999	-100.200	0.000	front	0.000	6	160.000	299.821	272.583	103	85	0
