timestep,x_cm,y_cm,z_cm,yaw_deg,basis_xx,basis_xy,basis_xz,basis_yx,basis_yy,basis_yz,basis_zx,basis_zy,basis_zz,teleport_flag
0,300.000000,1179.980400,39.996400,-89.600006,0.006981,0.999976,0.000000,-0.999976,0.006981,0.000000,0.000000,0.000000,1.000000,0
1,300.000000,1179.980400,39.996400,-89.600006,0.006981,0.999976,0.000000,-0.999976,0.006981,0.000000,0.000000,0.000000,1.000000,0
2,300.000000,1179.980400,39.996400,-89.600006,0.006981,0.999976,0.000000,-0.999976,0.006981,0.000000,0.000000,0.000000,1.000000,0
3,300.000000,1179.980400,39.996400,-89.600006,0.006981,0.999976,0.000000,-0.999976,0.006981,0.000000,0.000000,0.000000,1.000000,0
4,300.000000,1179.980400,39.996400,-89.600006,0.006981,0.999976,0.000000,-0.999976,0.006981,0.000000,0.000000,0.000000,1.000000,0
5,300.000000,1179.980400,39.996400,-89.600006,0.006981,0.999976,0.000000,-0.999976,0.006981,0.000000,0.000000,0.000000,1.000000,0
6,300.000000,1179.980400,39.996400,-89.699997,0.005236,0.999986,0.000000,-0.999986,0.005236,0.000000,0.000000,0.000000,1.000000,0
7,300.000000,1179.980400,39.996400,-89.699997,0.005236,0.999986,0.000000,-0.999986,0.005236,0.000000,0.000000,0.000000,1.000000,0
8,300.000000,1179.980400,39.996400,-89.699997,0.005236,0.999986,0.000000,-0.999986,0.005236,0.000000,0.000000,0.000000,1.000000,0
9,300.000000,1179.980400,39.996400,-90.199997,-0.003491,0.999994,0.000000,-0.999994,-0.003491,0.000000,0.000000,0.000000,1.000000,0
10,300.000000,1179.980400,39.996400,-90.199997,-0.003491,0.999994,0.000000,-0.999994,-0.003491,0.000000,0.000000,0.000000,1.000000,0
11,300.000000,1179.980400,39.996400,-90.199997,-0.003491,0.999994,0.000000,-0.999994,-0.003491,0.000000,0.000000,0.000000,1.000000,0
12,300.000000,1179.980400,39.996400,-90.199997,-0.003491,0.999994,0.000000,-0.999994,-0.003491,0.000000,0.000000,0.000000,1.000000,0
13,300.000000,1170.019500,39.996400,-91.100006,-0.019198,0.999816,0.000000,-0.999816,-0.019198,0.000000,0.000000,0.000000,1.000000,0
14,300.000000,1160.058500,39.996400,-92.400009,-0.041876,0.999123,0.000000,-0.999123,-0.041876,0.000000,0.000000,0.000000,1.000000,0
15,300.000000,1160.058500,39.996400,-92.400009,-0.041876,0.999123,0.000000,-0.999123,-0.041876,0.000000,0.000000,0.000000,1.000000,0
16,289.990200,1149.999900,39.996400,-93.900009,-0.068015,0.997684,0.000000,-0.997684,-0.068015,0.000000,0.000000,0.000000,1.000000,0
17,289.990200,1149.999900,39.996400,-93.900009,-0.068015,0.997684,0.000000,-0.997684,-0.068015,0.000000,0.000000,0.000000,1.000000,0
18,289.990200,1149.999900,39.996400,-93.900009,-0.068015,0.997684,0.000000,-0.997684,-0.068015,0.000000,0.000000,0.000000,1.000000,0
19,279.980500,1140.039000,49.994000,-95.800003,-0.101056,0.994881,0.000000,-0.994881,-0.101056,0.000000,0.000000,0.000000,1.000000,0
20,279.980500,1140.039000,49.994000,-95.800003,-0.101056,0.994881,0.000000,-0.994881,-0.101056,0.000000,0.000000,0.000000,1.000000,0
21,279.980500,1140.039000,49.994000,-95.800003,-0.101056,0.994881,0.000000,-0.994881,-0.101056,0.000000,0.000000,0.000000,1.000000,0
22,279.980500,1140.039000,49.994000,-95.800003,-0.101056,0.994881,0.000000,-0.994881,-0.101056,0.000000,0.000000,0.000000,1.000000,0
23,279.980500,1120.019500,49.994000,-98.100006,-0.140901,0.990024,0.000000,-0.990024,-0.140901,0.000000,0.000000,0.000000,1.000000,0
24,279.980500,1120.019500,49.994000,-98.100006,-0.140901,0.990024,0.000000,-0.990024,-0.140901,0.000000,0.000000,0.000000,1.000000,0
25,279.980500,1120.019500,49.994000,-98.100006,-0.140901,0.990024,0.000000,-0.990024,-0.140901,0.000000,0.000000,0.000000,1.000000,0
26,269.970700,1099.999900,49.994000,-100.699997,-0.185667,0.982613,0.000000,-0.982613,-0.185667,0.000000,0.000000,0.000000,1.000000,0
27,269.970700,1099.999900,49.994000,-100.699997,-0.185667,0.982613,0.000000,-0.982613,-0.185667,0.000000,0.000000,0.000000,1.000000,0
28,269.970700,1099.999900,49.994000,-100.699997,-0.185667,0.982613,0.000000,-0.982613,-0.185667,0.000000,0.000000,0.000000,1.000000,0
29,260.009800,1079.980400,49.994000,-103.500000,-0.233445,0.972370,0.000000,-0.972370,-0.233445,0.000000,0.000000,0.000000,1.000000,0
30,260.009800,1079.980400,49.994000,-103.500000,-0.233445,0.972370,0.000000,-0.972370,-0.233445,0.000000,0.000000,0.000000,1.000000,0
31,260.009800,1079.980400,49.994000,-103.500000,-0.233445,0.972370,0.000000,-0.972370,-0.233445,0.000000,0.000000,0.000000,1.000000,0
32,260.009800,1079.980400,49.994000,-103.500000,-0.233445,0.972370,0.000000,-0.972370,-0.233445,0.000000,0.000000,0.000000,1.000000,0
33,239.990200,1060.058500,49.994000,-106.800003,-0.289032,0.957319,0.000000,-0.957319,-0.289032,0.000000,0.000000,0.000000,1.000000,0
34,239.990200,1060.058500,49.994000,-106.800003,-0.289032,0.957319,0.000000,-0.957319,-0.289032,0.000000,0.000000,0.000000,1.000000,0
35,239.990200,1060.058500,49.994000,-106.800003,-0.289032,0.957319,0.000000,-0.957319,-0.289032,0.000000,0.000000,0.000000,1.000000,0
36,219.970700,1029.980400,49.994000,-110.699997,-0.353475,0.935444,0.000000,-0.935444,-0.353475,0.000000,0.000000,0.000000,1.000000,0
37,219.970700,1029.980400,49.994000,-110.699997,-0.353475,0.935444,0.000000,-0.935444,-0.353475,0.000000,0.000000,0.000000,1.000000,0
38,219.970700,1029.980400,49.994000,-110.699997,-0.353475,0.935444,0.000000,-0.935444,-0.353475,0.000000,0.000000,0.000000,1.000000,0
39,219.970700,1029.980400,49.994000,-110.699997,-0.353475,0.935444,0.000000,-0.935444,-0.353475,0.000000,0.000000,0.000000,1.000000,0
40,200.000000,999.999900,49.994000,-114.500000,-0.414693,0.909961,0.000000,-0.909961,-0.414693,0.000000,0.000000,0.000000,1.000000,0
41,200.000000,999.999900,49.994000,-114.500000,-0.414693,0.909961,0.000000,-0.909961,-0.414693,0.000000,0.000000,0.000000,1.000000,0
42,200.000000,999.999900,49.994000,-114.500000,-0.414693,0.909961,0.000000,-0.909961,-0.414693,0.000000,0.000000,0.000000,1.000000,0
43,179.980500,979.980400,59.991600,-117.600006,-0.463296,0.886204,0.000000,-0.886204,-0.463296,0.000000,0.000000,0.000000,1.000000,0
44,179.980500,979.980400,59.991600,-117.600006,-0.463296,0.886204,0.000000,-0.886204,-0.463296,0.000000,0.000000,0.000000,1.000000,0
45,179.980500,979.980400,59.991600,-117.600006,-0.463296,0.886204,0.000000,-0.886204,-0.463296,0.000000,0.000000,0.000000,1.000000,0
46,160.009800,949.999900,59.991600,-120.300003,-0.504528,0.863396,0.000000,-0.863396,-0.504528,0.000000,0.000000,0.000000,1.000000,0
47,160.009800,949.999900,59.991600,-120.300003,-0.504528,0.863396,0.000000,-0.863396,-0.504528,0.000000,0.000000,0.000000,1.000000,0
48,160.009800,949.999900,59.991600,-120.300003,-0.504528,0.863396,0.000000,-0.863396,-0.504528,0.000000,0.000000,0.000000,1.000000,0
49,129.980500,910.058500,59.991600,-122.900009,-0.543175,0.839620,0.000000,-0.839620,-0.543175,0.000000,0.000000,0.000000,1.000000,0
50,129.980500,910.058500,59.991600,-122.900009,-0.543175,0.839620,0.000000,-0.839620,-0.543175,0.000000,0.000000,0.000000,1.000000,0
51,129.980500,910.058500,59.991600,-122.900009,-0.543175,0.839620,0.000000,-0.839620,-0.543175,0.000000,0.000000,0.000000,1.000000,0
52,100.000000,879.980400,59.991600,-125.300003,-0.577858,0.816138,0.000000,-0.816138,-0.577858,0.000000,0.000000,0.000000,1.000000,0
53,100.000000,879.980400,59.991600,-125.300003,-0.577858,0.816138,0.000000,-0.816138,-0.577858,0.000000,0.000000,0.000000,1.000000,0
54,100.000000,879.980400,59.991600,-125.300003,-0.577858,0.816138,0.000000,-0.816138,-0.577858,0.000000,0.000000,0.000000,1.000000,0
55,60.009800,840.039000,70.001300,-127.600006,-0.610145,0.792290,0.000000,-0.792290,-0.610145,0.000000,0.000000,0.000000,1.000000,0
56,60.009800,840.039000,70.001300,-127.600006,-0.610145,0.792290,0.000000,-0.792290,-0.610145,0.000000,0.000000,0.000000,1.000000,0
57,60.009800,840.039000,70.001300,-127.600006,-0.610145,0.792290,0.000000,-0.792290,-0.610145,0.000000,0.000000,0.000000,1.000000,0
58,60.009800,840.039000,70.001300,-127.600006,-0.610145,0.792290,0.000000,-0.792290,-0.610145,0.000000,0.000000,0.000000,1.000000,0
59,19.970700,790.039000,70.001300,-129.900009,-0.641450,0.767165,0.000000,-0.767165,-0.641450,0.000000,0.000000,0.000000,1.000000,0
60,19.970700,790.039000,70.001300,-129.900009,-0.641450,0.767165,0.000000,-0.767165,-0.641450,0.000000,0.000000,0.000000,1.000000,0
61,-30.029300,749.999900,79.998900,-131.600006,-0.663926,0.747798,0.000000,-0.747798,-0.663926,0.000000,0.000000,0.000000,1.000000,0
62,-30.029300,749.999900,79.998900,-131.600006,-0.663926,0.747798,0.000000,-0.747798,-0.663926,0.000000,0.000000,0.000000,1.000000,0
63,-30.029300,749.999900,79.998900,-131.600006,-0.663926,0.747798,0.000000,-0.747798,-0.663926,0.000000,0.000000,0.000000,1.000000,0
64,-30.029300,749.999900,79.998900,-131.600006,-0.663926,0.747798,0.000000,-0.747798,-0.663926,0.000000,0.000000,0.000000,1.000000,0
65,-50.000000,720.019500,79.998900,-135.600006,-0.714473,0.699663,0.000000,-0.699663,-0.714473,0.000000,0.000000,0.000000,1.000000,0
66,-50.000000,720.019500,79.998900,-135.600006,-0.714473,0.699663,0.000000,-0.699663,-0.714473,0.000000,0.000000,0.000000,1.000000,0
67,-50.000000,720.019500,79.998900,-135.600006,-0.714473,0.699663,0.000000,-0.699663,-0.714473,0.000000,0.000000,0.000000,1.000000,0
68,-50.000000,720.019500,79.998900,-136.800003,-0.728969,0.684547,0.000000,-0.684547,-0.728969,0.000000,0.000000,0.000000,1.000000,0
69,-50.000000,720.019500,79.998900,-136.800003,-0.728969,0.684547,0.000000,-0.684547,-0.728969,0.000000,0.000000,0.000000,1.000000,0
70,-50.000000,720.019500,79.998900,-136.800003,-0.728969,0.684547,0.000000,-0.684547,-0.728969,0.000000,0.000000,0.000000,1.000000,0
71,-39.990200,740.039000,79.998900,-138.600006,-0.750111,0.661312,0.000000,-0.661312,-0.750111,0.000000,0.000000,0.000000,1.000000,0
72,-39.990200,740.039000,79.998900,-138.600006,-0.750111,0.661312,0.000000,-0.661312,-0.750111,0.000000,0.000000,0.000000,1.000000,0
73,-39.990200,740.039000,79.998900,-138.600006,-0.750111,0.661312,0.000000,-0.661312,-0.750111,0.000000,0.000000,0.000000,1.000000,0
74,-30.029300,749.999900,70.001300,-140.900009,-0.776047,0.630676,0.000000,-0.630676,-0.776047,0.000000,0.000000,0.000000,1.000000,0
75,-30.029300,749.999900,70.001300,-140.900009,-0.776047,0.630676,0.000000,-0.630676,-0.776047,0.000000,0.000000,0.000000,1.000000,0
76,-30.029300,749.999900,70.001300,-140.900009,-0.776047,0.630676,0.000000,-0.630676,-0.776047,0.000000,0.000000,0.000000,1.000000,0
77,-20.019500,770.019500,79.998900,-142.600006,-0.794415,0.607376,0.000000,-0.607376,-0.794415,0.000000,0.000000,0.000000,1.000000,0
78,-20.019500,770.019500,79.998900,-142.600006,-0.794415,0.607376,0.000000,-0.607376,-0.794415,0.000000,0.000000,0.000000,1.000000,0
79,-20.019500,770.019500,79.998900,-142.600006,-0.794415,0.607376,0.000000,-0.607376,-0.794415,0.000000,0.000000,0.000000,1.000000,0
80,0.000000,779.980400,70.001300,-141.100006,-0.778243,0.627963,0.000000,-0.627963,-0.778243,0.000000,0.000000,0.000000,1.000000,0
81,0.000000,779.980400,70.001300,-141.100006,-0.778243,0.627963,0.000000,-0.627963,-0.778243,0.000000,0.000000,0.000000,1.000000,0
82,0.000000,779.980400,70.001300,-141.100006,-0.778243,0.627963,0.000000,-0.627963,-0.778243,0.000000,0.000000,0.000000,1.000000,0
83,0.000000,779.980400,70.001300,-141.100006,-0.778243,0.627963,0.000000,-0.627963,-0.778243,0.000000,0.000000,0.000000,1.000000,0
84,19.970700,790.039000,70.001300,-138.199997,-0.745476,0.666533,0.000000,-0.666533,-0.745476,0.000000,0.000000,0.000000,1.000000,0
85,19.970700,790.039000,70.001300,-138.199997,-0.745476,0.666533,0.000000,-0.666533,-0.745476,0.000000,0.000000,0.000000,1.000000,0
86,19.970700,790.039000,70.001300,-138.199997,-0.745476,0.666533,0.000000,-0.666533,-0.745476,0.000000,0.000000,0.000000,1.000000,0
87,50.000000,799.999900,70.001300,-134.600006,-0.702153,0.712026,0.000000,-0.712026,-0.702153,0.000000,0.000000,0.000000,1.000000,0
88,50.000000,799.999900,70.001300,-134.600006,-0.702153,0.712026,0.000000,-0.712026,-0.702153,0.000000,0.000000,0.000000,1.000000,0
89,50.000000,799.999900,70.001300,-134.600006,-0.702153,0.712026,0.000000,-0.712026,-0.702153,0.000000,0.000000,0.000000,1.000000,0
90,50.000000,799.999900,70.001300,-134.600006,-0.702153,0.712026,0.000000,-0.712026,-0.702153,0.000000,0.000000,0.000000,1.000000,0
91,69.970700,810.058500,70.001300,-131.000000,-0.656059,0.754710,0.000000,-0.754710,-0.656059,0.000000,0.000000,0.000000,1.000000,0
92,69.970700,810.058500,70.001300,-131.000000,-0.656059,0.754710,0.000000,-0.754710,-0.656059,0.000000,0.000000,0.000000,1.000000,0
93,69.970700,810.058500,70.001300,-131.000000,-0.656059,0.754710,0.000000,-0.754710,-0.656059,0.000000,0.000000,0.000000,1.000000,0
94,100.000000,829.980400,70.001300,-126.699997,-0.597625,0.801776,0.000000,-0.801776,-0.597625,0.000000,0.000000,0.000000,1.000000,0
95,100.000000,829.980400,70.001300,-126.699997,-0.597625,0.801776,0.000000,-0.801776,-0.597625,0.000000,0.000000,0.000000,1.000000,0
96,100.000000,829.980400,70.001300,-126.699997,-0.597625,0.801776,0.000000,-0.801776,-0.597625,0.000000,0.000000,0.000000,1.000000,0
97,100.000000,829.980400,70.001300,-126.699997,-0.597625,0.801776,0.000000,-0.801776,-0.597625,0.000000,0.000000,0.000000,1.000000,0
98,129.980500,849.999900,59.991600,-122.400009,-0.535827,0.844328,0.000000,-0.844328,-0.535827,0.000000,0.000000,0.000000,1.000000,0
99,129.980500,849.999900,59.991600,-122.400009,-0.535827,0.844328,0.000000,-0.844328,-0.535827,0.000000,0.000000,0.000000,1.000000,0
100,129.980500,849.999900,59.991600,-122.400009,-0.535827,0.844328,0.000000,-0.844328,-0.535827,0.000000,0.000000,0.000000,1.000000,0
101,160.009800,879.980400,59.991600,-118.199997,-0.472551,0.881303,0.000000,-0.881303,-0.472551,0.000000,0.000000,0.000000,1.000000,0
102,160.009800,879.980400,59.991600,-118.199997,-0.472551,0.881303,0.000000,-0.881303,-0.472551,0.000000,0.000000,0.000000,1.000000,0
103,160.009800,879.980400,59.991600,-118.199997,-0.472551,0.881303,0.000000,-0.881303,-0.472551,0.000000,0.000000,0.000000,1.000000,0
104,169.970700,910.058500,59.991600,-118.800003,-0.481754,0.876307,0.000000,-0.876307,-0.481754,0.000000,0.000000,0.000000,1.000000,0
105,169.970700,910.058500,59.991600,-118.800003,-0.481754,0.876307,0.000000,-0.876307,-0.481754,0.000000,0.000000,0.000000,1.000000,0
106,169.970700,910.058500,59.991600,-118.800003,-0.481754,0.876307,0.000000,-0.876307,-0.481754,0.000000,0.000000,0.000000,1.000000,0
107,169.970700,910.058500,59.991600,-118.800003,-0.481754,0.876307,0.000000,-0.876307,-0.481754,0.000000,0.000000,0.000000,1.000000,0
108,179.980500,940.039000,59.991600,-122.100006,-0.531399,0.847122,0.000000,-0.847122,-0.531399,0.000000,0.000000,0.000000,1.000000,0
109,179.980500,940.039000,59.991600,-122.100006,-0.531399,0.847122,0.000000,-0.847122,-0.531399,0.000000,0.000000,0.000000,1.000000,0
110,179.980500,940.039000,59.991600,-122.100006,-0.531399,0.847122,0.000000,-0.847122,-0.531399,0.000000,0.000000,0.000000,1.000000,0
111,189.990200,960.058500,59.991600,-125.100006,-0.575005,0.818150,0.000000,-0.818150,-0.575005,0.000000,0.000000,0.000000,1.000000,0
112,189.990200,960.058500,59.991600,-125.100006,-0.575005,0.818150,0.000000,-0.818150,-0.575005,0.000000,0.000000,0.000000,1.000000,0
113,189.990200,960.058500,59.991600,-125.100006,-0.575005,0.818150,0.000000,-0.818150,-0.575005,0.000000,0.000000,0.000000,1.000000,0
114,189.990200,960.058500,59.991600,-125.100006,-0.575005,0.818150,0.000000,-0.818150,-0.575005,0.000000,0.000000,0.000000,1.000000,0
115,189.990200,979.980400,59.991600,-127.199997,-0.604599,0.796530,0.000000,-0.796530,-0.604599,0.000000,0.000000,0.000000,1.000000,0
116,189.990200,979.980400,59.991600,-127.199997,-0.604599,0.796530,0.000000,-0.796530,-0.604599,0.000000,0.000000,0.000000,1.000000,0
117,189.990200,979.980400,59.991600,-127.199997,-0.604599,0.796530,0.000000,-0.796530,-0.604599,0.000000,0.000000,0.000000,1.000000,0
118,200.000000,990.039000,59.991600,-128.900009,-0.627963,0.778243,0.000000,-0.778243,-0.627963,0.000000,0.000000,0.000000,1.000000,0
119,200.000000,990.039000,59.991600,-128.900009,-0.627963,0.778243,0.000000,-0.778243,-0.627963,0.000000,0.000000,0.000000,1.000000,0
120,200.000000,990.039000,59.991600,-128.900009,-0.627963,0.778243,0.000000,-0.778243,-0.627963,0.000000,0.000000,0.000000,1.000000,0
121,200.000000,990.039000,59.991600,-128.900009,-0.627963,0.778243,0.000000,-0.778243,-0.627963,0.000000,0.000000,0.000000,1.000000,0
122,200.000000,999.999900,49.994000,-129.900009,-0.641450,0.767165,0.000000,-0.767165,-0.641450,0.000000,0.000000,0.000000,1.000000,0
123,200.000000,999.999900,49.994000,-129.900009,-0.641450,0.767165,0.000000,-0.767165,-0.641450,0.000000,0.000000,0.000000,1.000000,0
124,200.000000,999.999900,49.994000,-129.900009,-0.641450,0.767165,0.000000,-0.767165,-0.641450,0.000000,0.000000,0.000000,1.000000,0
125,200.000000,999.999900,49.994000,-130.500000,-0.649448,0.760406,0.000000,-0.760406,-0.649448,0.000000,0.000000,0.000000,1.000000,0
126,200.000000,999.999900,49.994000,-130.500000,-0.649448,0.760406,0.000000,-0.760406,-0.649448,0.000000,0.000000,0.000000,1.000000,0
127,200.000000,999.999900,49.994000,-130.500000,-0.649448,0.760406,0.000000,-0.760406,-0.649448,0.000000,0.000000,0.000000,1.000000,0
128,200.000000,999.999900,49.994000,-130.500000,-0.649448,0.760406,0.000000,-0.760406,-0.649448,0.000000,0.000000,0.000000,1.000000,0
129,200.000000,999.999900,49.994000,-130.500000,-0.649448,0.760406,0.000000,-0.760406,-0.649448,0.000000,0.000000,0.000000,1.000000,0
130,200.000000,999.999900,49.994000,-130.500000,-0.649448,0.760406,0.000000,-0.760406,-0.649448,0.000000,0.000000,0.000000,1.000000,0
131,200.000000,999.999900,49.994000,-130.500000,-0.649448,0.760406,0.000000,-0.760406,-0.649448,0.000000,0.000000,0.000000,1.000000,0
132,200.000000,999.999900,49.994000,-130.100006,-0.644124,0.764921,0.000000,-0.764921,-0.644124,0.000000,0.000000,0.000000,1.000000,0
133,200.000000,999.999900,49.994000,-130.100006,-0.644124,0.764921,0.000000,-0.764921,-0.644124,0.000000,0.000000,0.000000,1.000000,0
134,200.000000,999.999900,49.994000,-130.100006,-0.644124,0.764921,0.000000,-0.764921,-0.644124,0.000000,0.000000,0.000000,1.000000,0
135,200.000000,990.039000,59.991600,-129.100006,-0.630676,0.776046,0.000000,-0.776046,-0.630676,0.000000,0.000000,0.000000,1.000000,0
136,200.000000,990.039000,59.991600,-129.100006,-0.630676,0.776046,0.000000,-0.776046,-0.630676,0.000000,0.000000,0.000000,1.000000,0
137,200.000000,990.039000,59.991600,-129.100006,-0.630676,0.776046,0.000000,-0.776046,-0.630676,0.000000,0.000000,0.000000,1.000000,0
138,189.990200,979.980400,59.991600,-127.800003,-0.612907,0.790155,0.000000,-0.790155,-0.612907,0.000000,0.000000,0.000000,1.000000,0
139,189.990200,979.980400,59.991600,-127.800003,-0.612907,0.790155,0.000000,-0.790155,-0.612907,0.000000,0.000000,0.000000,1.000000,0
140,189.990200,979.980400,59.991600,-127.800003,-0.612907,0.790155,0.000000,-0.790155,-0.612907,0.000000,0.000000,0.000000,1.000000,0
141,189.990200,970.019500,59.991600,-126.000000,-0.587785,0.809017,0.000000,-0.809017,-0.587785,0.000000,0.000000,0.000000,1.000000,0
142,189.990200,970.019500,59.991600,-126.000000,-0.587785,0.809017,0.000000,-0.809017,-0.587785,0.000000,0.000000,0.000000,1.000000,0
143,189.990200,970.019500,59.991600,-126.000000,-0.587785,0.809017,0.000000,-0.809017,-0.587785,0.000000,0.000000,0.000000,1.000000,0
144,189.990200,970.019500,59.991600,-126.000000,-0.587785,0.809017,0.000000,-0.809017,-0.587785,0.000000,0.000000,0.000000,1.000000,0
145,179.980500,949.999900,59.991600,-123.699997,-0.554844,0.831954,0.000000,-0.831954,-0.554844,0.000000,0.000000,0.000000,1.000000,0
146,179.980500,949.999900,59.991600,-123.699997,-0.554844,0.831954,0.000000,-0.831954,-0.554844,0.000000,0.000000,0.000000,1.000000,0
147,179.980500,949.999900,59.991600,-123.699997,-0.554844,0.831954,0.000000,-0.831954,-0.554844,0.000000,0.000000,0.000000,1.000000,0
148,179.980500,949.999900,59.991600,-123.699997,-0.554844,0.831954,0.000000,-0.831954,-0.554844,0.000000,0.000000,0.000000,1.000000,0
149,179.980500,929.980400,59.991600,-120.900009,-0.513541,0.858065,0.000000,-0.858065,-0.513541,0.000000,0.000000,0.000000,1.000000,0
150,179.980500,929.980400,59.991600,-120.900009,-0.513541,0.858065,0.000000,-0.858065,-0.513541,0.000000,0.000000,0.000000,1.000000,0
151,169.970700,910.058500,59.991600,-118.000000,-0.469472,0.882948,0.000000,-0.882948,-0.469472,0.000000,0.000000,0.000000,1.000000,0
152,169.970700,910.058500,59.991600,-118.000000,-0.469472,0.882948,0.000000,-0.882948,-0.469472,0.000000,0.000000,0.000000,1.000000,0
153,169.970700,910.058500,59.991600,-118.000000,-0.469472,0.882948,0.000000,-0.882948,-0.469472,0.000000,0.000000,0.000000,1.000000,0
154,169.970700,910.058500,59.991600,-118.000000,-0.469472,0.882948,0.000000,-0.882948,-0.469472,0.000000,0.000000,0.000000,1.000000,0
155,169.970700,879.980400,59.991600,-114.500000,-0.414693,0.909961,0.000000,-0.909961,-0.414693,0.000000,0.000000,0.000000,1.000000,0
156,169.970700,879.980400,59.991600,-114.500000,-0.414693,0.909961,0.000000,-0.909961,-0.414693,0.000000,0.000000,0.000000,1.000000,0
157,169.970700,879.980400,59.991600,-114.500000,-0.414693,0.909961,0.000000,-0.909961,-0.414693,0.000000,0.000000,0.000000,1.000000,0
158,160.009800,849.999900,59.991600,-110.800003,-0.355107,0.934826,0.000000,-0.934826,-0.355107,0.000000,0.000000,0.000000,1.000000,0
159,160.009800,849.999900,59.991600,-110.800003,-0.355107,0.934826,0.000000,-0.934826,-0.355107,0.000000,0.000000,0.000000,1.000000,0
160,160.009800,849.999900,59.991600,-110.800003,-0.355107,0.934826,0.000000,-0.934826,-0.355107,0.000000,0.000000,0.000000,1.000000,0
161,160.009800,849.999900,59.991600,-110.800003,-0.355107,0.934826,0.000000,-0.934826,-0.355107,0.000000,0.000000,0.000000,1.000000,0
162,160.009800,810.058500,59.991600,-107.600006,-0.302370,0.953191,0.000000,-0.953191,-0.302370,0.000000,0.000000,0.000000,1.000000,0
163,160.009800,810.058500,59.991600,-107.600006,-0.302370,0.953191,0.000000,-0.953191,-0.302370,0.000000,0.000000,0.000000,1.000000,0
164,160.009800,810.058500,59.991600,-107.600006,-0.302370,0.953191,0.000000,-0.953191,-0.302370,0.000000,0.000000,0.000000,1.000000,0
165,160.009800,770.019500,70.001300,-104.400009,-0.248690,0.968583,0.000000,-0.968583,-0.248690,0.000000,0.000000,0.000000,1.000000,0
166,160.009800,770.019500,70.001300,-104.400009,-0.248690,0.968583,0.000000,-0.968583,-0.248690,0.000000,0.000000,0.000000,1.000000,0
167,160.009800,770.019500,70.001300,-104.400009,-0.248690,0.968583,0.000000,-0.968583,-0.248690,0.000000,0.000000,0.000000,1.000000,0
168,160.009800,770.019500,70.001300,-104.400009,-0.248690,0.968583,0.000000,-0.968583,-0.248690,0.000000,0.000000,0.000000,1.000000,0
169,150.000000,720.019500,70.001300,-101.500000,-0.199368,0.979925,0.000000,-0.979925,-0.199368,0.000000,0.000000,0.000000,1.000000,0
170,150.000000,720.019500,70.001300,-101.500000,-0.199368,0.979925,0.000000,-0.979925,-0.199368,0.000000,0.000000,0.000000,1.000000,0
171,150.000000,720.019500,70.001300,-101.500000,-0.199368,0.979925,0.000000,-0.979925,-0.199368,0.000000,0.000000,0.000000,1.000000,0
172,150.000000,670.019500,70.001300,-99.000000,-0.156434,0.987688,0.000000,-0.987688,-0.156434,0.000000,0.000000,0.000000,1.000000,0
173,150.000000,670.019500,70.001300,-99.000000,-0.156434,0.987688,0.000000,-0.987688,-0.156434,0.000000,0.000000,0.000000,1.000000,0
174,150.000000,670.019500,70.001300,-99.000000,-0.156434,0.987688,0.000000,-0.987688,-0.156434,0.000000,0.000000,0.000000,1.000000,0
175,139.990200,610.058500,70.001300,-96.900009,-0.120137,0.992757,0.000000,-0.992757,-0.120137,0.000000,0.000000,0.000000,1.000000,0
176,139.990200,610.058500,70.001300,-96.900009,-0.120137,0.992757,0.000000,-0.992757,-0.120137,0.000000,0.000000,0.000000,1.000000,0
177,139.990200,610.058500,70.001300,-96.900009,-0.120137,0.992757,0.000000,-0.992757,-0.120137,0.000000,0.000000,0.000000,1.000000,0
178,139.990200,610.058500,70.001300,-96.900009,-0.120137,0.992757,0.000000,-0.992757,-0.120137,0.000000,0.000000,0.000000,1.000000,0
179,139.990200,549.999900,79.998900,-94.800003,-0.083678,0.996493,0.000000,-0.996493,-0.083678,0.000000,0.000000,0.000000,1.000000,0
180,139.990200,549.999900,79.998900,-94.800003,-0.083678,0.996493,0.000000,-0.996493,-0.083678,0.000000,0.000000,0.000000,1.000000,0
181,139.990200,549.999900,79.998900,-94.800003,-0.083678,0.996493,0.000000,-0.996493,-0.083678,0.000000,0.000000,0.000000,1.000000,0
182,160.009800,529.980400,79.998900,-95.300003,-0.092371,0.995725,0.000000,-0.995725,-0.092371,0.000000,0.000000,0.000000,1.000000,0
183,160.009800,529.980400,79.998900,-95.300003,-0.092371,0.995725,0.000000,-0.995725,-0.092371,0.000000,0.000000,0.000000,1.000000,0
184,160.009800,529.980400,79.998900,-95.300003,-0.092371,0.995725,0.000000,-0.995725,-0.092371,0.000000,0.000000,0.000000,1.000000,0
185,169.970700,520.019500,79.998900,-98.699997,-0.151261,0.988494,0.000000,-0.988494,-0.151261,0.000000,0.000000,0.000000,1.000000,0
186,169.970700,520.019500,79.998900,-98.699997,-0.151261,0.988494,0.000000,-0.988494,-0.151261,0.000000,0.000000,0.000000,1.000000,0
187,169.970700,520.019500,79.998900,-98.699997,-0.151261,0.988494,0.000000,-0.988494,-0.151261,0.000000,0.000000,0.000000,1.000000,0
188,169.970700,520.019500,70.001300,-99.000000,-0.156434,0.987688,0.000000,-0.987688,-0.156434,0.000000,0.000000,0.000000,1.000000,0
189,169.970700,520.019500,70.001300,-99.000000,-0.156434,0.987688,0.000000,-0.987688,-0.156434,0.000000,0.000000,0.000000,1.000000,0
190,169.970700,520.019500,70.001300,-99.000000,-0.156434,0.987688,0.000000,-0.987688,-0.156434,0.000000,0.000000,0.000000,1.000000,0
191,169.970700,520.019500,70.001300,-99.000000,-0.156434,0.987688,0.000000,-0.987688,-0.156434,0.000000,0.000000,0.000000,1.000000,0
192,169.970700,520.019500,79.998900,-99.100006,-0.158158,0.987414,0.000000,-0.987414,-0.158158,0.000000,0.000000,0.000000,1.000000,0
193,169.970700,520.019500,79.998900,-99.100006,-0.158158,0.987414,0.000000,-0.987414,-0.158158,0.000000,0.000000,0.000000,1.000000,0
194,169.970700,520.019500,79.998900,-99.100006,-0.158158,0.987414,0.000000,-0.987414,-0.158158,0.000000,0.000000,0.000000,1.000000,0
195,169.970700,520.019500,79.998900,-99.300003,-0.161604,0.986856,0.000000,-0.986856,-0.161604,0.000000,0.000000,0.000000,1.000000,0
196,169.970700,520.019500,79.998900,-99.300003,-0.161604,0.986856,0.000000,-0.986856,-0.161604,0.000000,0.000000,0.000000,1.000000,0
197,169.970700,520.019500,79.998900,-99.300003,-0.161604,0.986856,0.000000,-0.986856,-0.161604,0.000000,0.000000,0.000000,1.000000,0
198,169.970700,520.019500,79.998900,-99.300003,-0.161604,0.986856,0.000000,-0.986856,-0.161604,0.000000,0.000000,0.000000,1.000000,0
199,169.970700,520.019500,79.998900,-99.400009,-0.163326,0.986572,0.000000,-0.986572,-0.163326,0.000000,0.000000,0.000000,1.000000,0
200,169.970700,520.019500,79.998900,-99.400009,-0.163326,0.986572,0.000000,-0.986572,-0.163326,0.000000,0.000000,0.000000,1.000000,0
201,169.970700,520.019500,79.998900,-99.400009,-0.163326,0.986572,0.000000,-0.986572,-0.163326,0.000000,0.000000,0.000000,1.000000,0
202,179.980500,520.019500,79.998900,-99.500000,-0.165048,0.986286,0.000000,-0.986286,-0.165048,0.000000,0.000000,0.000000,1.000000,0
203,179.980500,520.019500,79.998900,-99.500000,-0.165048,0.986286,0.000000,-0.986286,-0.165048,0.000000,0.000000,0.000000,1.000000,0
204,179.980500,520.019500,79.998900,-99.500000,-0.165048,0.986286,0.000000,-0.986286,-0.165048,0.000000,0.000000,0.000000,1.000000,0
205,179.980500,520.019500,79.998900,-99.600006,-0.166769,0.985996,0.000000,-0.985996,-0.166769,0.000000,0.000000,0.000000,1.000000,0
206,179.980500,520.019500,79.998900,-99.600006,-0.166769,0.985996,0.000000,-0.985996,-0.166769,0.000000,0.000000,0.000000,1.000000,0
207,179.980500,520.019500,79.998900,-99.600006,-0.166769,0.985996,0.000000,-0.985996,-0.166769,0.000000,0.000000,0.000000,1.000000,0
208,179.980500,520.019500,79.998900,-99.699997,-0.168489,0.985703,0.000000,-0.985703,-0.168489,0.000000,0.000000,0.000000,1.000000,0
209,179.980500,520.019500,79.998900,-99.699997,-0.168489,0.985703,0.000000,-0.985703,-0.168489,0.000000,0.000000,0.000000,1.000000,0
210,179.980500,520.019500,79.998900,-99.699997,-0.168489,0.985703,0.000000,-0.985703,-0.168489,0.000000,0.000000,0.000000,1.000000,0
211,179.980500,520.019500,79.998900,-99.699997,-0.168489,0.985703,0.000000,-0.985703,-0.168489,0.000000,0.000000,0.000000,1.000000,0
212,179.980500,520.019500,79.998900,-99.800003,-0.170210,0.985408,0.000000,-0.985408,-0.170210,0.000000,0.000000,0.000000,1.000000,0
213,179.980500,520.019500,79.998900,-99.800003,-0.170210,0.985408,0.000000,-0.985408,-0.170210,0.000000,0.000000,0.000000,1.000000,0
214,179.980500,520.019500,79.998900,-99.800003,-0.170210,0.985408,0.000000,-0.985408,-0.170210,0.000000,0.000000,0.000000,1.000000,0
215,179.980500,520.019500,79.998900,-99.900009,-0.171929,0.985109,0.000000,-0.985109,-0.171929,0.000000,0.000000,0.000000,1.000000,0
216,179.980500,520.019500,79.998900,-99.900009,-0.171929,0.985109,0.000000,-0.985109,-0.171929,0.000000,0.000000,0.000000,1.000000,0
217,179.980500,520.019500,79.998900,-99.900009,-0.171929,0.985109,0.000000,-0.985109,-0.171929,0.000000,0.000000,0.000000,1.000000,0
218,179.980500,520.019500,79.998900,-100.000000,-0.173648,0.984808,0.000000,-0.984808,-0.173648,0.000000,0.000000,0.000000,1.000000,0
219,179.980500,520.019500,79.998900,-100.000000,-0.173648,0.984808,0.000000,-0.984808,-0.173648,0.000000,0.000000,0.000000,1.000000,0
220,179.980500,520.019500,79.998900,-100.000000,-0.173648,0.984808,0.000000,-0.984808,-0.173648,0.000000,0.000000,0.000000,1.000000,0
221,179.980500,520.019500,79.998900,-100.000000,-0.173648,0.984808,0.000000,-0.984808,-0.173648,0.000000,0.000000,0.000000,1.000000,0
222,179.980500,510.058500,79.998900,-100.100006,-0.175367,0.984503,0.000000,-0.984503,-0.175367,0.000000,0.000000,0.000000,1.000000,0
223,179.980500,510.058500,79.998900,-100.100006,-0.175367,0.984503,0.000000,-0.984503,-0.175367,0.000000,0.000000,0.000000,1.000000,0
224,179.980500,510.058500,79.998900,-100.100006,-0.175367,0.984503,0.000000,-0.984503,-0.175367,0.000000,0.000000,0.000000,1.000000,0
225,179.980500,510.058500,79.998900,-100.199997,-0.177085,0.984196,0.000000,-0.984196,-0.177085,0.000000,0.000000,0.000000,1.000000,0
226,179.980500,510.058500,79.998900,-100.199997,-0.177085,0.984196,0.000000,-0.984196,-0.177085,0.000000,0.000000,0.000000,1.000000,0
227,179.980500,510.058500,79.998900,-100.199997,-0.177085,0.984196,0.000000,-0.984196,-0.177085,0.000000,0.000000,0.000000,1.000000,0
228,179.980500,510.058500,79.998900,-100.300003,-0.178802,0.983885,0.000000,-0.983885,-0.178802,0.000000,0.000000,0.000000,1.000000,0
229,179.980500,510.058500,79.998900,-100.300003,-0.178802,0.983885,0.000000,-0.983885,-0.178802,0.000000,0.000000,0.000000,1.000000,0
230,179.980500,510.058500,79.998900,-100.300003,-0.178802,0.983885,0.000000,-0.983885,-0.178802,0.000000,0.000000,0.000000,1.000000,0
231,179.980500,529.980400,79.998900,-100.600006,-0.183951,0.982935,0.000000,-0.982935,-0.183951,0.000000,0.000000,0.000000,1.000000,0
232,179.980500,529.980400,79.998900,-100.600006,-0.183951,0.982935,0.000000,-0.982935,-0.183951,0.000000,0.000000,0.000000,1.000000,0
233,179.980500,529.980400,79.998900,-100.600006,-0.183951,0.982935,0.000000,-0.982935,-0.183951,0.000000,0.000000,0.000000,1.000000,0
234,179.980500,560.058500,79.998900,-101.000000,-0.190809,0.981627,0.000000,-0.981627,-0.190809,0.000000,0.000000,0.000000,1.000000,0
235,179.980500,560.058500,79.998900,-101.000000,-0.190809,0.981627,0.000000,-0.981627,-0.190809,0.000000,0.000000,0.000000,1.000000,0
236,179.980500,560.058500,79.998900,-101.000000,-0.190809,0.981627,0.000000,-0.981627,-0.190809,0.000000,0.000000,0.000000,1.000000,0
237,179.980500,560.058500,79.998900,-101.000000,-0.190809,0.981627,0.000000,-0.981627,-0.190809,0.000000,0.000000,0.000000,1.000000,0
238,189.990200,599.999900,70.001300,-101.699997,-0.202787,0.979223,0.000000,-0.979223,-0.202787,0.000000,0.000000,0.000000,1.000000,0
239,189.990200,599.999900,70.001300,-101.699997,-0.202787,0.979223,0.000000,-0.979223,-0.202787,0.000000,0.000000,0.000000,1.000000,0
240,189.990200,599.999900,70.001300,-101.699997,-0.202787,0.979223,0.000000,-0.979223,-0.202787,0.000000,0.000000,0.000000,1.000000,0
241,200.000000,670.019500,70.001300,-102.699997,-0.219846,0.975535,0.000000,-0.975535,-0.219846,0.000000,0.000000,0.000000,1.000000,0
242,200.000000,670.019500,70.001300,-102.699997,-0.219846,0.975535,0.000000,-0.975535,-0.219846,0.000000,0.000000,0.000000,1.000000,0
243,200.000000,670.019500,70.001300,-102.699997,-0.219846,0.975535,0.000000,-0.975535,-0.219846,0.000000,0.000000,0.000000,1.000000,0
244,219.970700,740.039000,70.001300,-103.800003,-0.238534,0.971134,0.000000,-0.971134,-0.238534,0.000000,0.000000,0.000000,1.000000,0
245,219.970700,740.039000,70.001300,-103.800003,-0.238534,0.971134,0.000000,-0.971134,-0.238534,0.000000,0.000000,0.000000,1.000000,0
246,219.970700,740.039000,70.001300,-103.800003,-0.238534,0.971134,0.000000,-0.971134,-0.238534,0.000000,0.000000,0.000000,1.000000,0
247,219.970700,740.039000,70.001300,-103.800003,-0.238534,0.971134,0.000000,-0.971134,-0.238534,0.000000,0.000000,0.000000,1.000000,0
248,239.990200,840.039000,59.991600,-105.300003,-0.263873,0.964557,0.000000,-0.964557,-0.263873,0.000000,0.000000,0.000000,1.000000,0
249,239.990200,840.039000,59.991600,-105.300003,-0.263873,0.964557,0.000000,-0.964557,-0.263873,0.000000,0.000000,0.000000,1.000000,0
250,239.990200,840.039000,59.991600,-105.300003,-0.263873,0.964557,0.000000,-0.964557,-0.263873,0.000000,0.000000,0.000000,1.000000,0
251,269.970700,960.058500,59.991600,-107.100006,-0.294040,0.955793,0.000000,-0.955793,-0.294040,0.000000,0.000000,0.000000,1.000000,0
252,269.970700,960.058500,59.991600,-107.100006,-0.294040,0.955793,0.000000,-0.955793,-0.294040,0.000000,0.000000,0.000000,1.000000,0
253,269.970700,960.058500,59.991600,-107.100006,-0.294040,0.955793,0.000000,-0.955793,-0.294040,0.000000,0.000000,0.000000,1.000000,0
254,389.990200,1329.980400,29.998900,-112.900009,-0.389124,0.921185,0.000000,-0.921185,-0.389124,0.000000,0.000000,0.000000,1.000000,0
255,389.990200,1329.980400,29.998900,-112.900009,-0.389124,0.921185,0.000000,-0.921185,-0.389124,0.000000,0.000000,0.000000,1.000000,0
256,389.990200,1329.980400,29.998900,-112.900009,-0.389124,0.921185,0.000000,-0.921185,-0.389124,0.000000,0.000000,0.000000,1.000000,0
257,389.990200,1329.980400,29.998900,-112.900009,-0.389124,0.921185,0.000000,-0.921185,-0.389124,0.000000,0.000000,0.000000,1.000000,0
258,389.990200,1329.980400,29.998900,-112.900009,-0.389124,0.921185,0.000000,-0.921185,-0.389124,0.000000,0.000000,0.000000,1.000000,0
259,389.990200,1329.980400,29.998900,-112.900009,-0.389124,0.921185,0.000000,-0.921185,-0.389124,0.000000,0.000000,0.000000,1.000000,0
260,389.990200,1329.980400,29.998900,-112.900009,-0.389124,0.921185,0.000000,-0.921185,-0.389124,0.000000,0.000000,0.000000,1.000000,0
261,389.990200,1329.980400,29.998900,-113.100006,-0.392337,0.919821,0.000000,-0.919821,-0.392337,0.000000,0.000000,0.000000,1.000000,0
262,389.990200,1329.980400,29.998900,-113.100006,-0.392337,0.919821,0.000000,-0.919821,-0.392337,0.000000,0.000000,0.000000,1.000000,0
263,389.990200,1329.980400,29.998900,-113.100006,-0.392337,0.919821,0.000000,-0.919821,-0.392337,0.000000,0.000000,0.000000,1.000000,0
264,379.980500,1320.019500,29.998900,-113.500000,-0.398749,0.917060,0.000000,-0.917060,-0.398749,0.000000,0.000000,0.000000,1.000000,0
265,379.980500,1320.019500,29.998900,-113.500000,-0.398749,0.917060,0.000000,-0.917060,-0.398749,0.000000,0.000000,0.000000,1.000000,0
266,379.980500,1320.019500,29.998900,-113.500000,-0.398749,0.917060,0.000000,-0.917060,-0.398749,0.000000,0.000000,0.000000,1.000000,0
267,379.980500,1310.058500,29.998900,-114.199997,-0.409923,0.912120,0.000000,-0.912120,-0.409923,0.000000,0.000000,0.000000,1.000000,0
268,379.980500,1310.058500,29.998900,-114.199997,-0.409923,0.912120,0.000000,-0.912120,-0.409923,0.000000,0.000000,0.000000,1.000000,0
269,379.980500,1310.058500,29.998900,-114.199997,-0.409923,0.912120,0.000000,-0.912120,-0.409923,0.000000,0.000000,0.000000,1.000000,0
270,369.970700,1299.999900,29.998900,-115.199997,-0.425779,0.904827,0.000000,-0.904827,-0.425779,0.000000,0.000000,0.000000,1.000000,0
271,369.970700,1299.999900,29.998900,-115.199997,-0.425779,0.904827,0.000000,-0.904827,-0.425779,0.000000,0.000000,0.000000,1.000000,0
272,369.970700,1299.999900,29.998900,-115.199997,-0.425779,0.904827,0.000000,-0.904827,-0.425779,0.000000,0.000000,0.000000,1.000000,0
273,369.970700,1299.999900,29.998900,-115.199997,-0.425779,0.904827,0.000000,-0.904827,-0.425779,0.000000,0.000000,0.000000,1.000000,0
274,360.009800,1279.980400,39.996400,-116.300003,-0.443071,0.896486,0.000000,-0.896486,-0.443071,0.000000,0.000000,0.000000,1.000000,0
275,360.009800,1279.980400,39.996400,-116.300003,-0.443071,0.896486,0.000000,-0.896486,-0.443071,0.000000,0.000000,0.000000,1.000000,0
276,360.009800,1279.980400,39.996400,-116.300003,-0.443071,0.896486,0.000000,-0.896486,-0.443071,0.000000,0.000000,0.000000,1.000000,0
277,339.990200,1260.058500,39.996400,-117.900009,-0.467930,0.883766,0.000000,-0.883766,-0.467930,0.000000,0.000000,0.000000,1.000000,0
278,339.990200,1260.058500,39.996400,-117.900009,-0.467930,0.883766,0.000000,-0.883766,-0.467930,0.000000,0.000000,0.000000,1.000000,0
279,339.990200,1260.058500,39.996400,-117.900009,-0.467930,0.883766,0.000000,-0.883766,-0.467930,0.000000,0.000000,0.000000,1.000000,0
280,339.990200,1260.058500,39.996400,-117.900009,-0.467930,0.883766,0.000000,-0.883766,-0.467930,0.000000,0.000000,0.000000,1.000000,0
281,319.970700,1240.039000,39.996400,-120.000000,-0.500000,0.866025,0.000000,-0.866025,-0.500000,0.000000,0.000000,0.000000,1.000000,0
282,319.970700,1240.039000,39.996400,-120.000000,-0.500000,0.866025,0.000000,-0.866025,-0.500000,0.000000,0.000000,0.000000,1.000000,0
283,319.970700,1240.039000,39.996400,-120.000000,-0.500000,0.866025,0.000000,-0.866025,-0.500000,0.000000,0.000000,0.000000,1.000000,0
284,300.000000,1220.019500,39.996400,-122.699997,-0.540240,0.841511,0.000000,-0.841511,-0.540240,0.000000,0.000000,0.000000,1.000000,0
285,300.000000,1220.019500,39.996400,-122.699997,-0.540240,0.841511,0.000000,-0.841511,-0.540240,0.000000,0.000000,0.000000,1.000000,0
286,300.000000,1220.019500,39.996400,-122.699997,-0.540240,0.841511,0.000000,-0.841511,-0.540240,0.000000,0.000000,0.000000,1.000000,0
287,279.980500,1199.999900,39.996400,-126.000000,-0.587785,0.809017,0.000000,-0.809017,-0.587785,0.000000,0.000000,0.000000,1.000000,0
288,279.980500,1199.999900,39.996400,-126.000000,-0.587785,0.809017,0.000000,-0.809017,-0.587785,0.000000,0.000000,0.000000,1.000000,0
289,279.980500,1199.999900,39.996400,-126.000000,-0.587785,0.809017,0.000000,-0.809017,-0.587785,0.000000,0.000000,0.000000,1.000000,0
290,279.980500,1199.999900,39.996400,-126.000000,-0.587785,0.809017,0.000000,-0.809017,-0.587785,0.000000,0.000000,0.000000,1.000000,0
291,250.000000,1179.980400,39.996400,-129.600006,-0.637424,0.770513,0.000000,-0.770513,-0.637424,0.000000,0.000000,0.000000,1.000000,0
292,250.000000,1179.980400,39.996400,-129.600006,-0.637424,0.770513,0.000000,-0.770513,-0.637424,0.000000,0.000000,0.000000,1.000000,0
293,250.000000,1179.980400,39.996400,-129.600006,-0.637424,0.770513,0.000000,-0.770513,-0.637424,0.000000,0.000000,0.000000,1.000000,0
294,219.970700,1160.058500,49.994000,-133.400009,-0.687088,0.726575,0.000000,-0.726575,-0.687088,0.000000,0.000000,0.000000,1.000000,0
295,219.970700,1160.058500,49.994000,-133.400009,-0.687088,0.726575,0.000000,-0.726575,-0.687088,0.000000,0.000000,0.000000,1.000000,0
296,219.970700,1160.058500,49.994000,-133.400009,-0.687088,0.726575,0.000000,-0.726575,-0.687088,0.000000,0.000000,0.000000,1.000000,0
297,219.970700,1160.058500,49.994000,-133.400009,-0.687088,0.726575,0.000000,-0.726575,-0.687088,0.000000,0.000000,0.000000,1.000000,0
298,189.990200,1140.039000,49.994000,-137.600006,-0.738455,0.674302,0.000000,-0.674302,-0.738455,0.000000,0.000000,0.000000,1.000000,0
299,189.990200,1140.039000,49.994000,-137.600006,-0.738455,0.674302,0.000000,-0.674302,-0.738455,0.000000,0.000000,0.000000,1.000000,0
300,189.990200,1140.039000,49.994000,-137.600006,-0.738455,0.674302,0.000000,-0.674302,-0.738455,0.000000,0.000000,0.000000,1.000000,0
301,150.000000,1120.019500,49.994000,-141.800003,-0.785857,0.618408,0.000000,-0.618408,-0.785857,0.000000,0.000000,0.000000,1.000000,0
302,150.000000,1120.019500,49.994000,-141.800003,-0.785857,0.618408,0.000000,-0.618408,-0.785857,0.000000,0.000000,0.000000,1.000000,0
303,150.000000,1120.019500,49.994000,-141.800003,-0.785857,0.618408,0.000000,-0.618408,-0.785857,0.000000,0.000000,0.000000,1.000000,0
304,119.970700,1099.999900,49.994000,-145.300003,-0.822144,0.569279,0.000000,-0.569279,-0.822144,0.000000,0.000000,0.000000,1.000000,0
305,119.970700,1099.999900,49.994000,-145.300003,-0.822144,0.569279,0.000000,-0.569279,-0.822144,0.000000,0.000000,0.000000,1.000000,0
306,119.970700,1099.999900,49.994000,-145.300003,-0.822144,0.569279,0.000000,-0.569279,-0.822144,0.000000,0.000000,0.000000,1.000000,0
307,69.970700,1090.039000,49.994000,-149.000000,-0.857167,0.515038,0.000000,-0.515038,-0.857167,0.000000,0.000000,0.000000,1.000000,0
308,69.970700,1090.039000,49.994000,-149.000000,-0.857167,0.515038,0.000000,-0.515038,-0.857167,0.000000,0.000000,0.000000,1.000000,0
309,69.970700,1090.039000,49.994000,-149.000000,-0.857167,0.515038,0.000000,-0.515038,-0.857167,0.000000,0.000000,0.000000,1.000000,0
310,69.970700,1090.039000,49.994000,-149.000000,-0.857167,0.515038,0.000000,-0.515038,-0.857167,0.000000,0.000000,0.000000,1.000000,0
311,29.980500,1070.019500,59.991600,-152.900009,-0.890213,0.455545,0.000000,-0.455545,-0.890213,0.000000,0.000000,0.000000,1.000000,0
312,29.980500,1070.019500,59.991600,-152.900009,-0.890213,0.455545,0.000000,-0.455545,-0.890213,0.000000,0.000000,0.000000,1.000000,0
313,29.980500,1070.019500,59.991600,-152.900009,-0.890213,0.455545,0.000000,-0.455545,-0.890213,0.000000,0.000000,0.000000,1.000000,0
314,-20.019500,1060.058500,59.991600,-156.600006,-0.917755,0.397148,0.000000,-0.397148,-0.917755,0.000000,0.000000,0.000000,1.000000,0
315,-20.019500,1060.058500,59.991600,-156.600006,-0.917755,0.397148,0.000000,-0.397148,-0.917755,0.000000,0.000000,0.000000,1.000000,0
316,-20.019500,1060.058500,59.991600,-156.600006,-0.917755,0.397148,0.000000,-0.397148,-0.917755,0.000000,0.000000,0.000000,1.000000,0
317,-70.019500,1049.999900,59.991600,-159.800003,-0.938493,0.345298,0.000000,-0.345298,-0.938493,0.000000,0.000000,0.000000,1.000000,0
318,-70.019500,1049.999900,59.991600,-159.800003,-0.938493,0.345298,0.000000,-0.345298,-0.938493,0.000000,0.000000,0.000000,1.000000,0
319,-70.019500,1049.999900,59.991600,-159.800003,-0.938493,0.345298,0.000000,-0.345298,-0.938493,0.000000,0.000000,0.000000,1.000000,0
320,-70.019500,1049.999900,59.991600,-159.800003,-0.938493,0.345298,0.000000,-0.345298,-0.938493,0.000000,0.000000,0.000000,1.000000,0
321,-130.029300,1029.980400,70.001300,-162.600006,-0.954240,0.299041,0.000000,-0.299041,-0.954240,0.000000,0.000000,0.000000,1.000000,0
322,-130.029300,1029.980400,70.001300,-162.600006,-0.954240,0.299041,0.000000,-0.299041,-0.954240,0.000000,0.000000,0.000000,1.000000,0
323,-130.029300,1029.980400,70.001300,-162.600006,-0.954240,0.299041,0.000000,-0.299041,-0.954240,0.000000,0.000000,0.000000,1.000000,0
324,-180.029300,1020.019500,70.001300,-164.900009,-0.965473,0.260504,0.000000,-0.260504,-0.965473,0.000000,0.000000,0.000000,1.000000,0
325,-180.029300,1020.019500,70.001300,-164.900009,-0.965473,0.260504,0.000000,-0.260504,-0.965473,0.000000,0.000000,0.000000,1.000000,0
326,-180.029300,1020.019500,70.001300,-164.900009,-0.965473,0.260504,0.000000,-0.260504,-0.965473,0.000000,0.000000,0.000000,1.000000,0
327,-180.029300,1020.019500,70.001300,-164.900009,-0.965473,0.260504,0.000000,-0.260504,-0.965473,0.000000,0.000000,0.000000,1.000000,0
328,-250.000000,1010.058500,70.001300,-167.200012,-0.975149,0.221548,0.000000,-0.221548,-0.975149,0.000000,0.000000,0.000000,1.000000,0
329,-250.000000,1010.058500,70.001300,-167.200012,-0.975149,0.221548,0.000000,-0.221548,-0.975149,0.000000,0.000000,0.000000,1.000000,0
330,-320.019500,999.999900,70.001300,-169.700012,-0.983885,0.178802,0.000000,-0.178802,-0.983885,0.000000,0.000000,0.000000,1.000000,0
331,-320.019500,999.999900,70.001300,-169.700012,-0.983885,0.178802,0.000000,-0.178802,-0.983885,0.000000,0.000000,0.000000,1.000000,0
332,-320.019500,999.999900,70.001300,-169.700012,-0.983885,0.178802,0.000000,-0.178802,-0.983885,0.000000,0.000000,0.000000,1.000000,0
333,-320.019500,999.999900,70.001300,-169.700012,-0.983885,0.178802,0.000000,-0.178802,-0.983885,0.000000,0.000000,0.000000,1.000000,0
334,-389.990200,999.999900,79.998900,-173.000000,-0.992546,0.121869,0.000000,-0.121869,-0.992546,0.000000,0.000000,0.000000,1.000000,0
335,-389.990200,999.999900,79.998900,-173.000000,-0.992546,0.121869,0.000000,-0.121869,-0.992546,0.000000,0.000000,0.000000,1.000000,0
336,-389.990200,999.999900,79.998900,-173.000000,-0.992546,0.121869,0.000000,-0.121869,-0.992546,0.000000,0.000000,0.000000,1.000000,0
337,-460.009800,1010.058500,79.998900,-178.600006,-0.999701,0.024432,0.000000,-0.024432,-0.999701,0.000000,0.000000,0.000000,1.000000,0
338,-460.009800,1010.058500,79.998900,-178.600006,-0.999701,0.024432,0.000000,-0.024432,-0.999701,0.000000,0.000000,0.000000,1.000000,0
339,-460.009800,1010.058500,79.998900,-178.600006,-0.999701,0.024432,0.000000,-0.024432,-0.999701,0.000000,0.000000,0.000000,1.000000,0
340,-510.009800,999.999900,79.998900,-179.600006,-0.999976,0.006981,0.000000,-0.006981,-0.999976,0.000000,0.000000,0.000000,1.000000,0
341,-510.009800,999.999900,79.998900,-179.600006,-0.999976,0.006981,0.000000,-0.006981,-0.999976,0.000000,0.000000,0.000000,1.000000,0
342,-510.009800,999.999900,79.998900,-179.600006,-0.999976,0.006981,0.000000,-0.006981,-0.999976,0.000000,0.000000,0.000000,1.000000,0
343,-539.990200,999.999900,89.996400,-177.600006,-0.999123,0.041876,0.000000,-0.041876,-0.999123,0.000000,0.000000,0.000000,1.000000,0
344,-539.990200,999.999900,89.996400,-177.600006,-0.999123,0.041876,0.000000,-0.041876,-0.999123,0.000000,0.000000,0.000000,1.000000,0
345,-539.990200,999.999900,89.996400,-177.600006,-0.999123,0.041876,0.000000,-0.041876,-0.999123,0.000000,0.000000,0.000000,1.000000,0
346,-539.990200,999.999900,89.996400,-177.600006,-0.999123,0.041876,0.000000,-0.041876,-0.999123,0.000000,0.000000,0.000000,1.000000,0
347,-570.019500,990.039000,89.996400,-174.600006,-0.995562,0.094108,0.000000,-0.094108,-0.995562,0.000000,0.000000,0.000000,1.000000,0
348,-570.019500,990.039000,89.996400,-174.600006,-0.995562,0.094108,0.000000,-0.094108,-0.995562,0.000000,0.000000,0.000000,1.000000,0
349,-570.019500,990.039000,89.996400,-174.600006,-0.995562,0.094108,0.000000,-0.094108,-0.995562,0.000000,0.000000,0.000000,1.000000,0
350,-589.990200,979.980400,89.996400,-171.600006,-0.989272,0.146083,0.000000,-0.146083,-0.989272,0.000000,0.000000,0.000000,1.000000,0
351,-589.990200,979.980400,89.996400,-171.600006,-0.989272,0.146083,0.000000,-0.146083,-0.989272,0.000000,0.000000,0.000000,1.000000,0
352,-589.990200,979.980400,89.996400,-171.600006,-0.989272,0.146083,0.000000,-0.146083,-0.989272,0.000000,0.000000,0.000000,1.000000,0
353,-610.009800,970.019500,89.996400,-169.300018,-0.982613,0.185666,0.000000,-0.185666,-0.982613,0.000000,0.000000,0.000000,1.000000,0
354,-610.009800,970.019500,89.996400,-169.300018,-0.982613,0.185666,0.000000,-0.185666,-0.982613,0.000000,0.000000,0.000000,1.000000,0
355,-610.009800,970.019500,89.996400,-169.300018,-0.982613,0.185666,0.000000,-0.185666,-0.982613,0.000000,0.000000,0.000000,1.000000,0
356,-610.009800,970.019500,89.996400,-169.300018,-0.982613,0.185666,0.000000,-0.185666,-0.982613,0.000000,0.000000,0.000000,1.000000,0
357,-620.019500,960.058500,89.996400,-167.100006,-0.974761,0.223250,0.000000,-0.223250,-0.974761,0.000000,0.000000,0.000000,1.000000,0
358,-620.019500,960.058500,89.996400,-167.100006,-0.974761,0.223250,0.000000,-0.223250,-0.974761,0.000000,0.000000,0.000000,1.000000,0
359,-630.029300,960.058500,89.996400,-167.000000,-0.974370,0.224951,0.000000,-0.224951,-0.974370,0.000000,0.000000,0.000000,1.000000,0
360,-630.029300,960.058500,89.996400,-167.000000,-0.974370,0.224951,0.000000,-0.224951,-0.974370,0.000000,0.000000,0.000000,1.000000,0
361,-630.029300,960.058500,89.996400,-167.000000,-0.974370,0.224951,0.000000,-0.224951,-0.974370,0.000000,0.000000,0.000000,1.000000,0
362,-630.029300,960.058500,89.996400,-167.000000,-0.974370,0.224951,0.000000,-0.224951,-0.974370,0.000000,0.000000,0.000000,1.000000,0
363,-620.019500,960.058500,89.996400,-167.200012,-0.975149,0.221548,0.000000,-0.221548,-0.975149,0.000000,0.000000,0.000000,1.000000,0
364,-620.019500,960.058500,89.996400,-167.200012,-0.975149,0.221548,0.000000,-0.221548,-0.975149,0.000000,0.000000,0.000000,1.000000,0
365,-620.019500,960.058500,89.996400,-167.200012,-0.975149,0.221548,0.000000,-0.221548,-0.975149,0.000000,0.000000,0.000000,1.000000,0
366,-620.019500,960.058500,89.996400,-167.700012,-0.977046,0.213030,0.000000,-0.213030,-0.977046,0.000000,0.000000,0.000000,1.000000,0
367,-620.019500,960.058500,89.996400,-167.700012,-0.977046,0.213030,0.000000,-0.213030,-0.977046,0.000000,0.000000,0.000000,1.000000,0
368,-620.019500,960.058500,89.996400,-167.700012,-0.977046,0.213030,0.000000,-0.213030,-0.977046,0.000000,0.000000,0.000000,1.000000,0
369,-620.019500,970.019500,89.996400,-168.500000,-0.979925,0.199368,0.000000,-0.199368,-0.979925,0.000000,0.000000,0.000000,1.000000,0
370,-620.019500,970.019500,89.996400,-168.500000,-0.979925,0.199368,0.000000,-0.199368,-0.979925,0.000000,0.000000,0.000000,1.000000,0
371,-620.019500,970.019500,89.996400,-168.500000,-0.979925,0.199368,0.000000,-0.199368,-0.979925,0.000000,0.000000,0.000000,1.000000,0
372,-610.009800,970.019500,89.996400,-169.399994,-0.982935,0.183951,0.000000,-0.183951,-0.982935,0.000000,0.000000,0.000000,1.000000,0
373,-610.009800,970.019500,89.996400,-169.399994,-0.982935,0.183951,0.000000,-0.183951,-0.982935,0.000000,0.000000,0.000000,1.000000,0
374,-610.009800,970.019500,89.996400,-169.399994,-0.982935,0.183951,0.000000,-0.183951,-0.982935,0.000000,0.000000,0.000000,1.000000,0
375,-610.009800,970.019500,89.996400,-169.399994,-0.982935,0.183951,0.000000,-0.183951,-0.982935,0.000000,0.000000,0.000000,1.000000,0
376,-600.000000,970.019500,89.996400,-170.700012,-0.986856,0.161604,0.000000,-0.161604,-0.986856,0.000000,0.000000,0.000000,1.000000,0
377,-600.000000,970.019500,89.996400,-170.700012,-0.986856,0.161604,0.000000,-0.161604,-0.986856,0.000000,0.000000,0.000000,1.000000,0
378,-600.000000,970.019500,89.996400,-170.700012,-0.986856,0.161604,0.000000,-0.161604,-0.986856,0.000000,0.000000,0.000000,1.000000,0
379,-589.990200,979.980400,89.996400,-172.300018,-0.990983,0.133986,0.000000,-0.133986,-0.990983,0.000000,0.000000,0.000000,1.000000,0
380,-589.990200,979.980400,89.996400,-172.300018,-0.990983,0.133986,0.000000,-0.133986,-0.990983,0.000000,0.000000,0.000000,1.000000,0
381,-589.990200,979.980400,89.996400,-172.300018,-0.990983,0.133986,0.000000,-0.133986,-0.990983,0.000000,0.000000,0.000000,1.000000,0
382,-580.029300,990.039000,89.996400,-174.200012,-0.994881,0.101056,0.000000,-0.101056,-0.994881,0.000000,0.000000,0.000000,1.000000,0
383,-580.029300,990.039000,89.996400,-174.200012,-0.994881,0.101056,0.000000,-0.101056,-0.994881,0.000000,0.000000,0.000000,1.000000,0
384,-580.029300,990.039000,89.996400,-174.200012,-0.994881,0.101056,0.000000,-0.101056,-0.994881,0.000000,0.000000,0.000000,1.000000,0
385,-580.029300,990.039000,89.996400,-174.200012,-0.994881,0.101056,0.000000,-0.101056,-0.994881,0.000000,0.000000,0.000000,1.000000,0
386,-560.009800,990.039000,89.996400,-176.200012,-0.997801,0.066274,0.000000,-0.066274,-0.997801,0.000000,0.000000,0.000000,1.000000,0
387,-560.009800,990.039000,89.996400,-176.200012,-0.997801,0.066274,0.000000,-0.066274,-0.997801,0.000000,0.000000,0.000000,1.000000,0
388,-560.009800,990.039000,89.996400,-176.200012,-0.997801,0.066274,0.000000,-0.066274,-0.997801,0.000000,0.000000,0.000000,1.000000,0
389,-539.990200,999.999900,89.996400,-178.600006,-0.999701,0.024432,0.000000,-0.024432,-0.999701,0.000000,0.000000,0.000000,1.000000,0
390,-539.990200,999.999900,89.996400,-178.600006,-0.999701,0.024432,0.000000,-0.024432,-0.999701,0.000000,0.000000,0.000000,1.000000,0
391,-539.990200,999.999900,89.996400,-178.600006,-0.999701,0.024432,0.000000,-0.024432,-0.999701,0.000000,0.000000,0.000000,1.000000,0
392,-520.019500,1010.058500,79.998900,178.899994,-0.999816,-0.019198,0.000000,0.019198,-0.999816,0.000000,0.000000,0.000000,1.000000,0
393,-520.019500,1010.058500,79.998900,178.899994,-0.999816,-0.019198,0.000000,0.019198,-0.999816,0.000000,0.000000,0.000000,1.000000,0
394,-520.019500,1010.058500,79.998900,178.899994,-0.999816,-0.019198,0.000000,0.019198,-0.999816,0.000000,0.000000,0.000000,1.000000,0
395,-500.000000,1010.058500,79.998900,176.199982,-0.997801,-0.066274,0.000000,0.066274,-0.997801,0.000000,0.000000,0.000000,1.000000,0
396,-500.000000,1010.058500,79.998900,176.199982,-0.997801,-0.066274,0.000000,0.066274,-0.997801,0.000000,0.000000,0.000000,1.000000,0
397,-500.000000,1010.058500,79.998900,176.199982,-0.997801,-0.066274,0.000000,0.066274,-0.997801,0.000000,0.000000,0.000000,1.000000,0
398,-500.000000,1010.058500,79.998900,176.199982,-0.997801,-0.066274,0.000000,0.066274,-0.997801,0.000000,0.000000,0.000000,1.000000,0
399,-480.029300,1020.019500,79.998900,172.799988,-0.992115,-0.125333,0.000000,0.125333,-0.992115,0.000000,0.000000,0.000000,1.000000,0
400,-480.029300,1020.019500,79.998900,172.799988,-0.992115,-0.125333,0.000000,0.125333,-0.992115,0.000000,0.000000,0.000000,1.000000,0
401,-480.029300,1020.019500,79.998900,172.799988,-0.992115,-0.125333,0.000000,0.125333,-0.992115,0.000000,0.000000,0.000000,1.000000,0
402,-450.000000,1020.019500,79.998900,169.799988,-0.984196,-0.177085,0.000000,0.177085,-0.984196,0.000000,0.000000,0.000000,1.000000,0
403,-450.000000,1020.019500,79.998900,169.799988,-0.984196,-0.177085,0.000000,0.177085,-0.984196,0.000000,0.000000,0.000000,1.000000,0
404,-450.000000,1020.019500,79.998900,169.799988,-0.984196,-0.177085,0.000000,0.177085,-0.984196,0.000000,0.000000,0.000000,1.000000,0
405,-420.019500,1029.980400,79.998900,165.899994,-0.969872,-0.243615,0.000000,0.243615,-0.969872,0.000000,0.000000,0.000000,1.000000,0
406,-420.019500,1029.980400,79.998900,165.899994,-0.969872,-0.243615,0.000000,0.243615,-0.969872,0.000000,0.000000,0.000000,1.000000,0
407,-420.019500,1029.980400,79.998900,165.899994,-0.969872,-0.243615,0.000000,0.243615,-0.969872,0.000000,0.000000,0.000000,1.000000,0
408,-420.019500,1029.980400,79.998900,165.899994,-0.969872,-0.243615,0.000000,0.243615,-0.969872,0.000000,0.000000,0.000000,1.000000,0
409,-389.990200,1029.980400,79.998900,161.899994,-0.950516,-0.310677,0.000000,0.310677,-0.950516,0.000000,0.000000,0.000000,1.000000,0
410,-389.990200,1029.980400,79.998900,161.899994,-0.950516,-0.310677,0.000000,0.310677,-0.950516,0.000000,0.000000,0.000000,1.000000,0
411,-389.990200,1029.980400,79.998900,161.899994,-0.950516,-0.310677,0.000000,0.310677,-0.950516,0.000000,0.000000,0.000000,1.000000,0
412,-350.000000,1029.980400,70.001300,157.299988,-0.922538,-0.385906,0.000000,0.385906,-0.922538,0.000000,0.000000,0.000000,1.000000,0
