step_idx	elapsed_s	sensor_idx	sensor_label	raw_cm	mask_hit	sensor_world_x_cm	sensor_world_y_cm	sensor_cell_x	sensor_cell_y	rover_x_cm	rover_y_cm	rover_heading_deg
13	5.481	0	front_left_wheel_hub_yaw_p30	0.000	0	534.316	900.018	108	98	300.000	1160.058	-92.400
14	5.775	0	front_left_wheel_hub_yaw_p30	0.000	0	534.316	900.018	108	98	300.000	1160.058	-92.400
25	9.043	0	front_left_wheel_hub_yaw_p30	0.000	0	464.294	808.858	107	96	269.971	1100.000	-100.700
26	9.331	0	front_left_wheel_hub_yaw_p30	0.000	0	464.294	808.858	107	96	269.971	1100.000	-100.700
27	9.650	0	front_left_wheel_hub_yaw_p30	0.000	0	464.294	808.858	107	96	269.971	1100.000	-100.700
28	9.946	0	front_left_wheel_hub_yaw_p30	0.000	0	439.879	779.694	106	95	260.010	1079.980	-103.500
29	10.235	0	front_left_wheel_hub_yaw_p30	0.000	0	439.879	779.694	106	95	260.010	1079.980	-103.500
30	10.541	0	front_left_wheel_hub_yaw_p30	0.000	0	439.879	779.694	106	95	260.010	1079.980	-103.500
31	10.865	0	front_left_wheel_hub_yaw_p30	0.000	0	439.879	779.694	106	95	260.010	1079.980	-103.500
35	12.037	0	front_left_wheel_hub_yaw_p30	0.000	0	360.786	709.518	105	94	219.971	1029.980	-110.700
36	12.331	0	front_left_wheel_hub_yaw_p30	0.000	0	360.786	709.518	105	94	219.971	1029.980	-110.700
37	12.615	0	front_left_wheel_hub_yaw_p30	0.000	0	360.786	709.518	105	94	219.971	1029.980	-110.700
38	12.930	0	front_left_wheel_hub_yaw_p30	0.000	0	360.786	709.518	105	94	219.971	1029.980	-110.700
39	13.223	0	front_left_wheel_hub_yaw_p30	0.000	0	319.267	670.910	104	93	200.000	1000.000	-114.500
40	13.547	0	front_left_wheel_hub_yaw_p30	0.000	0	319.267	670.910	104	93	200.000	1000.000	-114.500
41	13.884	0	front_left_wheel_hub_yaw_p30	0.000	0	319.267	670.910	104	93	200.000	1000.000	-114.500
42	14.190	0	front_left_wheel_hub_yaw_p30	0.000	0	281.276	644.922	103	93	179.980	979.980	-117.600
43	14.506	0	front_left_wheel_hub_yaw_p30	0.000	0	281.276	644.922	103	93	179.980	979.980	-117.600
44	14.813	0	front_left_wheel_hub_yaw_p30	0.000	0	281.276	644.922	103	93	179.980	979.980	-117.600
51	16.993	0	front_left_wheel_hub_yaw_p30	0.000	0	155.489	534.371	101	91	100.000	879.980	-125.300
52	17.308	0	front_left_wheel_hub_yaw_p30	0.000	0	155.489	534.371	101	91	100.000	879.980	-125.300
53	17.626	0	front_left_wheel_hub_yaw_p30	0.000	0	155.489	534.371	101	91	100.000	879.980	-125.300
58	19.193	0	front_left_wheel_hub_yaw_p30	0.000	0	47.564	441.093	98	89	19.971	790.039	-129.900
59	19.508	0	front_left_wheel_hub_yaw_p30	0.000	0	47.564	441.093	98	89	19.971	790.039	-129.900
64	21.089	0	front_left_wheel_hub_yaw_p30	0.000	0	-57.201	370.058	96	87	-50.000	720.020	-135.600
65	21.454	0	front_left_wheel_hub_yaw_p30	0.000	0	-57.201	370.058	96	87	-50.000	720.020	-135.600
66	21.783	0	front_left_wheel_hub_yaw_p30	0.000	0	-57.201	370.058	96	87	-50.000	720.020	-135.600
67	22.064	0	front_left_wheel_hub_yaw_p30	0.000	0	-64.528	370.285	96	87	-50.000	720.020	-136.800
68	22.441	0	front_left_wheel_hub_yaw_p30	0.000	0	-64.528	370.285	96	87	-50.000	720.020	-136.800
69	22.729	0	front_left_wheel_hub_yaw_p30	0.000	0	-64.528	370.285	96	87	-50.000	720.020	-136.800
73	23.986	0	front_left_wheel_hub_yaw_p30	0.000	0	-69.525	402.200	96	88	-30.029	750.000	-140.900
74	24.359	0	front_left_wheel_hub_yaw_p30	0.000	0	-69.525	402.200	96	88	-30.029	750.000	-140.900
75	24.677	0	front_left_wheel_hub_yaw_p30	0.000	0	-69.525	402.200	96	88	-30.029	750.000	-140.900
76	24.953	0	front_left_wheel_hub_yaw_p30	0.000	0	-69.816	423.544	96	88	-20.020	770.020	-142.600
77	25.242	0	front_left_wheel_hub_yaw_p30	0.000	0	-69.816	423.544	96	88	-20.020	770.020	-142.600
78	25.571	0	front_left_wheel_hub_yaw_p30	0.000	0	-69.816	423.544	96	88	-20.020	770.020	-142.600
79	25.864	0	front_left_wheel_hub_yaw_p30	0.000	0	-40.710	432.320	97	89	0.000	779.980	-141.100
80	26.187	0	front_left_wheel_hub_yaw_p30	0.000	0	-40.710	432.320	97	89	0.000	779.980	-141.100
81	26.502	0	front_left_wheel_hub_yaw_p30	0.000	0	-40.710	432.320	97	89	0.000	779.980	-141.100
82	26.808	0	front_left_wheel_hub_yaw_p30	0.000	0	-40.710	432.320	97	89	0.000	779.980	-141.100
90	29.115	0	front_left_wheel_hub_yaw_p30	0.000	0	90.860	460.647	99	89	69.971	810.058	-131.000
91	29.431	0	front_left_wheel_hub_yaw_p30	0.000	0	90.860	460.647	99	89	69.971	810.058	-131.000
92	29.711	0	front_left_wheel_hub_yaw_p30	0.000	0	90.860	460.647	99	89	69.971	810.058	-131.000
100	32.001	0	front_left_wheel_hub_yaw_p30	0.000	0	257.791	543.880	103	91	160.010	879.980	-118.200
101	32.286	0	front_left_wheel_hub_yaw_p30	0.000	0	257.791	543.880	103	91	160.010	879.980	-118.200
102	32.572	0	front_left_wheel_hub_yaw_p30	0.000	0	257.791	543.880	103	91	160.010	879.980	-118.200
110	34.896	0	front_left_wheel_hub_yaw_p30	0.000	0	246.686	614.645	102	92	189.990	960.058	-125.100
111	35.192	0	front_left_wheel_hub_yaw_p30	0.000	0	246.686	614.645	102	92	189.990	960.058	-125.100
112	35.472	0	front_left_wheel_hub_yaw_p30	0.000	0	246.686	614.645	102	92	189.990	960.058	-125.100
113	35.758	0	front_left_wheel_hub_yaw_p30	0.000	0	246.686	614.645	102	92	189.990	960.058	-125.100
124	39.037	0	front_left_wheel_hub_yaw_p30	0.000	0	223.937	650.784	102	93	200.000	1000.000	-130.500
125	39.321	0	front_left_wheel_hub_yaw_p30	0.000	0	223.937	650.784	102	93	200.000	1000.000	-130.500
126	39.638	0	front_left_wheel_hub_yaw_p30	0.000	0	223.937	650.784	102	93	200.000	1000.000	-130.500
127	39.921	0	front_left_wheel_hub_yaw_p30	0.000	0	223.937	650.784	102	93	200.000	1000.000	-130.500
134	42.027	0	front_left_wheel_hub_yaw_p30	0.000	0	232.462	641.512	102	93	200.000	990.039	-129.100
135	42.315	0	front_left_wheel_hub_yaw_p30	0.000	0	232.462	641.512	102	93	200.000	990.039	-129.100
136	42.604	0	front_left_wheel_hub_yaw_p30	0.000	0	232.462	641.512	102	93	200.000	990.039	-129.100
140	43.864	0	front_left_wheel_hub_yaw_p30	0.000	0	241.253	623.758	102	92	189.990	970.020	-126.000
141	44.154	0	front_left_wheel_hub_yaw_p30	0.000	0	241.253	623.758	102	92	189.990	970.020	-126.000
142	44.477	0	front_left_wheel_hub_yaw_p30	0.000	0	241.253	623.758	102	92	189.990	970.020	-126.000
143	44.799	0	front_left_wheel_hub_yaw_p30	0.000	0	241.253	623.758	102	92	189.990	970.020	-126.000
144	45.090	0	front_left_wheel_hub_yaw_p30	0.000	0	245.098	606.074	102	92	179.980	950.000	-123.700
145	45.371	0	front_left_wheel_hub_yaw_p30	0.000	0	245.098	606.074	102	92	179.980	950.000	-123.700
146	45.652	0	front_left_wheel_hub_yaw_p30	0.000	0	245.098	606.074	102	92	179.980	950.000	-123.700
147	45.936	0	front_left_wheel_hub_yaw_p30	0.000	0	245.098	606.074	102	92	179.980	950.000	-123.700
154	47.992	0	front_left_wheel_hub_yaw_p30	0.000	0	289.238	550.890	103	91	169.971	879.980	-114.500
155	48.304	0	front_left_wheel_hub_yaw_p30	0.000	0	289.238	550.890	103	91	169.971	879.980	-114.500
156	48.616	0	front_left_wheel_hub_yaw_p30	0.000	0	289.238	550.890	103	91	169.971	879.980	-114.500
171	53.078	0	front_left_wheel_hub_yaw_p30	0.000	0	352.875	384.771	105	88	150.000	670.020	-99.000
172	53.377	0	front_left_wheel_hub_yaw_p30	0.000	0	352.875	384.771	105	88	150.000	670.020	-99.000
173	53.657	0	front_left_wheel_hub_yaw_p30	0.000	0	352.875	384.771	105	88	150.000	670.020	-99.000
174	53.944	0	front_left_wheel_hub_yaw_p30	0.000	0	353.181	332.436	105	87	139.990	610.058	-96.900
175	54.233	0	front_left_wheel_hub_yaw_p30	0.000	0	353.181	332.436	105	87	139.990	610.058	-96.900
176	54.518	0	front_left_wheel_hub_yaw_p30	0.000	0	353.181	332.436	105	87	139.990	610.058	-96.900
177	54.820	0	front_left_wheel_hub_yaw_p30	0.000	0	353.181	332.436	105	87	139.990	610.058	-96.900
181	56.067	0	front_left_wheel_hub_yaw_p30	0.000	0	380.870	258.418	105	85	160.010	529.980	-95.300
182	56.372	0	front_left_wheel_hub_yaw_p30	0.000	0	380.870	258.418	105	85	160.010	529.980	-95.300
183	56.700	0	front_left_wheel_hub_yaw_p30	0.000	0	380.870	258.418	105	85	160.010	529.980	-95.300
191	59.043	0	front_left_wheel_hub_yaw_p30	0.000	0	372.348	234.417	105	85	169.971	520.020	-99.100
192	59.333	0	front_left_wheel_hub_yaw_p30	0.000	0	372.348	234.417	105	85	169.971	520.020	-99.100
193	59.623	0	front_left_wheel_hub_yaw_p30	0.000	0	372.348	234.417	105	85	169.971	520.020	-99.100
194	59.904	0	front_left_wheel_hub_yaw_p30	0.000	0	371.349	233.713	105	85	169.971	520.020	-99.300
195	60.186	0	front_left_wheel_hub_yaw_p30	0.000	0	371.349	233.713	105	85	169.971	520.020	-99.300
196	60.471	0	front_left_wheel_hub_yaw_p30	0.000	0	371.349	233.713	105	85	169.971	520.020	-99.300
197	60.753	0	front_left_wheel_hub_yaw_p30	0.000	0	371.349	233.713	105	85	169.971	520.020	-99.300
201	62.081	0	front_left_wheel_hub_yaw_p30	0.000	0	380.359	233.011	105	85	179.980	520.020	-99.500
202	62.428	0	front_left_wheel_hub_yaw_p30	0.000	0	380.359	233.011	105	85	179.980	520.020	-99.500
203	62.721	0	front_left_wheel_hub_yaw_p30	0.000	0	380.359	233.011	105	85	179.980	520.020	-99.500
211	65.093	0	front_left_wheel_hub_yaw_p30	0.000	0	378.853	231.966	105	85	179.980	520.020	-99.800
212	65.379	0	front_left_wheel_hub_yaw_p30	0.000	0	378.853	231.966	105	85	179.980	520.020	-99.800
213	65.680	0	front_left_wheel_hub_yaw_p30	0.000	0	378.853	231.966	105	85	179.980	520.020	-99.800
214	66.007	0	front_left_wheel_hub_yaw_p30	0.000	0	378.350	231.620	105	85	179.980	520.020	-99.900
215	66.319	0	front_left_wheel_hub_yaw_p30	0.000	0	378.350	231.620	105	85	179.980	520.020	-99.900
216	66.603	0	front_left_wheel_hub_yaw_p30	0.000	0	378.350	231.620	105	85	179.980	520.020	-99.900
217	66.891	0	front_left_wheel_hub_yaw_p30	0.000	0	377.846	231.274	105	85	179.980	520.020	-100.000
218	67.211	0	front_left_wheel_hub_yaw_p30	0.000	0	377.846	231.274	105	85	179.980	520.020	-100.000
219	67.510	0	front_left_wheel_hub_yaw_p30	0.000	0	377.846	231.274	105	85	179.980	520.020	-100.000
220	67.797	0	front_left_wheel_hub_yaw_p30	0.000	0	377.846	231.274	105	85	179.980	520.020	-100.000
221	68.084	0	front_left_wheel_hub_yaw_p30	0.000	0	377.342	220.968	105	84	179.980	510.058	-100.100
222	68.396	0	front_left_wheel_hub_yaw_p30	0.000	0	377.342	220.968	105	84	179.980	510.058	-100.100
223	68.731	0	front_left_wheel_hub_yaw_p30	0.000	0	377.342	220.968	105	84	179.980	510.058	-100.100
224	69.056	0	front_left_wheel_hub_yaw_p30	0.000	0	376.837	220.624	105	84	179.980	510.058	-100.200
225	69.377	0	front_left_wheel_hub_yaw_p30	0.000	0	376.837	220.624	105	84	179.980	510.058	-100.200
226	69.754	0	front_left_wheel_hub_yaw_p30	0.000	0	376.837	220.624	105	84	179.980	510.058	-100.200
227	70.089	0	front_left_wheel_hub_yaw_p30	0.000	0	376.332	220.281	105	84	179.980	510.058	-100.300
228	70.414	0	front_left_wheel_hub_yaw_p30	0.000	0	376.332	220.281	105	84	179.980	510.058	-100.300
229	70.709	0	front_left_wheel_hub_yaw_p30	0.000	0	376.332	220.281	105	84	179.980	510.058	-100.300
233	71.958	0	front_left_wheel_hub_yaw_p30	0.000	0	372.777	267.904	105	85	179.980	560.058	-101.000
234	72.253	0	front_left_wheel_hub_yaw_p30	0.000	0	372.777	267.904	105	85	179.980	560.058	-101.000
235	72.567	0	front_left_wheel_hub_yaw_p30	0.000	0	372.777	267.904	105	85	179.980	560.058	-101.000
236	72.881	0	front_left_wheel_hub_yaw_p30	0.000	0	372.777	267.904	105	85	179.980	560.058	-101.000
237	73.159	0	front_left_wheel_hub_yaw_p30	0.000	0	379.203	305.511	105	86	189.990	600.000	-101.700
238	73.474	0	front_left_wheel_hub_yaw_p30	0.000	0	379.203	305.511	105	86	189.990	600.000	-101.700
239	73.780	0	front_left_wheel_hub_yaw_p30	0.000	0	379.203	305.511	105	86	189.990	600.000	-101.700
240	74.064	0	front_left_wheel_hub_yaw_p30	0.000	0	384.044	372.274	105	87	200.000	670.020	-102.700
241	74.360	0	front_left_wheel_hub_yaw_p30	0.000	0	384.044	372.274	105	87	200.000	670.020	-102.700
242	74.717	0	front_left_wheel_hub_yaw_p30	0.000	0	384.044	372.274	105	87	200.000	670.020	-102.700
243	75.028	0	front_left_wheel_hub_yaw_p30	0.000	0	398.265	438.815	105	89	219.971	740.039	-103.800
244	75.317	0	front_left_wheel_hub_yaw_p30	0.000	0	398.265	438.815	105	89	219.971	740.039	-103.800
245	75.600	0	front_left_wheel_hub_yaw_p30	0.000	0	398.265	438.815	105	89	219.971	740.039	-103.800
246	75.889	0	front_left_wheel_hub_yaw_p30	0.000	0	398.265	438.815	105	89	219.971	740.039	-103.800
250	77.034	0	front_left_wheel_hub_yaw_p30	0.000	0	430.630	649.070	106	93	269.971	960.058	-107.100
251	77.316	0	front_left_wheel_hub_yaw_p30	0.000	0	430.630	649.070	106	93	269.971	960.058	-107.100
252	77.602	0	front_left_wheel_hub_yaw_p30	0.000	0	430.630	649.070	106	93	269.971	960.058	-107.100
263	85.964	0	front_left_wheel_hub_yaw_p30	0.000	0	504.973	993.061	108	100	379.980	1320.020	-113.500
264	86.293	0	front_left_wheel_hub_yaw_p30	0.000	0	504.973	993.061	108	100	379.980	1320.020	-113.500
265	86.622	0	front_left_wheel_hub_yaw_p30	0.000	0	504.973	993.061	108	100	379.980	1320.020	-113.500
269	87.879	0	front_left_wheel_hub_yaw_p30	0.000	0	485.209	969.477	107	99	369.971	1300.000	-115.200
270	88.208	0	front_left_wheel_hub_yaw_p30	0.000	0	485.209	969.477	107	99	369.971	1300.000	-115.200
271	88.524	0	front_left_wheel_hub_yaw_p30	0.000	0	485.209	969.477	107	99	369.971	1300.000	-115.200
272	88.821	0	front_left_wheel_hub_yaw_p30	0.000	0	485.209	969.477	107	99	369.971	1300.000	-115.200
276	89.959	0	front_left_wheel_hub_yaw_p30	0.000	0	439.530	924.474	106	98	339.990	1260.058	-117.900
277	90.250	0	front_left_wheel_hub_yaw_p30	0.000	0	439.530	924.474	106	98	339.990	1260.058	-117.900
278	90.558	0	front_left_wheel_hub_yaw_p30	0.000	0	439.530	924.474	106	98	339.990	1260.058	-117.900
279	90.860	0	front_left_wheel_hub_yaw_p30	0.000	0	439.530	924.474	106	98	339.990	1260.058	-117.900
286	92.907	0	front_left_wheel_hub_yaw_p30	0.000	0	331.243	853.738	104	97	279.980	1200.000	-126.000
287	93.197	0	front_left_wheel_hub_yaw_p30	0.000	0	331.243	853.738	104	97	279.980	1200.000	-126.000
288	93.510	0	front_left_wheel_hub_yaw_p30	0.000	0	331.243	853.738	104	97	279.980	1200.000	-126.000
289	93.792	0	front_left_wheel_hub_yaw_p30	0.000	0	331.243	853.738	104	97	279.980	1200.000	-126.000
290	94.080	0	front_left_wheel_hub_yaw_p30	0.000	0	279.420	831.183	103	97	250.000	1179.980	-129.600
291	94.436	0	front_left_wheel_hub_yaw_p30	0.000	0	279.420	831.183	103	97	250.000	1179.980	-129.600
292	94.722	0	front_left_wheel_hub_yaw_p30	0.000	0	279.420	831.183	103	97	250.000	1179.980	-129.600
293	95.080	0	front_left_wheel_hub_yaw_p30	0.000	0	226.210	810.078	102	96	219.971	1160.058	-133.400
294	95.392	0	front_left_wheel_hub_yaw_p30	0.000	0	226.210	810.078	102	96	219.971	1160.058	-133.400
295	95.683	0	front_left_wheel_hub_yaw_p30	0.000	0	226.210	810.078	102	96	219.971	1160.058	-133.400
296	95.968	0	front_left_wheel_hub_yaw_p30	0.000	0	226.210	810.078	102	96	219.971	1160.058	-133.400
297	96.256	0	front_left_wheel_hub_yaw_p30	0.000	0	170.580	790.542	101	96	189.990	1140.039	-137.600
298	96.538	0	front_left_wheel_hub_yaw_p30	0.000	0	170.580	790.542	101	96	189.990	1140.039	-137.600
299	96.818	0	front_left_wheel_hub_yaw_p30	0.000	0	170.580	790.542	101	96	189.990	1140.039	-137.600
300	97.095	0	front_left_wheel_hub_yaw_p30	0.000	0	105.046	772.882	100	95	150.000	1120.020	-141.800
301	97.384	0	front_left_wheel_hub_yaw_p30	0.000	0	105.046	772.882	100	95	150.000	1120.020	-141.800
302	97.692	0	front_left_wheel_hub_yaw_p30	0.000	0	105.046	772.882	100	95	150.000	1120.020	-141.800
303	97.977	0	front_left_wheel_hub_yaw_p30	0.000	0	53.908	756.255	99	95	119.971	1100.000	-145.300
304	98.289	0	front_left_wheel_hub_yaw_p30	0.000	0	53.908	756.255	99	95	119.971	1100.000	-145.300
305	98.594	0	front_left_wheel_hub_yaw_p30	0.000	0	53.908	756.255	99	95	119.971	1100.000	-145.300
306	98.911	0	front_left_wheel_hub_yaw_p30	0.000	0	-18.137	751.273	97	95	69.971	1090.039	-149.000
307	99.239	0	front_left_wheel_hub_yaw_p30	0.000	0	-18.137	751.273	97	95	69.971	1090.039	-149.000
308	99.545	0	front_left_wheel_hub_yaw_p30	0.000	0	-18.137	751.273	97	95	69.971	1090.039	-149.000
309	99.848	0	front_left_wheel_hub_yaw_p30	0.000	0	-18.137	751.273	97	95	69.971	1090.039	-149.000
310	100.129	0	front_left_wheel_hub_yaw_p30	0.000	0	-80.964	738.031	96	95	29.980	1070.020	-152.900
311	100.443	0	front_left_wheel_hub_yaw_p30	0.000	0	-80.964	738.031	96	95	29.980	1070.020	-152.900
312	100.728	0	front_left_wheel_hub_yaw_p30	0.000	0	-80.964	738.031	96	95	29.980	1070.020	-152.900
313	101.068	0	front_left_wheel_hub_yaw_p30	0.000	0	-152.157	735.922	94	95	-20.020	1060.058	-156.600
314	101.360	0	front_left_wheel_hub_yaw_p30	0.000	0	-152.157	735.922	94	95	-20.020	1060.058	-156.600
315	101.645	0	front_left_wheel_hub_yaw_p30	0.000	0	-152.157	735.922	94	95	-20.020	1060.058	-156.600
316	101.928	0	front_left_wheel_hub_yaw_p30	0.000	0	-220.045	733.745	93	95	-70.020	1050.000	-159.800
317	102.213	0	front_left_wheel_hub_yaw_p30	0.000	0	-220.045	733.745	93	95	-70.020	1050.000	-159.800
318	102.495	0	front_left_wheel_hub_yaw_p30	0.000	0	-220.045	733.745	93	95	-70.020	1050.000	-159.800
319	102.822	0	front_left_wheel_hub_yaw_p30	0.000	0	-220.045	733.745	93	95	-70.020	1050.000	-159.800
320	103.102	0	front_left_wheel_hub_yaw_p30	0.000	0	-295.324	721.431	92	94	-130.029	1029.980	-162.600
321	103.385	0	front_left_wheel_hub_yaw_p30	0.000	0	-295.324	721.431	92	94	-130.029	1029.980	-162.600
322	103.675	0	front_left_wheel_hub_yaw_p30	0.000	0	-295.324	721.431	92	94	-130.029	1029.980	-162.600
323	103.952	0	front_left_wheel_hub_yaw_p30	0.000	0	-357.574	718.353	90	94	-180.029	1020.020	-164.900
324	104.232	0	front_left_wheel_hub_yaw_p30	0.000	0	-357.574	718.353	90	94	-180.029	1020.020	-164.900
325	104.527	0	front_left_wheel_hub_yaw_p30	0.000	0	-357.574	718.353	90	94	-180.029	1020.020	-164.900
326	104.810	0	front_left_wheel_hub_yaw_p30	0.000	0	-357.574	718.353	90	94	-180.029	1020.020	-164.900
327	105.106	0	front_left_wheel_hub_yaw_p30	0.000	0	-439.508	715.760	89	94	-250.000	1010.058	-167.200
328	105.582	0	front_left_wheel_hub_yaw_p30	0.000	0	-439.508	715.760	89	94	-250.000	1010.058	-167.200
329	105.881	0	front_left_wheel_hub_yaw_p30	0.000	0	-522.184	714.248	87	94	-320.020	1000.000	-169.700
330	106.205	0	front_left_wheel_hub_yaw_p30	0.000	0	-522.184	714.248	87	94	-320.020	1000.000	-169.700
331	106.527	0	front_left_wheel_hub_yaw_p30	0.000	0	-522.184	714.248	87	94	-320.020	1000.000	-169.700
332	106.808	0	front_left_wheel_hub_yaw_p30	0.000	0	-522.184	714.248	87	94	-320.020	1000.000	-169.700
333	107.105	0	front_left_wheel_hub_yaw_p30	0.000	1	-608.269	726.359	85	94	-389.990	1000.000	-173.000
334	107.441	0	front_left_wheel_hub_yaw_p30	0.000	0	-608.269	726.359	85	94	-389.990	1000.000	-173.000
335	107.732	0	front_left_wheel_hub_yaw_p30	0.000	0	-608.269	726.359	85	94	-389.990	1000.000	-173.000
336	108.016	0	front_left_wheel_hub_yaw_p30	0.000	1	-703.949	759.024	83	95	-460.010	1010.058	-178.600
337	108.385	0	front_left_wheel_hub_yaw_p30	0.000	1	-703.949	759.024	83	95	-460.010	1010.058	-178.600
338	108.709	0	front_left_wheel_hub_yaw_p30	0.000	1	-703.949	759.024	83	95	-460.010	1010.058	-178.600
339	108.986	0	front_left_wheel_hub_yaw_p30	0.000	1	-758.293	753.261	82	95	-510.010	1000.000	-179.600
340	109.279	0	front_left_wheel_hub_yaw_p30	0.000	1	-758.293	753.261	82	95	-510.010	1000.000	-179.600
341	109.599	0	front_left_wheel_hub_yaw_p30	0.000	1	-758.293	753.261	82	95	-510.010	1000.000	-179.600
342	109.897	0	front_left_wheel_hub_yaw_p30	0.000	1	-779.511	744.746	82	95	-539.990	1000.000	-177.600
343	110.194	0	front_left_wheel_hub_yaw_p30	0.000	1	-779.511	744.746	82	95	-539.990	1000.000	-177.600
344	110.496	0	front_left_wheel_hub_yaw_p30	0.000	1	-779.511	744.746	82	95	-539.990	1000.000	-177.600
345	110.791	0	front_left_wheel_hub_yaw_p30	0.000	1	-779.511	744.746	82	95	-539.990	1000.000	-177.600
346	111.094	0	front_left_wheel_hub_yaw_p30	0.000	1	-795.853	722.599	82	94	-570.020	990.039	-174.600
347	111.448	0	front_left_wheel_hub_yaw_p30	0.000	1	-795.853	722.599	82	94	-570.020	990.039	-174.600
348	111.777	0	front_left_wheel_hub_yaw_p30	0.000	1	-795.853	722.599	82	94	-570.020	990.039	-174.600
349	112.093	0	front_left_wheel_hub_yaw_p30	0.000	1	-801.518	701.088	81	94	-589.990	979.980	-171.600
350	112.413	0	front_left_wheel_hub_yaw_p30	0.000	1	-801.518	701.088	81	94	-589.990	979.980	-171.600
351	112.732	0	front_left_wheel_hub_yaw_p30	0.000	1	-801.518	701.088	81	94	-589.990	979.980	-171.600
352	113.087	0	front_left_wheel_hub_yaw_p30	0.000	1	-810.175	682.863	81	94	-610.010	970.020	-169.300
353	113.395	0	front_left_wheel_hub_yaw_p30	0.000	1	-810.175	682.863	81	94	-610.010	970.020	-169.300
354	113.718	0	front_left_wheel_hub_yaw_p30	0.000	1	-810.175	682.863	81	94	-610.010	970.020	-169.300
355	114.008	0	front_left_wheel_hub_yaw_p30	0.000	1	-810.175	682.863	81	94	-610.010	970.020	-169.300
356	114.294	0	front_left_wheel_hub_yaw_p30	0.000	1	-809.014	665.429	81	93	-620.020	960.058	-167.100
357	114.591	0	front_left_wheel_hub_yaw_p30	0.000	1	-809.014	665.429	81	93	-620.020	960.058	-167.100
358	114.884	0	front_left_wheel_hub_yaw_p30	0.000	1	-818.509	665.100	81	93	-630.029	960.058	-167.000
359	115.179	0	front_left_wheel_hub_yaw_p30	0.000	1	-818.509	665.100	81	93	-630.029	960.058	-167.000
360	115.493	0	front_left_wheel_hub_yaw_p30	0.000	1	-818.509	665.100	81	93	-630.029	960.058	-167.000
361	115.807	0	front_left_wheel_hub_yaw_p30	0.000	1	-818.509	665.100	81	93	-630.029	960.058	-167.000
362	116.099	0	front_left_wheel_hub_yaw_p30	0.000	1	-809.528	665.760	81	93	-620.020	960.058	-167.200
363	116.417	0	front_left_wheel_hub_yaw_p30	0.000	1	-809.528	665.760	81	93	-620.020	960.058	-167.200
364	116.735	0	front_left_wheel_hub_yaw_p30	0.000	1	-809.528	665.760	81	93	-620.020	960.058	-167.200
365	117.090	0	front_left_wheel_hub_yaw_p30	0.000	1	-812.089	667.425	81	93	-620.020	960.058	-167.700
366	117.381	0	front_left_wheel_hub_yaw_p30	0.000	1	-812.089	667.425	81	93	-620.020	960.058	-167.700
367	117.672	0	front_left_wheel_hub_yaw_p30	0.000	1	-812.089	667.425	81	93	-620.020	960.058	-167.700
368	117.954	0	front_left_wheel_hub_yaw_p30	0.000	1	-816.156	680.096	81	94	-620.020	970.020	-168.500
369	118.237	0	front_left_wheel_hub_yaw_p30	0.000	1	-816.156	680.096	81	94	-620.020	970.020	-168.500
370	118.520	0	front_left_wheel_hub_yaw_p30	0.000	1	-816.156	680.096	81	94	-620.020	970.020	-168.500
371	118.845	0	front_left_wheel_hub_yaw_p30	0.000	1	-810.676	683.212	81	94	-610.010	970.020	-169.400
372	119.136	0	front_left_wheel_hub_yaw_p30	0.000	1	-810.676	683.212	81	94	-610.010	970.020	-169.400
373	119.428	0	front_left_wheel_hub_yaw_p30	0.000	1	-810.676	683.212	81	94	-610.010	970.020	-169.400
374	119.731	0	front_left_wheel_hub_yaw_p30	0.000	1	-810.676	683.212	81	94	-610.010	970.020	-169.400
375	120.074	0	front_left_wheel_hub_yaw_p30	0.000	1	-807.121	687.839	81	94	-600.000	970.020	-170.700
376	120.365	0	front_left_wheel_hub_yaw_p30	0.000	1	-807.121	687.839	81	94	-600.000	970.020	-170.700
377	120.690	0	front_left_wheel_hub_yaw_p30	0.000	1	-807.121	687.839	81	94	-600.000	970.020	-170.700
378	120.987	0	front_left_wheel_hub_yaw_p30	0.000	1	-804.909	703.693	81	94	-589.990	979.980	-172.300
379	121.287	0	front_left_wheel_hub_yaw_p30	0.000	1	-804.909	703.693	81	94	-589.990	979.980	-172.300
380	121.571	0	front_left_wheel_hub_yaw_p30	0.000	1	-804.909	703.693	81	94	-589.990	979.980	-172.300
381	121.904	0	front_left_wheel_hub_yaw_p30	0.000	1	-803.991	721.029	81	94	-580.029	990.039	-174.200
382	122.222	0	front_left_wheel_hub_yaw_p30	0.000	1	-803.991	721.029	81	94	-580.029	990.039	-174.200
383	122.511	0	front_left_wheel_hub_yaw_p30	0.000	1	-803.991	721.029	81	94	-580.029	990.039	-174.200
384	122.829	0	front_left_wheel_hub_yaw_p30	0.000	1	-803.991	721.029	81	94	-580.029	990.039	-174.200
385	123.167	0	front_left_wheel_hub_yaw_p30	0.000	1	-793.223	729.009	82	94	-560.010	990.039	-176.200
386	123.525	0	front_left_wheel_hub_yaw_p30	0.000	1	-793.223	729.009	82	94	-560.010	990.039	-176.200
387	123.843	0	front_left_wheel_hub_yaw_p30	0.000	1	-793.223	729.009	82	94	-560.010	990.039	-176.200
388	124.145	0	front_left_wheel_hub_yaw_p30	0.000	1	-783.930	748.965	82	95	-539.990	1000.000	-178.600
389	124.445	0	front_left_wheel_hub_yaw_p30	0.000	1	-783.930	748.965	82	95	-539.990	1000.000	-178.600
390	124.726	0	front_left_wheel_hub_yaw_p30	0.000	1	-783.930	748.965	82	95	-539.990	1000.000	-178.600
391	125.054	0	front_left_wheel_hub_yaw_p30	0.000	1	-774.677	769.903	82	95	-520.020	1010.058	178.900
392	125.370	0	front_left_wheel_hub_yaw_p30	0.000	1	-774.677	769.903	82	95	-520.020	1010.058	178.900
393	125.663	0	front_left_wheel_hub_yaw_p30	0.000	1	-774.677	769.903	82	95	-520.020	1010.058	178.900
394	125.947	0	front_left_wheel_hub_yaw_p30	0.000	1	-765.688	782.166	82	96	-500.000	1010.058	176.200
395	126.233	0	front_left_wheel_hub_yaw_p30	0.000	1	-765.688	782.166	82	96	-500.000	1010.058	176.200
396	126.519	0	front_left_wheel_hub_yaw_p30	0.000	1	-765.688	782.166	82	96	-500.000	1010.058	176.200
397	126.819	0	front_left_wheel_hub_yaw_p30	0.000	1	-765.688	782.166	82	96	-500.000	1010.058	176.200
398	127.137	0	front_left_wheel_hub_yaw_p30	0.000	1	-758.765	808.285	82	96	-480.029	1020.020	172.800
399	127.425	0	front_left_wheel_hub_yaw_p30	0.000	1	-758.765	808.285	82	96	-480.029	1020.020	172.800
400	127.707	0	front_left_wheel_hub_yaw_p30	0.000	1	-758.765	808.285	82	96	-480.029	1020.020	172.800
401	128.015	0	front_left_wheel_hub_yaw_p30	0.000	1	-739.435	823.163	83	96	-450.000	1020.020	169.800
402	128.343	0	front_left_wheel_hub_yaw_p30	0.000	1	-739.435	823.163	83	96	-450.000	1020.020	169.800
403	128.637	0	front_left_wheel_hub_yaw_p30	0.000	1	-739.435	823.163	83	96	-450.000	1020.020	169.800
404	128.966	0	front_left_wheel_hub_yaw_p30	0.000	1	-722.173	853.266	83	97	-420.020	1029.980	165.900
405	129.288	0	front_left_wheel_hub_yaw_p30	0.000	1	-722.173	853.266	83	97	-420.020	1029.980	165.900
406	129.611	0	front_left_wheel_hub_yaw_p30	0.000	1	-722.173	853.266	83	97	-420.020	1029.980	165.900
407	129.897	0	front_left_wheel_hub_yaw_p30	0.000	1	-722.173	853.266	83	97	-420.020	1029.980	165.900
408	130.178	0	front_left_wheel_hub_yaw_p30	0.000	0	-703.735	874.773	83	97	-389.990	1029.980	161.900
409	130.459	0	front_left_wheel_hub_yaw_p30	0.000	0	-703.735	874.773	83	97	-389.990	1029.980	161.900
410	130.752	0	front_left_wheel_hub_yaw_p30	0.000	0	-703.735	874.773	83	97	-389.990	1029.980	161.900
