step_idx	elapsed_s	status	reverse_active	path_reverse_active	stuck_detection_armed	planner_rebuilt	replan_attempted	raw_path_points	follow_path_points	active_path_points	raw_rover_x	raw_rover_y	raw_rover_z	raw_heading_deg	rover_x_cm	rover_y_cm	rover_z_cm	rover_heading_deg	raw_pose_delta	pose_delta_cm	telemetry_throttle	telemetry_steering	telemetry_speed	telemetry_brakes	telemetry_distance_traveled	distance_traveled_delta	moved_since_anchor_cm	stationary_elapsed_s	goal_x_cm	goal_y_cm	goal_dist_cm	target_x_cm	target_y_cm	rover_cell_x	rover_cell_y	target_cell_x	target_cell_y	waypoint_idx	waypoint_distance_cm	waypoint_distance_avg_cm	path_heading_error_deg	throttle_cmd	steering_cmd	new_lidar_obstacles	stuck_obstacles_added	obstacle_total
0	0.000	Obstacle hits: +1	0	0	0	0	1	80	639	639	-5678.900	-10072.000	1440.400	77.400	-1189.990	1990.039	39.996	12.600	0.000	0.000	0.000	0.000	0.000	1	254.200	0.000	0.000	0.000	-5189.990	-2009.961	5656.854	-1543.544	1636.486	104	104	96	96	55	500.000	500.000	-147.600	18.000	-1.000	1	0	1
1	0.403	Running	0	0	0	0	0	0	639	639	-5678.900	-10072.000	1440.400	77.400	-1189.990	1990.039	39.996	12.600	0.000	0.000	18.000	1.000	0.000	0	254.200	0.000	0.000	0.403	-5189.990	-2009.961	5656.854	-1543.544	1636.486	104	104	96	96	55	500.000	500.000	-147.600	18.000	-1.000	0	0	1
2	0.724	Running	0	0	0	0	0	0	639	639	-5678.900	-10072.000	1440.400	77.400	-1189.990	1990.039	39.996	12.600	0.000	0.000	18.000	1.000	0.000	0	254.200	0.000	0.000	0.724	-5189.990	-2009.961	5656.854	-1543.544	1636.486	104	104	96	96	55	500.000	500.000	-147.600	18.000	-1.000	0	0	1
3	1.069	Running	0	0	0	0	0	0	639	639	-5678.900	-10072.000	1440.400	77.400	-1189.990	1990.039	39.996	12.600	0.000	0.000	18.000	1.000	0.000	0	254.200	0.000	0.000	1.069	-5189.990	-2009.961	5656.854	-1543.544	1636.486	104	104	96	96	55	500.000	500.000	-147.600	18.000	-1.000	0	0	1
4	1.419	Running	0	0	0	0	0	0	639	639	-5678.900	-10072.000	1440.400	77.400	-1189.990	1990.039	39.996	12.600	0.000	0.000	18.000	1.000	0.000	0	254.200	0.000	0.000	1.419	-5189.990	-2009.961	5656.854	-1543.544	1636.486	104	104	96	96	55	500.000	500.000	-147.600	18.000	-1.000	0	0	1
5	1.766	Running	0	0	0	0	0	0	639	639	-5678.900	-10072.000	1440.400	77.400	-1189.990	1990.039	39.996	12.600	0.000	0.000	18.000	1.000	0.000	0	254.200	0.000	0.000	1.766	-5189.990	-2009.961	5656.854	-1543.544	1636.486	104	104	96	96	55	500.000	500.000	-147.600	18.000	-1.000	0	0	1
6	2.099	Running	0	0	0	0	0	0	639	639	-5678.900	-10072.000	1440.400	77.400	-1189.990	1990.039	39.996	12.600	0.000	0.000	18.000	1.000	0.000	0	254.200	0.000	0.000	2.099	-5189.990	-2009.961	5656.854	-1543.544	1636.486	104	104	96	96	55	500.000	500.000	-147.600	18.000	-1.000	0	0	1
7	2.373	Obstacle hits: +1	0	0	1	0	1	80	640	640	-5678.800	-10072.000	1440.400	77.900	-1180.029	1990.039	39.996	12.100	0.100	9.961	18.000	1.000	0.400	0	254.200	0.000	9.961	0.000	-5189.990	-2009.961	5663.902	-1538.468	1641.561	104	104	97	97	55	499.915	499.989	-149.294	18.000	-1.000	1	0	2
8	2.657	Running	0	0	1	0	0	0	640	640	-5678.800	-10072.000	1440.400	77.900	-1180.029	1990.039	39.996	12.100	0.000	0.000	18.000	1.000	0.400	0	254.200	0.000	0.000	0.000	-5189.990	-2009.961	5663.902	-1538.468	1641.561	104	104	97	97	55	499.915	499.981	-149.294	18.000	-1.000	0	0	2
9	2.932	Running	0	0	1	0	0	0	640	640	-5678.800	-10072.000	1440.400	77.900	-1180.029	1990.039	39.996	12.100	0.000	0.000	18.000	1.000	0.400	0	254.200	0.000	0.000	0.000	-5189.990	-2009.961	5663.902	-1538.468	1641.561	104	104	97	97	55	499.915	499.974	-149.294	18.000	-1.000	0	0	2
10	3.238	Running	0	0	1	0	0	0	640	640	-5678.800	-10072.000	1440.400	77.900	-1180.029	1990.039	39.996	12.100	0.000	0.000	18.000	1.000	0.400	0	254.200	0.000	0.000	0.000	-5189.990	-2009.961	5663.902	-1538.468	1641.561	104	104	97	97	55	499.915	499.969	-149.294	18.000	-1.000	0	0	2
11	3.536	Running: path-reverse	0	1	1	0	0	0	640	641	-5678.700	-10072.000	1440.400	79.000	-1170.020	1990.039	39.996	11.000	0.100	10.010	18.000	1.000	0.700	0	254.300	0.100	10.010	0.000	-5189.990	-2009.961	5670.993	-1531.390	1648.639	104	104	97	97	55	497.134	499.733	-151.512	-18.000	1.000	0	0	2
12	3.815	Running: path-reverse	0	1	1	0	0	0	640	641	-5678.700	-10072.000	1440.400	79.000	-1170.020	1990.039	39.996	11.000	0.000	0.000	-18.000	-1.000	0.700	0	254.300	0.000	0.000	0.000	-5189.990	-2009.961	5670.993	-1531.390	1648.639	104	104	97	97	55	497.134	499.533	-151.512	-18.000	1.000	0	0	2
13	4.092	Running: path-reverse	0	1	1	0	0	0	640	641	-5678.700	-10072.000	1440.400	79.000	-1170.020	1990.039	39.996	11.000	0.000	0.000	-18.000	-1.000	0.700	0	254.300	0.000	0.000	0.000	-5189.990	-2009.961	5670.993	-1531.390	1648.639	104	104	97	97	55	497.134	499.361	-151.512	-18.000	1.000	0	0	2
14	4.383	Running: path-reverse	0	1	1	0	0	0	640	641	-5678.600	-10072.000	1440.400	80.100	-1160.010	1990.039	39.996	9.900	0.100	10.010	-18.000	-1.000	0.900	0	254.400	0.100	10.010	0.000	-5189.990	-2009.961	5678.093	-1524.312	1655.717	104	104	97	97	54	494.456	499.034	-153.860	-18.000	1.000	0	0	2
15	4.664	Running: path-reverse	0	1	1	0	0	0	640	641	-5678.600	-10072.000	1440.400	80.100	-1160.010	1990.039	39.996	9.900	0.000	0.000	-18.000	-1.000	0.900	0	254.400	0.000	0.000	0.000	-5189.990	-2009.961	5678.093	-1524.312	1655.717	104	104	97	97	54	494.456	498.748	-153.860	-18.000	1.000	0	0	2
16	4.938	Running: path-reverse	0	1	1	0	0	0	640	641	-5678.600	-10072.000	1440.400	80.100	-1160.010	1990.039	39.996	9.900	0.000	0.000	-18.000	-1.000	0.900	0	254.400	0.000	0.000	0.000	-5189.990	-2009.961	5678.093	-1524.312	1655.717	104	104	97	97	54	494.456	498.496	-153.860	-18.000	1.000	0	0	2
17	5.207	Running: path-reverse	0	1	1	0	0	0	640	641	-5678.600	-10072.000	1440.400	80.100	-1160.010	1990.039	39.996	9.900	0.000	0.000	-18.000	-1.000	0.900	0	254.400	0.000	0.000	0.000	-5189.990	-2009.961	5678.093	-1524.312	1655.717	104	104	97	97	54	494.456	498.271	-153.860	-18.000	1.000	0	0	2
18	5.480	Running: path-reverse	0	1	1	0	0	0	640	641	-5678.500	-10072.000	1440.400	79.800	-1150.000	1990.039	39.996	10.200	0.100	10.010	-18.000	-1.000	0.500	0	254.500	0.100	10.010	0.000	-5189.990	-2009.961	5685.202	-1517.234	1662.795	104	104	97	97	53	491.883	497.935	-157.720	-18.000	1.000	0	0	2
19	5.751	Running: path-reverse	0	1	1	0	0	0	640	641	-5678.500	-10072.000	1440.400	79.800	-1150.000	1990.039	39.996	10.200	0.000	0.000	-18.000	-1.000	0.500	0	254.500	0.000	0.000	0.000	-5189.990	-2009.961	5685.202	-1517.234	1662.795	104	104	97	97	53	491.883	497.633	-157.720	-18.000	1.000	0	0	2
20	6.028	Running: path-reverse	0	1	1	0	0	0	640	641	-5678.500	-10072.000	1440.400	79.800	-1150.000	1990.039	39.996	10.200	0.000	0.000	-18.000	-1.000	0.500	0	254.500	0.000	0.000	0.000	-5189.990	-2009.961	5685.202	-1517.234	1662.795	104	104	97	97	53	491.883	497.359	-157.720	-18.000	1.000	0	0	2
21	6.329	Running: path-reverse	0	1	1	0	0	0	640	641	-5678.500	-10072.000	1440.400	79.300	-1150.000	1990.039	39.996	10.700	0.000	0.000	-18.000	-1.000	0.100	0	254.600	0.100	0.000	0.300	-5189.990	-2009.961	5685.202	-1517.234	1662.795	104	104	97	97	53	491.883	497.110	-158.220	-18.000	1.000	0	0	2
22	6.606	Obstacle hits: +1	0	1	1	0	1	80	642	642	-5678.500	-10072.000	1440.400	79.300	-1150.000	1990.039	39.996	10.700	0.000	0.000	-18.000	-1.000	0.100	0	254.600	0.000	0.000	0.578	-5189.990	-2009.961	5685.202	-1522.176	1657.853	104	104	97	97	55	498.862	497.186	-153.552	-18.000	1.000	1	0	3
23	6.882	Running: path-reverse	0	1	1	0	0	0	642	642	-5678.500	-10072.000	1440.400	79.300	-1150.000	1990.039	39.996	10.700	0.000	0.000	-18.000	-1.000	0.100	0	254.600	0.000	0.000	0.854	-5189.990	-2009.961	5685.202	-1522.176	1657.853	104	104	97	97	55	498.862	497.256	-153.552	-18.000	1.000	0	0	3
24	7.149	Running: path-reverse	0	1	1	0	0	0	642	642	-5678.500	-10072.000	1440.400	79.300	-1150.000	1990.039	39.996	10.700	0.000	0.000	-18.000	-1.000	0.100	0	254.600	0.000	0.000	1.121	-5189.990	-2009.961	5685.202	-1522.176	1657.853	104	104	97	97	55	498.862	497.320	-153.552	-18.000	1.000	0	0	3
25	7.419	Running: path-reverse	0	1	1	0	0	0	642	642	-5678.500	-10072.000	1440.400	79.500	-1150.000	1990.039	39.996	10.500	0.000	0.000	-18.000	-1.000	-0.200	0	254.600	0.000	0.000	0.000	-5189.990	-2009.961	5685.202	-1522.176	1657.853	104	104	97	97	55	498.862	497.379	-153.352	-18.000	1.000	0	0	3
26	7.698	Running: path-reverse	0	1	1	0	0	0	642	642	-5678.500	-10072.000	1440.400	79.500	-1150.000	1990.039	39.996	10.500	0.000	0.000	-18.000	-1.000	-0.200	0	254.600	0.000	0.000	0.000	-5189.990	-2009.961	5685.202	-1522.176	1657.853	104	104	97	97	55	498.862	497.434	-153.352	-18.000	1.000	0	0	3
27	7.969	Running: path-reverse	0	1	1	0	0	0	642	642	-5678.500	-10072.000	1440.400	79.500	-1150.000	1990.039	39.996	10.500	0.000	0.000	-18.000	-1.000	-0.200	0	254.600	0.000	0.000	0.000	-5189.990	-2009.961	5685.202	-1522.176	1657.853	104	104	97	97	55	498.862	497.485	-153.352	-18.000	1.000	0	0	3
28	8.239	Running: path-reverse	0	1	1	0	0	0	642	642	-5678.500	-10072.000	1440.400	79.500	-1150.000	1990.039	39.996	10.500	0.000	0.000	-18.000	-1.000	-0.200	0	254.600	0.000	0.000	0.000	-5189.990	-2009.961	5685.202	-1522.176	1657.853	104	104	97	97	55	498.862	497.533	-153.352	-18.000	1.000	0	0	3
29	8.511	Running: path-reverse	0	1	1	0	0	0	642	643	-5678.600	-10072.000	1440.400	80.300	-1160.010	1990.039	39.996	9.700	0.100	10.010	-18.000	-1.000	-0.500	0	254.600	0.000	10.010	0.000	-5189.990	-2009.961	5678.093	-1523.544	1656.485	104	104	97	97	56	493.371	497.394	-149.515	-18.000	1.000	0	0	3
30	8.783	Running: path-reverse	0	1	1	0	0	0	642	643	-5678.600	-10072.000	1440.400	80.300	-1160.010	1990.039	39.996	9.700	0.000	0.000	-18.000	-1.000	-0.500	0	254.600	0.000	0.000	0.000	-5189.990	-2009.961	5678.093	-1523.544	1656.485	104	104	97	97	56	493.371	497.264	-149.515	-18.000	1.000	0	0	3
31	9.072	Running: path-reverse	0	1	1	0	0	0	642	643	-5678.600	-10072.000	1440.400	80.300	-1160.010	1990.039	39.996	9.700	0.000	0.000	-18.000	-1.000	-0.500	0	254.600	0.000	0.000	0.000	-5189.990	-2009.961	5678.093	-1523.544	1656.485	104	104	97	97	56	493.371	497.143	-149.515	-18.000	1.000	0	0	3
32	9.361	Running: path-reverse	0	1	1	0	0	0	642	643	-5678.600	-10072.000	1440.400	80.300	-1160.010	1990.039	39.996	9.700	0.000	0.000	-18.000	-1.000	-0.500	0	254.600	0.000	0.000	0.000	-5189.990	-2009.961	5678.093	-1523.544	1656.485	104	104	97	97	56	493.371	497.028	-149.515	-18.000	1.000	0	0	3
33	9.653	Running: path-reverse	0	1	1	0	0	0	642	642	-5678.600	-10072.101	1440.400	81.600	-1160.010	1979.980	39.996	8.400	0.101	10.059	-18.000	-1.000	-0.800	0	254.700	0.100	10.059	0.000	-5189.990	-2009.961	5671.012	-1530.718	1649.311	104	103	97	97	56	496.756	497.020	-152.209	-18.000	1.000	0	0	3
34	9.925	Obstacle hits: +1	0	1	1	0	1	81	642	642	-5678.600	-10072.101	1440.400	81.600	-1160.010	1979.980	39.996	8.400	0.000	0.000	-18.000	-1.000	-0.800	0	254.700	0.000	0.000	0.000	-5189.990	-2009.961	5671.012	-1508.470	1621.559	104	103	97	96	55	499.890	497.102	-140.807	-18.000	1.000	1	0	4
35	10.206	Running: path-reverse	0	1	1	0	0	0	642	642	-5678.600	-10072.101	1440.400	81.600	-1160.010	1979.980	39.996	8.400	0.000	0.000	-18.000	-1.000	-0.800	0	254.700	0.000	0.000	0.000	-5189.990	-2009.961	5671.012	-1508.470	1621.559	104	103	97	96	55	499.890	497.180	-140.807	-18.000	1.000	0	0	4
36	10.478	Running: path-reverse	0	1	1	0	0	0	642	642	-5678.800	-10072.101	1440.400	83.400	-1180.029	1979.980	39.996	6.600	0.200	20.020	-18.000	-1.000	-1.100	0	254.900	0.200	20.020	0.000	-5189.990	-2009.961	5656.803	-1507.564	1622.465	104	103	97	96	55	484.867	496.847	-131.010	-18.000	1.000	0	0	4
37	10.749	Running: path-reverse	0	1	1	0	0	0	642	642	-5678.800	-10072.101	1440.400	83.400	-1180.029	1979.980	39.996	6.600	0.000	0.000	-18.000	-1.000	-1.100	0	254.900	0.000	0.000	0.000	-5189.990	-2009.961	5656.803	-1507.564	1622.465	104	103	97	96	55	484.867	496.532	-131.010	-18.000	1.000	0	0	4
38	11.019	Running: path-reverse	0	1	1	0	0	0	642	642	-5678.800	-10072.101	1440.400	83.400	-1180.029	1979.980	39.996	6.600	0.000	0.000	-18.000	-1.000	-1.100	0	254.900	0.000	0.000	0.000	-5189.990	-2009.961	5656.803	-1507.564	1622.465	104	103	97	96	55	484.867	496.233	-131.010	-18.000	1.000	0	0	4
39	11.289	Running: path-reverse	0	1	1	0	0	0	642	642	-5678.800	-10072.101	1440.400	83.400	-1180.029	1979.980	39.996	6.600	0.000	0.000	-18.000	-1.000	-1.100	0	254.900	0.000	0.000	0.000	-5189.990	-2009.961	5656.803	-1507.564	1622.465	104	103	97	96	55	484.867	495.948	-131.010	-18.000	1.000	0	0	4
40	11.563	Obstacle hits: +1	0	1	1	0	1	80	638	638	-5678.900	-10072.200	1440.500	85.700	-1189.990	1970.020	49.994	4.300	0.173	17.274	-18.000	-1.000	-1.300	0	255.100	0.200	14.087	0.000	-5189.990	-2009.961	5642.716	-1527.753	1602.276	104	103	97	96	55	499.318	496.031	-133.188	-18.000	1.000	1	0	5
41	11.857	Running: path-reverse	0	1	1	0	0	0	638	638	-5678.900	-10072.200	1440.500	85.700	-1189.990	1970.020	49.994	4.300	0.000	0.000	-18.000	-1.000	-1.300	0	255.100	0.000	0.000	0.000	-5189.990	-2009.961	5642.716	-1527.753	1602.276	104	103	97	96	55	499.318	496.109	-133.188	-18.000	1.000	0	0	5
42	12.128	Running: path-reverse	0	1	1	0	0	0	638	638	-5678.900	-10072.200	1440.500	85.700	-1189.990	1970.020	49.994	4.300	0.000	0.000	-18.000	-1.000	-1.300	0	255.100	0.000	0.000	0.000	-5189.990	-2009.961	5642.716	-1527.753	1602.276	104	103	97	96	55	499.318	496.184	-133.188	-18.000	1.000	0	0	5
43	12.403	Running: path-reverse	0	1	1	0	0	0	638	637	-5679.100	-10072.300	1440.500	88.300	-1210.010	1960.058	49.994	1.700	0.224	22.361	-18.000	-1.000	-1.500	0	255.300	0.200	22.361	0.000	-5189.990	-2009.961	5621.503	-1535.526	1594.503	103	103	97	96	55	489.481	496.031	-125.770	-18.000	1.000	0	0	5
44	12.673	Running: path-reverse	0	1	1	0	0	0	638	637	-5679.100	-10072.300	1440.500	88.300	-1210.010	1960.058	49.994	1.700	0.000	0.000	-18.000	-1.000	-1.500	0	255.300	0.000	0.000	0.000	-5189.990	-2009.961	5621.503	-1535.526	1594.503	103	103	97	96	55	489.481	495.886	-125.770	-18.000	1.000	0	0	5
45	12.946	Running: path-reverse	0	1	1	0	0	0	638	637	-5679.100	-10072.300	1440.500	88.300	-1210.010	1960.058	49.994	1.700	0.000	0.000	-18.000	-1.000	-1.500	0	255.300	0.000	0.000	0.000	-5189.990	-2009.961	5621.503	-1535.526	1594.503	103	103	97	96	55	489.481	495.746	-125.770	-18.000	1.000	0	0	5
46	13.222	Running: path-reverse	0	1	1	0	0	0	638	637	-5679.100	-10072.300	1440.500	88.300	-1210.010	1960.058	49.994	1.700	0.000	0.000	-18.000	-1.000	-1.500	0	255.300	0.000	0.000	0.000	-5189.990	-2009.961	5621.503	-1535.526	1594.503	103	103	97	96	55	489.481	495.613	-125.770	-18.000	1.000	0	0	5
47	13.490	Running	0	0	1	0	0	0	638	636	-5679.400	-10072.300	1440.500	91.500	-1239.990	1960.058	49.994	-1.500	0.300	29.980	-18.000	-1.000	-1.800	0	255.500	0.200	29.980	0.000	-5189.990	-2009.961	5600.317	-1532.334	1597.695	103	103	97	96	53	465.588	494.988	-106.881	18.000	-1.000	0	0	5
48	13.762	Running	0	0	1	0	0	0	638	636	-5679.400	-10072.300	1440.500	91.500	-1239.990	1960.058	49.994	-1.500	0.000	0.000	18.000	1.000	-1.800	0	255.500	0.000	0.000	0.000	-5189.990	-2009.961	5600.317	-1532.334	1597.695	103	103	97	96	53	465.588	494.388	-106.881	18.000	-1.000	0	0	5
49	14.035	Running	0	0	1	0	0	0	638	636	-5679.400	-10072.300	1440.500	91.500	-1239.990	1960.058	49.994	-1.500	0.000	0.000	18.000	1.000	-1.800	0	255.500	0.000	0.000	0.000	-5189.990	-2009.961	5600.317	-1532.334	1597.695	103	103	97	96	53	465.588	493.812	-106.881	18.000	-1.000	0	0	5
50	14.307	Obstacle hits: +1	0	0	1	0	1	79	631	631	-5679.600	-10072.400	1440.500	94.600	-1260.010	1950.000	49.994	-4.600	0.224	22.404	18.000	1.000	-2.000	0	255.800	0.300	22.404	0.000	-5189.990	-2009.961	5579.071	-1623.228	1606.801	102	103	95	96	55	499.712	493.927	-134.350	18.000	-1.000	1	0	6
51	14.667	Running	0	0	1	0	0	0	631	631	-5679.600	-10072.400	1440.500	94.600	-1260.010	1950.000	49.994	-4.600	0.000	0.000	18.000	1.000	-2.000	0	255.800	0.000	0.000	0.000	-5189.990	-2009.961	5579.071	-1623.228	1606.801	102	103	95	96	55	499.712	494.039	-134.350	18.000	-1.000	0	0	6
52	14.942	Running	0	0	1	0	0	0	631	631	-5679.600	-10072.400	1440.500	94.600	-1260.010	1950.000	49.994	-4.600	0.000	0.000	18.000	1.000	-2.000	0	255.800	0.000	0.000	0.000	-5189.990	-2009.961	5579.071	-1623.228	1606.801	102	103	95	96	55	499.712	494.146	-134.350	18.000	-1.000	0	0	6
53	15.215	Running	0	0	1	0	0	0	631	631	-5679.600	-10072.400	1440.500	94.600	-1260.010	1950.000	49.994	-4.600	0.000	0.000	18.000	1.000	-2.000	0	255.800	0.000	0.000	0.000	-5189.990	-2009.961	5579.071	-1623.228	1606.801	102	103	95	96	55	499.712	494.249	-134.350	18.000	-1.000	0	0	6
54	15.490	Running	0	0	1	0	0	0	631	630	-5679.900	-10072.400	1440.500	94.800	-1289.990	1950.000	49.994	-4.800	0.300	29.980	18.000	1.000	-1.800	0	256.000	0.200	29.980	0.000	-5189.990	-2009.961	5557.993	-1625.293	1604.736	102	103	95	96	54	481.285	494.013	-123.045	18.000	-1.000	0	0	6
55	15.757	Running	0	0	1	0	0	0	631	630	-5679.900	-10072.400	1440.500	94.800	-1289.990	1950.000	49.994	-4.800	0.000	0.000	18.000	1.000	-1.800	0	256.000	0.000	0.000	0.000	-5189.990	-2009.961	5557.993	-1625.293	1604.736	102	103	95	96	54	481.285	493.786	-123.045	18.000	-1.000	0	0	6
56	16.094	Running	0	0	1	0	0	0	631	630	-5679.900	-10072.400	1440.500	94.800	-1289.990	1950.000	49.994	-4.800	0.000	0.000	18.000	1.000	-1.800	0	256.000	0.000	0.000	0.000	-5189.990	-2009.961	5557.993	-1625.293	1604.736	102	103	95	96	54	481.285	493.566	-123.045	18.000	-1.000	0	0	6
57	16.400	Running	0	0	1	0	0	0	631	629	-5680.000	-10072.400	1440.500	93.000	-1300.000	1950.000	49.994	-3.000	0.100	10.010	18.000	1.000	-1.300	0	256.200	0.200	10.010	0.000	-5189.990	-2009.961	5550.974	-1625.982	1604.047	101	103	95	96	53	475.340	493.252	-120.299	18.000	-1.000	0	0	6
58	16.673	Running	0	0	1	0	0	0	631	629	-5680.000	-10072.400	1440.500	93.000	-1300.000	1950.000	49.994	-3.000	0.000	0.000	18.000	1.000	-1.300	0	256.200	0.000	0.000	0.000	-5189.990	-2009.961	5550.974	-1625.982	1604.047	101	103	95	96	53	475.340	492.949	-120.299	18.000	-1.000	0	0	6
59	16.963	Running	0	0	1	0	0	0	631	629	-5680.000	-10072.400	1440.500	93.000	-1300.000	1950.000	49.994	-3.000	0.000	0.000	18.000	1.000	-1.300	0	256.200	0.000	0.000	0.000	-5189.990	-2009.961	5550.974	-1625.982	1604.047	101	103	95	96	53	475.340	492.655	-120.299	18.000	-1.000	0	0	6
60	17.235	Running	0	0	1	0	0	0	631	629	-5680.000	-10072.400	1440.500	93.000	-1300.000	1950.000	49.994	-3.000	0.000	0.000	18.000	1.000	-1.300	0	256.200	0.000	0.000	0.000	-5189.990	-2009.961	5550.974	-1625.982	1604.047	101	103	95	96	53	475.340	492.371	-120.299	18.000	-1.000	0	0	6
61	17.534	Obstacle hits: +1	0	0	1	0	1	79	628	628	-5680.200	-10072.300	1440.500	91.100	-1320.020	1960.058	49.994	-1.100	0.224	22.404	18.000	1.000	-1.000	0	256.300	0.100	22.404	0.000	-5189.990	-2009.961	5544.162	-1673.548	1606.481	101	103	94	96	55	500.000	492.494	-133.890	18.000	-1.000	1	0	7
62	17.864	Running	0	0	1	0	0	0	628	628	-5680.200	-10072.300	1440.500	91.100	-1320.020	1960.058	49.994	-1.100	0.000	0.000	18.000	1.000	-1.000	0	256.300	0.000	0.000	0.000	-5189.990	-2009.961	5544.162	-1673.548	1606.481	101	103	94	96	55	500.000	492.613	-133.890	18.000	-1.000	0	0	7
63	18.136	Running	0	0	1	0	0	0	628	628	-5680.200	-10072.300	1440.500	91.100	-1320.020	1960.058	49.994	-1.100	0.000	0.000	18.000	1.000	-1.000	0	256.300	0.000	0.000	0.000	-5189.990	-2009.961	5544.162	-1673.548	1606.481	101	103	94	96	55	500.000	492.729	-133.890	18.000	-1.000	0	0	7
64	18.407	Running	0	0	1	0	0	0	628	628	-5680.200	-10072.300	1440.500	91.100	-1320.020	1960.058	49.994	-1.100	0.000	0.000	18.000	1.000	-1.000	0	256.300	0.000	0.000	0.000	-5189.990	-2009.961	5544.162	-1673.548	1606.481	101	103	94	96	55	500.000	492.841	-133.890	18.000	-1.000	0	0	7
65	18.683	Running	0	0	1	0	0	0	628	629	-5680.300	-10072.300	1440.500	89.800	-1330.029	1960.058	49.994	0.200	0.100	10.010	18.000	1.000	-0.600	0	256.500	0.200	10.010	0.000	-5189.990	-2009.961	5537.179	-1673.547	1606.482	101	103	94	96	56	492.971	492.843	-131.603	18.000	-1.000	0	0	7
66	18.954	Running	0	0	1	0	0	0	628	629	-5680.300	-10072.300	1440.500	89.800	-1330.029	1960.058	49.994	0.200	0.000	0.000	18.000	1.000	-0.600	0	256.500	0.000	0.000	0.000	-5189.990	-2009.961	5537.179	-1673.547	1606.482	101	103	94	96	56	492.971	492.845	-131.603	18.000	-1.000	0	0	7
67	19.284	Running	0	0	1	0	0	0	628	629	-5680.300	-10072.300	1440.500	89.800	-1330.029	1960.058	49.994	0.200	0.000	0.000	18.000	1.000	-0.600	0	256.500	0.000	0.000	0.000	-5189.990	-2009.961	5537.179	-1673.547	1606.482	101	103	94	96	56	492.971	492.846	-131.603	18.000	-1.000	0	0	7
68	19.559	Running	0	0	1	0	0	0	628	629	-5680.300	-10072.200	1440.500	89.000	-1330.029	1970.020	49.994	1.000	0.100	9.961	18.000	1.000	-0.300	0	256.500	0.000	9.961	0.000	-5189.990	-2009.961	5544.325	-1663.586	1616.443	101	103	94	96	54	486.082	492.748	-128.393	18.000	-1.000	0	0	7
69	19.832	Running	0	0	1	0	0	0	628	629	-5680.300	-10072.200	1440.500	89.000	-1330.029	1970.020	49.994	1.000	0.000	0.000	18.000	1.000	-0.300	0	256.500	0.000	0.000	0.000	-5189.990	-2009.961	5544.325	-1663.586	1616.443	101	103	94	96	54	486.082	492.653	-128.393	18.000	-1.000	0	0	7
70	20.107	Running	0	0	1	0	0	0	628	629	-5680.300	-10072.200	1440.500	89.000	-1330.029	1970.020	49.994	1.000	0.000	0.000	18.000	1.000	-0.300	0	256.500	0.000	0.000	0.000	-5189.990	-2009.961	5544.325	-1663.586	1616.443	101	103	94	96	54	486.082	492.561	-128.393	18.000	-1.000	0	0	7
71	20.382	Obstacle hits: +1	0	0	1	0	1	79	627	627	-5680.400	-10072.200	1440.500	88.800	-1339.990	1970.020	49.994	1.200	0.100	9.961	18.000	1.000	0.000	0	256.600	0.100	9.961	0.275	-5189.990	-2009.961	5537.395	-1677.753	1602.276	101	103	94	96	55	499.318	492.654	-130.088	18.000	-1.000	1	0	8
72	20.694	Running	0	0	1	0	0	0	627	627	-5680.400	-10072.200	1440.500	88.800	-1339.990	1970.020	49.994	1.200	0.000	0.000	18.000	1.000	0.000	0	256.600	0.000	9.961	0.587	-5189.990	-2009.961	5537.395	-1677.753	1602.276	101	103	94	96	55	499.318	492.746	-130.088	18.000	-1.000	0	0	8
73	20.976	Running	0	0	1	0	0	0	627	627	-5680.400	-10072.200	1440.500	88.800	-1339.990	1970.020	49.994	1.200	0.000	0.000	18.000	1.000	0.000	0	256.600	0.000	9.961	0.869	-5189.990	-2009.961	5537.395	-1677.753	1602.276	101	103	94	96	55	499.318	492.835	-130.088	18.000	-1.000	0	0	8
74	21.268	Running	0	0	1	0	0	0	627	627	-5680.400	-10072.200	1440.500	88.800	-1339.990	1970.020	49.994	1.200	0.000	0.000	18.000	1.000	0.000	0	256.600	0.000	9.961	1.162	-5189.990	-2009.961	5537.395	-1677.753	1602.276	101	103	94	96	55	499.318	492.921	-130.088	18.000	-1.000	0	0	8
75	21.580	Running	0	0	1	0	0	0	627	628	-5680.300	-10072.200	1440.500	89.200	-1330.029	1970.020	49.994	0.800	0.100	9.961	18.000	1.000	0.300	0	256.600	0.000	0.000	0.000	-5189.990	-2009.961	5544.325	-1670.710	1609.320	101	103	94	96	54	496.153	492.964	-133.502	18.000	-1.000	0	0	8
76	21.887	Running	0	0	1	0	0	0	627	628	-5680.300	-10072.200	1440.500	89.200	-1330.029	1970.020	49.994	0.800	0.000	0.000	18.000	1.000	0.300	0	256.600	0.000	0.000	0.000	-5189.990	-2009.961	5544.325	-1670.710	1609.320	101	103	94	96	54	496.153	493.005	-133.502	18.000	-1.000	0	0	8
77	22.180	Running	0	0	1	0	0	0	627	628	-5680.300	-10072.200	1440.500	89.200	-1330.029	1970.020	49.994	0.800	0.000	0.000	18.000	1.000	0.300	0	256.600	0.000	0.000	0.000	-5189.990	-2009.961	5544.325	-1670.710	1609.320	101	103	94	96	54	496.153	493.045	-133.502	18.000	-1.000	0	0	8
78	22.459	Running	0	0	1	0	0	0	627	628	-5680.300	-10072.300	1440.500	89.900	-1330.029	1960.058	49.994	0.100	0.100	9.961	18.000	1.000	0.500	0	256.600	0.000	9.961	0.000	-5189.990	-2009.961	5537.179	-1668.909	1611.120	101	103	94	96	54	486.413	492.961	-136.516	18.000	-1.000	0	0	8
79	22.785	Running	0	0	1	0	0	0	627	628	-5680.300	-10072.300	1440.500	89.900	-1330.029	1960.058	49.994	0.100	0.000	0.000	18.000	1.000	0.500	0	256.600	0.000	0.000	0.000	-5189.990	-2009.961	5537.179	-1668.909	1611.120	101	103	94	96	54	486.413	492.880	-136.516	18.000	-1.000	0	0	8
80	23.096	Running	0	0	1	0	0	0	627	628	-5680.300	-10072.300	1440.500	89.900	-1330.029	1960.058	49.994	0.100	0.000	0.000	18.000	1.000	0.500	0	256.600	0.000	0.000	0.000	-5189.990	-2009.961	5537.179	-1668.909	1611.120	101	103	94	96	54	486.413	492.800	-136.516	18.000	-1.000	0	0	8
81	23.383	Running	0	0	1	0	0	0	627	628	-5680.200	-10072.300	1440.500	91.000	-1320.020	1960.058	49.994	-1.000	0.100	10.010	18.000	1.000	0.800	0	256.700	0.100	10.010	0.000	-5189.990	-2009.961	5544.162	-1661.973	1618.057	101	103	94	96	53	483.629	492.688	-139.898	18.000	-1.000	0	0	8
82	23.666	Running	0	0	1	0	0	0	627	628	-5680.200	-10072.300	1440.500	91.000	-1320.020	1960.058	49.994	-1.000	0.000	0.000	18.000	1.000	0.800	0	256.700	0.000	0.000	0.000	-5189.990	-2009.961	5544.162	-1661.973	1618.057	101	103	94	96	53	483.629	492.579	-139.898	18.000	-1.000	0	0	8
83	23.944	Running	0	0	1	0	0	0	627	628	-5680.200	-10072.300	1440.500	91.000	-1320.020	1960.058	49.994	-1.000	0.000	0.000	18.000	1.000	0.800	0	256.700	0.000	0.000	0.000	-5189.990	-2009.961	5544.162	-1661.973	1618.057	101	103	94	96	53	483.629	492.472	-139.898	18.000	-1.000	0	0	8
84	24.219	Running	0	0	1	0	0	0	627	628	-5680.200	-10072.300	1440.500	91.000	-1320.020	1960.058	49.994	-1.000	0.000	0.000	18.000	1.000	0.800	0	256.700	0.000	0.000	0.000	-5189.990	-2009.961	5544.162	-1661.973	1618.057	101	103	94	96	53	483.629	492.368	-139.898	18.000	-1.000	0	0	8
85	24.494	Running	0	0	1	0	0	0	627	628	-5680.100	-10072.300	1440.500	92.700	-1310.010	1960.058	49.994	-2.700	0.100	10.010	18.000	1.000	1.100	0	256.800	0.100	10.010	0.000	-5189.990	-2009.961	5551.153	-1655.414	1624.615	101	103	94	96	52	481.484	492.242	-142.753	18.000	-1.000	0	0	8
86	24.777	Running	0	0	1	0	0	0	627	628	-5680.100	-10072.300	1440.500	92.700	-1310.010	1960.058	49.994	-2.700	0.000	0.000	18.000	1.000	1.100	0	256.800	0.000	0.000	0.000	-5189.990	-2009.961	5551.153	-1655.414	1624.615	101	103	94	96	52	481.484	492.118	-142.753	18.000	-1.000	0	0	8
87	25.054	Running	0	0	1	0	0	0	627	628	-5680.100	-10072.300	1440.500	92.700	-1310.010	1960.058	49.994	-2.700	0.000	0.000	18.000	1.000	1.100	0	256.800	0.000	0.000	0.000	-5189.990	-2009.961	5551.153	-1655.414	1624.615	101	103	94	96	52	481.484	491.997	-142.753	18.000	-1.000	0	0	8
88	25.350	Running: path-reverse	0	1	1	0	0	0	627	628	-5679.900	-10072.400	1440.500	94.700	-1289.990	1950.000	49.994	-4.700	0.224	22.404	18.000	1.000	1.300	0	257.000	0.200	22.404	0.000	-5189.990	-2009.961	5557.993	-1639.669	1640.360	102	103	95	97	49	467.067	491.717	-156.329	-18.000	1.000	0	0	8
89	25.642	Running: path-reverse	0	1	1	0	0	0	627	628	-5679.900	-10072.400	1440.500	94.700	-1289.990	1950.000	49.994	-4.700	0.000	0.000	-18.000	-1.000	1.300	0	257.000	0.000	0.000	0.000	-5189.990	-2009.961	5557.993	-1639.669	1640.360	102	103	95	97	49	467.067	491.443	-156.329	-18.000	1.000	0	0	8
90	25.920	Running: path-reverse	0	1	1	0	0	0	627	628	-5679.900	-10072.400	1440.500	94.700	-1289.990	1950.000	49.994	-4.700	0.000	0.000	-18.000	-1.000	1.300	0	257.000	0.000	0.000	0.000	-5189.990	-2009.961	5557.993	-1639.669	1640.360	102	103	95	97	49	467.067	491.175	-156.329	-18.000	1.000	0	0	8
91	26.213	Running: path-reverse	0	1	1	0	0	0	627	628	-5679.900	-10072.400	1440.500	94.700	-1289.990	1950.000	49.994	-4.700	0.000	0.000	-18.000	-1.000	1.300	0	257.000	0.000	0.000	0.000	-5189.990	-2009.961	5557.993	-1639.669	1640.360	102	103	95	97	49	467.067	490.913	-156.329	-18.000	1.000	0	0	8
92	26.537	Running: path-reverse	0	1	1	0	0	0	627	628	-5679.800	-10072.500	1440.500	96.300	-1280.029	1940.039	49.994	-6.300	0.141	14.087	-18.000	-1.000	1.400	0	257.200	0.200	14.087	0.000	-5189.990	-2009.961	5557.904	-1630.350	1649.679	102	103	95	97	48	455.009	490.527	-166.822	-18.000	1.000	0	0	8
93	26.861	Running: path-reverse	0	1	1	0	0	0	627	628	-5679.800	-10072.500	1440.500	96.300	-1280.029	1940.039	49.994	-6.300	0.000	0.000	-18.000	-1.000	1.400	0	257.200	0.000	0.000	0.000	-5189.990	-2009.961	5557.904	-1630.350	1649.679	102	103	95	97	48	455.009	490.149	-166.822	-18.000	1.000	0	0	8
94	27.151	Running: path-reverse	0	1	1	0	0	0	627	628	-5679.800	-10072.500	1440.500	96.300	-1280.029	1940.039	49.994	-6.300	0.000	0.000	-18.000	-1.000	1.400	0	257.200	0.000	0.000	0.000	-5189.990	-2009.961	5557.904	-1630.350	1649.679	102	103	95	97	48	455.009	489.779	-166.822	-18.000	1.000	0	0	8
95	27.441	Obstacle hits: +1	0	1	1	0	1	79	630	630	-5679.600	-10072.500	1440.500	95.800	-1260.010	1940.039	49.994	-5.800	0.200	20.020	-18.000	-1.000	1.100	0	257.300	0.100	20.020	0.000	-5189.990	-2009.961	5572.006	-1627.753	1602.276	102	103	95	96	55	499.318	489.879	-135.312	-18.000	1.000	1	0	9
96	28.043	Running: path-reverse	0	1	1	0	0	0	630	630	-5679.600	-10072.500	1440.500	95.800	-1260.010	1940.039	49.994	-5.800	0.000	0.000	-18.000	-1.000	1.100	0	257.300	0.000	0.000	0.000	-5189.990	-2009.961	5572.006	-1627.753	1602.276	102	103	95	96	55	499.318	489.976	-135.312	-18.000	1.000	0	0	9
97	28.321	Running: path-reverse	0	1	1	0	0	0	630	630	-5679.600	-10072.500	1440.500	95.800	-1260.010	1940.039	49.994	-5.800	0.000	0.000	-18.000	-1.000	1.100	0	257.300	0.000	0.000	0.000	-5189.990	-2009.961	5572.006	-1627.753	1602.276	102	103	95	96	55	499.318	490.071	-135.312	-18.000	1.000	0	0	9
98	28.606	Running: path-reverse	0	1	1	0	0	0	630	631	-5679.500	-10072.400	1440.500	94.500	-1250.000	1950.000	49.994	-4.500	0.141	14.121	-18.000	-1.000	0.700	0	257.400	0.100	14.121	0.000	-5189.990	-2009.961	5586.127	-1617.768	1612.261	102	103	95	96	54	499.320	490.165	-135.910	-18.000	1.000	0	0	9
99	28.880	Running: path-reverse	0	1	1	0	0	0	630	631	-5679.500	-10072.400	1440.500	94.500	-1250.000	1950.000	49.994	-4.500	0.000	0.000	-18.000	-1.000	0.700	0	257.400	0.000	0.000	0.000	-5189.990	-2009.961	5586.127	-1617.768	1612.261	102	103	95	96	54	499.320	490.256	-135.910	-18.000	1.000	0	0	9
100	29.154	Running: path-reverse	0	1	1	0	0	0	630	631	-5679.500	-10072.400	1440.500	94.500	-1250.000	1950.000	49.994	-4.500	0.000	0.000	-18.000	-1.000	0.700	0	257.400	0.000	0.000	0.000	-5189.990	-2009.961	5586.127	-1617.768	1612.261	102	103	95	96	54	499.320	490.346	-135.910	-18.000	1.000	0	0	9
101	29.451	Running: path-reverse	0	1	1	0	0	0	630	631	-5679.400	-10072.400	1440.500	93.600	-1239.990	1950.000	49.994	-3.600	0.100	10.010	-18.000	-1.000	0.400	0	257.500	0.100	10.010	0.000	-5189.990	-2009.961	5593.191	-1611.942	1618.088	103	103	95	96	53	498.511	490.426	-139.820	-18.000	1.000	0	0	9
102	29.726	Running: path-reverse	0	1	1	0	0	0	630	631	-5679.400	-10072.400	1440.500	93.600	-1239.990	1950.000	49.994	-3.600	0.000	0.000	-18.000	-1.000	0.400	0	257.500	0.000	0.000	0.000	-5189.990	-2009.961	5593.191	-1611.942	1618.088	103	103	95	96	53	498.511	490.505	-139.820	-18.000	1.000	0	0	9
103	30.002	Running: path-reverse	0	1	1	0	0	0	630	631	-5679.400	-10072.400	1440.500	93.600	-1239.990	1950.000	49.994	-3.600	0.000	0.000	-18.000	-1.000	0.400	0	257.500	0.000	0.000	0.000	-5189.990	-2009.961	5593.191	-1611.942	1618.088	103	103	95	96	53	498.511	490.582	-139.820	-18.000	1.000	0	0	9
104	30.278	Running: path-reverse	0	1	1	0	0	0	630	631	-5679.400	-10072.400	1440.500	93.200	-1239.990	1950.000	49.994	-3.200	0.000	0.000	-18.000	-1.000	0.100	0	257.600	0.100	0.000	0.277	-5189.990	-2009.961	5593.191	-1611.942	1618.088	103	103	95	96	53	498.511	490.657	-140.220	-18.000	1.000	0	0	9
105	30.619	Running: path-reverse	0	1	1	0	0	0	630	631	-5679.400	-10072.400	1440.500	93.200	-1239.990	1950.000	49.994	-3.200	0.000	0.000	-18.000	-1.000	0.100	0	257.600	0.000	0.000	0.618	-5189.990	-2009.961	5593.191	-1611.942	1618.088	103	103	95	96	53	498.511	490.731	-140.220	-18.000	1.000	0	0	9
106	30.959	Running: path-reverse	0	1	1	0	0	0	630	631	-5679.400	-10072.400	1440.500	93.200	-1239.990	1950.000	49.994	-3.200	0.000	0.000	-18.000	-1.000	0.100	0	257.600	0.000	0.000	0.957	-5189.990	-2009.961	5593.191	-1611.942	1618.088	103	103	95	96	53	498.511	490.804	-140.220	-18.000	1.000	0	0	9
107	31.244	Running: path-reverse	0	1	1	0	0	0	630	631	-5679.400	-10072.400	1440.500	93.200	-1239.990	1950.000	49.994	-3.200	0.000	0.000	-18.000	-1.000	0.100	0	257.600	0.000	0.000	1.242	-5189.990	-2009.961	5593.191	-1611.942	1618.088	103	103	95	96	53	498.511	490.875	-140.220	-18.000	1.000	0	0	9
108	31.523	Running: path-reverse	0	1	1	0	0	0	630	631	-5679.400	-10072.400	1440.500	93.300	-1239.990	1950.000	49.994	-3.300	0.000	0.000	-18.000	-1.000	-0.200	0	257.600	0.000	0.000	0.000	-5189.990	-2009.961	5593.191	-1611.942	1618.088	103	103	95	96	53	498.511	490.945	-140.120	-18.000	1.000	0	0	9
109	31.797	Running: path-reverse	0	1	1	0	0	0	630	631	-5679.400	-10072.400	1440.500	93.300	-1239.990	1950.000	49.994	-3.300	0.000	0.000	-18.000	-1.000	-0.200	0	257.600	0.000	0.000	0.000	-5189.990	-2009.961	5593.191	-1611.942	1618.088	103	103	95	96	53	498.511	491.014	-140.120	-18.000	1.000	0	0	9
110	32.071	Running: path-reverse	0	1	1	0	0	0	630	631	-5679.400	-10072.400	1440.500	93.300	-1239.990	1950.000	49.994	-3.300	0.000	0.000	-18.000	-1.000	-0.200	0	257.600	0.000	0.000	0.000	-5189.990	-2009.961	5593.191	-1611.942	1618.088	103	103	95	96	53	498.511	491.082	-140.120	-18.000	1.000	0	0	9
111	32.391	Running: path-reverse	0	1	1	0	0	0	630	631	-5679.400	-10072.400	1440.500	93.900	-1239.990	1950.000	49.994	-3.900	0.000	0.000	-18.000	-1.000	-0.400	0	257.600	0.000	0.000	0.000	-5189.990	-2009.961	5593.191	-1611.942	1618.088	103	103	95	96	53	498.511	491.148	-139.520	-18.000	1.000	0	0	9
112	32.683	Running: path-reverse	0	1	1	0	0	0	630	631	-5679.400	-10072.400	1440.500	93.900	-1239.990	1950.000	49.994	-3.900	0.000	0.000	-18.000	-1.000	-0.400	0	257.600	0.000	0.000	0.000	-5189.990	-2009.961	5593.191	-1611.942	1618.088	103	103	95	96	53	498.511	491.213	-139.520	-18.000	1.000	0	0	9
113	33.008	Running: path-reverse	0	1	1	0	0	0	630	631	-5679.400	-10072.400	1440.500	93.900	-1239.990	1950.000	49.994	-3.900	0.000	0.000	-18.000	-1.000	-0.400	0	257.600	0.000	0.000	0.000	-5189.990	-2009.961	5593.191	-1611.942	1618.088	103	103	95	96	53	498.511	491.277	-139.520	-18.000	1.000	0	0	9
114	33.322	Running: path-reverse	0	1	1	0	0	0	630	631	-5679.500	-10072.400	1440.500	95.000	-1250.000	1950.000	49.994	-5.000	0.100	10.010	-18.000	-1.000	-0.700	0	257.700	0.100	10.010	0.000	-5189.990	-2009.961	5586.127	-1617.768	1612.261	102	103	95	96	54	499.320	491.347	-135.410	-18.000	1.000	0	0	9
115	33.611	Running: path-reverse	0	1	1	0	0	0	630	631	-5679.500	-10072.400	1440.500	95.000	-1250.000	1950.000	49.994	-5.000	0.000	0.000	-18.000	-1.000	-0.700	0	257.700	0.000	0.000	0.000	-5189.990	-2009.961	5586.127	-1617.768	1612.261	102	103	95	96	54	499.320	491.416	-135.410	-18.000	1.000	0	0	9
116	33.885	Running: path-reverse	0	1	1	0	0	0	630	631	-5679.500	-10072.400	1440.500	95.000	-1250.000	1950.000	49.994	-5.000	0.000	0.000	-18.000	-1.000	-0.700	0	257.700	0.000	0.000	0.000	-5189.990	-2009.961	5586.127	-1617.768	1612.261	102	103	95	96	54	499.320	491.483	-135.410	-18.000	1.000	0	0	9
117	34.156	Running: path-reverse	0	1	1	0	0	0	630	631	-5679.500	-10072.400	1440.500	95.000	-1250.000	1950.000	49.994	-5.000	0.000	0.000	-18.000	-1.000	-0.700	0	257.700	0.000	0.000	0.000	-5189.990	-2009.961	5586.127	-1617.768	1612.261	102	103	95	96	54	499.320	491.550	-135.410	-18.000	1.000	0	0	9
118	34.427	Running: path-reverse	0	1	1	0	0	0	630	630	-5679.600	-10072.500	1440.500	96.300	-1260.010	1940.039	49.994	-6.300	0.141	14.121	-18.000	-1.000	-0.900	0	257.800	0.100	14.121	0.000	-5189.990	-2009.961	5572.006	-1627.753	1602.276	102	103	95	96	55	499.318	491.615	-134.812	-18.000	1.000	0	0	9
119	34.720	Running: path-reverse	0	1	1	0	0	0	630	630	-5679.600	-10072.500	1440.500	96.300	-1260.010	1940.039	49.994	-6.300	0.000	0.000	-18.000	-1.000	-0.900	0	257.800	0.000	0.000	0.000	-5189.990	-2009.961	5572.006	-1627.753	1602.276	102	103	95	96	55	499.318	491.679	-134.812	-18.000	1.000	0	0	9
120	34.994	Running: path-reverse	0	1	1	0	0	0	630	630	-5679.600	-10072.500	1440.500	96.300	-1260.010	1940.039	49.994	-6.300	0.000	0.000	-18.000	-1.000	-0.900	0	257.800	0.000	0.000	0.000	-5189.990	-2009.961	5572.006	-1627.753	1602.276	102	103	95	96	55	499.318	491.742	-134.812	-18.000	1.000	0	0	9
121	35.298	Running: path-reverse	0	1	1	0	0	0	630	630	-5679.600	-10072.500	1440.500	96.300	-1260.010	1940.039	49.994	-6.300	0.000	0.000	-18.000	-1.000	-0.900	0	257.800	0.000	0.000	0.000	-5189.990	-2009.961	5572.006	-1627.753	1602.276	102	103	95	96	55	499.318	491.805	-134.812	-18.000	1.000	0	0	9
122	35.632	Running: path-reverse	0	1	1	0	0	0	630	630	-5679.800	-10072.500	1440.500	98.200	-1280.029	1940.039	49.994	-8.200	0.200	20.020	-18.000	-1.000	-1.200	0	257.900	0.100	20.020	0.000	-5189.990	-2009.961	5557.904	-1629.885	1600.145	102	103	95	96	55	487.778	491.772	-126.239	-18.000	1.000	0	0	9
123	35.906	Running: path-reverse	0	1	1	0	0	0	630	630	-5679.800	-10072.500	1440.500	98.200	-1280.029	1940.039	49.994	-8.200	0.000	0.000	-18.000	-1.000	-1.200	0	257.900	0.000	0.000	0.000	-5189.990	-2009.961	5557.904	-1629.885	1600.145	102	103	95	96	55	487.778	491.740	-126.239	-18.000	1.000	0	0	9
124	36.189	Running: path-reverse	0	1	1	0	0	0	630	630	-5679.800	-10072.500	1440.500	98.200	-1280.029	1940.039	49.994	-8.200	0.000	0.000	-18.000	-1.000	-1.200	0	257.900	0.000	0.000	0.000	-5189.990	-2009.961	5557.904	-1629.885	1600.145	102	103	95	96	55	487.778	491.708	-126.239	-18.000	1.000	0	0	9
125	36.475	Obstacle hits: +1	0	1	1	0	1	79	628	628	-5679.900	-10072.500	1440.500	100.100	-1289.990	1940.039	49.994	-10.100	0.100	9.961	-18.000	-1.000	-1.400	0	258.100	0.200	9.961	0.000	-5189.990	-2009.961	5550.901	-1643.544	1586.486	102	103	94	95	55	500.000	491.774	-124.900	-18.000	1.000	1	0	10
126	36.788	Running: path-reverse	0	1	1	0	0	0	628	628	-5679.900	-10072.500	1440.500	100.100	-1289.990	1940.039	49.994	-10.100	0.000	0.000	-18.000	-1.000	-1.400	0	258.100	0.000	0.000	0.000	-5189.990	-2009.961	5550.901	-1643.544	1586.486	102	103	94	95	55	500.000	491.838	-124.900	-18.000	1.000	0	0	10
127	37.067	Running: path-reverse	0	1	1	0	0	0	628	628	-5679.900	-10072.500	1440.500	100.100	-1289.990	1940.039	49.994	-10.100	0.000	0.000	-18.000	-1.000	-1.400	0	258.100	0.000	0.000	0.000	-5189.990	-2009.961	5550.901	-1643.544	1586.486	102	103	94	95	55	500.000	491.902	-124.900	-18.000	1.000	0	0	10
128	37.342	Running	0	0	1	0	0	0	628	628	-5680.100	-10072.500	1440.500	102.400	-1310.010	1940.039	49.994	-12.400	0.200	20.020	-18.000	-1.000	-1.600	0	258.300	0.200	20.020	0.000	-5189.990	-2009.961	5536.854	-1643.544	1586.486	101	103	94	95	55	486.050	491.857	-114.982	18.000	-1.000	0	0	10
129	37.638	Running	0	0	1	0	0	0	628	628	-5680.100	-10072.500	1440.500	102.400	-1310.010	1940.039	49.994	-12.400	0.000	0.000	18.000	1.000	-1.600	0	258.300	0.000	0.000	0.000	-5189.990	-2009.961	5536.854	-1643.544	1586.486	101	103	94	95	55	486.050	491.812	-114.982	18.000	-1.000	0	0	10
130	37.947	Running	0	0	1	0	0	0	628	628	-5680.100	-10072.500	1440.500	102.400	-1310.010	1940.039	49.994	-12.400	0.000	0.000	18.000	1.000	-1.600	0	258.300	0.000	0.000	0.000	-5189.990	-2009.961	5536.854	-1643.544	1586.486	101	103	94	95	55	486.050	491.768	-114.982	18.000	-1.000	0	0	10
131	38.226	Running	0	0	1	0	0	0	628	628	-5680.100	-10072.500	1440.500	102.400	-1310.010	1940.039	49.994	-12.400	0.000	0.000	18.000	1.000	-1.600	0	258.300	0.000	0.000	0.000	-5189.990	-2009.961	5536.854	-1643.544	1586.486	101	103	94	95	55	486.050	491.725	-114.982	18.000	-1.000	0	0	10
132	38.500	Running	0	0	1	0	0	0	628	626	-5680.300	-10072.601	1440.600	104.700	-1330.029	1929.980	59.992	-14.700	0.245	24.534	18.000	1.000	-1.800	0	258.500	0.200	22.404	0.000	-5189.990	-2009.961	5515.654	-1653.602	1576.427	101	102	94	95	55	479.270	491.631	-108.190	18.000	-1.000	0	0	10
133	38.781	Running	0	0	1	0	0	0	628	626	-5680.300	-10072.601	1440.600	104.700	-1330.029	1929.980	59.992	-14.700	0.000	0.000	18.000	1.000	-1.800	0	258.500	0.000	0.000	0.000	-5189.990	-2009.961	5515.654	-1653.602	1576.427	101	102	94	95	55	479.270	491.539	-108.190	18.000	-1.000	0	0	10
134	39.079	Running	0	0	1	0	0	0	628	626	-5680.300	-10072.601	1440.600	104.700	-1330.029	1929.980	59.992	-14.700	0.000	0.000	18.000	1.000	-1.800	0	258.500	0.000	0.000	0.000	-5189.990	-2009.961	5515.654	-1653.602	1576.427	101	102	94	95	55	479.270	491.448	-108.190	18.000	-1.000	0	0	10
135	39.358	Obstacle hits: +1	0	0	1	0	1	79	625	625	-5680.500	-10072.500	1440.600	105.000	-1350.000	1940.039	59.992	-15.000	0.224	22.361	18.000	1.000	-1.600	0	258.700	0.200	22.361	0.000	-5189.990	-2009.961	5508.904	-1722.176	1607.853	100	103	93	96	55	498.862	491.503	-127.852	18.000	-1.000	1	0	11
136	39.654	Running	0	0	1	0	0	0	625	625	-5680.500	-10072.500	1440.600	105.000	-1350.000	1940.039	59.992	-15.000	0.000	0.000	18.000	1.000	-1.600	0	258.700	0.000	0.000	0.000	-5189.990	-2009.961	5508.904	-1722.176	1607.853	100	103	93	96	55	498.862	491.556	-127.852	18.000	-1.000	0	0	11
137	39.928	Running	0	0	1	0	0	0	625	625	-5680.500	-10072.500	1440.600	105.000	-1350.000	1940.039	59.992	-15.000	0.000	0.000	18.000	1.000	-1.600	0	258.700	0.000	0.000	0.000	-5189.990	-2009.961	5508.904	-1722.176	1607.853	100	103	93	96	55	498.862	491.609	-127.852	18.000	-1.000	0	0	11
138	40.200	Running	0	0	1	0	0	0	625	625	-5680.500	-10072.500	1440.600	105.000	-1350.000	1940.039	59.992	-15.000	0.000	0.000	18.000	1.000	-1.600	0	258.700	0.000	0.000	0.000	-5189.990	-2009.961	5508.904	-1722.176	1607.853	100	103	93	96	55	498.862	491.661	-127.852	18.000	-1.000	0	0	11
139	40.472	Running	0	0	1	0	0	0	625	626	-5680.600	-10072.500	1440.600	103.600	-1360.010	1940.039	59.992	-13.600	0.100	10.010	18.000	1.000	-1.100	0	258.800	0.100	10.010	0.000	-5189.990	-2009.961	5501.931	-1723.544	1606.485	100	103	93	96	56	493.371	491.674	-126.215	18.000	-1.000	0	0	11
140	40.745	Running	0	0	1	0	0	0	625	626	-5680.600	-10072.500	1440.600	103.600	-1360.010	1940.039	59.992	-13.600	0.000	0.000	18.000	1.000	-1.100	0	258.800	0.000	0.000	0.000	-5189.990	-2009.961	5501.931	-1723.544	1606.485	100	103	93	96	56	493.371	491.686	-126.215	18.000	-1.000	0	0	11
141	41.026	Running	0	0	1	0	0	0	625	626	-5680.600	-10072.500	1440.600	103.600	-1360.010	1940.039	59.992	-13.600	0.000	0.000	18.000	1.000	-1.100	0	258.800	0.000	0.000	0.000	-5189.990	-2009.961	5501.931	-1723.544	1606.485	100	103	93	96	56	493.371	491.698	-126.215	18.000	-1.000	0	0	11
142	41.305	Running	0	0	1	0	0	0	625	626	-5680.600	-10072.500	1440.600	103.600	-1360.010	1940.039	59.992	-13.600	0.000	0.000	18.000	1.000	-1.100	0	258.800	0.000	0.000	0.000	-5189.990	-2009.961	5501.931	-1723.544	1606.485	100	103	93	96	56	493.371	491.709	-126.215	18.000	-1.000	0	0	11
143	41.591	Running	0	0	1	0	0	0	625	625	-5680.700	-10072.400	1440.500	102.200	-1370.020	1950.000	49.994	-12.200	0.173	17.302	18.000	1.000	-0.800	0	258.900	0.100	14.121	0.000	-5189.990	-2009.961	5502.133	-1715.044	1614.986	100	103	93	96	54	480.912	491.634	-119.323	18.000	-1.000	0	0	11
144	41.875	Running	0	0	1	0	0	0	625	625	-5680.700	-10072.400	1440.500	102.200	-1370.020	1950.000	49.994	-12.200	0.000	0.000	18.000	1.000	-0.800	0	258.900	0.000	0.000	0.000	-5189.990	-2009.961	5502.133	-1715.044	1614.986	100	103	93	96	54	480.912	491.560	-119.323	18.000	-1.000	0	0	11
145	42.146	Running	0	0	1	0	0	0	625	625	-5680.700	-10072.400	1440.500	102.200	-1370.020	1950.000	49.994	-12.200	0.000	0.000	18.000	1.000	-0.800	0	258.900	0.000	0.000	0.000	-5189.990	-2009.961	5502.133	-1715.044	1614.986	100	103	93	96	54	480.912	491.487	-119.323	18.000	-1.000	0	0	11
146	42.423	Obstacle hits: +1	0	0	1	0	1	79	624	624	-5680.800	-10072.400	1440.500	101.300	-1380.029	1950.000	49.994	-11.300	0.100	10.010	18.000	1.000	-0.600	0	259.000	0.100	10.010	0.000	-5189.990	-2009.961	5495.188	-1733.583	1596.447	100	103	93	96	55	500.000	491.545	-123.700	18.000	-1.000	1	0	12
147	42.706	Running	0	0	1	0	0	0	624	624	-5680.800	-10072.400	1440.500	101.300	-1380.029	1950.000	49.994	-11.300	0.000	0.000	18.000	1.000	-0.600	0	259.000	0.000	0.000	0.000	-5189.990	-2009.961	5495.188	-1733.583	1596.447	100	103	93	96	55	500.000	491.602	-123.700	18.000	-1.000	0	0	12
148	42.983	Running	0	0	1	0	0	0	624	624	-5680.800	-10072.400	1440.500	101.300	-1380.029	1950.000	49.994	-11.300	0.000	0.000	18.000	1.000	-0.600	0	259.000	0.000	0.000	0.000	-5189.990	-2009.961	5495.188	-1733.583	1596.447	100	103	93	96	55	500.000	491.659	-123.700	18.000	-1.000	0	0	12
149	43.262	Running	0	0	1	0	0	0	624	624	-5680.800	-10072.400	1440.500	101.300	-1380.029	1950.000	49.994	-11.300	0.000	0.000	18.000	1.000	-0.600	0	259.000	0.000	0.000	0.000	-5189.990	-2009.961	5495.188	-1733.583	1596.447	100	103	93	96	55	500.000	491.714	-123.700	18.000	-1.000	0	0	12
150	43.541	Running	0	0	1	0	0	0	624	625	-5680.800	-10072.300	1440.500	100.600	-1380.029	1960.058	49.994	-10.600	0.101	10.059	18.000	1.000	-0.300	0	259.100	0.100	10.059	0.000	-5189.990	-2009.961	5502.441	-1726.470	1603.559	100	103	93	96	55	497.105	491.750	-120.923	18.000	-1.000	0	0	12
151	43.815	Running	0	0	1	0	0	0	624	625	-5680.800	-10072.300	1440.500	100.600	-1380.029	1960.058	49.994	-10.600	0.000	0.000	18.000	1.000	-0.300	0	259.100	0.000	0.000	0.000	-5189.990	-2009.961	5502.441	-1726.470	1603.559	100	103	93	96	55	497.105	491.785	-120.923	18.000	-1.000	0	0	12
152	44.104	Running	0	0	1	0	0	0	624	625	-5680.800	-10072.300	1440.500	100.600	-1380.029	1960.058	49.994	-10.600	0.000	0.000	18.000	1.000	-0.300	0	259.100	0.000	0.000	0.000	-5189.990	-2009.961	5502.441	-1726.470	1603.559	100	103	93	96	55	497.105	491.820	-120.923	18.000	-1.000	0	0	12
153	44.389	Running	0	0	1	0	0	0	624	625	-5680.800	-10072.300	1440.500	100.600	-1380.029	1960.058	49.994	-10.600	0.000	0.000	18.000	1.000	-0.300	0	259.100	0.000	0.000	0.000	-5189.990	-2009.961	5502.441	-1726.470	1603.559	100	103	93	96	55	497.105	491.854	-120.923	18.000	-1.000	0	0	12
154	44.689	Running	0	0	1	0	0	0	624	625	-5680.800	-10072.300	1440.500	100.400	-1380.029	1960.058	49.994	-10.400	0.000	0.000	18.000	1.000	0.000	0	259.100	0.000	0.000	0.300	-5189.990	-2009.961	5502.441	-1726.470	1603.559	100	103	93	96	55	497.105	491.888	-121.123	18.000	-1.000	0	0	12
155	44.982	Running	0	0	1	0	0	0	624	625	-5680.800	-10072.300	1440.500	100.400	-1380.029	1960.058	49.994	-10.400	0.000	0.000	18.000	1.000	0.000	0	259.100	0.000	0.000	0.593	-5189.990	-2009.961	5502.441	-1726.470	1603.559	100	103	93	96	55	497.105	491.922	-121.123	18.000	-1.000	0	0	12
156	45.251	Running	0	0	1	0	0	0	624	625	-5680.800	-10072.300	1440.500	100.400	-1380.029	1960.058	49.994	-10.400	0.000	0.000	18.000	1.000	0.000	0	259.100	0.000	0.000	0.862	-5189.990	-2009.961	5502.441	-1726.470	1603.559	100	103	93	96	55	497.105	491.955	-121.123	18.000	-1.000	0	0	12
157	45.527	Running	0	0	1	0	0	0	624	625	-5680.800	-10072.300	1440.500	100.700	-1380.029	1960.058	49.994	-10.700	0.000	0.000	18.000	1.000	0.200	0	259.100	0.000	0.000	0.000	-5189.990	-2009.961	5502.441	-1726.470	1603.559	100	103	93	96	55	497.105	491.987	-120.823	18.000	-1.000	0	0	12
158	45.811	Running	0	0	1	0	0	0	624	625	-5680.800	-10072.300	1440.500	100.700	-1380.029	1960.058	49.994	-10.700	0.000	0.000	18.000	1.000	0.200	0	259.100	0.000	0.000	0.000	-5189.990	-2009.961	5502.441	-1726.470	1603.559	100	103	93	96	55	497.105	492.020	-120.823	18.000	-1.000	0	0	12
159	46.090	Running	0	0	1	0	0	0	624	625	-5680.800	-10072.300	1440.500	100.700	-1380.029	1960.058	49.994	-10.700	0.000	0.000	18.000	1.000	0.200	0	259.100	0.000	0.000	0.000	-5189.990	-2009.961	5502.441	-1726.470	1603.559	100	103	93	96	55	497.105	492.051	-120.823	18.000	-1.000	0	0	12
160	46.365	Running	0	0	1	0	0	0	624	625	-5680.800	-10072.300	1440.500	100.700	-1380.029	1960.058	49.994	-10.700	0.000	0.000	18.000	1.000	0.200	0	259.100	0.000	0.000	0.000	-5189.990	-2009.961	5502.441	-1726.470	1603.559	100	103	93	96	55	497.105	492.083	-120.823	18.000	-1.000	0	0	12
161	46.699	Running	0	0	1	0	0	0	624	624	-5680.800	-10072.400	1440.500	101.300	-1380.029	1950.000	49.994	-11.300	0.101	10.059	18.000	1.000	0.500	0	259.100	0.000	10.059	0.000	-5189.990	-2009.961	5495.188	-1733.583	1596.447	100	103	93	96	55	500.000	492.132	-123.700	18.000	-1.000	0	0	12
162	47.020	Running	0	0	1	0	0	0	624	624	-5680.800	-10072.400	1440.500	101.300	-1380.029	1950.000	49.994	-11.300	0.000	0.000	18.000	1.000	0.500	0	259.100	0.000	0.000	0.000	-5189.990	-2009.961	5495.188	-1733.583	1596.447	100	103	93	96	55	500.000	492.180	-123.700	18.000	-1.000	0	0	12
163	47.296	Running	0	0	1	0	0	0	624	625	-5680.700	-10072.400	1440.600	102.300	-1370.020	1950.000	59.992	-12.300	0.141	14.147	18.000	1.000	0.700	0	259.200	0.100	10.010	0.000	-5189.990	-2009.961	5502.133	-1726.505	1603.525	100	103	93	96	55	497.119	492.210	-126.160	18.000	-1.000	0	0	12
164	47.610	Running	0	0	1	0	0	0	624	625	-5680.700	-10072.400	1440.600	102.300	-1370.020	1950.000	59.992	-12.300	0.000	0.000	18.000	1.000	0.700	0	259.200	0.000	0.000	0.000	-5189.990	-2009.961	5502.133	-1726.505	1603.525	100	103	93	96	55	497.119	492.240	-126.160	18.000	-1.000	0	0	12
165	47.885	Running	0	0	1	0	0	0	624	625	-5680.700	-10072.400	1440.600	102.300	-1370.020	1950.000	59.992	-12.300	0.000	0.000	18.000	1.000	0.700	0	259.200	0.000	0.000	0.000	-5189.990	-2009.961	5502.133	-1726.505	1603.525	100	103	93	96	55	497.119	492.269	-126.160	18.000	-1.000	0	0	12
166	48.156	Running	0	0	1	0	0	0	624	625	-5680.700	-10072.400	1440.600	102.300	-1370.020	1950.000	59.992	-12.300	0.000	0.000	18.000	1.000	0.700	0	259.200	0.000	0.000	0.000	-5189.990	-2009.961	5502.133	-1726.505	1603.525	100	103	93	96	55	497.119	492.298	-126.160	18.000	-1.000	0	0	12
167	48.431	Running	0	0	1	0	0	0	624	625	-5680.600	-10072.400	1440.600	103.500	-1360.010	1950.000	59.992	-13.500	0.100	10.010	18.000	1.000	0.900	0	259.300	0.100	10.010	0.000	-5189.990	-2009.961	5509.087	-1719.427	1610.602	100	103	93	96	54	494.339	492.310	-128.570	18.000	-1.000	0	0	12
168	48.706	Running	0	0	1	0	0	0	624	625	-5680.600	-10072.400	1440.600	103.500	-1360.010	1950.000	59.992	-13.500	0.000	0.000	18.000	1.000	0.900	0	259.300	0.000	0.000	0.000	-5189.990	-2009.961	5509.087	-1719.427	1610.602	100	103	93	96	54	494.339	492.322	-128.570	18.000	-1.000	0	0	12
169	48.979	Running	0	0	1	0	0	0	624	625	-5680.600	-10072.400	1440.600	103.500	-1360.010	1950.000	59.992	-13.500	0.000	0.000	18.000	1.000	0.900	0	259.300	0.000	0.000	0.000	-5189.990	-2009.961	5509.087	-1719.427	1610.602	100	103	93	96	54	494.339	492.334	-128.570	18.000	-1.000	0	0	12
170	49.282	Running	0	0	1	0	0	0	624	625	-5680.600	-10072.400	1440.600	103.500	-1360.010	1950.000	59.992	-13.500	0.000	0.000	18.000	1.000	0.900	0	259.300	0.000	0.000	0.000	-5189.990	-2009.961	5509.087	-1719.427	1610.602	100	103	93	96	54	494.339	492.346	-128.570	18.000	-1.000	0	0	12
171	49.587	Running	0	0	1	0	0	0	624	625	-5680.500	-10072.500	1440.600	105.200	-1350.000	1940.039	59.992	-15.200	0.141	14.121	18.000	1.000	1.200	0	259.400	0.100	14.121	0.000	-5189.990	-2009.961	5508.904	-1711.211	1618.818	100	103	93	96	53	483.380	492.294	-135.215	18.000	-1.000	0	0	12
172	49.874	Running	0	0	1	0	0	0	624	625	-5680.500	-10072.500	1440.600	105.200	-1350.000	1940.039	59.992	-15.200	0.000	0.000	18.000	1.000	1.200	0	259.400	0.000	0.000	0.000	-5189.990	-2009.961	5508.904	-1711.211	1618.818	100	103	93	96	53	483.380	492.242	-135.215	18.000	-1.000	0	0	12
173	50.154	Running	0	0	1	0	0	0	624	625	-5680.500	-10072.500	1440.600	105.200	-1350.000	1940.039	59.992	-15.200	0.000	0.000	18.000	1.000	1.200	0	259.400	0.000	0.000	0.000	-5189.990	-2009.961	5508.904	-1711.211	1618.818	100	103	93	96	53	483.380	492.191	-135.215	18.000	-1.000	0	0	12
174	50.435	Running	0	0	1	0	0	0	624	625	-5680.400	-10072.601	1440.600	106.800	-1339.990	1929.980	59.992	-16.800	0.142	14.191	18.000	1.000	1.400	0	259.600	0.200	14.191	0.000	-5189.990	-2009.961	5508.688	-1701.929	1628.100	101	102	93	96	51	471.308	492.072	-143.611	18.000	-1.000	0	0	12
175	50.703	Running	0	0	1	0	0	0	624	625	-5680.400	-10072.601	1440.600	106.800	-1339.990	1929.980	59.992	-16.800	0.000	0.000	18.000	1.000	1.400	0	259.600	0.000	0.000	0.000	-5189.990	-2009.961	5508.688	-1701.929	1628.100	101	102	93	96	51	471.308	491.954	-143.611	18.000	-1.000	0	0	12
176	50.980	Running	0	0	1	0	0	0	624	625	-5680.400	-10072.601	1440.600	106.800	-1339.990	1929.980	59.992	-16.800	0.000	0.000	18.000	1.000	1.400	0	259.600	0.000	0.000	0.000	-5189.990	-2009.961	5508.688	-1701.929	1628.100	101	102	93	96	51	471.308	491.837	-143.611	18.000	-1.000	0	0	12
177	51.257	Running	0	0	1	0	0	0	624	625	-5680.400	-10072.601	1440.600	106.800	-1339.990	1929.980	59.992	-16.800	0.000	0.000	18.000	1.000	1.400	0	259.600	0.000	0.000	0.000	-5189.990	-2009.961	5508.688	-1701.929	1628.100	101	102	93	96	51	471.308	491.722	-143.611	18.000	-1.000	0	0	12
178	51.533	Obstacle hits: +1	0	0	1	0	1	78	623	623	-5680.300	-10072.700	1440.600	109.000	-1330.029	1920.020	59.992	-19.000	0.141	14.087	18.000	1.000	1.600	0	259.800	0.200	14.087	0.000	-5189.990	-2009.961	5508.543	-1673.228	1556.801	101	102	94	95	55	499.712	491.767	-112.050	18.000	-1.000	1	0	13
179	51.820	Running	0	0	1	0	0	0	623	623	-5680.300	-10072.700	1440.600	109.000	-1330.029	1920.020	59.992	-19.000	0.000	0.000	18.000	1.000	1.600	0	259.800	0.000	0.000	0.000	-5189.990	-2009.961	5508.543	-1673.228	1556.801	101	102	94	95	55	499.712	491.811	-112.050	18.000	-1.000	0	0	13
180	52.102	Running	0	0	1	0	0	0	623	623	-5680.300	-10072.700	1440.600	109.000	-1330.029	1920.020	59.992	-19.000	0.000	0.000	18.000	1.000	1.600	0	259.800	0.000	0.000	0.000	-5189.990	-2009.961	5508.543	-1673.228	1556.801	101	102	94	95	55	499.712	491.854	-112.050	18.000	-1.000	0	0	13
181	52.448	Obstacle hits: +1	0	0	1	0	1	78	624	624	-5680.100	-10072.800	1440.600	111.400	-1310.010	1910.058	59.992	-21.400	0.224	22.361	18.000	1.000	1.800	0	259.900	0.100	22.361	0.000	-5189.990	-2009.961	5515.505	-1668.461	1561.568	101	102	94	95	55	499.933	491.899	-115.502	18.000	-1.000	1	0	14
182	52.727	Running	0	0	1	0	0	0	624	624	-5680.100	-10072.800	1440.600	111.400	-1310.010	1910.058	59.992	-21.400	0.000	0.000	18.000	1.000	1.800	0	259.900	0.000	0.000	0.000	-5189.990	-2009.961	5515.505	-1668.461	1561.568	101	102	94	95	55	499.933	491.943	-115.502	18.000	-1.000	0	0	14
183	52.999	Running	0	0	1	0	0	0	624	624	-5680.100	-10072.800	1440.600	111.400	-1310.010	1910.058	59.992	-21.400	0.000	0.000	18.000	1.000	1.800	0	259.900	0.000	0.000	0.000	-5189.990	-2009.961	5515.505	-1668.461	1561.568	101	102	94	95	55	499.933	491.986	-115.502	18.000	-1.000	0	0	14
184	53.396	Obstacle hits: +1	0	0	1	0	1	77	622	622	-5679.900	-10073.000	1440.600	114.100	-1289.990	1890.039	59.992	-24.100	0.283	28.312	18.000	1.000	2.000	0	260.200	0.300	28.312	0.000	-5189.990	-2009.961	5515.433	-1643.544	1536.486	102	102	94	94	54	500.000	492.029	-110.900	18.000	-1.000	1	0	15
185	53.718	Running	0	0	1	0	0	0	622	622	-5679.900	-10073.000	1440.600	114.100	-1289.990	1890.039	59.992	-24.100	0.000	0.000	18.000	1.000	2.000	0	260.200	0.000	0.000	0.000	-5189.990	-2009.961	5515.433	-1643.544	1536.486	102	102	94	94	54	500.000	492.072	-110.900	18.000	-1.000	0	0	15
186	53.998	Running	0	0	1	0	0	0	622	622	-5679.900	-10073.000	1440.600	114.100	-1289.990	1890.039	59.992	-24.100	0.000	0.000	18.000	1.000	2.000	0	260.200	0.000	0.000	0.000	-5189.990	-2009.961	5515.433	-1643.544	1536.486	102	102	94	94	54	500.000	492.115	-110.900	18.000	-1.000	0	0	15
187	54.273	Running	0	0	1	0	0	0	622	622	-5679.900	-10073.000	1440.600	114.100	-1289.990	1890.039	59.992	-24.100	0.000	0.000	18.000	1.000	2.000	0	260.200	0.000	0.000	0.000	-5189.990	-2009.961	5515.433	-1643.544	1536.486	102	102	94	94	54	500.000	492.157	-110.900	18.000	-1.000	0	0	15
188	54.561	Running	0	0	1	0	0	0	622	623	-5679.800	-10073.101	1440.600	117.000	-1280.029	1879.980	59.992	-27.000	0.142	14.156	18.000	1.000	2.100	0	260.400	0.200	14.156	0.000	-5189.990	-2009.961	5515.382	-1633.583	1546.447	102	101	95	95	53	486.050	492.124	-115.618	18.000	-1.000	0	0	15
189	54.834	Running	0	0	1	0	0	0	622	623	-5679.800	-10073.101	1440.600	117.000	-1280.029	1879.980	59.992	-27.000	0.000	0.000	18.000	1.000	2.100	0	260.400	0.000	0.000	0.000	-5189.990	-2009.961	5515.382	-1633.583	1546.447	102	101	95	95	53	486.050	492.092	-115.618	18.000	-1.000	0	0	15
190	55.108	Running	0	0	1	0	0	0	622	623	-5679.800	-10073.101	1440.600	117.000	-1280.029	1879.980	59.992	-27.000	0.000	0.000	18.000	1.000	2.100	0	260.400	0.000	0.000	0.000	-5189.990	-2009.961	5515.382	-1633.583	1546.447	102	101	95	95	53	486.050	492.061	-115.618	18.000	-1.000	0	0	15
191	55.453	Running	0	0	1	0	0	0	622	623	-5679.600	-10073.300	1440.600	120.400	-1260.010	1860.058	59.992	-30.400	0.282	28.243	18.000	1.000	2.300	0	260.700	0.300	28.243	0.000	-5189.990	-2009.961	5515.596	-1613.563	1566.466	102	101	95	95	50	459.561	491.891	-133.251	18.000	-1.000	0	0	15
192	55.771	Running	0	0	1	0	0	0	622	623	-5679.600	-10073.300	1440.600	120.400	-1260.010	1860.058	59.992	-30.400	0.000	0.000	18.000	1.000	2.300	0	260.700	0.000	0.000	0.000	-5189.990	-2009.961	5515.596	-1613.563	1566.466	102	101	95	95	50	459.561	491.724	-133.251	18.000	-1.000	0	0	15
193	56.064	Running	0	0	1	0	0	0	622	623	-5679.600	-10073.300	1440.600	120.400	-1260.010	1860.058	59.992	-30.400	0.000	0.000	18.000	1.000	2.300	0	260.700	0.000	0.000	0.000	-5189.990	-2009.961	5515.596	-1613.563	1566.466	102	101	95	95	50	459.561	491.558	-133.251	18.000	-1.000	0	0	15
194	56.347	Running	0	0	1	0	0	0	622	623	-5679.600	-10073.300	1440.600	120.400	-1260.010	1860.058	59.992	-30.400	0.000	0.000	18.000	1.000	2.300	0	260.700	0.000	0.000	0.000	-5189.990	-2009.961	5515.596	-1613.563	1566.466	102	101	95	95	50	459.561	491.394	-133.251	18.000	-1.000	0	0	15
195	56.640	Running: path-reverse	0	1	1	0	0	0	622	623	-5679.400	-10073.500	1440.600	123.700	-1239.990	1840.039	59.992	-33.700	0.283	28.312	18.000	1.000	2.500	0	260.900	0.200	28.312	0.000	-5189.990	-2009.961	5515.886	-1593.544	1586.486	103	101	95	95	47	435.074	491.107	-156.421	-18.000	1.000	0	0	15
196	56.938	Running: path-reverse	0	1	1	0	0	0	622	623	-5679.400	-10073.500	1440.600	123.700	-1239.990	1840.039	59.992	-33.700	0.000	0.000	-18.000	-1.000	2.500	0	260.900	0.000	0.000	0.000	-5189.990	-2009.961	5515.886	-1593.544	1586.486	103	101	95	95	47	435.074	490.822	-156.421	-18.000	1.000	0	0	15
197	57.211	Running: path-reverse	0	1	1	0	0	0	622	623	-5679.400	-10073.500	1440.600	123.700	-1239.990	1840.039	59.992	-33.700	0.000	0.000	-18.000	-1.000	2.500	0	260.900	0.000	0.000	0.000	-5189.990	-2009.961	5515.886	-1593.544	1586.486	103	101	95	95	47	435.074	490.541	-156.421	-18.000	1.000	0	0	15
198	57.488	Obstacle hits: +1	0	0	1	0	1	79	626	626	-5679.200	-10073.700	1440.600	126.400	-1220.020	1820.020	59.992	-36.400	0.283	28.277	-18.000	-1.000	2.600	0	261.200	0.300	28.277	0.000	-5189.990	-2009.961	5516.287	-1568.485	1461.545	103	100	96	93	55	499.932	490.588	-96.689	18.000	-1.000	1	0	16
199	57.767	Running	0	0	1	0	0	0	626	626	-5679.200	-10073.700	1440.600	126.400	-1220.020	1820.020	59.992	-36.400	0.000	0.000	18.000	1.000	2.600	0	261.200	0.000	0.000	0.000	-5189.990	-2009.961	5516.287	-1568.485	1461.545	103	100	96	93	55	499.932	490.635	-96.689	18.000	-1.000	0	0	16
200	58.051	Running	0	0	1	0	0	0	626	626	-5679.200	-10073.700	1440.600	126.400	-1220.020	1820.020	59.992	-36.400	0.000	0.000	18.000	1.000	2.600	0	261.200	0.000	0.000	0.000	-5189.990	-2009.961	5516.287	-1568.485	1461.545	103	100	96	93	55	499.932	490.681	-96.689	18.000	-1.000	0	0	16
201	58.346	Running	0	0	1	0	0	0	626	626	-5679.200	-10073.700	1440.600	126.400	-1220.020	1820.020	59.992	-36.400	0.000	0.000	18.000	1.000	2.600	0	261.200	0.000	0.000	0.000	-5189.990	-2009.961	5516.287	-1568.485	1461.545	103	100	96	93	55	499.932	490.727	-96.689	18.000	-1.000	0	0	16
202	58.622	Running	0	0	1	0	0	0	626	627	-5679.000	-10073.900	1440.600	126.300	-1200.000	1800.000	59.992	-36.300	0.283	28.312	18.000	1.000	2.500	0	261.500	0.300	28.312	0.000	-5189.990	-2009.961	5516.867	-1549.144	1480.885	103	100	96	93	53	473.007	490.639	-113.937	18.000	-1.000	0	0	16
203	58.894	Running	0	0	1	0	0	0	626	627	-5679.000	-10073.900	1440.600	126.300	-1200.000	1800.000	59.992	-36.300	0.000	0.000	18.000	1.000	2.500	0	261.500	0.000	0.000	0.000	-5189.990	-2009.961	5516.867	-1549.144	1480.885	103	100	96	93	53	473.007	490.553	-113.937	18.000	-1.000	0	0	16
204	59.172	Running	0	0	1	0	0	0	626	627	-5679.000	-10073.900	1440.600	126.300	-1200.000	1800.000	59.992	-36.300	0.000	0.000	18.000	1.000	2.500	0	261.500	0.000	0.000	0.000	-5189.990	-2009.961	5516.867	-1549.144	1480.885	103	100	96	93	53	473.007	490.467	-113.937	18.000	-1.000	0	0	16
205	59.457	Running	0	0	1	0	0	0	626	627	-5678.800	-10074.101	1440.600	127.800	-1180.029	1779.980	59.992	-37.800	0.283	28.277	18.000	1.000	2.600	0	261.700	0.200	28.277	0.000	-5189.990	-2009.961	5517.558	-1529.852	1500.177	104	99	97	94	50	447.957	490.261	-137.004	18.000	-1.000	0	0	16
206	59.780	Running	0	0	1	0	0	0	626	627	-5678.800	-10074.101	1440.600	127.800	-1180.029	1779.980	59.992	-37.800	0.000	0.000	18.000	1.000	2.600	0	261.700	0.000	0.000	0.000	-5189.990	-2009.961	5517.558	-1529.852	1500.177	104	99	97	94	50	447.957	490.057	-137.004	18.000	-1.000	0	0	16
207	60.071	Running	0	0	1	0	0	0	626	627	-5678.800	-10074.101	1440.600	127.800	-1180.029	1779.980	59.992	-37.800	0.000	0.000	18.000	1.000	2.600	0	261.700	0.000	0.000	0.000	-5189.990	-2009.961	5517.558	-1529.852	1500.177	104	99	97	94	50	447.957	489.854	-137.004	18.000	-1.000	0	0	16
208	60.349	Running: path-reverse	0	1	1	0	0	0	626	627	-5678.600	-10074.300	1440.600	131.600	-1160.010	1760.058	59.992	-41.600	0.282	28.243	18.000	1.000	2.700	0	262.100	0.400	28.243	0.000	-5189.990	-2009.961	5518.495	-1510.508	1519.521	104	99	97	94	47	425.097	489.544	-158.934	-18.000	1.000	0	0	16
209	60.630	Running: path-reverse	0	1	1	0	0	0	626	627	-5678.600	-10074.300	1440.600	131.600	-1160.010	1760.058	59.992	-41.600	0.000	0.000	-18.000	-1.000	2.700	0	262.100	0.000	0.000	0.000	-5189.990	-2009.961	5518.495	-1510.508	1519.521	104	99	97	94	47	425.097	489.238	-158.934	-18.000	1.000	0	0	16
210	60.905	Running: path-reverse	0	1	1	0	0	0	626	627	-5678.600	-10074.300	1440.600	131.600	-1160.010	1760.058	59.992	-41.600	0.000	0.000	-18.000	-1.000	2.700	0	262.100	0.000	0.000	0.000	-5189.990	-2009.961	5518.495	-1510.508	1519.521	104	99	97	94	47	425.097	488.934	-158.934	-18.000	1.000	0	0	16
211	61.196	Running: path-reverse	0	1	1	0	0	0	626	627	-5678.600	-10074.300	1440.600	131.600	-1160.010	1760.058	59.992	-41.600	0.000	0.000	-18.000	-1.000	2.700	0	262.100	0.000	0.000	0.000	-5189.990	-2009.961	5518.495	-1510.508	1519.521	104	99	97	94	47	425.097	488.632	-158.934	-18.000	1.000	0	0	16
212	61.478	Obstacle hits: +1	0	0	1	0	1	81	628	628	-5678.500	-10074.601	1440.600	134.700	-1150.000	1729.980	59.992	-44.700	0.317	31.700	-18.000	-1.000	2.800	0	262.300	0.200	31.700	0.000	-5189.990	-2009.961	5505.332	-1503.578	1376.451	104	98	97	91	56	500.000	488.686	-90.312	18.000	-1.000	1	0	17
213	61.801	Running	0	0	1	0	0	0	628	628	-5678.500	-10074.601	1440.600	134.700	-1150.000	1729.980	59.992	-44.700	0.000	0.000	18.000	1.000	2.800	0	262.300	0.000	0.000	0.000	-5189.990	-2009.961	5505.332	-1503.578	1376.451	104	98	97	91	56	500.000	488.739	-90.312	18.000	-1.000	0	0	17
214	62.084	Running	0	0	1	0	0	0	628	628	-5678.500	-10074.601	1440.600	134.700	-1150.000	1729.980	59.992	-44.700	0.000	0.000	18.000	1.000	2.800	0	262.300	0.000	0.000	0.000	-5189.990	-2009.961	5505.332	-1503.578	1376.451	104	98	97	91	56	500.000	488.791	-90.312	18.000	-1.000	0	0	17
215	62.376	Obstacle hits: +1	0	0	1	0	1	81	628	628	-5678.300	-10074.800	1440.600	134.700	-1130.029	1710.058	59.992	-44.700	0.282	28.208	18.000	1.000	2.700	0	262.600	0.300	28.208	0.000	-5189.990	-2009.961	5506.526	-1478.463	1351.566	105	98	98	91	55	499.923	488.843	-88.242	18.000	-1.000	1	0	18
216	62.672	Running	0	0	1	0	0	0	628	628	-5678.300	-10074.800	1440.600	134.700	-1130.029	1710.058	59.992	-44.700	0.000	0.000	18.000	1.000	2.700	0	262.600	0.000	0.000	0.000	-5189.990	-2009.961	5506.526	-1478.463	1351.566	105	98	98	91	55	499.923	488.894	-88.242	18.000	-1.000	0	0	18
217	62.947	Running	0	0	1	0	0	0	628	628	-5678.300	-10074.800	1440.600	134.700	-1130.029	1710.058	59.992	-44.700	0.000	0.000	18.000	1.000	2.700	0	262.600	0.000	0.000	0.000	-5189.990	-2009.961	5506.526	-1478.463	1351.566	105	98	98	91	55	499.923	488.944	-88.242	18.000	-1.000	0	0	18
218	63.221	Running	0	0	1	0	0	0	628	628	-5678.300	-10074.800	1440.600	134.700	-1130.029	1710.058	59.992	-44.700	0.000	0.000	18.000	1.000	2.700	0	262.600	0.000	0.000	0.000	-5189.990	-2009.961	5506.526	-1478.463	1351.566	105	98	98	91	55	499.923	488.994	-88.242	18.000	-1.000	0	0	18
219	63.496	Obstacle hits: +1	0	0	1	0	1	81	628	628	-5678.100	-10075.000	1440.700	136.700	-1110.010	1690.039	70.001	-46.700	0.300	30.029	18.000	1.000	2.700	0	263.000	0.400	28.312	0.000	-5189.990	-2009.961	5507.834	-1477.753	1352.276	105	98	98	91	55	499.318	489.041	-94.412	18.000	-1.000	1	0	19
220	63.810	Running	0	0	1	0	0	0	628	628	-5678.100	-10075.000	1440.700	136.700	-1110.010	1690.039	70.001	-46.700	0.000	0.000	18.000	1.000	2.700	0	263.000	0.000	0.000	0.000	-5189.990	-2009.961	5507.834	-1477.753	1352.276	105	98	98	91	55	499.318	489.088	-94.412	18.000	-1.000	0	0	19
221	64.123	Running	0	0	1	0	0	0	628	628	-5678.100	-10075.000	1440.700	136.700	-1110.010	1690.039	70.001	-46.700	0.000	0.000	18.000	1.000	2.700	0	263.000	0.000	0.000	0.000	-5189.990	-2009.961	5507.834	-1477.753	1352.276	105	98	98	91	55	499.318	489.134	-94.412	18.000	-1.000	0	0	19
222	64.436	Running	0	0	1	0	0	0	628	628	-5678.000	-10075.300	1440.700	140.200	-1100.000	1660.058	70.001	-50.200	0.316	31.607	18.000	1.000	2.800	0	263.200	0.200	31.607	0.000	-5189.990	-2009.961	5495.185	-1464.608	1365.421	105	97	98	91	52	468.775	489.043	-109.058	18.000	-1.000	0	0	19
223	64.716	Running	0	0	1	0	0	0	628	628	-5678.000	-10075.300	1440.700	140.200	-1100.000	1660.058	70.001	-50.200	0.000	0.000	18.000	1.000	2.800	0	263.200	0.000	0.000	0.000	-5189.990	-2009.961	5495.185	-1464.608	1365.421	105	97	98	91	52	468.775	488.952	-109.058	18.000	-1.000	0	0	19
224	64.989	Running	0	0	1	0	0	0	628	628	-5678.000	-10075.300	1440.700	140.200	-1100.000	1660.058	70.001	-50.200	0.000	0.000	18.000	1.000	2.800	0	263.200	0.000	0.000	0.000	-5189.990	-2009.961	5495.185	-1464.608	1365.421	105	97	98	91	52	468.775	488.862	-109.058	18.000	-1.000	0	0	19
225	65.284	Running	0	0	1	0	0	0	628	628	-5678.000	-10075.300	1440.700	140.200	-1100.000	1660.058	70.001	-50.200	0.000	0.000	18.000	1.000	2.800	0	263.200	0.000	0.000	0.000	-5189.990	-2009.961	5495.185	-1464.608	1365.421	105	97	98	91	52	468.775	488.774	-109.058	18.000	-1.000	0	0	19
226	65.564	Running	0	0	1	0	0	0	628	627	-5677.900	-10075.601	1440.700	144.000	-1089.990	1629.980	70.001	-54.000	0.317	31.700	18.000	1.000	3.000	0	263.600	0.400	31.700	0.000	-5189.990	-2009.961	5482.625	-1451.453	1378.576	106	96	98	91	49	440.294	488.560	-131.459	18.000	-1.000	0	0	19
227	65.838	Running	0	0	1	0	0	0	628	627	-5677.900	-10075.601	1440.700	144.000	-1089.990	1629.980	70.001	-54.000	0.000	0.000	18.000	1.000	3.000	0	263.600	0.000	0.000	0.000	-5189.990	-2009.961	5482.625	-1451.453	1378.576	106	96	98	91	49	440.294	488.348	-131.459	18.000	-1.000	0	0	19
228	66.114	Running	0	0	1	0	0	0	628	627	-5677.900	-10075.601	1440.700	144.000	-1089.990	1629.980	70.001	-54.000	0.000	0.000	18.000	1.000	3.000	0	263.600	0.000	0.000	0.000	-5189.990	-2009.961	5482.625	-1451.453	1378.576	106	96	98	91	49	440.294	488.138	-131.459	18.000	-1.000	0	0	19
229	66.387	Obstacle hits: +1	0	0	1	0	1	82	627	627	-5677.800	-10075.900	1440.700	148.200	-1080.029	1600.000	70.001	-58.200	0.316	31.592	18.000	1.000	3.200	0	263.900	0.300	31.592	0.000	-5189.990	-2009.961	5470.246	-1433.583	1246.447	106	96	99	89	55	500.000	488.190	-76.800	18.000	-1.000	1	0	20
230	66.743	Running	0	0	1	0	0	0	627	627	-5677.800	-10075.900	1440.700	148.200	-1080.029	1600.000	70.001	-58.200	0.000	0.000	18.000	1.000	3.200	0	263.900	0.000	0.000	0.000	-5189.990	-2009.961	5470.246	-1433.583	1246.447	106	96	99	89	55	500.000	488.241	-76.800	18.000	-1.000	0	0	20
231	67.076	Running	0	0	1	0	0	0	627	627	-5677.800	-10075.900	1440.700	148.200	-1080.029	1600.000	70.001	-58.200	0.000	0.000	18.000	1.000	3.200	0	263.900	0.000	0.000	0.000	-5189.990	-2009.961	5470.246	-1433.583	1246.447	106	96	99	89	55	500.000	488.292	-76.800	18.000	-1.000	0	0	20
232	67.391	Running	0	0	1	0	0	0	627	627	-5677.800	-10075.900	1440.700	148.200	-1080.029	1600.000	70.001	-58.200	0.000	0.000	18.000	1.000	3.200	0	263.900	0.000	0.000	0.000	-5189.990	-2009.961	5470.246	-1433.583	1246.447	106	96	99	89	55	500.000	488.342	-76.800	18.000	-1.000	0	0	20
233	67.689	Obstacle hits: +1	0	0	1	0	1	82	625	625	-5677.700	-10076.300	1440.700	152.500	-1070.020	1560.058	70.001	-62.500	0.412	41.177	18.000	1.000	3.300	0	264.200	0.300	41.177	0.000	-5189.990	-2009.961	5451.532	-1423.548	1206.481	106	95	99	88	55	500.000	488.392	-72.490	18.000	-1.000	1	0	21
234	67.993	Running	0	0	1	0	0	0	625	625	-5677.700	-10076.300	1440.700	152.500	-1070.020	1560.058	70.001	-62.500	0.000	0.000	18.000	1.000	3.300	0	264.200	0.000	0.000	0.000	-5189.990	-2009.961	5451.532	-1423.548	1206.481	106	95	99	88	55	500.000	488.441	-72.490	18.000	-1.000	0	0	21
235	68.321	Running	0	0	1	0	0	0	625	625	-5677.700	-10076.300	1440.700	152.500	-1070.020	1560.058	70.001	-62.500	0.000	0.000	18.000	1.000	3.300	0	264.200	0.000	0.000	0.000	-5189.990	-2009.961	5451.532	-1423.548	1206.481	106	95	99	88	55	500.000	488.490	-72.490	18.000	-1.000	0	0	21
236	68.680	Obstacle hits: +1	0	0	1	0	1	82	624	624	-5677.600	-10076.601	1440.800	156.700	-1060.010	1529.980	79.999	-66.700	0.332	33.239	18.000	1.000	3.500	0	264.600	0.400	31.700	0.000	-5189.990	-2009.961	5439.478	-1408.505	1171.524	106	94	99	87	54	499.940	488.539	-66.517	18.000	-1.000	1	0	22
237	69.010	Running	0	0	1	0	0	0	624	624	-5677.600	-10076.601	1440.800	156.700	-1060.010	1529.980	79.999	-66.700	0.000	0.000	18.000	1.000	3.500	0	264.600	0.000	0.000	0.000	-5189.990	-2009.961	5439.478	-1408.505	1171.524	106	94	99	87	54	499.940	488.587	-66.517	18.000	-1.000	0	0	22
238	69.314	Running	0	0	1	0	0	0	624	624	-5677.600	-10076.601	1440.800	156.700	-1060.010	1529.980	79.999	-66.700	0.000	0.000	18.000	1.000	3.500	0	264.600	0.000	0.000	0.000	-5189.990	-2009.961	5439.478	-1408.505	1171.524	106	94	99	87	54	499.940	488.634	-66.517	18.000	-1.000	0	0	22
239	69.626	Obstacle hits: +1	0	0	1	0	1	82	621	621	-5677.600	-10077.000	1440.800	161.100	-1060.010	1490.039	79.999	-71.100	0.399	39.941	18.000	1.000	3.600	0	265.000	0.400	39.941	0.000	-5189.990	-2009.961	5413.570	-1427.753	1152.276	106	94	99	87	55	499.318	488.679	-70.012	18.000	-1.000	1	0	23
240	69.988	Running	0	0	1	0	0	0	621	621	-5677.600	-10077.000	1440.800	161.100	-1060.010	1490.039	79.999	-71.100	0.000	0.000	18.000	1.000	3.600	0	265.000	0.000	0.000	0.000	-5189.990	-2009.961	5413.570	-1427.753	1152.276	106	94	99	87	55	499.318	488.723	-70.012	18.000	-1.000	0	0	23
241	70.323	Running	0	0	1	0	0	0	621	621	-5677.600	-10077.000	1440.800	161.100	-1060.010	1490.039	79.999	-71.100	0.000	0.000	18.000	1.000	3.600	0	265.000	0.000	0.000	0.000	-5189.990	-2009.961	5413.570	-1427.753	1152.276	106	94	99	87	55	499.318	488.766	-70.012	18.000	-1.000	0	0	23
242	70.601	Obstacle hits: +1	0	0	1	0	1	82	619	619	-5677.600	-10077.400	1440.800	166.000	-1060.010	1450.000	79.999	-76.000	0.400	40.039	18.000	1.000	3.800	0	265.400	0.400	40.039	0.000	-5189.990	-2009.961	5387.770	-1423.228	1106.801	106	93	99	86	55	499.712	488.812	-62.950	18.000	-1.000	1	0	24
243	70.933	Running	0	0	1	0	0	0	619	619	-5677.600	-10077.400	1440.800	166.000	-1060.010	1450.000	79.999	-76.000	0.000	0.000	18.000	1.000	3.800	0	265.400	0.000	0.000	0.000	-5189.990	-2009.961	5387.770	-1423.228	1106.801	106	93	99	86	55	499.712	488.856	-62.950	18.000	-1.000	0	0	24
244	71.209	Running	0	0	1	0	0	0	619	619	-5677.600	-10077.400	1440.800	166.000	-1060.010	1450.000	79.999	-76.000	0.000	0.000	18.000	1.000	3.800	0	265.400	0.000	0.000	0.000	-5189.990	-2009.961	5387.770	-1423.228	1106.801	106	93	99	86	55	499.712	488.901	-62.950	18.000	-1.000	0	0	24
245	71.486	Obstacle hits: +1	0	0	1	0	1	83	618	618	-5677.600	-10077.700	1440.800	170.700	-1060.010	1420.020	79.999	-80.700	0.300	29.980	18.000	1.000	3.900	0	265.800	0.400	29.980	0.000	-5189.990	-2009.961	5368.566	-1413.563	1066.466	106	92	99	85	55	500.000	488.946	-54.300	18.000	-1.000	1	0	25
246	71.814	Running	0	0	1	0	0	0	618	618	-5677.600	-10077.700	1440.800	170.700	-1060.010	1420.020	79.999	-80.700	0.000	0.000	18.000	1.000	3.900	0	265.800	0.000	0.000	0.000	-5189.990	-2009.961	5368.566	-1413.563	1066.466	106	92	99	85	55	500.000	488.990	-54.300	18.000	-1.000	0	0	25
247	72.156	Running	0	0	1	0	0	0	618	618	-5677.600	-10077.700	1440.800	170.700	-1060.010	1420.020	79.999	-80.700	0.000	0.000	18.000	1.000	3.900	0	265.800	0.000	0.000	0.000	-5189.990	-2009.961	5368.566	-1413.563	1066.466	106	92	99	85	55	500.000	489.035	-54.300	18.000	-1.000	0	0	25
248	72.469	Obstacle hits: +1	0	0	1	0	1	82	614	614	-5677.700	-10078.200	1440.900	176.400	-1070.020	1370.020	89.996	-86.400	0.520	51.963	18.000	1.000	4.100	0	266.200	0.400	50.992	0.000	-5189.990	-2009.961	5329.017	-1418.485	1011.545	106	91	99	84	55	499.932	489.079	-46.689	18.000	-1.000	1	0	26
249	72.856	Running	0	0	1	0	0	0	614	614	-5677.700	-10078.200	1440.900	176.400	-1070.020	1370.020	89.996	-86.400	0.000	0.000	18.000	1.000	4.100	0	266.200	0.000	0.000	0.000	-5189.990	-2009.961	5329.017	-1418.485	1011.545	106	91	99	84	55	499.932	489.122	-46.689	18.000	-1.000	0	0	26
250	73.152	Running	0	0	1	0	0	0	614	614	-5677.700	-10078.200	1440.900	176.400	-1070.020	1370.020	89.996	-86.400	0.000	0.000	18.000	1.000	4.100	0	266.200	0.000	0.000	0.000	-5189.990	-2009.961	5329.017	-1418.485	1011.545	106	91	99	84	55	499.932	489.165	-46.689	18.000	-1.000	0	0	26
251	73.485	Obstacle hits: +1	0	0	1	0	1	82	627	627	-5677.800	-10078.601	1440.900	181.600	-1080.029	1329.980	89.996	-91.600	0.413	41.271	18.000	1.000	4.200	0	266.700	0.500	41.271	0.000	-5189.990	-2009.961	5295.941	-1433.534	1246.495	106	90	99	89	55	363.229	488.665	-133.421	18.000	-1.000	1	0	27
252	73.834	Running	0	0	1	0	0	0	627	627	-5677.800	-10078.601	1440.900	181.600	-1080.029	1329.980	89.996	-91.600	0.000	0.000	18.000	1.000	4.200	0	266.700	0.000	0.000	0.000	-5189.990	-2009.961	5295.941	-1433.534	1246.495	106	90	99	89	55	363.229	488.169	-133.421	18.000	-1.000	0	0	27
253	74.112	Running	0	0	1	0	0	0	627	627	-5677.800	-10078.601	1440.900	181.600	-1080.029	1329.980	89.996	-91.600	0.000	0.000	18.000	1.000	4.200	0	266.700	0.000	0.000	0.000	-5189.990	-2009.961	5295.941	-1433.534	1246.495	106	90	99	89	55	363.229	487.678	-133.421	18.000	-1.000	0	0	27
254	74.405	Running	0	0	1	0	0	0	627	627	-5677.800	-10078.601	1440.900	181.600	-1080.029	1329.980	89.996	-91.600	0.000	0.000	18.000	1.000	4.200	0	266.700	0.000	0.000	0.000	-5189.990	-2009.961	5295.941	-1433.534	1246.495	106	90	99	89	55	363.229	487.190	-133.421	18.000	-1.000	0	0	27
255	74.702	Obstacle hits: +1	0	0	1	0	1	81	605	605	-5678.000	-10079.101	1440.900	187.100	-1100.000	1279.980	89.996	-97.100	0.538	53.841	18.000	1.000	4.400	0	267.100	0.400	53.841	0.000	-5189.990	-2009.961	5248.975	-1453.578	926.451	105	89	98	82	55	500.000	487.240	-37.908	18.000	-1.000	1	0	28
256	75.023	Running	0	0	1	0	0	0	605	605	-5678.000	-10079.101	1440.900	187.100	-1100.000	1279.980	89.996	-97.100	0.000	0.000	18.000	1.000	4.400	0	267.100	0.000	0.000	0.000	-5189.990	-2009.961	5248.975	-1453.578	926.451	105	89	98	82	55	500.000	487.289	-37.908	18.000	-1.000	0	0	28
257	75.361	Obstacle hits: +1	0	0	1	0	1	81	610	610	-5678.200	-10079.500	1441.000	193.500	-1120.020	1240.039	99.994	-103.500	0.458	45.783	18.000	1.000	4.600	0	267.700	0.600	44.678	0.000	-5189.990	-2009.961	5208.374	-1517.773	1112.257	105	89	97	86	55	417.775	487.020	-103.855	18.000	-1.000	1	0	29
258	75.664	Running	0	0	1	0	0	0	610	610	-5678.200	-10079.500	1441.000	193.500	-1120.020	1240.039	99.994	-103.500	0.000	0.000	18.000	1.000	4.600	0	267.700	0.000	0.000	0.000	-5189.990	-2009.961	5208.374	-1517.773	1112.257	105	89	97	86	55	417.775	486.752	-103.855	18.000	-1.000	0	0	29
259	75.944	Running	0	0	1	0	0	0	610	610	-5678.200	-10079.500	1441.000	193.500	-1120.020	1240.039	99.994	-103.500	0.000	0.000	18.000	1.000	4.600	0	267.700	0.000	0.000	0.000	-5189.990	-2009.961	5208.374	-1517.773	1112.257	105	89	97	86	55	417.775	486.487	-103.855	18.000	-1.000	0	0	29
260	76.219	Running	0	0	1	0	0	0	610	610	-5678.200	-10079.500	1441.000	193.500	-1120.020	1240.039	99.994	-103.500	0.000	0.000	18.000	1.000	4.600	0	267.700	0.000	0.000	0.000	-5189.990	-2009.961	5208.374	-1517.773	1112.257	105	89	97	86	55	417.775	486.224	-103.855	18.000	-1.000	0	0	29
261	76.507	Obstacle hits: +1	0	0	1	0	1	81	610	610	-5678.500	-10080.000	1441.000	199.800	-1150.000	1190.039	99.994	-109.800	0.583	58.299	18.000	1.000	4.700	0	268.200	0.500	58.299	0.000	-5189.990	-2009.961	5153.787	-1513.089	1116.940	104	88	97	86	54	370.374	485.782	-117.588	18.000	-1.000	1	0	30
262	76.828	Running	0	0	1	0	0	0	610	610	-5678.500	-10080.000	1441.000	199.800	-1150.000	1190.039	99.994	-109.800	0.000	0.000	18.000	1.000	4.700	0	268.200	0.000	0.000	0.000	-5189.990	-2009.961	5153.787	-1513.089	1116.940	104	88	97	86	54	370.374	485.343	-117.588	18.000	-1.000	0	0	30
263	77.120	Running	0	0	1	0	0	0	610	610	-5678.500	-10080.000	1441.000	199.800	-1150.000	1190.039	99.994	-109.800	0.000	0.000	18.000	1.000	4.700	0	268.200	0.000	0.000	0.000	-5189.990	-2009.961	5153.787	-1513.089	1116.940	104	88	97	86	54	370.374	484.907	-117.588	18.000	-1.000	0	0	30
264	77.394	Obstacle hits: +1	0	0	1	0	1	80	609	609	-5678.900	-10080.400	1441.100	207.000	-1189.990	1150.000	109.992	-117.000	0.575	57.466	18.000	1.000	4.900	0	268.800	0.600	56.589	0.000	-5189.990	-2009.961	5097.583	-1522.149	1107.880	104	87	97	86	55	334.818	484.341	-115.860	18.000	-1.000	1	0	31
265	77.754	Running	0	0	1	0	0	0	609	609	-5678.900	-10080.400	1441.100	207.000	-1189.990	1150.000	109.992	-117.000	0.000	0.000	18.000	1.000	4.900	0	268.800	0.000	0.000	0.000	-5189.990	-2009.961	5097.583	-1522.149	1107.880	104	87	97	86	55	334.818	483.779	-115.860	18.000	-1.000	0	0	31
266	78.035	Running	0	0	1	0	0	0	609	609	-5678.900	-10080.400	1441.100	207.000	-1189.990	1150.000	109.992	-117.000	0.000	0.000	18.000	1.000	4.900	0	268.800	0.000	0.000	0.000	-5189.990	-2009.961	5097.583	-1522.149	1107.880	104	87	97	86	55	334.818	483.221	-115.860	18.000	-1.000	0	0	31
267	78.310	Running	0	0	1	0	0	0	609	609	-5678.900	-10080.400	1441.100	207.000	-1189.990	1150.000	109.992	-117.000	0.000	0.000	18.000	1.000	4.900	0	268.800	0.000	0.000	0.000	-5189.990	-2009.961	5097.583	-1522.149	1107.880	104	87	97	86	55	334.818	482.667	-115.860	18.000	-1.000	0	0	31
268	78.594	Obstacle hits: +1	0	0	1	0	1	79	601	601	-5679.300	-10080.800	1441.100	213.300	-1230.029	1110.058	109.992	-123.300	0.566	56.555	18.000	1.000	5.000	0	269.300	0.500	56.555	0.000	-5189.990	-2009.961	5041.410	-1587.872	1092.157	103	86	96	86	54	358.291	482.205	-105.650	18.000	-1.000	1	0	32
269	78.903	Running	0	0	1	0	0	0	601	601	-5679.300	-10080.800	1441.100	213.300	-1230.029	1110.058	109.992	-123.300	0.000	0.000	18.000	1.000	5.000	0	269.300	0.000	0.000	0.000	-5189.990	-2009.961	5041.410	-1587.872	1092.157	103	86	96	86	54	358.291	481.746	-105.650	18.000	-1.000	0	0	32
270	79.181	Running	0	0	1	0	0	0	601	601	-5679.300	-10080.800	1441.100	213.300	-1230.029	1110.058	109.992	-123.300	0.000	0.000	18.000	1.000	5.000	0	269.300	0.000	0.000	0.000	-5189.990	-2009.961	5041.410	-1587.872	1092.157	103	86	96	86	54	358.291	481.290	-105.650	18.000	-1.000	0	0	32
271	79.494	Obstacle hits: +1	0	0	1	0	1	78	592	592	-5679.700	-10081.101	1441.200	219.800	-1270.020	1079.980	120.001	-129.800	0.510	51.030	18.000	1.000	5.200	0	269.900	0.600	50.039	0.000	-5189.990	-2009.961	4991.383	-1657.731	1072.299	102	85	94	85	53	387.787	480.947	-93.173	18.000	-1.000	1	0	33
272	79.804	Running	0	0	1	0	0	0	592	592	-5679.700	-10081.101	1441.200	219.800	-1270.020	1079.980	120.001	-129.800	0.000	0.000	18.000	1.000	5.200	0	269.900	0.000	0.000	0.000	-5189.990	-2009.961	4991.383	-1657.731	1072.299	102	85	94	85	53	387.787	480.605	-93.173	18.000	-1.000	0	0	33
273	80.080	Running	0	0	1	0	0	0	592	592	-5679.700	-10081.101	1441.200	219.800	-1270.020	1079.980	120.001	-129.800	0.000	0.000	18.000	1.000	5.200	0	269.900	0.000	0.000	0.000	-5189.990	-2009.961	4991.383	-1657.731	1072.299	102	85	94	85	53	387.787	480.267	-93.173	18.000	-1.000	0	0	33
274	80.352	Running	0	0	1	0	0	0	592	592	-5679.700	-10081.101	1441.200	219.800	-1270.020	1079.980	120.001	-129.800	0.000	0.000	18.000	1.000	5.200	0	269.900	0.000	0.000	0.000	-5189.990	-2009.961	4991.383	-1657.731	1072.299	102	85	94	85	53	387.787	479.930	-93.173	18.000	-1.000	0	0	33
275	80.625	Obstacle hits: +1	0	0	1	0	1	77	583	583	-5680.200	-10081.400	1441.200	226.200	-1320.020	1050.000	120.001	-136.200	0.583	58.299	18.000	1.000	5.300	0	270.400	0.500	58.299	0.000	-5189.990	-2009.961	4933.562	-1731.614	1048.415	101	85	93	85	53	411.598	479.683	-82.233	18.000	-1.000	1	0	34
276	80.945	Running	0	0	1	0	0	0	583	583	-5680.200	-10081.400	1441.200	226.200	-1320.020	1050.000	120.001	-136.200	0.000	0.000	18.000	1.000	5.300	0	270.400	0.000	0.000	0.000	-5189.990	-2009.961	4933.562	-1731.614	1048.415	101	85	93	85	53	411.598	479.437	-82.233	18.000	-1.000	0	0	34
277	81.225	Running	0	0	1	0	0	0	583	583	-5680.200	-10081.400	1441.200	226.200	-1320.020	1050.000	120.001	-136.200	0.000	0.000	18.000	1.000	5.300	0	270.400	0.000	0.000	0.000	-5189.990	-2009.961	4933.562	-1731.614	1048.415	101	85	93	85	53	411.598	479.193	-82.233	18.000	-1.000	0	0	34
278	81.501	Obstacle hits: +1	0	0	1	0	1	76	580	580	-5680.700	-10081.700	1441.200	232.400	-1370.020	1020.020	120.001	-142.400	0.583	58.299	18.000	1.000	5.500	0	271.000	0.600	58.299	0.000	-5189.990	-2009.961	4875.752	-1767.482	1062.547	100	84	92	85	53	399.732	478.908	-82.610	18.000	-1.000	1	0	35
279	81.789	Running	0	0	1	0	0	0	580	580	-5680.700	-10081.700	1441.200	232.400	-1370.020	1020.020	120.001	-142.400	0.000	0.000	18.000	1.000	5.500	0	271.000	0.000	0.000	0.000	-5189.990	-2009.961	4875.752	-1767.482	1062.547	100	84	92	85	53	399.732	478.625	-82.610	18.000	-1.000	0	0	35
280	82.065	Running	0	0	1	0	0	0	580	580	-5680.700	-10081.700	1441.200	232.400	-1370.020	1020.020	120.001	-142.400	0.000	0.000	18.000	1.000	5.500	0	271.000	0.000	0.000	0.000	-5189.990	-2009.961	4875.752	-1767.482	1062.547	100	84	92	85	53	399.732	478.345	-82.610	18.000	-1.000	0	0	35
281	82.340	Obstacle hits: +1	0	0	1	0	1	75	569	569	-5681.200	-10081.800	1441.300	238.600	-1420.020	1010.058	129.999	-148.600	0.520	51.954	18.000	1.000	5.600	0	271.500	0.500	50.983	0.000	-5189.990	-2009.961	4830.445	-1865.202	1064.827	99	84	90	85	52	448.539	478.239	-67.310	18.000	-1.000	1	0	36
282	82.658	Running	0	0	1	0	0	0	569	569	-5681.200	-10081.800	1441.300	238.600	-1420.020	1010.058	129.999	-148.600	0.000	0.000	18.000	1.000	5.600	0	271.500	0.000	0.000	0.000	-5189.990	-2009.961	4830.445	-1865.202	1064.827	99	84	90	85	52	448.539	478.134	-67.310	18.000	-1.000	0	0	36
283	82.934	Running	0	0	1	0	0	0	569	569	-5681.200	-10081.800	1441.300	238.600	-1420.020	1010.058	129.999	-148.600	0.000	0.000	18.000	1.000	5.600	0	271.500	0.000	0.000	0.000	-5189.990	-2009.961	4830.445	-1865.202	1064.827	99	84	90	85	52	448.539	478.030	-67.310	18.000	-1.000	0	0	36
284	83.223	Running	0	0	1	0	0	0	569	569	-5681.200	-10081.800	1441.300	238.600	-1420.020	1010.058	129.999	-148.600	0.000	0.000	18.000	1.000	5.600	0	271.500	0.000	0.000	0.000	-5189.990	-2009.961	4830.445	-1865.202	1064.827	99	84	90	85	52	448.539	477.926	-67.310	18.000	-1.000	0	0	36
285	83.510	Obstacle hits: +1	0	0	1	0	1	75	567	567	-5681.700	-10082.000	1441.300	245.000	-1470.020	990.039	129.999	-155.000	0.539	53.859	18.000	1.000	5.800	0	272.000	0.500	53.859	0.000	-5189.990	-2009.961	4778.931	-1887.294	1065.039	98	84	90	85	52	423.961	477.738	-77.774	18.000	-1.000	1	0	37
286	83.799	Running	0	0	1	0	0	0	567	567	-5681.700	-10082.000	1441.300	245.000	-1470.020	990.039	129.999	-155.000	0.000	0.000	18.000	1.000	5.800	0	272.000	0.000	0.000	0.000	-5189.990	-2009.961	4778.931	-1887.294	1065.039	98	84	90	85	52	423.961	477.550	-77.774	18.000	-1.000	0	0	37
287	84.074	Running	0	0	1	0	0	0	567	567	-5681.700	-10082.000	1441.300	245.000	-1470.020	990.039	129.999	-155.000	0.000	0.000	18.000	1.000	5.800	0	272.000	0.000	0.000	0.000	-5189.990	-2009.961	4778.931	-1887.294	1065.039	98	84	90	85	52	423.961	477.364	-77.774	18.000	-1.000	0	0	37
288	84.353	Running	0	0	1	0	0	0	567	567	-5681.700	-10082.000	1441.300	245.000	-1470.020	990.039	129.999	-155.000	0.000	0.000	18.000	1.000	5.800	0	272.000	0.000	0.000	0.000	-5189.990	-2009.961	4778.931	-1887.294	1065.039	98	84	90	85	52	423.961	477.179	-77.774	18.000	-1.000	0	0	37
289	84.721	Obstacle hits: +1	0	0	1	0	1	74	562	562	-5682.300	-10082.000	1441.300	251.200	-1530.029	990.039	129.999	-161.200	0.600	60.010	18.000	1.000	5.900	0	272.600	0.600	60.010	0.000	-5189.990	-2009.961	4732.369	-1943.139	1065.039	97	84	88	85	52	419.863	476.982	-74.597	22.368	-0.831	1	0	38
290	85.033	Running	0	0	1	0	0	0	562	562	-5682.300	-10082.000	1441.300	251.200	-1530.029	990.039	129.999	-161.200	0.000	0.000	22.368	0.831	5.900	0	272.600	0.000	0.000	0.000	-5189.990	-2009.961	4732.369	-1943.139	1065.039	97	84	88	85	52	419.863	476.785	-74.597	22.368	-0.831	0	0	38
291	85.354	Running	0	0	1	0	0	0	562	562	-5682.300	-10082.000	1441.300	251.200	-1530.029	990.039	129.999	-161.200	0.000	0.000	22.368	0.831	5.900	0	272.600	0.000	0.000	0.000	-5189.990	-2009.961	4732.369	-1943.139	1065.039	97	84	88	85	52	419.863	476.591	-74.597	22.368	-0.831	0	0	38
292	85.674	Obstacle hits: +1	0	0	1	0	1	74	559	559	-5682.800	-10082.000	1441.400	257.300	-1580.029	990.039	139.996	-167.300	0.510	50.990	22.368	0.831	6.100	0	273.100	0.500	50.000	0.000	-5189.990	-2009.961	4693.806	-2013.850	1115.039	96	84	87	86	51	451.470	476.505	-68.497	22.966	-0.822	1	0	39
293	85.955	Running	0	0	1	0	0	0	559	559	-5682.800	-10082.000	1441.400	257.300	-1580.029	990.039	139.996	-167.300	0.000	0.000	22.966	0.822	6.100	0	273.100	0.000	0.000	0.000	-5189.990	-2009.961	4693.806	-2013.850	1115.039	96	84	87	86	51	451.470	476.420	-68.497	22.966	-0.822	0	0	39
294	86.228	Running	0	0	1	0	0	0	559	559	-5682.800	-10082.000	1441.400	257.300	-1580.029	990.039	139.996	-167.300	0.000	0.000	22.966	0.822	6.100	0	273.100	0.000	0.000	0.000	-5189.990	-2009.961	4693.806	-2013.850	1115.039	96	84	87	86	51	451.470	476.335	-68.497	22.966	-0.822	0	0	39
295	86.502	Obstacle hits: +1	0	0	1	0	1	75	557	557	-5683.400	-10082.000	1441.400	262.300	-1639.990	990.039	139.996	-172.300	0.600	59.961	22.966	0.822	6.800	0	273.700	0.600	59.961	0.000	-5189.990	-2009.961	4647.849	-2069.216	1115.039	95	84	86	86	51	447.057	476.236	-66.736	30.000	-0.684	1	0	40
296	86.779	Running	0	0	1	0	0	0	557	557	-5683.400	-10082.000	1441.400	262.300	-1639.990	990.039	139.996	-172.300	0.000	0.000	30.000	0.684	6.800	0	273.700	0.000	0.000	0.000	-5189.990	-2009.961	4647.849	-2069.216	1115.039	95	84	86	86	51	447.057	476.138	-66.736	30.000	-0.684	0	0	40
297	87.052	Running	0	0	1	0	0	0	557	557	-5683.400	-10082.000	1441.400	262.300	-1639.990	990.039	139.996	-172.300	0.000	0.000	30.000	0.684	6.800	0	273.700	0.000	0.000	0.000	-5189.990	-2009.961	4647.849	-2069.216	1115.039	95	84	86	86	51	447.057	476.040	-66.736	30.000	-0.684	0	0	40
298	87.326	Obstacle hits: +1	0	0	1	0	1	75	553	553	-5684.100	-10082.000	1441.400	267.300	-1710.010	990.039	139.996	-177.300	0.700	70.020	30.000	0.684	7.300	0	274.400	0.700	70.020	0.000	-5189.990	-2009.961	4594.591	-2151.755	1115.039	93	84	84	86	51	459.090	475.984	-52.675	30.000	-0.529	1	0	41
299	87.632	Running	0	0	1	0	0	0	553	553	-5684.100	-10082.000	1441.400	267.300	-1710.010	990.039	139.996	-177.300	0.000	0.000	30.000	0.529	7.300	0	274.400	0.000	0.000	0.000	-5189.990	-2009.961	4594.591	-2151.755	1115.039	93	84	84	86	51	459.090	475.927	-52.675	30.000	-0.529	0	0	41
300	87.910	Running	0	0	1	0	0	0	553	553	-5684.100	-10082.000	1441.400	267.300	-1710.010	990.039	139.996	-177.300	0.000	0.000	30.000	0.529	7.300	0	274.400	0.000	0.000	0.000	-5189.990	-2009.961	4594.591	-2151.755	1115.039	93	84	84	86	51	459.090	475.871	-52.675	30.000	-0.529	0	0	41
301	88.188	Running	0	0	1	0	0	0	553	553	-5684.100	-10082.000	1441.400	267.300	-1710.010	990.039	139.996	-177.300	0.000	0.000	30.000	0.529	7.300	0	274.400	0.000	0.000	0.000	-5189.990	-2009.961	4594.591	-2151.755	1115.039	93	84	84	86	51	459.090	475.816	-52.675	30.000	-0.529	0	0	41
302	88.469	Obstacle hits: +1	0	0	1	0	1	81	580	580	-5684.900	-10081.900	1441.400	271.900	-1789.990	1000.000	139.996	178.100	0.806	80.598	30.000	0.529	8.600	0	275.200	0.800	80.598	0.000	-5189.990	-2009.961	4540.910	-1974.400	1165.039	92	84	88	87	51	247.477	475.062	-135.476	18.000	-1.000	1	0	42
303	88.762	Running	0	0	1	0	0	0	580	580	-5684.900	-10081.900	1441.400	271.900	-1789.990	1000.000	139.996	178.100	0.000	0.000	18.000	1.000	8.600	0	275.200	0.000	0.000	0.000	-5189.990	-2009.961	4540.910	-1974.400	1165.039	92	84	88	87	51	247.477	474.314	-135.476	18.000	-1.000	0	0	42
304	89.036	Running	0	0	1	0	0	0	580	580	-5684.900	-10081.900	1441.400	271.900	-1789.990	1000.000	139.996	178.100	0.000	0.000	18.000	1.000	8.600	0	275.200	0.000	0.000	0.000	-5189.990	-2009.961	4540.910	-1974.400	1165.039	92	84	88	87	51	247.477	473.570	-135.476	18.000	-1.000	0	0	42
305	89.323	Running	0	0	1	0	0	0	580	580	-5684.900	-10081.900	1441.400	271.900	-1789.990	1000.000	139.996	178.100	0.000	0.000	18.000	1.000	8.600	0	275.200	0.000	0.000	0.000	-5189.990	-2009.961	4540.910	-1974.400	1165.039	92	84	88	87	51	247.477	472.831	-135.476	18.000	-1.000	0	0	42
306	89.618	Obstacle hits: +1	0	0	1	0	1	75	549	549	-5685.600	-10081.800	1441.500	274.500	-1860.010	1010.058	149.994	175.500	0.714	71.441	18.000	1.000	9.800	0	275.900	0.700	70.738	0.000	-5189.990	-2009.961	4495.474	-2295.815	1165.039	90	84	81	87	51	462.542	472.797	-40.500	30.000	-0.431	1	0	43
307	89.924	Running	0	0	1	0	0	0	549	549	-5685.600	-10081.800	1441.500	274.500	-1860.010	1010.058	149.994	175.500	0.000	0.000	30.000	0.431	9.800	0	275.900	0.000	0.000	0.000	-5189.990	-2009.961	4495.474	-2295.815	1165.039	90	84	81	87	51	462.542	472.764	-40.500	30.000	-0.431	0	0	43
308	90.201	Running	0	0	1	0	0	0	549	549	-5685.600	-10081.800	1441.500	274.500	-1860.010	1010.058	149.994	175.500	0.000	0.000	30.000	0.431	9.800	0	275.900	0.000	0.000	0.000	-5189.990	-2009.961	4495.474	-2295.815	1165.039	90	84	81	87	51	462.542	472.731	-40.500	30.000	-0.431	0	0	43
309	90.475	Obstacle hits: +1	0	0	1	0	1	82	578	578	-5686.400	-10081.601	1441.500	278.800	-1939.990	1029.980	149.994	171.200	0.824	82.424	30.000	0.431	9.800	0	276.800	0.900	82.424	0.000	-5189.990	-2009.961	4450.140	-2110.253	1215.039	89	84	85	88	52	251.468	472.017	-123.985	18.000	-1.000	1	0	44
310	90.798	Obstacle hits: +1	0	0	1	0	0	0	578	578	-5686.400	-10081.601	1441.500	278.800	-1939.990	1029.980	149.994	171.200	0.000	0.000	18.000	1.000	9.800	0	276.800	0.000	0.000	0.000	-5189.990	-2009.961	4450.140	-2110.253	1215.039	89	84	85	88	52	251.468	471.308	-123.985	18.000	-1.000	1	0	45
311	91.074	Running	0	0	1	0	0	0	578	578	-5686.400	-10081.601	1441.500	278.800	-1939.990	1029.980	149.994	171.200	0.000	0.000	18.000	1.000	9.800	0	276.800	0.000	0.000	0.000	-5189.990	-2009.961	4450.140	-2110.253	1215.039	89	84	85	88	52	251.468	470.604	-123.985	18.000	-1.000	0	0	45
312	91.396	Running	0	0	1	0	0	0	578	578	-5686.400	-10081.601	1441.500	278.800	-1939.990	1029.980	149.994	171.200	0.000	0.000	18.000	1.000	9.800	0	276.800	0.000	0.000	0.000	-5189.990	-2009.961	4450.140	-2110.253	1215.039	89	84	85	88	52	251.468	469.903	-123.985	18.000	-1.000	0	0	45
313	91.681	Obstacle hits: +1	0	0	1	0	1	83	578	578	-5687.400	-10081.300	1441.500	282.700	-2039.990	1060.058	149.994	167.300	1.044	104.426	18.000	1.000	10.800	0	277.800	1.000	104.426	0.000	-5189.990	-2009.961	4398.582	-2195.172	1265.039	87	85	83	89	52	257.096	469.226	-116.188	18.000	-1.000	1	0	46
314	92.008	Running	0	0	1	0	0	0	578	578	-5687.400	-10081.300	1441.500	282.700	-2039.990	1060.058	149.994	167.300	0.000	0.000	18.000	1.000	10.800	0	277.800	0.000	0.000	0.000	-5189.990	-2009.961	4398.582	-2195.172	1265.039	87	85	83	89	52	257.096	468.552	-116.188	18.000	-1.000	0	0	46
315	92.283	Running	0	0	1	0	0	0	578	578	-5687.400	-10081.300	1441.500	282.700	-2039.990	1060.058	149.994	167.300	0.000	0.000	18.000	1.000	10.800	0	277.800	0.000	0.000	0.000	-5189.990	-2009.961	4398.582	-2195.172	1265.039	87	85	83	89	52	257.096	467.883	-116.188	18.000	-1.000	0	0	46
316	92.556	Obstacle hits: +1	0	0	1	0	1	84	578	578	-5688.300	-10081.000	1441.500	285.900	-2130.029	1090.039	149.994	164.100	0.949	94.899	18.000	1.000	10.900	0	278.700	0.900	94.899	0.000	-5189.990	-2009.961	4355.842	-2284.854	1315.039	85	86	82	90	51	273.122	467.269	-107.420	18.000	-1.000	1	0	47
317	92.878	Running	0	0	1	0	0	0	578	578	-5688.300	-10081.000	1441.500	285.900	-2130.029	1090.039	149.994	164.100	0.000	0.000	18.000	1.000	10.900	0	278.700	0.000	0.000	0.000	-5189.990	-2009.961	4355.842	-2284.854	1315.039	85	86	82	90	51	273.122	466.658	-107.420	18.000	-1.000	0	0	47
318	93.161	Running	0	0	1	0	0	0	578	578	-5688.300	-10081.000	1441.500	285.900	-2130.029	1090.039	149.994	164.100	0.000	0.000	18.000	1.000	10.900	0	278.700	0.000	0.000	0.000	-5189.990	-2009.961	4355.842	-2284.854	1315.039	85	86	82	90	51	273.122	466.052	-107.420	18.000	-1.000	0	0	47
319	93.441	Obstacle hits: +1	0	0	1	0	1	116	742	742	-5689.200	-10080.601	1441.500	291.200	-2220.020	1129.980	149.994	158.800	0.985	98.456	18.000	1.000	10.800	0	279.700	1.000	98.456	0.000	-5189.990	-2009.961	4322.032	-2194.938	1444.987	83	86	83	93	54	316.003	465.583	-125.426	18.000	-1.000	1	0	48
320	93.767	Running	0	0	1	0	0	0	742	742	-5689.200	-10080.601	1441.500	291.200	-2220.020	1129.980	149.994	158.800	0.000	0.000	18.000	1.000	10.800	0	279.700	0.000	0.000	0.000	-5189.990	-2009.961	4322.032	-2194.938	1444.987	83	86	83	93	54	316.003	465.117	-125.426	18.000	-1.000	0	0	48
321	94.113	Running	0	0	1	0	0	0	742	742	-5689.200	-10080.601	1441.500	291.200	-2220.020	1129.980	149.994	158.800	0.000	0.000	18.000	1.000	10.800	0	279.700	0.000	0.000	0.000	-5189.990	-2009.961	4322.032	-2194.938	1444.987	83	86	83	93	54	316.003	464.654	-125.426	18.000	-1.000	0	0	48
322	94.388	Obstacle hits: +1	0	0	1	0	1	115	723	723	-5690.100	-10080.000	1441.400	301.200	-2310.010	1190.039	139.996	148.800	1.087	108.652	18.000	1.000	10.200	0	280.800	1.100	108.191	0.000	-5189.990	-2009.961	4305.147	-2264.990	1582.161	81	88	82	95	53	394.698	464.437	-108.040	18.000	-1.000	1	0	49
323	94.720	Running	0	0	1	0	0	0	723	723	-5690.100	-10080.000	1441.400	301.200	-2310.010	1190.039	139.996	148.800	0.000	0.000	18.000	1.000	10.200	0	280.800	0.000	0.000	0.000	-5189.990	-2009.961	4305.147	-2264.990	1582.161	81	88	82	95	53	394.698	464.222	-108.040	18.000	-1.000	0	0	49
324	95.002	Running	0	0	1	0	0	0	723	723	-5690.100	-10080.000	1441.400	301.200	-2310.010	1190.039	139.996	148.800	0.000	0.000	18.000	1.000	10.200	0	280.800	0.000	0.000	0.000	-5189.990	-2009.961	4305.147	-2264.990	1582.161	81	88	82	95	53	394.698	464.008	-108.040	18.000	-1.000	0	0	49
325	95.332	Obstacle hits: +1	0	0	1	0	1	113	706	706	-5690.800	-10079.200	1441.400	312.700	-2380.029	1270.020	139.996	137.300	1.063	106.300	18.000	1.000	10.400	0	281.800	1.000	106.300	0.000	-5189.990	-2009.961	4319.045	-2264.990	1729.932	80	89	82	98	51	474.082	464.039	-85.724	18.000	-1.000	1	0	50
326	95.772	Running	0	0	1	0	0	0	706	706	-5690.800	-10079.200	1441.400	312.700	-2380.029	1270.020	139.996	137.300	0.000	0.000	18.000	1.000	10.400	0	281.800	0.000	0.000	0.000	-5189.990	-2009.961	4319.045	-2264.990	1729.932	80	89	82	98	51	474.082	464.069	-85.724	18.000	-1.000	0	0	50
327	96.136	Running	0	0	1	0	0	0	706	706	-5690.800	-10079.200	1441.400	312.700	-2380.029	1270.020	139.996	137.300	0.000	0.000	18.000	1.000	10.400	0	281.800	0.000	0.000	0.000	-5189.990	-2009.961	4319.045	-2264.990	1729.932	80	89	82	98	51	474.082	464.100	-85.724	18.000	-1.000	0	0	50
328	96.416	Obstacle hits: +1	0	0	1	0	1	113	706	706	-5691.400	-10078.300	1441.300	321.500	-2439.990	1360.058	129.999	128.500	1.086	108.638	18.000	1.000	11.000	0	282.900	1.100	108.177	0.000	-5189.990	-2009.961	4349.659	-2264.990	1731.605	79	91	82	98	51	410.697	463.938	-111.059	18.000	-1.000	1	0	51
329	96.758	Running	0	0	1	0	0	0	706	706	-5691.400	-10078.300	1441.300	321.500	-2439.990	1360.058	129.999	128.500	0.000	0.000	18.000	1.000	11.000	0	282.900	0.000	0.000	0.000	-5189.990	-2009.961	4349.659	-2264.990	1731.605	79	91	82	98	51	410.697	463.776	-111.059	18.000	-1.000	0	0	51
330	97.111	Running	0	0	1	0	0	0	706	706	-5691.400	-10078.300	1441.300	321.500	-2439.990	1360.058	129.999	128.500	0.000	0.000	18.000	1.000	11.000	0	282.900	0.000	0.000	0.000	-5189.990	-2009.961	4349.659	-2264.990	1731.605	79	91	82	98	51	410.697	463.616	-111.059	18.000	-1.000	0	0	51
331	97.490	Obstacle hits: +1	0	0	1	0	1	114	713	713	-5691.900	-10077.000	1441.200	332.900	-2489.990	1490.039	120.001	117.100	1.396	139.624	18.000	1.000	9.500	0	284.300	1.400	139.266	0.000	-5189.990	-2009.961	4420.407	-2264.990	1677.868	78	94	82	97	51	293.095	463.102	-135.535	18.000	-1.000	1	0	52
332	97.895	Running	0	0	1	0	0	0	713	713	-5691.900	-10077.000	1441.200	332.900	-2489.990	1490.039	120.001	117.100	0.000	0.000	18.000	1.000	9.500	0	284.300	0.000	0.000	0.000	-5189.990	-2009.961	4420.407	-2264.990	1677.868	78	94	82	97	51	293.095	462.592	-135.535	18.000	-1.000	0	0	52
333	98.208	Running	0	0	1	0	0	0	713	713	-5691.900	-10077.000	1441.200	332.900	-2489.990	1490.039	120.001	117.100	0.000	0.000	18.000	1.000	9.500	0	284.300	0.000	0.000	0.000	-5189.990	-2009.961	4420.407	-2264.990	1677.868	78	94	82	97	51	293.095	462.084	-135.535	18.000	-1.000	0	0	52
334	98.557	Obstacle hits: +1	0	0	1	0	1	118	736	736	-5692.300	-10075.900	1441.300	340.900	-2530.029	1600.000	129.999	109.100	1.174	117.450	18.000	1.000	9.700	0	285.500	1.200	117.024	0.000	-5189.990	-2009.961	4484.106	-2264.990	1591.842	77	96	82	96	51	265.165	461.496	-144.010	18.000	-1.000	1	0	53
335	98.914	Running	0	0	1	0	0	0	736	736	-5692.300	-10075.900	1441.300	340.900	-2530.029	1600.000	129.999	109.100	0.000	0.000	18.000	1.000	9.700	0	285.500	0.000	0.000	0.000	-5189.990	-2009.961	4484.106	-2264.990	1591.842	77	96	82	96	51	265.165	460.912	-144.010	18.000	-1.000	0	0	53
336	99.249	Running	0	0	1	0	0	0	736	736	-5692.300	-10075.900	1441.300	340.900	-2530.029	1600.000	129.999	109.100	0.000	0.000	18.000	1.000	9.700	0	285.500	0.000	0.000	0.000	-5189.990	-2009.961	4484.106	-2264.990	1591.842	77	96	82	96	51	265.165	460.331	-144.010	18.000	-1.000	0	0	53
337	99.524	Obstacle hits: +1	0	0	1	0	1	121	770	770	-5692.800	-10074.900	1441.200	348.200	-2580.029	1700.000	120.001	101.800	1.122	112.250	18.000	1.000	9.600	0	286.600	1.100	111.803	0.000	-5189.990	-2009.961	4536.045	-2264.990	1490.242	76	98	82	94	51	378.481	460.089	-143.930	18.000	-1.000	1	0	54
338	99.873	Running	0	0	1	0	0	0	770	770	-5692.800	-10074.900	1441.200	348.200	-2580.029	1700.000	120.001	101.800	0.000	0.000	18.000	1.000	9.600	0	286.600	0.000	0.000	0.000	-5189.990	-2009.961	4536.045	-2264.990	1490.242	76	98	82	94	51	378.481	459.848	-143.930	18.000	-1.000	0	0	54
339	100.159	Running	0	0	1	0	0	0	770	770	-5692.800	-10074.900	1441.200	348.200	-2580.029	1700.000	120.001	101.800	0.000	0.000	18.000	1.000	9.600	0	286.600	0.000	0.000	0.000	-5189.990	-2009.961	4536.045	-2264.990	1490.242	76	98	82	94	51	378.481	459.609	-143.930	18.000	-1.000	0	0	54
340	100.444	Obstacle hits: +1	0	0	1	0	1	123	780	780	-5692.900	-10074.000	1440.900	353.900	-2589.990	1790.039	89.996	96.100	0.954	95.428	18.000	1.000	8.900	0	287.700	1.100	90.588	0.000	-5189.990	-2009.961	4604.346	-2264.990	1589.304	76	100	82	95	51	381.994	459.381	-136.336	18.000	-1.000	1	0	55
341	100.799	Running	0	0	1	0	0	0	780	780	-5692.900	-10074.000	1440.900	353.900	-2589.990	1790.039	89.996	96.100	0.000	0.000	18.000	1.000	8.900	0	287.700	0.000	0.000	0.000	-5189.990	-2009.961	4604.346	-2264.990	1589.304	76	100	82	95	51	381.994	459.155	-136.336	18.000	-1.000	0	0	55
342	101.140	Running	0	0	1	0	0	0	780	780	-5692.900	-10074.000	1440.900	353.900	-2589.990	1790.039	89.996	96.100	0.000	0.000	18.000	1.000	8.900	0	287.700	0.000	0.000	0.000	-5189.990	-2009.961	4604.346	-2264.990	1589.304	76	100	82	95	51	381.994	458.930	-136.336	18.000	-1.000	0	0	55
343	101.412	Obstacle hits: +1	0	0	1	0	1	117	726	726	-5692.800	-10073.000	1440.800	6.700	-2580.029	1890.039	79.999	83.300	1.010	100.991	18.000	1.000	7.300	0	288.700	1.000	100.495	0.000	-5189.990	-2009.961	4692.749	-2414.990	2336.000	76	102	79	110	51	475.520	458.978	-29.560	30.000	-0.389	1	0	56
344	101.761	Running	0	0	1	0	0	0	726	726	-5692.800	-10073.000	1440.800	6.700	-2580.029	1890.039	79.999	83.300	0.000	0.000	30.000	0.389	7.300	0	288.700	0.000	0.000	0.000	-5189.990	-2009.961	4692.749	-2414.990	2336.000	76	102	79	110	51	475.520	459.026	-29.560	30.000	-0.389	0	0	56
