timestep,x_cm,y_cm,z_cm,yaw_deg,basis_xx,basis_xy,basis_xz,basis_yx,basis_yy,basis_yz,basis_zx,basis_zy,basis_zz,teleport_flag,throttle_cmd,steering_cmd,cmd_move_cm,cmd_turn_deg,lidar_cm_0,lidar_cm_1,lidar_cm_2,lidar_cm_3,lidar_cm_4,lidar_cm_5,lidar_cm_6,lidar_cm_7,lidar_cm_8,lidar_cm_9,lidar_cm_10,lidar_cm_11,lidar_cm_12,lidar_cm_13,lidar_cm_14,lidar_cm_15,lidar_cm_16,lidar_class_0,lidar_class_1,lidar_class_2,lidar_class_3,lidar_class_4,lidar_class_5,lidar_class_6,lidar_class_7,lidar_class_8,lidar_class_9,lidar_class_10,lidar_class_11,lidar_class_12,lidar_class_13,lidar_class_14,lidar_class_15,lidar_class_16
0,7543.531,-323.175,4.142,85.372,0.078661,-0.990232,-0.115118,0.996746,0.080161,-0.008455,0.017601,-0.114079,0.993316,1,0.08000,-0.12000,4.800,-0.240,-1,500.000,-1,300.000,200.000,425.000,300.000,275.000,450.000,650.000,150.000,325.000,-1,925.000,400.000,-1,225.000,2,0,2,1,1,0,1,0,0,0,0,0,2,0,1,2,1
1,7544.383,-313.612,4.432,84.892,0.086683,-0.989245,-0.117812,0.996036,0.088429,-0.009666,0.019980,-0.116507,0.992989,0,0.16000,-0.24000,9.600,-0.480,-1,500.000,-1,300.000,200.000,425.000,300.000,275.000,450.000,625.000,150.000,300.000,-1,950.000,400.000,-1,225.000,2,0,2,1,1,0,1,0,0,0,0,0,2,0,1,2,1
2,7545.842,-299.285,4.900,84.172,0.098670,-0.987614,-0.121998,0.994840,0.100807,-0.011460,0.023617,-0.120237,0.992464,0,0.24000,-0.36000,14.400,-0.720,-1,500.000,-1,300.000,200.000,425.000,300.000,250.000,475.000,600.000,150.000,300.000,-1,950.000,400.000,-1,225.000,2,0,2,1,1,1,1,0,0,0,0,0,2,0,1,2,1
3,7548.105,-280.217,5.583,83.212,0.114561,-0.985155,-0.127850,0.993005,0.117265,-0.013802,0.028589,-0.125375,0.991697,0,0.32000,-0.48000,19.200,-0.960,-1,500.000,-1,275.000,200.000,425.000,300.000,250.000,475.000,575.000,125.000,275.000,-1,975.000,400.000,-1,200.000,2,0,2,1,1,1,1,0,1,0,0,0,2,1,1,2,1
4,7551.433,-256.447,6.533,82.012,0.134262,-0.981623,-0.135607,0.990327,0.137750,-0.016629,0.035004,-0.132063,0.990623,0,0.40000,-0.60000,24.000,-1.200,-1,525.000,-1,275.000,200.000,425.000,300.000,250.000,475.000,525.000,100.000,275.000,-1,975.000,400.000,-1,200.000,2,0,2,1,1,1,1,0,1,0,0,0,2,1,1,2,1
5,7556.140,-228.031,7.817,80.572,0.157637,-0.976708,-0.145573,0.986561,0.162185,-0.019844,0.042992,-0.140488,0.989149,0,0.48000,-0.72000,28.800,-1.440,-1,525.000,-1,275.000,175.000,400.000,275.000,250.000,475.000,475.000,100.000,250.000,-1,950.000,400.000,-1,200.000,2,0,2,1,1,1,1,0,1,0,0,0,2,1,1,2,1
6,7562.600,-195.053,9.517,78.892,0.184493,-0.970032,-0.158117,0.981420,0.190455,-0.023292,0.052708,-0.150882,0.987146,0,0.56000,-0.84000,33.600,-1.680,-1,550.000,-1,275.000,175.000,400.000,275.000,250.000,500.000,425.000,75.000,250.000,-1,950.000,400.000,-1,175.000,2,0,2,1,1,1,1,0,1,0,0,0,2,1,1,2,1
7,7571.240,-157.632,11.732,76.972,0.214561,-0.961145,-0.173674,0.974590,0.222394,-0.026740,0.064325,-0.163524,0.984440,0,0.64000,-0.96000,38.400,-1.920,-1,575.000,-1,250.000,175.000,375.000,275.000,250.000,550.000,375.000,75.000,225.000,-1,925.000,400.000,-1,175.000,2,0,2,1,1,1,1,0,1,0,0,0,2,1,1,2,1
8,7582.420,-115.896,14.566,74.972,0.244831,-0.950260,-0.192517,0.966437,0.255121,-0.030219,0.077831,-0.178657,0.980828,0,0.72000,-1.00000,43.200,-2.000,1000.000,600.000,-1,250.000,150.000,375.000,275.000,225.000,600.000,325.000,50.000,200.000,-1,900.000,400.000,-1,175.000,1,1,2,1,1,1,1,0,1,0,0,0,2,1,1,2,1
9,3607.616,-6887.283,-67.061,163.956,-0.956512,-0.276356,-0.093342,0.274070,-0.961008,0.036744,-0.099857,0.009564,0.994956,1,0.00000,0.00000,48.000,-2.000,-1,375.000,-1,400.000,-1,325.000,325.000,300.000,325.000,525.000,-1,-1,-1,700.000,750.000,-1,-1,2,0,2,0,2,0,0,0,0,1,2,2,2,0,0,2,2
10,3602.997,-6885.976,-67.545,164.196,-0.957668,-0.272327,-0.093327,0.270017,-0.962152,0.036789,-0.099813,0.010032,0.994956,0,0.08000,0.12000,4.800,0.240,-1,375.000,-1,400.000,-1,325.000,325.000,300.000,325.000,550.000,-1,-1,-1,700.000,750.000,-1,-1,2,0,2,0,2,0,0,0,0,1,2,2,2,0,0,2,2
11,3593.738,-6883.439,-68.513,164.676,-0.959930,-0.264255,-0.093297,0.261899,-0.964391,0.036877,-0.099720,0.010965,0.994955,0,0.16000,0.24000,9.600,0.480,-1,375.000,-1,400.000,-1,325.000,325.000,300.000,325.000,550.000,-1,-1,-1,700.000,750.000,-1,-1,2,0,2,0,2,0,0,0,0,1,2,2,2,0,0,2,2
12,3579.804,-6879.808,-69.963,165.396,-0.963194,-0.252111,-0.093257,0.249687,-0.967619,0.037003,-0.099566,0.012356,0.994954,0,0.24000,0.36000,14.400,0.720,-1,375.000,-1,400.000,-1,325.000,325.000,300.000,325.000,550.000,-1,-1,-1,700.000,725.000,-1,-1,2,0,2,0,2,0,0,0,0,1,2,2,2,0,0,2,2
13,3561.145,-6875.279,-71.890,166.356,-0.967307,-0.235858,-0.093212,0.233344,-0.971684,0.037162,-0.099337,0.014196,0.994953,0,0.32000,0.48000,19.200,0.960,-1,375.000,-1,400.000,-1,325.000,325.000,300.000,325.000,575.000,-1,-1,-1,700.000,725.000,-1,-1,2,0,2,0,2,0,0,0,0,1,2,2,2,0,0,2,2
14,3537.709,-6870.108,-74.291,167.556,-0.972061,-0.215450,-0.093166,0.212827,-0.976376,0.037344,-0.099011,0.016473,0.994950,0,0.40000,0.60000,24.000,1.200,-1,375.000,-1,400.000,-1,325.000,325.000,300.000,300.000,600.000,-1,-1,-1,700.000,725.000,-1,-1,2,0,2,0,2,0,0,0,0,1,2,2,2,0,0,2,2
15,3509.439,-6864.611,-77.157,168.996,-0.977195,-0.190836,-0.093126,0.188086,-0.981435,0.037541,-0.098561,0.019169,0.994946,0,0.48000,0.72000,28.800,1.440,-1,375.000,-1,400.000,-1,325.000,325.000,300.000,300.000,625.000,-1,-1,-1,700.000,725.000,-1,-1,2,0,2,0,2,0,0,0,0,1,2,2,2,0,0,2,2
16,3476.283,-6859.168,-80.479,170.676,-0.982394,-0.161970,-0.093097,0.159078,-0.986544,0.037740,-0.097957,0.022265,0.994942,0,0.56000,0.84000,33.600,1.680,-1,375.000,-1,375.000,-1,300.000,325.000,300.000,300.000,650.000,-1,-1,-1,700.000,725.000,-1,-1,2,0,2,0,2,0,0,0,0,1,2,2,2,0,0,2,2
17,3438.208,-6854.180,-84.242,172.536,-0.987153,-0.129866,-0.093085,0.126822,-0.991200,0.037925,-0.097191,0.025633,0.994936,0,0.64000,0.92966,38.400,1.859,-1,375.000,-1,375.000,-1,300.000,325.000,300.000,300.000,675.000,-1,-1,-1,700.000,700.000,-1,-1,2,0,2,0,2,0,0,0,0,1,2,2,2,0,0,2,2
18,3395.215,-6849.959,-88.434,174.392,-0.990855,-0.097680,-0.093088,0.094491,-0.994797,0.038085,-0.096324,0.028941,0.994929,0,0.72000,0.92817,43.200,1.856,-1,375.000,-1,375.000,-1,300.000,300.000,300.000,300.000,725.000,-1,-1,-1,700.000,700.000,-1,-1,2,0,2,0,2,0,0,0,0,1,2,2,2,0,0,2,2
19,3347.318,-6846.817,-93.043,176.245,-0.993503,-0.065455,-0.093105,0.062127,-0.997337,0.038210,-0.095358,0.032177,0.994923,0,0.80000,0.92652,48.000,1.853,-1,375.000,-1,375.000,-1,300.000,300.000,300.000,300.000,750.000,-1,-1,-1,700.000,675.000,-1,-1,2,0,2,0,2,0,0,0,0,1,2,2,2,0,0,2,2
20,3304.148,-6845.203,-97.148,177.858,-0.994953,-0.037351,-0.093128,0.033908,-0.998692,0.038280,-0.094436,0.034929,0.994918,0,0.72000,0.80652,43.200,1.613,-1,375.000,-1,375.000,-1,300.000,300.000,300.000,300.000,800.000,-1,-1,-1,675.000,675.000,-1,-1,2,0,2,0,2,0,0,0,0,1,2,2,2,0,0,2,2
21,3261.106,-6844.626,-101.021,179.231,-0.995615,-0.013409,-0.092585,0.009885,-0.999213,0.038412,-0.093027,0.037328,0.994964,0,0.71745,0.68652,43.047,1.373,-1,375.000,-1,375.000,-1,300.000,300.000,325.000,300.000,825.000,-1,-1,-1,675.000,675.000,-1,-1,2,0,2,0,2,0,0,0,0,1,2,2,2,0,0,2,2
22,3218.075,-6844.901,-104.530,180.364,-0.995826,0.006352,-0.091048,-0.009855,-0.999226,0.038074,-0.090735,0.038813,0.995118,0,0.71719,0.56652,43.032,1.133,-1,375.000,-1,375.000,-1,300.000,300.000,325.000,325.000,850.000,-1,-1,-1,700.000,675.000,-1,-1,2,0,2,0,2,0,0,0,0,1,2,2,2,0,0,2,2
23,3175.091,-6845.845,-108.013,181.257,-0.995745,0.021924,-0.089506,-0.025394,-0.998962,0.037809,-0.088584,0.039921,0.995268,0,0.71658,0.44652,42.995,0.893,-1,375.000,-1,375.000,-1,300.000,300.000,325.000,325.000,850.000,-1,-1,-1,700.000,675.000,-1,-1,2,0,2,0,2,0,0,0,0,1,2,2,2,0,0,2,2
24,3132.176,-6847.277,-111.474,181.910,-0.995567,0.033307,-0.087963,-0.036732,-0.998618,0.037600,-0.086589,0.040665,0.995414,0,0.71565,0.32652,42.939,0.653,-1,375.000,-1,375.000,-1,300.000,300.000,325.000,325.000,875.000,-1,-1,-1,675.000,675.000,-1,-1,2,0,2,0,2,0,0,0,0,1,2,2,2,0,0,2,2
25,3089.346,-6849.015,-114.917,182.323,-0.995435,0.040505,-0.086420,-0.043873,-0.998335,0.037436,-0.084759,0.041057,0.995555,0,0.71443,0.20652,42.866,0.413,-1,375.000,-1,375.000,-1,300.000,300.000,325.000,325.000,875.000,-1,-1,-1,675.000,650.000,-1,-1,2,0,2,0,2,0,0,0,0,1,2,2,2,0,0,2,2
26,3046.610,-6850.878,-118.349,182.496,-0.995440,0.043520,-0.084878,-0.046821,-0.998207,0.037303,-0.083103,0.041107,0.995693,0,0.71296,0.08652,42.777,0.173,-1,375.000,-1,375.000,-1,300.000,300.000,325.000,325.000,875.000,-1,-1,-1,675.000,650.000,-1,-1,2,0,2,0,2,0,0,0,0,1,2,2,2,0,0,2,2
27,3003.972,-6852.687,-121.775,182.429,-0.995621,0.042354,-0.083339,-0.045579,-0.998268,0.037186,-0.081619,0.040822,0.995827,0,0.71128,-0.03348,42.677,-0.067,-1,375.000,-1,375.000,-1,300.000,300.000,325.000,325.000,875.000,775.000,925.000,-1,675.000,650.000,-1,-1,2,0,2,0,2,0,0,0,0,1,0,0,2,0,0,2,2
28,2961.434,-6854.264,-125.201,182.122,-0.995961,0.037006,-0.081801,-0.040145,-0.998506,0.037073,-0.080307,0.040207,0.995959,0,0.70946,-0.15348,42.567,-0.307,-1,375.000,-1,375.000,-1,300.000,300.000,325.000,325.000,850.000,675.000,775.000,-1,675.000,650.000,-1,-1,2,0,2,0,2,0,0,0,0,1,0,0,2,0,0,2,2
29,2923.691,-6855.618,-128.244,182.056,-0.996115,0.035839,-0.080439,-0.038912,-0.998559,0.036966,-0.078998,0.039952,0.996074,0,0.62946,-0.03348,37.767,-0.067,-1,375.000,-1,375.000,-1,300.000,300.000,325.000,325.000,850.000,625.000,700.000,-1,675.000,650.000,-1,-1,2,0,2,0,2,0,0,0,0,1,0,0,2,0,0,2,2
30,2890.746,-6856.839,-130.898,182.122,-0.996168,0.037002,-0.079251,-0.040023,-0.998518,0.036875,-0.077770,0.039905,0.996172,0,0.54946,0.03334,32.967,0.067,-1,375.000,-1,375.000,-1,300.000,300.000,325.000,325.000,850.000,575.000,650.000,-1,675.000,650.000,-1,-1,2,0,2,0,2,0,0,0,0,1,0,0,2,0,0,2,2
31,2862.600,-6857.913,-133.166,182.184,-0.996207,0.038084,-0.078238,-0.041061,-0.998479,0.036799,-0.076717,0.039872,0.996255,0,0.46946,0.03106,28.167,0.062,-1,375.000,-1,375.000,-1,300.000,300.000,325.000,325.000,850.000,525.000,600.000,-1,675.000,650.000,-1,-1,2,0,2,0,2,0,0,0,0,1,0,0,2,0,0,2,2
32,2839.250,-6858.827,-135.046,182.242,-0.996234,0.039096,-0.077397,-0.042037,-0.998440,0.036738,-0.075840,0.039853,0.996323,0,0.38946,0.02903,23.367,0.058,-1,375.000,-1,375.000,-1,300.000,300.000,325.000,325.000,850.000,500.000,575.000,-1,675.000,650.000,-1,-1,2,0,2,0,2,0,0,0,0,1,0,0,2,0,0,2,2
33,2820.698,-6859.572,-136.539,182.297,-0.996247,0.040048,-0.076729,-0.042960,-0.998403,0.036691,-0.075137,0.039849,0.996377,0,0.30946,0.02731,18.567,0.055,-1,375.000,-1,375.000,-1,300.000,300.000,325.000,325.000,850.000,475.000,550.000,-1,675.000,625.000,-1,-1,2,0,2,0,2,0,0,0,0,1,0,0,2,0,0,2,2
34,2806.942,-6860.136,-137.646,182.349,-0.996249,0.040951,-0.076234,-0.043843,-0.998366,0.036658,-0.074609,0.039862,0.996416,0,0.22946,0.02591,13.767,0.052,-1,375.000,-1,375.000,-1,300.000,300.000,325.000,325.000,850.000,475.000,525.000,-1,675.000,625.000,-1,-1,2,0,2,0,2,0,0,0,0,1,0,0,2,0,0,2,2
35,2797.983,-6860.511,-138.367,182.399,-0.996237,0.041817,-0.075912,-0.044696,-0.998329,0.036638,-0.074253,0.039893,0.996441,0,0.14946,0.02485,8.967,0.050,-1,375.000,-1,375.000,-1,300.000,300.000,325.000,325.000,850.000,475.000,525.000,-1,675.000,625.000,-1,-1,2,0,2,0,2,0,0,0,0,1,0,0,2,0,0,2,2
36,2793.820,-6860.689,-138.702,182.447,-0.996213,0.042658,-0.075763,-0.045533,-0.998291,0.036631,-0.074071,0.039942,0.996453,0,0.06946,0.02416,4.167,0.048,-1,375.000,-1,375.000,-1,300.000,300.000,325.000,325.000,850.000,450.000,525.000,-1,675.000,625.000,-1,-1,2,0,2,0,2,0,0,0,0,1,0,0,2,0,0,2,2
37,2794.452,-6860.662,-138.652,182.495,-0.996175,0.043489,-0.075786,-0.046367,-0.998252,0.036638,-0.074060,0.040012,0.996451,0,-0.01054,0.02383,-0.633,0.048,-1,375.000,-1,375.000,-1,300.000,300.000,325.000,325.000,850.000,450.000,525.000,-1,675.000,625.000,-1,-1,2,0,2,0,2,0,0,0,0,1,0,0,2,0,0,2,2
38,2799.879,-6860.421,-138.216,182.542,-0.996124,0.044321,-0.075982,-0.047210,-0.998212,0.036659,-0.074221,0.040104,0.996435,0,-0.09054,0.02388,-5.433,0.048,-1,375.000,-1,375.000,-1,300.000,300.000,325.000,325.000,850.000,475.000,525.000,-1,675.000,625.000,-1,-1,2,0,2,0,2,0,0,0,0,1,0,0,2,0,0,2,2
39,2810.101,-6859.958,-137.395,182.591,-0.996057,0.045168,-0.076350,-0.048076,-0.998170,0.036692,-0.074553,0.040218,0.996406,0,-0.17054,0.02430,-10.233,0.049,-1,375.000,-1,375.000,-1,300.000,300.000,325.000,325.000,850.000,475.000,550.000,-1,675.000,625.000,-1,-1,2,0,2,0,2,0,0,0,0,1,0,0,2,0,0,2,2
40,2825.118,-6859.265,-136.190,182.641,-0.995976,0.046041,-0.076892,-0.048977,-0.998124,0.036738,-0.075056,0.040356,0.996362,0,-0.25054,0.02509,-15.033,0.050,-1,375.000,-1,375.000,-1,300.000,300.000,325.000,325.000,850.000,475.000,550.000,-1,675.000,625.000,-1,-1,2,0,2,0,2,0,0,0,0,1,0,0,2,0,0,2,2
41,2844.928,-6858.333,-134.601,182.694,-0.995878,0.046955,-0.077605,-0.049926,-0.998075,0.036797,-0.075728,0.040520,0.996305,0,-0.33054,0.02623,-19.833,0.052,-1,375.000,-1,375.000,-1,300.000,300.000,325.000,325.000,875.000,500.000,575.000,-1,675.000,650.000,-1,-1,2,0,2,0,2,0,0,0,0,1,0,0,2,0,0,2,2
42,2869.532,-6857.152,-132.628,182.749,-0.995762,0.047919,-0.078492,-0.050934,-0.998021,0.036869,-0.076570,0.040710,0.996233,0,-0.41054,0.02769,-24.633,0.055,-1,375.000,-1,375.000,-1,300.000,300.000,325.000,325.000,875.000,525.000,625.000,-1,675.000,650.000,-1,-1,2,0,2,0,2,0,0,0,0,1,0,0,2,0,0,2,2
43,2898.759,-6855.719,-130.286,182.808,-0.995629,0.048945,-0.079546,-0.052012,-0.997963,0.036953,-0.077575,0.040929,0.996146,0,-0.48770,0.02947,-29.262,0.059,-1,375.000,-1,375.000,-1,300.000,300.000,325.000,325.000,875.000,575.000,675.000,-1,675.000,650.000,-1,-1,2,0,2,0,2,0,0,0,0,1,0,0,2,0,0,2,2
44,2923.186,-6854.393,-128.334,183.107,-0.995288,0.054150,-0.080429,-0.057273,-0.997672,0.037033,-0.078237,0.041465,0.996072,0,-0.40770,0.14947,-24.462,0.299,-1,375.000,-1,375.000,-1,300.000,300.000,325.000,325.000,875.000,600.000,725.000,-1,675.000,650.000,-1,-1,2,0,2,0,2,0,0,0,0,1,0,0,2,0,0,2,2
45,2942.808,-6853.143,-126.774,183.646,-0.994676,0.063530,-0.081143,-0.066710,-0.997082,0.037101,-0.078549,0.042317,0.996012,0,-0.32770,0.26947,-19.662,0.539,-1,375.000,-1,375.000,-1,300.000,300.000,325.000,325.000,900.000,650.000,775.000,-1,675.000,650.000,-1,-1,2,0,2,0,2,0,0,0,0,1,0,0,2,0,0,2,2
46,2957.631,-6852.057,-125.602,184.192,-0.993979,0.073025,-0.081684,-0.076255,-0.996396,0.037150,-0.078677,0.043156,0.995966,0,-0.24770,0.27296,-14.862,0.546,-1,375.000,-1,375.000,-1,300.000,300.000,325.000,325.000,925.000,700.000,825.000,-1,675.000,650.000,-1,-1,2,0,2,0,2,0,0,0,0,1,0,0,2,0,0,2,2
47,2967.658,-6851.226,-124.813,184.739,-0.993204,0.082543,-0.082052,-0.085815,-0.995617,0.037181,-0.078624,0.043970,0.995934,0,-0.16770,0.27386,-10.062,0.548,-1,375.000,-1,375.000,-1,300.000,300.000,325.000,325.000,925.000,725.000,850.000,-1,675.000,650.000,-1,-1,2,0,2,0,2,0,0,0,0,1,0,0,2,0,0,2,2
48,2972.898,-6850.741,-124.403,185.288,-0.992350,0.092074,-0.082249,-0.095379,-0.994746,0.037196,-0.078392,0.044757,0.995917,0,-0.08770,0.27444,-5.262,0.549,-1,375.000,-1,375.000,-1,300.000,300.000,325.000,325.000,950.000,750.000,900.000,-1,675.000,650.000,-1,-1,2,0,2,0,2,0,0,0,0,1,0,0,2,0,0,2,2
49,2973.358,-6850.695,-124.370,185.838,-0.991417,0.101605,-0.082273,-0.104934,-0.993783,0.037197,-0.077982,0.045511,0.995915,0,-0.00770,0.27473,-0.462,0.549,-1,375.000,-1,375.000,-1,300.000,300.000,325.000,325.000,975.000,775.000,900.000,-1,675.000,650.000,-1,-1,2,0,2,0,2,0,0,0,0,1,0,0,2,0,0,2,2
50,2969.048,-6851.178,-124.708,186.387,-0.990407,0.111128,-0.082125,-0.114472,-0.992730,0.037186,-0.077395,0.046231,0.995928,0,0.07230,0.27475,4.338,0.550,-1,375.000,-1,375.000,-1,300.000,300.000,325.000,325.000,975.000,750.000,900.000,-1,675.000,650.000,-1,-1,2,0,2,0,2,0,0,0,0,1,0,0,2,0,0,2,2
51,2959.977,-6852.282,-125.414,186.936,-0.989321,0.120632,-0.081805,-0.123981,-0.991588,0.037166,-0.076634,0.046911,0.995955,0,0.15230,0.27453,9.138,0.549,-1,375.000,-1,375.000,-1,300.000,300.000,325.000,325.000,1000.000,750.000,875.000,-1,700.000,650.000,-1,-1,2,0,2,0,2,0,0,0,0,1,0,0,2,0,0,2,2
52,2946.158,-6854.098,-126.483,187.484,-0.988160,0.130108,-0.081315,-0.133454,-0.990359,0.037138,-0.075700,0.047550,0.995996,0,0.23230,0.27405,13.938,0.548,-1,375.000,-1,375.000,-1,300.000,300.000,325.000,325.000,-1,725.000,850.000,-1,700.000,650.000,-1,-1,2,0,2,0,2,0,0,0,0,2,0,0,2,0,0,2,2
53,2927.605,-6856.716,-127.912,188.031,-0.986925,0.139547,-0.080656,-0.142879,-0.989044,0.037104,-0.074594,0.048143,0.996051,0,0.31230,0.27334,18.738,0.547,-1,375.000,-1,375.000,-1,300.000,300.000,325.000,325.000,-1,700.000,825.000,-1,700.000,650.000,-1,-1,2,0,2,0,2,0,0,0,0,2,0,0,2,0,0,2,2
54,2904.331,-6860.226,-129.696,188.576,-0.985619,0.148941,-0.079827,-0.152249,-0.987647,0.037067,-0.073320,0.048688,0.996119,0,0.39230,0.27238,23.538,0.545,-1,375.000,-1,375.000,-1,325.000,300.000,325.000,325.000,-1,650.000,775.000,-1,700.000,650.000,-1,-1,2,0,2,0,2,0,0,0,0,2,0,0,2,0,0,2,2
55,2876.351,-6864.717,-131.831,189.118,-0.984243,0.158278,-0.078831,-0.161554,-0.986169,0.037030,-0.071880,0.049182,0.996200,0,0.47230,0.27116,28.338,0.542,-1,375.000,-1,375.000,-1,325.000,300.000,325.000,325.000,-1,600.000,725.000,-1,700.000,625.000,-1,-1,2,0,2,0,2,0,0,0,0,2,0,0,2,0,0,2,2
56,2843.708,-6870.415,-134.309,189.900,-0.982078,0.171722,-0.077675,-0.174964,-0.983879,0.037010,-0.070067,0.049937,0.996292,0,0.55230,0.39116,33.138,0.782,-1,375.000,-1,375.000,-1,325.000,300.000,325.000,325.000,-1,550.000,675.000,-1,700.000,625.000,-1,-1,2,0,2,0,2,0,0,0,0,2,0,0,2,0,0,2,2
57,2806.458,-6877.605,-137.115,190.923,-0.978957,0.189239,-0.076363,-0.192446,-0.980609,0.037020,-0.067877,0.050937,0.996393,0,0.63230,0.51116,37.938,1.022,-1,375.000,-1,375.000,-1,300.000,300.000,325.000,300.000,-1,525.000,625.000,-1,700.000,625.000,-1,-1,2,0,2,0,2,0,0,0,0,2,0,0,2,0,0,2,2
58,2764.684,-6886.626,-140.233,192.185,-0.974659,0.210783,-0.074903,-0.213953,-0.976140,0.037078,-0.065301,0.052164,0.996501,0,0.71230,0.63116,42.738,1.262,-1,375.000,-1,350.000,-1,300.000,300.000,325.000,300.000,-1,475.000,575.000,-1,700.000,625.000,-1,-1,2,0,2,0,2,0,0,0,0,2,0,0,2,0,0,2,2
59,2718.497,-6897.876,-143.641,193.687,-0.968915,0.236284,-0.073304,-0.239413,-0.970205,0.037200,-0.062330,0.053593,0.996616,0,0.79230,0.75116,47.538,1.502,-1,375.000,-1,350.000,-1,300.000,300.000,325.000,300.000,-1,450.000,550.000,-1,700.000,625.000,-1,-1,2,0,2,0,2,0,0,0,0,2,0,0,2,0,0,2,2
60,2668.046,-6911.801,-146.979,195.430,-0.961386,0.265668,-0.071819,-0.268685,-0.962553,0.036067,-0.059548,0.053971,0.996765,0,0.87230,0.87116,52.338,1.742,-1,375.000,-1,350.000,-1,300.000,300.000,325.000,300.000,-1,450.000,550.000,-1,700.000,625.000,-1,-1,2,0,2,0,2,0,0,0,0,2,0,0,2,0,0,2,2
61,2615.790,-6928.128,-149.700,197.351,-0.952169,0.297829,-0.068345,-0.300517,-0.953208,0.032923,-0.055342,0.051887,0.997118,0,0.91247,0.96084,54.748,1.922,-1,375.000,-1,350.000,-1,300.000,300.000,300.000,325.000,-1,425.000,550.000,-1,700.000,625.000,-1,-1,2,0,2,0,2,0,0,0,0,2,0,0,2,0,0,2,2
62,2564.055,-6946.212,-152.345,199.267,-0.941910,0.329563,-0.064750,-0.331946,-0.942821,0.030024,-0.051153,0.049773,0.997450,0,0.91343,0.95785,54.806,1.916,-1,375.000,-1,350.000,-1,300.000,300.000,300.000,325.000,-1,425.000,550.000,-1,700.000,650.000,-1,-1,2,0,2,0,2,0,0,0,0,2,0,0,2,0,0,2,2
63,2512.897,-6966.031,-154.686,201.177,-0.930567,0.360822,-0.062074,-0.362999,-0.931370,0.027971,-0.047721,0.048562,0.997680,0,0.91439,0.95488,54.863,1.910,-1,375.000,-1,350.000,-1,300.000,300.000,300.000,325.000,-1,450.000,600.000,-1,725.000,650.000,-1,-1,2,0,2,0,2,0,0,0,0,2,0,0,2,0,0,2,2
64,2462.373,-6987.562,-156.723,203.081,-0.918245,0.391569,-0.059165,-0.393597,-0.918879,0.027271,-0.043687,0.048329,0.997876,0,0.91536,0.95192,54.921,1.904,-1,375.000,-1,375.000,-1,300.000,300.000,300.000,325.000,-1,450.000,625.000,-1,750.000,650.000,-1,-1,2,0,2,0,2,0,0,0,0,2,0,0,2,0,0,2,2
65,2412.537,-7010.779,-158.743,204.979,-0.904921,0.421774,-0.056791,-0.423713,-0.905379,0.027491,-0.039822,0.048940,0.998008,0,0.91632,0.94897,54.979,1.898,-1,375.000,-1,375.000,-1,325.000,300.000,300.000,325.000,-1,475.000,650.000,-1,750.000,650.000,-1,-1,2,0,2,0,2,0,0,0,0,2,0,0,2,1,0,2,2
66,2363.443,-7035.655,-160.709,206.871,-0.890639,0.451424,-0.054578,-0.453279,-0.890934,0.027824,-0.036065,0.049521,0.998122,0,0.91729,0.94603,55.037,1.892,-1,400.000,-1,375.000,-1,325.000,300.000,300.000,300.000,-1,500.000,650.000,-1,750.000,675.000,1000.000,-1,2,0,2,0,2,0,0,0,0,2,0,0,2,1,0,1,2
67,2315.144,-7062.161,-162.621,208.757,-0.875425,0.480491,-0.052533,-0.482266,-0.875569,0.028257,-0.032419,0.050071,0.998219,0,0.91825,0.94311,55.095,1.886,-1,400.000,-1,375.000,-1,325.000,300.000,300.000,300.000,-1,525.000,675.000,-1,725.000,675.000,975.000,-1,2,0,2,0,2,0,0,0,0,2,0,0,2,1,0,1,2
68,2267.692,-7090.267,-164.478,210.637,-0.859304,0.508950,-0.050661,-0.510648,-0.859308,0.028773,-0.028889,0.050595,0.998301,0,0.91921,0.94021,55.152,1.880,-1,400.000,-1,375.000,-1,325.000,325.000,300.000,300.000,-1,550.000,700.000,-1,700.000,675.000,950.000,-1,2,0,2,0,2,0,0,0,0,2,0,0,2,1,0,1,2
69,2217.065,-7122.380,-166.424,212.387,-0.843483,0.534936,-0.048786,-0.536553,-0.843355,0.029375,-0.025431,0.050953,0.998377,0,0.99921,0.87470,59.952,1.749,-1,400.000,950.000,375.000,-1,325.000,325.000,300.000,300.000,-1,550.000,725.000,-1,700.000,700.000,925.000,-1,2,0,1,0,2,0,0,0,0,2,0,0,2,1,0,1,2
70,2167.403,-7156.049,-168.383,214.135,-0.826867,0.560419,-0.047135,-0.561952,-0.826641,0.029581,-0.022386,0.050947,0.998450,0,1.00000,0.87422,60.000,1.748,-1,400.000,875.000,375.000,-1,325.000,325.000,300.000,300.000,-1,575.000,750.000,-1,650.000,700.000,900.000,-1,2,0,1,0,2,0,0,0,0,2,0,0,2,1,0,1,2
71,2118.789,-7191.214,-169.731,215.882,-0.809426,0.585432,-0.045810,-0.586823,-0.809285,0.026386,-0.021626,0.048240,0.998602,0,1.00000,0.87329,60.000,1.747,-1,400.000,800.000,375.000,-1,325.000,325.000,300.000,300.000,-1,700.000,900.000,-1,625.000,700.000,850.000,-1,2,0,1,0,2,0,0,0,0,2,0,0,2,1,0,1,2
72,2071.268,-7227.843,-171.049,217.626,-0.791259,0.609864,-0.044435,-0.611121,-0.791195,0.023261,-0.020971,0.045561,0.998741,0,1.00000,0.87188,60.000,1.744,-1,400.000,725.000,375.000,-1,325.000,325.000,300.000,300.000,-1,825.000,-1,-1,600.000,675.000,825.000,-1,2,0,1,0,2,1,1,0,0,2,0,2,2,1,1,1,2
73,2024.880,-7265.897,-172.261,219.365,-0.772412,0.633688,-0.042662,-0.634801,-0.772413,0.020136,-0.020193,0.042636,0.998887,0,1.00000,0.86997,60.000,1.740,-1,400.000,650.000,375.000,-1,325.000,300.000,300.000,300.000,-1,975.000,-1,-1,550.000,575.000,800.000,900.000,2,1,1,0,2,1,1,0,0,2,0,2,2,1,1,1,1
74,1979.666,-7305.339,-173.462,221.100,-0.752924,0.656860,-0.040505,-0.657833,-0.752960,0.017494,-0.019007,0.039817,0.999026,0,1.00000,0.86751,60.000,1.735,-1,375.000,600.000,350.000,-1,300.000,300.000,300.000,300.000,-1,-1,-1,-1,525.000,500.000,750.000,750.000,2,1,1,1,2,1,1,0,0,2,2,2,2,1,1,1,1
75,1935.663,-7346.127,-174.709,222.829,-0.732814,0.679344,-0.038401,-0.680197,-0.732870,0.015294,-0.017753,0.037328,0.999145,0,1.00000,0.86448,60.000,1.729,-1,350.000,525.000,325.000,-1,275.000,275.000,300.000,300.000,-1,-1,-1,-1,475.000,450.000,725.000,600.000,2,1,1,1,2,1,1,0,0,2,2,2,2,1,1,1,1
76,1892.905,-7388.219,-175.946,224.551,-0.712120,0.701116,-0.036358,-0.701862,-0.712190,0.013265,-0.016594,0.034964,0.999251,0,1.00000,0.86082,60.000,1.722,-1,325.000,475.000,275.000,900.000,275.000,250.000,300.000,300.000,-1,-1,-1,-1,450.000,375.000,700.000,500.000,2,1,1,1,1,1,1,0,0,2,2,2,2,1,1,1,1
77,1851.424,-7431.571,-176.939,226.264,-0.690849,0.722124,-0.035578,-0.722816,-0.690944,0.011508,-0.016273,0.033667,0.999301,0,1.00000,0.85648,60.000,1.713,-1,300.000,425.000,250.000,600.000,250.000,225.000,300.000,300.000,-1,-1,-1,-1,400.000,325.000,675.000,400.000,2,1,1,1,1,1,1,0,0,2,2,2,2,1,1,1,1
78,1811.250,-7476.136,-177.195,227.967,-0.669158,0.742409,-0.032494,-0.742977,-0.669246,0.009696,-0.014549,0.030630,0.999425,0,1.00000,0.85141,60.000,1.703,-1,275.000,375.000,225.000,425.000,225.000,200.000,300.000,300.000,-1,-1,-1,-1,375.000,275.000,650.000,300.000,2,1,1,1,1,1,1,0,0,2,2,2,2,1,1,1,1
79,1772.407,-7521.865,-173.907,229.658,-0.647323,0.762113,-0.012508,-0.762212,-0.647282,0.007595,-0.002308,0.014450,0.999893,0,1.00000,0.84553,60.000,1.691,-1,275.000,350.000,200.000,325.000,200.000,175.000,275.000,350.000,-1,950.000,-1,-1,350.000,250.000,650.000,250.000,2,1,1,1,1,1,1,0,0,2,0,2,2,1,1,1,1
80,1734.920,-7568.713,-169.409,231.335,-0.624637,0.780802,0.013314,-0.780798,-0.624748,0.006687,0.013539,-0.006219,0.999889,0,1.00000,0.83875,60.000,1.678,-1,250.000,325.000,175.000,275.000,200.000,175.000,275.000,400.000,825.000,425.000,850.000,-1,325.000,225.000,650.000,225.000,2,1,1,1,1,1,1,0,0,0,0,0,2,1,1,1,1
81,983.826,8199.162,30.433,83.637,0.107545,-0.987426,0.115864,0.993789,0.110119,0.016032,-0.028589,0.113420,0.993136,1,0.00000,0.00000,60.000,1.662,-1,450.000,-1,325.000,350.000,350.000,300.000,225.000,225.000,450.000,-1,-1,-1,925.000,525.000,-1,475.000,2,0,2,0,0,1,0,1,0,1,2,2,2,0,0,2,0
82,4258.920,2950.446,-56.413,-165.070,-0.965141,0.257502,0.046857,-0.255410,-0.965724,0.046293,0.057172,0.032712,0.997828,1,0.08000,-0.12000,4.800,-0.240,-1,400.000,-1,375.000,-1,325.000,300.000,325.000,325.000,525.000,350.000,400.000,-1,825.000,700.000,-1,-1,2,0,2,0,2,0,0,0,0,1,1,1,2,0,0,2,2
83,4249.624,2948.051,-55.872,-165.550,-0.967254,0.249401,0.047113,-0.247305,-0.967839,0.046121,0.057101,0.032959,0.997824,0,0.16000,-0.24000,9.600,-0.480,-1,400.000,-1,375.000,-1,325.000,300.000,325.000,325.000,525.000,375.000,400.000,-1,825.000,700.000,-1,-1,2,0,2,0,2,0,0,0,0,1,1,1,2,0,0,2,2
84,4235.635,2944.633,-55.066,-166.270,-0.970295,0.237216,0.047496,-0.235115,-0.970885,0.045860,0.056992,0.033331,0.997818,0,0.24000,-0.36000,14.400,-0.720,-1,400.000,-1,375.000,-1,325.000,300.000,325.000,325.000,550.000,375.000,425.000,-1,825.000,700.000,-1,-1,2,0,2,0,2,0,0,0,0,1,1,1,2,0,0,2,2
85,4216.910,2940.388,-54.003,-167.230,-0.974112,0.220912,0.048003,-0.218805,-0.974707,0.045508,0.056842,0.033827,0.997810,0,0.32000,-0.48000,19.200,-0.960,-1,400.000,-1,375.000,-1,325.000,300.000,325.000,325.000,575.000,400.000,425.000,-1,825.000,725.000,-1,-1,2,0,2,0,2,0,0,0,0,1,1,1,2,0,0,2,2
86,4193.398,2935.574,-52.694,-168.430,-0.978497,0.200447,0.048632,-0.198331,-0.979099,0.045062,0.056648,0.034448,0.997800,0,0.40000,-0.60000,24.000,-1.200,-1,400.000,-1,375.000,-1,325.000,300.000,325.000,325.000,625.000,425.000,450.000,-1,825.000,725.000,-1,-1,2,0,2,0,2,0,0,0,0,1,1,1,2,0,0,2,2
87,4165.058,2930.442,-51.149,-169.736,-0.982777,0.178075,0.049388,-0.175949,-0.983392,0.044527,0.056497,0.035070,0.997787,0,0.48000,-0.65302,28.800,-1.306,-1,400.000,-1,375.000,-1,325.000,300.000,325.000,325.000,650.000,450.000,475.000,-1,825.000,725.000,-1,-1,2,0,2,0,2,0,0,0,0,1,1,1,2,0,0,2,2
88,4131.866,2925.224,-49.379,-171.066,-0.986604,0.155196,0.050273,-0.153059,-0.987241,0.043907,0.056446,0.035624,0.997770,0,0.56000,-0.66507,33.600,-1.330,-1,400.000,-1,375.000,-1,325.000,300.000,325.000,325.000,725.000,475.000,500.000,-1,825.000,725.000,-1,-1,2,0,2,0,2,0,0,0,0,1,1,1,2,0,0,2,2
89,4093.801,2920.162,-47.394,-172.424,-0.989956,0.131747,0.051288,-0.129598,-0.990625,0.043200,0.056499,0.036119,0.997749,0,0.64000,-0.67919,38.400,-1.358,-1,400.000,-1,375.000,-1,325.000,300.000,325.000,325.000,775.000,500.000,525.000,-1,825.000,725.000,-1,-1,2,0,2,0,2,0,0,0,0,1,0,1,2,0,0,2,2
90,4052.367,2915.672,-45.281,-173.815,-0.992806,0.107663,0.052392,-0.105500,-0.993514,0.042429,0.056620,0.036596,0.997725,0,0.69459,-0.69538,41.675,-1.391,-1,400.000,-1,375.000,-1,325.000,300.000,325.000,325.000,850.000,475.000,575.000,-1,825.000,725.000,-1,-1,2,0,2,0,2,0,0,0,0,1,0,1,2,0,0,2,2
91,4010.119,2912.154,-43.172,-175.241,-0.995120,0.082904,0.053515,-0.080727,-0.995866,0.041630,0.056746,0.037107,0.997699,0,0.70656,-0.71299,42.394,-1.426,-1,400.000,-1,375.000,-1,325.000,300.000,325.000,325.000,950.000,450.000,550.000,-1,850.000,725.000,-1,-1,2,0,2,0,2,0,0,0,0,1,0,0,2,0,0,2,2
92,3967.052,2909.673,-41.068,-176.703,-0.996850,0.057469,0.054665,-0.055277,-0.997637,0.040805,0.056881,0.037655,0.997671,0,0.71898,-0.73095,43.139,-1.462,-1,400.000,-1,375.000,-1,325.000,325.000,325.000,325.000,-1,425.000,500.000,-1,850.000,725.000,-1,-1,2,0,2,0,2,0,0,0,0,2,0,0,2,0,0,2,2
93,3923.164,2908.295,-38.759,-178.202,-0.997985,0.031361,0.055166,-0.029203,-0.998793,0.039488,0.056338,0.037798,0.997696,0,0.73181,-0.74924,43.909,-1.498,-1,400.000,-1,375.000,-1,325.000,325.000,325.000,325.000,-1,450.000,475.000,-1,875.000,750.000,-1,-1,2,0,2,0,2,0,0,0,0,2,0,0,2,0,0,2,2
94,3878.462,2908.090,-36.320,-179.737,-0.998483,0.004581,0.054868,-0.002476,-0.999260,0.038377,0.055004,0.038183,0.997756,0,0.74503,-0.76787,44.702,-1.536,-1,400.000,-1,375.000,-1,325.000,325.000,325.000,325.000,-1,500.000,525.000,-1,875.000,750.000,-1,-1,2,0,2,0,2,0,0,0,0,2,0,0,2,0,0,2,2
95,3832.961,2909.292,-33.888,-181.513,-0.998160,-0.026385,0.054588,0.028445,-0.998898,0.037321,0.053543,0.038805,0.997811,0,0.75861,-0.88787,45.516,-1.776,-1,400.000,-1,375.000,-1,325.000,325.000,325.000,325.000,-1,550.000,550.000,-1,875.000,750.000,-1,-1,2,0,2,0,2,0,0,0,0,2,0,0,2,0,0,2,2
96,3786.697,2912.132,-31.469,-183.513,-0.996644,-0.061228,0.054338,0.063251,-0.997336,0.036337,0.051969,0.039652,0.997861,0,0.77253,-1.00000,46.352,-2.000,-1,400.000,-1,375.000,-1,325.000,325.000,325.000,325.000,-1,600.000,625.000,-1,875.000,750.000,-1,-1,2,0,2,0,2,0,0,0,0,2,0,0,2,0,0,2,2
97,3739.708,2916.667,-29.063,-185.513,-0.993908,-0.095994,0.054144,0.097987,-0.994557,0.035433,0.050448,0.040523,0.997904,0,0.78678,-1.00000,47.207,-2.000,-1,400.000,-1,375.000,-1,325.000,325.000,325.000,325.000,-1,625.000,650.000,-1,875.000,750.000,-1,-1,2,0,2,0,2,0,0,0,0,2,0,0,2,0,0,2,2
98,3692.043,2922.953,-26.669,-187.513,-0.989957,-0.130640,0.054017,0.132608,-0.990564,0.034612,0.048985,0.041427,0.997940,0,0.80128,-1.00000,48.077,-2.000,-1,400.000,-1,375.000,-1,325.000,325.000,325.000,325.000,-1,675.000,700.000,-1,875.000,750.000,-1,-1,2,0,2,0,2,0,0,0,0,2,0,0,2,0,0,2,2
99,3643.757,2931.044,-24.288,-189.513,-0.984795,-0.165124,0.053968,0.167075,-0.985362,0.033875,0.047585,0.042377,0.997968,0,0.81599,-1.00000,48.959,-2.000,-1,400.000,-1,375.000,-1,325.000,325.000,325.000,325.000,-1,725.000,750.000,-1,875.000,775.000,-1,-1,2,0,2,0,2,0,0,0,0,2,0,0,2,0,0,2,2
100,3594.910,2940.993,-21.916,-191.513,-0.978428,-0.199403,0.054012,0.201345,-0.978957,0.033223,0.046251,0.043382,0.997987,0,0.83083,-1.00000,49.850,-2.000,-1,400.000,-1,375.000,-1,325.000,325.000,325.000,325.000,-1,750.000,775.000,-1,875.000,775.000,-1,-1,2,0,2,0,2,0,0,0,0,2,0,0,2,0,0,2,2
101,3544.307,2953.154,-19.494,-193.513,-0.970862,-0.233436,0.054165,0.235376,-0.971356,0.032642,0.044994,0.044440,0.997998,0,0.86739,-1.00000,52.043,-2.000,-1,400.000,-1,375.000,-1,325.000,325.000,325.000,325.000,-1,800.000,825.000,-1,875.000,775.000,-1,-1,2,0,2,0,2,0,0,0,0,2,0,0,2,0,0,2,2
102,3493.739,2967.189,-17.101,-195.513,-0.962108,-0.267180,0.054437,0.269127,-0.962568,0.032152,0.043809,0.045584,0.997999,0,0.87465,-1.00000,52.479,-2.000,-1,400.000,-1,375.000,-1,325.000,325.000,325.000,325.000,-1,825.000,850.000,-1,875.000,775.000,-1,-1,2,0,2,0,2,0,0,0,0,2,0,0,2,0,0,2,2
103,3443.258,2983.111,-14.734,-197.506,-0.952211,-0.300479,0.054837,0.302442,-0.952639,0.031749,0.042700,0.046817,0.997990,0,0.88220,-0.99657,52.932,-1.993,-1,400.000,-1,400.000,-1,325.000,325.000,325.000,325.000,-1,850.000,875.000,-1,900.000,775.000,-1,-1,2,0,2,0,2,0,0,0,0,2,0,0,2,0,0,2,2
104,3392.908,3000.919,-12.391,-199.479,-0.941273,-0.333075,0.055380,0.335064,-0.941672,0.031414,0.041687,0.048125,0.997971,0,0.89009,-0.98640,53.405,-1.973,-1,400.000,-1,400.000,-1,325.000,325.000,325.000,325.000,-1,875.000,900.000,-1,950.000,775.000,-1,-1,2,0,2,0,2,0,0,0,0,2,0,0,2,0,0,2,2
105,3342.733,3020.615,-10.200,-201.432,-0.929347,-0.364965,0.055807,0.366958,-0.929732,0.030677,0.040689,0.048988,0.997970,0,0.89836,-0.97672,53.902,-1.953,-1,425.000,-1,400.000,-1,325.000,325.000,325.000,325.000,-1,900.000,900.000,-1,975.000,775.000,-1,-1,2,0,2,0,2,0,0,0,0,2,0,0,2,0,0,2,2
106,3293.082,3042.087,-8.370,-203.385,-0.916423,-0.396442,0.054807,0.398340,-0.916772,0.029215,0.038664,0.048605,0.998069,0,0.90159,-0.97639,54.095,-1.953,-1,425.000,-1,400.000,-1,325.000,325.000,325.000,325.000,-1,975.000,975.000,-1,1000.000,775.000,-1,-1,2,0,2,0,2,0,0,0,0,2,0,0,2,0,0,2,2
107,3248.441,3062.997,-6.747,-205.098,-0.904213,-0.423674,0.053853,0.425490,-0.904530,0.028000,0.036849,0.048232,0.998156,0,0.82159,-0.85639,49.295,-1.713,-1,425.000,-1,400.000,-1,325.000,325.000,325.000,325.000,-1,-1,-1,-1,1000.000,775.000,-1,-1,2,0,2,0,2,0,0,0,0,2,2,2,2,0,0,2,2
108,3208.645,3082.900,-5.434,-206.571,-0.893097,-0.446800,0.052411,0.448509,-0.893378,0.026744,0.034873,0.047391,0.998267,0,0.74159,-0.73639,44.495,-1.473,-1,425.000,-1,400.000,-1,325.000,325.000,325.000,325.000,-1,-1,-1,-1,975.000,775.000,-1,-1,2,0,2,0,2,0,0,0,0,2,2,2,2,0,0,2,2
109,3173.533,3101.417,-4.284,-207.804,-0.883335,-0.465931,0.051261,0.467560,-0.883585,0.025791,0.033277,0.046750,0.998352,0,0.66159,-0.61639,39.695,-1.233,-1,425.000,-1,400.000,-1,325.000,325.000,325.000,325.000,-1,-1,-1,-1,975.000,775.000,-1,-1,2,0,2,0,2,0,0,0,0,2,2,2,2,0,0,2,2
110,3142.467,3118.493,-3.255,-208.796,-0.875177,-0.481183,0.050289,0.482746,-0.875403,0.025031,0.031979,0.046183,0.998421,0,0.59082,-0.49639,35.449,-0.993,-1,400.000,-1,400.000,-1,325.000,325.000,325.000,325.000,-1,-1,-1,-1,975.000,775.000,-1,-1,2,0,2,0,2,0,0,0,0,2,2,2,2,0,0,2,2
111,3111.531,3136.032,-2.229,-209.549,-0.868822,-0.492655,0.049379,0.494159,-0.869029,0.024405,0.030888,0.045605,0.998482,0,0.59270,-0.37639,35.562,-0.753,-1,400.000,-1,400.000,-1,325.000,325.000,325.000,325.000,-1,-1,-1,-1,975.000,775.000,-1,-1,2,0,2,0,2,0,0,0,0,2,2,2,2,0,0,2,2
112,3080.684,3153.886,-1.382,-210.062,-0.864434,-0.500411,0.048394,0.501882,-0.864582,0.024751,0.029455,0.045684,0.998522,0,0.59402,-0.25639,35.641,-0.513,-1,400.000,-1,400.000,-1,325.000,325.000,325.000,325.000,-1,-1,-1,-1,975.000,750.000,-1,-1,2,0,2,0,2,0,0,0,0,2,2,2,2,0,0,2,2
113,3049.922,3171.886,-0.522,-210.335,-0.862093,-0.504521,0.047472,0.505962,-0.862189,0.025156,0.028238,0.045706,0.998556,0,0.59402,-0.13639,35.641,-0.273,-1,400.000,-1,400.000,-1,325.000,325.000,325.000,325.000,-1,-1,-1,-1,975.000,750.000,-1,-1,2,0,2,0,2,0,0,0,0,2,2,2,2,0,0,2,2
114,3019.223,3189.993,0.360,-210.533,-0.860394,-0.507497,0.046580,0.508909,-0.860440,0.025581,0.027097,0.045714,0.998587,0,0.59402,-0.09898,35.641,-0.198,-1,400.000,-1,400.000,-1,325.000,325.000,325.000,325.000,-1,-1,-1,-1,975.000,750.000,-1,-1,2,0,2,0,2,0,0,0,0,2,2,2,2,0,0,2,2
115,2988.586,3208.206,1.268,-210.731,-0.858682,-0.510466,0.045708,0.511850,-0.858681,0.026014,0.025969,0.045733,0.998616,0,0.59402,-0.09898,35.641,-0.198,-1,400.000,-1,400.000,-1,325.000,325.000,325.000,325.000,-1,-1,-1,-1,975.000,750.000,-1,-1,2,0,2,0,2,0,0,0,0,2,2,2,2,0,0,2,2
116,2958.013,3226.525,2.202,-210.928,-0.856959,-0.513429,0.044855,0.514785,-0.856911,0.026456,0.024854,0.045762,0.998643,0,0.59402,-0.09898,35.641,-0.198,-1,400.000,-1,375.000,-1,325.000,325.000,325.000,325.000,-1,-1,-1,-1,950.000,750.000,-1,-1,2,0,2,0,2,0,0,0,0,2,2,2,2,0,0,2,2
117,2927.503,3244.949,3.146,-211.126,-0.855225,-0.516384,0.044013,0.517714,-0.855128,0.026977,0.023707,0.045858,0.998667,0,0.59402,-0.09898,35.641,-0.198,-1,400.000,-1,375.000,-1,325.000,325.000,325.000,325.000,-1,-1,-1,-1,950.000,725.000,-1,-1,2,0,2,0,2,0,0,0,0,2,2,2,2,0,0,2,2
118,2897.057,3263.478,4.112,-211.324,-0.853480,-0.519333,0.043189,0.520637,-0.853334,0.027525,0.022560,0.045978,0.998688,0,0.59402,-0.09898,35.641,-0.198,-1,400.000,-1,375.000,-1,325.000,325.000,325.000,325.000,-1,-1,-1,-1,950.000,725.000,-1,-1,2,0,2,0,2,0,0,0,0,2,2,2,2,0,0,2,2
119,2866.675,3282.112,5.104,-211.522,-0.851723,-0.522275,0.042386,0.523554,-0.851530,0.028080,0.021427,0.046108,0.998707,0,0.59402,-0.09898,35.641,-0.198,-1,425.000,-1,375.000,-1,325.000,325.000,325.000,325.000,-1,-1,-1,-1,950.000,725.000,-1,-1,2,0,2,0,2,0,0,0,0,2,2,2,2,0,0,2,2
120,2836.358,3300.852,6.122,-211.720,-0.849955,-0.525210,0.041604,0.526464,-0.849715,0.028644,0.020307,0.046249,0.998724,0,0.59402,-0.09898,35.641,-0.198,-1,425.000,-1,375.000,-1,325.000,325.000,325.000,300.000,-1,-1,-1,-1,950.000,725.000,-1,-1,2,0,2,0,2,0,0,0,0,2,2,2,2,0,0,2,2
121,2806.105,3319.696,7.037,-211.918,-0.848163,-0.528152,0.040920,0.529372,-0.847910,0.028550,0.019618,0.045877,0.998754,0,0.59402,-0.09898,35.641,-0.198,-1,425.000,-1,375.000,-1,325.000,300.000,325.000,300.000,-1,-1,-1,-1,950.000,725.000,-1,-1,2,0,2,0,2,0,0,0,0,2,2,2,2,0,0,2,2
122,2775.918,3338.645,7.862,-212.116,-0.846350,-0.531099,0.040321,0.532277,-0.846112,0.027867,0.019316,0.045048,0.998798,0,0.59402,-0.09898,35.641,-0.198,-1,425.000,-1,375.000,-1,325.000,300.000,325.000,300.000,-1,-1,-1,-1,975.000,750.000,-1,-1,2,0,2,0,2,0,0,0,0,2,2,2,2,0,0,2,2
123,2745.797,3357.698,8.677,-212.314,-0.844523,-0.534042,0.039756,0.535177,-0.844308,0.026995,0.019150,0.044074,0.998845,0,0.59402,-0.09898,35.641,-0.198,-1,425.000,-1,375.000,-1,325.000,300.000,325.000,300.000,-1,-1,-1,-1,975.000,750.000,-1,-1,2,0,2,0,2,0,0,0,0,2,2,2,2,0,0,2,2
124,2715.742,3376.855,9.452,-212.512,-0.842679,-0.536984,0.039238,0.538073,-0.842503,0.025794,0.019207,0.042849,0.998897,0,0.59402,-0.09898,35.641,-0.198,-1,425.000,-1,375.000,-1,325.000,325.000,325.000,300.000,-1,-1,-1,-1,975.000,750.000,-1,-1,2,0,2,0,2,0,0,0,0,2,2,2,2,0,0,2,2
125,2685.754,3396.116,9.896,-212.710,-0.840885,-0.539952,0.036934,0.540912,-0.840737,0.023999,0.018094,0.040159,0.999029,0,0.59402,-0.09898,35.641,-0.198,-1,425.000,-1,375.000,-1,325.000,325.000,325.000,300.000,-1,-1,-1,-1,975.000,750.000,-1,-1,2,0,2,0,2,0,0,0,0,2,2,2,2,0,0,2,2
126,2655.832,3415.481,10.360,-212.908,-0.839077,-0.542911,0.034599,0.543748,-0.838955,0.022217,0.016965,0.037455,0.999154,0,0.59402,-0.09898,35.641,-0.198,-1,425.000,-1,375.000,-1,325.000,325.000,325.000,325.000,-1,-1,-1,-1,950.000,750.000,-1,-1,2,0,2,0,2,0,0,0,0,2,2,2,2,0,0,2,2
127,2625.933,3434.980,10.856,-213.108,-0.837233,-0.545892,0.032278,0.546616,-0.837133,0.020460,0.015852,0.034774,0.999269,0,0.59493,-0.10011,35.696,-0.200,-1,425.000,-1,375.000,-1,325.000,325.000,300.000,325.000,-1,-1,-1,-1,950.000,750.000,-1,-1,2,0,2,0,2,0,0,0,0,2,2,2,2,0,0,2,2
128,2595.998,3454.655,11.386,-213.314,-0.835324,-0.548941,0.029967,0.549561,-0.835244,0.018727,0.014749,0.032112,0.999375,0,0.59702,-0.10278,35.821,-0.206,-1,425.000,-1,375.000,-1,325.000,325.000,300.000,325.000,-1,-1,-1,-1,925.000,750.000,-1,-1,2,0,2,0,2,0,0,0,0,2,2,2,2,0,0,2,2
129,2566.035,3474.508,11.950,-213.525,-0.833346,-0.552058,0.027666,0.552582,-0.833285,0.017019,0.013658,0.029470,0.999472,0,0.59906,-0.10550,35.944,-0.211,-1,425.000,-1,375.000,-1,325.000,325.000,300.000,325.000,-1,-1,-1,-1,925.000,750.000,-1,-1,2,0,2,0,2,0,0,0,0,2,2,2,2,0,0,2,2
130,2536.047,3494.540,12.439,-213.741,-0.831289,-0.555238,0.025858,0.555691,-0.831245,0.015489,0.012894,0.027245,0.999546,0,0.60105,-0.10826,36.063,-0.217,-1,425.000,-1,400.000,-1,325.000,325.000,325.000,325.000,-1,-1,-1,-1,900.000,750.000,-1,-1,2,0,2,0,2,0,0,0,0,2,2,2,2,0,0,2,2
131,2506.041,3514.752,12.834,-213.963,-0.829150,-0.558482,0.024647,0.558885,-0.829124,0.014166,0.012524,0.025521,0.999596,0,0.60297,-0.11105,36.178,-0.222,-1,425.000,-1,400.000,-1,325.000,325.000,325.000,325.000,-1,-1,-1,-1,900.000,750.000,-1,-1,2,0,2,0,2,0,0,0,0,2,2,2,2,0,0,2,2
132,2476.024,3535.145,13.263,-214.191,-0.826943,-0.561797,0.023449,0.562155,-0.826932,0.012862,0.012165,0.023818,0.999642,0,0.60483,-0.11389,36.290,-0.228,-1,425.000,-1,400.000,-1,325.000,325.000,325.000,325.000,-1,-1,-1,-1,900.000,750.000,-1,-1,2,0,2,0,2,0,0,0,0,2,2,2,2,0,0,2,2
133,2446.001,3555.722,13.729,-214.425,-0.824664,-0.565185,0.022262,0.565500,-0.824667,0.011577,0.011816,0.022136,0.999685,0,0.60663,-0.11677,36.398,-0.234,-1,425.000,-1,400.000,-1,325.000,325.000,325.000,325.000,-1,-1,-1,-1,900.000,750.000,-1,-1,2,0,2,0,2,0,0,0,0,2,2,2,2,0,0,2,2
134,2415.978,3576.484,14.135,-214.664,-0.822316,-0.568641,0.021057,0.568921,-0.822322,0.010765,0.011194,0.020832,0.999720,0,0.60836,-0.11968,36.502,-0.239,-1,425.000,-1,400.000,-1,325.000,325.000,325.000,325.000,-1,-1,-1,-1,875.000,750.000,-1,-1,2,0,2,0,2,0,0,0,0,2,2,2,2,0,0,2,2
