timestep,x_cm,y_cm,z_cm,yaw_deg,basis_xx,basis_xy,basis_xz,basis_yx,basis_yy,basis_yz,basis_zx,basis_zy,basis_zz,teleport_flag,throttle_cmd,steering_cmd,cmd_move_cm,cmd_turn_deg,lidar_cm_0,lidar_cm_1,lidar_cm_2,lidar_cm_3,lidar_cm_4,lidar_cm_5,lidar_cm_6,lidar_cm_7,lidar_cm_8,lidar_cm_9,lidar_cm_10,lidar_cm_11,lidar_cm_12,lidar_cm_13,lidar_cm_14,lidar_cm_15,lidar_cm_16,lidar_class_0,lidar_class_1,lidar_class_2,lidar_class_3,lidar_class_4,lidar_class_5,lidar_class_6,lidar_class_7,lidar_class_8,lidar_class_9,lidar_class_10,lidar_class_11,lidar_class_12,lidar_class_13,lidar_class_14,lidar_class_15,lidar_class_16
0,987.001,-5571.759,139.227,49.348,0.649005,-0.756205,-0.083349,0.760027,0.649342,0.026701,0.033931,-0.080676,0.996163,1,0.08000,0.12000,4.800,0.240,675.000,150.000,200.000,125.000,275.000,125.000,125.000,300.000,450.000,-1,200.000,375.000,-1,200.000,175.000,325.000,200.000,1,1,1,1,1,1,1,0,0,2,0,0,2,1,1,1,1
1,-8855.086,-2295.763,-33.745,-148.576,-0.852888,0.521371,0.027475,-0.521074,-0.853330,0.017617,0.032631,0.000709,0.999467,1,0.00000,0.00000,7.953,0.480,-1,425.000,800.000,400.000,-1,350.000,350.000,300.000,300.000,475.000,475.000,550.000,-1,800.000,600.000,-1,875.000,2,0,1,1,2,0,0,0,0,1,1,1,2,1,1,2,1
2,-8859.192,-2298.249,-33.605,-148.816,-0.855074,0.517792,0.027209,-0.517505,-0.855506,0.017245,0.032206,0.000665,0.999481,0,0.08000,-0.12000,4.800,-0.240,-1,425.000,800.000,400.000,-1,350.000,350.000,300.000,300.000,475.000,475.000,550.000,-1,775.000,600.000,-1,875.000,2,0,1,1,2,0,0,0,0,1,1,1,2,1,1,2,1
3,-8867.438,-2303.165,-33.317,-149.197,-0.858523,0.512080,0.026673,-0.511815,-0.858937,0.016504,0.031362,0.000517,0.999508,0,0.16000,-0.19087,9.600,-0.382,-1,425.000,775.000,400.000,-1,350.000,350.000,300.000,300.000,500.000,475.000,575.000,-1,775.000,600.000,-1,875.000,2,0,1,1,2,0,0,0,0,1,1,1,2,1,1,2,1
4,-8879.856,-2310.455,-32.868,-149.582,-0.861966,0.506306,0.025870,-0.506072,-0.862354,0.015400,0.030106,0.000182,0.999547,0,0.24000,-0.19221,14.400,-0.384,-1,425.000,775.000,400.000,-1,350.000,350.000,300.000,325.000,500.000,500.000,575.000,-1,750.000,575.000,-1,850.000,2,0,1,1,2,0,0,0,0,1,1,1,2,1,1,2,1
5,-8896.478,-2320.064,-32.265,-149.970,-0.865412,0.500448,0.024793,-0.500254,-0.865767,0.013939,0.028441,-0.000340,0.999595,0,0.32000,-0.19423,19.200,-0.388,-1,425.000,750.000,400.000,-1,350.000,350.000,300.000,325.000,525.000,525.000,600.000,-1,700.000,575.000,-1,850.000,2,0,1,1,2,0,0,0,0,1,1,1,2,1,1,2,1
6,-8917.339,-2331.931,-31.511,-150.364,-0.868870,0.494484,0.023438,-0.494337,-0.869186,0.012128,0.026369,-0.001048,0.999652,0,0.40000,-0.19693,24.000,-0.394,-1,425.000,725.000,375.000,-1,350.000,350.000,300.000,325.000,550.000,550.000,625.000,-1,675.000,550.000,-1,800.000,2,0,1,1,2,0,1,0,0,1,1,1,2,1,1,2,1
7,-8942.470,-2345.997,-30.612,-150.765,-0.872351,0.488393,0.021800,-0.488295,-0.872622,0.009974,0.023895,-0.001944,0.999713,0,0.48000,-0.20035,28.800,-0.401,-1,425.000,675.000,375.000,-1,350.000,325.000,300.000,325.000,575.000,575.000,650.000,-1,625.000,525.000,-1,775.000,2,0,1,1,2,0,1,0,0,1,1,1,2,1,1,2,1
8,-8971.972,-2362.078,-29.655,-151.406,-0.877812,0.478604,0.019585,-0.478551,-0.878027,0.007619,0.020843,-0.002684,0.999779,0,0.56000,-0.32035,33.600,-0.641,-1,425.000,650.000,350.000,-1,350.000,325.000,300.000,325.000,600.000,600.000,675.000,-1,575.000,500.000,-1,750.000,2,0,1,1,2,0,1,0,0,1,1,1,2,1,1,2,1
9,-9005.903,-2380.057,-28.621,-152.082,-0.883463,0.468198,0.016831,-0.468183,-0.883617,0.005065,0.017243,-0.003405,0.999846,0,0.64000,-0.33842,38.400,-0.677,-1,425.000,600.000,350.000,1000.000,325.000,300.000,300.000,325.000,650.000,650.000,725.000,-1,525.000,475.000,-1,700.000,2,1,1,1,1,1,1,0,0,1,1,1,2,1,1,2,1
10,-9044.311,-2399.832,-27.709,-152.757,-0.888966,0.457761,0.013931,-0.457762,-0.889068,0.003313,0.013902,-0.003432,0.999897,0,0.72000,-0.33731,43.200,-0.675,-1,375.000,550.000,325.000,975.000,300.000,275.000,300.000,325.000,675.000,700.000,775.000,-1,475.000,450.000,-1,650.000,2,1,1,1,1,1,1,0,0,1,1,1,2,1,1,2,1
11,-9087.241,-2421.303,-26.995,-153.429,-0.894316,0.447301,0.011001,-0.447300,-0.894380,0.002689,0.011042,-0.002516,0.999936,0,0.80000,-0.33608,48.000,-0.672,-1,350.000,500.000,300.000,900.000,275.000,250.000,300.000,325.000,725.000,725.000,825.000,-1,425.000,400.000,700.000,575.000,2,1,1,1,1,1,1,0,0,1,1,1,2,1,1,1,1
12,-9134.737,-2444.367,-25.906,-154.099,-0.899499,0.436822,0.009360,-0.436829,-0.899544,0.001403,0.009032,-0.002826,0.999955,0,0.88000,-0.33469,52.800,-0.669,-1,300.000,450.000,275.000,850.000,250.000,225.000,300.000,325.000,800.000,800.000,875.000,-1,375.000,375.000,575.000,525.000,2,1,1,1,1,1,1,0,0,1,1,1,2,1,1,1,1
13,-9186.840,-2468.924,-24.002,-154.765,-0.904503,0.426327,0.010939,-0.426368,-0.904549,-0.001533,0.009242,-0.006050,0.999939,0,0.96000,-0.33309,57.600,-0.666,-1,250.000,400.000,250.000,825.000,225.000,225.000,300.000,325.000,850.000,850.000,925.000,-1,325.000,325.000,475.000,475.000,2,1,1,1,1,1,1,0,0,1,1,1,2,1,1,1,1
14,-9241.406,-2493.875,-21.526,-155.427,-0.909323,0.415821,0.014954,-0.415939,-0.909374,-0.005768,0.011200,-0.011465,0.999872,0,1.00000,-0.33122,60.000,-0.662,-1,225.000,325.000,225.000,775.000,200.000,200.000,300.000,350.000,900.000,900.000,975.000,-1,275.000,300.000,375.000,425.000,2,1,1,1,1,1,1,0,0,1,1,1,2,1,1,1,1
15,-9296.255,-2518.199,-18.993,-156.085,-0.913894,0.405290,0.023200,-0.405629,-0.913956,-0.012263,0.016234,-0.020617,0.999656,0,1.00000,-0.32904,60.000,-0.658,-1,175.000,275.000,200.000,725.000,150.000,175.000,300.000,375.000,925.000,925.000,1000.000,-1,225.000,275.000,275.000,400.000,2,1,1,1,1,1,1,0,0,1,1,1,2,1,1,1,1
16,-9346.879,-2540.206,-12.625,-156.503,-0.916283,0.398641,0.038878,-0.398980,-0.916959,-0.001055,0.035229,-0.016479,0.999243,0,0.92000,-0.20904,55.200,-0.418,-1,175.000,275.000,200.000,700.000,150.000,150.000,325.000,375.000,975.000,950.000,-1,-1,200.000,250.000,250.000,400.000,2,1,1,1,1,1,1,0,0,1,1,2,2,1,1,1,1
17,-9393.166,-2560.158,-2.679,-156.681,-0.916324,0.395843,0.060482,-0.394958,-0.918318,0.026446,0.066010,0.000345,0.997819,0,0.84000,-0.08904,50.400,-0.178,-1,175.000,275.000,200.000,700.000,150.000,175.000,400.000,400.000,-1,150.000,125.000,-1,200.000,275.000,300.000,450.000,2,1,1,1,1,1,1,0,0,2,0,0,2,1,1,1,1
18,-9511.010,6887.309,-504.270,-11.510,0.978520,0.199279,-0.052791,-0.201513,0.978628,-0.040986,0.043495,0.050744,0.997764,1,0.00000,0.00000,49.022,0.062,250.000,525.000,-1,500.000,-1,475.000,450.000,250.000,225.000,-1,-1,-1,-1,-1,-1,-1,-1,1,1,2,0,2,0,0,1,0,2,2,2,2,2,2,2,2
19,-9506.303,6886.371,-504.087,-11.270,0.979345,0.195173,-0.052834,-0.197441,0.979425,-0.041755,0.043598,0.051325,0.997730,0,0.08000,0.12000,4.800,0.240,250.000,525.000,-1,525.000,-1,475.000,450.000,250.000,225.000,-1,-1,-1,-1,-1,-1,-1,-1,1,1,2,0,2,0,0,1,0,2,2,2,2,2,2,2,2
20,-9496.873,6884.575,-503.716,-10.790,0.980943,0.186949,-0.052931,-0.189291,0.980964,-0.043331,0.043823,0.052524,0.997658,0,0.16000,0.24000,9.600,0.480,250.000,500.000,-1,525.000,-1,500.000,450.000,250.000,225.000,-1,-1,-1,-1,-1,-1,-1,-1,1,1,2,0,2,0,0,1,0,2,2,2,2,2,2,2,2
21,-9482.694,6882.059,-503.142,-10.070,0.983209,0.174590,-0.053097,-0.177049,0.983137,-0.045781,0.044209,0.054413,0.997539,0,0.24000,0.36000,14.400,0.720,225.000,500.000,-1,525.000,-1,500.000,450.000,250.000,225.000,-1,-1,-1,-1,1000.000,-1,-1,-1,1,1,2,0,2,0,0,1,0,2,2,2,2,1,2,2,2
22,-9463.747,6878.958,-502.411,-9.300,0.985459,0.161349,-0.053268,-0.163954,0.985260,-0.048798,0.044610,0.056822,0.997387,0,0.32000,0.38475,19.200,0.769,225.000,500.000,-1,525.000,-1,500.000,450.000,250.000,225.000,-1,-1,-1,-1,975.000,-1,-1,-1,1,1,2,0,2,0,0,1,0,2,2,2,2,1,2,2,2
23,-9440.011,6875.405,-501.524,-8.520,0.987559,0.147886,-0.053446,-0.150665,0.987197,-0.052358,0.045019,0.059759,0.997197,0,0.40000,0.39029,24.000,0.781,200.000,500.000,-1,525.000,-1,500.000,475.000,250.000,225.000,-1,-1,-1,-1,950.000,-1,-1,-1,1,1,2,0,2,0,0,1,0,2,2,2,2,1,2,2,2
24,-9411.473,6871.538,-500.468,-7.722,0.989515,0.134099,-0.053647,-0.137086,0.988945,-0.056533,0.045473,0.063294,0.996958,0,0.48000,0.39884,28.800,0.798,200.000,500.000,-1,550.000,-1,525.000,475.000,225.000,225.000,-1,-1,-1,925.000,950.000,-1,-1,-1,1,1,2,0,2,0,0,1,0,2,2,2,0,1,2,2,2
25,-9378.116,6867.505,-499.230,-6.901,0.991325,0.119881,-0.053887,-0.123118,0.990491,-0.061405,0.046013,0.067506,0.996657,0,0.56000,0.41052,33.600,0.821,200.000,500.000,-1,550.000,-1,525.000,475.000,225.000,225.000,-1,-1,-1,850.000,950.000,-1,-1,-1,1,1,2,0,2,0,0,1,0,2,2,2,0,1,2,2,2
26,-9339.930,6863.463,-497.792,-6.050,0.992982,0.105119,-0.054191,-0.108656,0.991814,-0.067076,0.046696,0.072493,0.996275,0,0.64000,0.42552,38.400,0.851,175.000,500.000,-1,575.000,-1,550.000,500.000,225.000,225.000,-1,-1,-1,750.000,975.000,-1,-1,-1,1,1,2,0,2,0,0,1,0,2,2,2,0,1,2,2,2
27,-9296.905,6859.583,-496.130,-5.162,0.994472,0.089694,-0.054594,-0.093595,0.992880,-0.073678,0.047597,0.078381,0.995787,0,0.72000,0.44403,43.200,0.888,175.000,500.000,-1,575.000,-1,550.000,500.000,200.000,225.000,-1,-1,-1,675.000,-1,-1,-1,-1,1,1,2,0,2,0,0,1,0,2,2,2,0,2,2,2,2
28,-4263.548,3607.623,-327.510,-97.706,-0.135462,0.990300,-0.030919,-0.989946,-0.134000,0.045285,0.040702,0.036743,0.998496,1,0.00000,0.00000,48.000,0.933,-1,375.000,-1,425.000,-1,325.000,325.000,300.000,325.000,-1,-1,-1,-1,775.000,850.000,-1,-1,2,0,2,0,2,0,0,0,0,2,2,2,2,0,0,2,2
29,-4264.171,3602.864,-327.304,-97.466,-0.131320,0.990849,-0.031205,-0.990503,-0.129850,0.045201,0.040735,0.036844,0.998490,0,0.08000,0.12000,4.800,0.240,-1,375.000,-1,425.000,-1,325.000,325.000,300.000,325.000,-1,-1,-1,-1,775.000,825.000,-1,-1,2,0,2,0,2,0,0,0,0,2,2,2,2,0,0,2,2
30,-4265.339,3593.336,-326.891,-96.986,-0.123027,0.991895,-0.031771,-0.991564,-0.121544,0.045037,0.040811,0.037043,0.998480,0,0.16000,0.24000,9.600,0.480,-1,375.000,-1,425.000,-1,325.000,325.000,300.000,325.000,-1,-1,-1,-1,775.000,825.000,-1,-1,2,0,2,0,2,0,0,0,0,2,2,2,2,0,0,2,2
31,-4266.910,3579.022,-326.267,-96.266,-0.110574,0.993333,-0.032607,-0.993024,-0.109069,0.044799,0.040944,0.037333,0.998464,0,0.24000,0.36000,14.400,0.720,-1,375.000,-1,425.000,-1,325.000,325.000,300.000,325.000,-1,-1,-1,-1,775.000,825.000,-1,-1,2,0,2,0,2,0,0,0,0,2,2,2,2,0,0,2,2
32,-4268.685,3559.904,-325.429,-95.306,-0.093943,0.995007,-0.033700,-0.994726,-0.092410,0.044494,0.041158,0.037702,0.998441,0,0.32000,0.48000,19.200,0.960,-1,375.000,-1,425.000,-1,325.000,325.000,300.000,325.000,-1,-1,-1,-1,775.000,825.000,-1,-1,2,0,2,0,2,0,0,0,0,2,2,2,2,0,0,2,2
33,-4270.403,3535.966,-324.371,-94.106,-0.073120,0.996708,-0.035032,-0.996460,-0.071550,0.044134,0.041482,0.038135,0.998411,0,0.40000,0.60000,24.000,1.200,-1,375.000,-1,400.000,-1,325.000,325.000,300.000,325.000,-1,-1,-1,-1,775.000,800.000,-1,-1,2,0,2,0,2,0,0,0,0,2,2,2,2,0,0,2,2
34,-4271.743,3507.197,-323.083,-92.666,-0.048092,0.998173,-0.036581,-0.997962,-0.046480,0.043729,0.041949,0.038609,0.998373,0,0.48000,0.72000,28.800,1.440,-1,375.000,-1,400.000,-1,325.000,325.000,300.000,325.000,-1,-1,-1,-1,775.000,800.000,-1,-1,2,0,2,0,2,0,0,0,0,2,2,2,2,0,0,2,2
35,-4272.320,3473.603,-321.555,-90.986,-0.018859,0.999087,-0.038322,-0.998914,-0.017195,0.043293,0.042595,0.039097,0.998327,0,0.56000,0.84000,33.600,1.680,-1,375.000,-1,400.000,-1,325.000,325.000,300.000,325.000,-1,-1,-1,-1,775.000,775.000,-1,-1,2,0,2,0,2,0,0,0,0,2,2,2,2,0,0,2,2
36,-4271.695,3435.208,-319.771,-89.068,0.014530,0.999085,-0.040224,-0.998950,0.016253,0.042840,0.043454,0.039559,0.998272,0,0.64000,0.95902,38.400,1.918,-1,375.000,-1,400.000,-1,325.000,325.000,300.000,325.000,-1,-1,-1,-1,800.000,775.000,-1,-1,2,0,2,0,2,0,0,0,0,2,2,2,2,0,0,2,2
37,-4269.540,3392.062,-317.717,-87.141,0.048057,0.997950,-0.042263,-0.997859,0.049846,0.042353,0.044373,0.040137,0.998208,0,0.72000,0.96372,43.200,1.927,-1,400.000,-1,400.000,-1,325.000,325.000,325.000,325.000,-1,-1,-1,-1,800.000,775.000,-1,-1,2,0,2,0,2,0,0,0,0,2,2,2,2,0,0,2,2
38,-4265.827,3347.831,-315.552,-85.202,0.081715,0.995673,-0.044244,-0.995621,0.083572,0.041890,0.045407,0.040627,0.998142,0,0.73979,0.96922,44.387,1.938,-1,400.000,-1,400.000,-1,325.000,325.000,325.000,325.000,-1,-1,-1,-1,825.000,750.000,-1,-1,2,0,2,0,2,0,0,0,0,2,2,2,2,0,0,2,2
39,-4260.588,3303.560,-313.300,-83.252,0.115484,0.992240,-0.046071,-0.992219,0.117405,0.041434,0.046522,0.040927,0.998079,0,0.74299,0.97507,44.580,1.950,-1,400.000,-1,400.000,-1,325.000,325.000,325.000,325.000,-1,-1,-1,-1,825.000,750.000,-1,-1,2,0,2,0,2,0,0,0,0,2,2,2,2,0,0,2,2
40,-4253.804,3259.279,-310.781,-81.290,0.149342,0.987661,-0.047155,-0.987615,0.151315,0.041469,0.048093,0.040378,0.998026,0,0.74664,0.98113,44.798,1.962,-1,400.000,-1,400.000,-1,325.000,325.000,325.000,325.000,-1,-1,-1,-1,875.000,750.000,-1,-1,2,0,2,0,2,0,0,0,0,2,2,2,2,0,0,2,2
41,-4245.453,3215.018,-308.380,-79.315,0.183260,0.981913,-0.047571,-0.981791,0.185270,0.041960,0.050014,0.039015,0.997986,0,0.75070,0.98740,45.042,1.975,-1,400.000,-1,400.000,-1,325.000,325.000,325.000,325.000,-1,-1,-1,-1,900.000,775.000,-1,-1,2,0,2,0,2,0,0,0,0,2,2,2,2,0,0,2,2
42,-4235.990,3172.171,-306.211,-77.544,0.213558,0.975795,-0.047087,-0.975580,0.215548,0.042213,0.051341,0.036922,0.997998,0,0.73133,0.88560,43.880,1.771,-1,400.000,-1,400.000,-1,325.000,325.000,325.000,325.000,-1,-1,-1,-1,925.000,775.000,-1,-1,2,0,2,0,2,0,0,0,0,2,2,2,2,0,0,2,2
43,-4225.132,3129.381,-304.003,-75.760,0.243870,0.968690,-0.046548,-0.968383,0.245832,0.042443,0.052557,0.034725,0.998014,0,0.73577,0.89175,44.146,1.783,-1,425.000,-1,400.000,-1,325.000,325.000,325.000,325.000,-1,-1,825.000,-1,950.000,775.000,-1,-1,2,0,2,0,2,0,0,0,0,2,2,0,2,0,0,2,2
44,-4212.947,3086.950,-301.769,-73.977,0.273957,0.960644,-0.045951,-0.960245,0.275883,0.042640,0.053639,0.032443,0.998033,0,0.73577,0.89175,44.146,1.783,-1,425.000,-1,400.000,-1,325.000,325.000,325.000,325.000,-1,-1,825.000,-1,975.000,800.000,-1,-1,2,0,2,0,2,0,0,0,0,2,2,0,2,0,0,2,2
45,-4199.448,3044.918,-299.513,-72.193,0.303788,0.951662,-0.045293,-0.951175,0.305670,0.042795,0.054571,0.030081,0.998057,0,0.73577,0.89175,44.146,1.783,-1,425.000,-1,400.000,-1,325.000,325.000,325.000,325.000,-1,-1,825.000,-1,1000.000,825.000,-1,-1,2,0,2,0,2,0,0,0,0,2,2,0,2,0,0,2,2
46,-4184.647,3003.327,-297.236,-70.410,0.333336,0.941754,-0.044567,-0.941183,0.335164,0.042902,0.055340,0.027644,0.998085,0,0.73577,0.89175,44.146,1.783,-1,425.000,-1,400.000,-1,325.000,325.000,300.000,325.000,-1,975.000,850.000,-1,-1,825.000,-1,-1,2,0,2,0,2,0,0,0,0,2,0,0,2,2,0,2,2
47,-4168.559,2962.216,-294.939,-68.626,0.362570,0.930928,-0.043766,-0.930277,0.364335,0.042955,0.055934,0.025140,0.998118,0,0.73577,0.89175,44.146,1.783,-1,425.000,-1,400.000,-1,350.000,325.000,300.000,325.000,-1,975.000,900.000,-1,-1,850.000,-1,-1,2,0,2,0,2,0,0,0,0,2,0,0,2,2,0,2,2
48,-4151.199,2921.627,-292.742,-66.843,0.391454,0.919185,-0.043150,-0.918493,0.393152,0.042452,0.055986,0.023015,0.998166,0,0.73577,0.89175,44.146,1.783,-1,425.000,-1,400.000,-1,350.000,325.000,300.000,325.000,-1,1000.000,950.000,-1,-1,875.000,-1,-1,2,0,2,0,2,0,0,0,0,2,0,0,2,2,0,2,2
49,-4132.584,2881.597,-290.657,-65.059,0.419960,0.906538,-0.042683,-0.905846,0.421585,0.041327,0.055459,0.021309,0.998234,0,0.73577,0.89175,44.146,1.783,-1,425.000,-1,400.000,-1,350.000,325.000,300.000,325.000,-1,-1,-1,-1,-1,900.000,-1,-1,2,0,2,0,2,0,0,0,0,2,2,2,2,2,0,2,2
50,-4112.732,2842.166,-288.566,-63.276,0.448067,0.893010,-0.042070,-0.892325,0.449611,0.040066,0.054694,0.019588,0.998311,0,0.73577,0.89175,44.146,1.783,-1,425.000,-1,425.000,-1,350.000,325.000,300.000,300.000,-1,-1,-1,-1,-1,900.000,-1,-1,2,0,2,0,2,0,0,0,0,2,2,2,2,2,0,2,2
51,-4091.662,2803.373,-286.470,-61.492,0.475747,0.878612,-0.041294,-0.877942,0.477202,0.038672,0.053683,0.017856,0.998398,0,0.73577,0.89175,44.146,1.783,-1,425.000,-1,425.000,-1,350.000,350.000,300.000,300.000,-1,-1,-1,-1,-1,925.000,-1,-1,2,0,2,0,2,0,0,0,0,2,2,2,2,2,0,2,2
52,-4069.396,2765.253,-284.269,-59.709,0.503001,0.863365,-0.039875,-0.862712,0.504333,0.037082,0.052125,0.015748,0.998516,0,0.73577,0.89175,44.146,1.783,-1,425.000,-1,425.000,-1,350.000,350.000,300.000,300.000,-1,-1,-1,-1,-1,925.000,-1,-1,2,0,2,0,2,0,0,0,0,2,2,2,2,2,0,2,2
53,-4045.953,2727.846,-282.041,-57.925,0.529777,0.847278,-0.038153,-0.846647,0.530977,0.035389,0.050242,0.013554,0.998645,0,0.73577,0.89175,44.146,1.783,-1,450.000,-1,425.000,-1,350.000,350.000,300.000,300.000,-1,-1,-1,-1,-1,925.000,-1,-1,2,0,2,0,2,0,0,0,0,2,2,2,2,2,0,2,2
54,-4021.358,2691.185,-279.891,-56.142,0.556032,0.830362,-0.036439,-0.829772,0.557102,0.033410,0.048042,0.011659,0.998777,0,0.73577,0.89175,44.146,1.783,-1,450.000,-1,425.000,-1,350.000,350.000,300.000,300.000,-1,-1,-1,-1,-1,925.000,-1,-1,2,0,2,0,2,0,0,0,0,2,2,2,2,2,0,2,2
55,-3995.634,2655.309,-278.069,-54.358,0.581784,0.812639,-0.033846,-0.812112,0.582689,0.030785,0.044739,0.009577,0.998953,0,0.73577,0.89175,44.146,1.783,-1,450.000,-1,425.000,-1,350.000,350.000,300.000,300.000,-1,-1,-1,-1,-1,925.000,-1,-1,2,0,2,0,2,0,0,0,0,2,2,2,2,2,0,2,2
56,-3968.806,2620.250,-276.349,-52.575,0.606974,0.794126,-0.030767,-0.793660,0.607709,0.028151,0.041053,0.007332,0.999130,0,0.73577,0.89175,44.146,1.783,-1,425.000,-1,425.000,-1,350.000,350.000,300.000,300.000,-1,-1,-1,-1,1000.000,900.000,-1,-1,2,0,2,0,2,0,0,0,0,2,2,2,2,0,0,2,2
57,-3940.899,2586.043,-274.656,-50.791,0.631558,0.774837,-0.027601,-0.774434,0.632139,0.025539,0.037236,0.005246,0.999293,0,0.73577,0.89175,44.146,1.783,-1,425.000,-1,425.000,-1,350.000,325.000,300.000,300.000,-1,-1,-1,-1,975.000,900.000,-1,-1,2,0,2,0,2,0,0,0,0,2,2,2,2,0,0,2,2
58,-3911.942,2552.722,-272.993,-49.008,0.655509,0.754794,-0.024352,-0.754453,0.655953,0.022951,0.033297,0.003327,0.999440,0,0.73577,0.89175,44.146,1.783,-1,425.000,-1,425.000,-1,350.000,325.000,300.000,275.000,-1,-1,-1,-1,950.000,875.000,-1,-1,2,0,2,0,2,0,0,0,0,2,2,2,2,0,0,2,2
59,-3881.961,2520.318,-271.442,-47.224,0.678808,0.734017,-0.020959,-0.733723,0.679130,0.020800,0.029501,0.001259,0.999564,0,0.73577,0.89175,44.146,1.783,-1,425.000,-1,425.000,-1,350.000,325.000,300.000,300.000,-1,-1,-1,-1,900.000,875.000,-1,-1,2,0,2,0,2,0,0,0,0,2,2,2,2,0,0,2,2
60,-3850.986,2488.862,-270.163,-45.441,0.701417,0.712525,-0.017942,-0.712264,0.701646,0.019301,0.026342,-0.000759,0.999653,0,0.73577,0.89175,44.146,1.783,-1,425.000,-1,425.000,-1,350.000,325.000,300.000,300.000,-1,-1,-1,-1,900.000,850.000,-1,-1,2,0,2,0,2,0,0,0,0,2,2,2,2,0,0,2,2
61,-3819.047,2458.386,-269.072,-43.657,0.723317,0.690341,-0.015541,-0.690115,0.723480,0.017817,0.023544,-0.002162,0.999720,0,0.73577,0.89175,44.146,1.783,-1,425.000,-1,425.000,-1,325.000,325.000,300.000,300.000,-1,-1,-1,-1,875.000,850.000,-1,-1,2,0,2,0,2,0,0,0,0,2,2,2,2,0,0,2,2
62,-3786.175,2428.919,-268.044,-41.874,0.744504,0.667488,-0.013169,-0.667295,0.744613,0.016392,0.020747,-0.003416,0.999779,0,0.73577,0.89175,44.146,1.783,-1,425.000,-1,425.000,-1,325.000,325.000,300.000,300.000,-1,-1,-1,-1,850.000,825.000,-1,-1,2,0,2,0,2,0,0,0,0,2,2,2,2,0,0,2,2
63,-3750.972,2399.033,-267.035,-40.330,0.762255,0.647187,-0.010776,-0.647030,0.762319,0.014891,0.017852,-0.004378,0.999831,0,0.76963,0.77175,46.178,1.543,-1,425.000,-1,425.000,-1,325.000,325.000,300.000,300.000,-1,-1,-1,-1,825.000,825.000,-1,-1,2,0,2,0,2,0,0,0,0,2,2,2,2,0,0,2,2
64,-3715.021,2370.052,-266.095,-38.874,0.778492,0.627597,-0.008441,-0.627475,0.778521,0.013417,0.014992,-0.005149,0.999874,0,0.76963,0.72829,46.178,1.457,-1,425.000,-1,425.000,-1,325.000,325.000,300.000,300.000,-1,-1,-1,-1,825.000,800.000,-1,-1,2,0,2,0,2,0,0,0,0,2,2,2,2,0,0,2,2
65,-3678.345,2341.993,-265.337,-37.417,0.794216,0.607604,-0.006140,-0.607520,0.794222,0.011454,0.011836,-0.005367,0.999916,0,0.76963,0.72829,46.178,1.457,-1,400.000,-1,400.000,-1,325.000,325.000,300.000,300.000,-1,-1,-1,-1,800.000,775.000,-1,-1,2,0,2,0,2,0,0,0,0,2,2,2,2,0,0,2,2
66,-3640.968,2314.877,-264.647,-35.961,0.809419,0.587219,-0.003859,-0.587167,0.809410,0.009546,0.008729,-0.005461,0.999947,0,0.76963,0.72829,46.178,1.457,-1,400.000,-1,400.000,-1,325.000,325.000,300.000,300.000,-1,-1,-1,-1,775.000,775.000,-1,-1,2,0,2,0,2,0,0,0,0,2,2,2,2,0,0,2,2
67,-3602.913,2288.719,-264.126,-34.504,0.824089,0.566456,-0.002179,-0.566427,0.824076,0.007641,0.006124,-0.005062,0.999968,0,0.76963,0.72829,46.178,1.457,-1,400.000,-1,400.000,-1,325.000,325.000,300.000,300.000,-1,-1,-1,-1,775.000,750.000,-1,-1,2,0,2,0,2,0,0,0,0,2,2,2,2,0,0,2,2
68,-3564.206,2263.536,-263.686,-33.047,0.838223,0.545327,-0.000698,-0.545314,0.838211,0.005820,0.003758,-0.004498,0.999983,0,0.76963,0.72829,46.178,1.457,-1,400.000,-1,400.000,-1,325.000,325.000,300.000,300.000,-1,-1,-1,-1,750.000,725.000,-1,-1,2,0,2,0,2,0,0,0,0,2,2,2,2,0,0,2,2
69,-3524.871,2239.346,-263.287,-31.591,0.851813,0.523845,0.000758,-0.523844,0.851804,0.004128,0.001517,-0.003913,0.999991,0,0.76963,0.72829,46.178,1.457,-1,400.000,-1,400.000,-1,325.000,325.000,325.000,300.000,-1,-1,-1,-1,750.000,725.000,-1,-1,2,0,2,0,2,0,0,0,0,2,2,2,2,0,0,2,2
70,-3484.934,2216.163,-262.955,-30.134,0.864850,0.502025,0.002306,-0.502029,0.864847,0.002607,-0.000686,-0.003412,0.999994,0,0.76963,0.72829,46.178,1.457,-1,400.000,-1,400.000,-1,325.000,325.000,325.000,300.000,-1,-1,-1,-1,725.000,700.000,-1,-1,2,0,2,0,2,0,0,0,0,2,2,2,2,0,0,2,2
71,-3444.421,2194.004,-262.778,-28.678,0.877327,0.479879,0.003734,-0.479887,0.877329,0.001780,-0.002422,-0.003354,0.999991,0,0.76963,0.72829,46.178,1.457,-1,400.000,-1,400.000,-1,325.000,325.000,325.000,300.000,-1,-1,-1,-1,725.000,675.000,-1,-1,2,0,2,0,2,0,0,0,0,2,2,2,2,0,0,2,2
72,-3403.357,2172.881,-262.804,-27.221,0.889237,0.457421,0.004894,-0.457434,0.889241,0.001903,-0.003481,-0.003930,0.999986,0,0.76963,0.72829,46.178,1.457,-1,375.000,-1,400.000,-1,325.000,325.000,325.000,300.000,-1,-1,-1,-1,725.000,675.000,-1,-1,2,0,2,0,2,0,0,0,0,2,2,2,2,0,0,2,2
73,-3361.770,2152.808,-262.859,-25.764,0.900571,0.434669,0.005919,-0.434686,0.900579,0.002072,-0.004430,-0.004439,0.999980,0,0.76963,0.72829,46.178,1.457,-1,375.000,-1,375.000,-1,325.000,325.000,325.000,300.000,-1,-1,-1,-1,700.000,650.000,-1,-1,2,0,2,0,2,0,0,0,0,2,2,2,2,0,0,2,2
74,-3319.686,2133.800,-262.870,-24.308,0.911325,0.411636,0.006472,-0.411656,0.911337,0.002104,-0.005032,-0.004582,0.999977,0,0.76963,0.72829,46.178,1.457,-1,375.000,-1,375.000,-1,300.000,300.000,325.000,300.000,-1,-1,-1,-1,700.000,650.000,-1,-1,2,0,2,0,2,0,0,0,0,2,2,2,2,0,0,2,2
75,-3277.132,2115.867,-262.903,-22.851,0.921492,0.388337,0.006876,-0.388359,0.921506,0.002129,-0.005510,-0.004633,0.999974,0,0.76963,0.72829,46.178,1.457,-1,375.000,-1,375.000,-1,300.000,300.000,325.000,300.000,-1,-1,-1,-1,700.000,650.000,-1,-1,2,0,2,0,2,0,0,0,0,2,2,2,2,0,0,2,2
76,-3234.137,2099.022,-262.958,-21.395,0.931063,0.364788,0.007145,-0.364810,0.931079,0.002141,-0.005871,-0.004600,0.999972,0,0.76963,0.72829,46.178,1.457,-1,375.000,-1,375.000,-1,300.000,300.000,325.000,300.000,-1,-1,-1,-1,675.000,625.000,-1,-1,2,0,2,0,2,0,0,0,0,2,2,2,2,0,0,2,2
77,-3190.727,2083.275,-263.137,-19.938,0.940037,0.341003,0.006885,-0.341023,0.940053,0.001884,-0.005829,-0.004119,0.999975,0,0.76963,0.72829,46.178,1.457,-1,375.000,-1,375.000,-1,300.000,300.000,325.000,300.000,-1,-1,-1,-1,675.000,625.000,-1,-1,2,0,2,0,2,0,0,0,0,2,2,2,2,0,0,2,2
78,-3146.930,2068.636,-263.075,-18.482,0.948408,0.316997,0.005985,-0.317017,0.948416,0.002812,-0.004784,-0.004564,0.999978,0,0.76963,0.72829,46.178,1.457,-1,375.000,-1,350.000,-1,300.000,300.000,325.000,300.000,-1,-1,-1,-1,675.000,625.000,-1,-1,2,0,2,0,2,0,0,0,0,2,2,2,2,0,0,2,2
79,-3102.776,2055.116,-262.863,-17.025,0.956166,0.292785,0.004789,-0.292805,0.956162,0.004390,-0.003293,-0.005600,0.999979,0,0.76963,0.72829,46.178,1.457,-1,375.000,-1,350.000,-1,300.000,300.000,325.000,300.000,-1,-1,-1,-1,675.000,625.000,-1,-1,2,0,2,0,2,0,0,0,0,2,2,2,2,0,0,2,2
80,-3058.293,2042.722,-262.642,-15.568,0.963306,0.268383,0.003511,-0.268400,0.963289,0.005989,-0.001775,-0.006712,0.999976,0,0.76963,0.72829,46.178,1.457,-1,375.000,-1,350.000,-1,300.000,300.000,325.000,300.000,-1,-1,-1,-1,675.000,625.000,-1,-1,2,0,2,0,2,0,0,0,0,2,2,2,2,0,0,2,2
81,-3013.508,2031.464,-262.419,-14.112,0.969821,0.243808,0.002162,-0.243818,0.969791,0.007595,-0.000244,-0.007893,0.999969,0,0.76963,0.72829,46.178,1.457,-1,375.000,-1,350.000,-1,300.000,300.000,325.000,300.000,-1,-1,-1,-1,675.000,625.000,-1,-1,2,0,2,0,2,0,0,0,0,2,2,2,2,0,0,2,2
82,-2968.452,2021.347,-262.196,-12.655,0.975708,0.219076,0.000748,-0.219073,0.975665,0.009196,0.001285,-0.009136,0.999957,0,0.76963,0.72829,46.178,1.457,-1,375.000,-1,350.000,-1,300.000,300.000,325.000,300.000,-1,-1,-1,-1,675.000,600.000,-1,1000.000,2,0,2,0,2,0,0,0,0,2,2,2,2,0,0,2,0
83,-2923.154,2012.379,-261.981,-11.199,0.980961,0.194202,-0.000718,-0.194183,0.980906,0.010780,0.002797,-0.010435,0.999942,0,0.76963,0.72829,46.178,1.457,-1,375.000,-1,375.000,-1,300.000,300.000,325.000,300.000,-1,-1,-1,-1,675.000,600.000,-1,1000.000,2,0,2,0,2,0,0,0,0,2,2,2,2,0,0,2,0
84,-2877.642,2004.565,-261.777,-9.742,0.985579,0.169202,-0.002225,-0.169163,0.985511,0.012335,0.004280,-0.011781,0.999921,0,0.76963,0.72829,46.178,1.457,-1,375.000,-1,350.000,-1,300.000,300.000,325.000,300.000,-1,-1,-1,-1,675.000,600.000,-1,1000.000,2,0,2,0,2,0,0,0,0,2,2,2,2,0,0,2,0
85,-2836.721,1998.431,-261.606,-8.526,0.988945,0.148238,-0.003601,-0.148176,0.988866,0.013700,0.005592,-0.013015,0.999900,0,0.68963,0.60829,41.378,1.217,-1,375.000,-1,350.000,-1,300.000,300.000,325.000,300.000,-1,-1,-1,-1,675.000,600.000,-1,975.000,2,0,2,0,2,0,0,0,0,2,2,2,2,0,0,2,0
86,-2800.460,1993.625,-261.464,-7.549,0.991323,0.131360,-0.004831,-0.131276,0.991234,0.014887,0.006744,-0.014123,0.999878,0,0.60963,0.48829,36.578,0.977,-1,375.000,-1,350.000,-1,300.000,300.000,325.000,300.000,-1,-1,-1,-1,675.000,575.000,-1,975.000,2,0,2,0,2,0,0,0,0,2,2,2,2,0,0,2,0
87,-2765.230,1989.417,-261.329,-6.812,0.992923,0.118605,-0.006031,-0.118496,0.992825,0.016038,0.007890,-0.015209,0.999853,0,0.59134,0.36829,35.480,0.737,-1,375.000,-1,350.000,-1,300.000,300.000,325.000,300.000,-1,525.000,-1,-1,675.000,575.000,-1,950.000,2,0,2,0,2,0,0,0,0,2,0,2,2,0,0,2,0
88,-2729.965,1985.514,-261.208,-6.316,0.993906,0.109994,-0.007281,-0.109855,0.993798,0.017269,0.009136,-0.016364,0.999824,0,0.59134,0.24829,35.480,0.497,-1,375.000,-1,350.000,-1,300.000,300.000,325.000,300.000,-1,500.000,-1,-1,675.000,575.000,-1,950.000,2,0,2,0,2,0,0,0,0,2,0,2,2,0,0,2,0
89,-2694.683,1981.769,-261.074,-6.059,0.994378,0.105540,-0.008526,-0.105369,0.994261,0.018503,0.010430,-0.017500,0.999792,0,0.59134,0.12829,35.480,0.257,-1,375.000,-1,350.000,-1,300.000,300.000,325.000,300.000,-1,450.000,600.000,-1,675.000,575.000,-1,950.000,2,0,2,0,2,0,0,0,0,2,0,0,2,0,0,2,0
90,-2659.400,1978.034,-260.918,-6.043,0.994398,0.105250,-0.009760,-0.105043,0.994272,0.019736,0.011781,-0.018601,0.999758,0,0.59134,0.00829,35.480,0.017,-1,375.000,-1,350.000,-1,300.000,300.000,325.000,300.000,-1,425.000,550.000,-1,675.000,575.000,-1,950.000,2,0,2,0,2,0,0,0,0,2,0,0,2,0,0,2,0
91,-2624.132,1974.162,-260.463,-6.266,0.993959,0.109127,-0.011678,-0.108881,0.993855,0.019945,0.013783,-0.018553,0.999733,0,0.59134,-0.11171,35.480,-0.223,-1,375.000,-1,350.000,-1,300.000,300.000,325.000,300.000,-1,400.000,525.000,-1,675.000,575.000,-1,975.000,2,0,2,0,2,0,0,0,0,2,0,0,2,0,0,2,0
92,-2588.896,1970.004,-259.718,-6.729,0.993019,0.117162,-0.013663,-0.116875,0.992941,0.020213,0.015935,-0.018475,0.999702,0,0.59134,-0.23171,35.480,-0.463,-1,375.000,-1,325.000,-1,300.000,275.000,325.000,300.000,-1,375.000,475.000,-1,675.000,575.000,-1,1000.000,2,0,2,0,2,0,0,0,0,2,0,0,2,0,0,2,0
93,-2553.713,1965.414,-258.462,-7.433,0.991470,0.129339,-0.016110,-0.128968,0.991398,0.022288,0.018854,-0.020020,0.999622,0,0.59134,-0.35171,35.480,-0.703,-1,375.000,-1,350.000,-1,300.000,300.000,325.000,300.000,-1,375.000,450.000,-1,675.000,575.000,-1,-1,2,0,2,0,2,0,0,0,0,2,0,0,2,0,0,2,2
94,-2518.611,1960.246,-257.173,-8.376,0.989163,0.145641,-0.018592,-0.145175,0.989106,0.024355,0.021937,-0.021391,0.999530,0,0.59134,-0.47171,35.480,-0.943,-1,375.000,-1,350.000,-1,300.000,300.000,325.000,300.000,-1,350.000,425.000,-1,700.000,575.000,-1,-1,2,0,2,0,2,0,0,0,0,2,0,0,2,0,0,2,2
95,-2483.624,1954.353,-255.844,-9.560,0.985894,0.166034,-0.021114,-0.165462,0.985862,0.026438,0.025205,-0.022572,0.999427,0,0.59134,-0.59171,35.480,-1.183,-1,375.000,-1,350.000,-1,300.000,300.000,325.000,300.000,-1,325.000,425.000,-1,700.000,600.000,-1,-1,2,0,2,0,2,0,0,0,0,2,0,0,2,0,0,2,2
96,-2448.793,1947.593,-254.469,-10.983,0.981408,0.190468,-0.023677,-0.189780,0.981411,0.028561,0.028676,-0.023537,0.999312,0,0.59134,-0.71171,35.480,-1.423,-1,375.000,-1,350.000,-1,300.000,300.000,350.000,300.000,-1,325.000,400.000,-1,700.000,600.000,-1,-1,2,0,2,0,2,0,0,0,0,2,0,0,2,0,0,2,2
97,-2414.173,1939.825,-253.074,-12.647,0.975401,0.218873,-0.026220,-0.218062,0.975454,0.030620,0.032278,-0.024149,0.999187,0,0.59134,-0.83171,35.480,-1.663,-1,375.000,-1,350.000,-1,300.000,300.000,350.000,300.000,-1,300.000,375.000,-1,700.000,625.000,-1,-1,2,0,2,0,2,0,0,0,0,2,0,0,2,0,0,2,2
98,-2379.830,1930.911,-251.662,-14.550,0.967521,0.251151,-0.028737,-0.250214,0.967642,0.032589,0.035992,-0.024341,0.999056,0,0.59134,-0.95171,35.480,-1.903,-1,375.000,-1,350.000,-1,300.000,300.000,350.000,300.000,-1,300.000,350.000,-1,700.000,625.000,-1,-1,2,0,2,0,2,0,0,0,0,2,0,0,2,0,0,2,2
99,-2345.820,1920.804,-250.216,-16.550,0.958087,0.284769,-0.031254,-0.283702,0.958290,0.034545,0.039788,-0.024230,0.998914,0,0.59134,-1.00000,35.480,-2.000,-1,375.000,-1,350.000,-1,300.000,300.000,350.000,325.000,-1,275.000,350.000,-1,675.000,650.000,-1,-1,2,0,2,0,2,0,0,0,0,2,0,0,2,0,0,2,2
100,-2312.182,1909.516,-248.734,-18.550,0.947475,0.318042,-0.033773,-0.316842,0.947776,0.036492,0.043615,-0.023874,0.998763,0,0.59134,-1.00000,35.480,-2.000,-1,375.000,-1,350.000,-1,300.000,300.000,350.000,325.000,-1,250.000,325.000,-1,675.000,675.000,-1,-1,2,0,2,0,2,0,0,0,0,2,0,0,2,0,0,2,2
101,-2278.960,1897.061,-247.211,-20.550,0.935698,0.350930,-0.036297,-0.349595,0.936113,0.038420,0.047460,-0.023260,0.998602,0,0.59134,-1.00000,35.480,-2.000,-1,375.000,-1,375.000,-1,300.000,300.000,325.000,325.000,-1,250.000,300.000,-1,675.000,700.000,-1,-1,2,0,2,0,2,0,0,0,0,2,0,0,2,0,0,2,2
102,-2246.192,1883.454,-245.643,-22.550,0.922768,0.383394,-0.038828,-0.381924,0.923314,0.040320,0.051309,-0.022377,0.998432,0,0.59134,-1.00000,35.480,-2.000,-1,375.000,-1,375.000,-1,300.000,300.000,325.000,325.000,-1,225.000,275.000,-1,675.000,725.000,-1,-1,2,0,2,0,2,0,0,0,0,2,0,0,2,0,0,2,2
103,-2213.899,1868.704,-244.028,-24.549,0.908708,0.415377,-0.041373,-0.413774,0.909402,0.042187,0.055148,-0.021217,0.998253,0,0.59169,-0.99948,35.502,-1.999,-1,375.000,-1,375.000,-1,300.000,300.000,325.000,325.000,-1,225.000,250.000,-1,675.000,725.000,-1,-1,2,0,2,0,2,0,0,0,0,2,0,0,2,0,0,2,2
104,-2177.771,1850.842,-242.127,-26.308,0.895376,0.443106,-0.044251,-0.441351,0.896245,0.044212,0.059250,-0.020057,0.998042,0,0.67169,-0.87948,40.302,-1.759,-1,375.000,-1,375.000,-1,300.000,300.000,325.000,325.000,-1,225.000,225.000,-1,675.000,750.000,-1,-1,2,0,2,0,2,0,0,0,0,2,0,0,2,0,0,2,2
105,-2137.884,1829.787,-239.911,-27.827,0.883132,0.466719,-0.047452,-0.464800,0.884206,0.046270,0.063553,-0.018807,0.997801,0,0.75169,-0.75948,45.102,-1.519,-1,375.000,-1,400.000,-1,300.000,300.000,325.000,325.000,-1,200.000,225.000,-1,675.000,775.000,-1,-1,2,0,2,0,2,0,0,0,0,2,0,0,2,0,0,2,2
106,-2094.284,1805.513,-236.887,-29.106,0.872290,0.486366,-0.050584,-0.484446,0.873618,0.045871,0.066501,-0.015508,0.997666,0,0.83169,-0.63948,49.902,-1.279,-1,375.000,-1,400.000,-1,300.000,300.000,325.000,325.000,-1,225.000,225.000,-1,700.000,800.000,-1,-1,2,0,2,0,2,0,0,0,0,2,0,0,2,0,0,2,2
107,-2046.980,1778.043,-233.512,-30.145,0.863091,0.502150,-0.054022,-0.500251,0.864696,0.045263,0.069442,-0.012042,0.997513,0,0.91169,-0.51948,54.702,-1.039,-1,375.000,-1,400.000,-1,300.000,325.000,325.000,325.000,-1,250.000,250.000,-1,725.000,825.000,-1,-1,2,0,2,0,2,0,0,0,0,2,0,0,2,0,0,2,2
108,-1998.578,1749.025,-230.038,-30.944,0.855778,0.514176,-0.057154,-0.512320,0.857639,0.044536,0.071917,-0.008832,0.997372,0,0.94056,-0.39948,56.433,-0.799,-1,375.000,-1,400.000,-1,300.000,325.000,325.000,325.000,-1,275.000,250.000,-1,725.000,825.000,-1,-1,2,0,2,0,2,0,0,0,0,2,0,0,2,0,0,2,2
109,-1950.429,1719.516,-226.491,-31.503,0.850492,0.522530,-0.060211,-0.520746,0.852602,0.043521,0.074077,-0.005659,0.997236,0,0.94120,-0.27948,56.472,-0.559,-1,375.000,-1,400.000,-1,325.000,325.000,350.000,300.000,-1,325.000,275.000,-1,775.000,850.000,-1,-1,2,0,2,0,2,0,0,0,0,2,0,0,2,0,0,2,2
110,-1902.489,1689.623,-222.867,-31.945,0.846199,0.529107,-0.063189,-0.527427,0.848552,0.042194,0.075945,-0.002377,0.997109,0,0.94160,-0.22128,56.496,-0.443,-1,400.000,-1,400.000,-1,325.000,325.000,350.000,300.000,-1,350.000,300.000,-1,825.000,850.000,-1,-1,2,0,2,0,2,0,0,0,0,2,0,0,2,0,0,2,2
111,-1854.769,1659.362,-218.731,-32.381,0.842066,0.535540,-0.064198,-0.533952,0.844509,0.041217,0.076289,-0.000428,0.997086,0,0.94177,-0.21766,56.506,-0.435,-1,400.000,-1,425.000,-1,325.000,325.000,350.000,300.000,-1,400.000,350.000,-1,875.000,875.000,-1,-1,2,0,2,0,2,0,0,0,0,2,0,0,2,0,0,2,2
112,-1807.281,1628.747,-214.483,-32.810,0.837953,0.541857,-0.065006,-0.540386,0.840469,0.039935,0.076274,0.001665,0.997085,0,0.94168,-0.21482,56.501,-0.430,-1,400.000,-1,425.000,-1,325.000,325.000,350.000,300.000,-1,450.000,400.000,-1,900.000,875.000,-1,-1,2,0,2,0,2,0,0,0,0,2,0,0,2,0,0,2,2
113,-1760.039,1597.792,-210.191,-33.235,0.833821,0.548066,-0.066076,-0.546738,0.836425,0.038355,0.076289,0.004145,0.997077,0,0.94135,-0.21227,56.481,-0.425,-1,400.000,-1,425.000,-1,325.000,325.000,350.000,300.000,-1,525.000,450.000,-1,925.000,875.000,-1,-1,2,0,2,0,2,0,0,0,0,2,0,0,2,0,0,2,2
114,-1713.051,1566.509,-206.273,-33.655,0.829845,0.554182,-0.065116,-0.552937,0.832381,0.037444,0.074952,0.004933,0.997175,0,0.94081,-0.21004,56.449,-0.420,-1,400.000,-1,425.000,-1,325.000,325.000,350.000,300.000,-1,600.000,525.000,-1,950.000,875.000,-1,-1,2,0,2,0,2,0,0,0,0,2,0,0,2,0,0,2,2
115,-1666.329,1534.911,-202.418,-34.071,0.825883,0.560212,-0.063872,-0.559056,0.828330,0.036402,0.073300,0.005644,0.997294,0,0.94007,-0.20812,56.404,-0.416,-1,400.000,-1,400.000,-1,325.000,325.000,350.000,300.000,-1,675.000,600.000,-1,950.000,900.000,-1,-1,2,0,2,0,2,0,0,0,0,2,0,0,2,0,0,2,2
116,-1619.881,1503.007,-198.535,-34.484,0.821896,0.566165,-0.062803,-0.565116,0.824265,0.035084,0.071630,0.006656,0.997409,0,0.93917,-0.20652,56.350,-0.413,-1,400.000,-1,400.000,-1,325.000,325.000,350.000,300.000,-1,775.000,700.000,-1,950.000,900.000,-1,-1,2,0,2,0,2,0,0,0,0,2,0,0,2,0,0,2,2
117,-1573.713,1470.807,-194.624,-34.895,0.817878,0.572050,-0.061917,-0.571125,0.820180,0.033492,0.069942,0.007970,0.997519,0,0.93813,-0.20524,56.288,-0.410,-1,400.000,-1,400.000,-1,325.000,325.000,325.000,300.000,-1,850.000,800.000,-1,950.000,900.000,-1,-1,2,0,2,0,2,0,0,0,0,2,0,0,2,0,0,2,2
118,-1527.833,1438.318,-190.702,-35.303,0.813824,0.577877,-0.061224,-0.577085,0.816069,0.031706,0.068285,0.009528,0.997620,0,0.93698,-0.20429,56.219,-0.409,-1,400.000,-1,400.000,-1,325.000,325.000,325.000,300.000,-1,950.000,875.000,-1,1000.000,900.000,-1,-1,2,0,2,0,2,0,0,0,0,2,0,0,2,0,0,2,2
119,-1482.244,1405.547,-186.858,-35.711,0.809726,0.583655,-0.060751,-0.582977,0.811928,0.030188,0.066945,0.010973,0.997696,0,0.93576,-0.20367,56.145,-0.407,-1,425.000,-1,400.000,-1,325.000,325.000,325.000,300.000,-1,-1,975.000,-1,-1,925.000,-1,-1,2,0,2,0,2,0,0,0,0,2,2,0,2,2,0,2,2
120,-1439.478,1374.615,-183.222,-35.878,0.808038,0.586014,-0.060508,-0.585446,0.810207,0.028596,0.065781,0.012317,0.997758,0,0.87966,-0.08367,52.780,-0.167,-1,425.000,-1,400.000,-1,325.000,325.000,325.000,300.000,-1,-1,-1,-1,-1,925.000,-1,-1,2,0,2,0,2,0,0,0,0,2,2,2,2,2,0,2,2
121,-1396.726,1343.776,-179.739,-35.805,0.808836,0.584979,-0.059873,-0.584519,0.810939,0.026763,0.064209,0.013350,0.997847,0,0.87858,0.03633,52.715,0.073,-1,425.000,-1,400.000,-1,325.000,325.000,325.000,300.000,-1,-1,-1,-1,-1,925.000,-1,-1,2,0,2,0,2,0,0,0,0,2,2,2,2,2,0,2,2
122,-1353.851,1313.201,-176.716,-35.492,0.812214,0.580550,-0.057191,-0.580137,0.814126,0.025279,0.061237,0.012647,0.998043,0,0.87767,0.15633,52.660,0.313,-1,425.000,-1,400.000,-1,325.000,325.000,325.000,325.000,-1,-1,-1,-1,-1,925.000,-1,-1,2,0,2,0,2,0,0,0,0,2,2,2,2,2,1,2,2
123,-1310.720,1283.068,-173.716,-34.940,0.817959,0.572675,-0.054659,-0.572314,0.819695,0.023585,0.058310,0.011991,0.998227,0,0.87692,0.27633,52.615,0.553,-1,425.000,-1,400.000,-1,325.000,325.000,300.000,300.000,-1,-1,-1,-1,-1,900.000,-1,-1,2,0,2,0,2,0,0,0,0,2,2,2,2,2,1,2,2
124,-1265.203,1252.196,-170.605,-34.147,0.825979,0.561284,-0.052138,-0.560982,0.827545,0.021637,0.055291,0.011376,0.998405,0,0.91665,0.39633,54.999,0.793,-1,425.000,-1,425.000,1000.000,325.000,325.000,300.000,300.000,-1,-1,-1,-1,-1,875.000,-1,1000.000,2,0,2,0,1,0,0,0,0,2,2,2,2,2,1,2,1
125,-1216.029,1220.122,-167.573,-33.114,0.836134,0.546290,-0.049476,-0.545965,0.837543,0.021050,0.052938,0.009412,0.998553,0,0.97851,0.51633,58.711,1.033,-1,425.000,-1,425.000,925.000,325.000,325.000,300.000,300.000,-1,-1,-1,-1,-1,850.000,-1,950.000,2,0,2,0,1,0,0,0,0,2,2,2,2,2,1,2,1
126,-1165.598,1188.611,-164.689,-31.997,0.846801,0.529865,-0.046603,-0.529454,0.848059,0.021786,0.051066,0.006226,0.998676,0,0.99110,0.55873,59.466,1.117,-1,425.000,-1,425.000,850.000,350.000,325.000,300.000,300.000,-1,-1,-1,-1,-1,850.000,-1,925.000,2,0,2,0,1,0,0,0,0,2,2,2,2,2,1,2,1
127,-1114.119,1157.791,-162.030,-30.908,0.856891,0.513661,-0.043474,-0.513238,0.857984,0.021238,0.048209,0.004114,0.998829,0,1.00000,0.54438,60.000,1.089,-1,425.000,-1,425.000,800.000,350.000,350.000,300.000,300.000,-1,-1,-1,-1,-1,825.000,-1,875.000,2,0,2,0,1,0,0,0,0,2,2,2,2,2,1,2,1
128,-1062.080,1127.927,-159.750,-29.851,0.866404,0.497743,-0.039950,-0.497400,0.867317,0.018813,0.044013,0.003572,0.999025,0,1.00000,0.52863,60.000,1.057,-1,425.000,-1,425.000,725.000,325.000,325.000,300.000,300.000,-1,-1,-1,-1,-1,800.000,-1,825.000,2,0,2,0,1,0,0,0,0,2,2,2,2,2,1,2,1
129,-1009.516,1098.996,-157.425,-28.828,0.875322,0.482178,-0.036275,-0.481904,0.876068,0.016532,0.039751,0.003011,0.999205,0,1.00000,0.51155,60.000,1.023,-1,425.000,-1,400.000,675.000,325.000,325.000,325.000,300.000,-1,-1,-1,-1,-1,775.000,-1,775.000,2,0,2,0,1,0,0,0,0,2,2,2,2,2,1,2,1
130,-956.462,1070.975,-155.056,-27.842,0.883647,0.467027,-0.032462,-0.466811,0.884240,0.014392,0.035425,0.002436,0.999369,0,1.00000,0.49317,60.000,0.986,-1,425.000,-1,400.000,625.000,325.000,325.000,325.000,300.000,-1,-1,-1,-1,-1,775.000,-1,750.000,2,0,2,0,1,0,0,0,0,2,2,2,2,2,1,2,1
131,-902.952,1043.834,-152.667,-26.895,0.891381,0.452350,-0.028618,-0.452186,0.891838,0.012345,0.031107,0.001936,0.999514,0,1.00000,0.47347,60.000,0.947,-1,450.000,-1,400.000,600.000,325.000,325.000,325.000,300.000,-1,-1,-1,-1,-1,750.000,-1,725.000,2,0,2,0,1,0,0,0,0,2,2,2,2,2,1,2,1
132,-849.111,1017.355,-150.290,-26.188,0.897006,0.441312,-0.024971,-0.441197,0.897352,0.010240,0.026927,0.001832,0.999636,0,1.00000,0.35347,60.000,0.707,-1,450.000,-1,400.000,550.000,350.000,325.000,325.000,300.000,-1,-1,-1,-1,-1,725.000,-1,700.000,2,0,2,0,1,0,0,0,0,2,2,2,2,2,1,2,1
133,-795.056,991.316,-148.135,-25.721,0.900658,0.433985,-0.021737,-0.433888,0.900920,0.009233,0.023590,0.001115,0.999721,0,1.00000,0.23347,60.000,0.467,-1,475.000,-1,400.000,525.000,350.000,325.000,325.000,300.000,-1,-1,-1,-1,-1,700.000,-1,650.000,2,0,2,0,1,0,0,0,0,2,2,2,2,2,1,2,1
134,-740.898,965.491,-146.426,-25.494,0.902428,0.430413,-0.019220,-0.430288,0.902631,0.010410,0.021829,-0.001124,0.999761,0,1.00000,0.11347,60.000,0.227,-1,475.000,-1,425.000,475.000,350.000,350.000,325.000,300.000,-1,-1,-1,-1,-1,700.000,-1,625.000,2,0,2,0,1,0,0,0,0,2,2,2,2,2,1,2,1
135,-686.747,939.654,-145.756,-25.507,0.902460,0.430607,-0.012018,-0.430446,0.902509,0.013904,0.016834,-0.007374,0.999831,0,1.00000,-0.00653,60.000,-0.013,-1,475.000,-1,425.000,450.000,350.000,350.000,325.000,300.000,-1,-1,-1,-1,-1,650.000,-1,575.000,2,0,2,0,1,0,0,0,0,2,2,2,2,2,1,2,1
136,-632.709,913.579,-145.167,-25.760,0.900631,0.434560,-0.004619,-0.434426,0.900539,0.017435,0.011736,-0.013696,0.999837,0,1.00000,-0.12653,60.000,-0.253,-1,475.000,-1,425.000,425.000,350.000,350.000,300.000,325.000,-1,-1,-1,-1,-1,625.000,-1,525.000,2,0,2,0,1,0,0,0,0,2,2,2,2,2,1,2,1
