timestep,x_cm,y_cm,z_cm,yaw_deg,basis_xx,basis_xy,basis_xz,basis_yx,basis_yy,basis_yz,basis_zx,basis_zy,basis_zz,teleport_flag,throttle_cmd,steering_cmd,cmd_move_cm,cmd_turn_deg,lidar_cm_0,lidar_cm_1,lidar_cm_2,lidar_cm_3,lidar_cm_4,lidar_cm_5,lidar_cm_6,lidar_cm_7,lidar_cm_8,lidar_cm_9,lidar_cm_10,lidar_cm_11,lidar_cm_12,lidar_cm_13,lidar_cm_14,lidar_cm_15,lidar_cm_16,lidar_class_0,lidar_class_1,lidar_class_2,lidar_class_3,lidar_class_4,lidar_class_5,lidar_class_6,lidar_class_7,lidar_class_8,lidar_class_9,lidar_class_10,lidar_class_11,lidar_class_12,lidar_class_13,lidar_class_14,lidar_class_15,lidar_class_16
0,-1639.977,979.050,299.923,-96.343,-0.144748,0.970010,-0.195267,-0.976224,-0.107821,0.188043,0.161350,0.217843,0.962554,1,0.08000,-0.12000,4.800,-0.240,125.000,450.000,-1,675.000,-1,700.000,625.000,325.000,225.000,-1,225.000,75.000,275.000,-1,-1,175.000,-1,1,1,2,0,2,0,0,1,0,2,0,0,0,2,2,1,2
1,-1641.110,969.514,300.952,-96.823,-0.153435,0.968540,-0.195928,-0.974812,-0.115880,0.190559,0.161860,0.220232,0.961925,0,0.16000,-0.24000,9.600,-0.480,125.000,475.000,-1,675.000,-1,700.000,625.000,325.000,225.000,-1,225.000,75.000,275.000,-1,-1,175.000,-1,1,1,2,0,2,0,0,1,0,2,0,0,0,2,2,1,2
2,-1642.942,955.227,302.498,-97.355,-0.163294,0.966644,-0.197318,-0.973033,-0.124772,0.194006,0.162915,0.223677,0.960951,0,0.24000,-0.26612,14.400,-0.532,125.000,525.000,-1,700.000,-1,700.000,625.000,300.000,225.000,-1,225.000,75.000,250.000,-1,-1,175.000,-1,1,1,2,0,2,0,0,1,0,2,0,0,0,2,2,1,2
3,-1645.560,936.201,304.530,-97.878,-0.173250,0.964471,-0.199451,-0.971039,-0.133447,0.198180,0.164523,0.228009,0.959658,0,0.32000,-0.26134,19.200,-0.523,125.000,575.000,-1,700.000,-1,725.000,650.000,275.000,225.000,-1,225.000,50.000,250.000,-1,-1,175.000,-1,1,1,2,0,2,0,0,1,0,2,0,0,0,2,2,1,2
4,-2295.763,7543.216,130.319,-177.666,-0.999159,0.040716,-0.004857,-0.040831,-0.998812,0.026581,-0.003769,0.026757,0.999635,1,0.00000,0.00000,24.000,-0.511,750.000,400.000,775.000,375.000,-1,325.000,325.000,325.000,325.000,-1,-1,-1,-1,525.000,550.000,650.000,850.000,1,1,1,1,2,0,0,0,0,2,2,2,2,1,1,1,1
5,-2300.559,7543.025,130.300,-177.715,-0.999194,0.039862,-0.004824,-0.039976,-0.998847,0.026565,-0.003760,0.026737,0.999635,0,0.08000,-0.02450,4.800,-0.049,725.000,400.000,775.000,375.000,-1,325.000,325.000,325.000,325.000,-1,-1,-1,-1,525.000,550.000,625.000,850.000,1,1,1,1,2,0,0,0,0,2,2,2,2,1,1,1,1
6,-2310.151,7542.650,130.263,-177.763,-0.999227,0.039012,-0.004758,-0.039125,-0.998882,0.026537,-0.003717,0.026703,0.999637,0,0.16000,-0.02435,9.600,-0.049,725.000,375.000,775.000,375.000,-1,325.000,325.000,325.000,325.000,-1,-1,-1,-1,525.000,550.000,625.000,850.000,1,1,1,1,2,0,0,0,0,2,2,2,2,1,1,1,1
7,-2324.541,7542.100,130.206,-177.812,-0.999261,0.038165,-0.004658,-0.038275,-0.998916,0.026497,-0.003642,0.026656,0.999638,0,0.24000,-0.02431,14.400,-0.049,700.000,375.000,750.000,375.000,-1,325.000,325.000,325.000,325.000,-1,-1,-1,-1,525.000,525.000,600.000,825.000,1,1,1,1,2,0,0,0,0,2,2,2,2,1,1,1,1
8,-2343.728,7541.384,130.131,-177.861,-0.999293,0.037315,-0.004526,-0.037422,-0.998950,0.026446,-0.003534,0.026596,0.999640,0,0.32000,-0.02438,19.200,-0.049,675.000,375.000,725.000,375.000,-1,325.000,325.000,325.000,325.000,-1,-1,-1,-1,500.000,525.000,600.000,800.000,1,1,1,1,2,1,1,0,0,2,2,2,2,1,1,1,1
9,-2367.712,7540.508,130.036,-177.910,-0.999326,0.036459,-0.004360,-0.036562,-0.998983,0.026384,-0.003394,0.026526,0.999642,0,0.40000,-0.02455,24.000,-0.049,650.000,350.000,700.000,350.000,-1,300.000,300.000,325.000,325.000,-1,-1,-1,-1,475.000,500.000,575.000,750.000,1,1,1,1,2,1,1,0,0,2,2,2,2,1,1,1,1
10,-2396.493,7539.483,129.921,-177.960,-0.999358,0.035593,-0.004162,-0.035691,-0.999016,0.026314,-0.003222,0.026445,0.999645,0,0.48000,-0.02483,28.800,-0.050,600.000,350.000,675.000,350.000,-1,300.000,300.000,325.000,325.000,-1,-1,-1,-1,475.000,500.000,525.000,725.000,1,1,1,1,2,1,1,0,0,2,2,2,2,1,1,1,1
11,-2430.073,7538.316,129.786,-178.010,-0.999390,0.034714,-0.003932,-0.034805,-0.999050,0.026235,-0.003018,0.026355,0.999648,0,0.56000,-0.02523,33.600,-0.050,575.000,325.000,650.000,325.000,-1,275.000,275.000,325.000,325.000,-1,-1,-1,-1,450.000,475.000,500.000,675.000,1,1,1,1,2,1,1,0,0,2,2,2,2,1,1,1,1
12,-2468.451,7537.017,129.631,-178.061,-0.999421,0.033816,-0.003670,-0.033900,-0.999083,0.026149,-0.002782,0.026258,0.999651,0,0.64000,-0.02575,38.400,-0.051,525.000,300.000,600.000,325.000,-1,275.000,275.000,325.000,325.000,-1,-1,-1,-1,425.000,450.000,450.000,625.000,1,1,1,1,2,1,1,0,0,2,2,2,2,1,1,1,1
13,-2511.628,7535.596,129.455,-178.114,-0.999453,0.032895,-0.003377,-0.032972,-0.999117,0.026057,-0.002517,0.026154,0.999655,0,0.72000,-0.02641,43.200,-0.053,475.000,300.000,575.000,300.000,-1,250.000,250.000,325.000,325.000,-1,-1,-1,-1,400.000,425.000,425.000,550.000,1,1,1,1,2,1,1,0,0,2,2,2,2,1,1,1,1
14,-2559.603,7534.062,129.258,-178.169,-0.999485,0.031946,-0.003052,-0.032014,-0.999150,0.025961,-0.002220,0.026045,0.999658,0,0.80000,-0.02722,48.000,-0.054,400.000,275.000,525.000,275.000,-1,225.000,225.000,325.000,325.000,-1,-1,-1,-1,350.000,400.000,350.000,500.000,1,1,1,1,2,1,1,0,0,2,2,2,2,1,1,1,1
15,-2612.378,7532.426,129.048,-178.225,-0.999517,0.030962,-0.002718,-0.031022,-0.999185,0.025834,-0.001916,0.025906,0.999663,0,0.88000,-0.02822,52.800,-0.056,350.000,250.000,475.000,250.000,-1,200.000,200.000,325.000,325.000,-1,-1,-1,-1,325.000,350.000,300.000,425.000,1,1,1,1,2,1,1,0,0,2,2,2,2,1,1,1,1
16,-2669.952,7530.701,133.860,-178.284,-0.999471,0.029935,0.012680,-0.029599,-0.999225,0.025950,0.013447,0.025561,0.999583,0,0.96000,-0.02943,57.600,-0.059,325.000,225.000,475.000,250.000,-1,200.000,200.000,325.000,325.000,-1,375.000,375.000,-1,325.000,375.000,300.000,500.000,1,1,1,1,2,1,1,0,0,2,0,0,2,1,1,1,1
17,-2729.929,7528.965,140.853,-178.346,-0.998975,0.028853,0.034890,-0.027762,-0.999123,0.031349,0.035764,0.030348,0.998899,0,1.00000,-0.03092,60.000,-0.062,350.000,250.000,500.000,250.000,-1,200.000,200.000,350.000,350.000,-1,200.000,200.000,-1,325.000,400.000,300.000,-1,1,1,1,1,2,1,1,0,0,2,0,0,2,1,1,1,2
18,-2789.908,7527.297,147.859,-178.411,-0.997984,0.027710,0.057105,-0.025643,-0.999000,0.036620,0.058063,0.035082,0.997696,0,1.00000,-0.03265,60.000,-0.065,400.000,250.000,825.000,275.000,-1,200.000,200.000,400.000,350.000,-1,150.000,125.000,-1,350.000,425.000,325.000,-1,1,1,1,1,2,1,1,0,0,2,0,0,2,1,1,1,2
19,327.970,-4263.537,173.722,-6.606,0.993031,0.114776,0.026761,-0.112625,0.991068,-0.071408,-0.034718,0.067897,0.997088,1,0.00000,0.00000,55.200,-0.305,-1,400.000,-1,400.000,-1,325.000,325.000,300.000,300.000,-1,-1,-1,-1,775.000,725.000,-1,-1,2,0,2,0,2,0,0,0,0,2,2,2,2,0,0,2,2
20,332.736,-4264.109,173.556,-6.846,0.992542,0.118928,0.026762,-0.116770,0.990591,-0.071374,-0.034998,0.067717,0.997091,0,0.08000,-0.12000,4.800,-0.240,-1,400.000,-1,375.000,-1,325.000,325.000,300.000,300.000,-1,-1,-1,-1,775.000,725.000,-1,-1,2,0,2,0,2,0,0,0,0,2,2,2,2,0,0,2,2
21,342.258,-4265.334,173.220,-7.326,0.991513,0.127226,0.026761,-0.125054,0.989584,-0.071307,-0.035554,0.067355,0.997095,0,0.16000,-0.24000,9.600,-0.480,-1,400.000,-1,375.000,-1,325.000,325.000,300.000,300.000,-1,-1,-1,-1,775.000,725.000,-1,-1,2,0,2,0,2,0,0,0,0,2,2,2,2,0,0,2,2
22,356.519,-4267.330,172.704,-7.968,0.990027,0.138316,0.026756,-0.136126,0.988129,-0.071208,-0.036288,0.066856,0.997103,0,0.24000,-0.32116,14.400,-0.642,-1,400.000,-1,375.000,-1,325.000,325.000,300.000,300.000,-1,-1,-1,-1,775.000,725.000,-1,-1,2,0,2,0,2,0,0,0,0,2,2,2,2,0,0,2,2
23,375.503,-4270.206,172.002,-8.611,0.988417,0.149390,0.026742,-0.147185,0.986552,-0.071079,-0.037001,0.066320,0.997112,0,0.32000,-0.32116,19.200,-0.642,-1,400.000,-1,375.000,-1,325.000,325.000,300.000,300.000,-1,-1,-1,-1,775.000,725.000,-1,-1,2,0,2,0,2,0,0,0,0,2,2,2,2,0,0,2,2
24,399.191,-4274.065,171.107,-9.253,0.986683,0.160446,0.026717,-0.158228,0.984852,-0.070919,-0.037691,0.065747,0.997124,0,0.40000,-0.32116,24.000,-0.642,-1,400.000,-1,375.000,-1,325.000,325.000,300.000,300.000,-1,-1,-1,-1,775.000,725.000,-1,-1,2,0,2,0,2,0,0,0,0,2,2,2,2,0,0,2,2
25,427.563,-4279.015,170.013,-9.895,0.984826,0.171484,0.026677,-0.169255,0.983031,-0.070729,-0.038353,0.065141,0.997139,0,0.48000,-0.32116,28.800,-0.642,-1,400.000,-1,375.000,-1,325.000,325.000,300.000,300.000,-1,-1,-1,-1,775.000,725.000,-1,-1,2,0,2,0,2,0,0,0,0,2,2,2,2,0,0,2,2
26,460.596,-4285.161,168.716,-10.538,0.982845,0.182501,0.026619,-0.180265,0.981088,-0.070509,-0.038983,0.064501,0.997156,0,0.56000,-0.32116,33.600,-0.642,-1,400.000,-1,375.000,-1,325.000,325.000,300.000,300.000,-1,-1,-1,-1,775.000,725.000,-1,-1,2,0,2,0,2,0,0,0,0,2,2,2,2,0,0,2,2
27,498.268,-4292.607,167.210,-11.180,0.980742,0.193496,0.026540,-0.191255,0.979023,-0.070257,-0.039578,0.063828,0.997176,0,0.64000,-0.32116,38.400,-0.642,-1,400.000,-1,375.000,-1,325.000,325.000,300.000,300.000,-1,-1,-1,-1,775.000,725.000,-1,-1,2,0,2,0,2,0,0,0,0,2,2,2,2,0,0,2,2
28,540.551,-4301.458,165.490,-11.822,0.978516,0.204468,0.026436,-0.202227,0.976836,-0.069972,-0.040130,0.063123,0.997199,0,0.72000,-0.32116,43.200,-0.642,-1,400.000,-1,375.000,-1,325.000,325.000,300.000,300.000,-1,-1,-1,-1,775.000,725.000,-1,-1,2,0,2,0,2,0,0,0,0,2,2,2,2,0,0,2,2
29,583.114,-4310.867,163.731,-12.465,0.976168,0.215416,0.026313,-0.213175,0.974526,-0.069681,-0.040654,0.062411,0.997222,0,0.72650,-0.32116,43.590,-0.642,-1,400.000,-1,375.000,-1,325.000,325.000,300.000,300.000,-1,-1,-1,-1,775.000,725.000,-1,-1,2,0,2,0,2,0,0,0,0,2,2,2,2,0,0,2,2
30,625.568,-4320.752,161.928,-13.107,0.973699,0.226338,0.026112,-0.224108,0.972098,-0.069286,-0.041065,0.061612,0.997255,0,0.72650,-0.32116,43.590,-0.642,-1,400.000,-1,375.000,-1,325.000,325.000,300.000,300.000,-1,-1,-1,-1,750.000,725.000,-1,-1,2,0,2,0,2,0,0,0,0,2,2,2,2,0,0,2,2
31,667.909,-4331.113,160.109,-13.749,0.971108,0.237233,0.025883,-0.235015,0.969546,-0.068904,-0.041441,0.060831,0.997287,0,0.72650,-0.32116,43.590,-0.642,-1,400.000,-1,375.000,-1,325.000,325.000,300.000,300.000,-1,-1,-1,-1,750.000,725.000,-1,-1,2,0,2,0,2,0,0,0,0,2,2,2,2,0,0,2,2
32,710.131,-4341.948,158.276,-14.392,0.968395,0.248099,0.025657,-0.245894,0.966872,-0.068513,-0.041805,0.060038,0.997320,0,0.72650,-0.32116,43.590,-0.642,-1,400.000,-1,375.000,-1,325.000,325.000,300.000,300.000,-1,-1,-1,-1,750.000,725.000,-1,-1,2,0,2,0,2,0,0,0,0,2,2,2,2,0,0,2,2
33,752.228,-4353.255,156.447,-15.034,0.965559,0.258936,0.025448,-0.256746,0.964080,-0.068050,-0.042155,0.059172,0.997357,0,0.72650,-0.32116,43.590,-0.642,-1,400.000,-1,375.000,-1,325.000,325.000,300.000,300.000,-1,-1,-1,-1,750.000,725.000,-1,-1,2,0,2,0,2,0,0,0,0,2,2,2,2,0,0,2,2
34,794.197,-4365.034,154.612,-15.676,0.962603,0.269742,0.025211,-0.267570,0.961168,-0.067545,-0.042451,0.058274,0.997398,0,0.72650,-0.32116,43.590,-0.642,-1,400.000,-1,375.000,-1,325.000,325.000,300.000,300.000,-1,-1,-1,-1,750.000,725.000,-1,-1,2,0,2,0,2,0,0,0,0,2,2,2,2,0,0,2,2
35,836.030,-4377.282,152.762,-16.319,0.959525,0.280514,0.024963,-0.278363,0.958133,-0.067039,-0.042723,0.057377,0.997438,0,0.72650,-0.32116,43.590,-0.642,-1,400.000,-1,375.000,-1,325.000,325.000,300.000,300.000,-1,-1,-1,-1,750.000,725.000,-1,-1,2,0,2,0,2,0,0,0,0,2,2,2,2,0,0,2,2
36,877.724,-4389.999,150.899,-16.961,0.956327,0.291253,0.024704,-0.289123,0.954977,-0.066531,-0.042969,0.056483,0.997478,0,0.72650,-0.32116,43.590,-0.642,-1,400.000,-1,375.000,-1,325.000,325.000,300.000,300.000,-1,-1,-1,-1,750.000,725.000,-1,-1,2,0,2,0,2,0,0,0,0,2,2,2,2,0,0,2,2
37,919.273,-4403.182,149.023,-17.603,0.953009,0.301955,0.024434,-0.299848,0.951700,-0.066021,-0.043189,0.055592,0.997519,0,0.72650,-0.32116,43.590,-0.642,-1,400.000,-1,375.000,-1,325.000,325.000,300.000,300.000,-1,-1,-1,-1,750.000,725.000,-1,-1,2,0,2,0,2,0,0,0,0,2,2,2,2,0,0,2,2
38,960.671,-4416.830,147.135,-18.245,0.949571,0.312620,0.024154,-0.310536,0.948302,-0.065508,-0.043385,0.054704,0.997560,0,0.72650,-0.32116,43.590,-0.642,-1,400.000,-1,375.000,-1,325.000,325.000,300.000,300.000,-1,-1,-1,-1,750.000,725.000,-1,-1,2,0,2,0,2,0,0,0,0,2,2,2,2,0,0,2,2
39,1001.913,-4430.941,145.227,-18.888,0.946012,0.323248,0.023908,-0.321187,0.944785,-0.064964,-0.043587,0.053778,0.997601,0,0.72650,-0.32116,43.590,-0.642,-1,400.000,-1,375.000,-1,325.000,325.000,300.000,300.000,-1,-1,-1,-1,750.000,725.000,-1,-1,2,0,2,0,2,0,0,0,0,2,2,2,2,0,0,2,2
40,1042.995,-4445.514,143.309,-19.530,0.942335,0.333835,0.023653,-0.331798,0.941148,-0.064417,-0.043766,0.052854,0.997643,0,0.72650,-0.32116,43.590,-0.642,-1,400.000,-1,375.000,-1,325.000,325.000,300.000,300.000,-1,-1,-1,-1,725.000,700.000,-1,-1,2,0,2,0,2,0,0,0,0,2,2,2,2,0,0,2,2
41,1083.911,-4460.546,141.382,-20.172,0.938538,0.344382,0.023386,-0.342370,0.937392,-0.063869,-0.043917,0.051936,0.997684,0,0.72650,-0.32116,43.590,-0.642,-1,400.000,-1,375.000,-1,325.000,325.000,300.000,300.000,-1,-1,-1,-1,725.000,700.000,-1,-1,2,0,2,0,2,0,0,0,0,2,2,2,2,0,0,2,2
42,1124.656,-4476.036,139.447,-20.815,0.934624,0.354885,0.023107,-0.352899,0.933516,-0.063319,-0.044042,0.051025,0.997726,0,0.72650,-0.32116,43.590,-0.642,-1,375.000,-1,375.000,-1,325.000,325.000,300.000,300.000,-1,-1,-1,-1,725.000,700.000,-1,-1,2,0,2,0,2,0,0,0,0,2,2,2,2,0,0,2,2
43,1169.736,-4493.624,137.298,-21.312,0.931513,0.362995,0.022783,-0.361042,0.930439,-0.062708,-0.043961,0.050188,0.997772,0,0.80650,-0.24880,48.390,-0.498,-1,375.000,-1,375.000,-1,325.000,325.000,300.000,300.000,-1,-1,-1,-1,725.000,700.000,-1,-1,2,0,2,0,2,0,0,0,0,2,2,2,2,0,0,2,2
44,1218.616,-4513.185,134.969,-21.810,0.928331,0.371077,0.022424,-0.369162,0.927290,-0.062066,-0.043825,0.049339,0.997820,0,0.87747,-0.24880,52.648,-0.498,-1,375.000,-1,375.000,-1,325.000,325.000,300.000,300.000,-1,-1,-1,-1,725.000,700.000,-1,-1,2,0,2,0,2,0,0,0,0,2,2,2,2,0,0,2,2
45,1267.323,-4533.169,132.705,-22.308,0.925088,0.379128,0.021787,-0.377256,0.924059,-0.061582,-0.043480,0.048750,0.997864,0,0.87747,-0.24880,52.648,-0.498,-1,375.000,-1,375.000,-1,325.000,300.000,300.000,300.000,-1,-1,-1,-1,725.000,700.000,-1,-1,2,0,2,0,2,0,0,0,0,2,2,2,2,0,0,2,2
46,1315.856,-4553.576,130.485,-22.805,0.921780,0.387147,0.020967,-0.385323,0.920751,-0.061185,-0.042992,0.048320,0.997906,0,0.87747,-0.24880,52.648,-0.498,-1,375.000,-1,375.000,-1,325.000,300.000,325.000,300.000,-1,-1,-1,-1,725.000,700.000,-1,-1,2,0,2,0,2,0,0,0,0,2,2,2,2,0,0,2,2
47,1364.209,-4574.403,128.264,-23.303,0.918402,0.395136,0.020141,-0.393359,0.917371,-0.060815,-0.042507,0.047929,0.997946,0,0.87747,-0.24880,52.648,-0.498,-1,375.000,-1,375.000,-1,325.000,300.000,325.000,300.000,-1,-1,-1,-1,725.000,700.000,-1,-1,2,0,2,0,2,0,0,0,0,2,2,2,2,0,0,2,2
48,1412.380,-4595.649,126.058,-23.800,0.914952,0.403096,0.019391,-0.401362,0.913923,-0.060450,-0.042089,0.047526,0.997983,0,0.87747,-0.24880,52.648,-0.498,-1,375.000,-1,375.000,-1,325.000,300.000,325.000,300.000,-1,975.000,-1,-1,700.000,700.000,-1,-1,2,0,2,0,2,0,0,0,0,2,0,2,2,0,0,2,2
49,1460.364,-4617.313,123.901,-24.298,0.911432,0.411029,0.018611,-0.409345,0.910411,-0.059910,-0.041568,0.046985,0.998030,0,0.87747,-0.24880,52.648,-0.498,-1,375.000,-1,375.000,-1,325.000,300.000,325.000,300.000,-1,925.000,975.000,-1,700.000,700.000,-1,-1,2,0,2,0,2,0,0,0,0,2,0,0,2,0,0,2,2
50,1508.159,-4639.393,121.813,-24.796,0.907843,0.418935,0.017756,-0.417316,0.906838,-0.059089,-0.040856,0.046234,0.998095,0,0.87747,-0.24880,52.648,-0.498,-1,375.000,-1,375.000,-1,325.000,300.000,325.000,300.000,-1,900.000,925.000,-1,700.000,700.000,-1,-1,2,0,2,0,2,0,0,0,0,2,0,0,2,0,0,2,2
51,1555.759,-4661.888,119.726,-25.293,0.904184,0.426810,0.016885,-0.425258,0.903198,-0.058207,-0.040094,0.045449,0.998162,0,0.87747,-0.24880,52.648,-0.498,-1,375.000,-1,375.000,-1,325.000,300.000,325.000,300.000,-1,850.000,875.000,-1,700.000,700.000,-1,-1,2,0,2,0,2,0,0,0,0,2,0,0,2,0,0,2,2
52,1603.163,-4684.795,117.650,-25.791,0.900455,0.434654,0.016011,-0.433168,0.899489,-0.057308,-0.039311,0.044668,0.998228,0,0.87747,-0.24880,52.648,-0.498,-1,375.000,-1,375.000,-1,325.000,300.000,300.000,325.000,-1,800.000,850.000,-1,700.000,700.000,-1,-1,2,0,2,0,2,0,0,0,0,2,0,0,2,0,0,2,2
53,1650.366,-4708.112,115.589,-26.288,0.896658,0.442464,0.015136,-0.441045,0.895711,-0.056403,-0.038514,0.043898,0.998293,0,0.87747,-0.24880,52.648,-0.498,-1,375.000,-1,375.000,-1,325.000,325.000,300.000,325.000,-1,775.000,800.000,-1,700.000,700.000,-1,-1,2,0,2,0,2,0,0,0,0,2,0,0,2,0,0,2,2
54,1697.364,-4731.839,113.542,-26.786,0.892793,0.450241,0.014261,-0.448887,0.891864,-0.055492,-0.037703,0.043141,0.998357,0,0.87747,-0.24880,52.648,-0.498,-1,375.000,-1,375.000,-1,325.000,325.000,300.000,325.000,-1,750.000,775.000,-1,700.000,700.000,-1,-1,2,0,2,0,2,0,0,0,0,2,0,0,2,0,0,2,2
55,1744.155,-4755.973,111.510,-27.284,0.888859,0.457985,0.013385,-0.456694,0.887948,-0.054576,-0.036880,0.042397,0.998420,0,0.87747,-0.24880,52.648,-0.498,-1,375.000,-1,375.000,-1,325.000,325.000,300.000,325.000,-1,725.000,750.000,-1,675.000,700.000,-1,-1,2,0,2,0,2,0,0,0,0,2,0,0,2,0,0,2,2
56,1790.734,-4780.512,109.495,-27.781,0.884858,0.465693,0.012509,-0.464465,0.883965,-0.053654,-0.036044,0.041666,0.998481,0,0.87747,-0.24880,52.648,-0.498,-1,375.000,-1,375.000,-1,300.000,325.000,300.000,325.000,-1,700.000,725.000,-1,675.000,700.000,-1,-1,2,0,2,0,2,0,0,0,0,2,0,0,2,0,0,2,2
57,1837.099,-4805.455,107.582,-28.279,0.880791,0.473360,0.011711,-0.472175,0.879901,-0.053154,-0.035466,0.041288,0.998518,0,0.87747,-0.24880,52.648,-0.498,-1,375.000,-1,375.000,-1,300.000,325.000,300.000,325.000,-1,700.000,725.000,-1,675.000,700.000,-1,-1,2,0,2,0,2,0,0,0,0,2,0,0,2,0,0,2,2
58,1883.245,-4830.800,105.709,-28.777,0.876659,0.480990,0.010863,-0.479847,0.875766,-0.052732,-0.034877,0.041015,0.998550,0,0.87747,-0.24880,52.648,-0.498,-1,375.000,-1,375.000,-1,300.000,300.000,300.000,325.000,-1,700.000,725.000,-1,675.000,700.000,-1,-1,2,0,2,0,2,0,0,0,0,2,0,0,2,0,0,2,2
59,1929.170,-4856.544,104.064,-29.274,0.872481,0.488565,0.008983,-0.487492,0.871534,-0.052718,-0.033585,0.041616,0.998569,0,0.87747,-0.24880,52.648,-0.498,-1,375.000,-1,375.000,-1,300.000,300.000,325.000,325.000,-1,675.000,700.000,-1,675.000,700.000,-1,-1,2,0,2,0,2,0,0,0,0,2,0,0,2,0,0,2,2
60,1974.869,-4882.685,102.421,-29.772,0.868236,0.496102,0.007026,-0.495103,0.867234,-0.052703,-0.032240,0.042280,0.998586,0,0.87747,-0.24880,52.648,-0.498,-1,375.000,-1,375.000,-1,300.000,300.000,325.000,300.000,-1,650.000,675.000,-1,675.000,700.000,-1,-1,2,0,2,0,2,0,0,0,0,2,0,0,2,0,0,2,2
61,2020.339,-4909.223,100.793,-30.269,0.863922,0.503601,0.005046,-0.502678,0.862868,-0.052665,-0.030876,0.042962,0.998599,0,0.87747,-0.24880,52.648,-0.498,-1,375.000,-1,375.000,-1,300.000,300.000,325.000,300.000,-1,625.000,625.000,-1,675.000,700.000,-1,-1,2,0,2,0,2,0,0,0,0,2,0,0,2,0,0,2,2
62,2065.578,-4936.155,99.237,-30.767,0.859536,0.511065,0.003294,-0.510214,0.858443,-0.052508,-0.029663,0.043452,0.998615,0,0.87747,-0.24880,52.648,-0.498,-1,375.000,-1,375.000,-1,300.000,300.000,325.000,300.000,-1,625.000,625.000,-1,700.000,700.000,-1,-1,2,0,2,0,2,0,0,0,0,2,0,0,2,0,0,2,2
63,2110.580,-4963.478,97.739,-31.265,0.855080,0.518493,0.001712,-0.517708,0.853959,-0.052263,-0.028560,0.043803,0.998632,0,0.87747,-0.24880,52.648,-0.498,-1,375.000,-1,375.000,-1,300.000,300.000,325.000,300.000,-1,625.000,600.000,-1,700.000,700.000,-1,-1,2,0,2,0,2,0,0,0,0,2,0,0,2,0,0,2,2
64,2155.344,-4991.192,96.275,-31.762,0.850555,0.525885,0.000182,-0.525170,0.849417,-0.051837,-0.027415,0.043995,0.998656,0,0.87747,-0.24880,52.648,-0.498,-1,375.000,-1,375.000,-1,300.000,300.000,325.000,300.000,-1,625.000,600.000,-1,700.000,700.000,-1,-1,2,0,2,0,2,0,0,0,0,2,0,0,2,0,0,2,2
65,2199.865,-5019.293,94.942,-32.260,0.845955,0.533252,-0.001298,-0.532622,0.844833,-0.050705,-0.025942,0.043586,0.998713,0,0.87747,-0.24880,52.648,-0.498,-1,375.000,-1,375.000,-1,300.000,300.000,325.000,300.000,-1,600.000,575.000,-1,700.000,725.000,-1,-1,2,0,2,0,2,0,0,0,0,2,0,0,2,0,0,2,2
66,2244.140,-5047.780,93.617,-32.757,0.841289,0.540579,-0.002735,-0.540030,0.840184,-0.049579,-0.024503,0.043187,0.998766,0,0.87747,-0.24880,52.648,-0.498,-1,375.000,-1,375.000,-1,300.000,325.000,300.000,300.000,-1,600.000,575.000,-1,700.000,725.000,-1,-1,2,0,2,0,2,0,0,0,0,2,0,0,2,0,0,2,2
67,2288.167,-5076.651,92.300,-33.255,0.836557,0.547864,-0.004127,-0.547393,0.835472,-0.048458,-0.023100,0.042797,0.998817,0,0.87747,-0.24880,52.648,-0.498,-1,375.000,-1,375.000,-1,300.000,325.000,300.000,300.000,-1,600.000,550.000,-1,700.000,725.000,-1,-1,2,0,2,0,2,0,0,0,0,2,0,0,2,0,0,2,2
68,2331.941,-5105.903,90.992,-33.753,0.831760,0.555108,-0.005475,-0.554710,0.830696,-0.047344,-0.021734,0.042416,0.998864,0,0.87747,-0.24880,52.648,-0.498,-1,375.000,-1,375.000,-1,325.000,325.000,300.000,300.000,-1,575.000,550.000,-1,700.000,725.000,-1,-1,2,0,2,0,2,0,0,0,0,2,0,0,2,0,0,2,2
69,2375.459,-5135.533,89.693,-34.250,0.826898,0.562311,-0.006778,-0.561981,0.825856,-0.046240,-0.020403,0.042045,0.998907,0,0.87747,-0.24880,52.648,-0.498,-1,375.000,-1,400.000,-1,325.000,325.000,300.000,325.000,-1,550.000,550.000,-1,700.000,750.000,-1,-1,2,0,2,0,2,0,0,0,0,2,0,0,2,0,0,2,2
70,2418.718,-5165.541,88.471,-34.748,0.821977,0.569464,-0.008014,-0.569193,0.820945,-0.045492,-0.019327,0.041954,0.998933,0,0.87747,-0.24880,52.648,-0.498,-1,375.000,-1,400.000,-1,325.000,325.000,300.000,325.000,-1,550.000,525.000,-1,700.000,750.000,-1,-1,2,0,2,0,2,0,0,0,0,2,0,0,2,0,0,2,2
71,2457.855,-5193.068,87.511,-35.120,0.818261,0.574776,-0.009063,-0.574540,0.817207,-0.045568,-0.018785,0.042494,0.998920,0,0.79747,-0.18624,47.848,-0.372,-1,375.000,-1,400.000,-1,325.000,325.000,300.000,325.000,-1,575.000,550.000,-1,700.000,750.000,-1,-1,2,0,2,0,2,0,0,0,0,2,0,0,2,0,0,2,2
72,2492.905,-5218.061,86.642,-35.493,0.814510,0.580063,-0.009984,-0.579858,0.813434,-0.045714,-0.018396,0.043024,0.998905,0,0.71747,-0.18624,43.048,-0.372,-1,375.000,-1,400.000,-1,325.000,325.000,300.000,325.000,-1,575.000,550.000,-1,700.000,750.000,-1,-1,2,0,2,0,2,0,0,0,0,2,0,0,2,0,0,2,2
73,2523.901,-5240.470,85.873,-35.865,0.810725,0.585327,-0.010787,-0.585147,0.809630,-0.045856,-0.018107,0.043489,0.998890,0,0.63747,-0.18624,38.248,-0.372,-1,375.000,-1,400.000,-1,325.000,325.000,300.000,325.000,-1,600.000,575.000,-1,700.000,750.000,-1,-1,2,0,2,0,2,0,0,0,0,2,0,0,2,0,0,2,2
74,2550.880,-5260.242,85.253,-36.238,0.806906,0.590563,-0.011731,-0.590413,0.805786,-0.046058,-0.017748,0.044090,0.998870,0,0.55747,-0.18624,33.448,-0.372,-1,375.000,-1,400.000,-1,325.000,325.000,300.000,325.000,-1,625.000,575.000,-1,725.000,750.000,-1,-1,2,0,2,0,2,0,0,0,0,2,0,0,2,0,0,2,2
75,2573.876,-5277.327,84.734,-36.610,0.803053,0.595774,-0.012590,-0.595652,0.801910,-0.046250,-0.017459,0.044640,0.998851,0,0.47747,-0.18624,28.648,-0.372,-1,375.000,-1,400.000,-1,325.000,325.000,300.000,300.000,-1,625.000,575.000,-1,725.000,750.000,-1,-1,2,0,2,0,2,0,0,0,0,2,0,0,2,0,0,2,2
76,2592.926,-5291.673,84.300,-36.983,0.799166,0.600963,-0.013295,-0.600862,0.798005,-0.046410,-0.017281,0.045078,0.998834,0,0.39747,-0.18624,23.848,-0.372,-1,375.000,-1,400.000,-1,325.000,325.000,300.000,300.000,-1,625.000,575.000,-1,725.000,750.000,-1,-1,2,0,2,0,2,0,0,0,0,2,0,0,2,0,0,2,2
77,2608.068,-5303.230,83.951,-37.355,0.795245,0.606129,-0.013851,-0.606043,0.794069,-0.046537,-0.017209,0.045403,0.998821,0,0.31747,-0.18624,19.048,-0.372,-1,375.000,-1,400.000,-1,325.000,325.000,300.000,300.000,-1,650.000,600.000,-1,725.000,750.000,-1,-1,2,0,2,0,2,0,0,0,0,2,0,0,2,0,0,2,2
78,2619.337,-5311.949,83.688,-37.728,0.791291,0.611273,-0.014264,-0.611196,0.790104,-0.046631,-0.017234,0.045617,0.998810,0,0.23747,-0.18624,14.248,-0.372,-1,375.000,-1,400.000,-1,325.000,325.000,300.000,300.000,-1,650.000,600.000,-1,725.000,750.000,-1,-1,2,0,2,0,2,0,0,0,0,2,0,0,2,0,0,2,2
79,2626.772,-5317.779,83.512,-38.100,0.787304,0.616393,-0.014537,-0.616321,0.786110,-0.046692,-0.017353,0.045721,0.998804,0,0.15747,-0.18624,9.448,-0.372,-1,375.000,-1,400.000,-1,325.000,325.000,300.000,300.000,-1,650.000,600.000,-1,725.000,750.000,-1,-1,2,0,2,0,2,0,0,0,0,2,0,0,2,0,0,2,2
80,2630.411,-5320.670,83.424,-38.473,0.783284,0.621491,-0.014671,-0.621416,0.782086,-0.046721,-0.017562,0.045713,0.998800,0,0.07747,-0.18624,4.648,-0.372,-1,375.000,-1,400.000,-1,325.000,325.000,300.000,300.000,-1,675.000,600.000,-1,725.000,750.000,-1,-1,2,0,2,0,2,0,0,0,0,2,0,0,2,0,0,2,2
81,2630.293,-5320.575,83.426,-38.845,0.779230,0.626566,-0.014668,-0.626483,0.778034,-0.046718,-0.017860,0.045593,0.998800,0,-0.00253,-0.18624,-0.152,-0.372,-1,375.000,-1,400.000,-1,325.000,325.000,300.000,300.000,-1,675.000,600.000,-1,725.000,750.000,-1,-1,2,0,2,0,2,0,0,0,0,2,0,0,2,0,0,2,2
82,2626.456,-5317.444,83.522,-39.218,0.775144,0.631617,-0.014526,-0.631521,0.773952,-0.046685,-0.018245,0.045361,0.998804,0,-0.08253,-0.18624,-4.952,-0.372,-1,375.000,-1,400.000,-1,325.000,325.000,300.000,300.000,-1,675.000,600.000,-1,725.000,750.000,-1,-1,2,0,2,0,2,0,0,0,0,2,0,0,2,0,0,2,2
83,2620.884,-5312.836,83.664,-39.590,0.771025,0.636644,-0.014318,-0.636531,0.769840,-0.046640,-0.018671,0.045075,0.998809,0,-0.12052,-0.18624,-7.231,-0.372,-1,375.000,-1,400.000,-1,325.000,325.000,300.000,300.000,-1,675.000,600.000,-1,725.000,750.000,-1,-1,2,0,2,0,2,0,0,0,0,2,0,0,2,0,0,2,2
84,2615.341,-5308.192,83.809,-39.963,0.766873,0.641643,-0.014109,-0.641514,0.765694,-0.046598,-0.019096,0.044786,0.998814,0,-0.12052,-0.18624,-7.231,-0.372,-1,375.000,-1,400.000,-1,325.000,325.000,300.000,300.000,-1,675.000,600.000,-1,725.000,750.000,-1,-1,2,0,2,0,2,0,0,0,0,2,0,0,2,0,0,2,2
85,2609.829,-5303.512,83.957,-40.335,0.762689,0.646616,-0.013898,-0.646471,0.761517,-0.046558,-0.019521,0.044494,0.998819,0,-0.12052,-0.18624,-7.231,-0.372,-1,375.000,-1,400.000,-1,325.000,325.000,300.000,300.000,-1,675.000,600.000,-1,725.000,750.000,-1,-1,2,0,2,0,2,0,0,0,0,2,0,0,2,0,0,2,2
86,2604.347,-5298.796,84.107,-40.708,0.758472,0.651562,-0.013687,-0.651400,0.757307,-0.046520,-0.019946,0.044200,0.998824,0,-0.12052,-0.18624,-7.231,-0.372,-1,375.000,-1,400.000,-1,325.000,325.000,300.000,300.000,-1,675.000,600.000,-1,725.000,750.000,-1,-1,2,0,2,0,2,0,0,0,0,2,0,0,2,0,0,2,2
87,2602.508,-5297.206,84.158,-40.840,0.756965,0.653314,-0.013615,-0.653147,0.755802,-0.046508,-0.020094,0.044097,0.998825,0,-0.04052,-0.06624,-2.431,-0.132,-1,375.000,-1,400.000,-1,325.000,325.000,300.000,300.000,-1,675.000,600.000,-1,725.000,750.000,-1,-1,2,0,2,0,2,0,0,0,0,2,0,0,2,0,0,2,2
88,2604.302,-5298.753,84.108,-40.780,0.757646,0.652522,-0.013685,-0.652359,0.756481,-0.046520,-0.020003,0.044173,0.998824,0,0.03948,0.02992,2.369,0.060,-1,375.000,-1,400.000,-1,325.000,325.000,300.000,300.000,-1,675.000,600.000,-1,725.000,750.000,-1,-1,2,0,2,0,2,0,0,0,0,2,0,0,2,0,0,2,2
89,2609.735,-5303.430,83.959,-40.720,0.758327,0.651726,-0.013894,-0.651573,0.757156,-0.046559,-0.019824,0.044360,0.998819,0,0.11948,0.02992,7.169,0.060,-1,375.000,-1,400.000,-1,325.000,325.000,300.000,300.000,-1,675.000,600.000,-1,725.000,750.000,-1,-1,2,0,2,0,2,0,0,0,0,2,0,0,2,0,0,2,2
90,2618.815,-5311.228,83.710,-40.661,0.759007,0.650927,-0.014242,-0.650788,0.757826,-0.046626,-0.019558,0.044658,0.998811,0,0.19948,0.02992,11.969,0.060,-1,375.000,-1,400.000,-1,325.000,325.000,300.000,300.000,-1,675.000,600.000,-1,725.000,750.000,-1,-1,2,0,2,0,2,0,0,0,0,2,0,0,2,0,0,2,2
91,2631.547,-5322.141,83.365,-40.601,0.759686,0.650123,-0.014724,-0.650006,0.758492,-0.046723,-0.019208,0.045066,0.998799,0,0.27948,0.02992,16.769,0.060,-1,375.000,-1,400.000,-1,325.000,325.000,300.000,300.000,-1,675.000,625.000,-1,725.000,750.000,-1,-1,2,0,2,0,2,0,0,0,0,2,0,0,2,0,0,2,2
92,2647.938,-5336.160,82.923,-40.541,0.760364,0.649316,-0.015337,-0.649226,0.759153,-0.046832,-0.018766,0.045567,0.998785,0,0.35948,0.02992,21.569,0.060,-1,375.000,-1,400.000,-1,325.000,325.000,300.000,300.000,-1,700.000,625.000,-1,725.000,750.000,-1,-1,2,0,2,0,2,0,0,0,0,2,0,0,2,0,0,2,2
93,2667.995,-5353.279,82.372,-40.481,0.761040,0.648506,-0.016071,-0.648450,0.759812,-0.046891,-0.018198,0.046108,0.998771,0,0.43948,0.02992,26.369,0.060,-1,375.000,-1,400.000,-1,325.000,325.000,300.000,300.000,-1,700.000,625.000,-1,725.000,750.000,-1,-1,2,0,2,0,2,0,0,0,0,2,0,0,2,0,0,2,2
94,2691.724,-5373.488,81.730,-40.421,0.761713,0.647694,-0.016924,-0.647677,0.760466,-0.046962,-0.017547,0.046733,0.998753,0,0.51948,0.02992,31.169,0.060,-1,375.000,-1,400.000,-1,325.000,325.000,300.000,300.000,-1,700.000,625.000,-1,725.000,750.000,-1,-1,2,0,2,0,2,0,0,0,0,2,0,0,2,0,0,2,2
95,2719.131,-5396.782,81.085,-40.361,0.762385,0.646887,-0.017490,-0.646898,0.761128,-0.046969,-0.017072,0.047123,0.998743,0,0.59948,0.02992,35.969,0.060,-1,375.000,-1,400.000,-1,325.000,325.000,300.000,300.000,-1,725.000,625.000,-1,725.000,750.000,-1,-1,2,0,2,0,2,0,0,0,0,2,0,0,2,0,0,2,2
96,2750.224,-5423.151,80.393,-40.302,0.763056,0.646082,-0.017979,-0.646118,0.761792,-0.046953,-0.016639,0.047445,0.998735,0,0.67948,0.02992,40.769,0.060,-1,375.000,-1,400.000,-1,325.000,325.000,300.000,300.000,-1,750.000,650.000,-1,750.000,750.000,-1,-1,2,0,2,0,2,0,0,0,0,2,0,0,2,0,0,2,2
97,2783.083,-5450.960,79.674,-40.242,0.763726,0.645276,-0.018484,-0.645337,0.762454,-0.046941,-0.016197,0.047779,0.998727,0,0.71744,0.02992,43.046,0.060,-1,375.000,-1,400.000,-1,325.000,325.000,300.000,300.000,-1,775.000,675.000,-1,750.000,750.000,-1,-1,2,0,2,0,2,0,0,0,0,2,0,0,2,0,0,2,2
98,2815.970,-5478.734,78.966,-40.182,0.764395,0.644469,-0.018977,-0.644556,0.763115,-0.046934,-0.015766,0.048108,0.998718,0,0.71744,0.02992,43.046,0.060,-1,375.000,-1,400.000,-1,325.000,325.000,300.000,300.000,-1,800.000,700.000,-1,750.000,775.000,-1,-1,2,0,2,0,2,0,0,0,0,2,0,0,2,0,0,2,2
99,2848.970,-5506.538,78.266,-40.116,0.765129,0.643582,-0.019459,-0.643694,0.763843,-0.046932,-0.015341,0.048435,0.998709,0,0.71920,0.03289,43.152,0.066,-1,400.000,-1,400.000,-1,325.000,325.000,300.000,300.000,-1,825.000,725.000,-1,750.000,775.000,-1,-1,2,0,2,0,2,0,0,0,0,2,0,0,2,0,0,2,2
100,2878.349,-5531.190,77.682,-40.001,0.766417,0.642036,-0.019873,-0.642172,0.765130,-0.046812,-0.014850,0.048640,0.998706,0,0.63920,0.05769,38.352,0.115,-1,400.000,-1,400.000,-1,325.000,325.000,300.000,300.000,-1,850.000,750.000,-1,750.000,775.000,-1,-1,2,0,2,0,2,0,0,0,0,2,0,0,2,0,0,2,2
101,2904.474,-5553.018,77.187,-39.880,0.767764,0.640413,-0.020231,-0.640572,0.766480,-0.046645,-0.014365,0.048772,0.998707,0,0.56738,0.06056,34.043,0.121,-1,400.000,-1,400.000,-1,325.000,325.000,300.000,300.000,-1,850.000,775.000,-1,750.000,775.000,-1,-1,2,0,2,0,2,0,0,0,0,2,0,0,2,0,0,2,2
102,2930.703,-5574.835,76.697,-39.753,0.769165,0.638718,-0.020583,-0.638899,0.767884,-0.046491,-0.013890,0.048910,0.998707,0,0.56861,0.06313,34.117,0.126,-1,400.000,-1,400.000,-1,325.000,325.000,300.000,300.000,-1,875.000,775.000,-1,750.000,775.000,-1,-1,2,0,2,0,2,0,0,0,0,2,0,0,2,0,0,2,2
103,2957.036,-5596.636,76.182,-39.622,0.770621,0.636954,-0.020803,-0.637151,0.769346,-0.046325,-0.013502,0.048954,0.998710,0,0.56977,0.06571,34.186,0.131,-1,400.000,-1,400.000,-1,325.000,325.000,300.000,300.000,-1,875.000,800.000,-1,750.000,775.000,-1,-1,2,0,2,0,2,0,0,0,0,2,0,0,2,0,0,2,2
104,2983.471,-5618.416,75.660,-39.485,0.772130,0.635115,-0.021061,-0.635330,0.770859,-0.046181,-0.013095,0.049039,0.998711,0,0.57086,0.06831,34.252,0.137,-1,400.000,-1,400.000,-1,325.000,325.000,300.000,300.000,-1,900.000,825.000,-1,750.000,775.000,-1,-1,2,0,2,0,2,0,0,0,0,2,0,0,2,0,0,2,2
105,3010.007,-5640.169,75.142,-39.343,0.773693,0.633202,-0.021311,-0.633434,0.772426,-0.046050,-0.012698,0.049128,0.998712,0,0.57188,0.07092,34.313,0.142,-1,400.000,-1,400.000,-1,325.000,325.000,300.000,300.000,-1,925.000,825.000,-1,750.000,775.000,-1,-1,2,0,2,0,2,0,0,0,0,2,0,0,2,0,0,2,2
106,3036.643,-5661.890,74.648,-39.196,0.775311,0.631212,-0.021554,-0.631459,0.774042,-0.046026,-0.012369,0.049295,0.998708,0,0.57283,0.07355,34.370,0.147,-1,400.000,-1,400.000,-1,325.000,325.000,300.000,300.000,-1,950.000,850.000,-1,750.000,775.000,-1,-1,2,0,2,0,2,0,0,0,0,2,0,0,2,0,0,2,2
107,3063.378,-5683.573,74.200,-39.044,0.776986,0.629140,-0.021788,-0.629400,0.775705,-0.046233,-0.012186,0.049636,0.998693,0,0.57370,0.07619,34.422,0.152,-1,400.000,-1,400.000,-1,325.000,325.000,300.000,300.000,-1,975.000,875.000,-1,750.000,775.000,-1,-1,2,0,2,0,2,0,0,0,0,2,0,0,2,0,0,2,2
108,3090.210,-5705.212,73.756,-38.886,0.778714,0.626992,-0.022013,-0.627264,0.777421,-0.046446,-0.012008,0.049976,0.998678,0,0.57450,0.07885,34.470,0.158,-1,400.000,-1,400.000,-1,325.000,325.000,300.000,300.000,-1,1000.000,925.000,-1,750.000,775.000,-1,-1,2,0,2,0,2,0,0,0,0,2,0,0,2,0,0,2,2
109,3120.742,-5729.909,73.246,-38.969,0.777816,0.628098,-0.022242,-0.628376,0.776507,-0.046700,-0.012061,0.050301,0.998661,0,0.65450,-0.04115,39.270,-0.082,-1,400.000,-1,400.000,-1,325.000,325.000,300.000,300.000,-1,-1,950.000,-1,750.000,775.000,-1,-1,2,0,2,0,2,0,0,0,0,2,2,0,2,0,0,2,2
110,3154.850,-5757.817,72.660,-39.291,0.774278,0.632447,-0.022474,-0.632725,0.772949,-0.046995,-0.012350,0.050607,0.998642,0,0.73450,-0.16115,44.070,-0.322,-1,400.000,-1,400.000,-1,325.000,325.000,300.000,300.000,-1,-1,1000.000,-1,750.000,775.000,-1,-1,2,0,2,0,2,0,0,0,0,2,2,0,2,0,0,2,2
111,3192.367,-5789.134,71.988,-39.853,0.768045,0.639992,-0.022724,-0.640266,0.766693,-0.047334,-0.012871,0.050904,0.998621,0,0.81450,-0.28115,48.870,-0.562,-1,400.000,-1,400.000,-1,325.000,325.000,300.000,300.000,-1,-1,-1,-1,750.000,775.000,-1,-1,2,0,2,0,2,0,0,0,0,2,2,2,2,0,0,2,2
112,3230.949,-5822.219,71.268,-40.614,0.759497,0.650103,-0.023039,-0.650370,0.758118,-0.047708,-0.013549,0.051218,0.998596,0,0.84708,-0.38029,50.825,-0.761,-1,400.000,-1,400.000,-1,325.000,325.000,300.000,300.000,-1,-1,-1,-1,750.000,775.000,-1,-1,2,0,2,0,2,0,0,0,0,2,2,2,2,0,0,2,2
113,3269.080,-5855.795,70.499,-41.366,0.750918,0.659983,-0.023333,-0.660241,0.749509,-0.048148,-0.014288,0.051561,0.998568,0,0.84677,-0.37594,50.806,-0.752,-1,400.000,-1,400.000,-1,325.000,325.000,300.000,300.000,-1,-1,-1,-1,775.000,775.000,-1,-1,2,0,2,0,2,0,0,0,0,2,2,2,2,0,0,2,2
114,3306.744,-5889.839,69.688,-42.110,0.742295,0.669657,-0.023609,-0.669903,0.740855,-0.048619,-0.015068,0.051905,0.998538,0,0.84616,-0.37233,50.770,-0.745,-1,400.000,-1,400.000,-1,325.000,325.000,300.000,300.000,-1,-1,-1,-1,775.000,775.000,-1,-1,2,0,2,0,2,0,0,0,0,2,2,2,2,0,0,2,2
115,3343.927,-5924.331,68.844,-42.850,0.733608,0.679154,-0.023863,-0.679388,0.732136,-0.049090,-0.015869,0.052226,0.998509,0,0.84529,-0.36985,50.717,-0.740,-1,400.000,-1,400.000,-1,325.000,325.000,300.000,300.000,-1,-1,-1,-1,775.000,775.000,-1,-1,2,0,2,0,2,0,0,0,0,2,2,2,2,0,0,2,2
116,3381.347,-5959.732,68.003,-43.411,0.726938,0.686287,-0.023901,-0.686501,0.725439,-0.049544,-0.016663,0.052424,0.998486,0,0.85853,-0.28068,51.512,-0.561,-1,400.000,-1,400.000,-1,325.000,325.000,300.000,300.000,-1,-1,-1,-1,775.000,775.000,-1,-1,2,0,2,0,2,0,0,0,0,2,2,2,2,0,0,2,2
117,3418.304,-5995.374,67.143,-43.963,0.720320,0.693231,-0.023873,-0.693422,0.718797,-0.049974,-0.017483,0.052551,0.998465,0,0.85572,-0.27566,51.343,-0.551,-1,400.000,-1,400.000,-1,325.000,325.000,300.000,300.000,-1,-1,-1,-1,775.000,775.000,-1,-1,2,0,2,0,2,0,0,0,0,2,2,2,2,0,0,2,2
118,3454.784,-6031.230,66.210,-44.506,0.713733,0.700013,-0.023821,-0.700182,0.712199,-0.050179,-0.018160,0.052493,0.998456,0,0.85252,-0.27143,51.151,-0.543,-1,400.000,-1,400.000,-1,325.000,325.000,300.000,300.000,-1,-1,-1,-1,750.000,775.000,-1,-1,2,0,2,0,2,0,0,0,0,2,2,2,2,0,0,2,2
119,3490.776,-6067.275,65.247,-45.042,0.707167,0.706647,-0.023764,-0.706796,0.705622,-0.050374,-0.018828,0.052420,0.998448,0,0.84898,-0.26801,50.939,-0.536,-1,400.000,-1,400.000,-1,325.000,325.000,300.000,300.000,-1,-1,-1,-1,750.000,775.000,-1,-1,2,0,2,0,2,0,0,0,0,2,2,2,2,0,0,2,2
120,3526.274,-6103.490,64.255,-45.572,0.700604,0.713157,-0.023701,-0.713284,0.699049,-0.050561,-0.019490,0.052329,0.998440,0,0.84517,-0.26538,50.710,-0.531,-1,400.000,-1,400.000,-1,325.000,325.000,300.000,300.000,-1,-1,-1,-1,750.000,775.000,-1,-1,2,0,2,0,2,0,0,0,0,2,2,2,2,0,0,2,2
121,3561.271,-6139.856,63.236,-46.100,0.694026,0.719562,-0.023633,-0.719668,0.692462,-0.050735,-0.020143,0.052219,0.998432,0,0.84118,-0.26356,50.471,-0.527,-1,400.000,-1,400.000,-1,325.000,325.000,300.000,300.000,-1,-1,-1,-1,750.000,775.000,-1,-1,2,0,2,0,2,0,0,0,0,2,2,2,2,0,0,2,2
122,3595.763,-6176.363,62.198,-46.625,0.687414,0.725884,-0.023552,-0.725969,0.685845,-0.050858,-0.020764,0.052059,0.998428,0,0.83706,-0.26253,50.224,-0.525,-1,400.000,-1,400.000,-1,325.000,325.000,300.000,300.000,-1,-1,-1,-1,750.000,775.000,-1,-1,2,0,2,0,2,0,0,0,0,2,2,2,2,0,0,2,2
123,3629.751,-6213.001,61.128,-47.149,0.680751,0.732140,-0.023435,-0.732202,0.679177,-0.050980,-0.021408,0.051864,0.998425,0,0.83291,-0.26229,49.975,-0.525,-1,400.000,-1,400.000,-1,325.000,325.000,300.000,300.000,-1,-1,-1,-1,750.000,775.000,-1,-1,2,0,2,0,2,0,0,0,0,2,2,2,2,0,0,2,2
124,3663.233,-6249.766,60.048,-47.675,0.674019,0.738345,-0.023330,-0.738383,0.672436,-0.051189,-0.022107,0.051729,0.998416,0,0.82878,-0.26283,49.727,-0.526,-1,400.000,-1,400.000,-1,325.000,325.000,300.000,300.000,-1,-1,-1,-1,750.000,775.000,-1,-1,2,0,2,0,2,0,0,0,0,2,2,2,2,0,0,2,2
125,3696.215,-6286.657,58.941,-48.203,0.667197,0.744520,-0.023227,-0.744533,0.665605,-0.051388,-0.022800,0.051579,0.998409,0,0.82475,-0.26413,49.485,-0.528,-1,400.000,-1,400.000,-1,325.000,325.000,300.000,300.000,-1,-1,-1,-1,750.000,775.000,-1,-1,2,0,2,0,2,0,0,0,0,2,2,2,2,0,0,2,2
126,3728.699,-6323.679,57.800,-48.735,0.660263,0.750677,-0.023163,-0.750668,0.658663,-0.051581,-0.023464,0.051444,0.998400,0,0.82088,-0.26618,49.253,-0.532,-1,400.000,-1,400.000,-1,325.000,325.000,300.000,300.000,-1,-1,-1,-1,750.000,775.000,-1,-1,2,0,2,0,2,0,0,0,0,2,2,2,2,0,0,2,2
127,3760.691,-6360.839,56.621,-49.273,0.653199,0.756832,-0.023152,-0.756803,0.651590,-0.051766,-0.024093,0.051335,0.998391,0,0.81723,-0.26897,49.034,-0.538,-1,400.000,-1,400.000,-1,325.000,325.000,300.000,300.000,-1,-1,-1,-1,750.000,750.000,-1,-1,2,0,2,0,2,0,0,0,0,2,2,2,2,0,0,2,2
128,3795.130,-6401.265,55.321,-49.571,0.649264,0.760211,-0.023138,-0.760168,0.647646,-0.051953,-0.024510,0.051320,0.998381,0,0.88511,-0.14897,53.106,-0.298,-1,400.000,-1,400.000,-1,325.000,325.000,300.000,300.000,-1,-1,-1,-1,750.000,750.000,-1,-1,2,0,2,0,2,0,0,0,0,2,2,2,2,0,0,2,2
129,3829.421,-6441.598,54.014,-49.629,0.648501,0.760863,-0.023122,-0.760813,0.646874,-0.052127,-0.024705,0.051396,0.998373,0,0.88234,-0.02897,52.940,-0.058,-1,400.000,-1,400.000,-1,325.000,325.000,300.000,300.000,-1,-1,-1,-1,750.000,750.000,-1,-1,2,0,2,0,2,0,0,0,0,2,2,2,2,0,0,2,2
130,3863.763,-6481.732,52.730,-49.447,0.650918,0.758794,-0.023201,-0.758749,0.649280,-0.052295,-0.024617,0.051643,0.998362,0,0.88036,0.09103,52.821,0.182,-1,400.000,-1,400.000,-1,325.000,325.000,300.000,300.000,-1,-1,-1,-1,750.000,750.000,-1,-1,2,0,2,0,2,0,0,0,0,2,2,2,2,0,0,2,2
131,3898.287,-6521.611,51.479,-49.117,0.655280,0.755024,-0.023387,-0.754995,0.653630,-0.052451,-0.024315,0.052027,0.998350,0,0.87912,0.16511,52.747,0.330,-1,400.000,-1,400.000,-1,325.000,325.000,300.000,300.000,-1,-1,-1,-1,750.000,750.000,-1,-1,2,0,2,0,2,0,0,0,0,2,2,2,2,0,0,2,2
132,3933.005,-6561.267,50.244,-48.799,0.659459,0.751371,-0.023568,-0.751357,0.657798,-0.052571,-0.023997,0.052376,0.998339,0,0.87844,0.15900,52.706,0.318,-1,400.000,-1,400.000,-1,325.000,325.000,300.000,300.000,-1,-1,-1,-1,750.000,750.000,-1,-1,2,0,2,0,2,0,0,0,0,2,2,2,2,0,0,2,2
133,3967.918,-6600.721,49.024,-48.494,0.663446,0.747847,-0.023743,-0.747850,0.661776,-0.052655,-0.023665,0.052690,0.998330,0,0.87806,0.15245,52.683,0.305,-1,400.000,-1,400.000,-1,325.000,325.000,300.000,300.000,-1,-1,-1,-1,750.000,750.000,-1,-1,2,0,2,0,2,0,0,0,0,2,2,2,2,0,0,2,2
134,4003.733,-6640.770,47.795,-48.195,0.667337,0.744372,-0.023918,-0.744391,0.665661,-0.052702,-0.023309,0.052974,0.998324,0,0.89545,0.14953,53.727,0.299,-1,400.000,-1,400.000,-1,325.000,325.000,300.000,300.000,-1,-1,-1,-1,750.000,750.000,-1,-1,2,0,2,0,2,0,0,0,0,2,2,2,2,0,0,2,2
135,4039.728,-6680.611,46.587,-47.903,0.671119,0.740960,-0.024030,-0.740994,0.669442,-0.052680,-0.022947,0.053161,0.998322,0,0.89488,0.14611,53.693,0.292,-1,400.000,-1,400.000,-1,325.000,325.000,300.000,300.000,-1,-1,-1,-1,750.000,750.000,-1,-1,2,0,2,0,2,0,0,0,0,2,2,2,2,0,0,2,2
136,4075.902,-6720.252,45.393,-47.618,0.674783,0.737621,-0.024143,-0.737671,0.673107,-0.052618,-0.022562,0.053315,0.998323,0,0.89443,0.14223,53.666,0.284,-1,400.000,-1,400.000,-1,325.000,325.000,300.000,300.000,-1,-1,-1,-1,725.000,750.000,-1,-1,2,0,2,0,2,0,0,0,0,2,2,2,2,0,0,2,2
