timestep,x_cm,y_cm,z_cm,yaw_deg,basis_xx,basis_xy,basis_xz,basis_yx,basis_yy,basis_yz,basis_zx,basis_zy,basis_zz,teleport_flag,throttle_cmd,steering_cmd,cmd_move_cm,cmd_turn_deg,lidar_cm_0,lidar_cm_1,lidar_cm_2,lidar_cm_3,lidar_cm_4,lidar_cm_5,lidar_cm_6,lidar_cm_7,lidar_cm_8,lidar_cm_9,lidar_cm_10,lidar_cm_11,lidar_cm_12,lidar_cm_13,lidar_cm_14,lidar_cm_15,lidar_cm_16,lidar_class_0,lidar_class_1,lidar_class_2,lidar_class_3,lidar_class_4,lidar_class_5,lidar_class_6,lidar_class_7,lidar_class_8,lidar_class_9,lidar_class_10,lidar_class_11,lidar_class_12,lidar_class_13,lidar_class_14,lidar_class_15,lidar_class_16
0,-5571.131,9508.858,355.499,-26.798,0.890133,0.450708,-0.067275,-0.451360,0.892322,0.006037,0.062752,0.024991,0.997716,1,0.08000,0.12000,4.800,0.240,900.000,400.000,-1,400.000,-1,325.000,325.000,300.000,300.000,-1,-1,-1,-1,875.000,800.000,-1,-1,1,0,2,0,2,0,0,0,0,2,2,2,2,0,0,2,2
1,-5562.537,9504.581,356.101,-26.455,0.892831,0.445359,-0.067148,-0.446000,0.895013,0.005953,0.062749,0.024633,0.997725,0,0.16000,0.17158,9.600,0.343,875.000,400.000,-1,400.000,-1,325.000,325.000,300.000,300.000,-1,-1,-1,-1,875.000,800.000,-1,-1,1,0,2,0,2,0,0,0,0,2,2,2,2,0,0,2,2
2,-5549.606,9498.243,357.008,-26.111,0.895510,0.439975,-0.066959,-0.440606,0.897682,0.005827,0.062671,0.024284,0.997739,0,0.24000,0.17220,14.400,0.344,850.000,400.000,-1,400.000,-1,325.000,325.000,300.000,300.000,-1,-1,-1,-1,875.000,800.000,-1,-1,1,0,2,0,2,0,0,0,0,2,2,2,2,0,0,2,2
3,-5532.315,9489.898,358.222,-25.764,0.898181,0.434536,-0.066706,-0.435158,0.900336,0.005659,0.062516,0.023945,0.997757,0,0.32000,0.17343,19.200,0.347,850.000,400.000,-1,400.000,-1,325.000,325.000,300.000,300.000,-1,-1,-1,-1,875.000,825.000,-1,-1,1,0,2,0,2,0,0,0,0,2,2,2,2,0,0,2,2
4,-5510.638,9479.598,359.744,-25.413,0.900850,0.429024,-0.066389,-0.429638,0.902985,0.005449,0.062286,0.023614,0.997779,0,0.40000,0.17525,24.000,0.350,850.000,400.000,-1,400.000,-1,325.000,325.000,300.000,300.000,-1,-1,-1,-1,875.000,825.000,-1,-1,1,0,2,0,2,0,0,0,0,2,2,2,2,0,0,2,2
5,-5484.548,9467.400,361.575,-25.058,0.903526,0.423419,-0.066007,-0.424028,0.905634,0.005198,0.061979,0.023292,0.997806,0,0.48000,0.17764,28.800,0.355,850.000,400.000,-1,400.000,-1,325.000,325.000,300.000,300.000,-1,-1,-1,-1,875.000,825.000,-1,-1,1,0,2,0,2,0,0,0,0,2,2,2,2,0,0,2,2
6,-5454.022,9453.362,363.715,-24.697,0.906214,0.417705,-0.065559,-0.418308,0.908292,0.004905,0.061596,0.022979,0.997837,0,0.56000,0.18058,33.600,0.361,850.000,400.000,-1,400.000,-1,325.000,325.000,300.000,300.000,-1,-1,-1,-1,875.000,825.000,-1,-1,1,0,2,0,2,0,0,0,0,2,2,2,2,0,0,2,2
7,-5419.032,9437.542,366.167,-24.329,0.908920,0.411865,-0.065046,-0.412463,0.910963,0.004568,0.061136,0.022677,0.997872,0,0.64000,0.18404,38.400,0.368,-1,425.000,-1,400.000,-1,325.000,325.000,300.000,300.000,-1,-1,-1,-1,900.000,825.000,-1,-1,2,0,2,0,2,0,0,0,0,2,2,2,2,0,0,2,2
8,-5379.553,9420.003,368.898,-23.953,0.911646,0.405882,-0.064509,-0.406469,0.913654,0.004353,0.060705,0.022253,0.997908,0,0.72000,0.18798,43.200,0.376,-1,425.000,-1,400.000,-1,325.000,325.000,300.000,300.000,-1,-1,-1,-1,900.000,825.000,-1,-1,2,0,2,0,2,0,0,0,0,2,2,2,2,0,0,2,2
9,-5335.557,9400.811,371.870,-23.568,0.914389,0.399744,-0.064002,-0.400300,0.916373,0.004451,0.060429,0.021550,0.997940,0,0.80000,0.19236,48.000,0.385,-1,425.000,-1,400.000,-1,325.000,325.000,300.000,300.000,-1,-1,-1,-1,925.000,850.000,-1,-1,2,0,2,0,2,0,0,0,0,2,2,2,2,0,0,2,2
10,-5287.017,9380.032,374.874,-23.174,0.917241,0.393444,-0.062208,-0.393902,0.919137,0.005231,0.059236,0.019705,0.998049,0,0.88000,0.19714,52.800,0.394,-1,425.000,-1,400.000,-1,325.000,325.000,300.000,300.000,-1,-1,-1,-1,925.000,850.000,-1,-1,2,0,2,0,2,0,0,0,0,2,2,2,2,0,0,2,2
11,-5234.883,9358.149,378.013,-22.769,0.920147,0.386962,-0.059918,-0.387302,0.921931,0.006298,0.057677,0.017411,0.998183,0,0.94234,0.20225,56.540,0.404,-1,425.000,-1,400.000,-1,325.000,325.000,300.000,300.000,-1,-1,-1,-1,900.000,850.000,-1,-1,2,0,2,0,2,0,0,0,0,2,2,2,2,0,0,2,2
12,-5182.873,9336.760,381.130,-22.354,0.923067,0.380288,-0.057698,-0.380518,0.924744,0.007364,0.056156,0.015158,0.998307,0,0.93729,0.20751,56.237,0.415,-1,425.000,-1,400.000,-1,325.000,325.000,300.000,300.000,-1,-1,-1,-1,900.000,850.000,-1,-1,2,0,2,0,2,0,0,0,0,2,2,2,2,0,0,2,2
13,-5130.998,9315.875,384.097,-21.929,0.925963,0.373428,-0.056076,-0.373581,0.927562,0.008130,0.055050,0.013421,0.998393,0,0.93203,0.21247,55.922,0.425,-1,425.000,-1,425.000,-1,325.000,325.000,275.000,300.000,-1,-1,-1,-1,900.000,850.000,-1,-1,2,0,2,0,2,0,0,1,0,2,2,2,2,0,0,2,2
14,-5079.270,9295.503,386.674,-21.495,0.928896,0.366390,-0.053952,-0.366553,0.930369,0.007192,0.052830,0.013096,0.998518,0,0.92658,0.21710,55.595,0.434,-1,425.000,-1,400.000,-1,325.000,325.000,275.000,300.000,-1,-1,-1,-1,900.000,850.000,-1,-1,2,0,2,0,2,0,0,1,0,2,2,2,2,0,0,2,2
15,-5031.792,9277.448,389.020,-20.821,0.933260,0.355419,-0.051996,-0.355587,0.934622,0.006294,0.050833,0.012615,0.998627,0,0.84658,0.33710,50.795,0.674,-1,425.000,-1,400.000,-1,325.000,325.000,250.000,300.000,-1,-1,-1,-1,900.000,850.000,-1,-1,2,0,2,0,2,0,0,1,0,2,2,2,2,0,0,2,2
16,-4985.686,9260.752,391.288,-19.907,0.938922,0.340465,-0.050092,-0.340630,0.940181,0.005456,0.048953,0.011940,0.998730,0,0.81728,0.45710,49.037,0.914,-1,400.000,-1,400.000,-1,325.000,325.000,250.000,300.000,-1,-1,-1,-1,875.000,825.000,-1,-1,2,0,2,0,2,0,0,1,0,2,2,2,2,0,0,2,2
17,-4939.428,9245.047,393.554,-18.752,0.945697,0.321460,-0.048168,-0.321617,0.946858,0.004675,0.047111,0.011070,0.998828,0,0.81418,0.57710,48.851,1.154,-1,400.000,-1,400.000,-1,325.000,325.000,225.000,300.000,-1,-1,-1,-1,875.000,825.000,-1,-1,2,0,2,0,2,0,0,1,0,2,2,2,2,0,0,2,2
18,-4892.953,9230.438,395.823,-17.450,0.952866,0.299853,-0.046212,-0.299995,0.953932,0.003975,0.045275,0.010076,0.998924,0,0.81196,0.65140,48.718,1.303,-1,400.000,-1,400.000,-1,325.000,325.000,225.000,300.000,-1,-1,-1,-1,875.000,825.000,-1,-1,2,0,2,0,2,0,0,1,0,2,2,2,2,0,0,2,2
19,-4846.258,9216.916,398.099,-16.150,0.959522,0.278138,-0.044225,-0.278266,0.960498,0.003362,0.043413,0.009080,0.999016,0,0.81023,0.64992,48.614,1.300,-1,400.000,-1,400.000,-1,325.000,325.000,225.000,300.000,-1,-1,-1,-1,875.000,825.000,-1,-1,2,0,2,0,2,0,0,1,0,2,2,2,2,0,0,2,2
20,-4799.377,9204.483,400.381,-14.853,0.965665,0.256337,-0.042208,-0.256449,0.966554,0.002839,0.041524,0.008083,0.999105,0,0.80837,0.64823,48.502,1.296,-1,400.000,-1,400.000,-1,325.000,325.000,225.000,300.000,-1,-1,-1,-1,850.000,825.000,-1,-1,2,0,2,0,2,0,0,1,0,2,2,2,2,0,0,2,2
21,-4752.343,9193.138,402.665,-13.561,0.971293,0.234469,-0.040167,-0.234564,0.972098,0.002406,0.039610,0.007085,0.999190,0,0.80638,0.64633,48.383,1.293,-1,400.000,-1,400.000,-1,325.000,325.000,225.000,300.000,-1,-1,-1,-1,850.000,825.000,-1,-1,2,0,2,0,2,0,0,1,0,2,2,2,2,0,0,2,2
22,-4705.190,9182.881,404.952,-12.272,0.976406,0.212554,-0.038105,-0.212631,0.977130,0.002064,0.037672,0.006087,0.999272,0,0.80426,0.64421,48.256,1.288,-1,400.000,-1,400.000,-1,325.000,325.000,225.000,300.000,-1,-1,-1,-1,850.000,800.000,-1,-1,2,0,2,0,2,0,0,1,0,2,2,2,2,0,0,2,2
23,-4657.951,9173.708,407.228,-10.989,0.981004,0.190610,-0.036053,-0.190668,0.981653,0.001864,0.035746,0.005046,0.999348,0,0.80202,0.64187,48.121,1.284,-1,400.000,-1,400.000,-1,325.000,325.000,225.000,300.000,-1,-1,-1,-1,850.000,800.000,-1,-1,2,0,2,0,2,0,0,1,0,2,2,2,2,0,0,2,2
24,-4610.659,9165.616,409.159,-9.710,0.985073,0.168659,-0.034417,-0.168648,0.985671,0.003241,0.034471,0.002612,0.999402,0,0.79966,0.63932,47.980,1.279,-1,400.000,-1,400.000,-1,325.000,325.000,225.000,300.000,-1,-1,-1,-1,825.000,800.000,-1,-1,2,0,2,0,2,0,0,1,0,2,2,2,2,0,0,2,2
25,-4563.345,9158.598,410.969,-8.437,0.988640,0.146718,-0.032628,-0.146635,0.989178,0.004943,0.033000,-0.000102,0.999455,0,0.79719,0.63655,47.831,1.273,-1,400.000,-1,400.000,-1,325.000,325.000,200.000,300.000,-1,-1,-1,-1,825.000,800.000,-1,-1,2,0,2,0,2,0,0,1,0,2,2,2,2,0,0,2,2
26,-4516.041,9152.647,412.280,-7.170,0.991674,0.124808,-0.031719,-0.124712,0.992180,0.004981,0.032092,-0.000984,0.999484,0,0.79462,0.63357,47.677,1.267,-1,400.000,-1,400.000,-1,325.000,325.000,200.000,300.000,-1,-1,-1,-1,825.000,800.000,-1,-1,2,0,2,0,2,0,0,1,0,2,2,2,2,0,0,2,2
27,-4469.362,9148.019,413.516,-5.663,0.994647,0.098669,-0.030691,-0.098567,0.995119,0.004827,0.031017,-0.001776,0.999517,0,0.78179,0.75357,46.907,1.507,-1,400.000,-1,400.000,-1,325.000,325.000,200.000,300.000,-1,-1,-1,-1,825.000,800.000,-1,-1,2,0,2,0,2,0,0,1,0,2,2,2,2,0,0,2,2
28,-4422.664,9144.822,414.747,-3.915,0.997225,0.068283,-0.029655,-0.068173,0.997662,0.004714,0.029908,-0.002679,0.999549,0,0.78013,0.87357,46.808,1.747,-1,400.000,-1,400.000,-1,325.000,325.000,200.000,300.000,-1,-1,-1,-1,800.000,800.000,-1,-1,2,0,2,0,2,0,0,1,0,2,2,2,2,0,0,2,2
29,-4375.930,9143.249,415.974,-1.928,0.999024,0.033648,-0.028611,-0.033529,0.999427,0.004654,0.028751,-0.003690,0.999580,0,0.77934,0.99357,46.760,1.987,-1,400.000,-1,400.000,-1,325.000,325.000,200.000,300.000,-1,-1,-1,-1,800.000,800.000,-1,-1,2,0,2,0,2,0,0,1,0,2,2,2,2,0,0,2,2
30,-4329.168,9143.308,417.195,0.072,0.999619,-0.001252,-0.027558,0.001381,0.999988,0.004666,0.027552,-0.004702,0.999609,0,0.77938,1.00000,46.763,2.000,-1,400.000,-1,400.000,-1,325.000,325.000,200.000,300.000,-1,-1,-1,-1,800.000,800.000,-1,-1,2,0,2,0,2,0,0,1,0,2,2,2,2,0,0,2,2
31,-4282.436,9144.998,418.411,2.072,0.998995,-0.036150,-0.026500,0.036288,0.999330,0.004750,0.026311,-0.005707,0.999638,0,0.77936,1.00000,46.762,2.000,-1,400.000,-1,400.000,-1,325.000,325.000,200.000,300.000,-1,-1,-1,-1,800.000,775.000,-1,-1,2,0,2,0,2,0,0,1,0,2,2,2,2,0,0,2,2
32,-4235.801,9148.318,419.618,4.072,0.997152,-0.071004,-0.025443,0.071150,0.997454,0.004907,0.025030,-0.006703,0.999664,0,0.77923,1.00000,46.754,2.000,-1,400.000,-1,400.000,-1,325.000,325.000,200.000,300.000,-1,-1,-1,-1,800.000,775.000,-1,-1,2,0,2,0,2,0,0,1,0,2,2,2,2,0,0,2,2
33,-4189.323,9153.262,420.814,6.072,0.994091,-0.105770,-0.024391,0.105925,0.994361,0.005135,0.023711,-0.007689,0.999689,0,0.77900,1.00000,46.740,2.000,-1,400.000,-1,400.000,-1,325.000,325.000,200.000,300.000,-1,-1,-1,-1,775.000,775.000,-1,-1,2,0,2,0,2,0,0,1,0,2,2,2,2,0,0,2,2
34,-4143.066,9159.822,421.998,8.072,0.989818,-0.140407,-0.023349,0.140569,0.990056,0.005435,0.022354,-0.008662,0.999713,0,0.77867,1.00000,46.720,2.000,-1,400.000,-1,400.000,-1,325.000,325.000,200.000,300.000,-1,-1,-1,-1,775.000,775.000,-1,-1,2,0,2,0,2,0,0,1,0,2,2,2,2,0,0,2,2
35,-4097.090,9167.988,423.166,10.072,0.984338,-0.174873,-0.022321,0.175041,0.984544,0.005804,0.020961,-0.009620,0.999734,0,0.77826,1.00000,46.695,2.000,-1,400.000,-1,400.000,-1,325.000,325.000,200.000,300.000,-1,-1,-1,-1,775.000,775.000,-1,-1,2,0,2,0,2,0,0,1,0,2,2,2,2,0,0,2,2
36,-4051.456,9177.748,424.318,12.072,0.977657,-0.209124,-0.021312,0.209298,0.977832,0.006241,0.019534,-0.010562,0.999753,0,0.77776,1.00000,46.666,2.000,-1,400.000,-1,400.000,-1,325.000,325.000,200.000,300.000,-1,-1,-1,-1,750.000,775.000,-1,-1,2,0,2,0,2,0,0,1,0,2,2,2,2,0,0,2,2
37,-4006.224,9189.086,425.922,14.072,0.969758,-0.243126,-0.021454,0.243268,0.969950,0.004272,0.019771,-0.009362,0.999761,0,0.77720,1.00000,46.632,2.000,-1,400.000,-1,400.000,-1,325.000,325.000,200.000,300.000,-1,-1,-1,-1,775.000,775.000,-1,-1,2,0,2,0,2,0,0,1,0,2,2,2,2,0,0,2,2
38,-3961.451,9201.985,427.166,16.072,0.960678,-0.276831,-0.021499,0.276941,0.960884,0.002271,0.020029,-0.008135,0.999766,0,0.77657,1.00000,46.594,2.000,-1,400.000,-1,400.000,-1,325.000,325.000,200.000,300.000,-1,-1,-1,-1,775.000,775.000,-1,-1,2,0,2,0,2,0,0,1,0,2,2,2,2,0,0,2,2
39,-3917.194,9216.426,428.187,18.072,0.950439,-0.310198,-0.021036,0.310293,0.950640,0.001316,0.019590,-0.007778,0.999778,0,0.77590,1.00000,46.554,2.000,-1,400.000,-1,400.000,-1,325.000,325.000,200.000,300.000,-1,-1,-1,-1,775.000,775.000,-1,-1,2,0,2,0,2,0,0,1,0,2,2,2,2,0,0,2,2
40,-3873.508,9232.388,428.967,20.072,0.939052,-0.343184,-0.020135,0.343281,0.939231,0.001477,0.018405,-0.008299,0.999796,0,0.77518,1.00000,46.511,2.000,-1,400.000,-1,400.000,-1,325.000,325.000,200.000,300.000,-1,-1,-1,-1,775.000,750.000,-1,-1,2,0,2,0,2,0,0,1,0,2,2,2,2,0,0,2,2
41,-3830.448,9249.849,429.371,22.072,0.926518,-0.375747,-0.019476,0.375873,0.926666,0.003147,0.016865,-0.010236,0.999805,0,0.77442,1.00000,46.465,2.000,1000.000,400.000,-1,400.000,-1,325.000,325.000,200.000,300.000,-1,-1,-1,-1,750.000,750.000,-1,-1,1,0,2,0,2,0,0,1,0,2,2,2,2,0,0,2,2
42,-3788.066,9268.782,429.654,24.072,0.912855,-0.407848,-0.018866,0.408006,0.912964,0.005303,0.015061,-0.012538,0.999808,0,0.77364,1.00000,46.419,2.000,950.000,400.000,-1,400.000,-1,325.000,325.000,200.000,300.000,-1,-1,-1,-1,750.000,750.000,-1,-1,1,0,2,0,2,0,0,1,0,2,2,2,2,0,0,2,2
43,-3746.414,9289.162,430.357,26.072,0.898064,-0.439459,-0.018906,0.439620,0.898169,0.005199,0.014696,-0.012980,0.999808,0,0.77285,1.00000,46.371,2.000,925.000,400.000,-1,400.000,-1,325.000,325.000,200.000,300.000,-1,-1,-1,-1,750.000,725.000,1000.000,-1,1,0,2,0,2,0,0,1,0,2,2,2,2,0,0,1,2
44,-3705.541,9310.961,431.036,28.072,0.882179,-0.470534,-0.018930,0.470697,0.882280,0.005068,0.014317,-0.013381,0.999808,0,0.77205,1.00000,46.323,2.000,875.000,400.000,-1,400.000,-1,325.000,325.000,200.000,300.000,-1,-1,-1,-1,750.000,725.000,950.000,-1,1,0,2,0,2,0,0,1,0,2,2,2,2,0,0,1,2
45,-3665.495,9334.148,431.690,30.072,0.865219,-0.501036,-0.018936,0.501201,0.865317,0.004912,0.013925,-0.013741,0.999809,0,0.77124,1.00000,46.275,2.000,850.000,400.000,-1,400.000,-1,325.000,325.000,200.000,300.000,-1,-1,-1,-1,750.000,700.000,900.000,-1,1,0,2,0,2,0,0,1,0,2,2,2,2,1,1,1,2
46,-3626.323,9358.694,432.316,32.072,0.847206,-0.530928,-0.018922,0.531093,0.847300,0.004732,0.013521,-0.014059,0.999810,0,0.77045,1.00000,46.227,2.000,800.000,400.000,-1,400.000,-1,325.000,325.000,200.000,300.000,-1,-1,-1,-1,750.000,675.000,850.000,-1,1,0,2,1,2,0,0,1,0,2,2,2,2,1,1,1,2
47,-3591.910,9381.758,432.857,33.832,0.830500,-0.556699,-0.018893,0.556864,0.830591,0.004551,0.013159,-0.014301,0.999811,0,0.69045,0.88000,41.427,1.760,775.000,400.000,-1,400.000,-1,325.000,325.000,200.000,300.000,-1,-1,-1,-1,725.000,650.000,800.000,-1,1,0,2,1,2,0,0,1,0,2,2,2,2,1,1,1,2
48,-3559.121,9405.019,433.363,35.352,0.815441,-0.578534,-0.018854,0.578698,0.815530,0.004359,0.012854,-0.014465,0.999813,0,0.67004,0.76000,40.202,1.520,750.000,400.000,-1,375.000,-1,325.000,325.000,200.000,300.000,-1,-1,-1,-1,675.000,625.000,775.000,975.000,1,0,2,1,2,0,0,1,0,2,2,2,2,1,1,1,1
49,-3526.925,9428.958,433.854,36.632,0.802314,-0.596606,-0.018809,0.596769,0.802402,0.004150,0.012616,-0.014554,0.999814,0,0.66867,0.64000,40.120,1.280,725.000,400.000,1000.000,375.000,-1,325.000,325.000,200.000,300.000,-1,-1,-1,-1,650.000,600.000,725.000,875.000,1,0,1,1,2,0,0,1,0,2,2,2,2,1,1,1,1
50,-3495.268,9453.400,434.333,37.672,0.791353,-0.611071,-0.018761,0.611233,0.791441,0.003937,0.012442,-0.014583,0.999816,0,0.66658,0.52000,39.995,1.040,675.000,400.000,975.000,375.000,-1,325.000,325.000,200.000,300.000,-1,-1,-1,-1,650.000,575.000,700.000,800.000,1,0,1,1,2,0,0,1,0,2,2,2,2,1,1,1,1
51,-3464.086,9478.178,434.809,38.472,0.782744,-0.622062,-0.018714,0.622222,0.782832,0.003749,0.012318,-0.014579,0.999818,0,0.66381,0.40000,39.829,0.800,650.000,375.000,925.000,375.000,-1,325.000,325.000,225.000,300.000,-1,-1,-1,-1,625.000,550.000,650.000,750.000,1,0,1,1,2,0,1,1,0,2,2,2,2,1,1,1,1
52,-3433.305,9503.132,435.304,39.032,0.776627,-0.629684,-0.018669,0.629841,0.776716,0.003542,0.012270,-0.014509,0.999819,0,0.66042,0.28000,39.625,0.560,625.000,375.000,900.000,350.000,-1,325.000,300.000,225.000,300.000,-1,-1,-1,-1,575.000,525.000,625.000,700.000,1,0,1,1,2,0,1,1,0,2,2,2,2,1,1,1,1
53,-3402.847,9528.107,436.674,39.352,0.773162,-0.634039,-0.014639,0.634133,0.773220,0.002464,0.009757,-0.011188,0.999890,0,0.65647,0.16000,39.388,0.320,575.000,375.000,850.000,350.000,950.000,325.000,300.000,250.000,300.000,-1,-1,-1,-1,550.000,500.000,575.000,625.000,1,0,1,1,1,0,1,1,0,2,2,2,2,1,1,1,1
54,-3372.630,9552.956,437.858,39.432,0.772315,-0.635135,-0.011527,0.635190,0.772354,0.001573,0.007904,-0.008537,0.999932,0,0.65204,0.04000,39.123,0.080,550.000,375.000,800.000,325.000,750.000,325.000,300.000,275.000,300.000,-1,-1,-1,-1,525.000,475.000,550.000,575.000,1,0,1,1,1,1,1,1,0,2,2,2,2,1,1,1,1
55,-3342.567,9577.537,439.028,39.272,0.774097,-0.632982,-0.010405,0.633024,0.774132,0.001053,0.007388,-0.007401,0.999945,0,0.64721,-0.08000,38.832,-0.160,525.000,375.000,775.000,325.000,700.000,300.000,275.000,275.000,300.000,-1,-1,-1,-1,500.000,475.000,525.000,525.000,1,0,1,1,1,1,1,1,0,2,2,2,2,1,1,1,1
56,-3312.574,9601.714,440.228,38.872,0.778482,-0.627558,-0.011722,0.627610,0.778527,0.001007,0.008494,-0.008140,0.999931,0,0.64206,-0.20000,38.524,-0.400,475.000,375.000,725.000,300.000,650.000,300.000,275.000,300.000,300.000,600.000,-1,-1,-1,475.000,450.000,500.000,500.000,1,1,1,1,1,1,1,1,0,1,2,2,2,1,1,1,1
57,-3282.565,9625.356,441.270,38.232,0.785400,-0.618811,-0.014823,0.618894,0.785473,0.001353,0.010806,-0.010236,0.999889,0,0.63672,-0.32000,38.203,-0.640,450.000,350.000,700.000,300.000,650.000,275.000,275.000,325.000,300.000,525.000,-1,-1,-1,475.000,425.000,475.000,475.000,1,1,1,1,1,1,1,0,0,1,2,2,2,1,1,1,1
58,-3252.457,9648.336,442.109,37.352,0.794725,-0.606649,-0.019730,0.606800,0.794851,0.002200,0.014348,-0.013721,0.999803,0,0.63128,-0.44000,37.877,-0.880,425.000,350.000,675.000,300.000,750.000,275.000,250.000,325.000,300.000,450.000,-1,-1,-1,450.000,425.000,450.000,475.000,1,1,1,1,1,1,1,0,0,1,2,2,2,1,1,1,1
59,-3218.032,9673.561,442.776,36.232,0.806244,-0.590940,-0.027595,0.591249,0.806480,0.003976,0.019905,-0.019521,0.999611,0,0.71128,-0.56000,42.677,-1.120,375.000,325.000,650.000,300.000,-1,275.000,250.000,300.000,325.000,400.000,-1,-1,-1,425.000,425.000,400.000,475.000,1,1,1,1,2,1,1,0,0,1,2,2,2,1,1,1,1
60,-3179.081,9700.706,443.597,34.872,0.819742,-0.571540,-0.036945,0.572117,0.820146,0.006537,0.026564,-0.026495,0.999296,0,0.79128,-0.68000,47.477,-1.360,350.000,300.000,625.000,275.000,-1,250.000,250.000,300.000,325.000,375.000,675.000,775.000,-1,400.000,400.000,350.000,475.000,1,1,1,1,2,1,1,1,0,1,0,0,2,1,1,1,1
61,-3136.823,9728.436,445.591,33.272,0.835173,-0.548360,-0.042274,0.549127,0.835697,0.008342,0.030754,-0.030181,0.999071,0,0.84239,-0.80000,50.544,-1.600,300.000,275.000,600.000,275.000,-1,225.000,225.000,275.000,350.000,375.000,525.000,650.000,-1,375.000,400.000,300.000,475.000,1,1,1,1,2,1,1,1,0,1,0,0,2,1,1,1,1
62,-3093.313,9755.029,447.690,31.432,0.852108,-0.521180,-0.047780,0.522181,0.852768,0.010654,0.035193,-0.034028,0.998801,0,0.84989,-0.92000,50.993,-1.840,250.000,250.000,550.000,275.000,-1,225.000,225.000,275.000,350.000,400.000,425.000,550.000,-1,350.000,375.000,250.000,475.000,1,1,1,1,2,1,1,1,0,1,0,0,2,1,1,1,1
63,-3044.909,9782.781,454.069,29.832,0.865652,-0.497322,-0.057601,0.497814,0.867259,-0.006478,0.053177,-0.023067,0.998319,0,0.92989,-0.80000,55.793,-1.600,250.000,250.000,-1,275.000,-1,225.000,225.000,275.000,350.000,425.000,275.000,300.000,-1,350.000,400.000,250.000,-1,1,1,2,1,2,1,1,1,0,1,0,0,2,1,1,1,2
64,-2992.162,9811.385,461.990,28.472,0.876213,-0.476706,-0.070729,0.475943,0.879018,-0.028363,0.075693,-0.008811,0.997092,0,1.00000,-0.68000,60.000,-1.360,275.000,250.000,-1,275.000,-1,225.000,225.000,300.000,350.000,475.000,175.000,175.000,-1,375.000,550.000,275.000,-1,1,1,2,1,2,1,1,1,0,1,0,0,2,1,1,1,2
65,-1639.851,8199.157,518.554,78.980,0.190356,-0.979769,-0.061779,0.981626,0.190811,-0.001492,0.013250,-0.060360,0.998089,1,0.00000,0.00000,60.000,-1.120,-1,400.000,-1,375.000,-1,325.000,325.000,300.000,300.000,-1,-1,-1,-1,775.000,725.000,-1,-1,2,0,2,0,2,0,0,0,0,2,2,2,2,0,0,2,2
66,-1638.953,8203.872,518.616,79.220,0.186257,-0.980552,-0.061849,0.982415,0.186704,-0.001469,0.012988,-0.060488,0.998084,0,0.08000,0.12000,4.800,0.240,-1,400.000,-1,375.000,-1,325.000,325.000,300.000,300.000,-1,-1,-1,-1,775.000,725.000,-1,-1,2,0,2,0,2,0,0,0,0,2,2,2,2,0,0,2,2
67,-1637.237,8213.317,518.735,79.700,0.178050,-0.982067,-0.061990,0.983943,0.178480,-0.001422,0.012461,-0.060742,0.998076,0,0.16000,0.24000,9.600,0.480,-1,400.000,-1,375.000,-1,325.000,325.000,300.000,300.000,-1,-1,-1,-1,775.000,725.000,-1,-1,2,0,2,0,2,0,0,0,0,2,2,2,2,0,0,2,2
68,-1634.841,8227.516,518.904,80.420,0.165717,-0.984210,-0.062202,0.986104,0.166121,-0.001349,0.011661,-0.061114,0.998063,0,0.24000,0.36000,14.400,0.720,-1,400.000,-1,375.000,-1,325.000,325.000,300.000,300.000,-1,-1,-1,-1,775.000,725.000,-1,-1,2,0,2,0,2,0,0,0,0,2,2,2,2,0,0,2,2
69,-1631.963,8246.499,519.111,81.380,0.149234,-0.986826,-0.062486,0.988745,0.149604,-0.001248,0.010580,-0.061596,0.998045,0,0.32000,0.48000,19.200,0.960,-1,400.000,-1,375.000,-1,325.000,325.000,300.000,300.000,-1,-1,-1,-1,775.000,725.000,-1,-1,2,0,2,0,2,0,0,0,0,2,2,2,2,0,0,2,2
70,-1628.865,8270.297,519.340,82.580,0.128576,-0.989707,-0.062841,0.991657,0.128900,-0.001115,0.009204,-0.062173,0.998023,0,0.40000,0.60000,24.000,1.200,-1,400.000,-1,375.000,-1,325.000,325.000,300.000,300.000,-1,-1,-1,-1,775.000,725.000,-1,-1,2,0,2,0,2,0,0,0,0,2,2,2,2,0,0,2,2
71,-1625.820,8298.935,519.576,83.930,0.105267,-0.992429,-0.063268,0.994415,0.105538,-0.000946,0.007616,-0.062815,0.997996,0,0.48000,0.67512,28.800,1.350,-1,400.000,-1,375.000,-1,325.000,325.000,300.000,300.000,-1,-1,-1,-1,775.000,725.000,-1,-1,2,0,2,0,2,0,0,0,0,2,2,2,2,0,0,2,2
72,-1623.057,8332.421,519.806,85.282,0.081868,-0.994601,-0.063769,0.996625,0.082081,-0.000737,0.005967,-0.063493,0.997964,0,0.56000,0.67623,33.600,1.352,-1,400.000,-1,375.000,-1,325.000,325.000,300.000,300.000,-1,-1,-1,-1,775.000,725.000,-1,-1,2,0,2,0,2,0,0,0,0,2,2,2,2,0,0,2,2
73,-1620.806,8370.754,520.014,86.637,0.058384,-0.996219,-0.064342,0.998285,0.058536,-0.000484,0.004248,-0.064203,0.997928,0,0.64000,0.67751,38.400,1.355,-1,400.000,-1,400.000,-1,325.000,325.000,300.000,300.000,-1,-1,-1,-1,775.000,725.000,-1,-1,2,0,2,0,2,0,0,0,0,2,2,2,2,0,0,2,2
74,-1619.295,8413.927,520.187,87.995,0.034824,-0.997278,-0.064986,0.999390,0.034910,-0.000184,0.002453,-0.064940,0.997886,0,0.72000,0.67895,43.200,1.358,-1,400.000,-1,400.000,-1,325.000,325.000,300.000,300.000,-1,-1,-1,-1,775.000,750.000,-1,-1,2,0,2,0,2,0,0,0,0,2,2,2,2,0,0,2,2
75,-1618.757,8461.924,520.308,89.356,0.011198,-0.997777,-0.065700,0.999937,0.011212,0.000166,0.000571,-0.065697,0.997839,0,0.80000,0.68052,48.000,1.361,-1,400.000,-1,400.000,-1,325.000,325.000,300.000,300.000,-1,-1,-1,-1,775.000,750.000,-1,-1,2,0,2,0,2,0,0,0,0,2,2,2,2,0,0,2,2
76,-1619.422,8514.719,520.358,90.721,-0.012484,-0.997710,-0.066480,0.999921,-0.012549,0.000570,-0.001403,-0.066467,0.997788,0,0.88000,0.68221,52.800,1.364,-1,400.000,-1,400.000,-1,325.000,325.000,300.000,300.000,-1,-1,-1,-1,775.000,750.000,-1,-1,2,0,2,0,2,0,0,0,0,2,2,2,2,1,0,2,2
77,-1621.454,8570.411,520.179,92.089,-0.036236,-0.997088,-0.067106,0.999338,-0.036364,0.000684,-0.003122,-0.067037,0.997746,0,0.92883,0.68402,55.730,1.368,-1,400.000,-1,400.000,-1,325.000,325.000,300.000,300.000,-1,-1,-1,-1,750.000,750.000,-1,-1,2,0,2,0,2,0,0,0,0,2,2,2,2,1,0,2,2
78,-1624.842,8626.437,519.894,93.460,-0.060028,-0.995897,-0.067712,0.998185,-0.060220,0.000787,-0.004861,-0.067542,0.997705,0,0.93549,0.68583,56.129,1.372,-1,400.000,-1,400.000,-1,325.000,325.000,300.000,300.000,-1,-1,-1,-1,725.000,750.000,975.000,-1,2,0,2,0,2,0,0,0,0,2,2,2,2,1,0,1,2
79,-1629.608,8682.772,519.510,94.835,-0.083838,-0.994136,-0.068302,0.996457,-0.084097,0.000911,-0.006650,-0.067984,0.997664,0,0.94228,0.68748,56.537,1.375,-1,400.000,-1,400.000,-1,325.000,325.000,300.000,300.000,-1,-1,-1,-1,700.000,750.000,925.000,-1,2,0,2,0,2,0,0,0,0,2,2,2,2,1,0,1,2
80,-1635.773,8739.388,519.025,96.213,-0.107648,-0.991801,-0.068874,0.994153,-0.107976,0.001057,-0.008485,-0.068358,0.997625,0,0.94919,0.68899,56.952,1.378,-1,400.000,-1,400.000,-1,325.000,325.000,300.000,300.000,-1,-1,-1,-1,675.000,750.000,875.000,-1,2,0,2,0,2,0,0,0,0,2,2,2,2,1,0,1,2
81,-1642.446,8791.110,518.503,97.351,-0.127259,-0.989440,-0.069381,0.991819,-0.127650,0.001203,-0.010047,-0.068660,0.997589,0,0.86919,0.56899,52.152,1.138,-1,400.000,-1,400.000,-1,325.000,325.000,300.000,300.000,-1,-1,-1,-1,650.000,750.000,825.000,-1,2,0,2,0,2,0,0,0,0,2,2,2,2,1,0,1,2
82,-1649.591,8840.386,517.946,98.249,-0.142695,-0.987299,-0.069851,0.989702,-0.143138,0.001350,-0.011332,-0.068939,0.997557,0,0.82986,0.44899,49.792,0.898,-1,400.000,-1,400.000,-1,325.000,325.000,300.000,300.000,-1,-1,-1,-1,625.000,750.000,775.000,-1,2,0,2,0,2,0,0,0,0,2,2,2,2,1,0,1,2
83,-1657.357,8889.939,517.339,98.907,-0.153976,-0.985570,-0.070311,0.987997,-0.154463,0.001500,-0.012339,-0.069236,0.997524,0,0.83596,0.32899,50.158,0.658,950.000,400.000,-1,400.000,-1,325.000,325.000,300.000,300.000,-1,-1,-1,-1,600.000,750.000,725.000,-1,1,1,2,0,2,0,1,0,0,2,2,2,2,1,0,1,2
84,-1665.544,8939.790,516.695,99.325,-0.161124,-0.984394,-0.070763,0.986848,-0.161644,0.001647,-0.013060,-0.069567,0.997492,0,0.84198,0.20899,50.519,0.418,850.000,375.000,-1,400.000,-1,325.000,325.000,300.000,300.000,-1,-1,-1,-1,575.000,750.000,675.000,-1,1,1,2,0,2,1,1,0,0,2,2,2,2,1,0,1,2
85,-1673.943,8989.965,516.027,99.503,-0.164154,-0.983861,-0.071211,0.986343,-0.164697,0.001787,-0.013487,-0.069945,0.997460,0,0.84789,0.08899,50.874,0.178,775.000,375.000,-1,400.000,-1,325.000,325.000,300.000,300.000,-1,-1,-1,-1,550.000,750.000,625.000,-1,1,1,2,0,2,1,1,0,0,2,2,2,2,1,0,1,2
86,-1682.345,9040.490,515.351,99.441,-0.163071,-0.984009,-0.071656,0.986520,-0.163627,0.001915,-0.013609,-0.070378,0.997428,0,0.85364,-0.03101,51.218,-0.062,675.000,350.000,-1,400.000,-1,300.000,325.000,300.000,300.000,-1,-1,-1,-1,525.000,750.000,575.000,-1,1,1,2,0,2,1,1,0,0,2,2,2,2,1,0,1,2
87,-1690.533,9091.385,514.682,99.139,-0.157876,-0.984823,-0.072102,0.987368,-0.158432,0.002025,-0.013418,-0.070872,0.997395,0,0.85915,-0.15101,51.549,-0.302,600.000,350.000,-1,400.000,-1,300.000,300.000,300.000,300.000,-1,-1,-1,-1,500.000,750.000,525.000,-1,1,1,2,0,2,1,1,0,0,2,2,2,2,1,0,1,2
88,-1698.286,9142.663,514.032,98.597,-0.148559,-0.986239,-0.072542,0.988819,-0.149103,0.002106,-0.012893,-0.071418,0.997363,0,0.86435,-0.27101,51.861,-0.542,500.000,325.000,-1,400.000,-1,275.000,300.000,300.000,300.000,-1,-1,-1,-1,475.000,750.000,475.000,-1,1,1,2,0,2,1,1,0,0,2,2,2,2,1,0,1,2
89,-1705.377,9194.327,513.395,97.815,-0.135107,-0.988146,-0.072892,0.990758,-0.135623,0.002160,-0.012020,-0.071927,0.997337,0,0.86912,-0.39101,52.147,-0.782,425.000,325.000,-1,400.000,-1,275.000,300.000,300.000,300.000,-1,-1,-1,-1,450.000,750.000,425.000,-1,1,1,2,0,2,1,1,0,0,2,2,2,2,1,0,1,2
90,-1711.631,9246.352,513.655,96.858,-0.118840,-0.990477,-0.069519,0.992879,-0.119124,-0.000060,-0.008222,-0.069031,0.997581,0,0.87332,-0.47852,52.399,-0.957,400.000,300.000,-1,400.000,-1,275.000,300.000,300.000,300.000,-1,-1,-1,-1,450.000,775.000,375.000,-1,1,1,2,0,2,1,1,0,0,2,2,2,2,1,0,1,2
91,-1717.047,9298.682,514.997,95.917,-0.103018,-0.992763,-0.061718,0.994679,-0.102886,-0.005308,-0.001081,-0.061936,0.998080,0,0.87683,-0.47058,52.610,-0.941,375.000,300.000,-1,400.000,-1,275.000,325.000,325.000,300.000,-1,-1,-1,-1,450.000,800.000,375.000,-1,1,1,2,0,2,1,1,0,0,2,2,2,2,1,0,1,2
92,-1721.635,9351.266,516.395,94.993,-0.087366,-0.994706,-0.054098,0.996158,-0.086904,-0.010831,0.006072,-0.054837,0.998477,0,0.87973,-0.46187,52.784,-0.924,350.000,300.000,-1,425.000,-1,275.000,325.000,350.000,275.000,-1,875.000,800.000,-1,450.000,825.000,375.000,-1,1,1,2,0,2,1,1,0,0,2,0,0,2,1,0,1,2
93,-1725.956,9408.688,517.924,94.309,-0.075764,-0.996061,-0.046059,0.997036,-0.075058,-0.016877,0.013353,-0.047202,0.998796,0,0.95973,-0.34187,57.584,-0.684,350.000,325.000,-1,425.000,-1,300.000,325.000,375.000,275.000,-1,600.000,500.000,-1,450.000,875.000,350.000,-1,1,1,2,0,2,1,1,0,0,2,0,0,2,1,0,1,2
94,-1729.981,9468.324,519.525,93.866,-0.068208,-0.996954,-0.037818,0.997460,-0.067364,-0.023154,0.020536,-0.039301,0.999016,0,0.99618,-0.22187,59.771,-0.444,325.000,325.000,-1,450.000,-1,300.000,350.000,400.000,275.000,-1,475.000,350.000,-1,475.000,925.000,350.000,-1,1,1,2,0,2,1,1,0,0,2,0,0,2,1,0,1,2
95,-1733.800,9528.050,521.147,93.662,-0.064703,-0.997468,-0.029498,0.997527,-0.063837,-0.029411,0.027453,-0.031328,0.999132,0,0.99746,-0.10187,59.848,-0.204,300.000,325.000,-1,475.000,-1,300.000,350.000,400.000,275.000,-1,400.000,275.000,-1,500.000,950.000,325.000,-1,1,1,2,0,2,1,1,1,0,2,0,0,2,1,0,1,2
96,-1737.660,9587.805,522.794,93.698,-0.065253,-0.997649,-0.020925,0.997283,-0.064483,-0.035604,0.034171,-0.023191,0.999147,0,0.99798,0.01813,59.879,0.036,300.000,325.000,-1,475.000,-1,300.000,375.000,375.000,275.000,-1,350.000,200.000,-1,500.000,1000.000,325.000,-1,1,1,2,0,2,1,1,1,0,2,0,0,2,1,0,1,2
97,-1741.807,9647.520,524.475,93.974,-0.069854,-0.997486,-0.011906,0.996724,-0.069303,-0.041698,0.040768,-0.014780,0.999059,0,0.99765,0.13813,59.859,0.276,275.000,325.000,-1,500.000,-1,300.000,375.000,375.000,275.000,-1,325.000,175.000,825.000,525.000,-1,300.000,-1,1,1,2,0,2,1,1,1,0,2,0,0,0,1,2,1,2
98,-1746.488,9707.122,526.199,94.491,-0.078491,-0.996912,-0.002240,0.995791,-0.078295,-0.047653,0.047331,-0.005971,0.998861,0,0.99640,0.25813,59.784,0.516,275.000,325.000,-1,525.000,-1,325.000,375.000,350.000,250.000,-1,275.000,150.000,675.000,550.000,-1,350.000,-1,1,1,2,0,2,1,1,1,0,2,0,0,0,1,2,1,2
99,-1751.944,9766.520,527.977,95.247,-0.091134,-0.995804,0.008284,0.994376,-0.091448,-0.053420,0.053954,0.003369,0.998538,0,0.99413,0.37813,59.648,0.756,275.000,350.000,-1,525.000,-1,325.000,375.000,350.000,250.000,-1,275.000,100.000,575.000,550.000,-1,400.000,-1,1,1,2,0,2,1,1,1,0,2,0,0,0,1,2,1,2
100,-1758.411,9825.611,529.810,96.243,-0.107738,-0.993980,0.019920,0.992321,-0.108739,-0.058943,0.060754,0.013417,0.998063,0,0.99071,0.49813,59.443,0.996,300.000,350.000,-1,550.000,-1,325.000,400.000,325.000,250.000,-1,250.000,100.000,500.000,575.000,-1,425.000,-1,1,1,2,0,2,1,1,1,0,2,0,0,0,1,2,1,2
101,-327.951,-7543.208,217.347,-47.476,0.676929,0.735620,-0.025092,-0.735463,0.674638,-0.062915,-0.029353,0.061043,0.997703,1,0.00000,0.00000,59.161,1.236,-1,400.000,-1,400.000,-1,325.000,325.000,300.000,300.000,-1,800.000,650.000,-1,800.000,775.000,-1,-1,2,0,2,0,2,0,0,0,0,2,1,1,2,0,0,2,2
102,-324.692,-7546.732,217.205,-47.236,0.680002,0.732783,-0.025032,-0.732629,0.677709,-0.062972,-0.029181,0.061160,0.997701,0,0.08000,0.12000,4.800,0.240,-1,400.000,-1,400.000,-1,325.000,325.000,300.000,300.000,-1,800.000,650.000,-1,800.000,775.000,-1,-1,2,0,2,0,2,0,0,0,0,2,1,1,2,0,0,2,2
103,-318.115,-7553.725,216.926,-46.756,0.686112,0.727069,-0.024910,-0.726924,0.683814,-0.063087,-0.028835,0.061393,0.997697,0,0.16000,0.24000,9.600,0.480,-1,400.000,-1,400.000,-1,325.000,325.000,300.000,300.000,-1,800.000,650.000,-1,800.000,775.000,-1,-1,2,0,2,0,2,0,0,0,0,2,1,1,2,0,0,2,2
104,-308.119,-7564.089,216.516,-46.036,0.695187,0.718404,-0.024726,-0.718271,0.692882,-0.063259,-0.028313,0.061737,0.997691,0,0.24000,0.36000,14.400,0.720,-1,400.000,-1,400.000,-1,325.000,325.000,300.000,300.000,-1,800.000,650.000,-1,800.000,775.000,-1,-1,2,0,2,0,2,0,0,0,0,2,1,1,2,0,0,2,2
105,-294.560,-7577.683,215.989,-45.076,0.707116,0.706674,-0.024476,-0.706559,0.704801,-0.063486,-0.027613,0.062186,0.997683,0,0.32000,0.48000,19.200,0.960,-1,400.000,-1,400.000,-1,325.000,325.000,300.000,300.000,-1,800.000,650.000,-1,800.000,775.000,-1,-1,2,0,2,0,2,0,0,0,0,2,1,1,2,0,0,2,2
106,-277.260,-7594.317,215.342,-43.876,0.721744,0.691739,-0.024141,-0.691646,0.719425,-0.063669,-0.026675,0.062650,0.997679,0,0.40000,0.60000,24.000,1.200,-1,400.000,-1,400.000,-1,325.000,325.000,300.000,300.000,-1,800.000,675.000,-1,800.000,775.000,-1,-1,2,0,2,0,2,0,0,0,0,2,1,1,2,0,0,2,2
107,-256.045,-7613.794,214.602,-42.556,0.737473,0.674960,-0.023712,-0.674889,0.735152,-0.063843,-0.025660,0.063085,0.997678,0,0.48000,0.66013,28.800,1.320,-1,400.000,-1,400.000,-1,325.000,325.000,300.000,300.000,-1,800.000,675.000,-1,800.000,775.000,-1,-1,2,0,2,0,2,0,0,0,0,2,1,1,2,0,0,2,2
108,-230.769,-7635.930,213.777,-41.212,0.753082,0.657517,-0.023228,-0.657465,0.750760,-0.064023,-0.024658,0.063486,0.997678,0,0.56000,0.67193,33.600,1.344,-1,400.000,-1,400.000,-1,325.000,325.000,300.000,300.000,-1,800.000,700.000,-1,800.000,775.000,-1,-1,2,0,2,0,2,0,0,0,0,2,1,1,2,0,0,2,2
109,-201.284,-7660.531,212.880,-39.840,0.768587,0.639342,-0.022698,-0.639307,0.766266,-0.064208,-0.023658,0.063861,0.997678,0,0.64000,0.68580,38.400,1.372,-1,400.000,-1,400.000,-1,325.000,325.000,300.000,300.000,-1,825.000,725.000,-1,800.000,775.000,-1,-1,2,0,2,0,2,0,0,0,0,2,1,1,2,0,0,2,2
110,-167.446,-7687.385,211.922,-38.437,0.783999,0.620368,-0.022132,-0.620349,0.781677,-0.064403,-0.022653,0.064221,0.997679,0,0.72000,0.70175,43.200,1.404,-1,400.000,-1,400.000,-1,325.000,325.000,300.000,300.000,-1,825.000,750.000,-1,800.000,775.000,-1,-1,2,0,2,0,2,0,0,0,0,2,1,1,2,0,0,2,2
111,-131.637,-7714.366,210.984,-36.997,0.799319,0.600519,-0.021576,-0.600519,0.796997,-0.064598,-0.021596,0.064591,0.997678,0,0.74728,0.71980,44.837,1.440,-1,400.000,-1,400.000,-1,325.000,325.000,300.000,300.000,-1,850.000,775.000,-1,800.000,775.000,-1,-1,2,0,2,0,2,0,0,0,0,2,1,1,2,0,0,2,2
112,-94.529,-7740.854,210.090,-35.520,0.814516,0.579759,-0.021043,-0.579779,0.812193,-0.064794,-0.020474,0.064977,0.997677,0,0.75986,0.73862,45.592,1.477,-1,400.000,-1,400.000,-1,325.000,325.000,300.000,300.000,-1,875.000,800.000,-1,800.000,775.000,-1,-1,2,0,2,0,2,0,0,0,0,2,1,1,2,0,0,2,2
113,-56.083,-7766.790,209.185,-34.004,0.829549,0.558067,-0.020240,-0.558095,0.827235,-0.064901,-0.019476,0.065135,0.997686,0,0.77295,0.75783,46.377,1.516,-1,400.000,-1,400.000,-1,325.000,325.000,300.000,300.000,-1,925.000,850.000,-1,800.000,775.000,-1,-1,2,0,2,0,2,0,0,0,0,2,1,1,2,0,0,2,2
114,-16.261,-7792.109,208.332,-32.449,0.844368,0.535410,-0.019462,-0.535447,0.842064,-0.064995,-0.018410,0.065301,0.997696,0,0.78651,0.77743,47.191,1.555,-1,400.000,-1,400.000,-1,325.000,325.000,300.000,300.000,-1,950.000,875.000,-1,775.000,775.000,-1,-1,2,0,2,0,2,0,0,0,0,2,1,1,2,0,0,2,2
115,24.972,-7816.742,207.536,-30.855,0.858924,0.511761,-0.018720,-0.511812,0.856629,-0.065079,-0.017268,0.065479,0.997705,0,0.80052,0.79742,48.031,1.595,-1,400.000,-1,400.000,-1,325.000,325.000,300.000,300.000,-1,975.000,925.000,-1,775.000,775.000,-1,-1,2,0,2,0,2,0,0,0,0,2,1,1,2,0,0,2,2
116,67.646,-7840.610,206.801,-29.219,0.873163,0.487096,-0.018014,-0.487164,0.870876,-0.065162,-0.016052,0.065673,0.997712,0,0.81494,0.81778,48.896,1.636,-1,400.000,-1,400.000,-1,325.000,325.000,300.000,300.000,-1,1000.000,950.000,-1,775.000,775.000,-1,-1,2,0,2,0,2,0,0,0,0,2,1,1,2,0,0,2,2
117,111.787,-7863.629,206.080,-27.542,0.887024,0.461388,-0.017580,-0.461492,0.884734,-0.065348,-0.014597,0.066079,0.997708,0,0.82972,0.83853,49.783,1.677,-1,400.000,-1,400.000,-1,325.000,325.000,300.000,300.000,-1,-1,1000.000,-1,775.000,775.000,-1,-1,2,0,2,0,2,0,0,0,0,2,2,1,2,0,0,2,2
118,157.490,-7885.550,205.437,-25.625,0.901940,0.431519,-0.017166,-0.431669,0.899645,-0.065576,-0.012854,0.066556,0.997700,0,0.84482,0.95853,50.689,1.917,-1,400.000,-1,400.000,-1,325.000,325.000,300.000,300.000,-1,-1,-1,-1,775.000,775.000,-1,-1,2,0,2,0,2,0,0,0,0,2,2,2,2,0,0,2,2
119,204.776,-7906.232,204.878,-23.625,0.916430,0.399845,-0.016732,-0.400043,0.914125,-0.065883,-0.011048,0.067070,0.997687,0,0.86021,1.00000,51.612,2.000,-1,400.000,-1,400.000,-1,325.000,325.000,300.000,300.000,-1,-1,-1,-1,775.000,775.000,-1,-1,2,0,2,0,2,0,0,0,0,2,2,2,2,0,0,2,2
120,253.613,-7925.629,204.415,-21.662,0.929569,0.368287,-0.016314,-0.368533,0.927261,-0.066114,-0.009221,0.067470,0.997679,0,0.87582,0.98154,52.549,1.963,-1,400.000,-1,400.000,-1,325.000,325.000,300.000,300.000,-1,-1,-1,-1,775.000,775.000,-1,-1,2,0,2,0,2,0,0,0,0,2,2,2,2,0,0,2,2
121,298.500,-7941.911,204.078,-19.939,0.940206,0.340233,-0.015962,-0.340523,0.937899,-0.066256,-0.007572,0.067730,0.997675,0,0.79582,0.86154,47.749,1.723,-1,400.000,-1,400.000,-1,325.000,325.000,300.000,300.000,-1,-1,-1,-1,775.000,775.000,-1,-1,2,0,2,0,2,0,0,0,0,2,2,2,2,0,0,2,2
122,339.239,-7955.507,203.847,-18.456,0.948683,0.315841,-0.015657,-0.316169,0.946379,-0.066367,-0.006144,0.067912,0.997672,0,0.71582,0.74154,42.949,1.483,-1,400.000,-1,400.000,-1,325.000,325.000,300.000,300.000,-1,-1,-1,-1,775.000,750.000,-1,-1,2,0,2,0,2,0,0,0,0,2,2,2,2,0,0,2,2
123,375.679,-7966.795,203.695,-17.213,0.955301,0.295233,-0.015395,-0.295593,0.953000,-0.066455,-0.004948,0.068036,0.997671,0,0.63582,0.62154,38.149,1.243,-1,400.000,-1,400.000,-1,325.000,325.000,300.000,300.000,-1,-1,-1,-1,775.000,750.000,-1,-1,2,0,2,0,2,0,0,0,0,2,2,2,2,0,0,2,2
124,407.702,-7976.105,203.601,-16.210,0.960315,0.278503,-0.015173,-0.278888,0.958017,-0.066526,-0.003992,0.068118,0.997669,0,0.55582,0.50154,33.349,1.003,-1,400.000,-1,400.000,-1,325.000,325.000,300.000,300.000,-1,-1,-1,-1,775.000,750.000,-1,-1,2,0,2,0,2,0,0,0,0,2,2,2,2,0,0,2,2
125,435.220,-7983.708,203.545,-15.446,0.963934,0.265719,-0.014987,-0.266121,0.961637,-0.066585,-0.003281,0.068172,0.997668,0,0.47582,0.38154,28.549,0.763,-1,400.000,-1,400.000,-1,325.000,325.000,300.000,300.000,-1,-1,-1,-1,775.000,750.000,-1,-1,2,0,2,0,2,0,0,0,0,2,2,2,2,0,0,2,2
126,458.168,-7989.824,203.512,-14.923,0.966317,0.256928,-0.014836,-0.257341,0.964020,-0.066636,-0.002819,0.068209,0.997667,0,0.39582,0.26154,23.749,0.523,-1,400.000,-1,400.000,-1,325.000,325.000,300.000,300.000,-1,-1,-1,-1,775.000,750.000,-1,-1,2,0,2,0,2,0,0,0,0,2,2,2,2,0,0,2,2
127,476.502,-7994.613,203.493,-14.640,0.967573,0.252162,-0.014716,-0.252577,0.965276,-0.066680,-0.002609,0.068235,0.997666,0,0.31582,0.14154,18.949,0.283,-1,400.000,-1,400.000,-1,325.000,325.000,300.000,300.000,-1,-1,-1,-1,775.000,750.000,-1,-1,2,0,2,0,2,0,0,0,0,2,2,2,2,0,0,2,2
128,490.194,-7998.179,203.480,-14.597,0.967763,0.251436,-0.014628,-0.251847,0.965464,-0.066721,-0.002654,0.068254,0.997664,0,0.23582,0.02154,14.149,0.043,-1,400.000,-1,400.000,-1,325.000,325.000,300.000,300.000,-1,-1,-1,-1,775.000,750.000,-1,-1,2,0,2,0,2,0,0,0,0,2,2,2,2,0,0,2,2
129,499.233,-8000.566,203.470,-14.794,0.966897,0.254752,-0.014569,-0.255152,0.964594,-0.066760,-0.002954,0.068267,0.997663,0,0.15582,-0.09846,9.349,-0.197,-1,400.000,-1,400.000,-1,325.000,325.000,300.000,300.000,-1,-1,-1,-1,775.000,750.000,-1,-1,2,0,2,0,2,0,0,0,0,2,2,2,2,0,0,2,2
130,512.916,-8004.169,203.454,-14.751,0.967089,0.254027,-0.014483,-0.254422,0.964784,-0.066800,-0.002996,0.068287,0.997661,0,0.23582,0.02154,14.149,0.043,-1,400.000,-1,400.000,-1,325.000,325.000,300.000,300.000,-1,-1,-1,-1,775.000,750.000,-1,-1,2,0,2,0,2,0,0,0,0,2,2,2,2,0,0,2,2
131,531.264,-8008.903,203.438,-14.468,0.968331,0.249257,-0.014370,-0.249655,0.966025,-0.066842,-0.002779,0.068312,0.997660,0,0.31582,0.14154,18.949,0.283,-1,400.000,-1,400.000,-1,325.000,325.000,300.000,300.000,-1,-1,-1,-1,775.000,750.000,-1,-1,2,0,2,0,2,0,0,0,0,2,2,2,2,0,0,2,2
132,554.313,-8014.626,203.430,-13.945,0.970563,0.240427,-0.014232,-0.240837,0.968258,-0.066882,-0.002300,0.068340,0.997659,0,0.39582,0.26154,23.749,0.523,-1,400.000,-1,400.000,-1,325.000,325.000,300.000,300.000,-1,-1,-1,-1,775.000,750.000,-1,-1,2,0,2,0,2,0,0,0,0,2,2,2,2,0,0,2,2
133,582.097,-8021.189,203.433,-13.290,0.973244,0.229341,-0.014087,-0.229767,0.970945,-0.066886,-0.001662,0.068334,0.997661,0,0.47582,0.32755,28.549,0.655,-1,400.000,-1,400.000,-1,325.000,325.000,300.000,300.000,-1,-1,-1,-1,775.000,750.000,-1,-1,2,0,2,0,2,0,0,0,0,2,2,2,2,0,0,2,2
134,614.638,-8028.485,203.419,-12.637,0.975787,0.218273,-0.013994,-0.218719,0.973506,-0.066697,-0.000935,0.068143,0.997675,0,0.55582,0.32622,33.349,0.652,-1,400.000,-1,400.000,-1,325.000,325.000,300.000,300.000,-1,-1,-1,-1,775.000,750.000,-1,-1,2,0,2,0,2,0,0,0,0,2,2,2,2,0,0,2,2
135,651.955,-8036.409,203.412,-11.988,0.978194,0.207232,-0.013831,-0.207693,0.975936,-0.066431,-0.000268,0.067855,0.997695,0,0.63582,0.32460,38.149,0.649,-1,400.000,-1,400.000,-1,325.000,325.000,300.000,300.000,-1,-1,-1,-1,775.000,750.000,-1,-1,2,0,2,0,2,0,0,0,0,2,2,2,2,0,0,2,2
136,694.065,-8044.857,203.433,-11.343,0.980462,0.196232,-0.013671,-0.196707,0.978229,-0.066143,0.000394,0.067540,0.997716,0,0.71582,0.32266,42.949,0.645,-1,400.000,-1,400.000,-1,325.000,325.000,300.000,300.000,-1,-1,-1,-1,775.000,750.000,-1,-1,2,0,2,0,2,0,0,0,0,2,2,2,2,0,0,2,2
