timestep,x_cm,y_cm,z_cm,yaw_deg,basis_xx,basis_xy,basis_xz,basis_yx,basis_yy,basis_yz,basis_zx,basis_zy,basis_zz,teleport_flag,throttle_cmd,steering_cmd,cmd_move_cm,cmd_turn_deg,lidar_cm_0,lidar_cm_1,lidar_cm_2,lidar_cm_3,lidar_cm_4,lidar_cm_5,lidar_cm_6,lidar_cm_7,lidar_cm_8,lidar_cm_9,lidar_cm_10,lidar_cm_11,lidar_cm_12,lidar_cm_13,lidar_cm_14,lidar_cm_15,lidar_cm_16,lidar_class_0,lidar_class_1,lidar_class_2,lidar_class_3,lidar_class_4,lidar_class_5,lidar_class_6,lidar_class_7,lidar_class_8,lidar_class_9,lidar_class_10,lidar_class_11,lidar_class_12,lidar_class_13,lidar_class_14,lidar_class_15,lidar_class_16
0,-8852.296,-4923.401,325.558,-54.496,0.580680,0.814027,0.013094,-0.813280,0.580733,-0.036398,-0.037234,0.010487,0.999252,1,0.08000,0.12000,4.800,0.240,-1,375.000,-1,375.000,-1,300.000,300.000,300.000,300.000,675.000,450.000,525.000,-1,700.000,675.000,-1,-1,2,0,2,0,2,0,0,0,0,1,1,0,2,0,0,2,2
1,-8846.656,-4931.169,325.173,-54.016,0.587491,0.809130,0.012776,-0.808396,0.587529,-0.036134,-0.036744,0.010900,0.999265,0,0.16000,0.24000,9.600,0.480,-1,375.000,-1,375.000,-1,300.000,300.000,300.000,300.000,675.000,475.000,525.000,-1,700.000,675.000,-1,-1,2,0,2,0,2,0,0,0,0,1,1,0,2,0,0,2,2
2,-8838.049,-4942.714,324.619,-53.296,0.597629,0.801678,0.012321,-0.800967,0.597647,-0.035653,-0.035946,0.011438,0.999288,0,0.24000,0.36000,14.400,0.720,-1,375.000,-1,375.000,-1,300.000,300.000,300.000,300.000,700.000,475.000,500.000,-1,700.000,675.000,-1,-1,2,0,2,0,2,0,0,0,0,1,1,0,2,0,0,2,2
3,-8826.317,-4957.912,323.886,-52.336,0.610998,0.791546,0.011705,-0.790864,0.610989,-0.035027,-0.034877,0.012144,0.999318,0,0.32000,0.48000,19.200,0.960,-1,375.000,-1,375.000,-1,300.000,300.000,300.000,300.000,700.000,500.000,500.000,-1,700.000,675.000,-1,-1,2,0,2,0,2,0,0,0,0,1,1,0,2,0,0,2,2
4,-8811.258,-4976.599,322.982,-51.136,0.627465,0.778568,0.010921,-0.777922,0.627425,-0.034272,-0.033536,0.013008,0.999353,0,0.40000,0.60000,24.000,1.200,-1,375.000,-1,375.000,-1,300.000,300.000,300.000,300.000,700.000,475.000,500.000,-1,700.000,675.000,-1,-1,2,0,2,0,2,0,0,0,0,1,0,0,2,0,0,2,2
5,-8792.628,-4998.562,321.914,-49.696,0.646859,0.762545,0.009963,-0.761941,0.646784,-0.033408,-0.031919,0.014019,0.999392,0,0.48000,0.72000,28.800,1.440,-1,375.000,-1,375.000,-1,300.000,300.000,300.000,300.000,725.000,450.000,475.000,-1,725.000,700.000,-1,-1,2,0,2,0,2,0,0,0,0,1,0,0,2,0,0,2,2
6,-8771.486,-5022.056,320.957,-48.016,0.668941,0.743250,0.009808,-0.742681,0.668858,-0.032463,-0.030689,0.014432,0.999425,0,0.52677,0.84000,31.606,1.680,-1,375.000,-1,375.000,-1,300.000,300.000,300.000,300.000,725.000,450.000,500.000,-1,725.000,700.000,-1,-1,2,0,2,0,2,0,0,0,0,1,0,0,2,0,0,2,2
7,-8749.231,-5045.179,320.051,-46.096,0.693468,0.720420,0.009849,-0.719883,0.693381,-0.031495,-0.029518,0.014751,0.999455,0,0.53488,0.96000,32.093,1.920,-1,375.000,-1,375.000,-1,325.000,300.000,300.000,300.000,750.000,475.000,500.000,-1,725.000,700.000,-1,-1,2,0,2,0,2,0,0,0,0,1,0,0,2,0,0,2,2
8,-8722.799,-5070.916,319.032,-44.237,0.716475,0.697545,0.009778,-0.697043,0.716385,-0.030384,-0.028199,0.014954,0.999490,0,0.61488,0.92954,36.893,1.859,-1,375.000,-1,375.000,-1,325.000,300.000,300.000,300.000,750.000,500.000,525.000,-1,725.000,700.000,-1,-1,2,0,2,0,2,0,0,0,0,1,0,0,2,0,0,2,2
9,-8694.292,-5096.941,317.994,-42.394,0.738529,0.674153,0.009626,-0.673688,0.738438,-0.029236,-0.026818,0.015106,0.999526,0,0.64332,0.92112,38.599,1.842,-1,375.000,-1,375.000,-1,325.000,300.000,300.000,300.000,775.000,500.000,550.000,-1,725.000,700.000,-1,-1,2,0,2,0,2,0,0,0,0,1,0,0,2,0,0,2,2
10,-8665.024,-5121.998,316.987,-40.569,0.759632,0.650285,0.009414,-0.649856,0.759538,-0.028109,-0.025429,0.015234,0.999561,0,0.64215,0.91278,38.529,1.826,-1,375.000,-1,375.000,-1,325.000,300.000,300.000,300.000,800.000,525.000,575.000,-1,725.000,700.000,-1,-1,2,0,2,0,2,0,0,0,0,1,0,0,2,0,0,2,2
11,-8635.048,-5146.065,316.014,-38.759,0.779792,0.625972,0.009145,-0.625577,0.779695,-0.027009,-0.024038,0.015340,0.999593,0,0.64071,0.90491,38.442,1.810,-1,375.000,-1,375.000,-1,325.000,325.000,300.000,300.000,800.000,525.000,600.000,-1,725.000,700.000,-1,-1,2,0,2,0,2,0,0,0,1,1,0,0,2,0,0,2,2
12,-8604.410,-5169.122,315.072,-36.964,0.799019,0.601240,0.008833,-0.600878,0.798919,-0.025941,-0.022653,0.015420,0.999624,0,0.63908,0.89753,38.345,1.795,-1,375.000,-1,375.000,-1,325.000,325.000,300.000,300.000,825.000,550.000,625.000,-1,750.000,700.000,-1,-1,2,0,2,0,2,0,0,0,1,1,0,0,2,0,0,2,2
13,-8573.154,-5191.156,314.168,-35.183,0.817324,0.576116,0.008479,-0.575786,0.817222,-0.024876,-0.021261,0.015450,0.999655,0,0.63735,0.89063,38.241,1.781,-1,400.000,-1,375.000,-1,325.000,325.000,300.000,300.000,850.000,575.000,650.000,-1,750.000,700.000,-1,-1,2,0,2,0,2,0,0,0,0,1,0,0,2,0,0,2,2
14,-8541.321,-5212.157,313.325,-33.414,0.834715,0.550623,0.008070,-0.550326,0.834613,-0.023729,-0.019801,0.015365,0.999686,0,0.63563,0.88421,38.138,1.768,-1,400.000,-1,375.000,-1,325.000,325.000,300.000,300.000,875.000,575.000,675.000,-1,750.000,725.000,-1,-1,2,0,2,0,2,0,0,0,0,1,0,0,2,0,0,2,2
15,-8508.942,-5232.122,312.511,-31.658,0.851202,0.524782,0.007619,-0.524516,0.851099,-0.022646,-0.018368,0.015280,0.999715,0,0.63397,0.87826,38.038,1.757,-1,400.000,-1,375.000,-1,325.000,325.000,300.000,300.000,900.000,600.000,700.000,-1,750.000,725.000,-1,-1,2,0,2,0,2,0,0,0,0,1,0,0,2,0,0,2,2
16,-8476.049,-5251.045,311.727,-29.912,0.866794,0.498615,0.007130,-0.498377,0.866691,-0.021630,-0.016964,0.015195,0.999741,0,0.63247,0.87277,37.948,1.746,-1,400.000,-1,375.000,-1,325.000,325.000,300.000,300.000,925.000,625.000,725.000,-1,750.000,725.000,-1,-1,2,0,2,0,2,0,0,0,0,1,0,0,2,0,0,2,2
17,-8438.448,-5271.382,310.917,-28.407,0.879596,0.475674,0.006687,-0.475464,0.879496,-0.020513,-0.015638,0.014864,0.999767,0,0.71247,0.75277,42.748,1.506,-1,400.000,-1,375.000,-1,325.000,325.000,300.000,300.000,925.000,650.000,775.000,-1,750.000,725.000,-1,-1,2,0,2,0,2,0,0,0,0,1,0,0,2,0,0,2,2
18,-8396.135,-5293.073,310.100,-27.141,0.889887,0.456137,0.006352,-0.455953,0.889795,-0.019274,-0.014444,0.014256,0.999794,0,0.79247,0.63277,47.548,1.266,-1,400.000,-1,375.000,-1,325.000,325.000,300.000,300.000,975.000,675.000,800.000,-1,775.000,725.000,-1,-1,2,0,2,0,2,0,0,0,0,1,0,0,2,0,0,2,2
19,-8352.302,-5314.561,309.345,-26.116,0.897908,0.440141,0.006089,-0.439974,0.897821,-0.018448,-0.013586,0.013886,0.999811,0,0.81362,0.51277,48.817,1.026,-1,400.000,-1,375.000,-1,325.000,325.000,300.000,300.000,1000.000,700.000,850.000,975.000,775.000,725.000,-1,-1,2,0,2,0,2,0,0,0,0,1,0,0,1,0,0,2,2
20,-8308.151,-5335.460,308.669,-25.330,0.903858,0.427792,0.005920,-0.427634,0.903773,-0.018005,-0.013053,0.013743,0.999820,0,0.81412,0.39277,48.847,0.786,-1,400.000,-1,375.000,-1,325.000,325.000,300.000,300.000,-1,750.000,900.000,875.000,775.000,725.000,-1,-1,2,0,2,0,2,0,0,0,0,2,0,0,1,0,0,2,2
21,-8263.735,-5355.968,308.015,-24.785,0.907890,0.419169,0.005767,-0.419019,0.907808,-0.017565,-0.012598,0.013530,0.999829,0,0.81537,0.27277,48.922,0.546,-1,400.000,-1,375.000,-1,325.000,325.000,300.000,300.000,-1,800.000,950.000,825.000,775.000,750.000,-1,-1,2,0,2,0,2,0,0,0,0,2,0,0,1,0,0,2,2
22,-8219.101,-5376.289,307.379,-24.479,0.910112,0.414323,0.005629,-0.414181,0.910033,-0.017125,-0.012218,0.013254,0.999838,0,0.81736,0.15277,49.042,0.306,-1,400.000,-1,400.000,-1,325.000,325.000,300.000,300.000,-1,825.000,975.000,825.000,775.000,750.000,-1,-1,2,0,2,0,2,0,0,0,0,2,0,0,1,0,0,2,2
23,-8174.294,-5396.627,306.758,-24.413,0.910586,0.413284,0.005505,-0.413149,0.910511,-0.016685,-0.011908,0.012919,0.999846,0,0.82012,0.03277,49.207,0.066,-1,400.000,-1,400.000,-1,325.000,325.000,300.000,300.000,-1,875.000,-1,800.000,775.000,750.000,-1,-1,2,0,2,0,2,0,0,0,0,2,0,2,1,0,0,2,2
24,-8129.358,-5417.189,306.148,-24.588,0.909323,0.416057,0.005393,-0.415928,0.909252,-0.016245,-0.011663,0.012529,0.999853,0,0.82362,-0.08723,49.417,-0.174,-1,400.000,-1,400.000,-1,325.000,325.000,300.000,300.000,-1,900.000,-1,825.000,775.000,750.000,-1,-1,2,0,2,0,2,0,0,0,0,2,0,2,1,0,0,2,2
25,-8084.340,-5438.184,305.547,-25.002,0.906289,0.422625,0.005293,-0.422503,0.906224,-0.015806,-0.011476,0.012088,0.999861,0,0.82788,-0.20723,49.673,-0.414,-1,400.000,-1,400.000,-1,325.000,325.000,300.000,300.000,-1,925.000,-1,825.000,775.000,750.000,-1,-1,2,0,2,0,2,0,0,0,0,2,0,2,1,0,0,2,2
26,-8039.244,-5459.715,304.951,-25.522,0.902416,0.430835,0.005201,-0.430718,0.902356,-0.015373,-0.011317,0.011633,0.999868,0,0.83288,-0.26000,49.973,-0.520,-1,400.000,-1,400.000,-1,325.000,325.000,300.000,300.000,-1,950.000,-1,850.000,800.000,750.000,-1,-1,2,0,2,0,2,0,0,0,0,2,0,2,1,0,0,2,2
27,-7990.452,-5483.305,304.313,-25.802,0.900299,0.435242,0.005106,-0.435130,0.900244,-0.014922,-0.011091,0.011213,0.999876,0,0.90325,-0.14000,54.195,-0.280,-1,400.000,-1,400.000,-1,325.000,325.000,300.000,300.000,-1,975.000,-1,875.000,800.000,775.000,-1,-1,2,0,2,0,2,0,0,0,0,2,0,2,1,0,0,2,2
28,-7941.569,-5507.148,303.690,-26.001,0.898784,0.438362,0.005188,-0.438255,0.898735,-0.014399,-0.010975,0.010667,0.999883,0,0.90648,-0.09929,54.389,-0.199,-1,400.000,-1,400.000,-1,325.000,325.000,300.000,300.000,-1,-1,-1,900.000,800.000,775.000,-1,-1,2,0,2,0,2,0,0,0,0,2,2,2,1,0,0,2,2
29,-7892.593,-5531.266,303.042,-26.217,0.897118,0.441754,0.005619,-0.441650,0.897082,-0.013724,-0.011103,0.009830,0.999890,0,0.90987,-0.10812,54.592,-0.216,-1,400.000,-1,400.000,-1,325.000,325.000,300.000,300.000,-1,-1,-1,925.000,800.000,775.000,-1,-1,2,0,2,0,2,0,0,0,0,2,2,2,1,0,0,2,2
30,-7843.533,-5555.675,302.396,-26.452,0.895295,0.445432,0.006081,-0.445332,0.895271,-0.013050,-0.011258,0.008976,0.999896,0,0.91328,-0.11747,54.797,-0.235,-1,400.000,-1,400.000,-1,325.000,325.000,300.000,300.000,-1,-1,-1,950.000,800.000,775.000,-1,-1,2,0,2,0,2,0,0,0,0,2,2,2,1,0,0,2,2
31,-7794.398,-5580.395,301.748,-26.707,0.893301,0.449411,0.006556,-0.449313,0.893288,-0.012389,-0.011424,0.008121,0.999902,0,0.91672,-0.12734,55.003,-0.255,-1,400.000,-1,400.000,-1,325.000,325.000,300.000,300.000,-1,-1,-1,1000.000,800.000,775.000,-1,-1,2,0,2,0,2,0,0,0,0,2,2,2,1,0,0,2,2
32,-7745.486,-5605.275,301.083,-26.961,0.891291,0.453378,0.006965,-0.453284,0.891288,-0.011778,-0.011547,0.007341,0.999906,0,0.91461,-0.12728,54.877,-0.255,-1,400.000,-1,400.000,-1,325.000,325.000,300.000,300.000,-1,-1,-1,-1,800.000,800.000,-1,-1,2,0,2,0,2,0,0,0,0,2,2,2,2,0,0,2,2
33,-7696.840,-5630.291,300.356,-27.214,0.889280,0.457303,0.007459,-0.457210,0.889285,-0.011497,-0.011891,0.006814,0.999906,0,0.91167,-0.12626,54.700,-0.253,-1,400.000,-1,400.000,-1,325.000,325.000,300.000,300.000,-1,-1,-1,-1,800.000,800.000,-1,-1,2,0,2,0,2,0,0,0,0,2,2,2,2,0,0,2,2
34,-7648.467,-5655.435,299.561,-27.465,0.887261,0.461198,0.008039,-0.461099,0.887273,-0.011569,-0.012469,0.006558,0.999901,0,0.90863,-0.12558,54.518,-0.251,-1,400.000,-1,400.000,-1,325.000,325.000,300.000,300.000,-1,-1,-1,-1,800.000,800.000,-1,-1,2,0,2,0,2,0,0,0,0,2,2,2,2,0,0,2,2
35,-7600.369,-5680.703,298.776,-27.716,0.885231,0.465073,0.008592,-0.464969,0.885249,-0.011697,-0.013045,0.006359,0.999895,0,0.90553,-0.12524,54.332,-0.250,-1,400.000,-1,400.000,-1,325.000,325.000,300.000,300.000,-1,-1,-1,-1,800.000,800.000,-1,-1,2,0,2,0,2,0,0,0,0,2,2,2,2,0,0,2,2
36,-7552.547,-5706.094,297.996,-27.966,0.883183,0.468939,0.009145,-0.468830,0.883209,-0.011867,-0.013642,0.006194,0.999888,0,0.90242,-0.12525,54.145,-0.250,-1,400.000,-1,400.000,-1,325.000,325.000,300.000,300.000,-1,-1,-1,-1,800.000,800.000,-1,-1,2,0,2,0,2,0,0,0,0,2,2,2,2,0,0,2,2
37,-7504.999,-5731.608,297.215,-28.217,0.881112,0.472807,0.009727,-0.472692,0.881145,-0.012069,-0.014277,0.006036,0.999880,0,0.89934,-0.12559,53.960,-0.251,-1,400.000,-1,400.000,-1,325.000,325.000,300.000,300.000,-1,-1,-1,-1,825.000,800.000,-1,-1,2,0,2,0,2,0,0,0,0,2,2,2,2,0,0,2,2
38,-7457.723,-5757.244,296.432,-28.470,0.879013,0.476686,0.010337,-0.476564,0.879054,-0.012301,-0.014951,0.005887,0.999871,0,0.89633,-0.12626,53.780,-0.253,-1,400.000,-1,400.000,-1,325.000,325.000,300.000,300.000,-1,-1,-1,-1,825.000,825.000,-1,-1,2,0,2,0,2,0,0,0,0,2,2,2,2,0,0,2,2
39,-7410.714,-5783.007,295.647,-28.724,0.876878,0.480587,0.010976,-0.480457,0.876928,-0.012566,-0.015664,0.005745,0.999861,0,0.89343,-0.12726,53.606,-0.255,-1,400.000,-1,400.000,-1,325.000,325.000,300.000,300.000,-1,-1,-1,-1,825.000,825.000,-1,-1,2,0,2,0,2,0,0,0,0,2,2,2,2,0,0,2,2
40,-7363.965,-5808.901,294.818,-28.981,0.874704,0.484519,0.011606,-0.484384,0.874764,-0.012646,-0.016279,0.005440,0.999853,0,0.89069,-0.12858,53.441,-0.257,-1,400.000,-1,400.000,-1,325.000,325.000,300.000,300.000,-1,-1,-1,-1,825.000,825.000,-1,-1,2,0,2,0,2,0,0,0,0,2,2,2,2,0,0,2,2
41,-7317.467,-5834.932,293.958,-29.242,0.872483,0.488491,0.012239,-0.488354,0.872554,-0.012604,-0.016836,0.005020,0.999846,0,0.88813,-0.13022,53.288,-0.260,-1,400.000,-1,400.000,-1,325.000,325.000,300.000,300.000,-1,-1,-1,-1,825.000,825.000,-1,-1,2,0,2,0,2,0,0,0,0,2,2,2,2,0,0,2,2
42,-7271.214,-5861.108,293.021,-29.506,0.870205,0.492513,0.013213,-0.492374,0.870294,-0.012467,-0.017640,0.004343,0.999835,0,0.88578,-0.13216,53.147,-0.264,-1,400.000,-1,400.000,-1,325.000,325.000,300.000,300.000,-1,-1,-1,-1,825.000,825.000,-1,-1,2,0,2,0,2,0,0,0,0,2,2,2,2,0,0,2,2
43,-7225.192,-5887.437,292.001,-29.775,0.867865,0.496591,0.014407,-0.496448,0.867977,-0.012473,-0.018699,0.003672,0.999818,0,0.88368,-0.13439,53.021,-0.269,-1,400.000,-1,400.000,-1,325.000,325.000,300.000,300.000,-1,-1,-1,-1,825.000,825.000,-1,-1,2,0,2,0,2,0,0,0,0,2,2,2,2,0,0,2,2
44,-7179.393,-5913.932,290.969,-30.049,0.865459,0.500735,0.015649,-0.500588,0.865596,-0.012476,-0.019793,0.002963,0.999800,0,0.88184,-0.13692,52.910,-0.274,-1,400.000,-1,400.000,-1,325.000,325.000,300.000,300.000,-1,-1,-1,-1,825.000,825.000,-1,-1,2,0,2,0,2,0,0,0,0,2,2,2,2,0,0,2,2
45,-7133.804,-5940.602,289.897,-30.328,0.862984,0.504952,0.016817,-0.504802,0.863144,-0.012525,-0.020840,0.002319,0.999780,0,0.88028,-0.13972,52.817,-0.279,-1,400.000,-1,400.000,-1,325.000,325.000,300.000,300.000,-1,-1,-1,-1,825.000,825.000,-1,-1,2,0,2,0,2,0,0,0,0,2,2,2,2,0,0,2,2
46,-7089.060,-5966.819,288.727,-30.368,0.862621,0.505546,0.017536,-0.505390,0.862797,-0.012733,-0.021567,0.002121,0.999765,0,0.86433,-0.01972,51.860,-0.039,-1,400.000,-1,400.000,-1,325.000,325.000,300.000,300.000,-1,-1,-1,-1,825.000,850.000,-1,-1,2,0,2,0,2,0,0,0,0,2,2,2,2,0,0,2,2
47,-7044.260,-5992.859,287.555,-30.167,0.864371,0.502523,0.018280,-0.502359,0.864561,-0.013003,-0.022338,0.002056,0.999748,0,0.86363,0.10028,51.818,0.201,-1,400.000,-1,400.000,-1,325.000,325.000,300.000,300.000,-1,-1,-1,-1,825.000,850.000,-1,-1,2,0,2,0,2,0,0,0,0,2,2,2,2,0,0,2,2
48,-6999.272,-6018.547,286.213,-29.727,0.868191,0.495860,0.019151,-0.495669,0.868398,-0.013998,-0.023571,0.002660,0.999719,0,0.86342,0.22028,51.805,0.441,-1,400.000,-1,400.000,-1,325.000,325.000,300.000,300.000,-1,-1,-1,-1,825.000,850.000,-1,-1,2,0,2,0,2,0,0,0,0,2,2,2,2,0,0,2,2
49,-6953.970,-6043.706,284.850,-29.046,0.874001,0.485509,0.020051,-0.485290,0.874225,-0.014990,-0.024807,0.003371,0.999687,0,0.86365,0.34028,51.819,0.681,-1,400.000,-1,400.000,-1,325.000,325.000,300.000,300.000,-1,-1,-1,-1,825.000,825.000,-1,-1,2,0,2,0,2,0,0,0,0,2,2,2,2,0,0,2,2
50,-6908.238,-6068.151,283.468,-28.125,0.881670,0.471400,0.020984,-0.471148,0.881910,-0.015972,-0.026035,0.004195,0.999652,0,0.86426,0.46028,51.856,0.921,-1,400.000,-1,400.000,-1,325.000,325.000,300.000,300.000,-1,-1,-1,-1,800.000,825.000,-1,-1,2,0,2,0,2,0,0,0,0,2,2,2,2,0,0,2,2
51,-6861.970,-6091.690,282.069,-26.965,0.891017,0.453439,0.021956,-0.453152,0.891272,-0.016932,-0.027247,0.005137,0.999616,0,0.86520,0.58028,51.912,1.161,-1,400.000,-1,400.000,-1,325.000,325.000,300.000,300.000,-1,-1,-1,-1,800.000,825.000,-1,-1,2,0,2,0,2,0,0,0,0,2,2,2,2,0,0,2,2
52,-6815.075,-6114.123,280.657,-25.564,0.901812,0.431517,0.022969,-0.431192,0.902084,-0.017859,-0.028426,0.006201,0.999577,0,0.86640,0.70028,51.984,1.401,-1,400.000,-1,400.000,-1,325.000,325.000,300.000,300.000,-1,-1,-1,-1,800.000,825.000,-1,-1,2,0,2,0,2,0,0,0,0,2,2,2,2,0,0,2,2
53,-6767.479,-6135.238,279.237,-23.924,0.913775,0.405511,0.024023,-0.405145,0.914060,-0.018739,-0.029558,0.007390,0.999536,0,0.86782,0.82028,52.069,1.641,-1,400.000,-1,400.000,-1,325.000,325.000,300.000,300.000,-1,-1,-1,-1,800.000,825.000,-1,-1,2,0,2,0,2,0,0,0,0,2,2,2,2,0,0,2,2
54,-6719.128,-6154.815,277.759,-22.043,0.926572,0.375292,0.024894,-0.374881,0.926864,-0.019683,-0.030460,0.008906,0.999496,0,0.86940,0.94028,52.164,1.881,-1,400.000,-1,400.000,-1,325.000,325.000,300.000,300.000,-1,-1,-1,-1,800.000,825.000,-1,-1,2,0,2,0,2,0,0,0,0,2,2,2,2,0,0,2,2
55,-6670.028,-6172.728,276.264,-20.043,0.939087,0.342711,0.025773,-0.342257,0.939383,-0.020481,-0.031230,0.010413,0.999458,0,0.87109,1.00000,52.266,2.000,-1,400.000,-1,400.000,-1,325.000,325.000,300.000,300.000,-1,-1,-1,-1,800.000,825.000,-1,-1,2,0,2,0,2,0,0,0,0,2,2,2,2,0,0,2,2
56,-6620.236,-6188.948,274.718,-18.043,0.950457,0.309714,0.026602,-0.309227,0.950758,-0.020915,-0.031770,0.011653,0.999427,0,0.87279,1.00000,52.368,2.000,-1,400.000,-1,400.000,-1,325.000,325.000,300.000,300.000,-1,-1,-1,-1,775.000,825.000,-1,-1,2,0,2,0,2,0,0,0,0,2,2,2,2,0,0,2,2
57,-6569.814,-6203.448,273.146,-16.043,0.960664,0.276341,0.027591,-0.275823,0.960976,-0.021154,-0.032360,0.012712,0.999395,0,0.87442,1.00000,52.465,2.000,-1,400.000,-1,400.000,-1,325.000,325.000,300.000,300.000,-1,-1,-1,-1,775.000,825.000,-1,-1,2,0,2,0,2,0,0,0,0,2,2,2,2,0,0,2,2
58,-6518.827,-6216.201,271.588,-14.043,0.969698,0.242632,0.028566,-0.242085,0.970021,-0.021294,-0.032876,0.013734,0.999365,0,0.87596,1.00000,52.558,2.000,-1,400.000,-1,400.000,-1,325.000,325.000,300.000,300.000,-1,-1,-1,-1,775.000,825.000,-1,-1,2,0,2,0,2,0,0,0,0,2,2,2,2,0,0,2,2
59,-6467.339,-6227.185,269.821,-12.043,0.977569,0.208625,0.028894,-0.208038,0.977872,-0.022070,-0.032859,0.015564,0.999339,0,0.87744,1.00000,52.646,2.000,-1,400.000,-1,400.000,-1,325.000,325.000,300.000,300.000,-1,-1,-1,-1,775.000,825.000,-1,-1,2,0,2,0,2,0,0,0,0,2,2,2,2,0,0,2,2
60,-6415.418,-6236.381,268.027,-10.043,0.984246,0.174365,0.029283,-0.173731,0.984525,-0.022989,-0.032839,0.017540,0.999307,0,0.87883,1.00000,52.730,2.000,-1,400.000,-1,400.000,-1,325.000,325.000,300.000,300.000,-1,-1,-1,-1,775.000,825.000,-1,-1,2,0,2,0,2,0,0,0,0,2,2,2,2,0,0,2,2
61,-6363.128,-6243.769,266.258,-8.043,0.989722,0.139894,0.029672,-0.139214,0.989974,-0.023873,-0.032714,0.019497,0.999275,0,0.88015,1.00000,52.809,2.000,-1,400.000,-1,400.000,-1,325.000,325.000,300.000,300.000,-1,-1,-1,-1,775.000,825.000,-1,-1,2,0,2,0,2,0,0,0,0,2,2,2,2,0,0,2,2
62,-6310.538,-6249.337,264.517,-6.043,0.993991,0.105255,0.030054,-0.104532,0.994214,-0.024720,-0.032482,0.021429,0.999243,0,0.88139,1.00000,52.884,2.000,-1,400.000,-1,400.000,-1,325.000,325.000,300.000,300.000,-1,-1,-1,-1,750.000,825.000,-1,-1,2,0,2,0,2,0,0,0,0,2,2,2,2,0,0,2,2
63,-6257.716,-6253.070,262.811,-4.043,0.997048,0.070491,0.030427,-0.069725,0.997239,-0.025530,-0.032142,0.023333,0.999211,0,0.88256,1.00000,52.954,2.000,-1,400.000,-1,400.000,-1,325.000,325.000,300.000,300.000,-1,-1,-1,-1,750.000,800.000,-1,-1,2,0,2,0,2,0,0,0,0,2,2,2,2,0,0,2,2
64,-6204.731,-6254.960,261.147,-2.043,0.998890,0.035643,0.030785,-0.034838,0.999047,-0.026305,-0.031693,0.025203,0.999180,0,0.88366,1.00000,53.019,2.000,-1,400.000,-1,400.000,-1,325.000,325.000,300.000,300.000,-1,-1,-1,-1,750.000,800.000,-1,-1,2,0,2,0,2,0,0,0,0,2,2,2,2,0,0,2,2
65,-6151.650,-6254.999,259.529,-0.043,0.999515,0.000755,0.031123,0.000087,0.999634,-0.027044,-0.031133,0.027033,0.999150,0,0.88467,1.00000,53.080,2.000,-1,400.000,-1,400.000,-1,325.000,325.000,300.000,300.000,-1,-1,-1,-1,750.000,800.000,-1,-1,2,0,2,0,2,0,0,0,0,2,2,2,2,0,0,2,2
66,-6098.544,-6253.184,257.965,1.957,0.998923,-0.034130,0.031440,0.035007,0.999002,-0.027749,-0.030461,0.028820,0.999120,0,0.88562,1.00000,53.137,2.000,-1,400.000,-1,400.000,-1,325.000,325.000,300.000,300.000,-1,-1,-1,-1,750.000,800.000,-1,-1,2,0,2,0,2,0,0,0,0,2,2,2,2,0,0,2,2
67,-6045.482,-6249.514,256.459,3.957,0.997114,-0.068971,0.031730,0.069878,0.997151,-0.028422,-0.029680,0.030557,0.999092,0,0.88649,1.00000,53.189,2.000,-1,400.000,-1,400.000,-1,325.000,325.000,300.000,300.000,-1,-1,-1,-1,750.000,800.000,-1,-1,2,0,2,0,2,0,0,0,0,2,2,2,2,0,0,2,2
68,-5988.934,-6243.852,254.909,5.717,0.994517,-0.099559,0.032011,0.100495,0.994511,-0.029114,-0.028937,0.032171,0.999063,0,0.94719,0.88000,56.831,1.760,-1,400.000,-1,400.000,-1,325.000,325.000,300.000,300.000,-1,-1,-1,-1,750.000,800.000,-1,-1,2,0,2,0,2,0,0,0,0,2,2,2,2,0,0,2,2
69,-5932.509,-6236.687,253.400,7.237,0.991520,-0.125898,0.032228,0.126862,0.991471,-0.029846,-0.028196,0.033682,0.999035,0,0.94796,0.76000,56.877,1.520,-1,400.000,-1,400.000,-1,325.000,325.000,300.000,300.000,-1,-1,-1,-1,750.000,800.000,-1,-1,2,0,2,0,2,0,0,0,0,2,2,2,2,0,0,2,2
70,-5875.703,-6228.179,251.826,8.517,0.988455,-0.148005,0.032424,0.149005,0.988352,-0.030962,-0.027463,0.035435,0.998995,0,0.95734,0.64000,57.440,1.280,-1,400.000,-1,400.000,-1,325.000,325.000,300.000,300.000,-1,-1,-1,-1,750.000,800.000,-1,-1,2,0,2,0,2,0,0,0,0,2,2,2,2,0,0,2,2
71,-5818.725,-6218.586,250.214,9.557,0.985604,-0.165912,0.032528,0.166936,0.985455,-0.031788,-0.026781,0.036760,0.998965,0,0.96300,0.52000,57.780,1.040,-1,400.000,-1,400.000,-1,325.000,325.000,300.000,300.000,-1,-1,-1,-1,750.000,800.000,-1,-1,2,0,2,0,2,0,0,0,0,2,2,2,2,0,0,2,2
72,-5761.550,-6208.136,248.617,10.357,0.983189,-0.179647,0.032665,0.180694,0.983001,-0.032525,-0.026267,0.037881,0.998937,0,0.96871,0.40000,58.123,0.800,-1,400.000,-1,400.000,-1,325.000,325.000,300.000,300.000,-1,-1,-1,-1,750.000,800.000,-1,-1,2,0,2,0,2,0,0,0,0,2,2,2,2,0,0,2,2
73,-5704.143,-6197.064,247.045,10.917,0.981383,-0.189239,0.032798,0.190308,0.981161,-0.033259,-0.025886,0.038882,0.998908,0,0.97441,0.28000,58.465,0.560,-1,400.000,-1,400.000,-1,325.000,325.000,300.000,300.000,-1,-1,-1,-1,750.000,800.000,-1,-1,2,0,2,0,2,0,0,0,0,2,2,2,2,0,0,2,2
74,-5646.468,-6185.605,245.492,11.237,0.980308,-0.194709,0.032929,0.195800,0.980054,-0.033996,-0.025653,0.039774,0.998879,0,0.98004,0.16000,58.802,0.320,-1,375.000,-1,400.000,-1,325.000,325.000,300.000,300.000,-1,-1,-1,-1,750.000,800.000,-1,-1,2,0,2,0,2,0,0,0,0,2,2,2,2,0,0,2,2
75,-5588.487,-6174.001,243.948,11.317,0.980032,-0.196071,0.033064,0.197186,0.979750,-0.034740,-0.025583,0.040566,0.998849,0,0.98552,0.04000,59.131,0.080,-1,375.000,-1,400.000,-1,325.000,325.000,300.000,300.000,-1,-1,-1,-1,750.000,800.000,-1,-1,2,0,2,0,2,0,0,0,0,2,2,2,2,0,0,2,2
76,-5530.204,-6162.295,242.415,11.357,0.979892,-0.196748,0.033206,0.197888,0.979582,-0.035498,-0.025544,0.041355,0.998818,0,0.99078,0.01998,59.447,0.040,1000.000,375.000,-1,400.000,-1,325.000,325.000,300.000,300.000,-1,-1,-1,-1,750.000,800.000,-1,-1,1,0,2,0,2,0,0,0,0,2,2,2,2,0,0,2,2
77,-5471.635,-6150.478,240.896,11.406,0.979718,-0.197584,0.033354,0.198750,0.979379,-0.036270,-0.025500,0.042163,0.998785,0,0.99583,0.02466,59.750,0.049,950.000,400.000,-1,400.000,-1,325.000,325.000,300.000,300.000,-1,-1,-1,-1,750.000,800.000,-1,-1,1,0,2,0,2,0,0,0,0,2,2,2,2,0,0,2,2
78,-5412.832,-6138.552,239.391,11.465,0.979510,-0.198589,0.033508,0.199781,0.979140,-0.037056,-0.025450,0.042991,0.998751,0,1.00000,0.02959,60.000,0.059,900.000,400.000,-1,400.000,-1,325.000,325.000,300.000,300.000,-1,-1,-1,-1,750.000,800.000,-1,-1,1,0,2,0,2,0,0,0,0,2,2,2,2,0,0,2,2
79,-5354.044,-6126.553,237.909,11.535,0.979264,-0.199771,0.033669,0.200990,0.978862,-0.037852,-0.025395,0.043834,0.998716,0,1.00000,0.03480,60.000,0.070,875.000,400.000,-1,400.000,-1,325.000,325.000,300.000,300.000,-1,-1,-1,-1,750.000,800.000,1000.000,-1,1,0,2,0,2,0,0,0,0,2,2,2,2,0,0,1,2
80,-5295.273,-6114.473,236.438,11.615,0.978979,-0.201139,0.033810,0.202386,0.978541,-0.038708,-0.025298,0.044737,0.998678,0,1.00000,0.04028,60.000,0.081,825.000,400.000,-1,400.000,-1,325.000,325.000,300.000,300.000,-1,-1,-1,-1,750.000,800.000,975.000,-1,1,0,2,0,2,0,0,0,0,2,2,2,2,0,0,1,2
81,-5236.521,-6102.297,234.875,11.707,0.978644,-0.202699,0.034190,0.203994,0.978156,-0.039959,-0.025344,0.046081,0.998616,0,1.00000,0.04604,60.000,0.092,775.000,400.000,-1,400.000,-1,325.000,325.000,300.000,300.000,-1,-1,-1,-1,750.000,800.000,950.000,-1,1,0,2,0,2,0,0,0,0,2,2,2,2,1,0,1,2
82,-5177.792,-6090.015,233.284,11.812,0.978264,-0.204465,0.034547,0.205806,0.977728,-0.041130,-0.025368,0.047346,0.998556,0,1.00000,0.05210,60.000,0.104,750.000,400.000,-1,400.000,-1,325.000,325.000,300.000,300.000,-1,-1,-1,-1,750.000,800.000,925.000,-1,1,0,2,0,2,0,0,0,0,2,2,2,2,1,0,1,2
83,-5119.087,-6077.613,231.565,11.929,0.977827,-0.206454,0.035095,0.207833,0.977277,-0.041653,-0.025698,0.048024,0.998516,0,1.00000,0.05848,60.000,0.117,700.000,400.000,-1,400.000,-1,325.000,325.000,300.000,300.000,-1,-1,-1,-1,750.000,800.000,900.000,-1,1,0,2,0,2,0,0,0,0,2,2,2,2,1,0,1,2
84,-5060.411,-6065.077,229.866,12.059,0.977336,-0.208670,0.035656,0.210088,0.976772,-0.042181,-0.026026,0.048716,0.998474,0,1.00000,0.06518,60.000,0.130,650.000,400.000,-1,400.000,-1,325.000,325.000,300.000,300.000,-1,-1,-1,-1,725.000,800.000,875.000,-1,1,0,2,0,2,0,0,0,0,2,2,2,2,1,0,1,2
85,-5001.767,-6052.394,228.196,12.203,0.976788,-0.211125,0.036206,0.212583,0.976210,-0.042694,-0.026331,0.049399,0.998432,0,1.00000,0.07224,60.000,0.144,625.000,400.000,-1,400.000,-1,325.000,325.000,300.000,300.000,-1,-1,-1,-1,725.000,800.000,850.000,-1,1,0,2,0,2,0,0,0,0,2,2,2,2,1,0,1,2
86,-4943.159,-6039.548,226.553,12.363,0.976179,-0.213831,0.036748,0.215327,0.975586,-0.043193,-0.026614,0.050077,0.998391,0,1.00000,0.07965,60.000,0.159,575.000,400.000,-1,400.000,-1,325.000,325.000,300.000,300.000,-1,-1,-1,-1,700.000,800.000,800.000,-1,1,0,2,0,2,0,0,0,0,2,2,2,2,1,0,1,2
87,-4884.589,-6026.523,224.935,12.538,0.975503,-0.216801,0.037298,0.218336,0.974895,-0.043692,-0.026889,0.050765,0.998349,0,1.00000,0.08745,60.000,0.175,550.000,400.000,-1,400.000,-1,325.000,325.000,300.000,300.000,-1,-1,-1,-1,700.000,800.000,775.000,-1,1,0,2,0,2,0,0,0,0,2,2,2,2,1,0,1,2
88,-4826.064,-6013.302,223.342,12.729,0.974755,-0.220047,0.037855,0.221622,0.974131,-0.044190,-0.027152,0.051464,0.998306,0,1.00000,0.09565,60.000,0.191,500.000,400.000,-1,400.000,-1,325.000,325.000,300.000,300.000,-1,-1,-1,-1,675.000,800.000,725.000,-1,1,0,2,0,2,0,0,1,0,2,2,2,2,1,0,1,2
89,-4767.587,-5999.868,221.777,12.937,0.973928,-0.223582,0.038421,0.225198,0.973288,-0.044686,-0.027404,0.052173,0.998262,0,1.00000,0.10425,60.000,0.208,475.000,400.000,-1,400.000,-1,325.000,325.000,300.000,300.000,-1,-1,-1,-1,675.000,800.000,700.000,-1,1,0,2,0,2,0,0,1,0,2,2,2,2,1,0,1,2
90,-4709.164,-5986.204,220.241,13.164,0.973016,-0.227419,0.038994,0.229077,0.972359,-0.045179,-0.027642,0.052893,0.998218,0,1.00000,0.11326,60.000,0.227,450.000,400.000,-1,400.000,-1,325.000,325.000,300.000,300.000,-1,-1,-1,-1,650.000,800.000,675.000,-1,1,0,2,0,2,0,0,1,0,2,2,2,2,1,0,1,2
91,-4650.738,-5972.553,218.696,13.150,0.973049,-0.227182,0.039541,0.228885,0.972377,-0.045773,-0.028050,0.053590,0.998169,0,1.00000,-0.00674,60.000,-0.013,450.000,400.000,-1,400.000,-1,325.000,325.000,275.000,300.000,-1,-1,-1,-1,650.000,775.000,650.000,-1,1,0,2,0,2,0,0,1,0,2,2,2,2,1,0,1,2
92,-4592.251,-5959.160,217.037,12.897,0.974024,-0.222866,0.040106,0.224632,0.973318,-0.046817,-0.028602,0.054610,0.998098,0,1.00000,-0.12674,60.000,-0.253,425.000,400.000,-1,400.000,-1,325.000,325.000,275.000,300.000,-1,-1,-1,-1,625.000,775.000,625.000,-1,1,0,2,0,2,0,0,1,0,2,2,2,2,1,0,1,2
93,-4533.652,-5946.272,215.316,12.404,0.975888,-0.214465,0.040597,0.216293,0.975157,-0.047822,-0.029332,0.055449,0.998031,0,1.00000,-0.24674,60.000,-0.493,425.000,400.000,-1,400.000,-1,325.000,325.000,275.000,300.000,-1,-1,-1,-1,625.000,775.000,625.000,-1,1,0,2,0,2,0,0,1,0,2,2,2,2,1,0,1,2
94,-4474.892,-5934.136,213.391,11.670,0.978542,-0.201964,0.040831,0.203826,0.977820,-0.048197,-0.030192,0.055485,0.998003,0,1.00000,-0.36674,60.000,-0.733,400.000,400.000,-1,400.000,-1,325.000,325.000,250.000,300.000,-1,-1,-1,-1,625.000,775.000,600.000,-1,1,0,2,0,2,0,0,1,0,2,2,2,2,1,0,1,2
95,-4415.934,-5922.999,211.409,10.697,0.981817,-0.185323,0.041126,0.187223,0.981120,-0.048490,-0.031364,0.055308,0.997977,0,1.00000,-0.48674,60.000,-0.973,400.000,400.000,-1,400.000,-1,325.000,325.000,250.000,300.000,-1,-1,-1,-1,650.000,775.000,625.000,-1,1,0,2,0,2,0,0,1,0,2,2,2,2,1,0,1,2
96,-4356.753,-5913.114,209.370,9.483,0.985504,-0.164507,0.041455,0.166448,0.984843,-0.048768,-0.032804,0.054961,0.997949,0,1.00000,-0.60674,60.000,-1.213,400.000,400.000,-1,400.000,-1,325.000,325.000,225.000,300.000,-1,-1,-1,-1,650.000,775.000,-1,-1,1,0,2,0,2,0,0,1,0,2,2,2,2,1,0,2,2
97,-4297.354,-5904.640,207.261,8.120,0.989121,-0.141043,0.041804,0.143028,0.988502,-0.049063,-0.034404,0.054508,0.997920,0,1.00000,-0.68137,60.000,-1.363,425.000,400.000,-1,400.000,-1,325.000,325.000,225.000,300.000,-1,-1,-1,-1,675.000,775.000,-1,-1,1,0,2,0,2,0,0,1,0,2,2,2,2,1,0,2,2
98,-4237.771,-5897.576,205.083,6.762,0.992169,-0.117566,0.042172,0.119596,0.991594,-0.049377,-0.036013,0.054034,0.997889,0,1.00000,-0.67939,60.000,-1.359,425.000,400.000,-1,400.000,-1,325.000,325.000,225.000,300.000,-1,-1,-1,-1,700.000,775.000,-1,-1,1,0,2,0,2,0,0,1,0,2,2,2,2,1,0,2,2
99,-4178.037,-5891.925,202.835,5.405,0.994656,-0.094062,0.042556,0.096139,0.994126,-0.049713,-0.037630,0.053539,0.997856,0,1.00000,-0.67821,60.000,-1.356,450.000,400.000,-1,400.000,-1,325.000,325.000,200.000,300.000,-1,-1,-1,-1,700.000,775.000,-1,-1,1,0,2,0,2,0,0,1,0,2,2,2,2,1,0,2,2
100,-4118.475,-5887.708,200.528,4.049,0.996585,-0.070518,0.042953,0.072641,0.996101,-0.050069,-0.039255,0.053018,0.997822,0,0.99519,-0.67785,59.711,-1.356,-1,400.000,-1,400.000,-1,325.000,325.000,200.000,300.000,-1,-1,-1,-1,725.000,775.000,-1,-1,2,0,2,0,2,0,0,1,0,2,2,2,2,1,0,2,2
101,-4059.642,-5884.942,198.184,2.693,0.997957,-0.046916,0.043355,0.049087,0.997520,-0.050441,-0.040881,0.052466,0.997786,0,0.98162,-0.67831,58.897,-1.357,-1,400.000,-1,400.000,-1,325.000,325.000,200.000,300.000,-1,-1,-1,-1,725.000,775.000,-1,-1,2,0,2,0,2,0,0,1,0,2,2,2,2,1,0,2,2
102,-4001.544,-5883.590,195.803,1.334,0.998772,-0.023244,0.043762,0.025462,0.998383,-0.050829,-0.042510,0.051881,0.997748,0,0.96856,-0.67956,58.114,-1.359,-1,400.000,-1,400.000,-1,325.000,325.000,200.000,300.000,-1,-1,-1,-1,750.000,750.000,-1,-1,2,0,2,0,2,0,0,1,0,2,2,2,2,1,0,2,2
103,-3944.164,-5883.620,193.384,-0.029,0.999024,0.000512,0.044170,0.001753,0.998685,-0.051234,-0.044138,0.051261,0.997709,0,0.95632,-0.68155,57.379,-1.363,-1,400.000,-1,400.000,-1,325.000,325.000,200.000,300.000,-1,-1,-1,-1,750.000,750.000,-1,-1,2,0,2,0,2,0,0,1,0,2,2,2,2,0,0,2,2
104,-3887.472,-5885.004,190.859,-1.398,0.998735,0.024364,0.043981,-0.022087,0.998428,-0.051522,-0.045167,0.050486,0.997703,0,0.94514,-0.68423,56.709,-1.368,-1,400.000,-1,400.000,-1,325.000,325.000,200.000,300.000,-1,-1,-1,-1,725.000,750.000,-1,-1,2,0,2,0,2,0,0,1,0,2,2,2,2,0,1,2,2
105,-3827.541,-5887.897,188.132,-2.763,0.997883,0.048144,0.043730,-0.045860,0.997603,-0.051812,-0.046120,0.049697,0.997699,0,1.00000,-0.68255,60.000,-1.365,-1,400.000,-1,400.000,975.000,325.000,325.000,225.000,300.000,-1,-1,-1,-1,725.000,750.000,-1,-1,2,0,2,0,1,0,0,1,0,2,2,2,2,0,1,2,2
106,-3767.697,-5892.212,185.332,-4.124,0.996468,0.071831,0.043486,-0.069540,0.996218,-0.052089,-0.047064,0.048881,0.997695,0,1.00000,-0.68058,60.000,-1.361,-1,400.000,-1,400.000,925.000,325.000,325.000,225.000,300.000,-1,-1,-1,-1,725.000,725.000,-1,975.000,2,0,2,0,1,0,0,1,0,2,2,2,2,0,1,2,1
107,-3707.971,-5897.946,182.460,-5.483,0.994495,0.095438,0.043250,-0.093141,0.994276,-0.052353,-0.047999,0.048036,0.997692,0,1.00000,-0.67940,60.000,-1.359,-1,400.000,-1,400.000,875.000,325.000,325.000,225.000,300.000,500.000,-1,-1,-1,725.000,700.000,-1,900.000,2,0,2,0,1,0,0,1,0,1,2,2,2,0,1,2,1
108,-3648.686,-5905.059,179.531,-6.841,0.991964,0.118982,0.043023,-0.116678,0.991776,-0.052603,-0.048928,0.047160,0.997688,0,0.99516,-0.67904,59.710,-1.358,-1,400.000,-1,400.000,825.000,325.000,325.000,225.000,300.000,500.000,-1,-1,-1,725.000,675.000,-1,850.000,2,0,2,0,1,0,0,1,0,1,2,2,2,0,1,2,1
109,-3590.383,-5913.461,176.572,-8.200,0.988872,0.142476,0.042807,-0.140167,0.988717,-0.052836,-0.049852,0.046248,0.997685,0,0.98174,-0.67950,58.905,-1.359,-1,400.000,-1,400.000,775.000,325.000,325.000,250.000,300.000,500.000,-1,-1,-1,725.000,650.000,-1,775.000,2,0,2,0,1,0,0,1,0,1,2,2,2,0,1,2,1
110,-3533.061,-5923.117,173.584,-9.561,0.985216,0.165936,0.042603,-0.163621,0.985096,-0.053054,-0.050772,0.045299,0.997682,0,0.96882,-0.68075,58.129,-1.361,-1,375.000,-1,400.000,725.000,325.000,325.000,250.000,300.000,500.000,-1,-1,-1,700.000,625.000,-1,725.000,2,0,2,1,1,0,0,1,0,1,2,2,2,0,1,2,1
111,-3476.699,-5933.999,170.574,-10.927,0.980990,0.189371,0.042397,-0.187055,0.980906,-0.053228,-0.051667,0.044286,0.997682,0,0.95671,-0.68273,57.403,-1.365,-1,375.000,-1,400.000,675.000,325.000,325.000,250.000,300.000,500.000,-1,-1,-1,700.000,600.000,-1,675.000,2,0,2,1,1,0,0,1,0,1,2,2,2,0,1,2,1
112,-3421.262,-5946.084,167.552,-12.298,0.976187,0.212794,0.042162,-0.210482,0.976144,-0.053302,-0.052498,0.043159,0.997688,0,0.94564,-0.68540,56.738,-1.371,-1,375.000,-1,375.000,625.000,325.000,325.000,275.000,300.000,500.000,-1,-1,-1,700.000,575.000,-1,625.000,2,0,2,1,1,0,0,1,0,1,2,2,2,0,1,2,1
113,-3366.707,-5959.359,164.500,-13.675,0.970797,0.236209,0.041941,-0.233903,0.970795,-0.053351,-0.053318,0.041983,0.997695,0,0.93579,-0.68871,56.147,-1.377,-1,375.000,-1,375.000,575.000,325.000,325.000,275.000,300.000,500.000,-1,-1,-1,700.000,550.000,-1,575.000,2,0,2,1,1,0,0,1,0,1,2,2,2,0,1,2,1
114,-3312.982,-5973.816,161.543,-15.060,0.964823,0.259615,0.041433,-0.257305,0.964830,-0.053832,-0.053951,0.041277,0.997690,0,0.92725,-0.69259,55.635,-1.385,-1,375.000,-1,350.000,525.000,325.000,325.000,275.000,300.000,500.000,-1,-1,-1,700.000,525.000,-1,525.000,2,0,2,1,1,0,0,1,0,1,2,2,2,0,1,2,1
115,-3260.038,-5989.453,158.688,-16.454,0.958267,0.283012,0.040348,-0.280700,0.958236,-0.054695,-0.054142,0.041086,0.997688,0,0.92008,-0.69700,55.205,-1.394,-1,375.000,-1,350.000,475.000,325.000,325.000,300.000,300.000,525.000,-1,-1,-1,700.000,475.000,-1,475.000,2,0,2,1,1,0,1,1,0,1,2,2,2,0,1,2,1
116,-3207.825,-6006.276,155.803,-17.858,0.951088,0.306407,0.039321,-0.304095,0.951028,-0.055431,-0.054380,0.040763,0.997688,0,0.91427,-0.70190,54.856,-1.404,-1,375.000,-1,325.000,425.000,325.000,300.000,300.000,300.000,525.000,-1,-1,-1,700.000,450.000,-1,425.000,2,0,2,1,1,0,1,1,0,1,2,2,2,0,1,2,1
117,-3156.298,-6024.293,153.422,-19.273,0.943296,0.329821,0.037551,-0.327675,0.943266,-0.053653,-0.053116,0.038306,0.997853,0,0.90978,-0.70723,54.587,-1.414,-1,375.000,-1,300.000,400.000,325.000,300.000,300.000,300.000,575.000,925.000,-1,-1,700.000,425.000,-1,375.000,2,0,2,1,1,0,1,0,0,1,1,2,2,0,1,2,1
118,-3105.416,-6043.520,151.766,-20.699,0.934879,0.353260,0.034778,-0.351491,0.934947,-0.048248,-0.049560,0.032882,0.998230,0,0.90655,-0.71296,54.393,-1.426,-1,400.000,-1,300.000,375.000,325.000,275.000,300.000,325.000,600.000,850.000,-1,-1,725.000,400.000,-1,350.000,2,0,2,1,1,0,1,0,0,1,1,2,2,0,1,2,1
119,-3056.221,-6063.282,150.444,-21.884,0.927443,0.372605,0.031861,-0.371256,0.927613,-0.041281,-0.044936,0.026457,0.998639,0,0.88361,-0.59296,53.017,-1.186,-1,400.000,-1,300.000,350.000,325.000,275.000,300.000,325.000,625.000,700.000,750.000,-1,725.000,400.000,-1,325.000,2,0,2,1,1,0,1,0,0,1,0,0,2,0,1,2,1
120,-3007.055,-6084.025,149.423,-22.873,0.920951,0.388619,0.028715,-0.387712,0.921206,-0.032534,-0.039095,0.018829,0.999058,0,0.88939,-0.49422,53.363,-0.988,-1,425.000,-1,275.000,325.000,325.000,275.000,300.000,350.000,625.000,475.000,550.000,-1,750.000,375.000,-1,300.000,2,0,2,1,1,1,1,0,0,1,0,0,2,0,1,2,1
121,-2957.953,-6105.752,148.693,-23.868,0.914134,0.404611,0.025465,-0.404132,0.914436,-0.022011,-0.032192,0.009830,0.999433,0,0.89491,-0.49755,53.695,-0.995,-1,425.000,-1,275.000,300.000,325.000,250.000,275.000,375.000,650.000,325.000,425.000,-1,800.000,350.000,-1,275.000,2,0,2,1,1,1,1,0,0,1,0,0,2,0,1,2,1
122,-2908.941,-6128.471,148.271,-24.870,0.906991,0.420565,0.022187,-0.420455,0.907262,-0.009619,-0.024175,-0.000605,0.999708,0,0.90037,-0.50112,54.022,-1.002,-1,450.000,-1,250.000,275.000,300.000,250.000,275.000,400.000,650.000,225.000,350.000,-1,775.000,325.000,-1,250.000,2,1,2,1,1,1,1,0,0,1,0,0,2,1,1,2,1
123,-2860.048,-6152.190,148.173,-25.880,0.899525,0.436456,0.018978,-0.436611,0.899638,0.004737,-0.015006,-0.012548,0.999809,0,0.90572,-0.50497,54.343,-1.010,-1,425.000,-1,250.000,250.000,300.000,225.000,275.000,425.000,625.000,175.000,300.000,-1,750.000,325.000,-1,250.000,2,1,2,1,1,1,1,0,0,1,0,0,2,1,1,2,1
124,-2811.304,-6176.914,148.435,-26.898,0.891744,0.452256,0.016023,-0.452516,0.891505,0.021184,-0.004704,-0.026142,0.999647,0,0.91094,-0.50916,54.656,-1.018,-1,400.000,-1,225.000,250.000,275.000,225.000,275.000,475.000,600.000,125.000,250.000,-1,700.000,300.000,-1,225.000,2,1,2,1,1,1,1,0,0,1,0,0,2,1,1,2,1
125,-2762.742,-6202.648,149.179,-27.926,0.883658,0.467940,0.013467,-0.468090,0.882816,0.039094,0.006405,-0.040849,0.999145,0,0.91597,-0.51376,54.958,-1.028,-1,375.000,-1,225.000,225.000,275.000,200.000,250.000,525.000,575.000,100.000,225.000,-1,675.000,300.000,-1,200.000,2,1,2,1,1,1,1,0,0,1,0,0,2,1,1,2,1
126,-2714.402,-6229.394,150.377,-28.964,0.875287,0.483471,0.011358,-0.483251,0.873508,0.058748,0.018481,-0.056910,0.998208,0,0.92076,-0.51887,55.246,-1.038,-1,375.000,-1,200.000,200.000,275.000,200.000,250.000,550.000,500.000,75.000,200.000,-1,675.000,275.000,-1,200.000,2,1,2,1,1,1,1,0,1,0,0,0,2,1,1,2,1
127,2951.694,2295.762,41.334,104.773,-0.254982,-0.966838,0.014416,0.966946,-0.254962,0.003232,0.000550,0.014763,0.999891,1,0.00000,0.00000,55.514,-1.049,-1,400.000,-1,400.000,-1,325.000,325.000,300.000,300.000,-1,-1,-1,-1,775.000,775.000,-1,-1,2,0,2,0,2,0,0,0,0,2,2,2,2,0,0,2,2
128,2950.450,2300.399,41.341,105.013,-0.259029,-0.965763,0.014364,0.965869,-0.259010,0.003254,0.000578,0.014717,0.999892,0,0.08000,0.12000,4.800,0.240,-1,400.000,-1,400.000,-1,325.000,325.000,300.000,300.000,-1,-1,-1,-1,775.000,775.000,-1,-1,2,0,2,0,2,0,0,0,0,2,2,2,2,0,0,2,2
129,2947.886,2309.650,41.356,105.493,-0.267111,-0.963560,0.014260,0.963666,-0.267091,0.003296,0.000633,0.014622,0.999893,0,0.16000,0.24000,9.600,0.480,-1,400.000,-1,400.000,-1,325.000,325.000,300.000,300.000,-1,-1,-1,-1,775.000,775.000,-1,-1,2,0,2,0,2,0,0,0,0,2,2,2,2,0,0,2,2
130,2943.901,2323.487,41.382,106.065,-0.276718,-0.960848,0.014106,0.960951,-0.276698,0.003355,0.000680,0.014483,0.999895,0,0.24000,0.28600,14.400,0.572,-1,400.000,-1,400.000,-1,325.000,325.000,300.000,300.000,-1,-1,-1,-1,775.000,775.000,-1,-1,2,0,2,0,2,0,0,0,0,2,2,2,2,0,0,2,2
131,2938.406,2341.884,41.417,106.632,-0.286217,-0.958064,0.013903,0.958165,-0.286197,0.003428,0.000694,0.014302,0.999897,0,0.32000,0.28361,19.200,0.567,-1,400.000,-1,400.000,-1,325.000,325.000,300.000,300.000,-1,-1,-1,-1,775.000,775.000,-1,-1,2,0,2,0,2,0,0,0,0,2,2,2,2,0,0,2,2
132,2931.311,2364.812,41.463,107.193,-0.295587,-0.955218,0.013650,0.955316,-0.295567,0.003514,0.000678,0.014079,0.999901,0,0.40000,0.28056,24.000,0.561,-1,400.000,-1,400.000,-1,325.000,325.000,300.000,300.000,-1,-1,-1,-1,775.000,775.000,-1,-1,2,0,2,0,2,0,0,0,0,2,2,2,2,0,0,2,2
133,2922.533,2392.241,41.520,107.747,-0.304803,-0.952322,0.013349,0.952415,-0.304783,0.003607,0.000634,0.013813,0.999904,0,0.48000,0.27677,28.800,0.554,-1,400.000,-1,400.000,-1,325.000,325.000,300.000,300.000,-1,-1,-1,-1,775.000,775.000,-1,1000.000,2,0,2,0,2,0,0,0,0,2,2,2,2,0,0,2,1
134,2911.988,2424.143,41.588,108.291,-0.313839,-0.949387,0.012999,0.949476,-0.313818,0.003704,0.000563,0.013505,0.999909,0,0.56000,0.27217,33.600,0.544,-1,400.000,-1,400.000,-1,325.000,325.000,300.000,300.000,-1,-1,-1,-1,775.000,775.000,-1,950.000,2,0,2,0,2,0,0,0,0,2,2,2,2,0,0,2,1
135,2899.597,2460.489,41.667,108.824,-0.322664,-0.946430,0.012603,0.946513,-0.322642,0.003799,0.000471,0.013155,0.999913,0,0.64000,0.26665,38.400,0.533,-1,400.000,-1,400.000,975.000,325.000,325.000,300.000,300.000,-1,-1,-1,-1,775.000,775.000,-1,925.000,2,0,2,0,1,0,0,0,0,2,2,2,2,0,0,2,1
136,2885.287,2501.250,41.756,109.345,-0.331246,-0.943466,0.012162,0.943544,-0.331223,0.003888,0.000360,0.012763,0.999918,0,0.72000,0.26010,43.200,0.520,-1,400.000,1000.000,400.000,925.000,325.000,325.000,300.000,300.000,-1,-1,-1,-1,775.000,775.000,-1,875.000,2,0,1,0,1,0,0,0,0,2,2,2,2,0,0,2,1
