timestep,x_cm,y_cm,z_cm,yaw_deg,basis_xx,basis_xy,basis_xz,basis_yx,basis_yy,basis_yz,basis_zx,basis_zy,basis_zz,teleport_flag,throttle_cmd,steering_cmd,cmd_move_cm,cmd_turn_deg,lidar_cm_0,lidar_cm_1,lidar_cm_2,lidar_cm_3,lidar_cm_4,lidar_cm_5,lidar_cm_6,lidar_cm_7,lidar_cm_8,lidar_cm_9,lidar_cm_10,lidar_cm_11,lidar_cm_12,lidar_cm_13,lidar_cm_14,lidar_cm_15,lidar_cm_16,lidar_class_0,lidar_class_1,lidar_class_2,lidar_class_3,lidar_class_4,lidar_class_5,lidar_class_6,lidar_class_7,lidar_class_8,lidar_class_9,lidar_class_10,lidar_class_11,lidar_class_12,lidar_class_13,lidar_class_14,lidar_class_15,lidar_class_16
0,-2956.163,-2297.528,70.160,-158.475,-0.928024,0.366678,-0.065707,-0.368165,-0.929687,0.011711,-0.056793,0.035059,0.997770,1,0.08000,-0.12000,4.800,-0.240,975.000,400.000,650.000,400.000,-1,325.000,325.000,325.000,325.000,-1,625.000,525.000,-1,575.000,625.000,725.000,-1,1,0,1,1,2,0,0,0,0,2,0,0,2,1,1,1,2
1,-2965.123,-2300.975,69.541,-158.955,-0.931065,0.358884,-0.065733,-0.360353,-0.932743,0.011650,-0.057132,0.034534,0.997769,0,0.16000,-0.24000,9.600,-0.480,950.000,400.000,650.000,375.000,-1,325.000,325.000,325.000,325.000,-1,625.000,550.000,-1,575.000,650.000,700.000,-1,1,0,1,1,2,0,0,0,0,2,0,0,2,1,1,1,2
2,-2978.626,-2305.976,68.613,-159.675,-0.935500,0.347144,-0.065805,-0.348590,-0.937204,0.011576,-0.057654,0.033768,0.997765,0,0.24000,-0.36000,14.400,-0.720,900.000,400.000,650.000,375.000,-1,325.000,325.000,325.000,325.000,-1,650.000,550.000,-1,550.000,650.000,675.000,-1,1,0,1,1,2,0,0,0,0,2,0,0,2,1,1,1,2
3,-2996.740,-2312.343,67.376,-160.635,-0.941181,0.331403,-0.065958,-0.332822,-0.942919,0.011511,-0.058378,0.032786,0.997756,0,0.32000,-0.48000,19.200,-0.960,825.000,400.000,625.000,375.000,-1,325.000,325.000,325.000,325.000,-1,700.000,575.000,-1,525.000,675.000,650.000,-1,1,0,1,1,2,0,0,0,0,2,0,0,2,1,1,1,2
4,-3019.545,-2319.824,65.833,-161.835,-0.947903,0.311596,-0.066237,-0.312985,-0.949689,0.011485,-0.059326,0.031618,0.997738,0,0.40000,-0.60000,24.000,-1.200,775.000,400.000,600.000,375.000,-1,325.000,325.000,325.000,325.000,-1,750.000,625.000,-1,500.000,700.000,600.000,-1,1,0,1,1,2,0,1,0,0,2,0,0,2,1,1,1,2
5,-3047.127,-2328.112,63.984,-163.275,-0.955413,0.287643,-0.066695,-0.289004,-0.957258,0.011541,-0.060524,0.030301,0.997707,0,0.48000,-0.72000,28.800,-1.440,675.000,375.000,600.000,375.000,-1,325.000,300.000,300.000,325.000,-1,850.000,675.000,-1,450.000,775.000,550.000,-1,1,1,1,1,2,1,1,0,0,2,0,0,2,1,1,1,2
6,-3079.575,-2336.833,61.832,-164.955,-0.963399,0.259466,-0.067384,-0.260804,-0.965320,0.011731,-0.062003,0.028876,0.997658,0,0.56000,-0.84000,33.600,-1.680,600.000,350.000,575.000,375.000,-1,300.000,300.000,300.000,325.000,-1,975.000,775.000,-1,425.000,850.000,500.000,-1,1,1,1,1,2,1,1,0,0,2,0,0,2,1,0,1,2
7,-3116.945,-2345.670,59.387,-166.695,-0.970778,0.230045,-0.068327,-0.231375,-0.972789,0.012126,-0.063678,0.027581,0.997589,0,0.64000,-0.86996,38.400,-1.740,500.000,325.000,550.000,400.000,-1,275.000,300.000,300.000,325.000,-1,-1,900.000,-1,375.000,850.000,425.000,-1,1,1,1,1,2,1,1,0,0,2,2,0,2,1,0,1,2
8,-3159.264,-2354.351,56.656,-168.406,-0.977139,0.200907,-0.069534,-0.202250,-0.979251,0.012772,-0.065525,0.026543,0.997498,0,0.72000,-0.85537,43.200,-1.711,425.000,275.000,550.000,400.000,-1,250.000,275.000,300.000,325.000,-1,-1,-1,-1,350.000,850.000,375.000,-1,1,1,1,0,2,1,1,0,0,2,2,2,2,1,0,1,2
9,-3206.547,-2362.617,53.638,-170.083,-0.982506,0.172158,-0.071016,-0.173538,-0.984732,0.013703,-0.067573,0.025788,0.997381,0,0.80000,-0.83876,48.000,-1.678,350.000,250.000,525.000,400.000,-1,225.000,275.000,300.000,325.000,-1,-1,-1,-1,300.000,825.000,300.000,-1,1,1,1,0,2,1,1,0,0,2,2,2,2,1,0,1,2
10,-3258.798,-2370.218,50.268,-171.723,-0.986915,0.143914,-0.072721,-0.145377,-0.989259,0.015208,-0.069751,0.025581,0.997236,0,0.88000,-0.81974,52.800,-1.639,275.000,225.000,500.000,400.000,-1,200.000,275.000,325.000,325.000,-1,-1,-1,-1,275.000,825.000,250.000,-1,1,1,1,0,2,1,1,0,0,2,2,2,2,1,0,1,2
11,-3316.007,-2376.920,46.342,-173.319,-0.990421,0.116310,-0.074423,-0.117891,-0.992878,0.017197,-0.071893,0.025806,0.997078,0,0.96000,-0.79785,57.600,-1.596,200.000,200.000,500.000,400.000,-1,175.000,250.000,325.000,325.000,-1,-1,-1,-1,225.000,825.000,175.000,-1,1,1,1,0,2,1,1,0,0,2,2,2,2,1,0,1,2
12,-3375.760,-2382.308,50.786,-174.864,-0.994793,0.089357,-0.049019,-0.092120,-0.994096,0.057340,-0.043606,0.061557,0.997151,0,1.00000,-0.77252,60.000,-1.545,175.000,200.000,-1,475.000,-1,200.000,300.000,450.000,300.000,-1,750.000,75.000,-1,250.000,975.000,150.000,-1,1,1,2,0,2,1,1,0,0,2,0,0,2,1,0,1,2
13,-3435.635,-2386.164,54.988,-176.351,-0.997746,0.063340,-0.022178,-0.065180,-0.993291,0.095518,-0.015979,0.096748,0.995181,0,1.00000,-0.74387,60.000,-1.488,150.000,200.000,-1,550.000,-1,225.000,350.000,600.000,275.000,-1,250.000,25.000,675.000,250.000,-1,150.000,-1,1,1,2,0,2,1,1,0,0,2,0,0,0,1,2,1,2
14,-3495.589,-2388.549,58.816,-177.776,-0.999245,0.038473,0.005435,-0.037428,-0.990645,0.131234,0.010433,0.130931,0.991337,0,1.00000,-0.71232,60.000,-1.425,125.000,225.000,-1,625.000,-1,250.000,425.000,825.000,250.000,-1,200.000,0.000,400.000,275.000,-1,125.000,-1,1,1,2,0,2,1,1,0,0,2,0,0,0,1,2,1,2
15,-3555.585,-2389.531,62.187,-179.131,-0.999335,0.014956,0.033247,-0.009299,-0.986381,0.164212,0.035250,0.163794,0.985865,0,1.00000,-0.67768,60.000,-1.355,125.000,250.000,-1,700.000,-1,275.000,500.000,-1,250.000,-1,175.000,0.000,275.000,300.000,-1,125.000,-1,1,1,2,0,2,1,1,2,0,2,0,0,0,1,2,1,2
16,-3615.591,-2389.186,65.032,-180.411,-0.998131,-0.007034,0.060703,0.018726,-0.980772,0.194255,0.058169,0.195029,0.979071,0,1.00000,-0.63979,60.000,-1.280,100.000,275.000,-1,775.000,-1,325.000,625.000,-1,225.000,-1,175.000,0.000,200.000,350.000,-1,100.000,-1,1,1,2,0,2,1,1,2,0,2,0,0,0,1,2,1,2
17,-1639.864,4263.606,278.827,37.751,0.792156,-0.609836,-0.024281,0.609170,0.787599,0.092733,-0.037428,-0.088250,0.995395,1,0.00000,0.00000,60.000,-1.197,800.000,350.000,-1,375.000,-1,300.000,300.000,250.000,350.000,450.000,0.000,0.000,475.000,625.000,775.000,-1,-1,0,0,2,0,2,0,0,0,0,1,1,1,1,0,0,2,2
18,-1636.056,4266.528,278.532,37.524,0.794513,-0.606769,-0.024103,0.606152,0.790070,0.091486,-0.036468,-0.087297,0.995515,0,0.08000,-0.11324,4.800,-0.226,825.000,350.000,-1,375.000,-1,300.000,300.000,250.000,350.000,450.000,0.000,0.000,475.000,625.000,775.000,-1,-1,0,0,2,0,2,0,0,0,0,1,1,1,1,0,0,2,2
19,-1628.418,4272.343,277.825,37.299,0.796787,-0.603784,-0.023976,0.603278,0.792606,0.088498,-0.034430,-0.084979,0.995788,0,0.16000,-0.11247,9.600,-0.225,900.000,375.000,-1,375.000,-1,300.000,300.000,275.000,350.000,475.000,0.000,0.000,475.000,650.000,775.000,-1,-1,0,0,2,0,2,0,0,0,0,1,1,1,1,0,0,2,2
20,-1616.926,4281.021,276.726,37.077,0.798973,-0.600891,-0.023925,0.600548,0.795176,0.083887,-0.031382,-0.081392,0.996188,0,0.24000,-0.11093,14.400,-0.222,1000.000,375.000,-1,400.000,-1,300.000,325.000,275.000,350.000,475.000,0.000,0.000,500.000,650.000,775.000,-1,-1,0,0,2,0,2,0,0,0,0,1,1,1,1,0,0,2,2
21,-1601.561,4292.534,275.271,36.860,0.801066,-0.598095,-0.023970,0.597947,0.797748,0.077834,-0.027430,-0.076683,0.996678,0,0.32000,-0.10863,19.200,-0.217,-1,375.000,-1,400.000,-1,300.000,325.000,275.000,325.000,500.000,0.000,0.000,500.000,675.000,800.000,-1,-1,2,0,2,0,2,0,0,0,0,1,1,1,1,0,0,2,2
22,-1582.302,4306.854,273.506,36.649,0.803066,-0.595401,-0.024127,0.595456,0.800281,0.070589,-0.022720,-0.071054,0.997214,0,0.40000,-0.10555,24.000,-0.211,-1,375.000,-1,400.000,-1,325.000,325.000,275.000,325.000,525.000,25.000,0.000,500.000,700.000,800.000,-1,-1,2,0,2,0,2,0,0,0,0,1,1,1,1,0,0,2,2
23,-1559.131,4323.958,271.488,36.445,0.804972,-0.592811,-0.024403,0.593056,0.802734,0.062466,-0.017442,-0.064755,0.997749,0,0.48000,-0.10171,28.800,-0.203,-1,400.000,-1,400.000,-1,325.000,325.000,275.000,300.000,550.000,25.000,0.000,525.000,725.000,825.000,-1,-1,2,0,2,0,2,0,0,0,0,1,1,1,1,0,0,2,2
24,-1532.031,4343.821,269.289,36.251,0.806782,-0.590329,-0.024797,0.590731,0.805070,0.053847,-0.011824,-0.058091,0.998241,0,0.56000,-0.09710,33.600,-0.194,-1,400.000,-1,400.000,-1,325.000,325.000,300.000,300.000,575.000,50.000,0.000,550.000,750.000,850.000,-1,-1,2,0,2,0,2,0,0,0,0,1,1,1,1,0,0,2,2
25,-1502.144,4365.588,268.588,36.068,0.808637,-0.587779,-0.024956,0.588210,0.806998,0.052573,-0.010762,-0.057192,0.998305,0,0.61623,-0.09172,36.974,-0.183,-1,400.000,-1,400.000,-1,325.000,325.000,300.000,300.000,600.000,75.000,25.000,575.000,775.000,850.000,-1,-1,2,0,2,0,2,0,0,0,0,1,1,1,1,0,0,2,2
26,-1471.962,4387.434,268.227,35.896,0.810399,-0.585342,-0.025072,0.585779,0.808730,0.053089,-0.010799,-0.057710,0.998275,0,0.62097,-0.08580,37.258,-0.172,-1,400.000,-1,400.000,-1,325.000,325.000,300.000,300.000,650.000,125.000,75.000,625.000,775.000,850.000,-1,-1,2,0,2,0,2,0,0,0,0,1,1,1,1,0,0,2,2
27,-1441.487,4409.363,267.832,35.737,0.812033,-0.583067,-0.025219,0.583511,0.810331,0.053646,-0.010843,-0.058278,0.998241,0,0.62575,-0.07983,37.545,-0.160,-1,400.000,-1,400.000,-1,325.000,325.000,300.000,300.000,675.000,150.000,100.000,675.000,775.000,875.000,-1,-1,2,0,2,0,2,0,0,0,0,1,1,1,1,0,0,2,2
28,-1410.720,4431.381,267.401,35.589,0.813539,-0.580956,-0.025398,0.581409,0.811801,0.054244,-0.010895,-0.058896,0.998205,0,0.63056,-0.07382,37.834,-0.148,-1,400.000,-1,425.000,-1,325.000,325.000,300.000,300.000,725.000,200.000,150.000,700.000,775.000,875.000,-1,-1,2,0,2,0,2,0,0,0,0,1,1,1,1,0,0,2,2
29,-1379.664,4453.496,266.858,35.453,0.814921,-0.579021,-0.025267,0.579464,0.813154,0.054785,-0.011176,-0.059287,0.998178,0,0.63542,-0.06775,38.125,-0.136,-1,400.000,-1,425.000,-1,325.000,325.000,300.000,300.000,750.000,250.000,175.000,725.000,750.000,875.000,-1,-1,2,0,2,0,2,0,0,0,0,1,1,1,1,0,0,2,2
30,-1348.320,4475.713,266.146,35.330,0.816183,-0.577272,-0.024562,0.577672,0.814401,0.055193,-0.011858,-0.059236,0.998174,0,0.64032,-0.06164,38.419,-0.123,-1,400.000,-1,425.000,-1,325.000,325.000,300.000,300.000,800.000,275.000,225.000,750.000,750.000,875.000,-1,-1,2,0,2,0,2,0,0,0,0,1,1,1,1,0,0,2,2
31,-1316.691,4498.041,265.396,35.219,0.817317,-0.575693,-0.023900,0.576052,0.815517,0.055643,-0.012542,-0.059246,0.998165,0,0.64526,-0.05548,38.716,-0.111,-1,400.000,-1,425.000,-1,325.000,325.000,300.000,300.000,850.000,325.000,275.000,775.000,750.000,875.000,-1,-1,2,0,2,0,2,0,0,0,0,1,1,1,1,0,0,2,2
32,-1284.779,4520.486,264.682,35.121,0.818315,-0.574297,-0.023307,0.574623,0.816517,0.055754,-0.012989,-0.059018,0.998172,0,0.65024,-0.04927,39.014,-0.099,-1,400.000,-1,425.000,-1,325.000,325.000,300.000,300.000,900.000,375.000,300.000,800.000,750.000,875.000,-1,-1,2,0,2,0,2,0,0,0,0,1,1,1,1,0,0,2,2
33,-1252.587,4543.055,264.036,35.035,0.819175,-0.573091,-0.022796,0.573395,0.817407,0.055355,-0.013090,-0.058416,0.998206,0,0.65526,-0.04302,39.316,-0.086,-1,400.000,-1,425.000,-1,325.000,325.000,300.000,300.000,950.000,400.000,350.000,850.000,750.000,875.000,-1,-1,2,0,2,0,2,0,0,0,0,1,1,1,1,0,0,2,2
34,-1216.321,4568.175,263.305,34.709,0.822420,-0.568452,-0.022091,0.568730,0.820686,0.054962,-0.013114,-0.057766,0.998244,0,0.73526,-0.16302,44.116,-0.326,-1,400.000,-1,425.000,-1,325.000,350.000,275.000,300.000,-1,450.000,400.000,875.000,750.000,875.000,-1,-1,2,0,2,0,2,0,0,0,0,2,1,1,1,0,0,2,2
35,-1175.836,4595.628,262.657,34.143,0.827999,-0.560359,-0.020379,0.560564,0.826325,0.054362,-0.013623,-0.056436,0.998313,0,0.81526,-0.28302,48.916,-0.566,-1,400.000,-1,425.000,-1,325.000,350.000,275.000,300.000,-1,525.000,450.000,900.000,750.000,875.000,-1,-1,2,0,2,0,2,0,0,0,0,2,1,1,1,0,0,2,2
36,-1130.958,4625.147,261.912,33.337,0.835802,-0.548717,-0.018577,0.548852,0.834183,0.053852,-0.014053,-0.055206,0.998376,0,0.89526,-0.40302,53.716,-0.806,-1,400.000,-1,425.000,-1,325.000,350.000,275.000,300.000,-1,600.000,500.000,950.000,725.000,850.000,-1,-1,2,0,2,0,2,0,0,0,0,2,1,1,1,0,0,2,2
37,-1084.806,4654.373,261.091,32.345,0.845182,-0.534216,-0.016784,0.534278,0.843585,0.053957,-0.014666,-0.054571,0.998402,0,0.91045,-0.49586,54.627,-0.992,-1,400.000,-1,425.000,-1,325.000,350.000,275.000,300.000,-1,675.000,575.000,1000.000,725.000,850.000,-1,-1,2,0,2,0,2,0,0,0,0,2,1,1,1,0,0,2,2
38,-1037.797,4683.034,260.263,31.371,0.854155,-0.519802,-0.014999,0.519786,0.852558,0.054468,-0.015525,-0.054320,0.998403,0,0.91761,-0.48713,55.057,-0.974,-1,400.000,-1,425.000,-1,325.000,350.000,275.000,300.000,-1,750.000,650.000,-1,725.000,850.000,-1,-1,2,0,2,0,2,0,0,0,0,2,1,1,2,0,0,2,2
39,-989.945,4711.125,259.443,30.414,0.862723,-0.505502,-0.013280,0.505414,0.861132,0.054843,-0.016287,-0.054026,0.998407,0,0.92479,-0.47835,55.488,-0.957,-1,400.000,-1,425.000,-1,325.000,350.000,275.000,300.000,-1,850.000,725.000,-1,700.000,825.000,-1,-1,2,0,2,0,2,0,0,0,0,2,1,1,2,0,0,2,2
40,-941.262,4738.639,258.632,29.475,0.870895,-0.491331,-0.011634,0.491176,0.869317,0.055087,-0.016952,-0.053689,0.998414,0,0.93200,-0.46952,55.920,-0.939,-1,375.000,-1,425.000,-1,325.000,325.000,275.000,300.000,-1,925.000,800.000,-1,700.000,825.000,-1,-1,2,0,2,0,2,0,0,0,0,2,1,1,2,0,0,2,2
41,-891.763,4765.575,257.829,28.554,0.878683,-0.477300,-0.010065,0.477084,0.877122,0.055207,-0.017521,-0.053311,0.998424,0,0.93922,-0.46063,56.353,-0.921,-1,375.000,-1,425.000,-1,325.000,325.000,275.000,300.000,-1,-1,875.000,-1,700.000,800.000,-1,-1,2,0,2,0,2,0,0,0,0,2,2,1,2,0,0,2,2
42,-841.461,4791.928,257.034,27.650,0.886097,-0.463421,-0.008579,0.463151,0.884558,0.055207,-0.017995,-0.052892,0.998438,0,0.94645,-0.45170,56.787,-0.903,-1,375.000,-1,425.000,975.000,325.000,325.000,275.000,300.000,-1,-1,950.000,-1,675.000,800.000,-1,975.000,2,0,2,0,1,0,0,0,0,2,2,1,2,0,0,2,1
43,-787.919,4819.007,256.066,26.829,0.892634,-0.450725,-0.007232,0.450419,0.891156,0.054431,-0.018089,-0.051844,0.998491,0,1.00000,-0.41048,60.000,-0.821,-1,375.000,-1,400.000,925.000,325.000,325.000,275.000,300.000,-1,-1,-1,-1,675.000,775.000,-1,900.000,2,0,2,0,1,0,0,0,0,2,2,2,2,0,0,2,1
44,-733.991,4845.310,255.158,26.002,0.899020,-0.437877,-0.005121,0.437526,0.897689,0.052205,-0.018262,-0.049174,0.998623,0,1.00000,-0.41343,60.000,-0.827,-1,375.000,-1,400.000,875.000,325.000,325.000,300.000,300.000,-1,-1,-1,-1,675.000,775.000,-1,850.000,2,0,2,0,1,0,0,0,0,2,2,2,2,0,1,2,1
45,-679.687,4870.827,254.377,25.170,0.905266,-0.424831,-0.003593,0.424464,0.904059,0.050083,-0.018029,-0.046864,0.998739,0,1.00000,-0.41637,60.000,-0.833,-1,375.000,-1,400.000,800.000,325.000,325.000,300.000,300.000,-1,-1,-1,-1,650.000,725.000,-1,800.000,2,0,2,0,1,0,0,0,0,2,2,2,2,0,1,2,1
46,-625.015,4895.546,253.600,24.331,0.911364,-0.411593,-0.002417,0.411226,0.910270,0.047983,-0.017549,-0.044724,0.998845,0,1.00000,-0.41933,60.000,-0.839,-1,375.000,1000.000,400.000,750.000,300.000,325.000,300.000,300.000,-1,-1,-1,-1,650.000,675.000,-1,725.000,2,0,1,0,1,0,0,0,0,2,2,2,2,0,1,2,1
47,-569.985,4919.457,252.785,23.486,0.917313,-0.398164,-0.001675,0.397814,0.916314,0.045967,-0.016768,-0.042832,0.998942,0,1.00000,-0.42230,60.000,-0.845,-1,375.000,925.000,400.000,700.000,300.000,325.000,300.000,275.000,-1,-1,-1,-1,650.000,625.000,-1,675.000,2,0,1,0,1,0,0,0,0,2,2,2,2,0,1,2,1
48,-514.607,4942.548,251.909,22.636,0.923106,-0.384542,-0.001582,0.384234,0.922184,0.044057,-0.015483,-0.041277,0.999028,0,1.00000,-0.42530,60.000,-0.851,-1,375.000,850.000,400.000,650.000,300.000,325.000,300.000,275.000,-1,-1,-1,-1,650.000,575.000,1000.000,625.000,2,0,1,0,1,0,0,0,0,2,2,2,2,0,1,1,1
49,-461.418,4964.063,251.210,22.025,0.927135,-0.374725,-0.001620,0.374464,0.926309,0.041572,-0.014077,-0.039150,0.999134,0,0.95625,-0.30530,57.375,-0.611,-1,375.000,800.000,400.000,575.000,300.000,325.000,300.000,275.000,-1,-1,-1,-1,650.000,550.000,925.000,575.000,2,0,1,0,1,0,0,0,0,2,2,2,2,0,1,1,1
50,-407.749,4985.370,250.521,21.654,0.929524,-0.368759,-0.001598,0.368537,0.928796,0.038956,-0.012881,-0.036799,0.999240,0,0.96240,-0.18530,57.744,-0.371,-1,375.000,725.000,400.000,525.000,300.000,325.000,300.000,275.000,-1,-1,-1,-1,650.000,500.000,875.000,525.000,2,0,1,0,1,0,0,0,0,2,2,2,2,1,1,1,1
51,-353.701,5006.685,249.826,21.524,0.930348,-0.366674,-0.001478,0.366484,0.929720,0.036189,-0.011895,-0.034210,0.999344,0,0.96832,-0.06530,58.099,-0.131,-1,375.000,675.000,375.000,475.000,300.000,325.000,300.000,275.000,-1,-1,-1,-1,600.000,450.000,800.000,450.000,2,0,1,1,1,0,0,0,0,2,2,2,2,1,1,1,1
52,-299.383,5028.226,249.128,21.633,0.929634,-0.368483,-0.001281,0.368318,0.929104,0.033286,-0.011076,-0.031415,0.999445,0,0.97389,0.05470,58.434,0.109,-1,375.000,625.000,350.000,400.000,300.000,300.000,300.000,275.000,-1,-1,-1,-1,550.000,425.000,750.000,400.000,2,0,1,1,1,0,0,0,0,2,2,2,2,1,1,1,1
53,-244.908,5050.202,248.834,21.971,0.927440,-0.373963,-0.002715,0.373861,0.926960,0.031213,-0.009156,-0.029963,0.999509,0,0.97902,0.16866,58.741,0.337,-1,375.000,575.000,325.000,350.000,300.000,300.000,300.000,275.000,-1,-1,-1,-1,525.000,375.000,700.000,350.000,2,0,1,1,1,0,1,0,0,2,2,2,2,1,1,1,1
54,-190.305,5072.590,248.557,22.295,0.925299,-0.379215,-0.004193,0.379172,0.924872,0.028995,-0.007117,-0.028419,0.999571,0,0.98356,0.16198,59.014,0.324,-1,375.000,525.000,275.000,300.000,300.000,275.000,300.000,275.000,-1,-1,-1,-1,475.000,350.000,650.000,300.000,2,1,1,1,1,1,1,0,0,2,2,2,2,1,1,1,1
55,-135.598,5095.366,248.300,22.604,0.923223,-0.384222,-0.005712,0.384232,0.922852,0.026630,-0.004960,-0.026780,0.999629,0,0.98765,0.15470,59.259,0.309,-1,325.000,475.000,250.000,250.000,275.000,250.000,300.000,275.000,-1,-1,-1,-1,425.000,300.000,600.000,250.000,2,1,1,1,1,1,1,0,0,2,2,2,2,1,1,1,1
56,-80.812,5118.505,248.170,22.897,0.921228,-0.388958,-0.007135,0.389011,0.920904,0.024605,-0.003000,-0.025443,0.999672,0,0.99121,0.14675,59.472,0.294,-1,300.000,425.000,225.000,200.000,250.000,200.000,300.000,275.000,-1,-1,650.000,-1,375.000,250.000,525.000,200.000,2,1,1,1,1,1,1,0,0,2,2,0,2,1,1,1,1
57,-25.979,5141.984,254.167,23.174,0.918866,-0.393088,-0.034151,0.394198,0.918311,0.036229,0.017120,-0.046752,0.998760,0,0.99412,0.13807,59.647,0.276,-1,275.000,400.000,200.000,175.000,225.000,200.000,300.000,325.000,-1,450.000,400.000,-1,375.000,250.000,525.000,175.000,2,1,1,1,1,1,1,0,0,2,0,0,2,1,1,1,1
58,28.865,5165.769,262.096,23.431,0.915408,-0.396519,-0.069293,0.400236,0.914951,0.051729,0.042888,-0.075086,0.996254,0,0.99630,0.12859,59.778,0.257,-1,275.000,425.000,200.000,175.000,225.000,200.000,275.000,400.000,925.000,200.000,300.000,-1,375.000,250.000,575.000,175.000,2,1,1,1,1,1,1,0,0,0,0,0,2,1,1,1,1
59,83.680,5189.818,269.876,23.667,0.910946,-0.399307,-0.103589,0.406901,0.911060,0.066345,0.067884,-0.102588,0.992405,0,0.99759,0.11824,59.855,0.236,-1,275.000,450.000,200.000,150.000,225.000,200.000,250.000,425.000,575.000,100.000,250.000,-1,375.000,250.000,-1,150.000,2,1,1,1,1,1,1,0,1,0,0,0,2,1,1,2,1
60,138.420,5214.082,277.550,23.881,0.905636,-0.401452,-0.136599,0.414023,0.906733,0.080122,0.091693,-0.129117,0.987381,0,0.99786,0.10694,59.871,0.214,-1,250.000,475.000,200.000,150.000,225.000,200.000,250.000,450.000,400.000,50.000,225.000,-1,400.000,250.000,-1,150.000,2,1,1,1,1,1,1,0,1,0,0,0,2,1,1,2,1
61,-3607.627,5575.423,276.374,-176.483,-0.998111,0.061340,-0.003504,-0.061318,-0.998099,-0.006155,-0.003875,-0.005929,0.999975,1,0.00000,0.00000,59.816,0.189,-1,400.000,-1,400.000,-1,325.000,325.000,300.000,300.000,-1,-1,-1,-1,800.000,850.000,-1,-1,2,0,2,0,2,0,0,0,0,2,2,2,2,0,0,2,2
62,-3612.419,5575.149,276.352,-176.723,-0.998358,0.057159,-0.003672,-0.057136,-0.998348,-0.006109,-0.004016,-0.005889,0.999975,0,0.08000,-0.12000,4.800,-0.240,-1,400.000,-1,400.000,-1,325.000,325.000,300.000,300.000,-1,-1,-1,-1,800.000,850.000,-1,-1,2,0,2,0,2,0,0,0,0,2,2,2,2,0,0,2,2
63,-3622.008,5574.681,276.309,-177.203,-0.998801,0.048793,-0.004012,-0.048769,-0.998792,-0.006011,-0.004300,-0.005808,0.999974,0,0.16000,-0.24000,9.600,-0.480,-1,400.000,-1,400.000,-1,325.000,325.000,300.000,300.000,-1,-1,-1,-1,800.000,825.000,-1,-1,2,0,2,0,2,0,0,0,0,2,2,2,2,0,0,2,2
64,-3636.398,5574.159,276.246,-177.923,-0.999333,0.036239,-0.004524,-0.036212,-0.999327,-0.005846,-0.004733,-0.005678,0.999973,0,0.24000,-0.36000,14.400,-0.720,-1,400.000,-1,400.000,-1,325.000,325.000,300.000,300.000,-1,-1,-1,-1,800.000,825.000,-1,-1,2,0,2,0,2,0,0,0,0,2,2,2,2,0,0,2,2
65,-3655.595,5573.785,276.166,-178.883,-0.999796,0.019491,-0.005213,-0.019461,-0.999795,-0.005596,-0.005321,-0.005493,0.999971,0,0.32000,-0.48000,19.200,-0.960,-1,400.000,-1,400.000,-1,325.000,325.000,300.000,300.000,-1,-1,-1,-1,800.000,825.000,-1,-1,2,0,2,0,2,0,0,0,0,2,2,2,2,0,0,2,2
66,-3679.595,5573.819,276.070,-180.083,-0.999980,-0.001452,-0.006081,0.001484,-0.999985,-0.005234,-0.006074,-0.005243,0.999968,0,0.40000,-0.60000,24.000,-1.200,-1,400.000,-1,400.000,-1,325.000,325.000,300.000,300.000,875.000,-1,-1,-1,800.000,825.000,-1,-1,2,0,2,0,2,0,0,0,0,1,2,2,2,0,0,2,2
67,-3708.387,5574.488,275.962,-181.330,-0.999705,-0.023209,-0.007125,0.023243,-0.999719,-0.004745,-0.007013,-0.004910,0.999963,0,0.48000,-0.62337,28.800,-1.247,-1,400.000,-1,400.000,-1,325.000,325.000,300.000,300.000,800.000,-1,-1,-1,800.000,825.000,-1,-1,2,0,2,0,2,0,0,0,0,1,2,2,2,0,0,2,2
68,-3741.953,5576.000,275.842,-182.579,-0.998952,-0.044994,-0.008344,0.045029,-0.998977,-0.004115,-0.008150,-0.004486,0.999957,0,0.56000,-0.62446,33.600,-1.249,-1,400.000,-1,400.000,-1,325.000,325.000,300.000,300.000,775.000,-1,-1,-1,775.000,825.000,-1,-1,2,0,2,0,2,0,0,0,0,1,2,2,2,0,0,2,2
69,-3780.267,5578.566,275.711,-183.832,-0.997717,-0.066823,-0.009733,0.066858,-0.997757,-0.003324,-0.009489,-0.003967,0.999947,0,0.64000,-0.62637,38.400,-1.253,-1,400.000,-1,400.000,-1,325.000,325.000,300.000,300.000,750.000,-1,-1,-1,775.000,800.000,-1,-1,2,0,2,0,2,0,0,0,0,1,2,2,2,0,0,2,2
70,-3821.134,5582.206,275.573,-185.090,-0.995993,-0.088724,-0.011212,0.088756,-0.996050,-0.002396,-0.010955,-0.003382,0.999934,0,0.68381,-0.62934,41.029,-1.259,-1,400.000,-1,400.000,-1,325.000,325.000,300.000,300.000,725.000,-1,-1,-1,775.000,800.000,-1,-1,2,0,2,0,2,0,0,0,0,1,2,2,2,0,0,2,2
71,-3861.153,5586.665,275.439,-186.357,-0.993771,-0.110723,-0.012653,0.110749,-0.993847,-0.001392,-0.012421,-0.002785,0.999919,0,0.67111,-0.63338,40.267,-1.267,-1,400.000,-1,400.000,-1,325.000,325.000,300.000,300.000,700.000,-1,-1,-1,775.000,800.000,-1,-1,2,0,2,0,2,0,0,0,0,1,2,2,2,0,0,2,2
72,-3900.361,5591.919,275.245,-187.633,-0.991041,-0.132834,-0.013886,0.132855,-0.991135,-0.000592,-0.013684,-0.002431,0.999903,0,0.65930,-0.63820,39.558,-1.276,-1,400.000,-1,400.000,-1,325.000,325.000,300.000,300.000,675.000,-1,-1,-1,775.000,800.000,-1,-1,2,0,2,0,2,0,0,0,0,1,2,2,2,0,0,2,2
73,-3938.797,5597.953,274.805,-188.921,-0.987792,-0.155070,-0.014844,0.155098,-0.987899,-0.000782,-0.014543,-0.003075,0.999890,0,0.64845,-0.64374,38.907,-1.287,-1,400.000,-1,400.000,-1,325.000,325.000,300.000,300.000,675.000,-1,-1,-1,750.000,775.000,-1,-1,2,0,2,0,2,0,0,0,0,1,2,2,2,0,0,2,2
74,-3976.506,5604.751,274.298,-190.221,-0.984007,-0.177440,-0.015636,0.177473,-0.984125,-0.000740,-0.015256,-0.003503,0.999877,0,0.63861,-0.64995,38.316,-1.300,-1,400.000,-1,400.000,-1,325.000,325.000,300.000,300.000,650.000,-1,-1,-1,750.000,775.000,-1,-1,2,0,2,0,2,0,0,0,0,1,2,2,2,0,0,2,2
75,-4013.531,5612.308,273.667,-191.534,-0.979676,-0.199954,-0.015938,0.199984,-0.979799,-0.000271,-0.015562,-0.003453,0.999873,0,0.62982,-0.65679,37.789,-1.314,-1,400.000,-1,400.000,-1,325.000,325.000,300.000,300.000,650.000,-1,-1,-1,725.000,775.000,-1,-1,2,0,2,0,2,0,0,0,0,1,2,2,2,0,0,2,2
76,-4049.920,5620.617,273.048,-192.863,-0.974771,-0.222615,-0.016228,0.222642,-0.974900,0.000183,-0.015861,-0.003435,0.999868,0,0.62209,-0.66421,37.325,-1.328,-1,400.000,-1,400.000,-1,325.000,325.000,300.000,300.000,625.000,-1,-1,-1,725.000,775.000,-1,-1,2,0,2,0,2,0,0,0,0,1,2,2,2,0,0,2,2
77,-4085.717,5629.680,272.438,-194.207,-0.969274,-0.245427,-0.016512,0.245450,-0.969409,0.000635,-0.016163,-0.003437,0.999863,0,0.61544,-0.67219,36.927,-1.344,-1,400.000,-1,400.000,-1,325.000,325.000,300.000,300.000,625.000,-1,-1,-1,725.000,750.000,-1,-1,2,0,2,0,2,0,0,0,0,1,2,2,2,0,0,2,2
78,-4120.967,5639.501,271.833,-195.569,-0.963164,-0.268389,-0.016792,0.268410,-0.963304,0.001086,-0.016467,-0.003461,0.999858,0,0.60987,-0.68070,36.592,-1.361,-1,400.000,-1,400.000,-1,325.000,325.000,300.000,300.000,625.000,-1,-1,-1,700.000,750.000,-1,-1,2,0,2,0,2,0,0,0,0,1,2,2,2,0,0,2,2
79,-4155.712,5650.089,271.233,-196.948,-0.956418,-0.291501,-0.017067,0.291518,-0.956564,0.001534,-0.016773,-0.003508,0.999853,0,0.60537,-0.68970,36.322,-1.379,-1,400.000,-1,400.000,-1,325.000,325.000,300.000,300.000,625.000,-1,-1,-1,700.000,750.000,-1,-1,2,0,2,0,2,0,0,0,0,1,2,2,2,0,0,2,2
80,-4189.992,5661.457,270.637,-198.346,-0.949014,-0.314758,-0.017339,0.314772,-0.949165,0.001978,-0.017080,-0.003580,0.999848,0,0.60193,-0.69918,36.116,-1.398,-1,400.000,-1,400.000,-1,325.000,325.000,300.000,300.000,650.000,-1,-1,-1,700.000,750.000,-1,-1,2,0,2,0,2,0,0,0,0,1,2,2,2,0,0,2,2
81,-4223.845,5673.621,270.042,-199.765,-0.940926,-0.338153,-0.017607,0.338165,-0.941084,0.002418,-0.017387,-0.003679,0.999842,0,0.59953,-0.70912,35.972,-1.418,-1,400.000,-1,400.000,-1,325.000,325.000,300.000,300.000,675.000,-1,-1,-1,675.000,750.000,-1,-1,2,0,2,0,2,0,0,0,0,1,2,2,2,0,0,2,2
82,-4257.304,5686.601,269.449,-201.204,-0.932131,-0.361680,-0.017871,0.361689,-0.932295,0.002852,-0.017693,-0.003806,0.999836,0,0.59815,-0.71950,35.889,-1.439,-1,400.000,-1,400.000,-1,325.000,325.000,300.000,300.000,675.000,-1,-1,-1,675.000,750.000,-1,-1,2,0,2,0,2,0,0,0,0,1,2,2,2,0,0,2,2
83,-4290.401,5700.422,268.854,-202.664,-0.922602,-0.385327,-0.018138,0.385333,-0.922772,0.003278,-0.018000,-0.003965,0.999830,0,0.59778,-0.73032,35.867,-1.461,1000.000,375.000,-1,400.000,-1,325.000,325.000,300.000,300.000,700.000,-1,-1,-1,675.000,750.000,1000.000,-1,1,0,2,0,2,0,0,0,0,1,2,2,2,0,0,1,2
84,-4323.163,5715.109,268.243,-204.147,-0.912311,-0.409081,-0.018468,0.409086,-0.912488,0.003664,-0.018351,-0.004213,0.999823,0,0.59838,-0.74157,35.903,-1.483,950.000,375.000,-1,400.000,-1,325.000,325.000,300.000,300.000,750.000,-1,-1,-1,675.000,750.000,950.000,-1,1,0,2,0,2,0,0,0,0,1,2,2,2,0,0,1,2
85,-4355.611,5730.693,267.641,-205.654,-0.901234,-0.432928,-0.018740,0.432932,-0.901418,0.004075,-0.018657,-0.004441,0.999816,0,0.59995,-0.75323,35.997,-1.506,900.000,375.000,-1,400.000,-1,325.000,325.000,300.000,300.000,775.000,-1,-1,-1,650.000,750.000,925.000,-1,1,0,2,0,2,0,0,0,0,1,2,2,2,0,0,1,2
86,-4387.766,5747.207,267.048,-207.184,-0.889341,-0.456851,-0.018950,0.456853,-0.889531,0.004506,-0.018916,-0.004650,0.999810,0,0.60245,-0.76531,36.147,-1.531,875.000,375.000,-1,400.000,-1,325.000,325.000,300.000,300.000,825.000,-1,-1,-1,650.000,750.000,900.000,-1,1,0,2,0,2,0,0,0,0,1,2,2,2,0,0,1,2
87,-4419.639,5764.686,266.454,-208.740,-0.876606,-0.480830,-0.019087,0.480830,-0.876800,0.004911,-0.019097,-0.004873,0.999806,0,0.60586,-0.77780,36.351,-1.556,825.000,375.000,-1,400.000,-1,300.000,325.000,300.000,300.000,900.000,-1,-1,-1,650.000,750.000,875.000,-1,1,0,2,0,2,0,0,0,0,1,2,2,2,0,0,1,2
88,-4451.828,5783.512,265.795,-210.321,-0.862999,-0.504844,-0.019110,0.504847,-0.863194,0.005019,-0.019030,-0.005317,0.999805,0,0.62150,-0.79071,37.290,-1.581,800.000,375.000,-1,400.000,-1,300.000,325.000,300.000,325.000,975.000,-1,-1,-1,650.000,750.000,825.000,-1,1,0,2,0,2,0,0,0,0,1,2,2,2,0,0,1,2
89,-4483.746,5803.402,265.141,-211.930,-0.848486,-0.528874,-0.019076,0.528881,-0.848681,0.005121,-0.018898,-0.005744,0.999805,0,0.62680,-0.80428,37.608,-1.609,775.000,375.000,-1,400.000,-1,300.000,325.000,300.000,325.000,-1,-1,-1,-1,650.000,750.000,800.000,-1,1,0,2,0,2,0,0,0,0,2,2,2,2,0,0,1,2
90,-4519.058,5826.886,264.640,-213.625,-0.832489,-0.553754,-0.017849,0.553751,-0.832664,0.005575,-0.017950,-0.005242,0.999825,0,0.70680,-0.84773,42.408,-1.695,725.000,375.000,-1,400.000,-1,300.000,325.000,300.000,325.000,-1,-1,-1,-1,650.000,750.000,775.000,-1,1,0,2,0,2,0,0,0,0,2,2,2,2,0,0,1,2
91,-4554.925,5852.309,264.249,-215.329,-0.815693,-0.578273,-0.015652,0.578250,-0.815835,0.006422,-0.016483,-0.003812,0.999857,0,0.73272,-0.85198,43.963,-1.704,700.000,375.000,-1,400.000,-1,300.000,325.000,325.000,325.000,-1,-1,-1,-1,650.000,750.000,750.000,-1,1,0,2,0,2,0,0,0,0,2,2,2,2,0,0,1,2
92,-4590.308,5879.014,263.710,-217.042,-0.798080,-0.602400,-0.013543,0.602355,-0.798192,0.007610,-0.015395,-0.002084,0.999879,0,0.73883,-0.85631,44.330,-1.713,675.000,375.000,-1,400.000,-1,300.000,325.000,300.000,325.000,-1,-1,-1,-1,675.000,775.000,725.000,-1,1,0,2,0,2,0,0,0,0,2,2,2,2,0,0,1,2
93,-4625.155,5906.995,263.136,-218.763,-0.779656,-0.626102,-0.011490,0.626044,-0.779741,0.008587,-0.014335,-0.000499,0.999897,0,0.74485,-0.86054,44.691,-1.721,650.000,375.000,-1,400.000,-1,300.000,325.000,300.000,325.000,-1,-1,-1,-1,675.000,775.000,700.000,-1,1,0,2,0,2,0,0,0,0,2,2,2,2,0,0,1,2
94,-4660.229,5937.005,262.512,-220.552,-0.759758,-0.650137,-0.009460,0.650071,-0.759816,0.009370,-0.013280,0.000969,0.999911,0,0.76933,-0.89442,46.160,-1.789,600.000,375.000,-1,400.000,-1,300.000,325.000,300.000,300.000,-1,-1,-1,-1,675.000,775.000,650.000,-1,1,0,2,0,2,0,0,0,0,2,2,2,2,1,0,1,2
95,-4694.769,5968.492,261.864,-222.352,-0.738986,-0.673677,-0.007591,0.673608,-0.739022,0.009929,-0.012299,0.002225,0.999922,0,0.77897,-0.89984,46.738,-1.800,575.000,375.000,-1,400.000,-1,300.000,325.000,300.000,300.000,-1,-1,-1,-1,675.000,800.000,625.000,-1,1,0,2,0,2,0,0,0,0,2,2,2,2,1,0,1,2
96,-4728.707,6001.451,261.178,-224.162,-0.717358,-0.696680,-0.005883,0.696613,-0.717374,0.010235,-0.011351,0.003244,0.999930,0,0.78848,-0.90495,47.309,-1.810,550.000,375.000,-1,400.000,-1,325.000,325.000,300.000,300.000,-1,-1,-1,-1,650.000,800.000,600.000,-1,1,0,2,0,2,0,0,0,0,2,2,2,2,1,0,1,2
97,-4761.968,6035.871,260.454,-225.981,-0.694890,-0.719103,-0.004350,0.719040,-0.694892,0.010307,-0.010435,0.004035,0.999937,0,0.79774,-0.90970,47.864,-1.819,525.000,375.000,-1,400.000,-1,325.000,325.000,300.000,300.000,-1,-1,-1,-1,650.000,800.000,600.000,-1,1,0,2,0,2,0,0,0,0,2,2,2,2,1,0,1,2
98,-4794.472,6071.729,259.721,-227.809,-0.671605,-0.740903,-0.002989,0.740846,-0.671596,0.010310,-0.009646,0.004710,0.999942,0,0.80663,-0.91407,48.398,-1.828,500.000,375.000,-1,400.000,-1,325.000,325.000,300.000,300.000,-1,-1,-1,-1,625.000,825.000,575.000,-1,1,0,2,0,2,0,0,0,0,2,2,2,2,1,0,1,2
99,-4826.137,6108.994,258.981,-229.645,-0.647529,-0.762038,-0.001805,0.761987,-0.647511,0.010264,-0.008990,0.005270,0.999946,0,0.81501,-0.91803,48.901,-1.836,475.000,375.000,-1,400.000,-1,325.000,325.000,300.000,300.000,-1,-1,-1,-1,625.000,825.000,550.000,-1,1,0,2,0,2,0,0,0,0,2,2,2,2,1,0,1,2
100,-4856.807,6147.527,258.231,-231.482,-0.622771,-0.782403,-0.000839,0.782358,-0.622746,0.010192,-0.008496,0.005691,0.999948,0,0.82082,-0.91858,49.249,-1.837,450.000,400.000,-1,400.000,-1,325.000,325.000,300.000,300.000,-1,-1,-1,-1,650.000,825.000,550.000,-1,1,0,2,0,2,0,0,0,0,2,2,2,2,1,0,1,2
101,-4886.189,6186.946,257.340,-233.300,-0.597641,-0.801764,-0.000826,0.801718,-0.597617,0.010145,-0.008628,0.005401,0.999948,0,0.81941,-0.90882,49.164,-1.818,425.000,400.000,-1,400.000,-1,325.000,325.000,275.000,300.000,-1,-1,-1,-1,650.000,825.000,550.000,-1,1,0,2,0,2,0,0,0,0,2,2,2,2,1,0,1,2
102,-4914.239,6227.151,256.835,-235.097,-0.572211,-0.820106,-0.000400,0.820045,-0.572174,0.012008,-0.010077,0.006543,0.999928,0,0.81705,-0.89862,49.023,-1.797,425.000,400.000,-1,400.000,-1,325.000,325.000,275.000,300.000,-1,-1,-1,-1,700.000,825.000,575.000,-1,1,0,2,0,2,0,0,0,0,2,2,2,2,1,0,1,2
103,-4940.921,6268.039,256.388,-236.873,-0.546531,-0.837439,0.000087,0.837356,-0.546475,0.014116,-0.011774,0.007788,0.999900,0,0.81373,-0.88806,48.824,-1.776,400.000,400.000,-1,400.000,-1,325.000,325.000,275.000,300.000,-1,-1,-1,-1,750.000,825.000,-1,-1,1,0,2,0,2,0,0,0,0,2,2,2,2,0,0,2,2
104,-4966.205,6309.507,255.918,-238.628,-0.520649,-0.853771,0.000480,0.853666,-0.520576,0.015964,-0.013380,0.008721,0.999872,0,0.80946,-0.87722,48.568,-1.754,400.000,400.000,-1,400.000,-1,325.000,325.000,275.000,300.000,-1,-1,-1,-1,750.000,800.000,-1,-1,1,0,2,0,2,0,0,0,0,2,2,2,2,0,0,2,2
105,-4990.070,6351.448,255.415,-240.360,-0.494614,-0.869113,0.000785,0.868985,-0.494525,0.017625,-0.014930,0.009399,0.999844,0,0.80427,-0.86618,48.256,-1.732,425.000,400.000,-1,400.000,-1,325.000,325.000,275.000,300.000,-1,-1,-1,-1,750.000,800.000,-1,-1,1,0,2,0,2,0,0,0,0,2,2,2,2,0,0,2,2
106,-5012.503,6393.763,254.870,-242.070,-0.468470,-0.883479,0.001018,0.883326,-0.468366,0.019169,-0.016458,0.009879,0.999816,0,0.79822,-0.85504,47.893,-1.710,-1,400.000,-1,400.000,-1,325.000,325.000,275.000,300.000,-1,-1,-1,-1,750.000,800.000,-1,-1,2,0,2,0,2,0,0,0,0,2,2,2,2,0,0,2,2
107,-5033.498,6436.352,254.137,-243.758,-0.442263,-0.896884,0.001866,0.896714,-0.442137,0.020455,-0.017521,0.010720,0.999789,0,0.79138,-0.84393,47.483,-1.688,-1,400.000,-1,400.000,-1,325.000,325.000,300.000,300.000,-1,-1,-1,-1,775.000,800.000,-1,-1,2,0,2,0,2,0,0,0,0,2,2,2,2,0,1,2,2
108,-5053.047,6479.130,253.341,-245.440,-0.415771,-0.909465,0.002760,0.909281,-0.415622,0.021576,-0.018476,0.011480,0.999763,0,0.78388,-0.84085,47.033,-1.682,-1,400.000,-1,400.000,-1,325.000,325.000,300.000,300.000,-1,-1,-1,-1,775.000,775.000,-1,975.000,2,0,2,0,2,0,0,0,0,2,2,2,2,0,1,2,1
109,-5071.147,6522.016,252.487,-247.118,-0.388982,-0.921238,0.003625,0.921039,-0.388808,0.022709,-0.019511,0.012172,0.999736,0,0.77581,-0.83904,46.549,-1.678,-1,400.000,-1,400.000,-1,325.000,325.000,300.000,300.000,-1,-1,-1,-1,775.000,750.000,-1,925.000,2,0,2,0,2,0,0,1,0,2,2,2,2,0,1,2,1
110,-5087.801,6564.936,251.600,-248.793,-0.361900,-0.932206,0.004422,0.931990,-0.361703,0.023767,-0.020556,0.012722,0.999708,0,0.76730,-0.83775,46.038,-1.675,-1,400.000,-1,400.000,1000.000,325.000,325.000,275.000,300.000,-1,-1,-1,-1,775.000,700.000,-1,875.000,2,0,2,0,1,0,0,1,0,2,2,2,2,0,1,2,1
111,-5103.017,6607.828,250.695,-250.467,-0.334534,-0.942370,0.005128,0.942137,-0.334316,0.024712,-0.021574,0.013098,0.999681,0,0.75851,-0.83696,45.511,-1.674,-1,400.000,-1,400.000,975.000,325.000,325.000,275.000,300.000,-1,-1,-1,-1,775.000,675.000,-1,850.000,2,0,2,0,1,0,0,1,0,2,2,2,2,0,1,2,1
112,-5116.810,6650.636,249.679,-252.141,-0.306879,-0.951733,0.005469,0.951489,-0.306656,0.025136,-0.022245,0.012917,0.999669,0,0.74960,-0.83668,44.976,-1.673,-1,400.000,-1,400.000,950.000,325.000,325.000,250.000,300.000,1000.000,-1,-1,-1,775.000,650.000,-1,800.000,2,0,2,0,1,0,0,1,0,1,2,2,2,0,1,2,1
113,-5129.198,6693.318,248.614,-253.814,-0.278948,-0.960290,0.005592,0.960037,-0.278727,0.025306,-0.022743,0.012428,0.999664,0,0.74072,-0.83690,44.443,-1.674,-1,400.000,1000.000,400.000,925.000,325.000,325.000,250.000,300.000,825.000,-1,-1,-1,750.000,625.000,1000.000,775.000,2,0,1,0,1,0,0,1,0,1,2,2,2,1,1,1,1
114,-5140.203,6735.839,247.547,-255.490,-0.250754,-0.968035,0.005633,0.967772,-0.250538,0.025444,-0.023220,0.011832,0.999660,0,0.73203,-0.83758,43.922,-1.675,-1,400.000,950.000,400.000,925.000,325.000,325.000,250.000,300.000,725.000,-1,-1,-1,700.000,600.000,925.000,725.000,2,0,1,0,1,0,0,1,0,1,2,2,2,1,1,1,1
115,-5149.847,6778.174,246.481,-257.167,-0.222304,-0.974961,0.005595,0.974690,-0.222095,0.025557,-0.023675,0.011135,0.999658,0,0.72366,-0.83873,43.419,-1.677,1000.000,400.000,900.000,400.000,925.000,325.000,325.000,250.000,300.000,650.000,-1,-1,-1,650.000,575.000,850.000,700.000,1,0,1,0,1,0,0,1,0,1,2,2,2,1,1,1,1
116,-5158.153,6820.307,245.417,-258.848,-0.193606,-0.981064,0.005485,0.980783,-0.193407,0.025652,-0.024106,0.010346,0.999656,0,0.71573,-0.84031,42.944,-1.681,925.000,400.000,875.000,400.000,950.000,325.000,325.000,250.000,300.000,575.000,-1,-1,-1,600.000,550.000,775.000,675.000,1,0,1,0,1,0,0,1,0,1,2,2,2,1,1,1,1
117,-5165.144,6862.228,244.355,-260.532,-0.164672,-0.986334,0.005308,0.986044,-0.164485,0.025736,-0.024511,0.009472,0.999655,0,0.70834,-0.84229,42.500,-1.685,825.000,400.000,825.000,400.000,-1,325.000,325.000,275.000,300.000,500.000,-1,-1,-1,575.000,525.000,700.000,625.000,1,0,1,1,2,0,0,1,0,1,2,2,2,1,1,1,1
118,-5170.406,6899.559,243.408,-261.977,-0.139743,-0.990175,0.005095,0.989876,-0.139568,0.025807,-0.024842,0.008649,0.999654,0,0.62834,-0.72229,37.700,-1.445,750.000,400.000,800.000,375.000,-1,325.000,325.000,275.000,300.000,475.000,-1,-1,-1,525.000,525.000,650.000,625.000,1,0,1,1,2,0,0,1,0,1,2,2,2,1,1,1,1
119,-5174.312,6932.227,242.580,-263.181,-0.118885,-0.992896,0.004869,0.992590,-0.118722,0.025871,-0.025109,0.007908,0.999653,0,0.54834,-0.60229,32.900,-1.205,700.000,375.000,750.000,350.000,-1,325.000,325.000,300.000,300.000,450.000,-1,-1,-1,500.000,500.000,600.000,600.000,1,1,1,1,2,0,1,0,0,1,2,2,2,1,1,1,1
120,-5177.178,6960.181,241.871,-264.146,-0.102144,-0.994759,0.004647,0.994447,-0.101991,0.025931,-0.025321,0.007270,0.999653,0,0.46834,-0.48229,28.100,-0.965,650.000,375.000,725.000,350.000,-1,325.000,300.000,300.000,300.000,450.000,-1,-1,-1,475.000,475.000,575.000,575.000,1,1,1,1,2,1,1,0,0,1,2,2,2,1,1,1,1
121,-5179.261,6983.388,241.283,-264.871,-0.089548,-0.995973,0.004444,0.995656,-0.089403,0.025985,-0.025483,0.006752,0.999652,0,0.38834,-0.36229,23.300,-0.725,600.000,350.000,700.000,350.000,-1,300.000,300.000,300.000,300.000,450.000,-1,-1,-1,475.000,475.000,525.000,550.000,1,1,1,1,2,1,1,0,0,1,2,2,2,1,1,1,1
122,-5180.759,7001.827,240.817,-265.355,-0.081114,-0.996696,0.004270,0.996376,-0.080977,0.026034,-0.025602,0.006367,0.999652,0,0.30834,-0.24229,18.500,-0.485,575.000,350.000,700.000,325.000,-1,300.000,300.000,300.000,300.000,425.000,-1,-1,-1,450.000,450.000,500.000,550.000,1,1,1,1,2,1,1,0,0,1,2,2,2,1,1,1,1
123,-5181.810,7015.487,240.472,-265.600,-0.076854,-0.997034,0.004132,0.996712,-0.076721,0.026076,-0.025682,0.006122,0.999651,0,0.22834,-0.12229,13.700,-0.245,550.000,325.000,675.000,325.000,-1,300.000,300.000,300.000,300.000,425.000,-1,-1,-1,450.000,450.000,500.000,525.000,1,1,1,1,2,1,1,0,0,1,2,2,2,1,1,1,1
124,-5182.492,7024.361,240.249,-265.604,-0.076772,-0.997041,0.004033,0.996717,-0.076642,0.026109,-0.025723,0.006024,0.999651,0,0.14834,-0.00229,8.900,-0.005,550.000,325.000,675.000,325.000,-1,300.000,275.000,300.000,300.000,450.000,-1,-1,-1,450.000,450.000,475.000,525.000,1,1,1,1,2,1,1,0,0,1,2,2,2,1,1,1,1
125,-5182.823,7028.448,240.147,-265.369,-0.080868,-0.996717,0.003977,0.996393,-0.080738,0.026133,-0.025726,0.006076,0.999651,0,0.06834,0.11771,4.100,0.235,550.000,325.000,675.000,325.000,-1,275.000,275.000,300.000,300.000,450.000,-1,-1,-1,425.000,450.000,475.000,525.000,1,1,1,1,2,1,1,0,0,1,2,2,2,1,1,1,1
126,-5182.761,7027.751,240.167,-264.894,-0.089138,-0.996011,0.003963,0.995688,-0.089005,0.026146,-0.025689,0.006276,0.999650,0,-0.01166,0.23771,-0.700,0.475,550.000,325.000,675.000,325.000,-1,275.000,275.000,300.000,300.000,450.000,-1,-1,-1,425.000,450.000,475.000,500.000,1,1,1,1,2,1,1,0,0,1,2,2,2,1,1,1,1
127,-5182.203,7022.280,240.307,-264.178,-0.101572,-0.994820,0.003989,0.994499,-0.101434,0.026147,-0.025607,0.006623,0.999650,0,-0.09166,0.35771,-5.500,0.715,575.000,325.000,675.000,325.000,-1,300.000,275.000,300.000,300.000,450.000,-1,-1,-1,450.000,450.000,500.000,500.000,1,1,1,1,2,1,1,0,0,1,2,2,2,1,1,1,1
128,-5180.988,7012.052,240.567,-263.223,-0.118152,-0.992987,0.004051,0.992669,-0.118007,0.026137,-0.025476,0.007110,0.999650,0,-0.17166,0.47771,-10.300,0.955,600.000,350.000,675.000,325.000,800.000,300.000,300.000,300.000,300.000,475.000,-1,-1,-1,450.000,450.000,525.000,500.000,1,1,1,1,1,1,1,0,0,1,2,2,2,1,1,1,1
129,-5178.893,6997.098,240.946,-262.027,-0.138851,-0.990305,0.004143,0.989990,-0.138697,0.026114,-0.025286,0.007727,0.999650,0,-0.25166,0.59771,-15.100,1.195,625.000,350.000,700.000,325.000,725.000,300.000,300.000,300.000,300.000,475.000,-1,-1,-1,475.000,450.000,550.000,500.000,1,1,1,1,1,1,1,0,0,1,2,2,2,1,1,1,1
130,-5176.121,6980.364,241.370,-260.592,-0.163623,-0.986514,0.004228,0.986205,-0.163460,0.026085,-0.025042,0.008438,0.999651,0,-0.28270,0.71771,-16.962,1.435,675.000,375.000,700.000,350.000,675.000,300.000,300.000,300.000,300.000,500.000,-1,-1,-1,475.000,450.000,575.000,500.000,1,1,1,1,1,1,1,0,0,1,2,2,2,1,1,1,1
131,-5172.827,6963.551,241.795,-258.916,-0.192405,-0.981306,0.004288,0.981004,-0.192232,0.026054,-0.024743,0.009219,0.999651,0,-0.28554,0.83771,-17.132,1.675,725.000,375.000,725.000,350.000,650.000,325.000,300.000,300.000,300.000,525.000,-1,-1,-1,500.000,475.000,600.000,525.000,1,1,1,1,1,1,1,0,0,1,2,2,2,1,1,1,1
