timestep,x_cm,y_cm,z_cm,yaw_deg,basis_xx,basis_xy,basis_xz,basis_yx,basis_yy,basis_yz,basis_zx,basis_zy,basis_zz,teleport_flag,throttle_cmd,steering_cmd,cmd_move_cm,cmd_turn_deg,lidar_cm_0,lidar_cm_1,lidar_cm_2,lidar_cm_3,lidar_cm_4,lidar_cm_5,lidar_cm_6,lidar_cm_7,lidar_cm_8,lidar_cm_9,lidar_cm_10,lidar_cm_11,lidar_cm_12,lidar_cm_13,lidar_cm_14,lidar_cm_15,lidar_cm_16,lidar_class_0,lidar_class_1,lidar_class_2,lidar_class_3,lidar_class_4,lidar_class_5,lidar_class_6,lidar_class_7,lidar_class_8,lidar_class_9,lidar_class_10,lidar_class_11,lidar_class_12,lidar_class_13,lidar_class_14,lidar_class_15,lidar_class_16
0,4265.202,4914.975,-292.931,-70.195,0.335719,0.940192,-0.057726,-0.939611,0.338579,0.049959,0.066516,0.037468,0.997082,1,0.08000,0.12000,4.800,0.240,-1,400.000,-1,400.000,-1,325.000,325.000,300.000,300.000,525.000,400.000,450.000,-1,875.000,750.000,-1,-1,2,0,2,0,2,0,0,0,0,1,1,1,2,0,0,2,2
1,4268.529,4905.971,-292.309,-69.715,0.343604,0.937347,-0.057594,-0.936733,0.346452,0.050013,0.066833,0.036766,0.997087,0,0.16000,0.24000,9.600,0.480,-1,400.000,-1,400.000,-1,325.000,325.000,300.000,300.000,550.000,400.000,475.000,-1,875.000,750.000,-1,-1,2,0,2,0,2,0,0,0,0,1,1,1,2,0,0,2,2
2,4273.691,4892.527,-291.373,-68.995,0.355388,0.932955,-0.057399,-0.932294,0.358218,0.050084,0.067288,0.035713,0.997094,0,0.24000,0.36000,14.400,0.720,-1,400.000,-1,400.000,-1,325.000,325.000,300.000,300.000,550.000,425.000,475.000,-1,875.000,775.000,-1,-1,2,0,2,0,2,0,0,0,0,1,1,1,2,0,0,2,2
3,4280.871,4874.721,-290.119,-68.035,0.371013,0.926868,-0.057145,-0.926145,0.373817,0.050161,0.067854,0.034314,0.997105,0,0.32000,0.48000,19.200,0.960,-1,400.000,-1,400.000,-1,325.000,325.000,300.000,300.000,550.000,450.000,500.000,-1,875.000,775.000,-1,-1,2,0,2,0,2,0,0,0,0,1,1,1,2,0,0,2,2
4,4290.312,4852.656,-288.544,-66.835,0.390400,0.918889,-0.056834,-0.918094,0.393168,0.050226,0.068498,0.032571,0.997119,0,0.40000,0.60000,24.000,1.200,-1,400.000,-1,400.000,-1,325.000,325.000,300.000,300.000,575.000,475.000,550.000,-1,875.000,775.000,-1,-1,2,0,2,0,2,0,0,0,0,1,1,1,2,0,0,2,2
5,4302.302,4826.470,-286.645,-65.395,0.413440,0.908778,-0.056472,-0.907900,0.416163,0.050261,0.069178,0.030490,0.997138,0,0.48000,0.72000,28.800,1.440,-1,400.000,-1,400.000,-1,325.000,325.000,300.000,300.000,600.000,500.000,600.000,-1,875.000,800.000,-1,-1,2,0,2,0,2,0,0,0,0,1,1,1,2,0,0,2,2
6,4317.180,4796.344,-284.419,-63.715,0.439992,0.896250,-0.056057,-0.895282,0.442659,0.050240,0.069842,0.028081,0.997163,0,0.56000,0.84000,33.600,1.680,-1,400.000,-1,400.000,-1,325.000,325.000,300.000,300.000,625.000,550.000,650.000,-1,875.000,800.000,-1,-1,2,0,2,0,2,0,0,0,0,1,1,1,2,0,0,2,2
7,4335.328,4762.503,-281.876,-61.795,0.469875,0.880980,-0.055605,-0.879921,0.472472,0.050092,0.070402,0.025391,0.997195,0,0.64000,0.96000,38.400,1.920,-1,400.000,-1,400.000,-1,325.000,325.000,300.000,300.000,650.000,600.000,725.000,-1,875.000,825.000,-1,-1,2,0,2,0,2,0,0,0,0,1,1,1,2,0,0,2,2
8,4357.060,4725.168,-278.869,-59.795,0.500509,0.864022,-0.054373,-0.862877,0.502970,0.049637,0.070235,0.022073,0.997286,0,0.72000,1.00000,43.200,2.000,-1,400.000,-1,400.000,-1,325.000,325.000,300.000,300.000,675.000,675.000,825.000,-1,875.000,825.000,-1,-1,2,0,2,0,2,0,0,0,0,1,1,1,2,0,0,2,2
9,4382.335,4685.037,-275.541,-57.795,0.530552,0.846002,-0.052869,-0.844779,0.532855,0.049130,0.069735,0.018597,0.997392,0,0.79046,1.00000,47.428,2.000,-1,425.000,-1,400.000,-1,325.000,325.000,300.000,300.000,700.000,775.000,-1,-1,875.000,850.000,-1,-1,2,0,2,0,2,0,0,0,0,1,1,2,2,0,0,2,2
10,4409.188,4645.530,-272.251,-55.795,0.559937,0.826936,-0.051456,-0.825658,0.562086,0.048457,0.068994,0.015352,0.997499,0,0.79616,1.00000,47.769,2.000,-1,400.000,-1,400.000,-1,325.000,325.000,300.000,300.000,750.000,875.000,-1,-1,875.000,850.000,-1,-1,2,0,2,0,2,0,0,0,0,1,1,2,2,0,0,2,2
11,4437.601,4606.713,-269.008,-53.795,0.588627,0.806849,-0.050124,-0.805538,0.590628,0.047609,0.068018,0.012353,0.997608,0,0.80175,1.00000,48.105,2.000,-1,400.000,-1,400.000,-1,325.000,325.000,300.000,300.000,775.000,-1,-1,-1,850.000,850.000,-1,-1,2,0,2,0,2,0,0,0,0,1,2,2,2,0,0,2,2
12,4467.555,4568.653,-265.799,-51.795,0.616588,0.785769,-0.048842,-0.784440,0.618446,0.046674,0.066881,0.009535,0.997715,0,0.80723,1.00000,48.434,2.000,-1,400.000,-1,425.000,-1,325.000,325.000,300.000,300.000,800.000,-1,-1,-1,850.000,875.000,-1,-1,2,0,2,0,2,0,0,0,0,1,2,2,2,0,0,2,2
13,4499.028,4531.416,-262.632,-49.795,0.643785,0.763724,-0.047609,-0.762390,0.645506,0.045647,0.065593,0.006909,0.997823,0,0.81260,1.00000,48.756,2.000,-1,400.000,-1,425.000,-1,325.000,325.000,300.000,300.000,850.000,-1,-1,-1,850.000,875.000,-1,-1,2,0,2,0,2,0,0,0,0,1,2,2,2,0,0,2,2
14,4531.993,4495.066,-259.439,-47.795,0.670162,0.740740,-0.046769,-0.739420,0.671775,0.044464,0.064354,0.004783,0.997916,0,0.81786,1.00000,49.071,2.000,-1,400.000,-1,425.000,-1,325.000,325.000,300.000,300.000,875.000,-1,-1,-1,825.000,850.000,-1,-1,2,0,2,0,2,0,0,0,0,1,2,2,2,0,0,2,2
15,4566.421,4459.669,-256.256,-45.795,0.695708,0.716849,-0.046021,-0.715567,0.697222,0.042961,0.062883,0.003043,0.998016,0,0.82298,1.00000,49.379,2.000,-1,400.000,-1,425.000,-1,325.000,350.000,300.000,300.000,925.000,-1,-1,-1,825.000,850.000,-1,-1,2,0,2,0,2,0,0,0,0,1,2,2,2,0,0,2,2
16,4598.469,4428.682,-253.455,-44.035,0.717482,0.695099,-0.045348,-0.693860,0.718912,0.041517,0.061460,0.001678,0.998108,0,0.74298,0.88000,44.579,1.760,-1,400.000,-1,425.000,-1,325.000,325.000,300.000,300.000,950.000,-1,-1,-1,825.000,850.000,-1,-1,2,0,2,0,2,0,0,0,0,1,2,2,2,0,0,2,2
17,4629.138,4400.565,-250.904,-42.515,0.735740,0.675786,-0.044723,-0.674595,0.737098,0.040104,0.060067,0.000664,0.998194,0,0.69346,0.76000,41.608,1.520,-1,400.000,-1,425.000,-1,325.000,325.000,300.000,300.000,1000.000,-1,-1,-1,800.000,850.000,-1,-1,2,0,2,0,2,0,0,0,0,1,2,2,2,0,0,2,2
18,4660.515,4373.062,-248.409,-41.235,0.750716,0.659152,-0.044103,-0.658018,0.752010,0.038637,0.058633,0.000015,0.998280,0,0.69540,0.64000,41.724,1.280,-1,400.000,-1,425.000,-1,325.000,325.000,300.000,300.000,-1,-1,-1,-1,800.000,825.000,-1,-1,2,0,2,0,2,0,0,0,0,2,2,2,2,0,0,2,2
19,4692.714,4345.856,-245.981,-40.195,0.762604,0.645394,-0.043617,-0.644327,0.763850,0.037083,0.057250,-0.000176,0.998360,0,0.70258,0.52000,42.155,1.040,-1,400.000,-1,425.000,-1,325.000,325.000,300.000,300.000,-1,-1,-1,-1,775.000,825.000,-1,-1,2,0,2,0,2,0,0,0,0,2,2,2,2,0,0,2,2
20,4725.273,4319.116,-243.618,-39.395,0.771582,0.634666,-0.043136,-0.633673,0.772787,0.035484,0.055855,-0.000045,0.998439,0,0.70220,0.40000,42.132,0.800,-1,400.000,-1,425.000,-1,325.000,325.000,300.000,300.000,-1,-1,-1,-1,775.000,825.000,-1,-1,2,0,2,0,2,0,0,0,0,2,2,2,2,0,0,2,2
21,4758.095,4292.694,-241.313,-38.835,0.777785,0.627082,-0.042633,-0.626168,0.778953,0.033851,0.054437,0.000366,0.998517,0,0.70225,0.28000,42.135,0.560,-1,400.000,-1,425.000,-1,325.000,325.000,300.000,300.000,-1,-1,-1,-1,750.000,800.000,-1,-1,2,0,2,0,2,0,0,0,0,2,2,2,2,0,0,2,2
22,4791.084,4266.439,-239.063,-38.515,0.781309,0.622722,-0.042110,-0.621890,0.782443,0.032191,0.052994,0.001037,0.998594,0,0.70270,0.16000,42.162,0.320,-1,400.000,-1,400.000,-1,325.000,325.000,300.000,300.000,-1,-1,-1,-1,750.000,800.000,-1,-1,2,0,2,0,2,0,0,0,0,2,2,2,2,0,0,2,2
23,4824.176,4240.238,-236.889,-38.371,0.782904,0.620753,-0.041558,-0.619997,0.784005,0.030674,0.051623,0.001751,0.998665,0,0.70348,0.07201,42.209,0.144,-1,400.000,-1,400.000,-1,325.000,325.000,300.000,300.000,-1,-1,-1,-1,750.000,775.000,-1,-1,2,0,2,0,2,0,0,0,0,2,2,2,2,0,0,2,2
24,4857.386,4214.085,-234.669,-38.220,0.784572,0.618679,-0.041013,-0.617966,0.785641,0.029773,0.050642,0.001986,0.998715,0,0.70454,0.07567,42.272,0.151,-1,400.000,-1,400.000,-1,325.000,325.000,300.000,300.000,-1,-1,-1,-1,725.000,775.000,-1,-1,2,0,2,0,2,0,0,0,0,2,2,2,2,0,0,2,2
25,4890.728,4187.979,-232.486,-38.061,0.786313,0.616498,-0.040537,-0.615825,0.787354,0.028875,0.049718,0.002259,0.998761,0,0.70576,0.07945,42.346,0.159,-1,400.000,-1,400.000,-1,325.000,325.000,300.000,300.000,-1,-1,-1,-1,725.000,775.000,-1,-1,2,0,2,0,2,0,0,0,0,2,2,2,2,0,0,2,2
26,4920.257,4164.791,-230.594,-38.142,0.785458,0.617611,-0.040163,-0.616978,0.786479,0.028072,0.048925,0.002730,0.998799,0,0.62576,-0.04055,37.546,-0.081,-1,400.000,-1,400.000,-1,325.000,325.000,300.000,300.000,-1,-1,-1,-1,725.000,775.000,-1,-1,2,0,2,0,2,0,0,0,0,2,2,2,2,0,0,2,2
27,4945.897,4144.422,-228.980,-38.463,0.781996,0.622007,-0.039867,-0.621414,0.783004,0.027364,0.048237,0.003375,0.998830,0,0.54576,-0.16055,32.746,-0.321,-1,400.000,-1,400.000,-1,325.000,325.000,300.000,300.000,-1,-1,-1,-1,725.000,750.000,-1,-1,2,0,2,0,2,0,0,0,0,2,2,2,2,0,0,2,2
28,4967.607,4126.827,-227.632,-39.024,0.775873,0.629643,-0.039631,-0.629089,0.776873,0.026751,0.047632,0.004176,0.998856,0,0.46576,-0.28055,27.946,-0.561,-1,400.000,-1,400.000,-1,325.000,325.000,300.000,300.000,-1,-1,-1,-1,725.000,750.000,-1,-1,2,0,2,0,2,0,0,0,0,2,2,2,2,0,0,2,2
29,4987.941,4109.875,-226.381,-39.818,0.767083,0.640336,-0.039418,-0.639822,0.768077,0.026162,0.047028,0.005152,0.998880,0,0.44122,-0.39666,26.473,-0.793,-1,400.000,-1,400.000,-1,325.000,325.000,300.000,300.000,-1,-1,-1,-1,725.000,750.000,-1,-1,2,0,2,0,2,0,0,0,0,2,2,2,2,0,0,2,2
30,5008.097,4092.596,-225.090,-40.606,0.758202,0.650838,-0.039230,-0.650377,0.759190,0.025303,0.046252,0.006329,0.998910,0,0.44248,-0.39414,26.549,-0.788,-1,400.000,-1,400.000,-1,325.000,325.000,300.000,300.000,-1,-1,-1,-1,725.000,750.000,-1,-1,2,0,2,0,2,0,0,0,0,2,2,2,2,0,0,2,2
31,5028.071,4074.993,-223.806,-41.389,0.749236,0.661150,-0.039069,-0.660742,0.750216,0.024412,0.045450,0.007525,0.998938,0,0.44372,-0.39163,26.623,-0.783,-1,400.000,-1,400.000,-1,325.000,325.000,300.000,300.000,-1,-1,-1,-1,700.000,725.000,-1,-1,2,0,2,0,2,0,0,0,0,2,2,2,2,0,0,2,2
32,5047.858,4057.072,-222.539,-42.167,0.740187,0.671273,-0.038933,-0.670916,0.741160,0.023546,0.044662,0.008692,0.998964,0,0.44495,-0.38912,26.697,-0.778,-1,400.000,-1,400.000,-1,325.000,325.000,300.000,300.000,-1,-1,-1,-1,700.000,725.000,-1,-1,2,0,2,0,2,0,0,0,0,2,2,2,2,0,0,2,2
33,5067.455,4038.836,-221.292,-42.941,0.731062,0.681206,-0.038821,-0.680899,0.732026,0.022709,0.043887,0.009831,0.998988,0,0.44616,-0.38662,26.770,-0.773,-1,375.000,-1,400.000,-1,325.000,325.000,300.000,300.000,-1,-1,-1,-1,700.000,725.000,-1,-1,2,0,2,0,2,0,0,0,0,2,2,2,2,0,0,2,2
34,5086.858,4020.289,-220.064,-43.709,0.721862,0.690952,-0.038732,-0.690692,0.722818,0.021902,0.043129,0.010942,0.999010,0,0.44736,-0.38412,26.842,-0.768,-1,375.000,-1,375.000,-1,325.000,325.000,300.000,300.000,-1,-1,-1,-1,700.000,725.000,-1,-1,2,0,2,0,2,0,0,0,0,2,2,2,2,0,0,2,2
35,5106.063,4001.435,-218.793,-44.472,0.712593,0.700513,-0.038635,-0.700284,0.713543,0.021427,0.042577,0.011787,0.999024,0,0.44854,-0.38163,26.913,-0.763,-1,375.000,-1,375.000,-1,325.000,325.000,300.000,300.000,-1,-1,-1,-1,700.000,700.000,-1,-1,2,0,2,0,2,0,0,0,0,2,2,2,2,0,0,2,2
36,5125.066,3982.279,-217.461,-45.230,0.703259,0.709890,-0.038507,-0.709675,0.704205,0.021374,0.042290,0.012296,0.999030,0,0.44972,-0.37914,26.983,-0.758,-1,375.000,-1,375.000,-1,325.000,325.000,300.000,300.000,-1,-1,-1,-1,700.000,700.000,-1,-1,2,0,2,0,2,0,0,0,0,2,2,2,2,0,0,2,2
37,5143.846,3962.841,-216.148,-45.985,0.693841,0.719104,-0.038381,-0.718900,0.694785,0.021366,0.042031,0.012767,0.999035,0,0.45047,-0.37754,27.028,-0.755,-1,375.000,-1,375.000,-1,325.000,325.000,300.000,300.000,-1,-1,-1,-1,675.000,700.000,-1,-1,2,0,2,0,2,0,0,0,0,2,2,2,2,0,0,2,2
38,5162.369,3943.158,-214.815,-46.740,0.684292,0.728192,-0.038474,-0.728001,0.685242,0.021385,0.041936,0.013375,0.999031,0,0.45047,-0.37754,27.028,-0.755,-1,375.000,-1,375.000,-1,325.000,325.000,300.000,300.000,-1,-1,-1,-1,675.000,700.000,-1,-1,2,0,2,0,2,0,0,0,0,2,2,2,2,0,0,2,2
39,5180.631,3923.232,-213.429,-47.496,0.674605,0.737150,-0.038966,-0.736977,0.675578,0.021428,0.042120,0.014262,0.999011,0,0.45047,-0.37754,27.028,-0.755,-1,375.000,-1,375.000,-1,325.000,325.000,300.000,300.000,-1,-1,-1,-1,675.000,700.000,-1,-1,2,0,2,0,2,0,0,0,0,2,2,2,2,0,0,2,2
40,5198.628,3903.067,-212.066,-48.251,0.664799,0.745980,-0.039459,-0.745822,0.665797,0.021532,0.042334,0.015115,0.998989,0,0.45047,-0.37754,27.028,-0.755,-1,375.000,-1,375.000,-1,325.000,325.000,300.000,300.000,-1,-1,-1,-1,675.000,700.000,-1,-1,2,0,2,0,2,0,0,0,0,2,2,2,2,0,0,2,2
41,5213.150,3886.239,-210.967,-49.209,0.652200,0.757000,-0.039835,-0.756859,0.653219,0.021661,0.042418,0.016022,0.998971,0,0.37047,-0.47914,22.228,-0.958,-1,375.000,-1,375.000,-1,325.000,325.000,300.000,300.000,-1,-1,-1,-1,675.000,700.000,-1,-1,2,0,2,0,2,0,0,0,0,2,2,2,2,0,0,2,2
42,5224.314,3872.855,-210.123,-50.167,0.639424,0.767808,-0.040099,-0.767684,0.640458,0.021796,0.042418,0.016847,0.998958,0,0.29047,-0.47914,17.428,-0.958,-1,375.000,-1,375.000,-1,325.000,325.000,300.000,300.000,-1,-1,-1,-1,675.000,700.000,-1,-1,2,0,2,0,2,0,0,0,0,2,2,2,2,0,0,2,2
43,5232.240,3863.024,-209.525,-51.126,0.626474,0.778402,-0.040255,-0.778293,0.627519,0.021915,0.042320,0.017601,0.998949,0,0.21047,-0.47914,12.628,-0.958,-1,375.000,-1,375.000,-1,325.000,325.000,300.000,300.000,-1,-1,-1,-1,675.000,700.000,-1,-1,2,0,2,0,2,0,0,0,0,2,2,2,2,0,0,2,2
44,5237.050,3856.849,-209.166,-52.084,0.613355,0.788778,-0.040308,-0.788684,0.614405,0.021995,0.042115,0.018300,0.998945,0,0.13047,-0.47914,7.828,-0.958,-1,375.000,-1,375.000,-1,325.000,325.000,300.000,300.000,-1,-1,-1,-1,675.000,700.000,-1,-1,2,0,2,0,2,0,0,0,0,2,2,2,2,0,0,2,2
45,5238.871,3854.429,-209.041,-53.042,0.600069,0.798934,-0.040267,-0.798855,0.601120,0.022019,0.041797,0.018955,0.998946,0,0.05047,-0.47914,3.028,-0.958,-1,375.000,-1,375.000,-1,325.000,325.000,300.000,300.000,-1,-1,-1,-1,675.000,700.000,-1,-1,2,0,2,0,2,0,0,0,0,2,2,2,2,0,0,2,2
46,5237.830,3855.862,-209.145,-54.000,0.586621,0.808866,-0.040147,-0.808804,0.587667,0.021973,0.041366,0.019581,0.998952,0,-0.02953,-0.47914,-1.772,-0.958,-1,375.000,-1,375.000,-1,325.000,325.000,300.000,300.000,-1,-1,-1,-1,675.000,700.000,-1,-1,2,0,2,0,2,0,0,0,0,2,2,2,2,0,0,2,2
47,5234.056,3861.243,-209.476,-54.959,0.573013,0.818571,-0.039963,-0.818529,0.574050,0.021846,0.040823,0.020193,0.998962,0,-0.10953,-0.47914,-6.572,-0.958,-1,375.000,-1,375.000,-1,325.000,325.000,300.000,300.000,-1,-1,-1,-1,675.000,675.000,-1,-1,2,0,2,0,2,0,0,0,0,2,2,2,2,0,0,2,2
48,5227.684,3870.662,-210.031,-55.917,0.559249,0.828047,-0.039737,-0.828026,0.560273,0.021631,0.040175,0.020806,0.998976,0,-0.18953,-0.47914,-11.372,-0.958,-1,375.000,-1,375.000,-1,325.000,325.000,300.000,300.000,-1,-1,-1,-1,675.000,675.000,-1,-1,2,0,2,0,2,0,0,0,0,2,2,2,2,0,0,2,2
49,5221.388,3880.311,-210.593,-56.875,0.545327,0.837290,-0.039534,-0.837291,0.546338,0.021398,0.039515,0.021432,0.998989,0,-0.19203,-0.47914,-11.522,-0.958,-1,375.000,-1,375.000,-1,325.000,325.000,300.000,300.000,-1,-1,-1,-1,675.000,675.000,-1,-1,2,0,2,0,2,0,0,0,0,2,2,2,2,0,0,2,2
50,5215.254,3890.064,-211.154,-57.834,0.531253,0.846299,-0.039356,-0.846322,0.532251,0.021149,0.038846,0.022072,0.999001,0,-0.19203,-0.47914,-11.522,-0.958,-1,375.000,-1,375.000,-1,325.000,325.000,300.000,300.000,-1,-1,-1,-1,675.000,675.000,-1,-1,2,0,2,0,2,0,0,0,0,2,2,2,2,0,0,2,2
51,5209.284,3899.919,-211.713,-58.792,0.517029,0.855069,-0.039204,-0.855116,0.518015,0.020886,0.038167,0.022726,0.999013,0,-0.19203,-0.47914,-11.522,-0.958,-1,375.000,-1,375.000,-1,325.000,325.000,300.000,300.000,-1,-1,-1,-1,675.000,675.000,-1,-1,2,0,2,0,2,0,0,0,0,2,2,2,2,0,0,2,2
52,5203.480,3909.872,-212.270,-59.750,0.502661,0.863600,-0.039078,-0.863671,0.503635,0.020609,0.037479,0.023391,0.999024,0,-0.19203,-0.47914,-11.522,-0.958,-1,375.000,-1,375.000,-1,325.000,300.000,300.000,300.000,-1,-1,-1,-1,675.000,675.000,-1,-1,2,0,2,0,2,0,0,0,0,2,2,2,2,0,0,2,2
53,5197.843,3919.921,-212.826,-60.708,0.488151,0.871888,-0.038978,-0.871984,0.489113,0.020320,0.036781,0.024069,0.999033,0,-0.19203,-0.47914,-11.522,-0.958,-1,375.000,-1,375.000,-1,325.000,300.000,300.000,300.000,-1,-1,-1,-1,675.000,675.000,-1,-1,2,0,2,0,2,0,0,0,0,2,2,2,2,0,0,2,2
54,5192.375,3930.062,-213.379,-61.667,0.473505,0.879932,-0.038903,-0.880052,0.474455,0.020018,0.036072,0.024758,0.999042,0,-0.19203,-0.47914,-11.522,-0.958,-1,375.000,-1,375.000,-1,325.000,300.000,300.000,300.000,-1,-1,-1,-1,675.000,675.000,-1,-1,2,0,2,0,2,0,0,0,0,2,2,2,2,0,0,2,2
55,5187.077,3940.294,-213.929,-62.625,0.458726,0.887728,-0.038853,-0.887874,0.459664,0.019705,0.035352,0.025458,0.999051,0,-0.19203,-0.47914,-11.522,-0.958,-1,375.000,-1,375.000,-1,325.000,300.000,300.000,300.000,-1,-1,-1,-1,675.000,675.000,-1,-1,2,0,2,0,2,0,0,0,0,2,2,2,2,0,0,2,2
56,5181.952,3950.612,-214.427,-63.583,0.443806,0.895270,-0.039082,-0.895448,0.444742,0.019436,0.034782,0.026369,0.999047,0,-0.19203,-0.47914,-11.522,-0.958,-1,375.000,-1,375.000,-1,325.000,300.000,300.000,300.000,-1,-1,-1,-1,675.000,675.000,-1,-1,2,0,2,0,2,0,0,0,0,2,2,2,2,0,0,2,2
57,5176.999,3961.015,-214.917,-64.542,0.428760,0.902560,-0.039360,-0.902770,0.429696,0.019173,0.034218,0.027313,0.999041,0,-0.19203,-0.47914,-11.522,-0.958,-1,375.000,-1,375.000,-1,325.000,300.000,300.000,300.000,-1,-1,-1,-1,675.000,675.000,-1,-1,2,0,2,0,2,0,0,0,0,2,2,2,2,0,0,2,2
58,5172.222,3971.500,-215.403,-65.500,0.413595,0.909597,-0.039658,-0.909839,0.414530,0.018909,0.033639,0.028262,0.999034,0,-0.19203,-0.47914,-11.522,-0.958,-1,375.000,-1,375.000,-1,325.000,300.000,300.000,300.000,-1,-1,-1,-1,675.000,675.000,-1,-1,2,0,2,0,2,0,0,0,0,2,2,2,2,0,0,2,2
59,5167.620,3982.063,-215.886,-66.458,0.398315,0.916377,-0.039975,-0.916653,0.399249,0.018645,0.033046,0.029216,0.999027,0,-0.19203,-0.47914,-11.522,-0.958,-1,375.000,-1,375.000,-1,325.000,300.000,300.000,300.000,-1,-1,-1,-1,675.000,675.000,-1,-1,2,0,2,0,2,0,0,0,0,2,2,2,2,0,0,2,2
60,5163.196,3992.701,-216.365,-67.416,0.382924,0.922900,-0.040310,-0.923210,0.383856,0.018382,0.032438,0.030176,0.999018,0,-0.19203,-0.47914,-11.522,-0.958,-1,375.000,-1,375.000,-1,325.000,300.000,300.000,300.000,-1,-1,-1,-1,675.000,675.000,-1,-1,2,0,2,0,2,0,0,0,0,2,2,2,2,0,0,2,2
61,5158.950,4003.412,-216.816,-68.375,0.367427,0.929166,-0.040606,-0.929506,0.368357,0.018218,0.031885,0.031050,0.999009,0,-0.19203,-0.47914,-11.522,-0.958,-1,375.000,-1,375.000,-1,325.000,300.000,300.000,300.000,-1,-1,-1,-1,675.000,675.000,-1,-1,2,0,2,0,2,0,0,0,0,2,2,2,2,0,0,2,2
62,5154.884,4014.192,-217.198,-69.333,0.351826,0.935178,-0.040759,-0.935535,0.352759,0.018320,0.031510,0.031686,0.999001,0,-0.19203,-0.47914,-11.522,-0.958,-1,375.000,-1,375.000,-1,325.000,300.000,300.000,300.000,-1,-1,-1,-1,700.000,675.000,-1,-1,2,0,2,0,2,0,0,0,0,2,2,2,2,0,0,2,2
63,5150.998,4025.039,-217.574,-70.291,0.336128,0.940927,-0.040914,-0.941302,0.337062,0.018419,0.031121,0.032321,0.998993,0,-0.19203,-0.47914,-11.522,-0.958,-1,400.000,-1,375.000,-1,325.000,300.000,300.000,300.000,-1,-1,-1,-1,700.000,675.000,-1,-1,2,0,2,0,2,0,0,0,0,2,2,2,2,0,0,2,2
64,5147.295,4035.949,-217.945,-71.250,0.320336,0.946413,-0.041071,-0.946806,0.321272,0.018515,0.030718,0.032956,0.998985,0,-0.19203,-0.47914,-11.522,-0.958,-1,400.000,-1,375.000,-1,325.000,300.000,300.000,300.000,-1,-1,-1,-1,700.000,675.000,-1,-1,2,0,2,0,2,0,0,0,0,2,2,2,2,0,0,2,2
65,5143.775,4046.920,-218.362,-72.208,0.304443,0.951628,-0.041464,-0.952044,0.305390,0.018696,0.030454,0.033783,0.998965,0,-0.19203,-0.47914,-11.522,-0.958,-1,400.000,-1,375.000,-1,325.000,300.000,300.000,300.000,-1,-1,-1,-1,700.000,675.000,-1,-1,2,0,2,0,2,0,0,0,0,2,2,2,2,0,0,2,2
66,5140.429,4057.978,-218.788,-73.165,0.288484,0.956567,-0.041914,-0.957008,0.289445,0.018906,0.030216,0.034658,0.998942,0,-0.19255,-0.47848,-11.553,-0.957,-1,400.000,-1,375.000,-1,325.000,325.000,300.000,300.000,-1,-1,-1,-1,700.000,675.000,-1,-1,2,0,2,0,2,0,0,0,0,2,2,2,2,0,0,2,2
67,5137.244,4069.174,-219.211,-74.118,0.272507,0.961221,-0.042364,-0.961687,0.273482,0.019123,0.029967,0.035530,0.998919,0,-0.19402,-0.47665,-11.641,-0.953,-1,400.000,-1,375.000,-1,325.000,325.000,300.000,300.000,-1,-1,-1,-1,700.000,675.000,-1,-1,2,0,2,0,2,0,0,0,0,2,2,2,2,0,0,2,2
68,5134.222,4080.509,-219.630,-75.068,0.256518,0.965591,-0.042813,-0.966083,0.257506,0.019349,0.029707,0.036398,0.998896,0,-0.19550,-0.47480,-11.730,-0.950,-1,400.000,-1,375.000,-1,325.000,325.000,300.000,300.000,-1,-1,-1,-1,700.000,675.000,-1,-1,2,0,2,0,2,0,0,0,0,2,2,2,2,0,0,2,2
69,5131.365,4091.979,-220.045,-76.014,0.240522,0.969679,-0.043261,-0.970197,0.241524,0.019581,0.029436,0.037262,0.998872,0,-0.19701,-0.47293,-11.821,-0.946,-1,400.000,-1,375.000,-1,325.000,325.000,300.000,300.000,-1,-1,-1,-1,725.000,675.000,-1,-1,2,0,2,0,2,0,0,0,0,2,2,2,2,0,0,2,2
70,5128.677,4103.584,-220.456,-76.956,0.224525,0.973488,-0.043708,-0.974032,0.225541,0.019821,0.029154,0.038122,0.998848,0,-0.19855,-0.47104,-11.913,-0.942,-1,400.000,-1,375.000,-1,325.000,325.000,300.000,300.000,-1,-1,-1,-1,725.000,675.000,-1,-1,2,0,2,0,2,0,0,0,0,2,2,2,2,0,0,2,2
71,5127.215,4110.545,-220.702,-78.138,0.204383,0.977899,-0.044061,-0.978474,0.205403,0.019977,0.028586,0.039030,0.998829,0,-0.11855,-0.59104,-7.113,-1.182,-1,400.000,-1,375.000,-1,325.000,325.000,300.000,300.000,-1,-1,-1,-1,725.000,675.000,-1,-1,2,0,2,0,2,0,0,0,0,2,2,2,2,0,0,2,2
72,5126.797,4112.819,-220.788,-79.560,0.180048,0.982659,-0.044318,-0.983267,0.181064,0.020053,0.027730,0.039966,0.998816,0,-0.03855,-0.71104,-2.313,-1.422,-1,400.000,-1,375.000,-1,325.000,325.000,300.000,300.000,-1,-1,-1,-1,725.000,675.000,-1,-1,2,0,2,0,2,0,0,0,0,2,2,2,2,0,0,2,2
73,5127.177,4110.361,-220.727,-81.222,0.151478,0.987459,-0.044475,-0.988103,0.152480,0.020058,0.026588,0.040908,0.998809,0,0.04145,-0.83104,2.487,-1.662,-1,400.000,-1,375.000,-1,325.000,325.000,300.000,300.000,-1,-1,-1,-1,725.000,675.000,-1,-1,2,0,2,0,2,0,0,0,0,2,2,2,2,0,0,2,2
74,5128.050,4103.126,-220.529,-83.123,0.118655,0.991937,-0.044527,-0.992617,0.119634,0.020001,0.025167,0.041825,0.998808,0,0.12145,-0.95053,7.287,-1.901,-1,400.000,-1,375.000,-1,325.000,325.000,300.000,300.000,-1,-1,-1,-1,725.000,675.000,-1,-1,2,0,2,0,2,0,0,0,0,2,2,2,2,0,0,2,2
75,5129.098,4091.084,-220.174,-85.026,0.085668,0.995338,-0.044317,-0.996041,0.086619,0.019996,0.023741,0.042429,0.998817,0,0.20145,-0.95171,12.087,-1.903,-1,400.000,-1,375.000,-1,325.000,325.000,300.000,300.000,-1,-1,-1,-1,725.000,675.000,-1,-1,2,0,2,0,2,0,0,0,0,2,2,2,2,0,0,2,2
76,5129.992,4074.220,-219.686,-86.966,0.051969,0.997685,-0.043872,-0.998400,0.052885,0.020003,0.022277,0.042762,0.998837,0,0.28145,-0.96966,16.887,-1.939,-1,375.000,-1,375.000,-1,325.000,300.000,300.000,300.000,-1,-1,-1,-1,700.000,675.000,-1,-1,2,0,2,0,2,0,0,0,0,2,2,2,2,0,0,2,2
77,5130.408,4052.536,-219.103,-88.900,0.018310,0.998896,-0.043263,-0.999617,0.019187,0.019943,0.020751,0.042881,0.998865,0,0.36145,-0.96693,21.687,-1.934,-1,375.000,-1,375.000,-1,325.000,300.000,300.000,300.000,-1,-1,-1,-1,700.000,675.000,-1,-1,2,0,2,0,2,0,0,0,0,2,2,2,2,0,0,2,2
78,5130.026,4026.051,-218.437,-90.826,-0.015242,0.998981,-0.042482,-0.999700,-0.014410,0.019821,0.019188,0.042771,0.998901,0,0.44145,-0.96344,26.487,-1.927,-1,375.000,-1,375.000,-1,300.000,300.000,300.000,300.000,-1,-1,-1,-1,700.000,650.000,-1,-1,2,0,2,0,2,0,0,0,0,2,2,2,2,0,0,2,2
79,5128.524,3994.800,-217.697,-92.750,-0.048713,0.997949,-0.041521,-0.998658,-0.047931,0.019641,0.017610,0.042422,0.998945,0,0.52145,-0.96166,31.287,-1.923,-1,375.000,-1,375.000,-1,300.000,300.000,300.000,300.000,-1,-1,-1,-1,700.000,650.000,-1,-1,2,0,2,0,2,0,0,0,0,2,2,2,2,0,0,2,2
80,5125.584,3958.832,-216.900,-94.673,-0.082129,0.995805,-0.040342,-0.996492,-0.081399,0.019426,0.016061,0.041796,0.998997,0,0.60145,-0.96166,36.087,-1.923,-1,375.000,-1,375.000,-1,300.000,300.000,300.000,300.000,-1,-1,-1,-1,675.000,650.000,-1,-1,2,0,2,0,2,0,0,0,0,2,2,2,2,0,0,2,2
81,5120.887,3918.215,-215.781,-96.596,-0.115514,0.992503,-0.039917,-0.993183,-0.114774,0.020379,0.015644,0.041999,0.998995,0,0.68145,-0.96166,40.887,-1.923,-1,375.000,-1,375.000,-1,300.000,300.000,300.000,300.000,-1,-1,-1,-1,675.000,650.000,-1,-1,2,0,2,0,2,0,0,0,0,2,2,2,2,0,0,2,2
82,5114.116,3873.032,-214.601,-98.523,-0.148865,0.988069,-0.039478,-0.988722,-0.148065,0.022472,0.016359,0.042378,0.998968,0,0.76145,-0.96307,45.687,-1.926,-1,375.000,-1,375.000,1000.000,300.000,300.000,300.000,300.000,-1,-1,-1,-1,675.000,650.000,-1,-1,2,0,2,0,1,0,0,0,0,2,2,2,2,0,0,2,2
83,5104.957,3823.382,-213.254,-100.453,-0.182129,0.982528,-0.038303,-0.983116,-0.181263,0.025015,0.017635,0.042212,0.998953,0,0.84145,-0.96511,50.487,-1.930,-1,375.000,-1,375.000,1000.000,300.000,300.000,300.000,300.000,-1,-1,-1,-1,675.000,650.000,-1,-1,2,0,2,0,1,0,0,0,0,2,2,2,2,0,0,2,2
84,5093.240,3770.028,-211.869,-102.386,-0.215236,0.975869,-0.036789,-0.976374,-0.214303,0.027714,0.019161,0.041885,0.998939,0,0.91041,-0.96644,54.625,-1.933,-1,375.000,-1,375.000,975.000,300.000,300.000,325.000,300.000,-1,825.000,-1,-1,675.000,650.000,-1,-1,2,0,2,0,1,0,0,0,0,2,0,2,2,0,0,2,2
85,5079.647,3716.800,-210.541,-104.325,-0.248206,0.968074,-0.035023,-0.968485,-0.247213,0.030367,0.020739,0.041456,0.998925,0,0.91559,-0.96978,54.935,-1.940,-1,375.000,-1,375.000,950.000,325.000,300.000,300.000,300.000,-1,675.000,875.000,-1,675.000,650.000,-1,-1,2,0,2,0,1,0,0,0,0,2,0,0,2,0,0,2,2
86,5064.165,3663.754,-209.266,-106.271,-0.280991,0.959143,-0.032997,-0.959450,-0.279947,0.032940,0.022356,0.040915,0.998912,0,0.92098,-0.97293,55.259,-1.946,-1,375.000,-1,375.000,925.000,325.000,300.000,300.000,300.000,-1,550.000,675.000,-1,675.000,650.000,-1,-1,2,0,2,0,1,0,0,0,0,2,0,0,2,0,0,2,2
87,5046.779,3610.946,-208.033,-108.223,-0.313540,0.949079,-0.030688,-0.949272,-0.312460,0.035365,0.023976,0.040219,0.998903,0,0.92660,-0.97588,55.596,-1.952,-1,375.000,-1,375.000,900.000,325.000,300.000,300.000,300.000,-1,450.000,550.000,-1,675.000,650.000,-1,950.000,2,0,2,0,1,0,0,0,0,2,0,0,2,0,0,2,1
88,5027.478,3558.434,-206.843,-110.180,-0.345806,0.937885,-0.028115,-0.937957,-0.344704,0.037632,0.025603,0.039384,0.998896,0,0.93244,-0.97863,55.946,-1.957,-1,375.000,-1,375.000,875.000,325.000,300.000,300.000,300.000,-1,400.000,425.000,-1,675.000,650.000,-1,900.000,2,0,2,0,1,0,0,0,0,2,0,0,2,0,0,2,1
89,5006.254,3506.277,-205.693,-112.142,-0.377739,0.925567,-0.025285,-0.925512,-0.376632,0.039706,0.027227,0.038400,0.998891,0,0.93849,-0.98117,56.310,-1.962,-1,375.000,-1,375.000,850.000,325.000,300.000,300.000,300.000,-1,350.000,400.000,-1,650.000,650.000,-1,850.000,2,0,2,0,1,0,0,0,0,2,0,0,2,0,0,2,1
90,4983.098,3454.535,-204.581,-114.109,-0.409291,0.912133,-0.022209,-0.911948,-0.408196,0.041555,0.028838,0.037261,0.998889,0,0.94477,-0.98348,56.686,-1.967,-1,375.000,-1,375.000,825.000,325.000,300.000,300.000,300.000,-1,325.000,375.000,-1,650.000,650.000,-1,800.000,2,0,2,0,1,0,0,0,0,2,0,0,2,0,0,2,1
91,4958.006,3403.271,-203.251,-116.081,-0.440425,0.897563,-0.020172,-0.897301,-0.439333,0.042862,0.029609,0.036977,0.998877,0,0.95125,-0.98556,57.075,-1.971,-1,375.000,-1,375.000,800.000,300.000,300.000,300.000,300.000,-1,325.000,350.000,-1,650.000,650.000,-1,750.000,2,0,2,0,1,0,0,0,0,2,0,0,2,0,0,2,1
92,4930.973,3352.548,-201.635,-118.055,-0.471115,0.881863,-0.019185,-0.881558,-0.469987,0.044355,0.030099,0.037809,0.998832,0,0.95794,-0.98738,57.477,-1.975,-1,375.000,-1,375.000,775.000,300.000,300.000,300.000,300.000,-1,350.000,375.000,-1,650.000,650.000,-1,700.000,2,0,2,0,1,0,0,0,0,2,0,0,2,0,1,2,1
93,4902.000,3302.429,-199.684,-120.033,-0.501348,0.865044,-0.018656,-0.864662,-0.500101,0.047525,0.031781,0.039958,0.998696,0,0.96484,-0.98895,57.891,-1.978,-1,375.000,-1,375.000,725.000,300.000,300.000,300.000,300.000,-1,375.000,375.000,-1,650.000,600.000,-1,650.000,2,0,2,0,1,0,0,0,0,2,0,0,2,0,1,2,1
94,4871.086,3252.980,-197.774,-122.014,-0.531012,0.847179,-0.017745,-0.846705,-0.529656,0.050537,0.033415,0.041861,0.998565,0,0.97194,-0.99024,58.317,-1.980,-1,375.000,-1,375.000,700.000,300.000,300.000,300.000,300.000,-1,375.000,375.000,-1,650.000,575.000,-1,625.000,2,0,2,0,1,0,0,0,0,2,0,0,2,0,1,2,1
95,4838.235,3204.266,-195.618,-123.996,-0.560105,0.828250,-0.016890,-0.827645,-0.558580,0.054708,0.035878,0.044621,0.998360,0,0.97924,-0.99124,58.754,-1.982,-1,375.000,975.000,375.000,675.000,300.000,300.000,300.000,300.000,-1,375.000,375.000,-1,675.000,550.000,-1,575.000,2,0,1,0,1,0,0,0,0,2,0,0,2,0,1,2,1
96,4802.972,3155.722,-193.153,-125.996,-0.588722,0.808191,-0.015261,-0.807461,-0.587102,0.057607,0.037598,0.046238,0.998223,0,1.00000,-1.00000,60.000,-2.000,-1,375.000,875.000,375.000,625.000,300.000,300.000,300.000,300.000,-1,400.000,375.000,-1,700.000,500.000,-1,525.000,2,0,1,1,1,0,0,0,0,2,0,0,2,0,1,2,1
97,4766.036,3108.437,-190.791,-127.996,-0.616603,0.787163,-0.013268,-0.786299,-0.614913,0.060129,0.039173,0.047508,0.998102,0,1.00000,-1.00000,60.000,-2.000,-1,375.000,775.000,350.000,600.000,300.000,300.000,300.000,300.000,-1,425.000,400.000,-1,725.000,475.000,-1,500.000,2,0,1,1,1,0,0,0,0,2,0,0,2,0,1,2,1
98,4727.472,3062.471,-188.532,-129.996,-0.643713,0.765189,-0.010950,-0.764190,-0.641982,0.062240,0.040596,0.048432,0.998001,0,1.00000,-1.00000,60.000,-2.000,-1,375.000,675.000,325.000,550.000,325.000,325.000,300.000,300.000,-1,425.000,425.000,-1,750.000,425.000,-1,450.000,2,0,1,1,1,0,0,0,0,2,0,0,2,0,1,2,1
99,4687.327,3017.878,-186.348,-131.996,-0.670016,0.742301,-0.008202,-0.741160,-0.668280,0.063903,0.041954,0.048895,0.997922,0,1.00000,-1.00000,60.000,-2.000,-1,375.000,600.000,300.000,525.000,325.000,300.000,300.000,300.000,-1,400.000,425.000,-1,725.000,400.000,-1,400.000,2,0,1,1,1,0,1,0,0,2,0,0,2,1,1,2,1
100,4645.649,2974.715,-184.065,-133.996,-0.695463,0.718549,-0.004240,-0.717227,-0.693801,0.065002,0.043766,0.048248,0.997876,0,1.00000,-1.00000,60.000,-2.000,-1,400.000,525.000,275.000,475.000,325.000,275.000,300.000,300.000,-1,375.000,400.000,-1,625.000,350.000,975.000,375.000,2,0,1,1,1,0,1,0,0,2,0,0,2,1,1,1,1
101,4602.489,2933.033,-181.153,-135.996,-0.719949,0.694018,0.003394,-0.692391,-0.718580,0.065092,0.047614,0.044513,0.997874,0,1.00000,-1.00000,60.000,-2.000,-1,400.000,450.000,250.000,450.000,300.000,250.000,300.000,325.000,-1,325.000,375.000,-1,525.000,325.000,825.000,350.000,2,1,1,1,1,1,1,0,0,2,0,0,2,1,1,1,1
102,4561.623,2895.924,-177.543,-137.756,-0.740687,0.671751,0.011509,-0.669856,-0.739700,0.064322,0.051722,0.039933,0.997863,0,0.92000,-0.88000,55.200,-1.760,-1,350.000,400.000,250.000,425.000,250.000,225.000,275.000,325.000,-1,325.000,350.000,-1,425.000,300.000,700.000,325.000,2,1,1,1,1,1,1,0,0,2,0,0,2,1,1,1,1
103,4519.069,2859.587,-173.297,-139.502,-0.760413,0.649063,0.022119,-0.646908,-0.760014,0.062362,0.057288,0.033112,0.997808,0,0.93260,-0.87303,55.956,-1.746,-1,300.000,350.000,225.000,425.000,225.000,200.000,275.000,350.000,-1,300.000,350.000,-1,350.000,275.000,575.000,300.000,2,1,1,1,1,1,1,0,0,2,0,0,2,1,1,1,1
104,4474.601,2823.887,-168.282,-141.237,-0.779122,0.625913,0.034673,-0.623596,-0.779510,0.059093,0.064015,0.024419,0.997650,0,0.95039,-0.86743,57.024,-1.735,750.000,250.000,300.000,200.000,400.000,200.000,175.000,275.000,375.000,950.000,275.000,350.000,-1,300.000,250.000,475.000,275.000,1,1,1,1,1,1,1,0,0,0,0,0,2,1,1,1,1
105,4428.213,2788.884,-162.566,-142.959,-0.796707,0.602336,0.049488,-0.600042,-0.798128,0.054233,0.072164,0.013513,0.997301,0,0.96852,-0.86080,58.111,-1.722,575.000,200.000,250.000,175.000,400.000,175.000,150.000,275.000,425.000,825.000,275.000,350.000,-1,250.000,225.000,375.000,250.000,1,1,1,1,1,1,1,0,0,0,0,0,2,1,1,1,1
106,-4919.384,2951.647,-139.127,-68.810,0.391633,0.917712,-0.066547,-0.884799,0.355766,-0.300933,-0.252494,0.176736,0.951321,1,0.00000,0.00000,59.217,-1.706,900.000,300.000,425.000,175.000,50.000,225.000,175.000,550.000,250.000,250.000,0.000,-1,-1,400.000,225.000,600.000,50.000,0,0,0,0,0,0,0,1,0,1,1,2,2,0,0,0,0
107,4916.530,-1636.053,-44.697,128.066,-0.616562,-0.787124,0.016948,0.787306,-0.616435,0.012537,0.000579,0.021073,0.999778,1,0.08000,-0.01104,4.800,-0.022,-1,350.000,-1,375.000,-1,300.000,300.000,300.000,375.000,-1,0.000,0.000,900.000,650.000,675.000,-1,-1,2,0,2,0,2,0,0,0,0,2,1,1,1,0,0,2,2
108,4910.613,-1628.494,-45.195,128.046,-0.616235,-0.787302,0.020259,0.787558,-0.616119,0.012267,0.002824,0.023514,0.999720,0,0.16000,-0.01027,9.600,-0.021,-1,375.000,-1,375.000,-1,300.000,300.000,300.000,375.000,-1,0.000,0.000,900.000,650.000,675.000,-1,-1,2,0,2,0,2,0,0,0,0,2,1,1,1,0,0,2,2
109,4901.741,-1617.151,-45.917,128.028,-0.615907,-0.787419,0.025098,0.787795,-0.615823,0.011855,0.006121,0.027073,0.999615,0,0.24000,-0.00873,14.400,-0.017,-1,375.000,-1,375.000,-1,300.000,300.000,300.000,350.000,-1,0.000,0.000,900.000,675.000,675.000,-1,-1,2,0,2,0,2,0,0,0,0,2,1,1,1,0,0,2,2
110,4889.914,-1602.026,-46.819,128.015,-0.615582,-0.787452,0.031275,0.788005,-0.615565,0.011302,0.010352,0.031602,0.999447,0,0.32000,-0.00642,19.200,-0.013,-1,375.000,-1,375.000,-1,300.000,300.000,300.000,350.000,-1,0.000,0.000,900.000,700.000,700.000,-1,-1,2,0,2,0,2,0,0,0,0,2,1,1,1,0,0,2,2
111,4875.133,-1583.118,-47.846,128.009,-0.615261,-0.787381,0.038536,0.788174,-0.615361,0.010611,0.015358,0.036902,0.999201,0,0.40000,-0.00334,24.000,-0.007,-1,375.000,-1,375.000,-1,300.000,300.000,300.000,325.000,-1,0.000,0.000,900.000,725.000,700.000,-1,-1,2,0,2,0,2,0,0,0,0,2,1,1,1,0,0,2,2
112,4857.395,-1560.428,-48.928,128.010,-0.614954,-0.787187,0.046561,0.788285,-0.615233,0.009789,0.020940,0.042723,0.998867,0,0.48000,0.00051,28.800,0.001,-1,400.000,-1,375.000,-1,325.000,325.000,300.000,300.000,-1,0.000,0.000,925.000,750.000,700.000,-1,-1,2,0,2,0,2,0,0,0,0,2,1,1,1,0,0,2,2
113,4836.697,-1533.960,-49.654,128.020,-0.614758,-0.786904,0.053426,0.788291,-0.615239,0.008859,0.025899,0.047562,0.998532,0,0.56000,0.00514,33.600,0.010,-1,400.000,-1,375.000,-1,325.000,325.000,325.000,300.000,-1,0.000,0.000,950.000,775.000,725.000,-1,-1,2,0,2,0,2,0,0,0,0,2,1,1,1,0,0,2,2
114,4813.034,-1503.717,-48.625,128.041,-0.615059,-0.786725,0.052605,0.788047,-0.615565,0.007890,0.026175,0.046308,0.998584,0,0.64000,0.01054,38.400,0.021,-1,400.000,-1,375.000,-1,325.000,325.000,325.000,300.000,-1,50.000,25.000,-1,775.000,725.000,-1,-1,2,0,2,0,2,0,0,0,0,2,1,1,2,0,0,2,2
115,4786.433,-1469.758,-47.467,128.074,-0.615529,-0.786415,0.051721,0.787668,-0.616063,0.006801,0.026515,0.044925,0.998638,0,0.71895,0.01671,43.137,0.033,-1,400.000,-1,375.000,-1,325.000,325.000,325.000,300.000,-1,100.000,75.000,-1,775.000,725.000,-1,-1,2,0,2,0,2,0,0,0,0,2,1,1,2,0,0,2,2
116,4759.598,-1435.560,-46.294,128.122,-0.616189,-0.785954,0.050873,0.787139,-0.616749,0.005704,0.026893,0.043558,0.998689,0,0.72449,0.02365,43.470,0.047,-1,400.000,-1,375.000,-1,325.000,325.000,325.000,300.000,-1,125.000,100.000,-1,775.000,725.000,-1,-1,2,0,2,0,2,0,0,0,0,2,1,1,2,0,0,2,2
117,4732.519,-1401.127,-45.108,128.183,-0.617038,-0.785339,0.050060,0.786459,-0.617625,0.004597,0.027308,0.042207,0.998736,0,0.73009,0.03064,43.806,0.061,-1,400.000,-1,375.000,-1,325.000,325.000,325.000,300.000,-1,175.000,150.000,-1,775.000,750.000,-1,-1,2,0,2,0,2,0,0,0,0,2,1,1,2,0,0,2,2
118,4708.503,-1370.391,-44.003,128.004,-0.614589,-0.787303,0.049335,0.788361,-0.615204,0.003351,0.027713,0.040954,0.998777,0,0.65009,-0.08936,39.006,-0.179,975.000,400.000,-1,375.000,-1,325.000,325.000,325.000,300.000,-1,200.000,200.000,-1,775.000,750.000,-1,-1,1,0,2,0,2,0,0,0,0,2,1,1,2,0,0,2,2
119,4685.185,-1340.095,-42.913,127.586,-0.608821,-0.791815,0.048644,0.792812,-0.609463,0.002037,0.028034,0.039806,0.998814,0,0.63719,-0.20936,38.231,-0.419,975.000,400.000,-1,400.000,-1,325.000,325.000,325.000,300.000,-1,250.000,225.000,-1,800.000,750.000,-1,-1,1,0,2,0,2,0,0,0,0,2,1,1,2,0,0,2,2
120,4662.035,-1309.291,-41.853,126.927,-0.599683,-0.798802,0.047910,0.799742,-0.600344,0.000749,0.028164,0.038765,0.998851,0,0.64221,-0.32936,38.533,-0.659,950.000,400.000,-1,400.000,-1,325.000,325.000,325.000,300.000,-1,300.000,250.000,-1,800.000,775.000,-1,-1,1,0,2,0,2,0,0,0,0,2,1,1,2,0,0,2,2
121,4639.191,-1277.881,-40.824,126.028,-0.587089,-0.808149,0.047139,0.809034,-0.587762,-0.000512,0.028120,0.037837,0.998888,0,0.64731,-0.44936,38.839,-0.899,925.000,400.000,-1,400.000,-1,325.000,325.000,300.000,300.000,-1,325.000,300.000,-1,800.000,775.000,-1,-1,1,0,2,0,2,0,0,0,0,2,1,1,2,0,0,2,2
122,4616.659,-1245.864,-39.817,125.137,-0.574462,-0.817216,0.046378,0.818049,-0.575146,-0.001723,0.028082,0.036950,0.998922,0,0.65250,-0.44539,39.150,-0.891,925.000,400.000,-1,400.000,-1,325.000,325.000,300.000,300.000,-1,375.000,325.000,-1,800.000,800.000,-1,-1,1,0,2,0,2,0,0,0,0,2,1,1,2,0,0,2,2
123,4594.444,-1213.248,-38.778,124.259,-0.561880,-0.825955,0.045713,0.826749,-0.562565,-0.002614,0.027875,0.036324,0.998951,0,0.65771,-0.43912,39.463,-0.878,900.000,400.000,-1,400.000,-1,325.000,325.000,300.000,300.000,-1,425.000,375.000,-1,800.000,825.000,-1,-1,1,0,2,0,2,0,0,0,0,2,1,1,2,0,0,2,2
124,4572.551,-1180.038,-37.634,123.394,-0.549356,-0.834361,0.045278,0.835144,-0.550024,-0.002824,0.027260,0.036262,0.998970,0,0.66295,-0.43280,39.777,-0.866,875.000,400.000,-1,400.000,-1,325.000,325.000,300.000,300.000,-1,475.000,400.000,-1,800.000,825.000,-1,-1,1,0,2,0,2,0,0,0,0,2,1,1,2,0,0,2,2
125,4550.986,-1146.240,-36.509,122.541,-0.536892,-0.842456,0.044894,0.843230,-0.537544,-0.002979,0.026643,0.036257,0.998987,0,0.66821,-0.42645,40.092,-0.853,875.000,400.000,-1,400.000,-1,325.000,325.000,300.000,300.000,-1,525.000,450.000,-1,800.000,825.000,-1,-1,1,0,2,0,2,0,0,0,0,2,1,1,2,0,0,2,2
126,4529.751,-1111.859,-35.468,121.701,-0.524490,-0.850241,0.044725,0.851016,-0.525131,-0.003102,0.026124,0.036434,0.998995,0,0.67349,-0.42005,40.409,-0.840,850.000,400.000,-1,400.000,-1,325.000,325.000,300.000,300.000,-1,575.000,500.000,-1,825.000,850.000,-1,-1,1,0,2,0,2,0,0,0,0,2,1,1,2,0,0,2,2
127,4508.853,-1076.903,-34.551,120.873,-0.512177,-0.857733,0.044383,0.858503,-0.512799,-0.003149,0.025460,0.036490,0.999010,0,0.67878,-0.41362,40.727,-0.827,850.000,400.000,-1,400.000,-1,325.000,325.000,300.000,300.000,-1,625.000,525.000,-1,825.000,850.000,-1,-1,1,0,2,0,2,0,0,0,0,2,1,1,2,0,0,2,2
128,4485.893,-1037.589,-33.553,120.286,-0.503378,-0.862945,0.044017,0.863708,-0.503982,-0.003115,0.024872,0.036450,0.999026,0,0.75878,-0.29362,45.527,-0.587,825.000,400.000,-1,400.000,-1,325.000,325.000,300.000,300.000,-1,700.000,575.000,-1,825.000,875.000,-1,-1,1,0,2,0,2,0,0,0,0,2,1,1,2,0,0,2,2
129,4461.841,-995.654,-32.521,119.837,-0.496614,-0.866875,0.043629,0.867632,-0.497198,-0.002989,0.024283,0.036369,0.999043,0,0.80572,-0.22476,48.343,-0.450,800.000,400.000,-1,400.000,-1,325.000,325.000,300.000,300.000,-1,750.000,625.000,-1,850.000,875.000,-1,-1,1,0,2,0,2,0,0,0,0,2,1,1,2,1,0,2,2
130,4438.137,-953.587,-31.516,119.400,-0.490020,-0.870639,0.043224,0.871391,-0.490581,-0.002778,0.023623,0.036303,0.999062,0,0.80475,-0.21824,48.285,-0.436,775.000,400.000,-1,400.000,-1,325.000,325.000,300.000,300.000,-1,825.000,675.000,-1,850.000,875.000,-1,-1,1,0,2,0,2,0,0,0,0,2,1,1,2,1,0,2,2
131,4414.785,-911.419,-30.537,118.977,-0.483601,-0.874241,0.042804,0.874989,-0.484137,-0.002483,0.022894,0.036252,0.999080,0,0.80338,-0.21163,48.203,-0.423,775.000,400.000,-1,400.000,-1,325.000,325.000,300.000,300.000,-1,875.000,750.000,-1,825.000,900.000,-1,-1,1,0,2,0,2,0,0,0,0,2,1,1,2,1,0,2,2
132,4391.786,-869.177,-29.585,118.567,-0.477364,-0.877684,0.042372,0.878428,-0.477870,-0.002107,0.022098,0.036215,0.999100,0,0.80161,-0.20497,48.096,-0.410,750.000,400.000,-1,400.000,-1,325.000,325.000,300.000,300.000,-1,950.000,800.000,-1,825.000,900.000,-1,-1,1,0,2,0,2,0,0,0,0,2,1,1,2,1,0,2,2
133,4369.142,-826.893,-28.659,118.170,-0.471309,-0.880971,0.041931,0.881712,-0.471785,-0.001650,0.021235,0.036193,0.999119,0,0.79944,-0.19827,47.966,-0.397,725.000,400.000,-1,425.000,-1,325.000,325.000,300.000,300.000,-1,1000.000,850.000,-1,825.000,925.000,-1,-1,1,0,2,0,2,0,0,0,0,2,1,1,2,1,0,2,2
134,4346.852,-784.592,-27.686,117.787,-0.465456,-0.884116,0.041099,0.884843,-0.465888,-0.001076,0.020099,0.035866,0.999154,0,0.79690,-0.19158,47.814,-0.383,700.000,400.000,-1,425.000,-1,325.000,325.000,300.000,300.000,-1,-1,925.000,-1,850.000,925.000,-1,-1,1,0,2,0,2,0,0,0,0,2,2,1,2,1,0,2,2
135,4324.916,-742.303,-26.750,117.416,-0.459769,-0.887129,0.040176,0.887837,-0.460159,-0.000503,0.018933,0.035438,0.999193,0,0.79400,-0.18556,47.640,-0.371,725.000,425.000,-1,425.000,-1,325.000,350.000,300.000,300.000,-1,-1,975.000,-1,850.000,950.000,-1,-1,1,0,2,0,2,0,0,0,0,2,2,1,2,1,0,2,2
