step_idx	elapsed_s	sensor_idx	sensor_label	raw_cm	mask_hit	sensor_world_x_cm	sensor_world_y_cm	sensor_cell_x	sensor_cell_y	rover_x_cm	rover_y_cm	rover_heading_deg
1	0.475	0	front_left_wheel_hub_yaw_p30	0.000	0	545.436	930.408	108	99	300.000	1179.980	-89.900
2	0.760	0	front_left_wheel_hub_yaw_p30	0.000	0	545.436	930.408	108	99	300.000	1179.980	-89.900
3	1.032	0	front_left_wheel_hub_yaw_p30	0.000	0	545.436	930.408	108	99	300.000	1179.980	-89.900
14	4.102	0	front_left_wheel_hub_yaw_p30	0.000	0	540.155	915.362	108	98	300.000	1170.020	-91.100
15	4.370	0	front_left_wheel_hub_yaw_p30	0.000	0	540.155	915.362	108	98	300.000	1170.020	-91.100
16	4.639	0	front_left_wheel_hub_yaw_p30	0.000	0	540.155	915.362	108	98	300.000	1170.020	-91.100
17	4.912	0	front_left_wheel_hub_yaw_p30	0.000	0	540.155	915.362	108	98	300.000	1170.020	-91.100
25	7.089	0	front_left_wheel_hub_yaw_p30	0.000	0	508.949	866.942	108	97	289.990	1140.039	-95.700
26	7.361	0	front_left_wheel_hub_yaw_p30	0.000	0	508.949	866.942	108	97	289.990	1140.039	-95.700
27	7.630	0	front_left_wheel_hub_yaw_p30	0.000	0	508.949	866.942	108	97	289.990	1140.039	-95.700
28	7.902	0	front_left_wheel_hub_yaw_p30	0.000	0	508.949	866.942	108	97	289.990	1140.039	-95.700
37	10.353	0	front_left_wheel_hub_yaw_p30	0.000	0	440.926	780.323	106	96	260.010	1079.980	-103.300
38	10.625	0	front_left_wheel_hub_yaw_p30	0.000	0	440.926	780.323	106	96	260.010	1079.980	-103.300
39	10.912	0	front_left_wheel_hub_yaw_p30	0.000	0	440.926	780.323	106	96	260.010	1079.980	-103.300
40	11.180	0	front_left_wheel_hub_yaw_p30	0.000	0	414.986	751.344	106	95	250.000	1060.058	-106.300
41	11.450	0	front_left_wheel_hub_yaw_p30	0.000	0	414.986	751.344	106	95	250.000	1060.058	-106.300
42	11.721	0	front_left_wheel_hub_yaw_p30	0.000	0	414.986	751.344	106	95	250.000	1060.058	-106.300
43	11.988	0	front_left_wheel_hub_yaw_p30	0.000	0	414.986	751.344	106	95	250.000	1060.058	-106.300
59	16.398	0	front_left_wheel_hub_yaw_p30	0.000	0	214.088	587.877	102	92	139.990	929.980	-122.200
60	16.700	0	front_left_wheel_hub_yaw_p30	0.000	0	214.088	587.877	102	92	139.990	929.980	-122.200
61	16.980	0	front_left_wheel_hub_yaw_p30	0.000	0	214.088	587.877	102	92	139.990	929.980	-122.200
62	17.254	0	front_left_wheel_hub_yaw_p30	0.000	0	170.921	555.305	101	91	110.010	900.000	-124.400
63	17.539	0	front_left_wheel_hub_yaw_p30	0.000	0	170.921	555.305	101	91	110.010	900.000	-124.400
64	17.815	0	front_left_wheel_hub_yaw_p30	0.000	0	170.921	555.305	101	91	110.010	900.000	-124.400
65	18.086	0	front_left_wheel_hub_yaw_p30	0.000	0	170.921	555.305	101	91	110.010	900.000	-124.400
69	19.183	0	front_left_wheel_hub_yaw_p30	0.000	0	86.718	481.876	99	90	50.000	829.980	-128.400
70	19.449	0	front_left_wheel_hub_yaw_p30	0.000	0	86.718	481.876	99	90	50.000	829.980	-128.400
71	19.753	0	front_left_wheel_hub_yaw_p30	0.000	0	86.718	481.876	99	90	50.000	829.980	-128.400
72	20.121	0	front_left_wheel_hub_yaw_p30	0.000	0	36.385	430.940	98	89	10.010	779.980	-130.100
73	20.407	0	front_left_wheel_hub_yaw_p30	0.000	0	36.385	430.940	98	89	10.010	779.980	-130.100
74	20.710	0	front_left_wheel_hub_yaw_p30	0.000	0	36.385	430.940	98	89	10.010	779.980	-130.100
75	20.982	0	front_left_wheel_hub_yaw_p30	0.000	0	36.385	430.940	98	89	10.010	779.980	-130.100
76	21.252	0	front_left_wheel_hub_yaw_p30	0.000	0	-11.580	390.490	97	88	-30.029	740.039	-131.400
77	21.596	0	front_left_wheel_hub_yaw_p30	0.000	0	-11.580	390.490	97	88	-30.029	740.039	-131.400
78	21.951	0	front_left_wheel_hub_yaw_p30	0.000	0	-11.580	390.490	97	88	-30.029	740.039	-131.400
82	23.181	0	front_left_wheel_hub_yaw_p30	0.000	0	-58.422	380.046	96	88	-50.000	729.980	-135.800
83	23.525	0	front_left_wheel_hub_yaw_p30	0.000	0	-58.422	380.046	96	88	-50.000	729.980	-135.800
84	23.885	0	front_left_wheel_hub_yaw_p30	0.000	0	-58.422	380.046	96	88	-50.000	729.980	-135.800
95	27.335	0	front_left_wheel_hub_yaw_p30	0.000	0	-42.530	442.597	97	89	0.000	790.039	-141.400
96	27.693	0	front_left_wheel_hub_yaw_p30	0.000	0	-42.530	442.597	97	89	0.000	790.039	-141.400
97	28.001	0	front_left_wheel_hub_yaw_p30	0.000	0	-42.530	442.597	97	89	0.000	790.039	-141.400
101	29.331	0	front_left_wheel_hub_yaw_p30	0.000	0	35.472	470.285	98	89	50.000	820.020	-136.800
102	29.601	0	front_left_wheel_hub_yaw_p30	0.000	0	35.472	470.285	98	89	50.000	820.020	-136.800
103	29.876	0	front_left_wheel_hub_yaw_p30	0.000	0	35.472	470.285	98	89	50.000	820.020	-136.800
104	30.148	0	front_left_wheel_hub_yaw_p30	0.000	0	76.820	480.012	99	90	69.971	829.980	-133.300
105	30.416	0	front_left_wheel_hub_yaw_p30	0.000	0	76.820	480.012	99	90	69.971	829.980	-133.300
106	30.707	0	front_left_wheel_hub_yaw_p30	0.000	0	76.820	480.012	99	90	69.971	829.980	-133.300
107	30.982	0	front_left_wheel_hub_yaw_p30	0.000	0	76.820	480.012	99	90	69.971	829.980	-133.300
111	32.249	0	front_left_wheel_hub_yaw_p30	0.000	0	189.086	525.010	101	90	129.980	870.020	-124.700
112	32.538	0	front_left_wheel_hub_yaw_p30	0.000	0	189.086	525.010	101	90	129.980	870.020	-124.700
113	32.812	0	front_left_wheel_hub_yaw_p30	0.000	0	189.086	525.010	101	90	129.980	870.020	-124.700
114	33.100	0	front_left_wheel_hub_yaw_p30	0.000	0	242.444	549.849	102	91	160.010	890.039	-120.800
115	33.372	0	front_left_wheel_hub_yaw_p30	0.000	0	242.444	549.849	102	91	160.010	890.039	-120.800
116	33.650	0	front_left_wheel_hub_yaw_p30	0.000	0	242.444	549.849	102	91	160.010	890.039	-120.800
117	33.928	0	front_left_wheel_hub_yaw_p30	0.000	0	242.444	549.849	102	91	160.010	890.039	-120.800
118	34.215	0	front_left_wheel_hub_yaw_p30	0.000	0	264.788	570.452	103	91	179.980	910.058	-120.400
119	34.486	0	front_left_wheel_hub_yaw_p30	0.000	0	264.788	570.452	103	91	179.980	910.058	-120.400
120	34.772	0	front_left_wheel_hub_yaw_p30	0.000	0	264.788	570.452	103	91	179.980	910.058	-120.400
121	35.096	0	front_left_wheel_hub_yaw_p30	0.000	0	255.708	596.228	103	92	189.990	940.039	-123.600
122	35.375	0	front_left_wheel_hub_yaw_p30	0.000	0	255.708	596.228	103	92	189.990	940.039	-123.600
123	35.651	0	front_left_wheel_hub_yaw_p30	0.000	0	255.708	596.228	103	92	189.990	940.039	-123.600
124	35.932	0	front_left_wheel_hub_yaw_p30	0.000	0	255.708	596.228	103	92	189.990	940.039	-123.600
125	36.206	0	front_left_wheel_hub_yaw_p30	0.000	0	237.019	623.157	102	92	189.990	970.020	-126.700
126	36.490	0	front_left_wheel_hub_yaw_p30	0.000	0	237.019	623.157	102	92	189.990	970.020	-126.700
127	36.766	0	front_left_wheel_hub_yaw_p30	0.000	0	237.019	623.157	102	92	189.990	970.020	-126.700
128	37.050	0	front_left_wheel_hub_yaw_p30	0.000	0	233.071	641.569	102	93	200.000	990.039	-129.000
129	37.340	0	front_left_wheel_hub_yaw_p30	0.000	0	233.071	641.569	102	93	200.000	990.039	-129.000
130	37.613	0	front_left_wheel_hub_yaw_p30	0.000	0	233.071	641.569	102	93	200.000	990.039	-129.000
131	37.917	0	front_left_wheel_hub_yaw_p30	0.000	0	233.071	641.569	102	93	200.000	990.039	-129.000
132	38.195	0	front_left_wheel_hub_yaw_p30	0.000	0	222.109	650.663	102	93	200.000	1000.000	-130.800
133	38.467	0	front_left_wheel_hub_yaw_p30	0.000	0	222.109	650.663	102	93	200.000	1000.000	-130.800
134	38.864	0	front_left_wheel_hub_yaw_p30	0.000	0	222.109	650.663	102	93	200.000	1000.000	-130.800
135	39.183	0	front_left_wheel_hub_yaw_p30	0.000	0	223.577	660.286	102	93	210.010	1010.058	-132.200
136	39.454	0	front_left_wheel_hub_yaw_p30	0.000	0	223.577	660.286	102	93	210.010	1010.058	-132.200
137	39.725	0	front_left_wheel_hub_yaw_p30	0.000	0	223.577	660.286	102	93	210.010	1010.058	-132.200
138	39.995	0	front_left_wheel_hub_yaw_p30	0.000	0	223.577	660.286	102	93	210.010	1010.058	-132.200
139	40.273	0	front_left_wheel_hub_yaw_p30	0.000	0	218.081	670.077	102	93	210.010	1020.020	-133.100
140	40.549	0	front_left_wheel_hub_yaw_p30	0.000	0	218.081	670.077	102	93	210.010	1020.020	-133.100
141	40.863	0	front_left_wheel_hub_yaw_p30	0.000	0	218.081	670.077	102	93	210.010	1020.020	-133.100
142	41.153	0	front_left_wheel_hub_yaw_p30	0.000	0	215.638	670.029	102	93	210.010	1020.020	-133.500
143	41.469	0	front_left_wheel_hub_yaw_p30	0.000	0	215.638	670.029	102	93	210.010	1020.020	-133.500
144	41.744	0	front_left_wheel_hub_yaw_p30	0.000	0	215.638	670.029	102	93	210.010	1020.020	-133.500
145	42.016	0	front_left_wheel_hub_yaw_p30	0.000	0	215.638	670.029	102	93	210.010	1020.020	-133.500
146	42.307	0	front_left_wheel_hub_yaw_p30	0.000	0	215.027	670.020	102	93	210.010	1020.020	-133.600
147	42.581	0	front_left_wheel_hub_yaw_p30	0.000	0	215.027	670.020	102	93	210.010	1020.020	-133.600
148	42.854	0	front_left_wheel_hub_yaw_p30	0.000	0	215.027	670.020	102	93	210.010	1020.020	-133.600
149	43.132	0	front_left_wheel_hub_yaw_p30	0.000	0	217.470	670.063	102	93	210.010	1020.020	-133.200
150	43.411	0	front_left_wheel_hub_yaw_p30	0.000	0	217.470	670.063	102	93	210.010	1020.020	-133.200
151	43.746	0	front_left_wheel_hub_yaw_p30	0.000	0	217.470	670.063	102	93	210.010	1020.020	-133.200
152	44.021	0	front_left_wheel_hub_yaw_p30	0.000	0	221.745	660.220	102	93	210.010	1010.058	-132.500
153	44.327	0	front_left_wheel_hub_yaw_p30	0.000	0	221.745	660.220	102	93	210.010	1010.058	-132.500
154	44.601	0	front_left_wheel_hub_yaw_p30	0.000	0	221.745	660.220	102	93	210.010	1010.058	-132.500
155	44.882	0	front_left_wheel_hub_yaw_p30	0.000	0	221.745	660.220	102	93	210.010	1010.058	-132.500
160	46.261	0	front_left_wheel_hub_yaw_p30	0.000	0	227.593	641.093	102	93	200.000	990.039	-129.900
161	46.535	0	front_left_wheel_hub_yaw_p30	0.000	0	227.593	641.093	102	93	200.000	990.039	-129.900
162	46.812	0	front_left_wheel_hub_yaw_p30	0.000	0	227.593	641.093	102	93	200.000	990.039	-129.900
163	47.097	0	front_left_wheel_hub_yaw_p30	0.000	0	227.593	641.093	102	93	200.000	990.039	-129.900
164	47.380	0	front_left_wheel_hub_yaw_p30	0.000	0	240.968	632.350	102	93	200.000	979.980	-127.700
165	47.670	0	front_left_wheel_hub_yaw_p30	0.000	0	240.968	632.350	102	93	200.000	979.980	-127.700
166	47.948	0	front_left_wheel_hub_yaw_p30	0.000	0	240.968	632.350	102	93	200.000	979.980	-127.700
167	48.221	0	front_left_wheel_hub_yaw_p30	0.000	0	243.669	614.163	102	92	189.990	960.058	-125.600
168	48.503	0	front_left_wheel_hub_yaw_p30	0.000	0	243.669	614.163	102	92	189.990	960.058	-125.600
169	48.782	0	front_left_wheel_hub_yaw_p30	0.000	0	243.669	614.163	102	92	189.990	960.058	-125.600
185	53.308	0	front_left_wheel_hub_yaw_p30	0.000	0	310.270	503.876	104	90	160.010	820.020	-109.000
186	53.585	0	front_left_wheel_hub_yaw_p30	0.000	0	310.270	503.876	104	90	160.010	820.020	-109.000
187	53.863	0	front_left_wheel_hub_yaw_p30	0.000	0	310.270	503.876	104	90	160.010	820.020	-109.000
191	55.199	0	front_left_wheel_hub_yaw_p30	0.000	0	344.054	442.293	104	89	160.010	740.039	-102.700
192	55.486	0	front_left_wheel_hub_yaw_p30	0.000	0	344.054	442.293	104	89	160.010	740.039	-102.700
193	55.762	0	front_left_wheel_hub_yaw_p30	0.000	0	344.054	442.293	104	89	160.010	740.039	-102.700
194	56.036	0	front_left_wheel_hub_yaw_p30	0.000	0	344.054	442.293	104	89	160.010	740.039	-102.700
195	56.312	0	front_left_wheel_hub_yaw_p30	0.000	0	347.362	390.890	104	88	150.000	679.980	-100.100
196	56.590	0	front_left_wheel_hub_yaw_p30	0.000	0	347.362	390.890	104	88	150.000	679.980	-100.100
197	56.865	0	front_left_wheel_hub_yaw_p30	0.000	0	347.362	390.890	104	88	150.000	679.980	-100.100
198	57.137	0	front_left_wheel_hub_yaw_p30	0.000	0	358.314	348.679	105	87	150.000	629.980	-97.900
199	57.412	0	front_left_wheel_hub_yaw_p30	0.000	0	358.314	348.679	105	87	150.000	629.980	-97.900
200	57.687	0	front_left_wheel_hub_yaw_p30	0.000	0	358.314	348.679	105	87	150.000	629.980	-97.900
201	58.064	0	front_left_wheel_hub_yaw_p30	0.000	0	358.314	348.679	105	87	150.000	629.980	-97.900
232	67.240	0	front_left_wheel_hub_yaw_p30	0.000	0	319.676	259.028	104	85	179.980	579.980	-110.900
233	67.514	0	front_left_wheel_hub_yaw_p30	0.000	0	319.676	259.028	104	85	179.980	579.980	-110.900
234	67.801	0	front_left_wheel_hub_yaw_p30	0.000	0	319.676	259.028	104	85	179.980	579.980	-110.900
241	70.079	0	front_left_wheel_hub_yaw_p30	0.000	0	276.575	310.842	103	86	189.990	650.000	-120.100
242	70.531	0	front_left_wheel_hub_yaw_p30	0.000	0	276.575	310.842	103	86	189.990	650.000	-120.100
243	70.820	0	front_left_wheel_hub_yaw_p30	0.000	0	276.575	310.842	103	86	189.990	650.000	-120.100
244	71.101	0	front_left_wheel_hub_yaw_p30	0.000	0	276.575	310.842	103	86	189.990	650.000	-120.100
245	71.399	0	front_left_wheel_hub_yaw_p30	0.000	0	253.907	335.830	103	87	189.990	679.980	-123.900
246	71.677	0	front_left_wheel_hub_yaw_p30	0.000	0	253.907	335.830	103	87	189.990	679.980	-123.900
247	71.955	0	front_left_wheel_hub_yaw_p30	0.000	0	253.907	335.830	103	87	189.990	679.980	-123.900
258	75.191	0	front_left_wheel_hub_yaw_p30	0.000	0	203.834	463.080	102	89	250.000	810.058	-142.000
259	75.532	0	front_left_wheel_hub_yaw_p30	0.000	0	203.834	463.080	102	89	250.000	810.058	-142.000
260	75.871	0	front_left_wheel_hub_yaw_p30	0.000	0	203.834	463.080	102	89	250.000	810.058	-142.000
261	76.145	0	front_left_wheel_hub_yaw_p30	0.000	0	213.318	496.410	102	90	279.980	840.039	-145.400
262	76.426	0	front_left_wheel_hub_yaw_p30	0.000	0	213.318	496.410	102	90	279.980	840.039	-145.400
263	76.702	0	front_left_wheel_hub_yaw_p30	0.000	0	213.318	496.410	102	90	279.980	840.039	-145.400
264	76.974	0	front_left_wheel_hub_yaw_p30	0.000	0	213.318	496.410	102	90	279.980	840.039	-145.400
265	77.255	0	front_left_wheel_hub_yaw_p30	0.000	0	252.968	514.702	103	90	310.010	860.058	-143.800
266	77.532	0	front_left_wheel_hub_yaw_p30	0.000	0	252.968	514.702	103	90	310.010	860.058	-143.800
267	77.814	0	front_left_wheel_hub_yaw_p30	0.000	0	252.968	514.702	103	90	310.010	860.058	-143.800
268	78.087	0	front_left_wheel_hub_yaw_p30	0.000	0	294.737	521.763	103	90	329.980	870.020	-140.200
269	78.360	0	front_left_wheel_hub_yaw_p30	0.000	0	294.737	521.763	103	90	329.980	870.020	-140.200
270	78.631	0	front_left_wheel_hub_yaw_p30	0.000	0	294.737	521.763	103	90	329.980	870.020	-140.200
271	79.011	0	front_left_wheel_hub_yaw_p30	0.000	0	294.737	521.763	103	90	329.980	870.020	-140.200
272	79.321	0	front_left_wheel_hub_yaw_p30	0.000	0	344.871	530.272	104	91	360.010	879.980	-136.900
273	79.605	0	front_left_wheel_hub_yaw_p30	0.000	0	344.871	530.272	104	91	360.010	879.980	-136.900
274	79.880	0	front_left_wheel_hub_yaw_p30	0.000	0	344.871	530.272	104	91	360.010	879.980	-136.900
275	80.153	0	front_left_wheel_hub_yaw_p30	0.000	0	383.776	540.024	105	91	379.980	890.039	-133.800
276	80.432	0	front_left_wheel_hub_yaw_p30	0.000	0	383.776	540.024	105	91	379.980	890.039	-133.800
277	80.705	0	front_left_wheel_hub_yaw_p30	0.000	0	383.776	540.024	105	91	379.980	890.039	-133.800
278	81.090	0	front_left_wheel_hub_yaw_p30	0.000	0	418.449	550.451	106	91	400.000	900.000	-131.400
279	81.442	0	front_left_wheel_hub_yaw_p30	0.000	0	418.449	550.451	106	91	400.000	900.000	-131.400
280	81.744	0	front_left_wheel_hub_yaw_p30	0.000	0	418.449	550.451	106	91	400.000	900.000	-131.400
281	82.082	0	front_left_wheel_hub_yaw_p30	0.000	0	451.825	561.475	107	91	419.971	910.058	-129.200
282	82.432	0	front_left_wheel_hub_yaw_p30	0.000	0	451.825	561.475	107	91	419.971	910.058	-129.200
283	82.719	0	front_left_wheel_hub_yaw_p30	0.000	0	451.825	561.475	107	91	419.971	910.058	-129.200
284	83.005	0	front_left_wheel_hub_yaw_p30	0.000	0	451.825	561.475	107	91	419.971	910.058	-129.200
291	85.269	0	front_left_wheel_hub_yaw_p30	0.000	0	495.479	584.371	107	92	439.990	929.980	-125.300
292	85.625	0	front_left_wheel_hub_yaw_p30	0.000	0	495.479	584.371	107	92	439.990	929.980	-125.300
293	85.916	0	front_left_wheel_hub_yaw_p30	0.000	0	495.479	584.371	107	92	439.990	929.980	-125.300
294	86.280	0	front_left_wheel_hub_yaw_p30	0.000	0	507.901	584.767	108	92	450.000	929.980	-124.900
295	86.630	0	front_left_wheel_hub_yaw_p30	0.000	0	507.901	584.767	108	92	450.000	929.980	-124.900
296	86.943	0	front_left_wheel_hub_yaw_p30	0.000	0	507.901	584.767	108	92	450.000	929.980	-124.900
297	87.218	0	front_left_wheel_hub_yaw_p30	0.000	0	497.288	584.666	107	92	439.990	929.980	-125.000
298	87.490	0	front_left_wheel_hub_yaw_p30	0.000	0	497.288	584.666	107	92	439.990	929.980	-125.000
299	87.759	0	front_left_wheel_hub_yaw_p30	0.000	0	497.288	584.666	107	92	439.990	929.980	-125.000
300	88.035	0	front_left_wheel_hub_yaw_p30	0.000	0	497.288	584.666	107	92	439.990	929.980	-125.000
301	88.339	0	front_left_wheel_hub_yaw_p30	0.000	0	493.669	584.085	107	92	439.990	929.980	-125.600
302	88.626	0	front_left_wheel_hub_yaw_p30	0.000	0	493.669	584.085	107	92	439.990	929.980	-125.600
303	88.906	0	front_left_wheel_hub_yaw_p30	0.000	0	493.669	584.085	107	92	439.990	929.980	-125.600
304	89.253	0	front_left_wheel_hub_yaw_p30	0.000	0	477.615	573.240	107	91	429.980	920.020	-126.600
305	89.527	0	front_left_wheel_hub_yaw_p30	0.000	0	477.615	573.240	107	91	429.980	920.020	-126.600
306	89.798	0	front_left_wheel_hub_yaw_p30	0.000	0	477.615	573.240	107	91	429.980	920.020	-126.600
311	91.193	0	front_left_wheel_hub_yaw_p30	0.000	0	438.212	561.161	106	91	410.010	910.058	-129.800
312	91.469	0	front_left_wheel_hub_yaw_p30	0.000	0	438.212	561.161	106	91	410.010	910.058	-129.800
313	91.758	0	front_left_wheel_hub_yaw_p30	0.000	0	438.212	561.161	106	91	410.010	910.058	-129.800
314	92.037	0	front_left_wheel_hub_yaw_p30	0.000	0	438.212	561.161	106	91	410.010	910.058	-129.800
318	93.179	0	front_left_wheel_hub_yaw_p30	0.000	0	380.721	540.004	105	91	379.980	890.039	-134.300
319	93.466	0	front_left_wheel_hub_yaw_p30	0.000	0	380.721	540.004	105	91	379.980	890.039	-134.300
320	93.739	0	front_left_wheel_hub_yaw_p30	0.000	0	380.721	540.004	105	91	379.980	890.039	-134.300
321	94.039	0	front_left_wheel_hub_yaw_p30	0.000	0	380.721	540.004	105	91	379.980	890.039	-134.300
329	96.299	0	front_left_wheel_hub_yaw_p30	0.000	0	270.174	513.583	103	90	319.971	860.058	-142.600
330	96.571	0	front_left_wheel_hub_yaw_p30	0.000	0	270.174	513.583	103	90	319.971	860.058	-142.600
331	96.868	0	front_left_wheel_hub_yaw_p30	0.000	0	270.174	513.583	103	90	319.971	860.058	-142.600
332	97.142	0	front_left_wheel_hub_yaw_p30	0.000	0	231.539	516.783	102	90	300.000	860.058	-145.700
333	97.418	0	front_left_wheel_hub_yaw_p30	0.000	0	231.539	516.783	102	90	300.000	860.058	-145.700
334	97.690	0	front_left_wheel_hub_yaw_p30	0.000	0	231.539	516.783	102	90	300.000	860.058	-145.700
335	97.961	0	front_left_wheel_hub_yaw_p30	0.000	0	231.539	516.783	102	90	300.000	860.058	-145.700
336	98.233	0	front_left_wheel_hub_yaw_p30	0.000	0	181.863	511.234	101	90	269.971	850.000	-149.000
337	98.507	0	front_left_wheel_hub_yaw_p30	0.000	0	181.863	511.234	101	90	269.971	850.000	-149.000
338	98.778	0	front_left_wheel_hub_yaw_p30	0.000	0	181.863	511.234	101	90	269.971	850.000	-149.000
339	99.051	0	front_left_wheel_hub_yaw_p30	0.000	0	181.863	511.234	101	90	269.971	850.000	-149.000
340	99.335	0	front_left_wheel_hub_yaw_p30	0.000	0	131.366	507.284	100	90	239.990	840.039	-152.500
341	99.617	0	front_left_wheel_hub_yaw_p30	0.000	0	131.366	507.284	100	90	239.990	840.039	-152.500
342	99.892	0	front_left_wheel_hub_yaw_p30	0.000	0	131.366	507.284	100	90	239.990	840.039	-152.500
343	100.163	0	front_left_wheel_hub_yaw_p30	0.000	0	81.274	514.536	99	90	210.010	840.039	-156.000
344	100.512	0	front_left_wheel_hub_yaw_p30	0.000	0	81.274	514.536	99	90	210.010	840.039	-156.000
345	100.793	0	front_left_wheel_hub_yaw_p30	0.000	0	81.274	514.536	99	90	210.010	840.039	-156.000
346	101.069	0	front_left_wheel_hub_yaw_p30	0.000	0	81.274	514.536	99	90	210.010	840.039	-156.000
347	101.356	0	front_left_wheel_hub_yaw_p30	0.000	0	28.301	524.574	98	90	179.980	840.039	-160.100
348	101.637	0	front_left_wheel_hub_yaw_p30	0.000	0	28.301	524.574	98	90	179.980	840.039	-160.100
349	101.915	0	front_left_wheel_hub_yaw_p30	0.000	0	28.301	524.574	98	90	179.980	840.039	-160.100
350	102.187	0	front_left_wheel_hub_yaw_p30	0.000	0	-23.846	536.226	97	91	150.000	840.039	-164.200
351	102.552	0	front_left_wheel_hub_yaw_p30	0.000	0	-23.846	536.226	97	91	150.000	840.039	-164.200
352	102.911	0	front_left_wheel_hub_yaw_p30	0.000	0	-23.846	536.226	97	91	150.000	840.039	-164.200
353	103.201	0	front_left_wheel_hub_yaw_p30	0.000	0	-23.846	536.226	97	91	150.000	840.039	-164.200
354	103.496	0	front_left_wheel_hub_yaw_p30	0.000	0	-84.097	548.753	96	91	110.010	840.039	-168.100
355	103.799	0	front_left_wheel_hub_yaw_p30	0.000	0	-84.097	548.753	96	91	110.010	840.039	-168.100
356	104.075	0	front_left_wheel_hub_yaw_p30	0.000	0	-134.456	563.377	95	91	79.980	840.039	-172.200
357	104.348	0	front_left_wheel_hub_yaw_p30	0.000	0	-134.456	563.377	95	91	79.980	840.039	-172.200
358	104.622	0	front_left_wheel_hub_yaw_p30	0.000	0	-134.456	563.377	95	91	79.980	840.039	-172.200
359	104.901	0	front_left_wheel_hub_yaw_p30	0.000	0	-134.456	563.377	95	91	79.980	840.039	-172.200
360	105.174	0	front_left_wheel_hub_yaw_p30	0.000	0	-196.845	592.252	94	92	39.990	850.000	-177.000
361	105.589	0	front_left_wheel_hub_yaw_p30	0.000	0	-196.845	592.252	94	92	39.990	850.000	-177.000
362	105.903	0	front_left_wheel_hub_yaw_p30	0.000	0	-196.845	592.252	94	92	39.990	850.000	-177.000
363	106.197	0	front_left_wheel_hub_yaw_p30	0.000	0	-196.845	592.252	94	92	39.990	850.000	-177.000
364	106.504	0	front_left_wheel_hub_yaw_p30	0.000	0	-257.158	622.583	92	92	0.000	860.058	178.300
365	106.793	0	front_left_wheel_hub_yaw_p30	0.000	0	-257.158	622.583	92	92	0.000	860.058	178.300
366	107.069	0	front_left_wheel_hub_yaw_p30	0.000	0	-301.205	648.686	91	93	-30.029	870.020	174.800
367	107.357	0	front_left_wheel_hub_yaw_p30	0.000	0	-301.205	648.686	91	93	-30.029	870.020	174.800
368	107.631	0	front_left_wheel_hub_yaw_p30	0.000	0	-301.205	648.686	91	93	-30.029	870.020	174.800
369	107.913	0	front_left_wheel_hub_yaw_p30	0.000	0	-301.205	648.686	91	93	-30.029	870.020	174.800
370	108.188	0	front_left_wheel_hub_yaw_p30	0.000	0	-336.104	642.591	91	93	-70.020	870.020	176.100
371	108.460	0	front_left_wheel_hub_yaw_p30	0.000	0	-336.104	642.591	91	93	-70.020	870.020	176.100
372	108.738	0	front_left_wheel_hub_yaw_p30	0.000	0	-336.104	642.591	91	93	-70.020	870.020	176.100
373	109.011	0	front_left_wheel_hub_yaw_p30	0.000	0	-336.104	642.591	91	93	-70.020	870.020	176.100
374	109.289	0	front_left_wheel_hub_yaw_p30	0.000	0	-351.279	626.332	90	92	-100.000	870.020	179.700
375	109.558	0	front_left_wheel_hub_yaw_p30	0.000	0	-351.279	626.332	90	92	-100.000	870.020	179.700
376	109.836	0	front_left_wheel_hub_yaw_p30	0.000	0	-351.279	626.332	90	92	-100.000	870.020	179.700
377	110.124	0	front_left_wheel_hub_yaw_p30	0.000	0	-367.763	603.139	90	92	-130.029	860.058	-177.200
378	110.398	0	front_left_wheel_hub_yaw_p30	0.000	0	-367.763	603.139	90	92	-130.029	860.058	-177.200
379	110.673	0	front_left_wheel_hub_yaw_p30	0.000	0	-367.763	603.139	90	92	-130.029	860.058	-177.200
380	110.946	0	front_left_wheel_hub_yaw_p30	0.000	0	-367.763	603.139	90	92	-130.029	860.058	-177.200
381	111.218	0	front_left_wheel_hub_yaw_p30	0.000	0	-374.431	581.381	90	92	-150.000	850.000	-174.300
382	111.608	0	front_left_wheel_hub_yaw_p30	0.000	0	-374.431	581.381	90	92	-150.000	850.000	-174.300
383	111.958	0	front_left_wheel_hub_yaw_p30	0.000	0	-374.431	581.381	90	92	-150.000	850.000	-174.300
384	112.324	0	front_left_wheel_hub_yaw_p30	0.000	0	-385.421	564.127	90	91	-170.020	840.039	-172.400
385	112.756	0	front_left_wheel_hub_yaw_p30	0.000	0	-385.421	564.127	90	91	-170.020	840.039	-172.400
386	113.032	0	front_left_wheel_hub_yaw_p30	0.000	0	-385.421	564.127	90	91	-170.020	840.039	-172.400
387	113.317	0	front_left_wheel_hub_yaw_p30	0.000	0	-386.658	557.497	90	91	-180.029	840.039	-170.600
388	113.591	0	front_left_wheel_hub_yaw_p30	0.000	0	-386.658	557.497	90	91	-180.029	840.039	-170.600
389	113.870	0	front_left_wheel_hub_yaw_p30	0.000	0	-386.658	557.497	90	91	-180.029	840.039	-170.600
390	114.143	0	front_left_wheel_hub_yaw_p30	0.000	0	-389.152	542.127	90	91	-189.990	829.980	-169.100
391	114.412	0	front_left_wheel_hub_yaw_p30	0.000	0	-389.152	542.127	90	91	-189.990	829.980	-169.100
392	114.700	0	front_left_wheel_hub_yaw_p30	0.000	0	-389.152	542.127	90	91	-189.990	829.980	-169.100
393	114.973	0	front_left_wheel_hub_yaw_p30	0.000	0	-389.152	542.127	90	91	-189.990	829.980	-169.100
394	115.248	0	front_left_wheel_hub_yaw_p30	0.000	0	-394.107	538.695	90	91	-200.000	829.980	-168.100
395	115.520	0	front_left_wheel_hub_yaw_p30	0.000	0	-394.107	538.695	90	91	-200.000	829.980	-168.100
396	115.796	0	front_left_wheel_hub_yaw_p30	0.000	0	-394.107	538.695	90	91	-200.000	829.980	-168.100
397	116.069	0	front_left_wheel_hub_yaw_p30	0.000	0	-394.107	538.695	90	91	-200.000	829.980	-168.100
398	116.353	0	front_left_wheel_hub_yaw_p30	0.000	0	-394.107	538.695	90	91	-200.000	829.980	-168.100
399	116.645	0	front_left_wheel_hub_yaw_p30	0.000	0	-394.107	538.695	90	91	-200.000	829.980	-168.100
400	116.921	0	front_left_wheel_hub_yaw_p30	0.000	0	-394.107	538.695	90	91	-200.000	829.980	-168.100
401	117.239	0	front_left_wheel_hub_yaw_p30	0.000	0	-386.126	540.057	90	91	-189.990	829.980	-168.500
402	117.600	0	front_left_wheel_hub_yaw_p30	0.000	0	-386.126	540.057	90	91	-189.990	829.980	-168.500
403	117.905	0	front_left_wheel_hub_yaw_p30	0.000	0	-386.126	540.057	90	91	-189.990	829.980	-168.500
404	118.185	0	front_left_wheel_hub_yaw_p30	0.000	0	-389.654	542.475	90	91	-189.990	829.980	-169.200
405	118.456	0	front_left_wheel_hub_yaw_p30	0.000	0	-389.654	542.475	90	91	-189.990	829.980	-169.200
406	118.729	0	front_left_wheel_hub_yaw_p30	0.000	0	-389.654	542.475	90	91	-189.990	829.980	-169.200
407	119.003	0	front_left_wheel_hub_yaw_p30	0.000	0	-389.654	542.475	90	91	-189.990	829.980	-169.200
408	119.286	0	front_left_wheel_hub_yaw_p30	0.000	0	-384.680	546.003	90	91	-180.029	829.980	-170.200
409	119.562	0	front_left_wheel_hub_yaw_p30	0.000	0	-384.680	546.003	90	91	-180.029	829.980	-170.200
410	119.834	0	front_left_wheel_hub_yaw_p30	0.000	0	-384.680	546.003	90	91	-180.029	829.980	-170.200
411	120.132	0	front_left_wheel_hub_yaw_p30	0.000	0	-381.060	560.778	90	91	-170.020	840.039	-171.500
412	120.408	0	front_left_wheel_hub_yaw_p30	0.000	0	-381.060	560.778	90	91	-170.020	840.039	-171.500
413	120.682	0	front_left_wheel_hub_yaw_p30	0.000	0	-381.060	560.778	90	91	-170.020	840.039	-171.500
414	120.957	0	front_left_wheel_hub_yaw_p30	0.000	0	-381.060	560.778	90	91	-170.020	840.039	-171.500
415	121.230	0	front_left_wheel_hub_yaw_p30	0.000	0	-378.766	566.779	90	91	-160.010	840.039	-173.100
416	121.506	0	front_left_wheel_hub_yaw_p30	0.000	0	-378.766	566.779	90	91	-160.010	840.039	-173.100
417	121.779	0	front_left_wheel_hub_yaw_p30	0.000	0	-378.766	566.779	90	91	-160.010	840.039	-173.100
418	122.051	0	front_left_wheel_hub_yaw_p30	0.000	0	-378.766	566.779	90	91	-160.010	840.039	-173.100
419	122.354	0	front_left_wheel_hub_yaw_p30	0.000	0	-377.696	584.143	90	92	-150.000	850.000	-175.000
420	122.645	0	front_left_wheel_hub_yaw_p30	0.000	0	-377.696	584.143	90	92	-150.000	850.000	-175.000
421	123.047	0	front_left_wheel_hub_yaw_p30	0.000	0	-366.414	601.897	90	92	-130.029	860.058	-176.900
422	123.413	0	front_left_wheel_hub_yaw_p30	0.000	0	-366.414	601.897	90	92	-130.029	860.058	-176.900
423	123.717	0	front_left_wheel_hub_yaw_p30	0.000	0	-366.414	601.897	90	92	-130.029	860.058	-176.900
424	124.004	0	front_left_wheel_hub_yaw_p30	0.000	0	-366.414	601.897	90	92	-130.029	860.058	-176.900
425	124.286	0	front_left_wheel_hub_yaw_p30	0.000	0	-367.872	612.886	90	92	-120.020	860.058	-179.500
426	124.560	0	front_left_wheel_hub_yaw_p30	0.000	0	-367.872	612.886	90	92	-120.020	860.058	-179.500
427	124.933	0	front_left_wheel_hub_yaw_p30	0.000	0	-367.872	612.886	90	92	-120.020	860.058	-179.500
428	125.239	0	front_left_wheel_hub_yaw_p30	0.000	0	-348.800	634.345	91	93	-89.990	870.020	177.900
429	125.530	0	front_left_wheel_hub_yaw_p30	0.000	0	-348.800	634.345	91	93	-89.990	870.020	177.900
430	125.806	0	front_left_wheel_hub_yaw_p30	0.000	0	-348.800	634.345	91	93	-89.990	870.020	177.900
431	126.196	0	front_left_wheel_hub_yaw_p30	0.000	0	-341.582	659.121	91	93	-70.020	879.980	174.700
432	126.519	0	front_left_wheel_hub_yaw_p30	0.000	0	-341.582	659.121	91	93	-70.020	879.980	174.700
433	126.792	0	front_left_wheel_hub_yaw_p30	0.000	0	-341.582	659.121	91	93	-70.020	879.980	174.700
434	127.078	0	front_left_wheel_hub_yaw_p30	0.000	0	-332.388	673.143	91	93	-50.000	879.980	171.800
435	127.351	0	front_left_wheel_hub_yaw_p30	0.000	0	-332.388	673.143	91	93	-50.000	879.980	171.800
436	127.622	0	front_left_wheel_hub_yaw_p30	0.000	0	-332.388	673.143	91	93	-50.000	879.980	171.800
437	127.892	0	front_left_wheel_hub_yaw_p30	0.000	0	-332.388	673.143	91	93	-50.000	879.980	171.800
438	128.174	0	front_left_wheel_hub_yaw_p30	0.000	0	-315.822	702.887	91	94	-20.020	890.039	167.900
439	128.464	0	front_left_wheel_hub_yaw_p30	0.000	0	-315.822	702.887	91	94	-20.020	890.039	167.900
440	128.752	0	front_left_wheel_hub_yaw_p30	0.000	0	-315.822	702.887	91	94	-20.020	890.039	167.900
441	129.028	0	front_left_wheel_hub_yaw_p30	0.000	0	-315.822	702.887	91	94	-20.020	890.039	167.900
442	129.379	0	front_left_wheel_hub_yaw_p30	0.000	0	-287.876	723.439	92	94	19.971	890.039	164.000
443	129.670	0	front_left_wheel_hub_yaw_p30	0.000	0	-287.876	723.439	92	94	19.971	890.039	164.000
444	129.946	0	front_left_wheel_hub_yaw_p30	0.000	0	-287.876	723.439	92	94	19.971	890.039	164.000
445	130.224	0	front_left_wheel_hub_yaw_p30	0.000	0	-276.676	740.884	92	95	39.990	890.039	160.800
446	130.516	0	front_left_wheel_hub_yaw_p30	0.000	0	-276.676	740.884	92	95	39.990	890.039	160.800
447	130.802	0	front_left_wheel_hub_yaw_p30	0.000	0	-276.676	740.884	92	95	39.990	890.039	160.800
448	131.080	0	front_left_wheel_hub_yaw_p30	0.000	0	-245.910	729.169	93	94	69.971	879.980	161.100
449	131.359	0	front_left_wheel_hub_yaw_p30	0.000	0	-245.910	729.169	93	94	69.971	879.980	161.100
450	131.640	0	front_left_wheel_hub_yaw_p30	0.000	0	-245.910	729.169	93	94	69.971	879.980	161.100
451	131.938	0	front_left_wheel_hub_yaw_p30	0.000	0	-245.910	729.169	93	94	69.971	879.980	161.100
452	132.220	0	front_left_wheel_hub_yaw_p30	0.000	0	-218.147	703.957	93	94	89.990	870.020	163.900
453	132.492	0	front_left_wheel_hub_yaw_p30	0.000	0	-218.147	703.957	93	94	89.990	870.020	163.900
454	132.805	0	front_left_wheel_hub_yaw_p30	0.000	0	-218.147	703.957	93	94	89.990	870.020	163.900
455	133.091	0	front_left_wheel_hub_yaw_p30	0.000	0	-190.277	670.131	94	93	110.010	850.000	166.500
456	133.378	0	front_left_wheel_hub_yaw_p30	0.000	0	-190.277	670.131	94	93	110.010	850.000	166.500
457	133.653	0	front_left_wheel_hub_yaw_p30	0.000	0	-190.277	670.131	94	93	110.010	850.000	166.500
458	133.927	0	front_left_wheel_hub_yaw_p30	0.000	0	-190.277	670.131	94	93	110.010	850.000	166.500
459	134.204	0	front_left_wheel_hub_yaw_p30	0.000	0	-163.180	648.775	94	93	129.980	840.039	168.700
460	134.494	0	front_left_wheel_hub_yaw_p30	0.000	0	-163.180	648.775	94	93	129.980	840.039	168.700
461	134.775	0	front_left_wheel_hub_yaw_p30	0.000	0	-163.180	648.775	94	93	129.980	840.039	168.700
462	135.055	0	front_left_wheel_hub_yaw_p30	0.000	0	-163.180	648.775	94	93	129.980	840.039	168.700
463	135.345	0	front_left_wheel_hub_yaw_p30	0.000	0	-147.018	639.661	95	93	139.990	840.039	170.500
464	135.620	0	front_left_wheel_hub_yaw_p30	0.000	0	-147.018	639.661	95	93	139.990	840.039	170.500
465	136.000	0	front_left_wheel_hub_yaw_p30	0.000	0	-147.018	639.661	95	93	139.990	840.039	170.500
466	136.306	0	front_left_wheel_hub_yaw_p30	0.000	0	-121.291	621.667	95	92	160.010	829.980	172.100
467	136.595	0	front_left_wheel_hub_yaw_p30	0.000	0	-121.291	621.667	95	92	160.010	829.980	172.100
468	136.984	0	front_left_wheel_hub_yaw_p30	0.000	0	-121.291	621.667	95	92	160.010	829.980	172.100
469	137.270	0	front_left_wheel_hub_yaw_p30	0.000	0	-116.867	615.821	95	92	160.010	829.980	173.300
470	137.541	0	front_left_wheel_hub_yaw_p30	0.000	0	-116.867	615.821	95	92	160.010	829.980	173.300
471	137.814	0	front_left_wheel_hub_yaw_p30	0.000	0	-116.867	615.821	95	92	160.010	829.980	173.300
472	138.181	0	front_left_wheel_hub_yaw_p30	0.000	0	-116.867	615.821	95	92	160.010	829.980	173.300
473	138.484	0	front_left_wheel_hub_yaw_p30	0.000	0	-104.269	602.494	95	92	169.971	820.020	174.000
474	138.768	0	front_left_wheel_hub_yaw_p30	0.000	0	-104.269	602.494	95	92	169.971	820.020	174.000
475	139.044	0	front_left_wheel_hub_yaw_p30	0.000	0	-104.269	602.494	95	92	169.971	820.020	174.000
476	139.322	0	front_left_wheel_hub_yaw_p30	0.000	0	-103.127	601.061	95	92	169.971	820.020	174.300
477	139.596	0	front_left_wheel_hub_yaw_p30	0.000	0	-103.127	601.061	95	92	169.971	820.020	174.300
478	139.876	0	front_left_wheel_hub_yaw_p30	0.000	0	-103.127	601.061	95	92	169.971	820.020	174.300
479	140.153	0	front_left_wheel_hub_yaw_p30	0.000	0	-103.127	601.061	95	92	169.971	820.020	174.300
480	140.432	0	front_left_wheel_hub_yaw_p30	0.000	0	-103.127	601.061	95	92	169.971	820.020	174.300
481	140.710	0	front_left_wheel_hub_yaw_p30	0.000	0	-103.127	601.061	95	92	169.971	820.020	174.300
482	141.053	0	front_left_wheel_hub_yaw_p30	0.000	0	-104.649	602.973	95	92	169.971	820.020	173.900
483	141.439	0	front_left_wheel_hub_yaw_p30	0.000	0	-104.649	602.973	95	92	169.971	820.020	173.900
484	141.732	0	front_left_wheel_hub_yaw_p30	0.000	0	-104.649	602.973	95	92	169.971	820.020	173.900
485	142.008	0	front_left_wheel_hub_yaw_p30	0.000	0	-104.649	602.973	95	92	169.971	820.020	173.900
486	142.300	0	front_left_wheel_hub_yaw_p30	0.000	0	-117.613	616.789	95	92	160.010	829.980	173.100
487	142.587	0	front_left_wheel_hub_yaw_p30	0.000	0	-117.613	616.789	95	92	160.010	829.980	173.100
488	142.865	0	front_left_wheel_hub_yaw_p30	0.000	0	-117.613	616.789	95	92	160.010	829.980	173.100
489	143.148	0	front_left_wheel_hub_yaw_p30	0.000	0	-121.291	621.667	95	92	160.010	829.980	172.100
490	143.434	0	front_left_wheel_hub_yaw_p30	0.000	0	-121.291	621.667	95	92	160.010	829.980	172.100
491	143.710	0	front_left_wheel_hub_yaw_p30	0.000	0	-121.291	621.667	95	92	160.010	829.980	172.100
492	143.987	0	front_left_wheel_hub_yaw_p30	0.000	0	-121.291	621.667	95	92	160.010	829.980	172.100
493	144.271	0	front_left_wheel_hub_yaw_p30	0.000	0	-136.307	638.660	95	93	150.000	840.039	170.700
494	144.546	0	front_left_wheel_hub_yaw_p30	0.000	0	-136.307	638.660	95	93	150.000	840.039	170.700
495	144.823	0	front_left_wheel_hub_yaw_p30	0.000	0	-136.307	638.660	95	93	150.000	840.039	170.700
496	145.114	0	front_left_wheel_hub_yaw_p30	0.000	0	-151.490	646.224	94	93	139.990	840.039	169.200
497	145.387	0	front_left_wheel_hub_yaw_p30	0.000	0	-151.490	646.224	94	93	139.990	840.039	169.200
498	145.660	0	front_left_wheel_hub_yaw_p30	0.000	0	-151.490	646.224	94	93	139.990	840.039	169.200
499	145.966	0	front_left_wheel_hub_yaw_p30	0.000	0	-151.490	646.224	94	93	139.990	840.039	169.200
500	146.244	0	front_left_wheel_hub_yaw_p30	0.000	0	-151.490	646.224	94	93	139.990	840.039	169.200
501	146.554	0	front_left_wheel_hub_yaw_p30	0.000	0	-178.416	666.996	94	93	119.971	850.000	167.100
502	146.833	0	front_left_wheel_hub_yaw_p30	0.000	0	-178.416	666.996	94	93	119.971	850.000	167.100
503	147.111	0	front_left_wheel_hub_yaw_p30	0.000	0	-194.582	687.580	94	94	110.010	860.058	165.100
504	147.393	0	front_left_wheel_hub_yaw_p30	0.000	0	-194.582	687.580	94	94	110.010	860.058	165.100
505	147.734	0	front_left_wheel_hub_yaw_p30	0.000	0	-194.582	687.580	94	94	110.010	860.058	165.100
506	148.124	0	front_left_wheel_hub_yaw_p30	0.000	0	-221.835	710.991	93	94	89.990	870.020	162.600
507	148.395	0	front_left_wheel_hub_yaw_p30	0.000	0	-221.835	710.991	93	94	89.990	870.020	162.600
508	148.673	0	front_left_wheel_hub_yaw_p30	0.000	0	-221.835	710.991	93	94	89.990	870.020	162.600
509	148.950	0	front_left_wheel_hub_yaw_p30	0.000	0	-221.835	710.991	93	94	89.990	870.020	162.600
510	149.245	0	front_left_wheel_hub_yaw_p30	0.000	0	-248.747	735.261	93	95	69.971	879.980	160.000
511	149.521	0	front_left_wheel_hub_yaw_p30	0.000	0	-248.747	735.261	93	95	69.971	879.980	160.000
512	149.814	0	front_left_wheel_hub_yaw_p30	0.000	0	-248.747	735.261	93	95	69.971	879.980	160.000
513	150.088	0	front_left_wheel_hub_yaw_p30	0.000	0	-275.855	772.159	92	95	50.000	900.000	157.000
514	150.370	0	front_left_wheel_hub_yaw_p30	0.000	0	-275.855	772.159	92	95	50.000	900.000	157.000
515	150.657	0	front_left_wheel_hub_yaw_p30	0.000	0	-275.855	772.159	92	95	50.000	900.000	157.000
516	151.029	0	front_left_wheel_hub_yaw_p30	0.000	0	-275.855	772.159	92	95	50.000	900.000	157.000
517	151.347	0	front_left_wheel_hub_yaw_p30	0.000	0	-301.339	807.092	91	96	29.980	920.020	154.400
518	151.621	0	front_left_wheel_hub_yaw_p30	0.000	0	-301.339	807.092	91	96	29.980	920.020	154.400
519	151.972	0	front_left_wheel_hub_yaw_p30	0.000	0	-301.339	807.092	91	96	29.980	920.020	154.400
520	152.252	0	front_left_wheel_hub_yaw_p30	0.000	0	-336.775	844.606	91	97	0.000	940.039	151.400
521	152.531	0	front_left_wheel_hub_yaw_p30	0.000	0	-336.775	844.606	91	97	0.000	940.039	151.400
522	152.813	0	front_left_wheel_hub_yaw_p30	0.000	0	-336.775	844.606	91	97	0.000	940.039	151.400
523	153.085	0	front_left_wheel_hub_yaw_p30	0.000	0	-360.916	880.596	90	98	-20.020	960.058	148.700
524	153.360	0	front_left_wheel_hub_yaw_p30	0.000	0	-360.916	880.596	90	98	-20.020	960.058	148.700
525	153.636	0	front_left_wheel_hub_yaw_p30	0.000	0	-360.916	880.596	90	98	-20.020	960.058	148.700
526	153.913	0	front_left_wheel_hub_yaw_p30	0.000	0	-360.916	880.596	90	98	-20.020	960.058	148.700
527	154.188	0	front_left_wheel_hub_yaw_p30	0.000	0	-360.916	880.596	90	98	-20.020	960.058	148.700
528	154.473	0	front_left_wheel_hub_yaw_p30	0.000	0	-405.619	934.550	89	99	-60.010	990.039	144.700
529	154.748	0	front_left_wheel_hub_yaw_p30	0.000	0	-405.619	934.550	89	99	-60.010	990.039	144.700
530	155.026	0	front_left_wheel_hub_yaw_p30	0.000	0	-405.619	934.550	89	99	-60.010	990.039	144.700
531	155.352	0	front_left_wheel_hub_yaw_p30	0.000	0	-438.517	997.518	89	100	-89.990	1029.980	140.900
532	155.638	0	front_left_wheel_hub_yaw_p30	0.000	0	-438.517	997.518	89	100	-89.990	1029.980	140.900
533	155.918	0	front_left_wheel_hub_yaw_p30	0.000	0	-438.517	997.518	89	100	-89.990	1029.980	140.900
534	156.197	0	front_left_wheel_hub_yaw_p30	0.000	0	-468.124	1013.282	88	100	-120.020	1050.000	141.600
535	156.474	0	front_left_wheel_hub_yaw_p30	0.000	0	-468.124	1013.282	88	100	-120.020	1050.000	141.600
536	156.751	0	front_left_wheel_hub_yaw_p30	0.000	0	-468.124	1013.282	88	100	-120.020	1050.000	141.600
537	157.027	0	front_left_wheel_hub_yaw_p30	0.000	0	-468.124	1013.282	88	100	-120.020	1050.000	141.600
538	157.320	0	front_left_wheel_hub_yaw_p30	0.000	0	-498.745	1049.952	88	101	-150.000	1079.980	140.500
539	157.608	0	front_left_wheel_hub_yaw_p30	0.000	0	-498.745	1049.952	88	101	-150.000	1079.980	140.500
540	157.986	0	front_left_wheel_hub_yaw_p30	0.000	0	-498.745	1049.952	88	101	-150.000	1079.980	140.500
541	158.319	0	front_left_wheel_hub_yaw_p30	0.000	0	-519.976	1102.598	87	102	-170.020	1110.058	136.800
542	158.669	0	front_left_wheel_hub_yaw_p30	0.000	0	-519.976	1102.598	87	102	-170.020	1110.058	136.800
543	159.006	0	front_left_wheel_hub_yaw_p30	0.000	0	-519.976	1102.598	87	102	-170.020	1110.058	136.800
544	159.282	0	front_left_wheel_hub_yaw_p30	0.000	0	-549.885	1160.254	87	103	-200.000	1150.000	133.900
545	159.558	0	front_left_wheel_hub_yaw_p30	0.000	0	-549.885	1160.254	87	103	-200.000	1150.000	133.900
546	159.831	0	front_left_wheel_hub_yaw_p30	0.000	0	-549.885	1160.254	87	103	-200.000	1150.000	133.900
547	160.104	0	front_left_wheel_hub_yaw_p30	0.000	0	-549.885	1160.254	87	103	-200.000	1150.000	133.900
548	160.379	0	front_left_wheel_hub_yaw_p30	0.000	0	-589.521	1208.839	86	104	-239.990	1190.039	132.500
549	160.655	0	front_left_wheel_hub_yaw_p30	0.000	1	-589.521	1208.839	86	104	-239.990	1190.039	132.500
550	160.930	0	front_left_wheel_hub_yaw_p30	0.000	1	-589.521	1208.839	86	104	-239.990	1190.039	132.500
551	161.238	0	front_left_wheel_hub_yaw_p30	0.000	0	-629.420	1261.278	85	105	-280.029	1240.039	132.100
552	161.527	0	front_left_wheel_hub_yaw_p30	0.000	0	-629.420	1261.278	85	105	-280.029	1240.039	132.100
553	161.800	0	front_left_wheel_hub_yaw_p30	0.000	0	-629.420	1261.278	85	105	-280.029	1240.039	132.100
554	162.131	0	front_left_wheel_hub_yaw_p30	0.000	0	-669.410	1311.278	84	106	-320.020	1290.039	132.100
555	162.405	0	front_left_wheel_hub_yaw_p30	0.000	1	-669.410	1311.278	84	106	-320.020	1290.039	132.100
556	162.684	0	front_left_wheel_hub_yaw_p30	0.000	1	-669.410	1311.278	84	106	-320.020	1290.039	132.100
557	162.974	0	front_left_wheel_hub_yaw_p30	0.000	1	-669.410	1311.278	84	106	-320.020	1290.039	132.100
558	163.328	0	front_left_wheel_hub_yaw_p30	0.000	0	-719.410	1361.278	83	107	-370.020	1340.039	132.100
559	163.602	0	front_left_wheel_hub_yaw_p30	0.000	0	-719.410	1361.278	83	107	-370.020	1340.039	132.100
560	163.878	0	front_left_wheel_hub_yaw_p30	0.000	0	-719.410	1361.278	83	107	-370.020	1340.039	132.100
561	164.167	0	front_left_wheel_hub_yaw_p30	0.000	0	-779.457	1420.630	82	108	-430.029	1400.000	132.200
562	164.445	0	front_left_wheel_hub_yaw_p30	0.000	0	-779.457	1420.630	82	108	-430.029	1400.000	132.200
563	164.720	0	front_left_wheel_hub_yaw_p30	0.000	0	-779.457	1420.630	82	108	-430.029	1400.000	132.200
564	164.997	0	front_left_wheel_hub_yaw_p30	0.000	0	-779.457	1420.630	82	108	-430.029	1400.000	132.200
565	165.278	0	front_left_wheel_hub_yaw_p30	0.000	0	-840.023	1458.707	81	109	-489.990	1460.058	135.800
566	165.557	0	front_left_wheel_hub_yaw_p30	0.000	0	-840.023	1458.707	81	109	-489.990	1460.058	135.800
567	165.833	0	front_left_wheel_hub_yaw_p30	0.000	0	-840.023	1458.707	81	109	-489.990	1460.058	135.800
568	166.122	0	front_left_wheel_hub_yaw_p30	0.000	0	-906.090	1447.529	79	109	-560.010	1500.000	144.200
569	166.453	0	front_left_wheel_hub_yaw_p30	0.000	0	-906.090	1447.529	79	109	-560.010	1500.000	144.200
570	166.775	0	front_left_wheel_hub_yaw_p30	0.000	0	-906.090	1447.529	79	109	-560.010	1500.000	144.200
575	168.302	0	front_left_wheel_hub_yaw_p30	0.000	0	-1032.673	1372.587	77	107	-720.020	1529.980	162.300
576	168.571	0	front_left_wheel_hub_yaw_p30	0.000	1	-1032.673	1372.587	77	107	-720.020	1529.980	162.300
577	168.847	0	front_left_wheel_hub_yaw_p30	0.000	1	-1032.673	1372.587	77	107	-720.020	1529.980	162.300
578	169.139	0	front_left_wheel_hub_yaw_p30	0.000	1	-1032.673	1372.587	77	107	-720.020	1529.980	162.300
579	169.421	0	front_left_wheel_hub_yaw_p30	0.000	1	-1084.539	1326.111	76	106	-800.000	1529.980	171.200
580	169.700	0	front_left_wheel_hub_yaw_p30	0.000	1	-1084.539	1326.111	76	106	-800.000	1529.980	171.200
581	169.970	0	front_left_wheel_hub_yaw_p30	0.000	1	-1084.539	1326.111	76	106	-800.000	1529.980	171.200
582	170.244	0	front_left_wheel_hub_yaw_p30	0.000	1	-1147.148	1292.505	75	106	-889.990	1529.980	178.300
583	170.516	0	front_left_wheel_hub_yaw_p30	0.000	1	-1147.148	1292.505	75	106	-889.990	1529.980	178.300
584	170.786	0	front_left_wheel_hub_yaw_p30	0.000	1	-1147.148	1292.505	75	106	-889.990	1529.980	178.300
585	171.056	0	front_left_wheel_hub_yaw_p30	0.000	1	-1147.148	1292.505	75	106	-889.990	1529.980	178.300
586	171.335	0	front_left_wheel_hub_yaw_p30	0.000	1	-1190.936	1247.004	74	105	-960.010	1510.058	-175.700
587	171.603	0	front_left_wheel_hub_yaw_p30	0.000	1	-1190.936	1247.004	74	105	-960.010	1510.058	-175.700
588	171.879	0	front_left_wheel_hub_yaw_p30	0.000	1	-1190.936	1247.004	74	105	-960.010	1510.058	-175.700
589	172.149	0	front_left_wheel_hub_yaw_p30	0.000	1	-1190.936	1247.004	74	105	-960.010	1510.058	-175.700
590	172.436	0	front_left_wheel_hub_yaw_p30	0.000	1	-1229.498	1185.682	73	104	-1039.990	1479.980	-167.200
591	172.729	0	front_left_wheel_hub_yaw_p30	0.000	1	-1229.498	1185.682	73	104	-1039.990	1479.980	-167.200
592	173.000	0	front_left_wheel_hub_yaw_p30	0.000	1	-1229.498	1185.682	73	104	-1039.990	1479.980	-167.200
593	173.276	0	front_left_wheel_hub_yaw_p30	0.000	1	-1244.483	1121.214	73	102	-1100.000	1440.039	-158.800
594	173.564	0	front_left_wheel_hub_yaw_p30	0.000	1	-1244.483	1121.214	73	102	-1100.000	1440.039	-158.800
595	173.842	0	front_left_wheel_hub_yaw_p30	0.000	1	-1244.483	1121.214	73	102	-1100.000	1440.039	-158.800
596	174.114	0	front_left_wheel_hub_yaw_p30	0.000	1	-1244.483	1121.214	73	102	-1100.000	1440.039	-158.800
597	174.397	0	front_left_wheel_hub_yaw_p30	0.000	1	-1263.437	1052.699	72	101	-1170.020	1390.039	-149.900
598	174.680	0	front_left_wheel_hub_yaw_p30	0.000	1	-1263.437	1052.699	72	101	-1170.020	1390.039	-149.900
599	174.970	0	front_left_wheel_hub_yaw_p30	0.000	1	-1263.437	1052.699	72	101	-1170.020	1390.039	-149.900
600	175.247	0	front_left_wheel_hub_yaw_p30	0.000	1	-1264.974	992.902	72	100	-1220.020	1340.039	-141.800
601	175.534	0	front_left_wheel_hub_yaw_p30	0.000	1	-1264.974	992.902	72	100	-1220.020	1340.039	-141.800
602	175.824	0	front_left_wheel_hub_yaw_p30	0.000	1	-1264.974	992.902	72	100	-1220.020	1340.039	-141.800
603	176.108	0	front_left_wheel_hub_yaw_p30	0.000	1	-1253.771	930.000	72	99	-1260.010	1279.980	-133.400
604	176.396	0	front_left_wheel_hub_yaw_p30	0.000	1	-1253.771	930.000	72	99	-1260.010	1279.980	-133.400
605	176.673	0	front_left_wheel_hub_yaw_p30	0.000	1	-1253.771	930.000	72	99	-1260.010	1279.980	-133.400
606	176.948	0	front_left_wheel_hub_yaw_p30	0.000	1	-1253.771	930.000	72	99	-1260.010	1279.980	-133.400
607	177.221	0	front_left_wheel_hub_yaw_p30	0.000	1	-1232.483	856.537	73	97	-1300.000	1200.000	-123.300
608	177.498	0	front_left_wheel_hub_yaw_p30	0.000	1	-1232.483	856.537	73	97	-1300.000	1200.000	-123.300
609	177.815	0	front_left_wheel_hub_yaw_p30	0.000	1	-1232.483	856.537	73	97	-1300.000	1200.000	-123.300
610	178.088	0	front_left_wheel_hub_yaw_p30	0.000	1	-1232.483	856.537	73	97	-1300.000	1200.000	-123.300
611	178.386	0	front_left_wheel_hub_yaw_p30	0.000	1	-1193.887	783.538	74	96	-1320.020	1110.058	-113.300
612	178.660	0	front_left_wheel_hub_yaw_p30	0.000	1	-1193.887	783.538	74	96	-1320.020	1110.058	-113.300
613	178.958	0	front_left_wheel_hub_yaw_p30	0.000	1	-1193.887	783.538	74	96	-1320.020	1110.058	-113.300
614	179.252	0	front_left_wheel_hub_yaw_p30	0.000	1	-1149.636	720.047	75	94	-1330.029	1020.020	-103.400
615	179.535	0	front_left_wheel_hub_yaw_p30	0.000	1	-1149.636	720.047	75	94	-1330.029	1020.020	-103.400
616	179.811	0	front_left_wheel_hub_yaw_p30	0.000	1	-1149.636	720.047	75	94	-1330.029	1020.020	-103.400
617	180.087	0	front_left_wheel_hub_yaw_p30	0.000	1	-1096.798	670.415	76	93	-1320.020	940.039	-94.800
618	180.366	0	front_left_wheel_hub_yaw_p30	0.000	1	-1096.798	670.415	76	93	-1320.020	940.039	-94.800
619	180.651	0	front_left_wheel_hub_yaw_p30	0.000	1	-1096.798	670.415	76	93	-1320.020	940.039	-94.800
620	181.018	0	front_left_wheel_hub_yaw_p30	0.000	1	-1096.798	670.415	76	93	-1320.020	940.039	-94.800
621	181.321	0	front_left_wheel_hub_yaw_p30	0.000	1	-1055.593	599.628	76	92	-1310.010	840.039	-87.800
622	181.613	0	front_left_wheel_hub_yaw_p30	0.000	1	-1055.593	599.628	76	92	-1310.010	840.039	-87.800
623	181.899	0	front_left_wheel_hub_yaw_p30	0.000	1	-1055.593	599.628	76	92	-1310.010	840.039	-87.800
624	182.176	0	front_left_wheel_hub_yaw_p30	0.000	1	-1035.339	530.974	77	91	-1300.000	760.058	-85.300
625	182.502	0	front_left_wheel_hub_yaw_p30	0.000	1	-1035.339	530.974	77	91	-1300.000	760.058	-85.300
626	182.791	0	front_left_wheel_hub_yaw_p30	0.000	1	-1035.339	530.974	77	91	-1300.000	760.058	-85.300
627	183.067	0	front_left_wheel_hub_yaw_p30	0.000	1	-1035.339	530.974	77	91	-1300.000	760.058	-85.300
628	183.342	0	front_left_wheel_hub_yaw_p30	0.000	1	-1022.157	434.692	77	89	-1289.990	660.058	-84.500
629	183.614	0	front_left_wheel_hub_yaw_p30	0.000	1	-1022.157	434.692	77	89	-1289.990	660.058	-84.500
630	183.890	0	front_left_wheel_hub_yaw_p30	0.000	1	-1022.157	434.692	77	89	-1289.990	660.058	-84.500
631	184.274	0	front_left_wheel_hub_yaw_p30	0.000	1	-1016.974	329.132	77	86	-1280.029	560.058	-85.700
632	184.585	0	front_left_wheel_hub_yaw_p30	0.000	1	-1016.974	329.132	77	86	-1280.029	560.058	-85.700
633	184.892	0	front_left_wheel_hub_yaw_p30	0.000	1	-1016.974	329.132	77	86	-1280.029	560.058	-85.700
634	185.169	0	front_left_wheel_hub_yaw_p30	0.000	1	-1048.505	206.662	77	84	-1289.990	460.058	-90.800
635	185.507	0	front_left_wheel_hub_yaw_p30	0.000	1	-1048.505	206.662	77	84	-1289.990	460.058	-90.800
636	185.782	0	front_left_wheel_hub_yaw_p30	0.000	1	-1048.505	206.662	77	84	-1289.990	460.058	-90.800
637	186.054	0	front_left_wheel_hub_yaw_p30	0.000	1	-1063.026	113.499	76	82	-1289.990	379.980	-94.000
638	186.415	0	front_left_wheel_hub_yaw_p30	0.000	1	-1063.026	113.499	76	82	-1289.990	379.980	-94.000
639	186.701	0	front_left_wheel_hub_yaw_p30	0.000	1	-1063.026	113.499	76	82	-1289.990	379.980	-94.000
640	186.997	0	front_left_wheel_hub_yaw_p30	0.000	1	-1063.026	113.499	76	82	-1289.990	379.980	-94.000
641	187.272	0	front_left_wheel_hub_yaw_p30	0.000	0	-1058.868	37.116	76	81	-1289.990	300.000	-93.100
642	187.579	0	front_left_wheel_hub_yaw_p30	0.000	1	-1058.868	37.116	76	81	-1289.990	300.000	-93.100
643	187.859	0	front_left_wheel_hub_yaw_p30	0.000	1	-1058.868	37.116	76	81	-1289.990	300.000	-93.100
644	188.134	0	front_left_wheel_hub_yaw_p30	0.000	1	-1058.868	37.116	76	81	-1289.990	300.000	-93.100
645	188.408	0	front_left_wheel_hub_yaw_p30	0.000	0	-1048.947	-53.818	77	79	-1289.990	200.000	-90.900
646	188.712	0	front_left_wheel_hub_yaw_p30	0.000	1	-1048.947	-53.818	77	79	-1289.990	200.000	-90.900
647	189.007	0	front_left_wheel_hub_yaw_p30	0.000	1	-1048.947	-53.818	77	79	-1289.990	200.000	-90.900
648	189.289	0	front_left_wheel_hub_yaw_p30	0.000	0	-1039.808	-114.834	77	78	-1289.990	129.980	-88.800
649	189.612	0	front_left_wheel_hub_yaw_p30	0.000	0	-1039.808	-114.834	77	78	-1289.990	129.980	-88.800
650	189.887	0	front_left_wheel_hub_yaw_p30	0.000	0	-1039.808	-114.834	77	78	-1289.990	129.980	-88.800
651	190.214	0	front_left_wheel_hub_yaw_p30	0.000	0	-1020.634	-215.010	77	76	-1280.029	20.020	-86.600
652	190.513	0	front_left_wheel_hub_yaw_p30	0.000	0	-1020.634	-215.010	77	76	-1280.029	20.020	-86.600
653	190.802	0	front_left_wheel_hub_yaw_p30	0.000	0	-1020.634	-215.010	77	76	-1280.029	20.020	-86.600
654	191.073	0	front_left_wheel_hub_yaw_p30	0.000	0	-1020.634	-215.010	77	76	-1280.029	20.020	-86.600
655	191.351	0	front_left_wheel_hub_yaw_p30	0.000	0	-1004.163	-297.715	77	74	-1270.020	-70.020	-85.000
656	191.691	0	front_left_wheel_hub_yaw_p30	0.000	0	-1004.163	-297.715	77	74	-1270.020	-70.020	-85.000
657	192.034	0	front_left_wheel_hub_yaw_p30	0.000	0	-1004.163	-297.715	77	74	-1270.020	-70.020	-85.000
658	192.327	0	front_left_wheel_hub_yaw_p30	0.000	0	-990.220	-382.982	78	72	-1260.010	-159.961	-84.000
659	192.633	0	front_left_wheel_hub_yaw_p30	0.000	0	-990.220	-382.982	78	72	-1260.010	-159.961	-84.000
660	192.914	0	front_left_wheel_hub_yaw_p30	0.000	0	-990.220	-382.982	78	72	-1260.010	-159.961	-84.000
665	194.380	0	front_left_wheel_hub_yaw_p30	0.000	0	-929.754	-545.630	79	69	-1220.020	-350.000	-78.400
666	194.669	0	front_left_wheel_hub_yaw_p30	0.000	1	-929.754	-545.630	79	69	-1220.020	-350.000	-78.400
667	194.947	0	front_left_wheel_hub_yaw_p30	0.000	1	-929.754	-545.630	79	69	-1220.020	-350.000	-78.400
668	195.219	0	front_left_wheel_hub_yaw_p30	0.000	1	-928.047	-528.817	79	69	-1239.990	-370.020	-71.400
669	195.495	0	front_left_wheel_hub_yaw_p30	0.000	1	-928.047	-528.817	79	69	-1239.990	-370.020	-71.400
670	195.773	0	front_left_wheel_hub_yaw_p30	0.000	1	-928.047	-528.817	79	69	-1239.990	-370.020	-71.400
671	196.062	0	front_left_wheel_hub_yaw_p30	0.000	1	-928.047	-528.817	79	69	-1239.990	-370.020	-71.400
672	196.339	0	front_left_wheel_hub_yaw_p30	0.000	1	-949.208	-519.998	79	70	-1270.020	-379.980	-68.000
673	196.629	0	front_left_wheel_hub_yaw_p30	0.000	1	-949.208	-519.998	79	70	-1270.020	-379.980	-68.000
674	196.910	0	front_left_wheel_hub_yaw_p30	0.000	1	-949.208	-519.998	79	70	-1270.020	-379.980	-68.000
682	199.212	0	front_left_wheel_hub_yaw_p30	0.000	1	-960.952	-543.926	78	69	-1280.029	-400.000	-68.700
683	199.491	0	front_left_wheel_hub_yaw_p30	0.000	1	-960.952	-543.926	78	69	-1280.029	-400.000	-68.700
684	199.765	0	front_left_wheel_hub_yaw_p30	0.000	1	-960.952	-543.926	78	69	-1280.029	-400.000	-68.700
685	200.041	0	front_left_wheel_hub_yaw_p30	0.000	1	-961.204	-544.483	78	69	-1280.029	-400.000	-68.800
686	200.346	0	front_left_wheel_hub_yaw_p30	0.000	1	-961.204	-544.483	78	69	-1280.029	-400.000	-68.800
687	200.656	0	front_left_wheel_hub_yaw_p30	0.000	1	-961.204	-544.483	78	69	-1280.029	-400.000	-68.800
688	200.957	0	front_left_wheel_hub_yaw_p30	0.000	1	-961.204	-544.483	78	69	-1280.029	-400.000	-68.800
689	201.234	0	front_left_wheel_hub_yaw_p30	0.000	1	-960.701	-543.369	78	69	-1280.029	-400.000	-68.600
690	201.516	0	front_left_wheel_hub_yaw_p30	0.000	1	-960.701	-543.369	78	69	-1280.029	-400.000	-68.600
691	201.789	0	front_left_wheel_hub_yaw_p30	0.000	1	-960.701	-543.369	78	69	-1280.029	-400.000	-68.600
692	202.067	0	front_left_wheel_hub_yaw_p30	0.000	1	-959.462	-540.577	78	69	-1280.029	-400.000	-68.100
693	202.355	0	front_left_wheel_hub_yaw_p30	0.000	1	-959.462	-540.577	78	69	-1280.029	-400.000	-68.100
694	202.668	0	front_left_wheel_hub_yaw_p30	0.000	1	-959.462	-540.577	78	69	-1280.029	-400.000	-68.100
695	202.974	0	front_left_wheel_hub_yaw_p30	0.000	1	-959.462	-540.577	78	69	-1280.029	-400.000	-68.100
696	203.254	0	front_left_wheel_hub_yaw_p30	0.000	1	-957.531	-526.029	78	69	-1280.029	-389.942	-67.300
697	203.599	0	front_left_wheel_hub_yaw_p30	0.000	1	-957.531	-526.029	78	69	-1280.029	-389.942	-67.300
698	203.887	0	front_left_wheel_hub_yaw_p30	0.000	1	-957.531	-526.029	78	69	-1280.029	-389.942	-67.300
699	204.163	0	front_left_wheel_hub_yaw_p30	0.000	1	-954.978	-509.852	78	70	-1280.029	-379.980	-66.200
700	204.435	0	front_left_wheel_hub_yaw_p30	0.000	1	-954.978	-509.852	78	70	-1280.029	-379.980	-66.200
701	204.708	0	front_left_wheel_hub_yaw_p30	0.000	1	-954.978	-509.852	78	70	-1280.029	-379.980	-66.200
702	204.983	0	front_left_wheel_hub_yaw_p30	0.000	1	-954.978	-509.852	78	70	-1280.029	-379.980	-66.200
703	205.263	0	front_left_wheel_hub_yaw_p30	0.000	1	-952.329	-493.055	78	70	-1280.029	-370.020	-65.000
704	205.538	0	front_left_wheel_hub_yaw_p30	0.000	1	-952.329	-493.055	78	70	-1280.029	-370.020	-65.000
705	205.846	0	front_left_wheel_hub_yaw_p30	0.000	1	-952.329	-493.055	78	70	-1280.029	-370.020	-65.000
706	206.121	0	front_left_wheel_hub_yaw_p30	0.000	1	-959.182	-474.376	78	70	-1289.990	-359.961	-63.500
707	206.394	0	front_left_wheel_hub_yaw_p30	0.000	1	-959.182	-474.376	78	70	-1289.990	-359.961	-63.500
708	206.683	0	front_left_wheel_hub_yaw_p30	0.000	1	-959.182	-474.376	78	70	-1289.990	-359.961	-63.500
709	206.984	0	front_left_wheel_hub_yaw_p30	0.000	1	-959.182	-474.376	78	70	-1289.990	-359.961	-63.500
710	207.259	0	front_left_wheel_hub_yaw_p30	0.000	1	-959.583	-465.569	78	71	-1289.990	-350.000	-63.700
711	207.533	0	front_left_wheel_hub_yaw_p30	0.000	1	-959.583	-465.569	78	71	-1289.990	-350.000	-63.700
712	207.809	0	front_left_wheel_hub_yaw_p30	0.000	1	-959.583	-465.569	78	71	-1289.990	-350.000	-63.700
713	208.097	0	front_left_wheel_hub_yaw_p30	0.000	1	-959.583	-465.569	78	71	-1289.990	-350.000	-63.700
714	208.390	0	front_left_wheel_hub_yaw_p30	0.000	1	-971.239	-460.113	78	71	-1300.000	-339.942	-64.500
715	208.672	0	front_left_wheel_hub_yaw_p30	0.000	1	-971.239	-460.113	78	71	-1300.000	-339.942	-64.500
716	208.952	0	front_left_wheel_hub_yaw_p30	0.000	1	-971.239	-460.113	78	71	-1300.000	-339.942	-64.500
717	209.293	0	front_left_wheel_hub_yaw_p30	0.000	1	-972.515	-463.549	78	71	-1300.000	-339.942	-65.100
718	209.581	0	front_left_wheel_hub_yaw_p30	0.000	1	-972.515	-463.549	78	71	-1300.000	-339.942	-65.100
719	209.902	0	front_left_wheel_hub_yaw_p30	0.000	1	-972.515	-463.549	78	71	-1300.000	-339.942	-65.100
720	210.181	0	front_left_wheel_hub_yaw_p30	0.000	1	-972.949	-464.691	78	71	-1300.000	-339.942	-65.300
721	210.498	0	front_left_wheel_hub_yaw_p30	0.000	1	-972.949	-464.691	78	71	-1300.000	-339.942	-65.300
722	210.778	0	front_left_wheel_hub_yaw_p30	0.000	1	-972.949	-464.691	78	71	-1300.000	-339.942	-65.300
723	211.059	0	front_left_wheel_hub_yaw_p30	0.000	1	-972.731	-464.120	78	71	-1300.000	-339.942	-65.200
724	211.396	0	front_left_wheel_hub_yaw_p30	0.000	1	-972.731	-464.120	78	71	-1300.000	-339.942	-65.200
725	211.674	0	front_left_wheel_hub_yaw_p30	0.000	1	-972.731	-464.120	78	71	-1300.000	-339.942	-65.200
726	211.970	0	front_left_wheel_hub_yaw_p30	0.000	1	-972.731	-464.120	78	71	-1300.000	-339.942	-65.200
727	212.269	0	front_left_wheel_hub_yaw_p30	0.000	1	-972.086	-462.405	78	71	-1300.000	-339.942	-64.900
728	212.615	0	front_left_wheel_hub_yaw_p30	0.000	1	-972.086	-462.405	78	71	-1300.000	-339.942	-64.900
729	212.899	0	front_left_wheel_hub_yaw_p30	0.000	1	-972.086	-462.405	78	71	-1300.000	-339.942	-64.900
730	213.175	0	front_left_wheel_hub_yaw_p30	0.000	1	-960.398	-467.873	78	71	-1289.990	-350.000	-64.100
731	213.453	0	front_left_wheel_hub_yaw_p30	0.000	1	-960.398	-467.873	78	71	-1289.990	-350.000	-64.100
732	213.730	0	front_left_wheel_hub_yaw_p30	0.000	1	-960.398	-467.873	78	71	-1289.990	-350.000	-64.100
733	214.007	0	front_left_wheel_hub_yaw_p30	0.000	1	-960.398	-467.873	78	71	-1289.990	-350.000	-64.100
734	214.300	0	front_left_wheel_hub_yaw_p30	0.000	1	-958.391	-462.103	78	71	-1289.990	-350.000	-63.100
735	214.589	0	front_left_wheel_hub_yaw_p30	0.000	1	-958.391	-462.103	78	71	-1289.990	-350.000	-63.100
736	214.862	0	front_left_wheel_hub_yaw_p30	0.000	1	-958.391	-462.103	78	71	-1289.990	-350.000	-63.100
737	215.146	0	front_left_wheel_hub_yaw_p30	0.000	1	-945.790	-463.929	79	71	-1280.029	-359.961	-61.700
738	215.469	0	front_left_wheel_hub_yaw_p30	0.000	1	-945.790	-463.929	79	71	-1280.029	-359.961	-61.700
739	215.750	0	front_left_wheel_hub_yaw_p30	0.000	1	-945.790	-463.929	79	71	-1280.029	-359.961	-61.700
740	216.056	0	front_left_wheel_hub_yaw_p30	0.000	1	-945.790	-463.929	79	71	-1280.029	-359.961	-61.700
741	216.407	0	front_left_wheel_hub_yaw_p30	0.000	1	-933.173	-465.202	79	71	-1270.020	-370.020	-60.200
742	216.695	0	front_left_wheel_hub_yaw_p30	0.000	1	-933.173	-465.202	79	71	-1270.020	-370.020	-60.200
743	216.982	0	front_left_wheel_hub_yaw_p30	0.000	1	-933.173	-465.202	79	71	-1270.020	-370.020	-60.200
744	217.303	0	front_left_wheel_hub_yaw_p30	0.000	1	-920.340	-464.536	79	71	-1260.010	-379.980	-58.400
745	217.579	0	front_left_wheel_hub_yaw_p30	0.000	1	-920.340	-464.536	79	71	-1260.010	-379.980	-58.400
746	217.854	0	front_left_wheel_hub_yaw_p30	0.000	1	-920.340	-464.536	79	71	-1260.010	-379.980	-58.400
747	218.126	0	front_left_wheel_hub_yaw_p30	0.000	1	-920.340	-464.536	79	71	-1260.010	-379.980	-58.400
748	218.400	0	front_left_wheel_hub_yaw_p30	0.000	1	-907.335	-461.395	79	71	-1250.000	-389.942	-56.200
749	218.689	0	front_left_wheel_hub_yaw_p30	0.000	1	-907.335	-461.395	79	71	-1250.000	-389.942	-56.200
750	218.965	0	front_left_wheel_hub_yaw_p30	0.000	1	-907.335	-461.395	79	71	-1250.000	-389.942	-56.200
751	219.284	0	front_left_wheel_hub_yaw_p30	0.000	1	-884.574	-456.439	80	71	-1230.029	-400.000	-53.700
752	219.571	0	front_left_wheel_hub_yaw_p30	0.000	1	-884.574	-456.439	80	71	-1230.029	-400.000	-53.700
753	219.872	0	front_left_wheel_hub_yaw_p30	0.000	1	-884.574	-456.439	80	71	-1230.029	-400.000	-53.700
754	220.152	0	front_left_wheel_hub_yaw_p30	0.000	1	-884.574	-456.439	80	71	-1230.029	-400.000	-53.700
755	220.456	0	front_left_wheel_hub_yaw_p30	0.000	1	-883.554	-449.797	80	71	-1230.029	-400.000	-52.600
756	220.732	0	front_left_wheel_hub_yaw_p30	0.000	1	-883.554	-449.797	80	71	-1230.029	-400.000	-52.600
757	221.022	0	front_left_wheel_hub_yaw_p30	0.000	1	-883.554	-449.797	80	71	-1230.029	-400.000	-52.600
758	221.315	0	front_left_wheel_hub_yaw_p30	0.000	1	-883.467	-459.153	80	71	-1230.029	-409.961	-52.500
759	221.595	0	front_left_wheel_hub_yaw_p30	0.000	1	-883.467	-459.153	80	71	-1230.029	-409.961	-52.500
760	221.871	0	front_left_wheel_hub_yaw_p30	0.000	1	-883.467	-459.153	80	71	-1230.029	-409.961	-52.500
761	222.147	0	front_left_wheel_hub_yaw_p30	0.000	1	-883.467	-459.153	80	71	-1230.029	-409.961	-52.500
762	222.443	0	front_left_wheel_hub_yaw_p30	0.000	1	-883.382	-458.548	80	71	-1230.029	-409.961	-52.400
763	222.808	0	front_left_wheel_hub_yaw_p30	0.000	1	-883.382	-458.548	80	71	-1230.029	-409.961	-52.400
764	223.127	0	front_left_wheel_hub_yaw_p30	0.000	1	-883.382	-458.548	80	71	-1230.029	-409.961	-52.400
765	223.406	0	front_left_wheel_hub_yaw_p30	0.000	1	-883.382	-458.548	80	71	-1230.029	-409.961	-52.400
766	223.683	0	front_left_wheel_hub_yaw_p30	0.000	1	-883.382	-458.548	80	71	-1230.029	-409.961	-52.400
767	223.960	0	front_left_wheel_hub_yaw_p30	0.000	1	-883.382	-458.548	80	71	-1230.029	-409.961	-52.400
768	224.236	0	front_left_wheel_hub_yaw_p30	0.000	1	-883.298	-457.943	80	71	-1230.029	-409.961	-52.300
769	224.556	0	front_left_wheel_hub_yaw_p30	0.000	1	-883.298	-457.943	80	71	-1230.029	-409.961	-52.300
770	224.835	0	front_left_wheel_hub_yaw_p30	0.000	1	-883.298	-457.943	80	71	-1230.029	-409.961	-52.300
771	225.170	0	front_left_wheel_hub_yaw_p30	0.000	1	-883.298	-457.943	80	71	-1230.029	-409.961	-52.300
772	225.561	0	front_left_wheel_hub_yaw_p30	0.000	1	-883.298	-457.943	80	71	-1230.029	-409.961	-52.300
773	225.915	0	front_left_wheel_hub_yaw_p30	0.000	1	-883.298	-457.943	80	71	-1230.029	-409.961	-52.300
774	226.204	0	front_left_wheel_hub_yaw_p30	0.000	1	-883.215	-457.338	80	71	-1230.029	-409.961	-52.200
775	226.477	0	front_left_wheel_hub_yaw_p30	0.000	1	-883.215	-457.338	80	71	-1230.029	-409.961	-52.200
776	226.760	0	front_left_wheel_hub_yaw_p30	0.000	1	-883.215	-457.338	80	71	-1230.029	-409.961	-52.200
777	227.036	0	front_left_wheel_hub_yaw_p30	0.000	1	-883.215	-457.338	80	71	-1230.029	-409.961	-52.200
778	227.341	0	front_left_wheel_hub_yaw_p30	0.000	1	-883.215	-457.338	80	71	-1230.029	-409.961	-52.200
779	227.674	0	front_left_wheel_hub_yaw_p30	0.000	1	-883.215	-457.338	80	71	-1230.029	-409.961	-52.200
780	228.018	0	front_left_wheel_hub_yaw_p30	0.000	1	-883.215	-457.338	80	71	-1230.029	-409.961	-52.200
781	228.305	0	front_left_wheel_hub_yaw_p30	0.000	1	-883.215	-457.338	80	71	-1230.029	-409.961	-52.200
782	228.623	0	front_left_wheel_hub_yaw_p30	0.000	1	-883.215	-457.338	80	71	-1230.029	-409.961	-52.200
783	228.912	0	front_left_wheel_hub_yaw_p30	0.000	1	-883.215	-457.338	80	71	-1230.029	-409.961	-52.200
784	229.188	0	front_left_wheel_hub_yaw_p30	0.000	1	-893.259	-437.923	80	71	-1239.990	-389.942	-52.300
785	229.473	0	front_left_wheel_hub_yaw_p30	0.000	1	-893.259	-437.923	80	71	-1239.990	-389.942	-52.300
786	229.752	0	front_left_wheel_hub_yaw_p30	0.000	1	-893.259	-437.923	80	71	-1239.990	-389.942	-52.300
787	230.028	0	front_left_wheel_hub_yaw_p30	0.000	1	-893.259	-437.923	80	71	-1239.990	-389.942	-52.300
788	230.303	0	front_left_wheel_hub_yaw_p30	0.000	1	-912.952	-415.580	79	72	-1260.010	-370.020	-51.900
789	230.621	0	front_left_wheel_hub_yaw_p30	0.000	1	-912.952	-415.580	79	72	-1260.010	-370.020	-51.900
790	230.913	0	front_left_wheel_hub_yaw_p30	0.000	1	-912.952	-415.580	79	72	-1260.010	-370.020	-51.900
791	231.193	0	front_left_wheel_hub_yaw_p30	0.000	1	-932.513	-381.865	79	72	-1280.029	-339.942	-51.300
792	231.526	0	front_left_wheel_hub_yaw_p30	0.000	1	-932.513	-381.865	79	72	-1280.029	-339.942	-51.300
793	231.818	0	front_left_wheel_hub_yaw_p30	0.000	1	-932.513	-381.865	79	72	-1280.029	-339.942	-51.300
794	232.092	0	front_left_wheel_hub_yaw_p30	0.000	1	-932.513	-381.865	79	72	-1280.029	-339.942	-51.300
795	232.378	0	front_left_wheel_hub_yaw_p30	0.000	1	-962.718	-343.742	78	73	-1310.010	-300.000	-51.600
796	232.659	0	front_left_wheel_hub_yaw_p30	0.000	1	-962.718	-343.742	78	73	-1310.010	-300.000	-51.600
797	232.937	0	front_left_wheel_hub_yaw_p30	0.000	1	-962.718	-343.742	78	73	-1310.010	-300.000	-51.600
798	233.214	0	front_left_wheel_hub_yaw_p30	0.000	0	-1003.524	-299.797	77	74	-1350.000	-250.000	-52.600
799	233.508	0	front_left_wheel_hub_yaw_p30	0.000	0	-1003.524	-299.797	77	74	-1350.000	-250.000	-52.600
